# dR/dEr [1/keV/kg/Myr]
# Er [keV], S, F, Ne, Cl, Na, Si, O, P, N, C, Al, Mg, Be, B, Ar, Li
1.061009e+01  2.108004e-02  1.953442e-02  0.000000e+00  0.000000e+00  1.202316e-02  0.000000e+00  3.259852e-03  0.000000e+00  0.000000e+00  0.000000e+00  0.000000e+00  0.000000e+00  5.401626e-03  0.000000e+00  0.000000e+00  0.000000e+00
1.190472e+01  3.073387e-03  5.028951e-03  0.000000e+00  0.000000e+00  9.899986e-04  0.000000e+00  0.000000e+00  0.000000e+00  0.000000e+00  0.000000e+00  0.000000e+00  0.000000e+00  0.000000e+00  0.000000e+00  0.000000e+00  0.000000e+00
1.335731e+01  6.801432e-03  3.047355e-03  0.000000e+00  0.000000e+00  0.000000e+00  0.000000e+00  0.000000e+00  0.000000e+00  0.000000e+00  0.000000e+00  0.000000e+00  0.000000e+00  0.000000e+00  0.000000e+00  0.000000e+00  0.000000e+00
1.498715e+01  1.132304e-03  4.389798e-03  0.000000e+00  0.000000e+00  2.485766e-03  0.000000e+00  1.786827e-04  0.000000e+00  0.000000e+00  0.000000e+00  0.000000e+00  0.000000e+00  0.000000e+00  0.000000e+00  0.000000e+00  0.000000e+00
1.681586e+01  2.801521e-03  2.338031e-03  3.996830e-04  0.000000e+00  8.087578e-04  1.592511e-04  0.000000e+00  0.000000e+00  0.000000e+00  0.000000e+00  0.000000e+00  0.000000e+00  0.000000e+00  0.000000e+00  0.000000e+00  0.000000e+00
1.886771e+01  1.905400e-03  2.140613e-03  0.000000e+00  0.000000e+00  3.562178e-04  0.000000e+00  0.000000e+00  0.000000e+00  0.000000e+00  0.000000e+00  0.000000e+00  0.000000e+00  0.000000e+00  0.000000e+00  0.000000e+00  0.000000e+00
2.116992e+01  3.321666e-03  3.916473e-03  0.000000e+00  0.000000e+00  3.900664e-04  0.000000e+00  1.678163e-04  0.000000e+00  0.000000e+00  0.000000e+00  2.566086e-03  0.000000e+00  0.000000e+00  0.000000e+00  0.000000e+00  0.000000e+00
2.375304e+01  6.077304e-03  7.104343e-04  9.565415e-04  0.000000e+00  2.237604e-03  0.000000e+00  2.829539e-04  0.000000e+00  0.000000e+00  0.000000e+00  0.000000e+00  0.000000e+00  0.000000e+00  0.000000e+00  0.000000e+00  0.000000e+00
2.665135e+01  5.108876e-03  5.495249e-03  1.333012e-04  1.145666e-03  2.089446e-04  0.000000e+00  0.000000e+00  1.483465e-03  0.000000e+00  0.000000e+00  0.000000e+00  0.000000e+00  0.000000e+00  0.000000e+00  0.000000e+00  0.000000e+00
2.990330e+01  8.664783e-03  1.789170e-03  1.569707e-04  0.000000e+00  3.647774e-03  0.000000e+00  2.083583e-04  0.000000e+00  0.000000e+00  0.000000e+00  2.433641e-03  0.000000e+00  1.738568e-03  0.000000e+00  0.000000e+00  0.000000e+00
3.355206e+01  6.130244e-03  2.866238e-03  1.852942e-04  0.000000e+00  3.520002e-04  0.000000e+00  1.123590e-03  0.000000e+00  0.000000e+00  0.000000e+00  2.407583e-03  0.000000e+00  4.531811e-03  0.000000e+00  0.000000e+00  0.000000e+00
3.764603e+01  1.033266e-02  5.953098e-03  7.677923e-04  9.437004e-05  3.279155e-03  0.000000e+00  9.103639e-04  0.000000e+00  0.000000e+00  0.000000e+00  0.000000e+00  0.000000e+00  7.647669e-04  0.000000e+00  0.000000e+00  0.000000e+00
4.223954e+01  8.660030e-03  4.926967e-03  1.305962e-03  0.000000e+00  1.409662e-03  0.000000e+00  8.083972e-04  0.000000e+00  0.000000e+00  0.000000e+00  2.040099e-03  0.000000e+00  5.237773e-03  0.000000e+00  0.000000e+00  0.000000e+00
4.739354e+01  9.312300e-03  2.975180e-03  7.496079e-05  2.061390e-04  9.315005e-04  0.000000e+00  2.687887e-04  0.000000e+00  0.000000e+00  0.000000e+00  0.000000e+00  0.000000e+00  3.467537e-03  0.000000e+00  0.000000e+00  0.000000e+00
5.317643e+01  8.497150e-03  1.960855e-03  1.839774e-04  0.000000e+00  3.408396e-03  0.000000e+00  3.555066e-04  0.000000e+00  0.000000e+00  0.000000e+00  1.021577e-03  0.000000e+00  0.000000e+00  0.000000e+00  0.000000e+00  0.000000e+00
5.966493e+01  1.013042e-02  5.652307e-03  2.059781e-04  1.044265e-04  3.087874e-03  0.000000e+00  2.968680e-03  0.000000e+00  0.000000e+00  0.000000e+00  9.117747e-04  0.000000e+00  8.119371e-04  0.000000e+00  0.000000e+00  0.000000e+00
6.694516e+01  1.175238e-02  5.136429e-03  3.491238e-04  0.000000e+00  2.081041e-03  0.000000e+00  5.564937e-04  0.000000e+00  7.752800e-04  0.000000e+00  4.702620e-04  0.000000e+00  1.141099e-02  0.000000e+00  0.000000e+00  0.000000e+00
7.511370e+01  1.282756e-02  5.698855e-03  1.214346e-03  1.184197e-04  1.457168e-03  0.000000e+00  2.754714e-04  0.000000e+00  0.000000e+00  0.000000e+00  7.343965e-04  0.000000e+00  3.864478e+00  0.000000e+00  0.000000e+00  0.000000e+00
8.427896e+01  1.446799e-02  5.027746e-03  1.992549e-04  8.809944e-04  1.897994e-03  0.000000e+00  1.132541e-03  0.000000e+00  0.000000e+00  0.000000e+00  0.000000e+00  0.000000e+00  4.594063e+00  0.000000e+00  0.000000e+00  0.000000e+00
9.456255e+01  1.494130e-02  4.465659e-03  5.788710e-04  1.370806e-04  3.108691e-03  0.000000e+00  4.412788e-04  0.000000e+00  8.569431e-04  0.000000e+00  3.080868e-04  0.000000e+00  3.547462e+00  0.000000e+00  0.000000e+00  0.000000e+00
1.061009e+02  1.592196e-02  6.260594e-03  1.024047e-03  3.188230e-04  1.803607e-03  0.000000e+00  4.885040e-04  0.000000e+00  0.000000e+00  5.127286e-04  7.655370e-04  0.000000e+00  2.616223e+00  0.000000e+00  0.000000e+00  0.000000e+00
1.190472e+02  1.582119e-02  8.623527e-03  7.340331e-04  3.572471e-04  3.578550e-03  0.000000e+00  4.699490e-04  0.000000e+00  2.249482e-05  2.644478e-04  2.265099e+00  0.000000e+00  1.964498e+00  0.000000e+00  7.000795e-04  0.000000e+00
1.335731e+02  1.902229e-02  7.967379e-03  1.094179e-03  2.163933e-04  2.481027e-03  0.000000e+00  4.336006e-04  0.000000e+00  0.000000e+00  0.000000e+00  1.942726e+00  0.000000e+00  1.464771e+00  0.000000e+00  0.000000e+00  0.000000e+00
1.498715e+02  4.172978e-02  8.474992e-03  4.377001e-04  2.744115e-04  1.877855e-03  0.000000e+00  1.531869e-03  0.000000e+00  2.644096e-04  4.550044e-04  1.445866e+00  0.000000e+00  1.101740e+00  0.000000e+00  0.000000e+00  0.000000e+00
1.681586e+02  5.796886e-02  1.142950e-02  6.732234e-04  8.087578e-05  2.039193e-03  1.732500e-04  1.285793e-03  0.000000e+00  4.328388e-04  0.000000e+00  1.134795e+00  0.000000e+00  7.918351e-01  0.000000e+00  0.000000e+00  0.000000e+00
1.886771e+02  3.707967e-02  9.693610e-03  6.030788e-04  7.678874e-05  2.249873e-03  3.302257e-05  1.508149e-03  2.493687e-05  2.493687e-05  0.000000e+00  8.301548e-01  0.000000e+00  5.680866e-01  0.000000e+00  0.000000e+00  0.000000e+00
2.116992e+02  1.876264e-02  1.227582e-02  5.863510e-04  4.073314e-04  1.929727e-03  2.222501e-05  6.957506e-04  0.000000e+00  0.000000e+00  1.376173e-04  6.544864e-01  0.000000e+00  4.028876e-01  0.000000e+00  1.365349e-04  0.000000e+00
2.375304e+02  1.406367e-02  4.583411e-02  1.145601e-03  3.751087e-04  2.335431e-03  8.487328e-06  1.325954e-03  1.623375e-04  0.000000e+00  1.127412e-05  4.876665e-01  0.000000e+00  3.028042e-01  0.000000e+00  4.524299e-05  0.000000e+00
2.665135e+02  1.177357e-02  3.872209e-02  1.049663e-03  4.811889e-04  2.958379e-03  2.332715e-05  1.074692e-03  0.000000e+00  1.765395e-05  1.655815e-04  3.491577e-01  0.000000e+00  1.966711e-01  0.000000e+00  0.000000e+00  0.000000e+00
2.990330e+02  9.590925e-03  8.370200e-03  4.010485e-04  2.118182e-04  2.367284e-03  1.467047e-04  1.296893e-03  9.704171e-05  9.627844e-05  2.709892e-04  2.695466e-01  0.000000e+00  1.482834e-01  0.000000e+00  0.000000e+00  0.000000e+00
3.355206e+02  8.582291e-03  8.919709e-03  4.629126e-04  3.774930e-04  2.202754e-03  1.402303e-05  9.285933e-04  1.201714e-05  1.058849e-05  1.848331e-04  2.001980e-01  1.443851e-04  1.069388e-01  0.000000e+00  0.000000e+00  8.528988e-05
3.764603e+02  6.559917e-03  6.570057e-03  1.164149e-03  5.212847e-04  1.938261e-03  4.496811e-04  7.088489e-04  0.000000e+00  1.651436e-05  0.000000e+00  1.348443e-01  0.000000e+00  7.291978e-02  0.000000e+00  0.000000e+00  0.000000e+00
4.223954e+02  4.283611e-03  6.383364e-03  4.258099e-04  4.717231e-04  2.036296e-03  7.711101e-05  7.502178e-04  2.188175e-04  7.983916e-05  1.429611e-04  9.531705e-02  0.000000e+00  4.258504e-02  0.000000e+00  6.842956e-05  0.000000e+00
4.739354e+02  3.898288e-03  5.534220e-03  6.426240e-04  5.032591e-04  1.644279e-03  1.222817e-04  1.341739e-03  8.996571e-05  8.342136e-05  0.000000e+00  6.595889e-02  0.000000e+00  2.965207e-02  8.342136e-05  0.000000e+00  0.000000e+00
5.317643e+02  3.812021e-03  5.280786e-03  1.214749e-03  2.152835e-04  1.291020e-03  7.845088e-05  6.141212e-04  1.956612e-04  9.366934e-05  1.684250e-04  5.721148e-02  0.000000e+00  2.025418e-02  5.478645e-05  2.020930e-05  0.000000e+00
5.966493e+02  3.649332e-03  4.572650e-03  1.026393e-03  8.746521e-04  1.341741e-03  1.452226e-04  1.175739e-03  1.121981e-04  6.694648e-05  8.713480e-05  3.740454e-02  0.000000e+00  1.366107e-02  0.000000e+00  4.825353e-05  0.000000e+00
6.694516e+02  2.902852e-03  4.427820e-03  1.342865e-03  8.378216e-04  1.435472e-03  1.910350e-04  1.011666e-03  6.753824e-05  1.932629e-05  8.152821e-05  2.531816e-02  0.000000e+00  8.682880e-03  0.000000e+00  0.000000e+00  0.000000e+00
7.511370e+02  2.344743e-03  3.148244e-03  9.250328e-04  5.981462e-04  1.086199e-03  1.399672e-04  7.025148e-04  1.234379e-04  1.213670e-04  6.717838e-05  1.647093e-02  0.000000e+00  6.534453e-03  0.000000e+00  0.000000e+00  0.000000e+00
8.427896e+02  1.973901e-03  3.112412e-03  8.746932e-04  3.735841e-04  1.159719e-03  1.536756e-05  7.423303e-04  1.159205e-05  9.042904e-05  2.472341e-04  9.730022e-03  0.000000e+00  3.397593e-03  0.000000e+00  3.189647e-05  0.000000e+00
9.456255e+02  1.600367e-03  2.351143e-03  9.965659e-04  3.924985e-04  1.052674e-03  9.861535e-05  7.246832e-04  9.428549e-05  0.000000e+00  2.090642e-04  7.902799e-03  3.228926e-05  2.362520e-03  0.000000e+00  0.000000e+00  0.000000e+00
1.061009e+03  1.520972e-03  1.720739e-03  1.037177e-03  7.348587e-04  9.612863e-04  6.718277e-05  6.898832e-04  6.960775e-05  1.592287e-04  9.591330e-05  5.695654e-03  0.000000e+00  1.274425e-03  7.769469e-05  4.565858e-05  0.000000e+00
1.190472e+03  1.168727e-03  1.389552e-03  8.866293e-04  7.068324e-04  4.843294e-04  5.864774e-05  4.660614e-04  2.353428e-04  5.325467e-05  3.276717e-04  3.650621e-03  0.000000e+00  6.650662e-04  0.000000e+00  0.000000e+00  0.000000e+00
1.335731e+03  1.104667e-03  1.520279e-03  8.363944e-04  5.483776e-04  3.931481e-04  1.527612e-04  3.949323e-04  1.111179e-04  2.032617e-04  1.228760e-04  2.073567e-03  0.000000e+00  4.434830e-04  2.012531e-05  0.000000e+00  0.000000e+00
1.498715e+03  5.697341e-04  1.255233e-03  7.448935e-04  6.456028e-04  6.723670e-04  3.328506e-04  5.569530e-04  1.915840e-04  2.087974e-04  1.683563e-04  9.041900e-04  2.286731e-05  3.380017e-04  0.000000e+00  0.000000e+00  4.848152e-05
1.681586e+03  4.676066e-04  1.068927e-03  6.385100e-04  4.665340e-04  4.640632e-04  1.306329e-04  3.302330e-04  1.934918e-04  1.213965e-04  1.011821e-04  9.975599e-04  0.000000e+00  1.935604e-04  3.877967e-05  0.000000e+00  1.701757e-05
1.886771e+03  5.670504e-04  9.250178e-04  6.693305e-04  4.563683e-04  5.107947e-04  1.716961e-04  2.804560e-04  1.555121e-04  8.050052e-05  1.740374e-04  4.713285e-04  2.943737e-05  3.295048e-06  8.206300e-05  1.518779e-05  0.000000e+00
2.116992e+03  2.968031e-04  7.330905e-04  3.911078e-04  3.749292e-04  3.353447e-04  9.139742e-05  2.802550e-04  1.617209e-04  9.317929e-05  1.164963e-04  3.101753e-04  2.661315e-05  1.216656e-04  1.365349e-05  0.000000e+00  1.365349e-05
2.375304e+03  2.902931e-04  4.482476e-04  4.770504e-04  5.807205e-04  3.047359e-04  2.118860e-04  2.310328e-04  1.101603e-04  3.007037e-05  1.153400e-04  3.291252e-04  1.221683e-05  0.000000e+00  2.287026e-05  0.000000e+00  3.516790e-05
2.665135e+03  1.672756e-04  4.210909e-04  3.460861e-04  5.879314e-04  2.178693e-04  8.936075e-05  1.936762e-04  1.564491e-04  6.714758e-05  8.227547e-05  2.269669e-04  4.345374e-05  5.656244e-05  1.950705e-05  0.000000e+00  2.467168e-05
2.990330e+03  1.376152e-04  3.206736e-04  3.078265e-04  3.695996e-04  1.632694e-04  1.650811e-04  1.376511e-04  1.641799e-04  1.511088e-04  1.312002e-04  1.506499e-04  5.390642e-05  0.000000e+00  2.701352e-05  0.000000e+00  3.491317e-05
3.355206e+03  8.178514e-05  3.358793e-04  3.218826e-04  4.900957e-04  9.345784e-05  1.812783e-04  5.353847e-05  1.630143e-04  8.549509e-05  1.048479e-04  8.275998e-05  2.985028e-05  5.675849e-06  2.168984e-05  0.000000e+00  1.729784e-05
3.764603e+03  5.882327e-05  1.935544e-04  3.122140e-04  3.208633e-04  6.809487e-05  1.997988e-04  3.660350e-05  8.327401e-05  1.236277e-04  1.170143e-04  1.229073e-04  3.484031e-05  7.738792e-06  2.175799e-05  0.000000e+00  6.183642e-05
4.223954e+03  4.003089e-05  6.677602e-05  1.441555e-04  2.576390e-04  5.846185e-05  8.148659e-05  6.228372e-05  1.428877e-04  8.754905e-05  1.286959e-04  5.878906e-05  6.428511e-05  0.000000e+00  3.232596e-05  0.000000e+00  5.596753e-05
4.739354e+03  1.163940e-05  1.260225e-04  1.574909e-04  2.929503e-04  4.466794e-05  1.447189e-04  2.230767e-05  9.018121e-05  6.442358e-05  6.192357e-05  4.724431e-05  2.243522e-05  6.046367e-06  1.472621e-05  0.000000e+00  4.600698e-05
5.317643e+03  1.188090e-05  1.100372e-04  1.453452e-04  1.684539e-04  3.573874e-05  1.405639e-04  2.220557e-05  1.049934e-04  5.101613e-05  1.023870e-04  7.193256e-05  3.483221e-05  0.000000e+00  3.348139e-05  0.000000e+00  2.815307e-05
5.966493e+03  2.713948e-05  5.837070e-05  1.032994e-04  1.698040e-04  2.384358e-05  7.877735e-05  4.273752e-05  7.402978e-05  5.506830e-05  6.464159e-05  7.352654e-06  2.875587e-05  0.000000e+00  1.392055e-05  0.000000e+00  1.739661e-05
6.694516e+03  4.334694e-06  6.074204e-05  7.174120e-05  1.047942e-04  2.396929e-05  1.586487e-04  2.470895e-05  9.000224e-05  5.710688e-05  4.957772e-05  4.608159e-05  1.184095e-05  0.000000e+00  1.684938e-05  0.000000e+00  4.274620e-06
7.511370e+03  1.101207e-05  5.081156e-05  5.822631e-05  6.857928e-05  9.419263e-06  1.138301e-04  1.937125e-05  8.788874e-05  4.848774e-06  4.439232e-05  2.494601e-05  1.764915e-05  0.000000e+00  1.227413e-05  0.000000e+00  3.584670e-05
8.427896e+03  6.454871e-06  4.337291e-05  2.439317e-05  7.156443e-05  1.166015e-05  1.101095e-04  1.438951e-05  7.550333e-05  1.439926e-05  2.501397e-05  7.470848e-06  3.380533e-05  0.000000e+00  7.039002e-06  0.000000e+00  3.886276e-05
9.456255e+03  0.000000e+00  1.458860e-05  2.514655e-05  8.185898e-05  8.147337e-06  6.963448e-05  3.056636e-06  4.423218e-05  2.564288e-05  1.271124e-05  3.787172e-05  5.040987e-05  0.000000e+00  1.570750e-05  0.000000e+00  7.695847e-06
1.061009e+04  0.000000e+00  2.862633e-05  1.148321e-05  4.785278e-05  7.844244e-06  5.281501e-05  2.608152e-05  2.209364e-05  9.572426e-06  2.989550e-05  2.362038e-05  6.399822e-06  0.000000e+00  2.735007e-06  0.000000e+00  2.522953e-05
1.190472e+04  0.000000e+00  7.272652e-06  2.403795e-06  3.164904e-05  0.000000e+00  3.368805e-05  2.447221e-06  1.490356e-05  4.875155e-06  2.282728e-05  1.715344e-05  4.355772e-06  0.000000e+00  8.719440e-06  0.000000e+00  2.484806e-05
1.335731e+04  0.000000e+00  1.420641e-05  8.299465e-06  3.011011e-05  0.000000e+00  2.213072e-05  2.155406e-06  1.007390e-05  5.465398e-06  1.023011e-05  1.535931e-05  1.289899e-05  0.000000e+00  0.000000e+00  0.000000e+00  1.887098e-05
1.498715e+04  0.000000e+00  4.374040e-06  2.286731e-06  1.315257e-05  0.000000e+00  1.838809e-05  0.000000e+00  7.632795e-06  3.232380e-06  5.541870e-06  3.857214e-06  3.536601e-06  0.000000e+00  3.864844e-06  0.000000e+00  1.524928e-05
1.681586e+04  0.000000e+00  5.891860e-06  1.725673e-06  8.365581e-06  0.000000e+00  2.384182e-05  1.732500e-06  6.800285e-06  0.000000e+00  2.038051e-06  1.815758e-06  3.413856e-06  0.000000e+00  1.610393e-05  0.000000e+00  1.426166e-05
1.886771e+04  0.000000e+00  5.921798e-06  0.000000e+00  5.165452e-06  0.000000e+00  1.326094e-05  0.000000e+00  6.676517e-06  0.000000e+00  0.000000e+00  7.285348e-06  5.449872e-06  0.000000e+00  7.365905e-06  0.000000e+00  2.058288e-05
2.116992e+04  0.000000e+00  1.376173e-06  0.000000e+00  6.816401e-06  0.000000e+00  2.736143e-06  0.000000e+00  2.569730e-06  0.000000e+00  0.000000e+00  0.000000e+00  1.867572e-06  0.000000e+00  7.536589e-06  0.000000e+00  2.569730e-06
2.375304e+04  0.000000e+00  0.000000e+00  0.000000e+00  1.226516e-06  0.000000e+00  5.349252e-06  1.204752e-06  1.846903e-06  0.000000e+00  2.039494e-06  2.188727e-06  2.443366e-06  0.000000e+00  0.000000e+00  0.000000e+00  7.810486e-06
2.665135e+04  0.000000e+00  1.073736e-06  0.000000e+00  2.455396e-06  0.000000e+00  0.000000e+00  0.000000e+00  0.000000e+00  0.000000e+00  1.075213e-06  0.000000e+00  0.000000e+00  0.000000e+00  0.000000e+00  0.000000e+00  1.073736e-06
2.990330e+04  0.000000e+00  0.000000e+00  0.000000e+00  1.735636e-06  0.000000e+00  0.000000e+00  0.000000e+00  0.000000e+00  0.000000e+00  0.000000e+00  0.000000e+00  3.202683e-06  0.000000e+00  3.205615e-06  0.000000e+00  3.789394e-06
3.355206e+04  0.000000e+00  0.000000e+00  0.000000e+00  0.000000e+00  0.000000e+00  0.000000e+00  0.000000e+00  0.000000e+00  0.000000e+00  0.000000e+00  0.000000e+00  8.614771e-07  0.000000e+00  3.202958e-07  0.000000e+00  1.708144e-06
3.764603e+04  0.000000e+00  0.000000e+00  0.000000e+00  9.103639e-07  0.000000e+00  0.000000e+00  0.000000e+00  0.000000e+00  0.000000e+00  0.000000e+00  0.000000e+00  1.378665e-06  0.000000e+00  9.103639e-07  0.000000e+00  7.738792e-07
4.223954e+04  0.000000e+00  0.000000e+00  0.000000e+00  7.228664e-07  0.000000e+00  0.000000e+00  0.000000e+00  2.031404e-06  0.000000e+00  0.000000e+00  0.000000e+00  2.727101e-06  0.000000e+00  0.000000e+00  0.000000e+00  0.000000e+00
4.739354e+04  0.000000e+00  0.000000e+00  0.000000e+00  0.000000e+00  0.000000e+00  0.000000e+00  0.000000e+00  6.147141e-07  0.000000e+00  0.000000e+00  0.000000e+00  1.258969e-06  0.000000e+00  1.095112e-06  0.000000e+00  0.000000e+00
5.317643e+04  0.000000e+00  0.000000e+00  0.000000e+00  0.000000e+00  0.000000e+00  0.000000e+00  0.000000e+00  0.000000e+00  0.000000e+00  0.000000e+00  0.000000e+00  0.000000e+00  0.000000e+00  0.000000e+00  0.000000e+00  0.000000e+00
5.966493e+04  0.000000e+00  0.000000e+00  0.000000e+00  0.000000e+00  0.000000e+00  0.000000e+00  0.000000e+00  0.000000e+00  0.000000e+00  0.000000e+00  0.000000e+00  0.000000e+00  0.000000e+00  0.000000e+00  0.000000e+00  0.000000e+00
6.694516e+04  0.000000e+00  0.000000e+00  0.000000e+00  0.000000e+00  0.000000e+00  0.000000e+00  0.000000e+00  0.000000e+00  0.000000e+00  0.000000e+00  0.000000e+00  0.000000e+00  0.000000e+00  0.000000e+00  0.000000e+00  1.090490e-06
7.511370e+04  0.000000e+00  0.000000e+00  0.000000e+00  0.000000e+00  0.000000e+00  0.000000e+00  0.000000e+00  0.000000e+00  0.000000e+00  0.000000e+00  0.000000e+00  0.000000e+00  0.000000e+00  0.000000e+00  0.000000e+00  4.848774e-07
8.427896e+04  0.000000e+00  0.000000e+00  0.000000e+00  0.000000e+00  0.000000e+00  0.000000e+00  0.000000e+00  0.000000e+00  0.000000e+00  0.000000e+00  0.000000e+00  0.000000e+00  0.000000e+00  0.000000e+00  0.000000e+00  0.000000e+00
9.456255e+04  0.000000e+00  0.000000e+00  0.000000e+00  0.000000e+00  0.000000e+00  0.000000e+00  0.000000e+00  0.000000e+00  0.000000e+00  0.000000e+00  0.000000e+00  0.000000e+00  0.000000e+00  0.000000e+00  0.000000e+00  0.000000e+00
1.061009e+05  0.000000e+00  0.000000e+00  0.000000e+00  0.000000e+00  0.000000e+00  0.000000e+00  0.000000e+00  0.000000e+00  0.000000e+00  0.000000e+00  0.000000e+00  0.000000e+00  0.000000e+00  0.000000e+00  0.000000e+00  0.000000e+00
1.190472e+05  0.000000e+00  0.000000e+00  0.000000e+00  0.000000e+00  0.000000e+00  0.000000e+00  0.000000e+00  0.000000e+00  0.000000e+00  0.000000e+00  0.000000e+00  0.000000e+00  0.000000e+00  0.000000e+00  0.000000e+00  0.000000e+00
1.335731e+05  0.000000e+00  0.000000e+00  0.000000e+00  0.000000e+00  0.000000e+00  0.000000e+00  0.000000e+00  0.000000e+00  0.000000e+00  0.000000e+00  0.000000e+00  0.000000e+00  0.000000e+00  0.000000e+00  0.000000e+00  0.000000e+00
1.498715e+05  0.000000e+00  0.000000e+00  0.000000e+00  0.000000e+00  0.000000e+00  0.000000e+00  0.000000e+00  0.000000e+00  0.000000e+00  0.000000e+00  0.000000e+00  0.000000e+00  0.000000e+00  0.000000e+00  0.000000e+00  0.000000e+00
1.681586e+05  0.000000e+00  0.000000e+00  0.000000e+00  0.000000e+00  0.000000e+00  0.000000e+00  0.000000e+00  0.000000e+00  0.000000e+00  0.000000e+00  0.000000e+00  0.000000e+00  0.000000e+00  0.000000e+00  0.000000e+00  0.000000e+00
1.886771e+05  0.000000e+00  0.000000e+00  0.000000e+00  0.000000e+00  0.000000e+00  0.000000e+00  0.000000e+00  0.000000e+00  0.000000e+00  0.000000e+00  0.000000e+00  0.000000e+00  0.000000e+00  0.000000e+00  0.000000e+00  0.000000e+00
2.116992e+05  0.000000e+00  0.000000e+00  0.000000e+00  0.000000e+00  0.000000e+00  0.000000e+00  0.000000e+00  0.000000e+00  0.000000e+00  0.000000e+00  0.000000e+00  0.000000e+00  0.000000e+00  0.000000e+00  0.000000e+00  0.000000e+00
2.375304e+05  0.000000e+00  0.000000e+00  0.000000e+00  0.000000e+00  0.000000e+00  0.000000e+00  0.000000e+00  0.000000e+00  0.000000e+00  0.000000e+00  0.000000e+00  0.000000e+00  0.000000e+00  0.000000e+00  0.000000e+00  0.000000e+00
2.665135e+05  0.000000e+00  0.000000e+00  0.000000e+00  0.000000e+00  0.000000e+00  0.000000e+00  0.000000e+00  0.000000e+00  0.000000e+00  0.000000e+00  0.000000e+00  0.000000e+00  0.000000e+00  0.000000e+00  0.000000e+00  0.000000e+00
2.990330e+05  0.000000e+00  0.000000e+00  0.000000e+00  0.000000e+00  0.000000e+00  0.000000e+00  0.000000e+00  0.000000e+00  0.000000e+00  0.000000e+00  0.000000e+00  0.000000e+00  0.000000e+00  0.000000e+00  0.000000e+00  0.000000e+00
3.355206e+05  0.000000e+00  0.000000e+00  0.000000e+00  0.000000e+00  0.000000e+00  0.000000e+00  0.000000e+00  0.000000e+00  0.000000e+00  0.000000e+00  0.000000e+00  0.000000e+00  0.000000e+00  0.000000e+00  0.000000e+00  0.000000e+00
3.764603e+05  0.000000e+00  0.000000e+00  0.000000e+00  0.000000e+00  0.000000e+00  0.000000e+00  0.000000e+00  0.000000e+00  0.000000e+00  0.000000e+00  0.000000e+00  0.000000e+00  0.000000e+00  0.000000e+00  0.000000e+00  0.000000e+00
4.223954e+05  0.000000e+00  0.000000e+00  0.000000e+00  0.000000e+00  0.000000e+00  0.000000e+00  0.000000e+00  0.000000e+00  0.000000e+00  0.000000e+00  0.000000e+00  0.000000e+00  0.000000e+00  0.000000e+00  0.000000e+00  0.000000e+00
4.739354e+05  0.000000e+00  0.000000e+00  0.000000e+00  0.000000e+00  0.000000e+00  0.000000e+00  0.000000e+00  0.000000e+00  0.000000e+00  0.000000e+00  0.000000e+00  0.000000e+00  0.000000e+00  0.000000e+00  0.000000e+00  0.000000e+00
5.317643e+05  0.000000e+00  0.000000e+00  0.000000e+00  0.000000e+00  0.000000e+00  0.000000e+00  0.000000e+00  0.000000e+00  0.000000e+00  0.000000e+00  0.000000e+00  0.000000e+00  0.000000e+00  0.000000e+00  0.000000e+00  0.000000e+00
5.966493e+05  0.000000e+00  0.000000e+00  0.000000e+00  0.000000e+00  0.000000e+00  0.000000e+00  0.000000e+00  0.000000e+00  0.000000e+00  0.000000e+00  0.000000e+00  0.000000e+00  0.000000e+00  0.000000e+00  0.000000e+00  0.000000e+00
6.694516e+05  0.000000e+00  0.000000e+00  0.000000e+00  0.000000e+00  0.000000e+00  0.000000e+00  0.000000e+00  0.000000e+00  0.000000e+00  0.000000e+00  0.000000e+00  0.000000e+00  0.000000e+00  0.000000e+00  0.000000e+00  0.000000e+00
7.511370e+05  0.000000e+00  0.000000e+00  0.000000e+00  0.000000e+00  0.000000e+00  0.000000e+00  0.000000e+00  0.000000e+00  0.000000e+00  0.000000e+00  0.000000e+00  0.000000e+00  0.000000e+00  0.000000e+00  0.000000e+00  0.000000e+00
8.427896e+05  0.000000e+00  0.000000e+00  0.000000e+00  0.000000e+00  0.000000e+00  0.000000e+00  0.000000e+00  0.000000e+00  0.000000e+00  0.000000e+00  0.000000e+00  0.000000e+00  0.000000e+00  0.000000e+00  0.000000e+00  0.000000e+00
9.456255e+05  0.000000e+00  0.000000e+00  0.000000e+00  0.000000e+00  0.000000e+00  0.000000e+00  0.000000e+00  0.000000e+00  0.000000e+00  0.000000e+00  0.000000e+00  0.000000e+00  0.000000e+00  0.000000e+00  0.000000e+00  0.000000e+00
