# dR/dEr [1/keV/kg/Myr]
# Er [keV], S, F, Ne, Cl, Na, Si, O, P, N, C, Al, Mg, Be, B, Ar, Li
1.061009e+01  1.132114e-01  1.087891e-01  0.000000e+00  0.000000e+00  7.747756e-02  0.000000e+00  6.517712e-03  0.000000e+00  0.000000e+00  0.000000e+00  0.000000e+00  0.000000e+00  1.034407e-02  0.000000e+00  0.000000e+00  0.000000e+00
1.190472e+01  2.722173e-02  3.087663e-02  0.000000e+00  0.000000e+00  8.759678e-03  0.000000e+00  0.000000e+00  0.000000e+00  0.000000e+00  0.000000e+00  0.000000e+00  0.000000e+00  0.000000e+00  0.000000e+00  0.000000e+00  0.000000e+00
1.335731e+01  4.185283e-02  1.371120e-02  0.000000e+00  0.000000e+00  0.000000e+00  0.000000e+00  0.000000e+00  0.000000e+00  0.000000e+00  0.000000e+00  0.000000e+00  0.000000e+00  0.000000e+00  0.000000e+00  0.000000e+00  0.000000e+00
1.498715e+01  1.002985e-02  3.066177e-02  0.000000e+00  0.000000e+00  1.086839e-02  0.000000e+00  1.589927e-03  0.000000e+00  0.000000e+00  0.000000e+00  0.000000e+00  0.000000e+00  0.000000e+00  0.000000e+00  0.000000e+00  0.000000e+00
1.681586e+01  2.481608e-02  1.928981e-02  3.544364e-03  0.000000e+00  7.150030e-03  1.417024e-03  0.000000e+00  0.000000e+00  0.000000e+00  0.000000e+00  0.000000e+00  0.000000e+00  0.000000e+00  0.000000e+00  0.000000e+00  0.000000e+00
1.886771e+01  1.688755e-02  1.811939e-02  0.000000e+00  0.000000e+00  3.158918e-03  0.000000e+00  0.000000e+00  0.000000e+00  0.000000e+00  0.000000e+00  0.000000e+00  0.000000e+00  0.000000e+00  0.000000e+00  0.000000e+00  0.000000e+00
2.116992e+01  2.000261e-02  2.882114e-02  0.000000e+00  0.000000e+00  3.456117e-03  0.000000e+00  1.489629e-03  0.000000e+00  0.000000e+00  0.000000e+00  1.441864e-02  0.000000e+00  0.000000e+00  0.000000e+00  0.000000e+00  0.000000e+00
2.375304e+01  3.631555e-02  6.288921e-03  7.807207e-03  0.000000e+00  1.726845e-02  0.000000e+00  2.509218e-03  0.000000e+00  0.000000e+00  0.000000e+00  0.000000e+00  0.000000e+00  0.000000e+00  0.000000e+00  0.000000e+00  0.000000e+00
2.665135e+01  3.913761e-02  3.370614e-02  1.183254e-03  3.875404e-03  1.857560e-03  0.000000e+00  0.000000e+00  1.085707e-02  0.000000e+00  0.000000e+00  0.000000e+00  0.000000e+00  0.000000e+00  0.000000e+00  0.000000e+00  0.000000e+00
2.990330e+01  3.903297e-02  1.568245e-02  1.397827e-03  0.000000e+00  2.074297e-02  0.000000e+00  1.851427e-03  0.000000e+00  0.000000e+00  0.000000e+00  7.750240e-03  0.000000e+00  1.127902e-02  0.000000e+00  0.000000e+00  0.000000e+00
3.355206e+01  4.864277e-02  1.756437e-02  1.632539e-03  0.000000e+00  3.120554e-03  0.000000e+00  8.944723e-03  0.000000e+00  0.000000e+00  0.000000e+00  1.121501e-02  0.000000e+00  2.409671e-02  0.000000e+00  0.000000e+00  0.000000e+00
3.764603e+01  6.894801e-02  3.540608e-02  7.353604e-04  8.376797e-04  1.903115e-02  0.000000e+00  3.681960e-03  0.000000e+00  0.000000e+00  0.000000e+00  0.000000e+00  0.000000e+00  1.036148e-03  0.000000e+00  0.000000e+00  0.000000e+00
4.223954e+01  5.987557e-02  2.888608e-02  7.716637e-03  0.000000e+00  1.209821e-02  0.000000e+00  2.051723e-03  0.000000e+00  0.000000e+00  0.000000e+00  9.824354e-03  0.000000e+00  2.498388e-02  0.000000e+00  0.000000e+00  0.000000e+00
4.739354e+01  6.798054e-02  2.564723e-02  6.653926e-04  1.821142e-03  4.728648e-03  0.000000e+00  2.386735e-03  0.000000e+00  0.000000e+00  0.000000e+00  0.000000e+00  0.000000e+00  1.898216e-02  0.000000e+00  0.000000e+00  0.000000e+00
5.317643e+01  6.742731e-02  1.277523e-02  1.634166e-03  0.000000e+00  2.046705e-02  0.000000e+00  3.158183e-03  0.000000e+00  0.000000e+00  0.000000e+00  5.740166e-03  0.000000e+00  0.000000e+00  0.000000e+00  0.000000e+00  0.000000e+00
5.966493e+01  7.574819e-02  3.663013e-02  1.828679e-03  9.279118e-04  1.541436e-02  0.000000e+00  1.275374e-02  0.000000e+00  0.000000e+00  0.000000e+00  5.648884e-03  0.000000e+00  4.043806e-03  0.000000e+00  0.000000e+00  0.000000e+00
6.694516e+01  9.110935e-02  3.227821e-02  3.096599e-03  0.000000e+00  1.124324e-02  0.000000e+00  2.433130e-03  0.000000e+00  4.128230e-03  0.000000e+00  3.664773e-03  0.000000e+00  6.679744e-02  0.000000e+00  0.000000e+00  0.000000e+00
7.511370e+01  9.703753e-02  3.775659e-02  6.825987e-03  1.046461e-03  9.047485e-03  0.000000e+00  2.432523e-03  0.000000e+00  0.000000e+00  0.000000e+00  4.339384e-03  0.000000e+00  2.107982e+01  0.000000e+00  0.000000e+00  0.000000e+00
8.427896e+01  1.157504e-01  3.666311e-02  1.764612e-03  5.624208e-03  1.046015e-02  0.000000e+00  8.487852e-03  0.000000e+00  0.000000e+00  0.000000e+00  0.000000e+00  0.000000e+00  2.514745e+01  0.000000e+00  0.000000e+00  0.000000e+00
9.456255e+01  1.125452e-01  2.991935e-02  4.631716e-03  1.213970e-03  1.920778e-02  0.000000e+00  1.622032e-03  0.000000e+00  3.070017e-03  0.000000e+00  1.474541e-04  0.000000e+00  1.935910e+01  0.000000e+00  0.000000e+00  0.000000e+00
1.061009e+02  1.232335e-01  4.445371e-02  5.861293e-03  5.253797e-04  1.384220e-02  0.000000e+00  2.660928e-03  0.000000e+00  0.000000e+00  3.176601e-03  3.874830e-03  0.000000e+00  1.434970e+01  0.000000e+00  0.000000e+00  0.000000e+00
1.190472e+02  1.305523e-01  5.598853e-02  4.563677e-03  1.778932e-03  2.402024e-02  0.000000e+00  2.405626e-03  0.000000e+00  2.001600e-04  2.060853e-03  1.235391e+01  0.000000e+00  1.074203e+01  0.000000e+00  2.729074e-03  0.000000e+00
1.335731e+02  1.519640e-01  5.446288e-02  6.585118e-03  2.072527e-04  1.613858e-02  0.000000e+00  2.189995e-03  0.000000e+00  0.000000e+00  0.000000e+00  1.052516e+01  0.000000e+00  8.031746e+00  0.000000e+00  0.000000e+00  0.000000e+00
1.498715e+02  3.506318e-01  6.352151e-02  2.354225e-03  9.033107e-04  7.676371e-03  0.000000e+00  1.044181e-02  0.000000e+00  1.242852e-03  2.296842e-03  7.900381e+00  0.000000e+00  6.033640e+00  0.000000e+00  0.000000e+00  0.000000e+00
1.681586e+02  4.932679e-01  7.362198e-02  4.325250e-03  7.150030e-04  1.169932e-02  8.291952e-05  8.089299e-03  0.000000e+00  2.179850e-03  0.000000e+00  6.167136e+00  0.000000e+00  4.359244e+00  0.000000e+00  0.000000e+00  0.000000e+00
1.886771e+02  3.038021e-01  7.022517e-02  3.865234e-03  6.812141e-04  1.650627e-02  2.934315e-04  8.976308e-03  2.206436e-04  2.206436e-04  0.000000e+00  4.439987e+00  0.000000e+00  3.096693e+00  0.000000e+00  0.000000e+00  0.000000e+00
2.116992e+02  1.424291e-01  9.455990e-02  4.255051e-03  3.130793e-03  1.108597e-02  1.966488e-04  4.554337e-03  0.000000e+00  0.000000e+00  6.586531e-05  3.578791e+00  0.000000e+00  2.199077e+00  0.000000e+00  1.307676e-04  0.000000e+00
2.375304e+02  1.049487e-01  3.880485e-01  6.041394e-03  2.552682e-03  1.393773e-02  7.565833e-05  8.665633e-03  5.275840e-04  0.000000e+00  1.003176e-04  2.661892e+00  0.000000e+00  1.667270e+00  0.000000e+00  3.934517e-04  0.000000e+00
2.665135e+02  8.901691e-02  3.270619e-01  5.704461e-03  2.916670e-03  1.941912e-02  2.055245e-04  5.854054e-03  0.000000e+00  1.562037e-04  1.169490e-03  1.901731e+00  0.000000e+00  1.092155e+00  0.000000e+00  0.000000e+00  0.000000e+00
2.990330e+02  6.442872e-02  5.974014e-02  2.980475e-03  1.323767e-03  1.490777e-02  6.824476e-04  8.606817e-03  6.570199e-05  1.304434e-04  9.708247e-04  1.478356e+00  0.000000e+00  7.983251e-01  0.000000e+00  0.000000e+00  0.000000e+00
3.355206e+02  5.926820e-02  5.871323e-02  3.725680e-03  2.223137e-03  1.386763e-02  1.240770e-04  5.492947e-03  1.071240e-04  9.398921e-05  1.039053e-03  1.093011e+00  7.191017e-04  5.844411e-01  0.000000e+00  0.000000e+00  2.266791e-04
3.764603e+02  4.123797e-02  4.261558e-02  6.540230e-03  3.023148e-03  1.336490e-02  2.016745e-03  4.682074e-03  0.000000e+00  1.455002e-04  0.000000e+00  7.073725e-01  0.000000e+00  4.072365e-01  0.000000e+00  0.000000e+00  0.000000e+00
4.223954e+02  2.672290e-02  4.228992e-02  2.845097e-03  2.531210e-03  1.345989e-02  1.211717e-04  5.094742e-03  1.175099e-03  1.450713e-04  6.463665e-04  5.262708e-01  0.000000e+00  2.128073e-01  0.000000e+00  6.553906e-05  0.000000e+00
4.739354e+02  2.494472e-02  3.623824e-02  4.494263e-03  2.683476e-03  1.158637e-02  7.776916e-04  8.914989e-03  6.969492e-04  6.105377e-04  0.000000e+00  3.578962e-01  0.000000e+00  1.574857e-01  6.105377e-04  0.000000e+00  0.000000e+00
5.317643e+02  2.221818e-02  2.961176e-02  6.967553e-03  1.543248e-03  9.361082e-03  2.887608e-04  3.989328e-03  9.460382e-04  7.155281e-04  8.465342e-04  3.045285e-01  0.000000e+00  1.120310e-01  2.622145e-05  1.757484e-04  0.000000e+00
5.966493e+02  2.070832e-02  2.710471e-02  6.306668e-03  4.942234e-03  9.410651e-03  9.154687e-04  6.551856e-03  7.871084e-04  3.126552e-04  5.652901e-04  1.997196e-01  0.000000e+00  7.768510e-02  0.000000e+00  6.537655e-05  0.000000e+00
6.694516e+02  1.733359e-02  2.540570e-02  7.611032e-03  5.247316e-03  9.822164e-03  5.585392e-04  5.833977e-03  2.741168e-04  1.708512e-04  4.484171e-04  1.361145e-01  0.000000e+00  4.967162e-02  0.000000e+00  0.000000e+00  0.000000e+00
7.511370e+02  1.352501e-02  1.803563e-02  5.111626e-03  3.882730e-03  6.316467e-03  5.220454e-04  4.440595e-03  5.316196e-04  4.752600e-04  3.451362e-04  9.428696e-02  0.000000e+00  3.504921e-02  0.000000e+00  0.000000e+00  0.000000e+00
8.427896e+02  1.080791e-02  1.737494e-02  4.982306e-03  2.583738e-03  7.895733e-03  1.364105e-04  4.584852e-03  1.024103e-04  3.258424e-04  1.195027e-03  5.149444e-02  0.000000e+00  2.004897e-02  0.000000e+00  2.548971e-04  0.000000e+00
9.456255e+02  9.902540e-03  1.269978e-02  6.147905e-03  2.824004e-03  6.775225e-03  6.285832e-04  4.550457e-03  3.552947e-04  0.000000e+00  8.223080e-04  4.489670e-02  1.092237e-04  1.227317e-02  0.000000e+00  0.000000e+00  0.000000e+00
1.061009e+03  8.703421e-03  8.431131e-03  6.309864e-03  3.907690e-03  6.172787e-03  4.323470e-04  4.189391e-03  4.394009e-04  9.810102e-04  3.839621e-04  3.081294e-02  0.000000e+00  5.558289e-03  3.578195e-04  2.273999e-04  0.000000e+00
1.190472e+03  6.423979e-03  7.455644e-03  5.364826e-03  4.003257e-03  3.049207e-03  4.779523e-04  2.961918e-03  1.145698e-03  3.138429e-04  1.620802e-03  2.047581e-02  0.000000e+00  3.807438e-03  0.000000e+00  0.000000e+00  0.000000e+00
1.335731e+03  5.849788e-03  8.229488e-03  4.956774e-03  2.924635e-03  2.771902e-03  7.214790e-04  2.834782e-03  3.330217e-04  6.662243e-04  4.742099e-04  9.113857e-03  0.000000e+00  2.375220e-03  1.608292e-04  0.000000e+00  0.000000e+00
1.498715e+03  3.593799e-03  6.160492e-03  3.847096e-03  3.872246e-03  3.199166e-03  1.592679e-03  3.425034e-03  8.714911e-04  9.112517e-04  7.499560e-04  4.392985e-03  9.248664e-05  2.362631e-03  0.000000e+00  0.000000e+00  1.621931e-04
1.681586e+03  2.512828e-03  5.716096e-03  3.610979e-03  2.635115e-03  3.195472e-03  6.142749e-04  1.900319e-03  9.869329e-04  6.945717e-04  6.535590e-04  5.121394e-03  0.000000e+00  1.115055e-03  1.870500e-04  0.000000e+00  4.522842e-05
1.886771e+03  2.931213e-03  4.619880e-03  3.760998e-03  2.804752e-03  2.954106e-03  8.008633e-04  1.932089e-03  8.307341e-04  3.715062e-04  8.102495e-04  2.505240e-03  1.954743e-04  2.903111e-05  4.852702e-04  2.908450e-05  0.000000e+00
2.116992e+03  1.719185e-03  4.358344e-03  2.092397e-03  2.114641e-03  1.630509e-03  4.348817e-04  1.678546e-03  6.463846e-04  3.645571e-04  5.606212e-04  1.740459e-03  1.526755e-04  5.530974e-04  1.307676e-05  0.000000e+00  1.307676e-05
2.375304e+03  1.558019e-03  2.376151e-03  2.606077e-03  3.433577e-03  1.842760e-03  1.214756e-03  1.502183e-03  3.879914e-04  1.918845e-04  3.453499e-04  1.702520e-03  8.271390e-06  0.000000e+00  1.285063e-04  0.000000e+00  1.477638e-04
2.665135e+03  9.449998e-04  2.214651e-03  1.810866e-03  3.471597e-03  1.046454e-03  3.854173e-04  1.076439e-03  8.712719e-04  2.587843e-04  4.348939e-04  1.211441e-03  2.078867e-04  1.870565e-04  1.265527e-04  0.000000e+00  1.440640e-04
2.990330e+03  6.558594e-04  1.421888e-03  1.389716e-03  2.267754e-03  7.724800e-04  8.713214e-04  8.094519e-04  6.933050e-04  7.023199e-04  7.629867e-04  8.022590e-04  2.456590e-04  0.000000e+00  1.258345e-04  0.000000e+00  1.993193e-04
3.355206e+03  3.317193e-04  1.811182e-03  1.799265e-03  2.948837e-03  4.783284e-04  8.778405e-04  2.710784e-04  6.163604e-04  2.665543e-04  4.870716e-04  3.847631e-04  1.411099e-04  4.714235e-05  6.907408e-05  0.000000e+00  1.240670e-05
3.764603e+03  2.206333e-04  8.901557e-04  1.447474e-03  1.762157e-03  3.269755e-04  9.745083e-04  1.942258e-04  3.264021e-04  4.980199e-04  6.092743e-04  5.003895e-04  1.649996e-04  3.703879e-06  9.127268e-05  0.000000e+00  3.381342e-04
4.223954e+03  1.171886e-04  3.861596e-04  7.490599e-04  1.399093e-03  2.668911e-04  3.468923e-04  3.133488e-04  5.506403e-04  3.644362e-04  5.755540e-04  3.055345e-04  1.915235e-04  0.000000e+00  1.490803e-04  0.000000e+00  2.208010e-04
4.739354e+03  6.877460e-05  5.668743e-04  7.726563e-04  1.509910e-03  2.254322e-04  5.952240e-04  9.735149e-05  3.890803e-04  2.372059e-04  3.299045e-04  2.677273e-04  9.862443e-05  1.157875e-05  4.169042e-05  0.000000e+00  1.529957e-04
5.317643e+03  5.431248e-05  5.615211e-04  7.652737e-04  8.516232e-04  1.365155e-04  5.846313e-04  6.450219e-05  5.612459e-04  3.010514e-04  4.649289e-04  3.290193e-04  1.256617e-04  0.000000e+00  1.768060e-04  0.000000e+00  1.502866e-04
5.966493e+03  1.094343e-04  3.313722e-04  4.687820e-04  7.230038e-04  1.120405e-04  3.762013e-04  1.531005e-04  4.471311e-04  2.473612e-04  2.572005e-04  3.420340e-05  8.388237e-05  0.000000e+00  6.568616e-05  0.000000e+00  7.188697e-05
6.694516e+03  2.934800e-06  2.779746e-04  3.742139e-04  5.586467e-04  9.159815e-05  7.881492e-04  1.105034e-04  3.781137e-04  2.301151e-04  2.477024e-04  2.363566e-04  8.957707e-05  0.000000e+00  6.298435e-05  0.000000e+00  1.136087e-05
7.511370e+03  5.057461e-05  2.450319e-04  2.389096e-04  2.966965e-04  5.576866e-05  5.198320e-04  9.261566e-05  3.887951e-04  3.668224e-05  1.725062e-04  6.229159e-05  8.971673e-05  0.000000e+00  2.550289e-05  0.000000e+00  1.909296e-04
8.427896e+03  3.999103e-05  2.441567e-04  1.203690e-04  3.226722e-04  6.420519e-05  5.781835e-04  6.088324e-05  4.632003e-04  8.493921e-05  1.143577e-04  5.822066e-05  1.366080e-04  0.000000e+00  1.688341e-05  0.000000e+00  1.269888e-04
9.456255e+03  0.000000e+00  6.061889e-05  9.116824e-05  3.853415e-04  4.052102e-05  3.458550e-04  2.927522e-06  2.290430e-04  9.811737e-05  7.164956e-05  1.490011e-04  2.114728e-04  0.000000e+00  6.869472e-05  0.000000e+00  2.450841e-05
1.061009e+04  0.000000e+00  9.375760e-05  4.894283e-05  2.345080e-04  3.137814e-05  2.987263e-04  1.149225e-04  1.010134e-04  2.551954e-05  1.102970e-04  1.225267e-04  4.909219e-05  0.000000e+00  1.851734e-06  0.000000e+00  7.455903e-05
1.190472e+04  0.000000e+00  8.585355e-06  6.388684e-06  1.413890e-04  0.000000e+00  1.481459e-04  1.171269e-06  5.802520e-05  3.300719e-06  1.094996e-04  7.961579e-05  1.674869e-05  0.000000e+00  4.642949e-05  0.000000e+00  8.779060e-05
1.335731e+04  0.000000e+00  6.981871e-05  5.168533e-05  1.331308e-04  0.000000e+00  8.955599e-05  2.920263e-06  5.564572e-05  1.632199e-05  7.124716e-05  7.399585e-05  3.919991e-05  0.000000e+00  0.000000e+00  0.000000e+00  6.703916e-05
1.498715e+04  0.000000e+00  1.931504e-05  9.248664e-06  4.809754e-05  0.000000e+00  6.777666e-05  0.000000e+00  3.762505e-05  1.609868e-05  2.615013e-05  3.694284e-06  2.008681e-05  0.000000e+00  3.158069e-06  0.000000e+00  6.875356e-05
1.681586e+04  0.000000e+00  2.262786e-05  1.168365e-06  2.538125e-05  0.000000e+00  9.976975e-05  8.291952e-07  2.878875e-05  0.000000e+00  8.242881e-06  6.142101e-06  6.842489e-06  0.000000e+00  6.434354e-05  0.000000e+00  5.121880e-05
1.886771e+04  0.000000e+00  2.227636e-05  0.000000e+00  1.814242e-05  0.000000e+00  6.155052e-05  0.000000e+00  3.323731e-05  0.000000e+00  0.000000e+00  3.863513e-05  2.372380e-05  0.000000e+00  3.278380e-05  0.000000e+00  8.267114e-05
2.116992e+04  0.000000e+00  6.586531e-07  0.000000e+00  3.696886e-05  0.000000e+00  2.501215e-06  0.000000e+00  1.592072e-05  0.000000e+00  0.000000e+00  0.000000e+00  1.366824e-05  0.000000e+00  3.658942e-05  0.000000e+00  1.592072e-05
2.375304e+04  0.000000e+00  0.000000e+00  0.000000e+00  5.870252e-07  0.000000e+00  2.442304e-05  3.201927e-06  8.591506e-06  0.000000e+00  1.015758e-05  1.419944e-05  1.654278e-06  0.000000e+00  0.000000e+00  0.000000e+00  3.609309e-05
2.665135e+04  0.000000e+00  2.853720e-06  0.000000e+00  1.107565e-05  0.000000e+00  0.000000e+00  0.000000e+00  0.000000e+00  0.000000e+00  2.059025e-06  0.000000e+00  0.000000e+00  0.000000e+00  0.000000e+00  0.000000e+00  2.853720e-06
2.990330e+04  0.000000e+00  0.000000e+00  0.000000e+00  9.241956e-06  0.000000e+00  0.000000e+00  0.000000e+00  0.000000e+00  0.000000e+00  0.000000e+00  0.000000e+00  1.606643e-05  0.000000e+00  1.810350e-05  0.000000e+00  1.202335e-05
3.355206e+04  0.000000e+00  0.000000e+00  0.000000e+00  0.000000e+00  0.000000e+00  0.000000e+00  0.000000e+00  0.000000e+00  0.000000e+00  0.000000e+00  0.000000e+00  8.250879e-07  0.000000e+00  2.785425e-06  0.000000e+00  3.271083e-06
3.764603e+04  0.000000e+00  0.000000e+00  0.000000e+00  3.681960e-06  0.000000e+00  0.000000e+00  0.000000e+00  0.000000e+00  0.000000e+00  0.000000e+00  0.000000e+00  7.341147e-06  0.000000e+00  3.681960e-06  0.000000e+00  3.703879e-07
4.223954e+04  0.000000e+00  0.000000e+00  0.000000e+00  2.445214e-06  0.000000e+00  0.000000e+00  0.000000e+00  1.303472e-05  0.000000e+00  0.000000e+00  0.000000e+00  1.028949e-05  0.000000e+00  0.000000e+00  0.000000e+00  0.000000e+00
4.739354e+04  0.000000e+00  0.000000e+00  0.000000e+00  0.000000e+00  0.000000e+00  0.000000e+00  0.000000e+00  2.942096e-07  0.000000e+00  0.000000e+00  0.000000e+00  2.473509e-06  0.000000e+00  5.831280e-06  0.000000e+00  0.000000e+00
5.317643e+04  0.000000e+00  0.000000e+00  0.000000e+00  0.000000e+00  0.000000e+00  0.000000e+00  0.000000e+00  0.000000e+00  0.000000e+00  0.000000e+00  0.000000e+00  0.000000e+00  0.000000e+00  0.000000e+00  0.000000e+00  0.000000e+00
5.966493e+04  0.000000e+00  0.000000e+00  0.000000e+00  0.000000e+00  0.000000e+00  0.000000e+00  0.000000e+00  0.000000e+00  0.000000e+00  0.000000e+00  0.000000e+00  0.000000e+00  0.000000e+00  0.000000e+00  0.000000e+00  0.000000e+00
6.694516e+04  0.000000e+00  0.000000e+00  0.000000e+00  0.000000e+00  0.000000e+00  0.000000e+00  0.000000e+00  0.000000e+00  0.000000e+00  0.000000e+00  0.000000e+00  0.000000e+00  0.000000e+00  0.000000e+00  0.000000e+00  3.256666e-06
7.511370e+04  0.000000e+00  0.000000e+00  0.000000e+00  0.000000e+00  0.000000e+00  0.000000e+00  0.000000e+00  0.000000e+00  0.000000e+00  0.000000e+00  0.000000e+00  0.000000e+00  0.000000e+00  0.000000e+00  0.000000e+00  3.668224e-06
8.427896e+04  0.000000e+00  0.000000e+00  0.000000e+00  0.000000e+00  0.000000e+00  0.000000e+00  0.000000e+00  0.000000e+00  0.000000e+00  0.000000e+00  0.000000e+00  0.000000e+00  0.000000e+00  0.000000e+00  0.000000e+00  0.000000e+00
9.456255e+04  0.000000e+00  0.000000e+00  0.000000e+00  0.000000e+00  0.000000e+00  0.000000e+00  0.000000e+00  0.000000e+00  0.000000e+00  0.000000e+00  0.000000e+00  0.000000e+00  0.000000e+00  0.000000e+00  0.000000e+00  0.000000e+00
1.061009e+05  0.000000e+00  0.000000e+00  0.000000e+00  0.000000e+00  0.000000e+00  0.000000e+00  0.000000e+00  0.000000e+00  0.000000e+00  0.000000e+00  0.000000e+00  0.000000e+00  0.000000e+00  0.000000e+00  0.000000e+00  0.000000e+00
1.190472e+05  0.000000e+00  0.000000e+00  0.000000e+00  0.000000e+00  0.000000e+00  0.000000e+00  0.000000e+00  0.000000e+00  0.000000e+00  0.000000e+00  0.000000e+00  0.000000e+00  0.000000e+00  0.000000e+00  0.000000e+00  0.000000e+00
1.335731e+05  0.000000e+00  0.000000e+00  0.000000e+00  0.000000e+00  0.000000e+00  0.000000e+00  0.000000e+00  0.000000e+00  0.000000e+00  0.000000e+00  0.000000e+00  0.000000e+00  0.000000e+00  0.000000e+00  0.000000e+00  0.000000e+00
1.498715e+05  0.000000e+00  0.000000e+00  0.000000e+00  0.000000e+00  0.000000e+00  0.000000e+00  0.000000e+00  0.000000e+00  0.000000e+00  0.000000e+00  0.000000e+00  0.000000e+00  0.000000e+00  0.000000e+00  0.000000e+00  0.000000e+00
1.681586e+05  0.000000e+00  0.000000e+00  0.000000e+00  0.000000e+00  0.000000e+00  0.000000e+00  0.000000e+00  0.000000e+00  0.000000e+00  0.000000e+00  0.000000e+00  0.000000e+00  0.000000e+00  0.000000e+00  0.000000e+00  0.000000e+00
1.886771e+05  0.000000e+00  0.000000e+00  0.000000e+00  0.000000e+00  0.000000e+00  0.000000e+00  0.000000e+00  0.000000e+00  0.000000e+00  0.000000e+00  0.000000e+00  0.000000e+00  0.000000e+00  0.000000e+00  0.000000e+00  0.000000e+00
2.116992e+05  0.000000e+00  0.000000e+00  0.000000e+00  0.000000e+00  0.000000e+00  0.000000e+00  0.000000e+00  0.000000e+00  0.000000e+00  0.000000e+00  0.000000e+00  0.000000e+00  0.000000e+00  0.000000e+00  0.000000e+00  0.000000e+00
2.375304e+05  0.000000e+00  0.000000e+00  0.000000e+00  0.000000e+00  0.000000e+00  0.000000e+00  0.000000e+00  0.000000e+00  0.000000e+00  0.000000e+00  0.000000e+00  0.000000e+00  0.000000e+00  0.000000e+00  0.000000e+00  0.000000e+00
2.665135e+05  0.000000e+00  0.000000e+00  0.000000e+00  0.000000e+00  0.000000e+00  0.000000e+00  0.000000e+00  0.000000e+00  0.000000e+00  0.000000e+00  0.000000e+00  0.000000e+00  0.000000e+00  0.000000e+00  0.000000e+00  0.000000e+00
2.990330e+05  0.000000e+00  0.000000e+00  0.000000e+00  0.000000e+00  0.000000e+00  0.000000e+00  0.000000e+00  0.000000e+00  0.000000e+00  0.000000e+00  0.000000e+00  0.000000e+00  0.000000e+00  0.000000e+00  0.000000e+00  0.000000e+00
3.355206e+05  0.000000e+00  0.000000e+00  0.000000e+00  0.000000e+00  0.000000e+00  0.000000e+00  0.000000e+00  0.000000e+00  0.000000e+00  0.000000e+00  0.000000e+00  0.000000e+00  0.000000e+00  0.000000e+00  0.000000e+00  0.000000e+00
3.764603e+05  0.000000e+00  0.000000e+00  0.000000e+00  0.000000e+00  0.000000e+00  0.000000e+00  0.000000e+00  0.000000e+00  0.000000e+00  0.000000e+00  0.000000e+00  0.000000e+00  0.000000e+00  0.000000e+00  0.000000e+00  0.000000e+00
4.223954e+05  0.000000e+00  0.000000e+00  0.000000e+00  0.000000e+00  0.000000e+00  0.000000e+00  0.000000e+00  0.000000e+00  0.000000e+00  0.000000e+00  0.000000e+00  0.000000e+00  0.000000e+00  0.000000e+00  0.000000e+00  0.000000e+00
4.739354e+05  0.000000e+00  0.000000e+00  0.000000e+00  0.000000e+00  0.000000e+00  0.000000e+00  0.000000e+00  0.000000e+00  0.000000e+00  0.000000e+00  0.000000e+00  0.000000e+00  0.000000e+00  0.000000e+00  0.000000e+00  0.000000e+00
5.317643e+05  0.000000e+00  0.000000e+00  0.000000e+00  0.000000e+00  0.000000e+00  0.000000e+00  0.000000e+00  0.000000e+00  0.000000e+00  0.000000e+00  0.000000e+00  0.000000e+00  0.000000e+00  0.000000e+00  0.000000e+00  0.000000e+00
5.966493e+05  0.000000e+00  0.000000e+00  0.000000e+00  0.000000e+00  0.000000e+00  0.000000e+00  0.000000e+00  0.000000e+00  0.000000e+00  0.000000e+00  0.000000e+00  0.000000e+00  0.000000e+00  0.000000e+00  0.000000e+00  0.000000e+00
6.694516e+05  0.000000e+00  0.000000e+00  0.000000e+00  0.000000e+00  0.000000e+00  0.000000e+00  0.000000e+00  0.000000e+00  0.000000e+00  0.000000e+00  0.000000e+00  0.000000e+00  0.000000e+00  0.000000e+00  0.000000e+00  0.000000e+00
7.511370e+05  0.000000e+00  0.000000e+00  0.000000e+00  0.000000e+00  0.000000e+00  0.000000e+00  0.000000e+00  0.000000e+00  0.000000e+00  0.000000e+00  0.000000e+00  0.000000e+00  0.000000e+00  0.000000e+00  0.000000e+00  0.000000e+00
8.427896e+05  0.000000e+00  0.000000e+00  0.000000e+00  0.000000e+00  0.000000e+00  0.000000e+00  0.000000e+00  0.000000e+00  0.000000e+00  0.000000e+00  0.000000e+00  0.000000e+00  0.000000e+00  0.000000e+00  0.000000e+00  0.000000e+00
9.456255e+05  0.000000e+00  0.000000e+00  0.000000e+00  0.000000e+00  0.000000e+00  0.000000e+00  0.000000e+00  0.000000e+00  0.000000e+00  0.000000e+00  0.000000e+00  0.000000e+00  0.000000e+00  0.000000e+00  0.000000e+00  0.000000e+00
