# dR/dEr [1/keV/kg/Myr]
# Er [keV], S, F, Ne, Cl, Na, Si, O, P, N, C, Al, Mg, Be, B, Ar, Li
1.061009e+01  2.078538e+04  1.487064e+04  0.000000e+00  0.000000e+00  4.431973e+03  0.000000e+00  1.487595e+03  0.000000e+00  0.000000e+00  0.000000e+00  0.000000e+00  0.000000e+00  6.839154e+00  0.000000e+00  0.000000e+00  0.000000e+00
1.190472e+01  8.099098e+03  1.086117e+03  0.000000e+00  0.000000e+00  2.556122e+03  0.000000e+00  0.000000e+00  0.000000e+00  0.000000e+00  0.000000e+00  0.000000e+00  0.000000e+00  0.000000e+00  0.000000e+00  0.000000e+00  0.000000e+00
1.335731e+01  1.145835e+04  2.388594e+03  0.000000e+00  0.000000e+00  0.000000e+00  0.000000e+00  0.000000e+00  0.000000e+00  0.000000e+00  0.000000e+00  0.000000e+00  0.000000e+00  0.000000e+00  0.000000e+00  0.000000e+00  0.000000e+00
1.498715e+01  2.994153e+03  2.535146e+03  0.000000e+00  0.000000e+00  1.213824e+03  0.000000e+00  5.150227e+02  0.000000e+00  0.000000e+00  0.000000e+00  0.000000e+00  0.000000e+00  0.000000e+00  0.000000e+00  0.000000e+00  0.000000e+00
1.681586e+01  7.372359e+03  2.220742e+03  1.077336e+03  0.000000e+00  2.047992e+03  4.590145e+02  0.000000e+00  0.000000e+00  0.000000e+00  0.000000e+00  0.000000e+00  0.000000e+00  0.000000e+00  0.000000e+00  0.000000e+00  0.000000e+00
1.886771e+01  5.079183e+03  2.936699e+03  0.000000e+00  0.000000e+00  9.601766e+02  0.000000e+00  0.000000e+00  0.000000e+00  0.000000e+00  0.000000e+00  0.000000e+00  0.000000e+00  0.000000e+00  0.000000e+00  0.000000e+00  0.000000e+00
2.116992e+01  5.057291e+03  3.609069e+03  0.000000e+00  0.000000e+00  1.029231e+03  0.000000e+00  4.593158e+02  0.000000e+00  0.000000e+00  0.000000e+00  3.212963e+01  0.000000e+00  0.000000e+00  0.000000e+00  0.000000e+00  0.000000e+00
2.375304e+01  9.310070e+03  1.845069e+03  3.995243e+02  0.000000e+00  1.772300e+03  0.000000e+00  7.626954e+02  0.000000e+00  0.000000e+00  0.000000e+00  0.000000e+00  0.000000e+00  0.000000e+00  0.000000e+00  0.000000e+00  0.000000e+00
2.665135e+01  7.971593e+03  2.613752e+03  3.648475e+02  2.830394e+00  5.919006e+02  0.000000e+00  0.000000e+00  1.827794e+02  0.000000e+00  0.000000e+00  0.000000e+00  0.000000e+00  0.000000e+00  0.000000e+00  0.000000e+00  0.000000e+00
2.990330e+01  8.762870e+03  3.897714e+03  4.604840e+02  0.000000e+00  2.482985e+02  0.000000e+00  5.832935e+02  0.000000e+00  0.000000e+00  0.000000e+00  7.539065e+00  0.000000e+00  5.061105e+01  0.000000e+00  0.000000e+00  0.000000e+00
3.355206e+01  1.107596e+04  2.714376e+03  4.367829e+02  0.000000e+00  9.392097e+02  0.000000e+00  6.421353e+02  0.000000e+00  0.000000e+00  0.000000e+00  4.577586e+01  0.000000e+00  4.693363e+01  0.000000e+00  0.000000e+00  0.000000e+00
3.764603e+01  1.221170e+04  1.787553e+03  3.685190e-01  2.582923e+02  8.808716e+02  0.000000e+00  2.722844e+00  0.000000e+00  0.000000e+00  0.000000e+00  0.000000e+00  0.000000e+00  5.959925e-01  0.000000e+00  0.000000e+00  0.000000e+00
4.223954e+01  1.161736e+04  5.889878e+03  2.047504e+01  0.000000e+00  2.434568e+03  0.000000e+00  3.660051e+02  0.000000e+00  0.000000e+00  0.000000e+00  1.447279e+01  0.000000e+00  6.523278e+02  0.000000e+00  0.000000e+00  0.000000e+00
4.739354e+01  1.629670e+04  6.237372e+03  2.051688e+02  5.143874e+02  7.870613e+02  0.000000e+00  7.431653e+02  0.000000e+00  0.000000e+00  0.000000e+00  0.000000e+00  0.000000e+00  3.138773e+02  0.000000e+00  0.000000e+00  0.000000e+00
5.317643e+01  1.409497e+04  3.708179e+03  5.108670e+02  0.000000e+00  1.750592e+03  0.000000e+00  9.903769e+02  0.000000e+00  0.000000e+00  0.000000e+00  1.279104e+01  0.000000e+00  0.000000e+00  0.000000e+00  0.000000e+00  0.000000e+00
5.966493e+01  1.899825e+04  6.636404e+03  5.680268e+02  2.923393e+02  1.033365e+03  0.000000e+00  7.585957e+02  0.000000e+00  0.000000e+00  0.000000e+00  1.799902e+01  0.000000e+00  5.948752e+00  0.000000e+00  0.000000e+00  0.000000e+00
6.694516e+01  2.051852e+04  5.635043e+03  9.456959e+02  0.000000e+00  2.468921e+03  0.000000e+00  2.717413e+02  0.000000e+00  7.600548e+00  0.000000e+00  1.029200e+02  0.000000e+00  2.223711e+03  0.000000e+00  0.000000e+00  0.000000e+00
7.511370e+01  2.156069e+04  7.226641e+03  6.989978e+02  2.978643e+02  1.444995e+03  0.000000e+00  6.802843e+02  0.000000e+00  0.000000e+00  0.000000e+00  1.151396e+01  0.000000e+00  6.927785e+05  0.000000e+00  0.000000e+00  0.000000e+00
8.427896e+01  2.747342e+04  8.717885e+03  5.210543e+02  6.811931e+02  2.108249e+03  0.000000e+00  1.029880e+03  0.000000e+00  0.000000e+00  0.000000e+00  0.000000e+00  0.000000e+00  8.393331e+05  0.000000e+00  0.000000e+00  0.000000e+00
9.456255e+01  2.740749e+04  6.792266e+03  5.838012e+02  3.580044e+02  1.767706e+03  0.000000e+00  3.467941e+02  0.000000e+00  5.436868e+00  0.000000e+00  5.609162e-02  0.000000e+00  6.325989e+05  0.000000e+00  0.000000e+00  0.000000e+00
1.061009e+02  3.262957e+04  8.824022e+03  5.258086e+02  1.298320e+02  2.604182e+03  0.000000e+00  6.141325e+02  0.000000e+00  0.000000e+00  1.012159e+01  1.974045e+02  0.000000e+00  4.903945e+05  0.000000e+00  0.000000e+00  0.000000e+00
1.190472e+02  3.490813e+04  1.120031e+04  1.174577e+03  1.838871e+02  2.202110e+03  0.000000e+00  2.896181e+02  0.000000e+00  6.483752e+01  5.787618e+01  4.358765e+05  0.000000e+00  3.574349e+05  0.000000e+00  5.785604e+00  0.000000e+00
1.335731e+02  3.948897e+04  1.243724e+04  7.686325e+02  1.038628e-01  2.987174e+03  0.000000e+00  4.142239e+02  0.000000e+00  0.000000e+00  0.000000e+00  3.587857e+05  0.000000e+00  2.619959e+05  0.000000e+00  0.000000e+00  0.000000e+00
1.498715e+02  9.728448e+04  1.418780e+04  6.500631e+02  1.919925e+02  1.838705e+03  0.000000e+00  6.308104e+02  0.000000e+00  1.036885e+02  3.274538e+01  2.686942e+05  0.000000e+00  1.968544e+05  0.000000e+00  0.000000e+00  0.000000e+00
1.681586e+02  1.401884e+05  1.424405e+04  7.855786e+02  2.047992e+02  1.487036e+03  3.154264e-02  8.754745e+02  0.000000e+00  2.562707e+01  0.000000e+00  1.980058e+05  0.000000e+00  1.425432e+05  0.000000e+00  0.000000e+00  0.000000e+00
1.886771e+02  8.123108e+04  1.707243e+04  5.812476e+02  2.079274e+02  3.211971e+03  9.244579e+01  8.049568e+02  6.394557e+01  6.394557e+01  0.000000e+00  1.502045e+05  0.000000e+00  1.066577e+05  0.000000e+00  0.000000e+00  0.000000e+00
2.116992e+02  3.516551e+04  2.100622e+04  7.474494e+02  4.643457e+02  1.281539e+03  5.699155e+01  7.835636e+02  0.000000e+00  0.000000e+00  2.505521e-02  1.161480e+05  0.000000e+00  6.902952e+04  0.000000e+00  6.553297e-02  0.000000e+00
2.375304e+02  2.535130e+04  1.106098e+05  1.210247e+03  4.268181e+02  1.940796e+03  2.547577e+01  7.864080e+02  1.027282e+02  0.000000e+00  3.249574e+01  8.588608e+04  0.000000e+00  5.006948e+04  0.000000e+00  7.597400e+01  0.000000e+00
2.665135e+02  2.080101e+04  9.201572e+04  1.258505e+03  2.469111e+02  2.769465e+03  5.498771e+01  6.149790e+02  0.000000e+00  4.527000e+01  1.603345e+01  6.394166e+04  0.000000e+00  3.703527e+04  0.000000e+00  0.000000e+00  0.000000e+00
2.990330e+02  1.250756e+04  1.377951e+04  6.736669e+02  2.512106e+02  2.232570e+03  7.075127e-01  1.128703e+03  2.868659e-02  7.503101e-02  1.719289e+00  4.879655e+04  0.000000e+00  2.774654e+04  0.000000e+00  0.000000e+00  0.000000e+00
3.355206e+02  1.087704e+04  1.212368e+04  7.876872e+02  3.257669e+02  2.344972e+03  3.595924e+01  8.340438e+02  3.607093e+01  2.898087e+01  2.076007e+01  3.561865e+04  1.057854e+00  1.803525e+04  0.000000e+00  0.000000e+00  1.679524e-01
3.764603e+02  7.292592e+03  8.982516e+03  9.715369e+02  2.095381e+02  2.640382e+03  3.490256e+00  6.132196e+02  0.000000e+00  3.892832e+01  0.000000e+00  2.453649e+04  0.000000e+00  1.325083e+04  0.000000e+00  0.000000e+00  0.000000e+00
4.223954e+02  4.672517e+03  7.354906e+03  6.222349e+02  2.890717e+02  2.210477e+03  2.304063e+01  9.084322e+02  5.980271e+01  2.858374e+01  1.634457e+01  1.850176e+04  0.000000e+00  7.582359e+03  0.000000e+00  3.284429e-02  0.000000e+00
4.739354e+02  3.543368e+03  5.889125e+03  8.921310e+02  5.451971e+02  1.834119e+03  2.278283e+01  7.905469e+02  4.340136e+01  1.027844e+01  0.000000e+00  1.102697e+04  0.000000e+00  5.141852e+03  1.027844e+01  0.000000e+00  0.000000e+00
5.317643e+02  2.696412e+03  3.825017e+03  9.035382e+02  2.428065e+02  2.029744e+03  6.487586e+01  7.521836e+02  6.135783e+01  6.151472e+01  2.410970e+01  9.034450e+03  0.000000e+00  4.041802e+03  9.974657e-03  3.393634e+01  0.000000e+00
5.966493e+02  2.395883e+03  3.224906e+03  9.208457e+02  3.943501e+02  2.000865e+03  4.250614e+01  6.976751e+02  6.760420e+01  4.056916e+01  2.536561e+00  6.844637e+03  0.000000e+00  2.617820e+03  0.000000e+00  3.760459e-02  0.000000e+00
6.694516e+02  1.804998e+03  2.706298e+03  1.142058e+03  6.124656e+02  1.897461e+03  4.840949e+01  9.272095e+02  5.584641e+01  4.895245e+01  1.228998e+01  4.705863e+03  0.000000e+00  1.321486e+03  0.000000e+00  0.000000e+00  0.000000e+00
7.511370e+02  1.472778e+03  2.102448e+03  8.096165e+02  4.917469e+02  1.280541e+03  1.654400e+01  6.926850e+02  6.936325e+01  3.488079e+01  8.528672e+00  2.875386e+03  0.000000e+00  1.003112e+03  0.000000e+00  0.000000e+00  0.000000e+00
8.427896e+02  9.128361e+02  1.701266e+03  6.685354e+02  5.851992e+02  1.370106e+03  4.219171e+01  7.815736e+02  2.892613e+01  1.181515e+01  7.705947e+00  1.601130e+03  0.000000e+00  4.879109e+02  0.000000e+00  9.532346e+00  0.000000e+00
9.456255e+02  8.671031e+02  1.463882e+03  8.948063e+02  3.518091e+02  1.168926e+03  4.227874e+01  7.978657e+02  8.491810e+01  0.000000e+00  3.517273e+01  1.223587e+03  7.977134e-02  3.973833e+02  0.000000e+00  0.000000e+00  0.000000e+00
1.061009e+03  7.928276e+02  1.007326e+03  8.260531e+02  5.679127e+02  9.219373e+02  5.931666e+01  7.649465e+02  6.249343e+01  6.925574e+01  4.088618e+00  9.481396e+02  0.000000e+00  1.154259e+02  5.506585e-01  3.345229e-01  0.000000e+00
1.190472e+03  5.328810e+02  8.836758e+02  7.622365e+02  5.792095e+02  7.271277e+02  4.777092e+01  4.478619e+02  7.209257e+01  3.290922e+01  8.146960e+00  5.749943e+02  0.000000e+00  1.672009e+02  0.000000e+00  0.000000e+00  0.000000e+00
1.335731e+03  5.072708e+02  7.528729e+02  6.200602e+02  4.526950e+02  5.893302e+02  2.466707e+01  6.065785e+02  2.478486e+01  4.986101e+01  8.075379e+00  2.786693e+02  0.000000e+00  4.692293e+01  6.014504e+00  0.000000e+00  0.000000e+00
1.498715e+03  3.242989e+02  5.687039e+02  5.215928e+02  4.643828e+02  3.960785e+02  7.071255e+01  5.104021e+02  8.357118e+01  6.583054e+01  1.117604e+01  1.930506e+02  6.839475e-02  9.401167e+01  0.000000e+00  0.000000e+00  1.561380e-01
1.681586e+03  1.277365e+02  4.963775e+02  3.875928e+02  4.059561e+02  4.458484e+02  4.403506e+01  4.071247e+02  5.578095e+01  4.615906e+01  1.935305e+01  1.474795e+02  0.000000e+00  7.093958e+01  3.530543e+00  0.000000e+00  3.351092e-02
1.886771e+03  1.622988e+02  3.073908e+02  3.903345e+02  5.430209e+02  3.572436e+02  4.230217e+01  3.644286e+02  5.453931e+01  3.684948e+01  2.118863e+01  8.123197e+01  5.955739e+00  7.767220e+00  1.559426e+00  1.922970e-02  0.000000e+00
2.116992e+03  1.450070e+02  3.162879e+02  2.604831e+02  3.270373e+02  1.474360e+02  3.611240e+01  2.612650e+02  5.024630e+01  1.214294e+01  1.800199e+01  3.014721e+01  3.179725e+00  1.183128e+01  6.553297e-03  0.000000e+00  6.553297e-03
2.375304e+03  5.370239e+01  1.930570e+02  2.238131e+02  4.529808e+02  1.391960e+02  5.607686e+01  2.359893e+02  4.754257e+01  3.092173e+01  6.745788e+00  5.478191e+01  3.611428e-03  0.000000e+00  2.863557e-01  0.000000e+00  4.543479e-01
2.665135e+03  5.475416e+01  1.246331e+02  1.782272e+02  3.653019e+02  6.839572e+01  4.379974e+01  1.483026e+02  8.063977e+01  1.513928e+01  2.930845e+01  1.996219e+01  5.621659e+00  4.785581e+00  5.678653e-01  0.000000e+00  2.623695e+00
2.990330e+03  8.423136e+00  8.560580e+01  1.097041e+02  2.734317e+02  5.957493e+01  5.226687e+01  1.028454e+02  5.566965e+01  7.657366e+00  6.708363e+00  1.447646e+01  4.762906e-01  0.000000e+00  5.136136e-01  0.000000e+00  3.740578e+00
3.355206e+03  9.605111e+00  9.783674e+01  8.479676e+01  2.838566e+02  1.623254e+01  5.602889e+01  7.096765e+01  3.567332e+01  1.061394e+01  1.099999e+01  2.744606e+00  3.931675e+00  3.263068e+00  6.719199e-02  0.000000e+00  5.715728e-03
3.764603e+03  4.276673e+00  3.883513e+01  6.103135e+01  1.768070e+02  1.232806e+01  3.642619e+01  3.832610e+01  2.576710e+01  5.646329e+00  9.428407e+00  5.779191e+00  2.157912e-01  1.408958e-03  2.550503e+00  0.000000e+00  1.606115e+00
4.223954e+03  1.557218e-01  3.234080e+01  1.919113e+01  1.441294e+02  3.217809e+00  1.997226e+01  3.717940e+01  2.704209e+01  7.442790e+00  5.682161e+00  4.775911e+00  4.376985e-01  0.000000e+00  2.780529e+00  0.000000e+00  5.529977e-01
4.739354e+03  1.824839e-01  1.772397e+01  3.134419e+01  1.277777e+02  4.831994e+00  2.438535e+01  6.825003e+00  1.609177e+01  2.475399e+00  3.358249e+00  2.874407e+00  1.279960e+00  7.655480e-03  3.270077e-02  0.000000e+00  1.855375e-01
5.317643e+03  2.748831e+00  1.359480e+01  1.717935e+01  7.832893e+01  1.954116e-01  1.568534e+01  1.305738e+00  3.053818e+01  1.016016e+01  4.020128e+00  6.771454e-01  2.543283e+00  0.000000e+00  1.208230e+00  0.000000e+00  3.802244e+00
5.966493e+03  3.418111e-01  6.170644e+00  4.823930e+00  3.845890e+01  2.408769e+00  2.060512e+01  1.398618e+00  8.465834e+00  3.825709e+00  7.265894e+00  3.545964e-02  1.350531e-01  0.000000e+00  1.860711e-01  0.000000e+00  7.297200e-01
6.694516e+03  1.281383e-03  3.858494e+00  5.034201e+00  2.600639e+01  1.600450e-01  2.756015e+01  1.942960e-01  6.243536e+00  2.808479e+00  5.992200e+00  1.811234e+00  5.093070e+00  0.000000e+00  1.388877e-01  0.000000e+00  8.417562e-03
7.511370e+03  6.089916e-02  2.127095e+00  5.565785e+00  2.043266e+01  1.097713e+00  1.260582e+01  1.059287e+00  4.021494e+00  7.874032e-01  3.323593e+00  5.130339e-02  5.210689e-01  0.000000e+00  1.733974e-02  0.000000e+00  2.502761e+00
8.427896e+03  1.274233e-01  1.302983e+00  3.089476e+00  2.300521e+00  1.525268e-01  1.396029e+01  3.287193e+00  8.521028e+00  8.381476e-01  6.707098e-01  1.635046e+00  1.389191e+00  0.000000e+00  1.161269e-02  0.000000e+00  2.046337e-01
9.456255e+03  0.000000e+00  4.716083e-01  3.027579e+00  7.480429e+00  3.253708e-01  1.017388e+01  1.467101e-03  3.212301e+00  1.338155e+00  7.228744e-01  3.677028e+00  1.584290e+00  0.000000e+00  7.017836e-01  0.000000e+00  2.384062e-02
1.061009e+04  0.000000e+00  2.011722e+00  1.643327e+00  4.053333e+00  6.541460e-02  5.821306e+00  2.744581e-01  2.208177e+00  2.336263e-02  1.393003e+00  1.026448e+00  1.206820e+00  0.000000e+00  8.084980e-04  0.000000e+00  6.192890e-01
1.190472e+04  0.000000e+00  4.933635e-03  4.733543e-03  2.069589e+00  0.000000e+00  1.629951e+00  4.455516e-04  5.295030e-02  1.441149e-03  1.073664e+00  5.373168e+00  7.976014e-01  0.000000e+00  8.548205e-02  0.000000e+00  1.449929e-01
1.335731e+04  0.000000e+00  1.698108e-01  1.660842e+00  2.335956e+00  0.000000e+00  2.947294e+00  1.679735e-03  2.733956e-01  1.623634e-02  8.674476e-01  2.478798e-01  7.415212e-02  0.000000e+00  0.000000e+00  0.000000e+00  1.559170e-01
1.498715e+04  0.000000e+00  3.949903e-01  6.839475e-03  7.019586e-02  0.000000e+00  7.577267e-01  0.000000e+00  1.737750e+00  2.368241e-02  7.407626e-02  1.851356e-03  2.065537e+00  0.000000e+00  1.498051e-03  0.000000e+00  6.117107e-01
1.681586e+04  0.000000e+00  1.667725e-02  5.101277e-04  4.476569e-02  0.000000e+00  1.592046e+00  3.154264e-04  5.807444e-02  0.000000e+00  6.095689e-03  4.485872e-03  4.685353e-03  0.000000e+00  2.679568e-01  0.000000e+00  4.134585e-01
1.886771e+04  0.000000e+00  4.022587e-02  0.000000e+00  2.596531e-01  0.000000e+00  1.146264e+00  0.000000e+00  6.884298e-01  0.000000e+00  0.000000e+00  1.157588e-01  2.640702e-01  0.000000e+00  4.846366e-01  0.000000e+00  1.836048e-01
2.116992e+04  0.000000e+00  2.505521e-04  0.000000e+00  9.824975e-02  0.000000e+00  1.310393e-03  0.000000e+00  5.072813e-02  0.000000e+00  0.000000e+00  0.000000e+00  2.301057e-01  0.000000e+00  9.596797e-01  0.000000e+00  5.072813e-02
2.375304e+04  0.000000e+00  0.000000e+00  0.000000e+00  2.233048e-04  0.000000e+00  5.506313e-02  2.372391e-03  8.907058e-03  0.000000e+00  1.494259e-02  6.371553e-02  7.222855e-04  0.000000e+00  0.000000e+00  0.000000e+00  2.931236e-01
2.665135e+04  0.000000e+00  2.114396e-03  0.000000e+00  2.222422e-01  0.000000e+00  0.000000e+00  0.000000e+00  0.000000e+00  0.000000e+00  1.361358e-03  0.000000e+00  0.000000e+00  0.000000e+00  0.000000e+00  0.000000e+00  2.114396e-03
2.990330e+04  0.000000e+00  0.000000e+00  0.000000e+00  1.701551e-02  0.000000e+00  0.000000e+00  0.000000e+00  0.000000e+00  0.000000e+00  0.000000e+00  0.000000e+00  2.409064e-02  0.000000e+00  5.768617e-02  0.000000e+00  2.938600e-02
3.355206e+04  0.000000e+00  0.000000e+00  0.000000e+00  0.000000e+00  0.000000e+00  0.000000e+00  0.000000e+00  0.000000e+00  0.000000e+00  0.000000e+00  0.000000e+00  4.134851e-04  0.000000e+00  5.378548e-01  0.000000e+00  2.162730e-03
3.764603e+04  0.000000e+00  0.000000e+00  0.000000e+00  2.722844e-03  0.000000e+00  0.000000e+00  0.000000e+00  0.000000e+00  0.000000e+00  0.000000e+00  0.000000e+00  1.351590e-02  0.000000e+00  2.722844e-03  0.000000e+00  1.408958e-04
4.223954e+04  0.000000e+00  0.000000e+00  0.000000e+00  1.785858e-03  0.000000e+00  0.000000e+00  0.000000e+00  1.792202e-01  0.000000e+00  0.000000e+00  0.000000e+00  1.467588e-02  0.000000e+00  0.000000e+00  0.000000e+00  0.000000e+00
4.739354e+04  0.000000e+00  0.000000e+00  0.000000e+00  0.000000e+00  0.000000e+00  0.000000e+00  0.000000e+00  1.119175e-04  0.000000e+00  0.000000e+00  0.000000e+00  1.703565e-03  0.000000e+00  1.073606e-02  0.000000e+00  0.000000e+00
5.317643e+04  0.000000e+00  0.000000e+00  0.000000e+00  0.000000e+00  0.000000e+00  0.000000e+00  0.000000e+00  0.000000e+00  0.000000e+00  0.000000e+00  0.000000e+00  0.000000e+00  0.000000e+00  0.000000e+00  0.000000e+00  0.000000e+00
5.966493e+04  0.000000e+00  0.000000e+00  0.000000e+00  0.000000e+00  0.000000e+00  0.000000e+00  0.000000e+00  0.000000e+00  0.000000e+00  0.000000e+00  0.000000e+00  0.000000e+00  0.000000e+00  0.000000e+00  0.000000e+00  0.000000e+00
6.694516e+04  0.000000e+00  0.000000e+00  0.000000e+00  0.000000e+00  0.000000e+00  0.000000e+00  0.000000e+00  0.000000e+00  0.000000e+00  0.000000e+00  0.000000e+00  0.000000e+00  0.000000e+00  0.000000e+00  0.000000e+00  3.239575e-03
7.511370e+04  0.000000e+00  0.000000e+00  0.000000e+00  0.000000e+00  0.000000e+00  0.000000e+00  0.000000e+00  0.000000e+00  0.000000e+00  0.000000e+00  0.000000e+00  0.000000e+00  0.000000e+00  0.000000e+00  0.000000e+00  7.874032e-02
8.427896e+04  0.000000e+00  0.000000e+00  0.000000e+00  0.000000e+00  0.000000e+00  0.000000e+00  0.000000e+00  0.000000e+00  0.000000e+00  0.000000e+00  0.000000e+00  0.000000e+00  0.000000e+00  0.000000e+00  0.000000e+00  0.000000e+00
9.456255e+04  0.000000e+00  0.000000e+00  0.000000e+00  0.000000e+00  0.000000e+00  0.000000e+00  0.000000e+00  0.000000e+00  0.000000e+00  0.000000e+00  0.000000e+00  0.000000e+00  0.000000e+00  0.000000e+00  0.000000e+00  0.000000e+00
1.061009e+05  0.000000e+00  0.000000e+00  0.000000e+00  0.000000e+00  0.000000e+00  0.000000e+00  0.000000e+00  0.000000e+00  0.000000e+00  0.000000e+00  0.000000e+00  0.000000e+00  0.000000e+00  0.000000e+00  0.000000e+00  0.000000e+00
1.190472e+05  0.000000e+00  0.000000e+00  0.000000e+00  0.000000e+00  0.000000e+00  0.000000e+00  0.000000e+00  0.000000e+00  0.000000e+00  0.000000e+00  0.000000e+00  0.000000e+00  0.000000e+00  0.000000e+00  0.000000e+00  0.000000e+00
1.335731e+05  0.000000e+00  0.000000e+00  0.000000e+00  0.000000e+00  0.000000e+00  0.000000e+00  0.000000e+00  0.000000e+00  0.000000e+00  0.000000e+00  0.000000e+00  0.000000e+00  0.000000e+00  0.000000e+00  0.000000e+00  0.000000e+00
1.498715e+05  0.000000e+00  0.000000e+00  0.000000e+00  0.000000e+00  0.000000e+00  0.000000e+00  0.000000e+00  0.000000e+00  0.000000e+00  0.000000e+00  0.000000e+00  0.000000e+00  0.000000e+00  0.000000e+00  0.000000e+00  0.000000e+00
1.681586e+05  0.000000e+00  0.000000e+00  0.000000e+00  0.000000e+00  0.000000e+00  0.000000e+00  0.000000e+00  0.000000e+00  0.000000e+00  0.000000e+00  0.000000e+00  0.000000e+00  0.000000e+00  0.000000e+00  0.000000e+00  0.000000e+00
1.886771e+05  0.000000e+00  0.000000e+00  0.000000e+00  0.000000e+00  0.000000e+00  0.000000e+00  0.000000e+00  0.000000e+00  0.000000e+00  0.000000e+00  0.000000e+00  0.000000e+00  0.000000e+00  0.000000e+00  0.000000e+00  0.000000e+00
2.116992e+05  0.000000e+00  0.000000e+00  0.000000e+00  0.000000e+00  0.000000e+00  0.000000e+00  0.000000e+00  0.000000e+00  0.000000e+00  0.000000e+00  0.000000e+00  0.000000e+00  0.000000e+00  0.000000e+00  0.000000e+00  0.000000e+00
2.375304e+05  0.000000e+00  0.000000e+00  0.000000e+00  0.000000e+00  0.000000e+00  0.000000e+00  0.000000e+00  0.000000e+00  0.000000e+00  0.000000e+00  0.000000e+00  0.000000e+00  0.000000e+00  0.000000e+00  0.000000e+00  0.000000e+00
2.665135e+05  0.000000e+00  0.000000e+00  0.000000e+00  0.000000e+00  0.000000e+00  0.000000e+00  0.000000e+00  0.000000e+00  0.000000e+00  0.000000e+00  0.000000e+00  0.000000e+00  0.000000e+00  0.000000e+00  0.000000e+00  0.000000e+00
2.990330e+05  0.000000e+00  0.000000e+00  0.000000e+00  0.000000e+00  0.000000e+00  0.000000e+00  0.000000e+00  0.000000e+00  0.000000e+00  0.000000e+00  0.000000e+00  0.000000e+00  0.000000e+00  0.000000e+00  0.000000e+00  0.000000e+00
3.355206e+05  0.000000e+00  0.000000e+00  0.000000e+00  0.000000e+00  0.000000e+00  0.000000e+00  0.000000e+00  0.000000e+00  0.000000e+00  0.000000e+00  0.000000e+00  0.000000e+00  0.000000e+00  0.000000e+00  0.000000e+00  0.000000e+00
3.764603e+05  0.000000e+00  0.000000e+00  0.000000e+00  0.000000e+00  0.000000e+00  0.000000e+00  0.000000e+00  0.000000e+00  0.000000e+00  0.000000e+00  0.000000e+00  0.000000e+00  0.000000e+00  0.000000e+00  0.000000e+00  0.000000e+00
4.223954e+05  0.000000e+00  0.000000e+00  0.000000e+00  0.000000e+00  0.000000e+00  0.000000e+00  0.000000e+00  0.000000e+00  0.000000e+00  0.000000e+00  0.000000e+00  0.000000e+00  0.000000e+00  0.000000e+00  0.000000e+00  0.000000e+00
4.739354e+05  0.000000e+00  0.000000e+00  0.000000e+00  0.000000e+00  0.000000e+00  0.000000e+00  0.000000e+00  0.000000e+00  0.000000e+00  0.000000e+00  0.000000e+00  0.000000e+00  0.000000e+00  0.000000e+00  0.000000e+00  0.000000e+00
5.317643e+05  0.000000e+00  0.000000e+00  0.000000e+00  0.000000e+00  0.000000e+00  0.000000e+00  0.000000e+00  0.000000e+00  0.000000e+00  0.000000e+00  0.000000e+00  0.000000e+00  0.000000e+00  0.000000e+00  0.000000e+00  0.000000e+00
5.966493e+05  0.000000e+00  0.000000e+00  0.000000e+00  0.000000e+00  0.000000e+00  0.000000e+00  0.000000e+00  0.000000e+00  0.000000e+00  0.000000e+00  0.000000e+00  0.000000e+00  0.000000e+00  0.000000e+00  0.000000e+00  0.000000e+00
6.694516e+05  0.000000e+00  0.000000e+00  0.000000e+00  0.000000e+00  0.000000e+00  0.000000e+00  0.000000e+00  0.000000e+00  0.000000e+00  0.000000e+00  0.000000e+00  0.000000e+00  0.000000e+00  0.000000e+00  0.000000e+00  0.000000e+00
7.511370e+05  0.000000e+00  0.000000e+00  0.000000e+00  0.000000e+00  0.000000e+00  0.000000e+00  0.000000e+00  0.000000e+00  0.000000e+00  0.000000e+00  0.000000e+00  0.000000e+00  0.000000e+00  0.000000e+00  0.000000e+00  0.000000e+00
8.427896e+05  0.000000e+00  0.000000e+00  0.000000e+00  0.000000e+00  0.000000e+00  0.000000e+00  0.000000e+00  0.000000e+00  0.000000e+00  0.000000e+00  0.000000e+00  0.000000e+00  0.000000e+00  0.000000e+00  0.000000e+00  0.000000e+00
9.456255e+05  0.000000e+00  0.000000e+00  0.000000e+00  0.000000e+00  0.000000e+00  0.000000e+00  0.000000e+00  0.000000e+00  0.000000e+00  0.000000e+00  0.000000e+00  0.000000e+00  0.000000e+00  0.000000e+00  0.000000e+00  0.000000e+00
