# dR/dEr [1/keV/kg/Myr]
# Er [keV], S, F, Ne, Cl, Na, Si, O, P, N, C, Al, Mg, Be, B, Ar, Li
1.061009e+01  6.200991e+00  5.403011e+00  0.000000e+00  0.000000e+00  2.823020e+00  0.000000e+00  3.621799e-01  0.000000e+00  0.000000e+00  0.000000e+00  0.000000e+00  0.000000e+00  1.231933e-01  0.000000e+00  0.000000e+00  0.000000e+00
1.190472e+01  2.016479e+00  9.588631e-01  0.000000e+00  0.000000e+00  6.478101e-01  0.000000e+00  0.000000e+00  0.000000e+00  0.000000e+00  0.000000e+00  0.000000e+00  0.000000e+00  0.000000e+00  0.000000e+00  0.000000e+00  0.000000e+00
1.335731e+01  3.016112e+00  6.641336e-01  0.000000e+00  0.000000e+00  0.000000e+00  0.000000e+00  0.000000e+00  0.000000e+00  0.000000e+00  0.000000e+00  0.000000e+00  0.000000e+00  0.000000e+00  0.000000e+00  0.000000e+00  0.000000e+00
1.498715e+01  7.430801e-01  1.373689e+00  0.000000e+00  0.000000e+00  3.882791e-01  0.000000e+00  1.186534e-01  0.000000e+00  0.000000e+00  0.000000e+00  0.000000e+00  0.000000e+00  0.000000e+00  0.000000e+00  0.000000e+00  0.000000e+00
1.681586e+01  1.838465e+00  1.301436e+00  2.630579e-01  0.000000e+00  5.280331e-01  1.057499e-01  0.000000e+00  0.000000e+00  0.000000e+00  0.000000e+00  0.000000e+00  0.000000e+00  0.000000e+00  0.000000e+00  0.000000e+00  0.000000e+00
1.886771e+01  1.252249e+00  1.262273e+00  0.000000e+00  0.000000e+00  2.344506e-01  0.000000e+00  0.000000e+00  0.000000e+00  0.000000e+00  0.000000e+00  0.000000e+00  0.000000e+00  0.000000e+00  0.000000e+00  0.000000e+00  0.000000e+00
2.116992e+01  1.318025e+00  1.493681e+00  0.000000e+00  0.000000e+00  2.561387e-01  0.000000e+00  1.107273e-01  0.000000e+00  0.000000e+00  0.000000e+00  3.388655e-01  0.000000e+00  0.000000e+00  0.000000e+00  0.000000e+00  0.000000e+00
2.375304e+01  2.431457e+00  4.654130e-01  5.151791e-01  0.000000e+00  9.901552e-01  0.000000e+00  1.862308e-01  0.000000e+00  0.000000e+00  0.000000e+00  0.000000e+00  0.000000e+00  0.000000e+00  0.000000e+00  0.000000e+00  0.000000e+00
2.665135e+01  2.304756e+00  1.641679e+00  8.795382e-02  5.236704e-02  1.384278e-01  0.000000e+00  0.000000e+00  5.455712e-01  0.000000e+00  0.000000e+00  0.000000e+00  0.000000e+00  0.000000e+00  0.000000e+00  0.000000e+00  0.000000e+00
2.990330e+01  2.517775e+00  1.143686e+00  1.044525e-01  0.000000e+00  5.250210e-01  0.000000e+00  1.378565e-01  0.000000e+00  0.000000e+00  0.000000e+00  1.218577e-01  0.000000e+00  3.855927e-01  0.000000e+00  0.000000e+00  0.000000e+00
3.355206e+01  3.288691e+00  1.078856e+00  1.198946e-01  0.000000e+00  2.314768e-01  0.000000e+00  5.677855e-01  0.000000e+00  0.000000e+00  0.000000e+00  3.559307e-01  0.000000e+00  5.248970e-01  0.000000e+00  0.000000e+00  0.000000e+00
3.764603e+01  4.082959e+00  1.207600e+00  6.677253e-03  6.226654e-02  8.357588e-01  0.000000e+00  5.530212e-02  0.000000e+00  0.000000e+00  0.000000e+00  0.000000e+00  0.000000e+00  1.093646e-02  0.000000e+00  0.000000e+00  0.000000e+00
4.223954e+01  3.461021e+00  1.683411e+00  1.973660e-01  0.000000e+00  8.590331e-01  0.000000e+00  9.394674e-02  0.000000e+00  0.000000e+00  0.000000e+00  1.917615e-01  0.000000e+00  1.253249e+00  0.000000e+00  0.000000e+00  0.000000e+00
4.739354e+01  4.506326e+00  1.833691e+00  4.946007e-02  1.343389e-01  2.189041e-01  0.000000e+00  1.775173e-01  0.000000e+00  0.000000e+00  0.000000e+00  0.000000e+00  0.000000e+00  5.118057e-01  0.000000e+00  0.000000e+00  0.000000e+00
5.317643e+01  4.184551e+00  9.284056e-01  1.216037e-01  0.000000e+00  7.633141e-01  0.000000e+00  2.350633e-01  0.000000e+00  0.000000e+00  0.000000e+00  1.349048e-01  0.000000e+00  0.000000e+00  0.000000e+00  0.000000e+00  0.000000e+00
5.966493e+01  5.177774e+00  2.055357e+00  1.359732e-01  6.909191e-02  6.387992e-01  0.000000e+00  4.883792e-01  0.000000e+00  0.000000e+00  0.000000e+00  1.656107e-01  0.000000e+00  7.772342e-02  0.000000e+00  0.000000e+00  0.000000e+00
6.694516e+01  5.904038e+00  1.708968e+00  2.299033e-01  0.000000e+00  7.645316e-01  0.000000e+00  8.692486e-02  0.000000e+00  8.989467e-02  0.000000e+00  2.244772e-01  0.000000e+00  3.011798e+00  0.000000e+00  0.000000e+00  0.000000e+00
7.511370e+01  6.228984e+00  2.454437e+00  3.514842e-01  7.722939e-02  5.533253e-01  0.000000e+00  1.792996e-01  0.000000e+00  0.000000e+00  0.000000e+00  1.109871e-01  0.000000e+00  8.514190e+02  0.000000e+00  0.000000e+00  0.000000e+00
8.427896e+01  7.830789e+00  2.434824e+00  1.306769e-01  2.446751e-01  6.926431e-01  0.000000e+00  4.606068e-01  0.000000e+00  0.000000e+00  0.000000e+00  0.000000e+00  0.000000e+00  1.030078e+03  0.000000e+00  0.000000e+00  0.000000e+00
9.456255e+01  7.550062e+00  1.936511e+00  2.899462e-01  8.989585e-02  8.361377e-01  0.000000e+00  9.367313e-02  0.000000e+00  6.463147e-02  0.000000e+00  9.909228e-04  0.000000e+00  7.906640e+02  0.000000e+00  0.000000e+00  0.000000e+00
1.061009e+02  8.622387e+00  2.625615e+00  2.119656e-01  3.032189e-02  8.658526e-01  0.000000e+00  1.535778e-01  0.000000e+00  0.000000e+00  9.312972e-02  1.834212e-01  0.000000e+00  5.888818e+02  0.000000e+00  0.000000e+00  0.000000e+00
1.190472e+02  9.274713e+00  3.351523e+00  3.206347e-01  6.303668e-02  1.086971e+00  0.000000e+00  1.409900e-01  0.000000e+00  1.493757e-02  1.262328e-01  5.141015e+02  0.000000e+00  4.381761e+02  0.000000e+00  6.154895e-02  0.000000e+00
1.335731e+02  1.048636e+01  3.389575e+00  3.312732e-01  1.881906e-03  9.562595e-01  0.000000e+00  1.400632e-01  0.000000e+00  0.000000e+00  0.000000e+00  4.359825e+02  0.000000e+00  3.253213e+02  0.000000e+00  0.000000e+00  0.000000e+00
1.498715e+02  2.506595e+01  4.050505e+00  1.624936e-01  5.447863e-02  4.846029e-01  0.000000e+00  4.457508e-01  0.000000e+00  3.762194e-02  1.013785e-01  3.258084e+02  0.000000e+00  2.439042e+02  0.000000e+00  0.000000e+00  0.000000e+00
1.681586e+02  3.571268e+01  4.230023e+00  2.796676e-01  5.280331e-02  5.496833e-01  5.572368e-04  3.855143e-01  0.000000e+00  8.706247e-02  0.000000e+00  2.482638e+02  0.000000e+00  1.794556e+02  0.000000e+00  0.000000e+00  0.000000e+00
1.886771e+02  2.127912e+01  4.637942e+00  2.197202e-01  5.058801e-02  1.029079e+00  2.184878e-02  4.360089e-01  1.631542e-02  1.631542e-02  0.000000e+00  1.800800e+02  0.000000e+00  1.285973e+02  0.000000e+00  0.000000e+00  0.000000e+00
2.116992e+02  9.500634e+00  6.027612e+00  2.475004e-01  1.779819e-01  5.496847e-01  1.454114e-02  2.402870e-01  0.000000e+00  0.000000e+00  4.426289e-04  1.448122e+02  0.000000e+00  8.924127e+01  0.000000e+00  1.187402e-03  0.000000e+00
2.375304e+02  7.011722e+00  2.806907e+01  3.601545e-01  1.284916e-01  7.012629e-01  5.663274e-03  3.715606e-01  2.853745e-02  0.000000e+00  7.486521e-03  1.081140e+02  0.000000e+00  6.626215e+01  0.000000e+00  2.831221e-02  0.000000e+00
2.665135e+02  5.812717e+00  2.357280e+01  3.382645e-01  1.596529e-01  1.033304e+00  1.509383e-02  2.560403e-01  0.000000e+00  1.155043e-02  5.248050e-02  7.823860e+01  0.000000e+00  4.427452e+01  0.000000e+00  0.000000e+00  0.000000e+00
2.990330e+02  3.787529e+00  3.802587e+00  1.913499e-01  7.058886e-02  7.582813e-01  1.134515e-02  4.869276e-01  5.132380e-04  1.376819e-03  2.043827e-02  5.955117e+01  0.000000e+00  3.271035e+01  0.000000e+00  0.000000e+00  0.000000e+00
3.355206e+02  3.452117e+00  3.563322e+00  2.351702e-01  1.081205e-01  7.710472e-01  9.174836e-03  3.335894e-01  8.018583e-03  6.986420e-03  4.894875e-02  4.458822e+01  1.382140e-02  2.402483e+01  0.000000e+00  0.000000e+00  2.789912e-03
3.764603e+02  2.300349e+00  2.659473e+00  3.468575e-01  1.668270e-01  8.301670e-01  4.166545e-02  2.356022e-01  0.000000e+00  1.068561e-02  0.000000e+00  2.845408e+01  0.000000e+00  1.704658e+01  0.000000e+00  0.000000e+00  0.000000e+00
4.223954e+02  1.490465e+00  2.402639e+00  1.829419e-01  1.239674e-01  7.439554e-01  5.912856e-03  2.875713e-01  4.018490e-02  7.651176e-03  3.617235e-02  2.185727e+01  0.000000e+00  8.759780e+00  0.000000e+00  5.951108e-04  0.000000e+00
4.739354e+02  1.332153e+00  2.052620e+00  2.734740e-01  1.496635e-01  6.776838e-01  2.579515e-02  3.883623e-01  4.089888e-02  3.067972e-02  0.000000e+00  1.437021e+01  0.000000e+00  6.213916e+00  3.067972e-02  0.000000e+00  0.000000e+00
5.317643e+02  1.123366e+00  1.435428e+00  3.318485e-01  8.526884e-02  6.010632e-01  1.674257e-02  2.312256e-01  3.817590e-02  4.007009e-02  2.190398e-02  1.203580e+01  0.000000e+00  4.627473e+00  1.762138e-04  1.264660e-02  0.000000e+00
5.966493e+02  1.011471e+00  1.335723e+00  3.438688e-01  2.098022e-01  5.823761e-01  4.037308e-02  2.966609e-01  3.573615e-02  1.265793e-02  1.932541e-02  8.111134e+00  0.000000e+00  3.224075e+00  0.000000e+00  6.900442e-04  0.000000e+00
6.694516e+02  8.245994e-01  1.160361e+00  3.929942e-01  2.540330e-01  5.910359e-01  3.196933e-02  3.069808e-01  1.643531e-02  1.261668e-02  1.164578e-02  5.596787e+00  0.000000e+00  2.071512e+00  0.000000e+00  0.000000e+00  0.000000e+00
7.511370e+02  6.544131e-01  8.963707e-01  2.570998e-01  1.980900e-01  3.775552e-01  1.059077e-02  2.300288e-01  2.203026e-02  2.551840e-02  7.964675e-03  3.961895e+00  0.000000e+00  1.335512e+00  0.000000e+00  0.000000e+00  0.000000e+00
8.427896e+02  4.437274e-01  8.067387e-01  2.456999e-01  1.682091e-01  4.588687e-01  1.014003e-02  2.566734e-01  7.554433e-03  7.295270e-03  3.938875e-02  2.045948e+00  0.000000e+00  7.198120e-01  0.000000e+00  1.642089e-02  0.000000e+00
9.456255e+02  4.481017e-01  5.921313e-01  3.262344e-01  1.517782e-01  3.758523e-01  2.882122e-02  2.726831e-01  2.227658e-02  0.000000e+00  2.266517e-02  1.799588e+00  1.475904e-03  4.974531e-01  0.000000e+00  0.000000e+00  0.000000e+00
1.061009e+03  3.943050e-01  4.129837e-01  3.178981e-01  2.051089e-01  3.270321e-01  2.354389e-02  2.338258e-01  2.005941e-02  4.749555e-02  1.420940e-02  1.222411e+00  0.000000e+00  2.207680e-01  6.987371e-03  4.370709e-03  0.000000e+00
1.190472e+03  2.792357e-01  3.564595e-01  2.809868e-01  2.120113e-01  1.921929e-01  3.149109e-02  1.641873e-01  3.415777e-02  1.212025e-02  4.559869e-02  7.415080e-01  0.000000e+00  1.890218e-01  0.000000e+00  0.000000e+00  0.000000e+00
1.335731e+03  2.718246e-01  3.612577e-01  2.431658e-01  1.482628e-01  1.706489e-01  2.202113e-02  1.786775e-01  1.492908e-02  2.632072e-02  1.097372e-02  3.443075e-01  0.000000e+00  9.235047e-02  1.036088e-02  0.000000e+00  0.000000e+00
1.498715e+03  1.703009e-01  2.631092e-01  1.826668e-01  1.870050e-01  1.410806e-01  5.687101e-02  1.832576e-01  4.197498e-02  4.325742e-02  2.049171e-02  1.784586e-01  1.389126e-03  1.080845e-01  0.000000e+00  0.000000e+00  2.538367e-03
1.681586e+03  9.366355e-02  2.708535e-01  1.613659e-01  1.498556e-01  1.766851e-01  2.273347e-02  1.173313e-01  3.631055e-02  3.325916e-02  3.048901e-02  2.186658e-01  0.000000e+00  4.811754e-02  9.379498e-03  0.000000e+00  5.566606e-04
1.886771e+03  1.235893e-01  1.849062e-01  1.737271e-01  1.668038e-01  1.497044e-01  3.134940e-02  1.059725e-01  3.506682e-02  1.984152e-02  3.007257e-02  1.094750e-01  7.353612e-03  2.132060e-03  1.380613e-02  3.463836e-04  0.000000e+00
2.116992e+03  7.797599e-02  1.902298e-01  1.016166e-01  1.089366e-01  6.528527e-02  2.487176e-02  9.027006e-02  2.875759e-02  1.002174e-02  1.881159e-02  6.567840e-02  4.024085e-03  2.194022e-02  1.187402e-04  0.000000e+00  1.187402e-04
2.375304e+03  4.821343e-02  1.007948e-01  1.142786e-01  1.741488e-01  7.831636e-02  5.110906e-02  8.375700e-02  2.117632e-02  1.117781e-02  8.249891e-03  6.616783e-02  6.461284e-05  0.000000e+00  3.020142e-03  0.000000e+00  4.199401e-03
2.665135e+03  4.272716e-02  9.063720e-02  8.401424e-02  1.684986e-01  3.873072e-02  2.074206e-02  5.392144e-02  4.312787e-02  1.137314e-02  2.483929e-02  4.311934e-02  1.123106e-02  5.708054e-03  4.326421e-03  0.000000e+00  6.419776e-03
2.990330e+03  1.794766e-02  6.300167e-02  6.137462e-02  1.233737e-01  2.999100e-02  3.630104e-02  4.011017e-02  2.382678e-02  2.199762e-02  2.283932e-02  3.470207e-02  5.353648e-03  0.000000e+00  3.993608e-03  0.000000e+00  9.840430e-03
3.355206e+03  1.466332e-02  7.650450e-02  7.608701e-02  1.356225e-01  1.747939e-02  3.277769e-02  1.835607e-02  1.860727e-02  1.074879e-02  1.519591e-02  1.152060e-02  5.247048e-03  3.178153e-03  1.086058e-03  0.000000e+00  1.028480e-04
3.764603e+03  5.347418e-03  3.165713e-02  5.587804e-02  8.205127e-02  1.386110e-02  3.635810e-02  1.320477e-02  1.321462e-02  1.231128e-02  2.001965e-02  1.692346e-02  3.016688e-03  2.489085e-05  3.794894e-03  0.000000e+00  9.188802e-03
4.223954e+03  2.049428e-03  1.810388e-02  2.798654e-02  6.187326e-02  9.141239e-03  1.363329e-02  1.293249e-02  1.895972e-02  1.388965e-02  1.624755e-02  1.176073e-02  4.245963e-03  0.000000e+00  4.775239e-03  0.000000e+00  5.510862e-03
4.739354e+03  1.759027e-03  1.967211e-02  2.877352e-02  6.415479e-02  7.534986e-03  1.781017e-02  5.028692e-03  1.526462e-02  7.152004e-03  1.085713e-02  1.008817e-02  3.842921e-03  1.378978e-04  6.144326e-04  0.000000e+00  2.633294e-03
5.317643e+03  3.189273e-03  1.994870e-02  2.554303e-02  3.800919e-02  2.533390e-03  1.651292e-02  3.009711e-03  2.539066e-02  1.183818e-02  1.339749e-02  7.214448e-03  4.007119e-03  0.000000e+00  5.679977e-03  0.000000e+00  4.486376e-03
5.966493e+03  2.992622e-03  1.063683e-02  1.586044e-02  2.945179e-02  3.163482e-03  1.599679e-02  3.951415e-03  1.708631e-02  6.945454e-03  9.846368e-03  5.686046e-04  1.589969e-03  0.000000e+00  1.765643e-03  0.000000e+00  2.593838e-03
6.694516e+03  2.292550e-05  8.270731e-03  1.142014e-02  2.447482e-02  1.863347e-03  2.743765e-02  2.276635e-03  9.957551e-03  8.230326e-03  9.471822e-03  7.944286e-03  4.966535e-03  0.000000e+00  1.408048e-03  0.000000e+00  1.398268e-04
7.511370e+03  8.945462e-04  7.291763e-03  8.199652e-03  1.059163e-02  2.294112e-03  1.644893e-02  3.774410e-03  9.619385e-03  2.044996e-03  5.279640e-03  8.599190e-04  2.859329e-03  0.000000e+00  3.444543e-04  0.000000e+00  6.974035e-03
8.427896e+03  1.172434e-03  7.141038e-03  4.192959e-03  8.134564e-03  1.574975e-03  2.178181e-02  2.604132e-03  1.855200e-02  3.160637e-03  3.402907e-03  3.566172e-03  4.535220e-03  0.000000e+00  2.144505e-04  0.000000e+00  2.478763e-03
9.456255e+03  0.000000e+00  1.863083e-03  4.159712e-03  1.273187e-02  1.442526e-03  1.330100e-02  2.658262e-05  7.390813e-03  4.060686e-03  2.604989e-03  5.826319e-03  6.175897e-03  0.000000e+00  2.462045e-03  0.000000e+00  3.853479e-04
1.061009e+04  0.000000e+00  3.234302e-03  1.338739e-03  7.778062e-03  6.998173e-04  1.083338e-02  2.693551e-03  3.603991e-03  3.822457e-04  3.630704e-03  4.380944e-03  2.864102e-03  0.000000e+00  1.446501e-05  0.000000e+00  2.287081e-03
1.190472e+04  0.000000e+00  8.890538e-05  7.863040e-05  4.706648e-03  0.000000e+00  4.195874e-03  7.871179e-06  8.830555e-04  2.578391e-05  3.844513e-03  3.344839e-03  1.035789e-03  0.000000e+00  1.011030e-03  0.000000e+00  1.703173e-03
1.335731e+04  0.000000e+00  1.734377e-03  1.960793e-03  5.200547e-03  0.000000e+00  2.479353e-03  3.082314e-05  1.578706e-03  2.610015e-04  3.066550e-03  2.078311e-03  7.970734e-04  0.000000e+00  0.000000e+00  0.000000e+00  1.519889e-03
1.498715e+04  0.000000e+00  1.031178e-03  1.389126e-04  9.055787e-04  0.000000e+00  2.089638e-03  0.000000e+00  1.865637e-03  3.094225e-04  7.029151e-04  3.354500e-05  9.158819e-04  0.000000e+00  2.701295e-05  0.000000e+00  1.931825e-03
1.681586e+04  0.000000e+00  3.306082e-04  9.126806e-06  5.049034e-04  0.000000e+00  3.383708e-03  5.572368e-06  6.176221e-04  0.000000e+00  1.238060e-04  8.299616e-05  8.014975e-05  0.000000e+00  1.724216e-03  0.000000e+00  1.599045e-03
1.886771e+04  0.000000e+00  4.516469e-04  0.000000e+00  7.974273e-04  0.000000e+00  2.049476e-03  0.000000e+00  1.586239e-03  0.000000e+00  0.000000e+00  1.082052e-03  8.891163e-04  0.000000e+00  1.292345e-03  0.000000e+00  1.912424e-03
2.116992e+04  0.000000e+00  4.426289e-06  0.000000e+00  9.239730e-04  0.000000e+00  2.387438e-05  0.000000e+00  4.667543e-04  0.000000e+00  0.000000e+00  0.000000e+00  6.868335e-04  0.000000e+00  1.636689e-03  0.000000e+00  4.667543e-04
2.375304e+04  0.000000e+00  0.000000e+00  0.000000e+00  3.944935e-06  0.000000e+00  5.761553e-04  3.940855e-05  1.428270e-04  0.000000e+00  1.952324e-04  4.854324e-04  1.292257e-05  0.000000e+00  0.000000e+00  0.000000e+00  1.148006e-03
2.665135e+04  0.000000e+00  3.512291e-05  0.000000e+00  5.821167e-04  0.000000e+00  0.000000e+00  0.000000e+00  0.000000e+00  0.000000e+00  2.452208e-05  0.000000e+00  0.000000e+00  0.000000e+00  0.000000e+00  0.000000e+00  3.512291e-05
2.990330e+04  0.000000e+00  0.000000e+00  0.000000e+00  2.012491e-04  0.000000e+00  0.000000e+00  0.000000e+00  0.000000e+00  0.000000e+00  0.000000e+00  0.000000e+00  3.147006e-04  0.000000e+00  4.990442e-04  0.000000e+00  2.870529e-04
3.355206e+04  0.000000e+00  0.000000e+00  0.000000e+00  0.000000e+00  0.000000e+00  0.000000e+00  0.000000e+00  0.000000e+00  0.000000e+00  0.000000e+00  0.000000e+00  7.492002e-06  0.000000e+00  2.004351e-04  0.000000e+00  3.895716e-05
3.764603e+04  0.000000e+00  0.000000e+00  0.000000e+00  5.530212e-05  0.000000e+00  0.000000e+00  0.000000e+00  0.000000e+00  0.000000e+00  0.000000e+00  0.000000e+00  1.598578e-04  0.000000e+00  5.530212e-05  0.000000e+00  2.489085e-06
4.223954e+04  0.000000e+00  0.000000e+00  0.000000e+00  3.304137e-05  0.000000e+00  0.000000e+00  0.000000e+00  5.256074e-04  0.000000e+00  0.000000e+00  0.000000e+00  1.953950e-04  0.000000e+00  0.000000e+00  0.000000e+00  0.000000e+00
4.739354e+04  0.000000e+00  0.000000e+00  0.000000e+00  0.000000e+00  0.000000e+00  0.000000e+00  0.000000e+00  1.977151e-06  0.000000e+00  0.000000e+00  0.000000e+00  3.142530e-05  0.000000e+00  1.269796e-04  0.000000e+00  0.000000e+00
5.317643e+04  0.000000e+00  0.000000e+00  0.000000e+00  0.000000e+00  0.000000e+00  0.000000e+00  0.000000e+00  0.000000e+00  0.000000e+00  0.000000e+00  0.000000e+00  0.000000e+00  0.000000e+00  0.000000e+00  0.000000e+00  0.000000e+00
5.966493e+04  0.000000e+00  0.000000e+00  0.000000e+00  0.000000e+00  0.000000e+00  0.000000e+00  0.000000e+00  0.000000e+00  0.000000e+00  0.000000e+00  0.000000e+00  0.000000e+00  0.000000e+00  0.000000e+00  0.000000e+00  0.000000e+00
6.694516e+04  0.000000e+00  0.000000e+00  0.000000e+00  0.000000e+00  0.000000e+00  0.000000e+00  0.000000e+00  0.000000e+00  0.000000e+00  0.000000e+00  0.000000e+00  0.000000e+00  0.000000e+00  0.000000e+00  0.000000e+00  5.207665e-05
7.511370e+04  0.000000e+00  0.000000e+00  0.000000e+00  0.000000e+00  0.000000e+00  0.000000e+00  0.000000e+00  0.000000e+00  0.000000e+00  0.000000e+00  0.000000e+00  0.000000e+00  0.000000e+00  0.000000e+00  0.000000e+00  2.044996e-04
8.427896e+04  0.000000e+00  0.000000e+00  0.000000e+00  0.000000e+00  0.000000e+00  0.000000e+00  0.000000e+00  0.000000e+00  0.000000e+00  0.000000e+00  0.000000e+00  0.000000e+00  0.000000e+00  0.000000e+00  0.000000e+00  0.000000e+00
9.456255e+04  0.000000e+00  0.000000e+00  0.000000e+00  0.000000e+00  0.000000e+00  0.000000e+00  0.000000e+00  0.000000e+00  0.000000e+00  0.000000e+00  0.000000e+00  0.000000e+00  0.000000e+00  0.000000e+00  0.000000e+00  0.000000e+00
1.061009e+05  0.000000e+00  0.000000e+00  0.000000e+00  0.000000e+00  0.000000e+00  0.000000e+00  0.000000e+00  0.000000e+00  0.000000e+00  0.000000e+00  0.000000e+00  0.000000e+00  0.000000e+00  0.000000e+00  0.000000e+00  0.000000e+00
1.190472e+05  0.000000e+00  0.000000e+00  0.000000e+00  0.000000e+00  0.000000e+00  0.000000e+00  0.000000e+00  0.000000e+00  0.000000e+00  0.000000e+00  0.000000e+00  0.000000e+00  0.000000e+00  0.000000e+00  0.000000e+00  0.000000e+00
1.335731e+05  0.000000e+00  0.000000e+00  0.000000e+00  0.000000e+00  0.000000e+00  0.000000e+00  0.000000e+00  0.000000e+00  0.000000e+00  0.000000e+00  0.000000e+00  0.000000e+00  0.000000e+00  0.000000e+00  0.000000e+00  0.000000e+00
1.498715e+05  0.000000e+00  0.000000e+00  0.000000e+00  0.000000e+00  0.000000e+00  0.000000e+00  0.000000e+00  0.000000e+00  0.000000e+00  0.000000e+00  0.000000e+00  0.000000e+00  0.000000e+00  0.000000e+00  0.000000e+00  0.000000e+00
1.681586e+05  0.000000e+00  0.000000e+00  0.000000e+00  0.000000e+00  0.000000e+00  0.000000e+00  0.000000e+00  0.000000e+00  0.000000e+00  0.000000e+00  0.000000e+00  0.000000e+00  0.000000e+00  0.000000e+00  0.000000e+00  0.000000e+00
1.886771e+05  0.000000e+00  0.000000e+00  0.000000e+00  0.000000e+00  0.000000e+00  0.000000e+00  0.000000e+00  0.000000e+00  0.000000e+00  0.000000e+00  0.000000e+00  0.000000e+00  0.000000e+00  0.000000e+00  0.000000e+00  0.000000e+00
2.116992e+05  0.000000e+00  0.000000e+00  0.000000e+00  0.000000e+00  0.000000e+00  0.000000e+00  0.000000e+00  0.000000e+00  0.000000e+00  0.000000e+00  0.000000e+00  0.000000e+00  0.000000e+00  0.000000e+00  0.000000e+00  0.000000e+00
2.375304e+05  0.000000e+00  0.000000e+00  0.000000e+00  0.000000e+00  0.000000e+00  0.000000e+00  0.000000e+00  0.000000e+00  0.000000e+00  0.000000e+00  0.000000e+00  0.000000e+00  0.000000e+00  0.000000e+00  0.000000e+00  0.000000e+00
2.665135e+05  0.000000e+00  0.000000e+00  0.000000e+00  0.000000e+00  0.000000e+00  0.000000e+00  0.000000e+00  0.000000e+00  0.000000e+00  0.000000e+00  0.000000e+00  0.000000e+00  0.000000e+00  0.000000e+00  0.000000e+00  0.000000e+00
2.990330e+05  0.000000e+00  0.000000e+00  0.000000e+00  0.000000e+00  0.000000e+00  0.000000e+00  0.000000e+00  0.000000e+00  0.000000e+00  0.000000e+00  0.000000e+00  0.000000e+00  0.000000e+00  0.000000e+00  0.000000e+00  0.000000e+00
3.355206e+05  0.000000e+00  0.000000e+00  0.000000e+00  0.000000e+00  0.000000e+00  0.000000e+00  0.000000e+00  0.000000e+00  0.000000e+00  0.000000e+00  0.000000e+00  0.000000e+00  0.000000e+00  0.000000e+00  0.000000e+00  0.000000e+00
3.764603e+05  0.000000e+00  0.000000e+00  0.000000e+00  0.000000e+00  0.000000e+00  0.000000e+00  0.000000e+00  0.000000e+00  0.000000e+00  0.000000e+00  0.000000e+00  0.000000e+00  0.000000e+00  0.000000e+00  0.000000e+00  0.000000e+00
4.223954e+05  0.000000e+00  0.000000e+00  0.000000e+00  0.000000e+00  0.000000e+00  0.000000e+00  0.000000e+00  0.000000e+00  0.000000e+00  0.000000e+00  0.000000e+00  0.000000e+00  0.000000e+00  0.000000e+00  0.000000e+00  0.000000e+00
4.739354e+05  0.000000e+00  0.000000e+00  0.000000e+00  0.000000e+00  0.000000e+00  0.000000e+00  0.000000e+00  0.000000e+00  0.000000e+00  0.000000e+00  0.000000e+00  0.000000e+00  0.000000e+00  0.000000e+00  0.000000e+00  0.000000e+00
5.317643e+05  0.000000e+00  0.000000e+00  0.000000e+00  0.000000e+00  0.000000e+00  0.000000e+00  0.000000e+00  0.000000e+00  0.000000e+00  0.000000e+00  0.000000e+00  0.000000e+00  0.000000e+00  0.000000e+00  0.000000e+00  0.000000e+00
5.966493e+05  0.000000e+00  0.000000e+00  0.000000e+00  0.000000e+00  0.000000e+00  0.000000e+00  0.000000e+00  0.000000e+00  0.000000e+00  0.000000e+00  0.000000e+00  0.000000e+00  0.000000e+00  0.000000e+00  0.000000e+00  0.000000e+00
6.694516e+05  0.000000e+00  0.000000e+00  0.000000e+00  0.000000e+00  0.000000e+00  0.000000e+00  0.000000e+00  0.000000e+00  0.000000e+00  0.000000e+00  0.000000e+00  0.000000e+00  0.000000e+00  0.000000e+00  0.000000e+00  0.000000e+00
7.511370e+05  0.000000e+00  0.000000e+00  0.000000e+00  0.000000e+00  0.000000e+00  0.000000e+00  0.000000e+00  0.000000e+00  0.000000e+00  0.000000e+00  0.000000e+00  0.000000e+00  0.000000e+00  0.000000e+00  0.000000e+00  0.000000e+00
8.427896e+05  0.000000e+00  0.000000e+00  0.000000e+00  0.000000e+00  0.000000e+00  0.000000e+00  0.000000e+00  0.000000e+00  0.000000e+00  0.000000e+00  0.000000e+00  0.000000e+00  0.000000e+00  0.000000e+00  0.000000e+00  0.000000e+00
9.456255e+05  0.000000e+00  0.000000e+00  0.000000e+00  0.000000e+00  0.000000e+00  0.000000e+00  0.000000e+00  0.000000e+00  0.000000e+00  0.000000e+00  0.000000e+00  0.000000e+00  0.000000e+00  0.000000e+00  0.000000e+00  0.000000e+00
