# dR/dEr [1/keV/kg/Myr]
# Er [keV], S, F, Ne, Cl, Na, Si, O, P, N, C, Al, Mg, Be, B, Ar, Li
1.061009e+01  1.162999e+04  8.438365e+03  0.000000e+00  0.000000e+00  2.523047e+03  0.000000e+00  8.360379e+02  0.000000e+00  0.000000e+00  0.000000e+00  0.000000e+00  0.000000e+00  6.584763e+00  0.000000e+00  0.000000e+00  0.000000e+00
1.190472e+01  4.515132e+03  6.296973e+02  0.000000e+00  0.000000e+00  1.422128e+03  0.000000e+00  0.000000e+00  0.000000e+00  0.000000e+00  0.000000e+00  0.000000e+00  0.000000e+00  0.000000e+00  0.000000e+00  0.000000e+00  0.000000e+00
1.335731e+01  6.343336e+03  1.332495e+03  0.000000e+00  0.000000e+00  0.000000e+00  0.000000e+00  0.000000e+00  0.000000e+00  0.000000e+00  0.000000e+00  0.000000e+00  0.000000e+00  0.000000e+00  0.000000e+00  0.000000e+00  0.000000e+00
1.498715e+01  1.669681e+03  1.439722e+03  0.000000e+00  0.000000e+00  6.800199e+02  0.000000e+00  2.898940e+02  0.000000e+00  0.000000e+00  0.000000e+00  0.000000e+00  0.000000e+00  0.000000e+00  0.000000e+00  0.000000e+00  0.000000e+00
1.681586e+01  4.107937e+03  1.313180e+03  6.017166e+02  0.000000e+00  1.136563e+03  2.583683e+02  0.000000e+00  0.000000e+00  0.000000e+00  0.000000e+00  0.000000e+00  0.000000e+00  0.000000e+00  0.000000e+00  0.000000e+00  0.000000e+00
1.886771e+01  2.834568e+03  1.699036e+03  0.000000e+00  0.000000e+00  5.362805e+02  0.000000e+00  0.000000e+00  0.000000e+00  0.000000e+00  0.000000e+00  0.000000e+00  0.000000e+00  0.000000e+00  0.000000e+00  0.000000e+00  0.000000e+00
2.116992e+01  2.812209e+03  2.028918e+03  0.000000e+00  0.000000e+00  5.735989e+02  0.000000e+00  2.571279e+02  0.000000e+00  0.000000e+00  0.000000e+00  2.965968e+01  0.000000e+00  0.000000e+00  0.000000e+00  0.000000e+00  0.000000e+00
2.375304e+01  5.171779e+03  1.027156e+03  2.742615e+02  0.000000e+00  1.052109e+03  0.000000e+00  4.259827e+02  0.000000e+00  0.000000e+00  0.000000e+00  0.000000e+00  0.000000e+00  0.000000e+00  0.000000e+00  0.000000e+00  0.000000e+00
2.665135e+01  4.451015e+03  1.528226e+03  2.042440e+02  2.745826e+00  3.325196e+02  0.000000e+00  0.000000e+00  1.560287e+02  0.000000e+00  0.000000e+00  0.000000e+00  0.000000e+00  0.000000e+00  0.000000e+00  0.000000e+00  0.000000e+00
2.990330e+01  4.890206e+03  2.177436e+03  2.596170e+02  0.000000e+00  1.568294e+02  0.000000e+00  3.273238e+02  0.000000e+00  0.000000e+00  0.000000e+00  7.000838e+00  0.000000e+00  4.108518e+01  0.000000e+00  0.000000e+00  0.000000e+00
3.355206e+01  6.261398e+03  1.565576e+03  2.404603e+02  0.000000e+00  5.241531e+02  0.000000e+00  4.013397e+02  0.000000e+00  0.000000e+00  0.000000e+00  3.726325e+01  0.000000e+00  4.315168e+01  0.000000e+00  0.000000e+00  0.000000e+00
3.764603e+01  6.870805e+03  1.021208e+03  3.572170e-01  1.445936e+02  5.456247e+02  0.000000e+00  2.613105e+00  0.000000e+00  0.000000e+00  0.000000e+00  0.000000e+00  0.000000e+00  5.757813e-01  0.000000e+00  0.000000e+00  0.000000e+00
4.223954e+01  6.497937e+03  3.288265e+03  1.886161e+01  0.000000e+00  1.380488e+03  0.000000e+00  2.062297e+02  0.000000e+00  0.000000e+00  0.000000e+00  1.355757e+01  0.000000e+00  4.838281e+02  0.000000e+00  0.000000e+00  0.000000e+00
4.739354e+01  9.128550e+03  3.509669e+03  1.148548e+02  2.850877e+02  4.411063e+02  0.000000e+00  4.163799e+02  0.000000e+00  0.000000e+00  0.000000e+00  0.000000e+00  0.000000e+00  1.930965e+02  0.000000e+00  0.000000e+00  0.000000e+00
5.317643e+01  7.910680e+03  2.066292e+03  2.864321e+02  0.000000e+00  9.872932e+02  0.000000e+00  5.554512e+02  0.000000e+00  0.000000e+00  0.000000e+00  1.180773e+01  0.000000e+00  0.000000e+00  0.000000e+00  0.000000e+00  0.000000e+00
5.966493e+01  1.062301e+04  3.740023e+03  3.181178e+02  1.640505e+02  5.887603e+02  0.000000e+00  4.485037e+02  0.000000e+00  0.000000e+00  0.000000e+00  1.634272e+01  0.000000e+00  5.456487e+00  0.000000e+00  0.000000e+00  0.000000e+00
6.694516e+01  1.149378e+04  3.145639e+03  5.289026e+02  0.000000e+00  1.395708e+03  0.000000e+00  1.522375e+02  0.000000e+00  7.084790e+00  0.000000e+00  8.063071e+01  0.000000e+00  1.447422e+03  0.000000e+00  0.000000e+00  0.000000e+00
7.511370e+01  1.207791e+04  4.103193e+03  4.068679e+02  1.652511e+02  8.211739e+02  0.000000e+00  3.764815e+02  0.000000e+00  0.000000e+00  0.000000e+00  1.060666e+01  0.000000e+00  4.382723e+05  0.000000e+00  0.000000e+00  0.000000e+00
8.427896e+01  1.536038e+04  4.874670e+03  2.900330e+02  3.804027e+02  1.193234e+03  0.000000e+00  5.876704e+02  0.000000e+00  0.000000e+00  0.000000e+00  0.000000e+00  0.000000e+00  5.327288e+05  0.000000e+00  0.000000e+00  0.000000e+00
9.456255e+01  1.533801e+04  3.808146e+03  3.421060e+02  1.992618e+02  1.014900e+03  0.000000e+00  1.925498e+02  0.000000e+00  5.070384e+00  0.000000e+00  5.473703e-02  0.000000e+00  4.022371e+05  0.000000e+00  0.000000e+00  0.000000e+00
1.061009e+02  1.820798e+04  4.939156e+03  2.970706e+02  7.321879e+01  1.469254e+03  0.000000e+00  3.448272e+02  0.000000e+00  0.000000e+00  9.190186e+00  1.229666e+02  0.000000e+00  3.093941e+05  0.000000e+00  0.000000e+00  0.000000e+00
1.190472e+02  1.947898e+04  6.275618e+03  6.538729e+02  1.028282e+02  1.257730e+03  0.000000e+00  1.711843e+02  0.000000e+00  3.649549e+01  4.534198e+01  2.753294e+05  0.000000e+00  2.263762e+05  0.000000e+00  5.344402e+00  0.000000e+00
1.335731e+02  2.203148e+04  6.937828e+03  4.442067e+02  1.006774e-01  1.675892e+03  0.000000e+00  2.335317e+02  0.000000e+00  0.000000e+00  0.000000e+00  2.275423e+05  0.000000e+00  1.661096e+05  0.000000e+00  0.000000e+00  0.000000e+00
1.498715e+02  5.423934e+04  7.946154e+03  3.628148e+02  1.082282e+02  1.021614e+03  0.000000e+00  3.694924e+02  0.000000e+00  5.863517e+01  2.797934e+01  1.704691e+05  0.000000e+00  1.247362e+05  0.000000e+00  0.000000e+00  0.000000e+00
1.681586e+02  7.817413e+04  7.971745e+03  4.470950e+02  1.136563e+02  8.363228e+02  3.078089e-02  4.984315e+02  0.000000e+00  2.199660e+01  0.000000e+00  1.256209e+05  0.000000e+00  9.083840e+04  0.000000e+00  0.000000e+00  0.000000e+00
1.886771e+02  4.531699e+04  9.540216e+03  3.300467e+02  1.162362e+02  1.804497e+03  5.187732e+01  4.654951e+02  3.550863e+01  3.550863e+01  0.000000e+00  9.484771e+04  0.000000e+00  6.761695e+04  0.000000e+00  0.000000e+00  0.000000e+00
2.116992e+02  1.965455e+04  1.176333e+04  4.214640e+02  2.600689e+02  7.344071e+02  3.164710e+01  4.377419e+02  0.000000e+00  0.000000e+00  2.445013e-02  7.374890e+04  0.000000e+00  4.415538e+04  0.000000e+00  6.352316e-02  0.000000e+00
2.375304e+02  1.418014e+04  6.166620e+04  6.767832e+02  2.394931e+02  1.096576e+03  1.439277e+01  4.494751e+02  5.697372e+01  0.000000e+00  1.829107e+01  5.464327e+04  0.000000e+00  3.209260e+04  0.000000e+00  4.294319e+01  0.000000e+00
2.665135e+02  1.163378e+04  5.130645e+04  6.999532e+02  1.491256e+02  1.561302e+03  3.027216e+01  3.474378e+02  0.000000e+00  2.513818e+01  1.374784e+01  4.058116e+04  0.000000e+00  2.334464e+04  0.000000e+00  0.000000e+00  0.000000e+00
2.990330e+02  7.014473e+03  7.700377e+03  3.791823e+02  1.397919e+02  1.253174e+03  6.551128e-01  6.461056e+02  2.790016e-02  7.248657e-02  1.603396e+00  3.079469e+04  0.000000e+00  1.746383e+04  0.000000e+00  0.000000e+00  0.000000e+00
3.355206e+02  6.105840e+03  6.784044e+03  4.433609e+02  1.812019e+02  1.319018e+03  1.996797e+01  4.745337e+02  2.037860e+01  1.622367e+01  1.630605e+01  2.264680e+04  9.703159e-01  1.161096e+04  0.000000e+00  0.000000e+00  1.625529e-01
3.764603e+02  4.088956e+03  5.043367e+03  5.494271e+02  1.288600e+02  1.485459e+03  3.246649e+00  3.470935e+02  0.000000e+00  2.143105e+01  0.000000e+00  1.538551e+04  0.000000e+00  8.486790e+03  0.000000e+00  0.000000e+00  0.000000e+00
4.223954e+02  2.626704e+03  4.133926e+03  3.503833e+02  1.656694e+02  1.243611e+03  1.290667e+01  5.107841e+02  3.415983e+01  1.588087e+01  1.281094e+01  1.167958e+04  0.000000e+00  4.771165e+03  0.000000e+00  3.183700e-02  0.000000e+00
4.739354e+02  2.013181e+03  3.326441e+03  5.018052e+02  3.043743e+02  1.041290e+03  1.354291e+01  4.508313e+02  2.718994e+01  8.774137e+00  0.000000e+00  7.056043e+03  0.000000e+00  3.228958e+03  8.774137e+00  0.000000e+00  0.000000e+00
5.317643e+02  1.536856e+03  2.167596e+03  5.098737e+02  1.379826e+02  1.137603e+03  3.624113e+01  4.237987e+02  3.598257e+01  3.708435e+01  1.391733e+01  5.785771e+03  0.000000e+00  2.546803e+03  9.733773e-03  1.918202e+01  0.000000e+00
5.966493e+02  1.366116e+03  1.838244e+03  5.234903e+02  2.275523e+02  1.121158e+03  2.655124e+01  3.956417e+02  3.826975e+01  2.258028e+01  2.059137e+00  4.311629e+03  0.000000e+00  1.655905e+03  0.000000e+00  3.632935e-02  0.000000e+00
6.694516e+02  1.031547e+03  1.537443e+03  6.425381e+02  3.479310e+02  1.063914e+03  2.945994e+01  5.219970e+02  3.118637e+01  2.716600e+01  7.198396e+00  2.966302e+03  0.000000e+00  8.908226e+02  0.000000e+00  0.000000e+00  0.000000e+00
7.511370e+02  8.384318e+02  1.197140e+03  4.533307e+02  2.809405e+02  7.164172e+02  9.508810e+00  3.898754e+02  3.874738e+01  2.145167e+01  4.984817e+00  1.861669e+03  0.000000e+00  6.404705e+02  0.000000e+00  0.000000e+00  0.000000e+00
8.427896e+02  5.208954e+02  9.721508e+02  3.785129e+02  3.274434e+02  7.729710e+02  2.361971e+01  4.405750e+02  1.603166e+01  6.716923e+00  6.582085e+00  1.016340e+03  0.000000e+00  3.061697e+02  0.000000e+00  7.055589e+00  0.000000e+00
9.456255e+02  4.978872e+02  8.294759e+02  5.043200e+02  2.014320e+02  6.566662e+02  2.522875e+01  4.493063e+02  4.720586e+01  0.000000e+00  2.002052e+01  8.026557e+02  7.738789e-02  2.511518e+02  0.000000e+00  0.000000e+00  0.000000e+00
1.061009e+03  4.552085e+02  5.738294e+02  4.667380e+02  3.219115e+02  5.184258e+02  3.384765e+01  4.276741e+02  3.489533e+01  4.132416e+01  3.512569e+00  6.036219e+02  0.000000e+00  8.268538e+01  5.159921e-01  3.068408e-01  0.000000e+00
1.190472e+03  3.053006e+02  5.013062e+02  4.302961e+02  3.275680e+02  4.060207e+02  2.893255e+01  2.541880e+02  4.093931e+01  1.842177e+01  6.800348e+00  3.607290e+02  0.000000e+00  1.081970e+02  0.000000e+00  0.000000e+00  0.000000e+00
1.335731e+03  2.947890e+02  4.315622e+02  3.510023e+02  2.539323e+02  3.297925e+02  1.447436e+01  3.408007e+02  1.485313e+01  2.915110e+01  4.809145e+00  1.765865e+02  0.000000e+00  3.227231e+01  4.451775e+00  0.000000e+00  0.000000e+00
1.498715e+03  1.881071e+02  3.250608e+02  2.934844e+02  2.625405e+02  2.224577e+02  4.237107e+01  2.879475e+02  4.805785e+01  3.915909e+01  6.907817e+00  1.174710e+02  6.563822e-02  5.894169e+01  0.000000e+00  0.000000e+00  1.451752e-01
1.681586e+03  7.436132e+01  2.885300e+02  2.198650e+02  2.314136e+02  2.549357e+02  2.495247e+01  2.278595e+02  3.166340e+01  2.766889e+01  1.276495e+01  9.770950e+01  0.000000e+00  4.166397e+01  2.878244e+00  0.000000e+00  3.243357e-02
1.886771e+03  9.727999e+01  1.794822e+02  2.232671e+02  3.050423e+02  2.045426e+02  2.478874e+01  2.037017e+02  3.227112e+01  2.181225e+01  1.377185e+01  5.377540e+01  3.536179e+00  4.276056e+00  1.340508e+00  1.851442e-02  0.000000e+00
2.116992e+03  8.325991e+01  1.842826e+02  1.474039e+02  1.843133e+02  8.414353e+01  2.164550e+01  1.478285e+02  2.949610e+01  7.107058e+00  1.095537e+01  2.152279e+01  1.911492e+00  7.959972e+00  6.352316e-03  0.000000e+00  6.352316e-03
2.375304e+03  3.121765e+01  1.103443e+02  1.289635e+02  2.562129e+02  8.037312e+01  3.388429e+01  1.328031e+02  2.740770e+01  1.781389e+01  3.926426e+00  3.411941e+01  3.512422e-03  0.000000e+00  2.643422e-01  0.000000e+00  4.126897e-01
2.665135e+03  3.285660e+01  7.414004e+01  1.023805e+02  2.085754e+02  3.934892e+01  2.548358e+01  8.382464e+01  4.665172e+01  9.005085e+00  1.816223e+01  1.382163e+01  4.277765e+00  3.002760e+00  4.609833e-01  0.000000e+00  2.062263e+00
2.990330e+03  5.484148e+00  5.127004e+01  6.344564e+01  1.576800e+02  3.400407e+01  3.113279e+01  5.826068e+01  3.146189e+01  5.494463e+00  5.017522e+00  1.066867e+01  4.361703e-01  0.000000e+00  4.181005e-01  0.000000e+00  3.037623e+00
3.355206e+03  6.613855e+00  5.827921e+01  5.207666e+01  1.624544e+02  1.019013e+01  3.231076e+01  3.945665e+01  2.019145e+01  6.507177e+00  6.760643e+00  2.367237e+00  2.504776e+00  2.127231e+00  6.239503e-02  0.000000e+00  5.550740e-03
3.764603e+03  2.495228e+00  2.280829e+01  3.731215e+01  1.012493e+02  7.615745e+00  2.207339e+01  2.188083e+01  1.486299e+01  3.542250e+00  6.281746e+00  3.934155e+00  1.990900e-01  1.374932e-03  1.759191e+00  0.000000e+00  1.411475e+00
4.223954e+03  1.464737e-01  1.889641e+01  1.223984e+01  8.218200e+01  2.543273e+00  1.184683e+01  2.090289e+01  1.591660e+01  5.280336e+00  3.926844e+00  3.659731e+00  3.669521e-01  0.000000e+00  1.864844e+00  0.000000e+00  5.042508e-01
4.739354e+03  1.681043e-01  1.102353e+01  1.906779e+01  7.334729e+01  3.191553e+00  1.409871e+01  4.152365e+00  9.940459e+00  1.778526e+00  2.425677e+00  2.349516e+00  1.047183e+00  7.370724e-03  3.118587e-02  0.000000e+00  1.718350e-01
5.317643e+03  1.833682e+00  8.832731e+00  1.118821e+01  4.510082e+01  1.815688e-01  9.347570e+00  1.024802e+00  1.854912e+01  6.181418e+00  2.887865e+00  5.951249e-01  1.636409e+00  0.000000e+00  1.051465e+00  0.000000e+00  2.242734e+00
5.966493e+03  2.882030e-01  3.927033e+00  3.830521e+00  2.317309e+01  1.457144e+00  1.242712e+01  9.234981e-01  5.782907e+00  2.478873e+00  4.778462e+00  3.283342e-02  1.256351e-01  0.000000e+00  1.692820e-01  0.000000e+00  6.272262e-01
6.694516e+03  1.246254e-03  2.529614e+00  3.275683e+00  1.610374e+01  1.476698e-01  1.696261e+01  1.807895e-01  3.903765e+00  2.117544e+00  4.051607e+00  1.567672e+00  3.249436e+00  0.000000e+00  1.284019e-01  0.000000e+00  8.146945e-03
7.511370e+03  5.643897e-02  1.683166e+00  3.567381e+00  1.152844e+01  8.177306e-01  7.773496e+00  8.551720e-01  2.538981e+00  6.414727e-01  2.170576e+00  4.841419e-02  4.029673e-01  0.000000e+00  1.667139e-02  0.000000e+00  1.737194e+00
8.427896e+03  1.156976e-01  1.094237e+00  1.973002e+00  1.647332e+00  1.389419e-01  9.209205e+00  2.002577e+00  6.098327e+00  6.960938e-01  5.859582e-01  1.280945e+00  1.135597e+00  0.000000e+00  1.125498e-02  0.000000e+00  1.880441e-01
9.456255e+03  0.000000e+00  4.064909e-01  2.010540e+00  4.915137e+00  2.386484e-01  6.447809e+00  1.422106e-03  2.288765e+00  1.097681e+00  5.995592e-01  2.526540e+00  1.294744e+00  0.000000e+00  5.801812e-01  0.000000e+00  2.213859e-02
1.061009e+04  0.000000e+00  1.366422e+00  9.511870e-01  2.755683e+00  6.044630e-02  3.897086e+00  2.388044e-01  1.471368e+00  2.177399e-02  9.951483e-01  8.113736e-01  9.628733e-01  0.000000e+00  7.863333e-04  0.000000e+00  5.122159e-01
1.190472e+04  0.000000e+00  4.764778e-03  4.581364e-03  1.447076e+00  0.000000e+00  1.057810e+00  4.347917e-04  4.978702e-02  1.401641e-03  8.868454e-01  3.106314e+00  5.476583e-01  0.000000e+00  7.968140e-02  0.000000e+00  1.339048e-01
1.335731e+04  0.000000e+00  1.559032e-01  9.843199e-01  1.729886e+00  0.000000e+00  1.707033e+00  1.622772e-03  2.092077e-01  1.505366e-02  7.149460e-01  2.038531e-01  6.876061e-02  0.000000e+00  0.000000e+00  0.000000e+00  1.318330e-01
1.498715e+04  0.000000e+00  3.218433e-01  6.563822e-03  6.517384e-02  0.000000e+00  5.488534e-01  0.000000e+00  1.124417e+00  2.172267e-02  6.739237e-02  1.794577e-03  1.160898e+00  0.000000e+00  1.453970e-03  0.000000e+00  4.669825e-01
1.681586e+04  0.000000e+00  1.605187e-02  4.961428e-04  4.150540e-02  0.000000e+00  1.138368e+00  3.078089e-04  5.380741e-02  0.000000e+00  5.850013e-03  4.351841e-03  4.532371e-03  0.000000e+00  2.129700e-01  0.000000e+00  3.439173e-01
1.886771e+04  0.000000e+00  3.731819e-02  0.000000e+00  2.218195e-01  0.000000e+00  7.651497e-01  0.000000e+00  5.398787e-01  0.000000e+00  0.000000e+00  1.052119e-01  2.260524e-01  0.000000e+00  3.687034e-01  0.000000e+00  1.682396e-01
2.116992e+04  0.000000e+00  2.445013e-04  0.000000e+00  8.266655e-02  0.000000e+00  1.268401e-03  0.000000e+00  4.606004e-02  0.000000e+00  0.000000e+00  0.000000e+00  1.964285e-01  0.000000e+00  6.615566e-01  0.000000e+00  4.606004e-02
2.375304e+04  0.000000e+00  0.000000e+00  0.000000e+00  2.179120e-04  0.000000e+00  5.021099e-02  2.296121e-03  8.247382e-03  0.000000e+00  1.370608e-02  5.172318e-02  7.024844e-04  0.000000e+00  0.000000e+00  0.000000e+00  2.438330e-01
2.665135e+04  0.000000e+00  2.046420e-03  0.000000e+00  1.811046e-01  0.000000e+00  0.000000e+00  0.000000e+00  0.000000e+00  0.000000e+00  1.310721e-03  0.000000e+00  0.000000e+00  0.000000e+00  0.000000e+00  0.000000e+00  2.046420e-03
2.990330e+04  0.000000e+00  0.000000e+00  0.000000e+00  1.586087e-02  0.000000e+00  0.000000e+00  0.000000e+00  0.000000e+00  0.000000e+00  0.000000e+00  0.000000e+00  2.241200e-02  0.000000e+00  4.763631e-02  0.000000e+00  2.709483e-02
3.355206e+04  0.000000e+00  0.000000e+00  0.000000e+00  0.000000e+00  0.000000e+00  0.000000e+00  0.000000e+00  0.000000e+00  0.000000e+00  0.000000e+00  0.000000e+00  4.008041e-04  0.000000e+00  3.040145e-01  0.000000e+00  2.082285e-03
3.764603e+04  0.000000e+00  0.000000e+00  0.000000e+00  2.613105e-03  0.000000e+00  0.000000e+00  0.000000e+00  0.000000e+00  0.000000e+00  0.000000e+00  0.000000e+00  1.259874e-02  0.000000e+00  2.613105e-03  0.000000e+00  1.374932e-04
4.223954e+04  0.000000e+00  0.000000e+00  0.000000e+00  1.732499e-03  0.000000e+00  0.000000e+00  0.000000e+00  1.426561e-01  0.000000e+00  0.000000e+00  0.000000e+00  1.375509e-02  0.000000e+00  0.000000e+00  0.000000e+00  0.000000e+00
4.739354e+04  0.000000e+00  0.000000e+00  0.000000e+00  0.000000e+00  0.000000e+00  0.000000e+00  0.000000e+00  1.092147e-04  0.000000e+00  0.000000e+00  0.000000e+00  1.653306e-03  0.000000e+00  1.000753e-02  0.000000e+00  0.000000e+00
5.317643e+04  0.000000e+00  0.000000e+00  0.000000e+00  0.000000e+00  0.000000e+00  0.000000e+00  0.000000e+00  0.000000e+00  0.000000e+00  0.000000e+00  0.000000e+00  0.000000e+00  0.000000e+00  0.000000e+00  0.000000e+00  0.000000e+00
5.966493e+04  0.000000e+00  0.000000e+00  0.000000e+00  0.000000e+00  0.000000e+00  0.000000e+00  0.000000e+00  0.000000e+00  0.000000e+00  0.000000e+00  0.000000e+00  0.000000e+00  0.000000e+00  0.000000e+00  0.000000e+00  0.000000e+00
6.694516e+04  0.000000e+00  0.000000e+00  0.000000e+00  0.000000e+00  0.000000e+00  0.000000e+00  0.000000e+00  0.000000e+00  0.000000e+00  0.000000e+00  0.000000e+00  0.000000e+00  0.000000e+00  0.000000e+00  0.000000e+00  3.003600e-03
7.511370e+04  0.000000e+00  0.000000e+00  0.000000e+00  0.000000e+00  0.000000e+00  0.000000e+00  0.000000e+00  0.000000e+00  0.000000e+00  0.000000e+00  0.000000e+00  0.000000e+00  0.000000e+00  0.000000e+00  0.000000e+00  6.414727e-02
8.427896e+04  0.000000e+00  0.000000e+00  0.000000e+00  0.000000e+00  0.000000e+00  0.000000e+00  0.000000e+00  0.000000e+00  0.000000e+00  0.000000e+00  0.000000e+00  0.000000e+00  0.000000e+00  0.000000e+00  0.000000e+00  0.000000e+00
9.456255e+04  0.000000e+00  0.000000e+00  0.000000e+00  0.000000e+00  0.000000e+00  0.000000e+00  0.000000e+00  0.000000e+00  0.000000e+00  0.000000e+00  0.000000e+00  0.000000e+00  0.000000e+00  0.000000e+00  0.000000e+00  0.000000e+00
1.061009e+05  0.000000e+00  0.000000e+00  0.000000e+00  0.000000e+00  0.000000e+00  0.000000e+00  0.000000e+00  0.000000e+00  0.000000e+00  0.000000e+00  0.000000e+00  0.000000e+00  0.000000e+00  0.000000e+00  0.000000e+00  0.000000e+00
1.190472e+05  0.000000e+00  0.000000e+00  0.000000e+00  0.000000e+00  0.000000e+00  0.000000e+00  0.000000e+00  0.000000e+00  0.000000e+00  0.000000e+00  0.000000e+00  0.000000e+00  0.000000e+00  0.000000e+00  0.000000e+00  0.000000e+00
1.335731e+05  0.000000e+00  0.000000e+00  0.000000e+00  0.000000e+00  0.000000e+00  0.000000e+00  0.000000e+00  0.000000e+00  0.000000e+00  0.000000e+00  0.000000e+00  0.000000e+00  0.000000e+00  0.000000e+00  0.000000e+00  0.000000e+00
1.498715e+05  0.000000e+00  0.000000e+00  0.000000e+00  0.000000e+00  0.000000e+00  0.000000e+00  0.000000e+00  0.000000e+00  0.000000e+00  0.000000e+00  0.000000e+00  0.000000e+00  0.000000e+00  0.000000e+00  0.000000e+00  0.000000e+00
1.681586e+05  0.000000e+00  0.000000e+00  0.000000e+00  0.000000e+00  0.000000e+00  0.000000e+00  0.000000e+00  0.000000e+00  0.000000e+00  0.000000e+00  0.000000e+00  0.000000e+00  0.000000e+00  0.000000e+00  0.000000e+00  0.000000e+00
1.886771e+05  0.000000e+00  0.000000e+00  0.000000e+00  0.000000e+00  0.000000e+00  0.000000e+00  0.000000e+00  0.000000e+00  0.000000e+00  0.000000e+00  0.000000e+00  0.000000e+00  0.000000e+00  0.000000e+00  0.000000e+00  0.000000e+00
2.116992e+05  0.000000e+00  0.000000e+00  0.000000e+00  0.000000e+00  0.000000e+00  0.000000e+00  0.000000e+00  0.000000e+00  0.000000e+00  0.000000e+00  0.000000e+00  0.000000e+00  0.000000e+00  0.000000e+00  0.000000e+00  0.000000e+00
2.375304e+05  0.000000e+00  0.000000e+00  0.000000e+00  0.000000e+00  0.000000e+00  0.000000e+00  0.000000e+00  0.000000e+00  0.000000e+00  0.000000e+00  0.000000e+00  0.000000e+00  0.000000e+00  0.000000e+00  0.000000e+00  0.000000e+00
2.665135e+05  0.000000e+00  0.000000e+00  0.000000e+00  0.000000e+00  0.000000e+00  0.000000e+00  0.000000e+00  0.000000e+00  0.000000e+00  0.000000e+00  0.000000e+00  0.000000e+00  0.000000e+00  0.000000e+00  0.000000e+00  0.000000e+00
2.990330e+05  0.000000e+00  0.000000e+00  0.000000e+00  0.000000e+00  0.000000e+00  0.000000e+00  0.000000e+00  0.000000e+00  0.000000e+00  0.000000e+00  0.000000e+00  0.000000e+00  0.000000e+00  0.000000e+00  0.000000e+00  0.000000e+00
3.355206e+05  0.000000e+00  0.000000e+00  0.000000e+00  0.000000e+00  0.000000e+00  0.000000e+00  0.000000e+00  0.000000e+00  0.000000e+00  0.000000e+00  0.000000e+00  0.000000e+00  0.000000e+00  0.000000e+00  0.000000e+00  0.000000e+00
3.764603e+05  0.000000e+00  0.000000e+00  0.000000e+00  0.000000e+00  0.000000e+00  0.000000e+00  0.000000e+00  0.000000e+00  0.000000e+00  0.000000e+00  0.000000e+00  0.000000e+00  0.000000e+00  0.000000e+00  0.000000e+00  0.000000e+00
4.223954e+05  0.000000e+00  0.000000e+00  0.000000e+00  0.000000e+00  0.000000e+00  0.000000e+00  0.000000e+00  0.000000e+00  0.000000e+00  0.000000e+00  0.000000e+00  0.000000e+00  0.000000e+00  0.000000e+00  0.000000e+00  0.000000e+00
4.739354e+05  0.000000e+00  0.000000e+00  0.000000e+00  0.000000e+00  0.000000e+00  0.000000e+00  0.000000e+00  0.000000e+00  0.000000e+00  0.000000e+00  0.000000e+00  0.000000e+00  0.000000e+00  0.000000e+00  0.000000e+00  0.000000e+00
5.317643e+05  0.000000e+00  0.000000e+00  0.000000e+00  0.000000e+00  0.000000e+00  0.000000e+00  0.000000e+00  0.000000e+00  0.000000e+00  0.000000e+00  0.000000e+00  0.000000e+00  0.000000e+00  0.000000e+00  0.000000e+00  0.000000e+00
5.966493e+05  0.000000e+00  0.000000e+00  0.000000e+00  0.000000e+00  0.000000e+00  0.000000e+00  0.000000e+00  0.000000e+00  0.000000e+00  0.000000e+00  0.000000e+00  0.000000e+00  0.000000e+00  0.000000e+00  0.000000e+00  0.000000e+00
6.694516e+05  0.000000e+00  0.000000e+00  0.000000e+00  0.000000e+00  0.000000e+00  0.000000e+00  0.000000e+00  0.000000e+00  0.000000e+00  0.000000e+00  0.000000e+00  0.000000e+00  0.000000e+00  0.000000e+00  0.000000e+00  0.000000e+00
7.511370e+05  0.000000e+00  0.000000e+00  0.000000e+00  0.000000e+00  0.000000e+00  0.000000e+00  0.000000e+00  0.000000e+00  0.000000e+00  0.000000e+00  0.000000e+00  0.000000e+00  0.000000e+00  0.000000e+00  0.000000e+00  0.000000e+00
8.427896e+05  0.000000e+00  0.000000e+00  0.000000e+00  0.000000e+00  0.000000e+00  0.000000e+00  0.000000e+00  0.000000e+00  0.000000e+00  0.000000e+00  0.000000e+00  0.000000e+00  0.000000e+00  0.000000e+00  0.000000e+00  0.000000e+00
9.456255e+05  0.000000e+00  0.000000e+00  0.000000e+00  0.000000e+00  0.000000e+00  0.000000e+00  0.000000e+00  0.000000e+00  0.000000e+00  0.000000e+00  0.000000e+00  0.000000e+00  0.000000e+00  0.000000e+00  0.000000e+00  0.000000e+00
