# dR/dEr [1/keV/kg/Myr]
# Er [keV], S, F, Ne, Cl, Na, Si, O, P, N, C, Al, Mg, Be, B, Ar, Li
1.061009e+01  1.469981e-02  1.440402e-02  0.000000e+00  0.000000e+00  9.142925e-03  0.000000e+00  7.480508e-04  0.000000e+00  0.000000e+00  0.000000e+00  0.000000e+00  0.000000e+00  4.610017e-03  0.000000e+00  0.000000e+00  0.000000e+00
1.190472e+01  2.294036e-03  3.839188e-03  0.000000e+00  0.000000e+00  7.390540e-04  0.000000e+00  0.000000e+00  0.000000e+00  0.000000e+00  0.000000e+00  0.000000e+00  0.000000e+00  0.000000e+00  0.000000e+00  0.000000e+00  0.000000e+00
1.335731e+01  3.599207e-03  2.712828e-03  0.000000e+00  0.000000e+00  0.000000e+00  0.000000e+00  0.000000e+00  0.000000e+00  0.000000e+00  0.000000e+00  0.000000e+00  0.000000e+00  0.000000e+00  0.000000e+00  0.000000e+00  0.000000e+00
1.498715e+01  8.451658e-04  3.324362e-03  0.000000e+00  0.000000e+00  2.168630e-03  0.000000e+00  1.332916e-04  0.000000e+00  0.000000e+00  0.000000e+00  0.000000e+00  0.000000e+00  0.000000e+00  0.000000e+00  0.000000e+00  0.000000e+00
1.681586e+01  2.091082e-03  1.759917e-03  2.982836e-04  0.000000e+00  6.038200e-04  1.187963e-04  0.000000e+00  0.000000e+00  0.000000e+00  0.000000e+00  0.000000e+00  0.000000e+00  0.000000e+00  0.000000e+00  0.000000e+00  0.000000e+00
1.886771e+01  1.422106e-03  1.607023e-03  0.000000e+00  0.000000e+00  2.658456e-04  0.000000e+00  0.000000e+00  0.000000e+00  0.000000e+00  0.000000e+00  0.000000e+00  0.000000e+00  0.000000e+00  0.000000e+00  0.000000e+00  0.000000e+00
2.116992e+01  2.624467e-03  2.957666e-03  0.000000e+00  0.000000e+00  2.911393e-04  0.000000e+00  1.252253e-04  0.000000e+00  0.000000e+00  0.000000e+00  1.980896e-03  0.000000e+00  0.000000e+00  0.000000e+00  0.000000e+00  0.000000e+00
2.375304e+01  4.030564e-03  5.303211e-04  7.212833e-04  0.000000e+00  1.694789e-03  0.000000e+00  2.111686e-04  0.000000e+00  0.000000e+00  0.000000e+00  0.000000e+00  0.000000e+00  0.000000e+00  0.000000e+00  0.000000e+00  0.000000e+00
2.665135e+01  3.851642e-03  4.269180e-03  9.947000e-05  1.031306e-03  1.558841e-04  0.000000e+00  0.000000e+00  1.129311e-03  0.000000e+00  0.000000e+00  0.000000e+00  0.000000e+00  0.000000e+00  0.000000e+00  0.000000e+00  0.000000e+00
2.990330e+01  4.725965e-03  1.337348e-03  1.170832e-04  0.000000e+00  2.823210e-03  0.000000e+00  1.554568e-04  0.000000e+00  0.000000e+00  0.000000e+00  1.410052e-03  0.000000e+00  1.321626e-03  0.000000e+00  0.000000e+00  0.000000e+00
3.355206e+01  4.688402e-03  1.918324e-03  1.384031e-04  0.000000e+00  2.627083e-04  0.000000e+00  8.487444e-04  0.000000e+00  0.000000e+00  0.000000e+00  1.583825e-03  0.000000e+00  3.543665e-03  0.000000e+00  0.000000e+00  0.000000e+00
3.764603e+01  7.788510e-03  4.617028e-03  1.906535e-04  7.041937e-05  2.558288e-03  0.000000e+00  7.725307e-04  0.000000e+00  0.000000e+00  0.000000e+00  0.000000e+00  0.000000e+00  3.617805e-04  0.000000e+00  0.000000e+00  0.000000e+00
4.223954e+01  6.108339e-03  3.047825e-03  9.988761e-04  0.000000e+00  1.056454e-03  0.000000e+00  4.170245e-04  0.000000e+00  0.000000e+00  0.000000e+00  1.652728e-03  0.000000e+00  2.683411e-03  0.000000e+00  0.000000e+00  0.000000e+00
4.739354e+01  6.697587e-03  2.227771e-03  5.593609e-05  1.539180e-04  7.942941e-04  0.000000e+00  2.005626e-04  0.000000e+00  0.000000e+00  0.000000e+00  0.000000e+00  0.000000e+00  2.711113e-03  0.000000e+00  0.000000e+00  0.000000e+00
5.317643e+01  6.392168e-03  1.092192e-03  1.372729e-04  0.000000e+00  2.641912e-03  0.000000e+00  2.652531e-04  0.000000e+00  0.000000e+00  0.000000e+00  7.886090e-04  0.000000e+00  0.000000e+00  0.000000e+00  0.000000e+00  0.000000e+00
5.966493e+01  7.392223e-03  4.012808e-03  1.536986e-04  7.791295e-05  1.787898e-03  0.000000e+00  2.282602e-03  0.000000e+00  0.000000e+00  0.000000e+00  6.934269e-04  0.000000e+00  6.427995e-04  0.000000e+00  0.000000e+00  0.000000e+00
6.694516e+01  8.671265e-03  3.750388e-03  2.605450e-04  0.000000e+00  1.073768e-03  0.000000e+00  4.854957e-04  0.000000e+00  6.083747e-04  0.000000e+00  3.560140e-04  0.000000e+00  7.604413e-03  0.000000e+00  0.000000e+00  0.000000e+00
7.511370e+01  9.707346e-03  3.835962e-03  8.114657e-04  8.841756e-05  9.039027e-04  0.000000e+00  2.056990e-04  0.000000e+00  0.000000e+00  0.000000e+00  5.617093e-04  0.000000e+00  2.770963e+00  0.000000e+00  0.000000e+00  0.000000e+00
8.427896e+01  1.040271e-02  3.731086e-03  1.487301e-04  6.812153e-04  9.533979e-04  0.000000e+00  8.547821e-04  0.000000e+00  0.000000e+00  0.000000e+00  0.000000e+00  0.000000e+00  3.298526e+00  0.000000e+00  0.000000e+00  0.000000e+00
9.456255e+01  1.119361e-02  2.798299e-03  4.369063e-04  1.023215e-04  2.150044e-03  0.000000e+00  2.461779e-04  0.000000e+00  4.517750e-04  0.000000e+00  2.107871e-05  0.000000e+00  2.532551e+00  0.000000e+00  0.000000e+00  0.000000e+00
1.061009e+02  1.153087e-02  4.579390e-03  8.104049e-04  5.178495e-05  1.370607e-03  0.000000e+00  4.197317e-04  0.000000e+00  0.000000e+00  3.899426e-04  4.427584e-04  0.000000e+00  1.862771e+00  0.000000e+00  0.000000e+00  0.000000e+00
1.190472e+02  1.183832e-02  5.908083e-03  4.271800e-04  2.960684e-04  2.738300e-03  0.000000e+00  3.775396e-04  0.000000e+00  1.678042e-05  2.002014e-04  1.616957e+00  0.000000e+00  1.408728e+00  0.000000e+00  3.840307e-04  0.000000e+00
1.335731e+02  1.378111e-02  5.662215e-03  8.569944e-04  5.373346e-05  1.812055e-03  0.000000e+00  2.651104e-04  0.000000e+00  0.000000e+00  0.000000e+00  1.380786e+00  0.000000e+00  1.056500e+00  0.000000e+00  0.000000e+00  0.000000e+00
1.498715e+02  3.062748e-02  6.234136e-03  2.306329e-04  1.088028e-04  9.700728e-04  0.000000e+00  1.164285e-03  0.000000e+00  2.207093e-04  3.640052e-04  1.039234e+00  0.000000e+00  7.950605e-01  0.000000e+00  0.000000e+00  0.000000e+00
1.681586e+02  4.302509e-02  8.472293e-03  4.196161e-04  6.038200e-05  1.361773e-03  1.185343e-05  1.010950e-03  0.000000e+00  3.457094e-04  0.000000e+00  8.101315e-01  0.000000e+00  5.671493e-01  0.000000e+00  0.000000e+00  0.000000e+00
1.886771e+02  2.748665e-02  6.765420e-03  4.703447e-04  5.730460e-05  1.754214e-03  2.463824e-05  1.122541e-03  1.861585e-05  1.861585e-05  0.000000e+00  5.930759e-01  0.000000e+00  4.056550e-01  0.000000e+00  0.000000e+00  0.000000e+00
2.116992e+02  1.379072e-02  9.230792e-03  4.486166e-04  3.076494e-04  1.268348e-03  1.659140e-05  5.517975e-04  0.000000e+00  0.000000e+00  9.415516e-06  4.696732e-01  0.000000e+00  2.873669e-01  0.000000e+00  3.390352e-05  0.000000e+00
2.375304e+02  9.934585e-03  3.398015e-02  6.913710e-04  2.883331e-04  1.779908e-03  6.329767e-06  1.015779e-03  8.804902e-05  0.000000e+00  8.410131e-06  3.476007e-01  0.000000e+00  2.186140e-01  0.000000e+00  3.385199e-05  0.000000e+00
2.665135e+02  8.688387e-03  2.882219e-02  7.850436e-04  2.964735e-04  2.142794e-03  1.742392e-05  7.244456e-04  0.000000e+00  1.317901e-05  1.263638e-04  2.496684e-01  0.000000e+00  1.429322e-01  0.000000e+00  0.000000e+00  0.000000e+00
2.990330e+02  7.097714e-03  6.036661e-03  3.112947e-04  1.698240e-04  1.786852e-03  1.170034e-04  9.473396e-04  1.264866e-05  4.554547e-05  1.428638e-04  1.948241e-01  0.000000e+00  1.043131e-01  0.000000e+00  0.000000e+00  0.000000e+00
3.355206e+02  6.288416e-03  6.248024e-03  3.477445e-04  2.950786e-04  1.609654e-03  1.046846e-05  5.320428e-04  8.962264e-06  7.901183e-06  1.529537e-04  1.427416e-01  1.143077e-04  7.564683e-02  0.000000e+00  0.000000e+00  8.110877e-05
3.764603e+02  4.686452e-03  4.570977e-03  7.469500e-04  3.488389e-04  1.371159e-03  3.330111e-04  5.552762e-04  0.000000e+00  1.233519e-05  0.000000e+00  9.532286e-02  0.000000e+00  5.293139e-02  0.000000e+00  0.000000e+00  0.000000e+00
4.223954e+02  3.138588e-03  4.528987e-03  3.077745e-04  2.748001e-04  1.494700e-03  1.523070e-05  5.796054e-04  1.790069e-04  1.726996e-05  7.341643e-05  6.906975e-02  0.000000e+00  2.921890e-02  0.000000e+00  1.699201e-05  0.000000e+00
4.739354e+02  2.928720e-03  3.907150e-03  5.010623e-04  3.042985e-04  1.209784e-03  9.289088e-05  1.026135e-03  6.812653e-05  6.350585e-05  0.000000e+00  4.728148e-02  0.000000e+00  2.126304e-02  6.350585e-05  0.000000e+00  0.000000e+00
5.317643e+02  2.674148e-03  3.822835e-03  8.531653e-04  1.646484e-04  9.579789e-04  4.375622e-05  4.391773e-04  1.228567e-04  7.101751e-05  1.371538e-04  4.069357e-02  0.000000e+00  1.486354e-02  3.748384e-06  1.512113e-05  0.000000e+00
5.966493e+02  2.577985e-03  3.326515e-03  7.262005e-04  6.711241e-04  9.324522e-04  1.126322e-04  8.170720e-04  8.494788e-05  5.784044e-05  6.623820e-05  2.648088e-02  0.000000e+00  9.910090e-03  0.000000e+00  2.282681e-05  0.000000e+00
6.694516e+02  2.016838e-03  3.158276e-03  9.807855e-04  6.554634e-04  1.067417e-03  5.737207e-05  6.782607e-04  3.867178e-05  1.442913e-05  6.382149e-05  1.803085e-02  0.000000e+00  6.227827e-03  0.000000e+00  0.000000e+00  0.000000e+00
7.511370e+02  1.642528e-03  2.136441e-03  6.044791e-04  4.325998e-04  7.343587e-04  1.230431e-04  5.258390e-04  7.132210e-05  7.582732e-05  5.306103e-05  1.190034e-02  0.000000e+00  4.728698e-03  0.000000e+00  0.000000e+00  0.000000e+00
8.427896e+02  1.455339e-03  2.120592e-03  6.085195e-04  2.734722e-04  8.613184e-04  1.146736e-05  5.053825e-04  8.655444e-06  6.082002e-05  1.551359e-04  6.808042e-03  0.000000e+00  2.602118e-03  0.000000e+00  2.409511e-05  0.000000e+00
9.456255e+02  1.197111e-03  1.654201e-03  7.080380e-04  2.994190e-04  8.100123e-04  7.646528e-05  4.772641e-04  4.315219e-05  0.000000e+00  1.507599e-04  5.728447e-03  2.906615e-05  1.607737e-03  0.000000e+00  0.000000e+00  0.000000e+00
1.061009e+03  1.126760e-03  1.131954e-03  7.530237e-04  4.972471e-04  6.710989e-04  5.353040e-05  4.923969e-04  5.402474e-05  1.131116e-04  6.095488e-05  4.146892e-03  0.000000e+00  8.302789e-04  6.429108e-05  3.614727e-05  0.000000e+00
1.190472e+03  8.312353e-04  9.451785e-04  6.276891e-04  4.667215e-04  3.144398e-04  4.420377e-05  3.572275e-04  1.700870e-04  4.159334e-05  2.243159e-04  2.767362e-03  0.000000e+00  4.536833e-04  0.000000e+00  0.000000e+00  0.000000e+00
1.335731e+03  7.749330e-04  1.064042e-03  5.738132e-04  3.703141e-04  2.897317e-04  1.114322e-04  2.785828e-04  5.930340e-05  1.096193e-04  7.283927e-05  1.334712e-03  0.000000e+00  2.983515e-04  1.520299e-05  0.000000e+00  0.000000e+00
1.498715e+03  4.319401e-04  8.471166e-04  4.947039e-04  4.554978e-04  4.447029e-04  2.608804e-04  3.943887e-04  1.174548e-04  1.212897e-04  1.074203e-04  5.773916e-04  1.940509e-05  2.569788e-04  0.000000e+00  0.000000e+00  3.243276e-05
1.681586e+03  3.216524e-04  7.291320e-04  4.583058e-04  2.929563e-04  3.617467e-04  9.342993e-05  2.122457e-04  1.337944e-04  8.446862e-05  8.009524e-05  6.465614e-04  0.000000e+00  1.521329e-04  2.453842e-05  0.000000e+00  1.618333e-05
1.886771e+03  4.076471e-04  6.508328e-04  4.709472e-04  3.470471e-04  3.580169e-04  1.094653e-04  2.179711e-04  1.180230e-04  4.845152e-05  1.294619e-04  3.459023e-04  2.235141e-05  2.461194e-06  6.320155e-05  1.296202e-05  0.000000e+00
2.116992e+03  1.935225e-04  5.704656e-04  2.977377e-04  2.601379e-04  2.292726e-04  4.663421e-05  2.076134e-04  8.382590e-05  6.187705e-05  7.907055e-05  2.476165e-04  2.051917e-05  7.847398e-05  3.390352e-06  0.000000e+00  3.390352e-06
2.375304e+03  2.121485e-04  3.156940e-04  3.438689e-04  4.100044e-04  2.353271e-04  1.493202e-04  1.723458e-04  5.453224e-05  2.446924e-05  6.160993e-05  2.212540e-04  1.592372e-06  0.000000e+00  1.765476e-05  0.000000e+00  1.825725e-05
2.665135e+03  1.179617e-04  3.166600e-04  2.461639e-04  4.225888e-04  1.399954e-04  5.508249e-05  1.337475e-04  1.050203e-04  2.973453e-05  5.266263e-05  1.648866e-04  3.084890e-05  3.796215e-05  1.482889e-05  0.000000e+00  1.985495e-05
2.990330e+03  9.607379e-05  2.073373e-04  1.930620e-04  2.582751e-04  1.151073e-04  1.169948e-04  1.074053e-04  1.191750e-04  1.014754e-04  1.018074e-04  1.030766e-04  4.344009e-05  0.000000e+00  1.777081e-05  0.000000e+00  2.378690e-05
3.355206e+03  4.690013e-05  2.493885e-04  2.329673e-04  3.697505e-04  7.100065e-05  1.220738e-04  2.966446e-05  1.038685e-04  4.900355e-05  7.267936e-05  5.563702e-05  1.672059e-05  4.272908e-06  1.256710e-05  0.000000e+00  2.733247e-06
3.764603e+03  3.986049e-05  1.276795e-04  2.057334e-04  2.185280e-04  4.566125e-05  1.218748e-04  1.830233e-05  4.672460e-05  8.059448e-05  8.875527e-05  7.053018e-05  2.810068e-05  5.294734e-07  1.834847e-05  0.000000e+00  4.902356e-05
4.223954e+03  2.438280e-05  5.097642e-05  9.837164e-05  1.836927e-04  4.248855e-05  5.663612e-05  3.969392e-05  9.050942e-05  6.037450e-05  8.083055e-05  4.671989e-05  3.608116e-05  0.000000e+00  2.190648e-05  0.000000e+00  3.274403e-05
4.739354e+03  8.902493e-06  8.854369e-05  1.135775e-04  1.917031e-04  3.171190e-05  9.980862e-05  1.435863e-05  5.558317e-05  3.994172e-05  4.583778e-05  3.807688e-05  1.316839e-05  5.160271e-06  7.713052e-06  0.000000e+00  2.890438e-05
5.317643e+03  5.568904e-06  8.604171e-05  1.106833e-04  1.163957e-04  2.505719e-05  9.988342e-05  1.031566e-05  7.671695e-05  4.080741e-05  7.083882e-05  5.363981e-05  2.364881e-05  0.000000e+00  2.219170e-05  0.000000e+00  2.268720e-05
5.966493e+03  1.471777e-05  4.130909e-05  6.889389e-05  1.153916e-04  1.718741e-05  4.997950e-05  2.598265e-05  5.778276e-05  3.837529e-05  4.391321e-05  5.864060e-06  1.653460e-05  0.000000e+00  1.103322e-05  0.000000e+00  1.058521e-05
6.694516e+03  5.649948e-07  4.170639e-05  4.966804e-05  7.997098e-05  1.509967e-05  1.159293e-04  2.010679e-05  5.906725e-05  3.447094e-05  3.873123e-05  3.423419e-05  8.984693e-06  0.000000e+00  1.093255e-05  0.000000e+00  4.065068e-06
7.511370e+03  8.977764e-06  3.852833e-05  4.025499e-05  5.009702e-05  7.361504e-06  7.675717e-05  1.254237e-05  5.914982e-05  3.680269e-06  2.606884e-05  1.841920e-05  1.102968e-05  0.000000e+00  5.950388e-06  0.000000e+00  2.527257e-05
8.427896e+03  4.909086e-06  3.428968e-05  1.715705e-05  5.396367e-05  9.060523e-06  8.000529e-05  1.237904e-05  5.490138e-05  1.145041e-05  1.503567e-05  5.655840e-06  1.949934e-05  0.000000e+00  4.877290e-06  0.000000e+00  2.275247e-05
9.456255e+03  0.000000e+00  9.943518e-06  1.261667e-05  5.983114e-05  6.485644e-06  4.779186e-05  7.590053e-07  3.283820e-05  1.138658e-05  1.026301e-05  2.272168e-05  3.264293e-05  0.000000e+00  1.015507e-05  0.000000e+00  4.458977e-06
1.061009e+04  0.000000e+00  1.569243e-05  8.403581e-06  3.487390e-05  4.628872e-06  3.696210e-05  2.028554e-05  1.493193e-05  5.257713e-06  1.844778e-05  1.531628e-05  4.851728e-06  0.000000e+00  3.564876e-07  0.000000e+00  1.111885e-05
1.190472e+04  0.000000e+00  2.974960e-06  2.285956e-06  2.235727e-05  0.000000e+00  2.408459e-05  1.674342e-07  1.278155e-05  6.354399e-07  1.481908e-05  9.801896e-06  1.606584e-06  0.000000e+00  6.842284e-06  0.000000e+00  1.721870e-05
1.335731e+04  0.000000e+00  9.435255e-06  6.418589e-06  1.960504e-05  0.000000e+00  1.292195e-05  1.019636e-06  7.986935e-06  2.768605e-06  7.803131e-06  1.219875e-05  7.310755e-06  0.000000e+00  0.000000e+00  0.000000e+00  1.142288e-05
1.498715e+04  0.000000e+00  1.977502e-06  1.940509e-06  7.704694e-06  0.000000e+00  1.137897e-05  0.000000e+00  5.085705e-06  2.559031e-06  4.392403e-06  9.578000e-07  2.876068e-06  0.000000e+00  7.312739e-07  0.000000e+00  1.150661e-05
1.681586e+04  0.000000e+00  5.093472e-06  2.249285e-07  5.184908e-06  0.000000e+00  1.496764e-05  1.185343e-07  5.597935e-06  0.000000e+00  1.729481e-06  1.634510e-06  2.428258e-06  0.000000e+00  1.057791e-05  0.000000e+00  7.990390e-06
1.886771e+04  0.000000e+00  4.386790e-06  0.000000e+00  2.422686e-06  0.000000e+00  8.537609e-06  0.000000e+00  4.328710e-06  0.000000e+00  0.000000e+00  5.681818e-06  3.337064e-06  0.000000e+00  4.371348e-06  0.000000e+00  1.337196e-05
2.116992e+04  0.000000e+00  9.415516e-08  0.000000e+00  5.331218e-06  0.000000e+00  7.375020e-07  0.000000e+00  1.954343e-06  0.000000e+00  0.000000e+00  0.000000e+00  1.421719e-06  0.000000e+00  4.465031e-06  0.000000e+00  1.954343e-06
2.375304e+04  0.000000e+00  0.000000e+00  0.000000e+00  8.391587e-08  0.000000e+00  3.788178e-06  1.145692e-06  1.472985e-06  0.000000e+00  1.614639e-06  1.663828e-06  3.184744e-07  0.000000e+00  0.000000e+00  0.000000e+00  5.405523e-06
2.665135e+04  0.000000e+00  1.021099e-06  0.000000e+00  1.179161e-06  0.000000e+00  0.000000e+00  0.000000e+00  0.000000e+00  0.000000e+00  9.176405e-07  0.000000e+00  0.000000e+00  0.000000e+00  0.000000e+00  0.000000e+00  1.021099e-06
2.990330e+04  0.000000e+00  0.000000e+00  0.000000e+00  1.361981e-06  0.000000e+00  0.000000e+00  0.000000e+00  0.000000e+00  0.000000e+00  0.000000e+00  0.000000e+00  2.532015e-06  0.000000e+00  2.491660e-06  0.000000e+00  1.604093e-06
3.355206e+04  0.000000e+00  0.000000e+00  0.000000e+00  0.000000e+00  0.000000e+00  0.000000e+00  0.000000e+00  0.000000e+00  0.000000e+00  0.000000e+00  0.000000e+00  2.139168e-07  0.000000e+00  2.396538e-07  0.000000e+00  1.457815e-06
3.764603e+04  0.000000e+00  0.000000e+00  0.000000e+00  7.725307e-07  0.000000e+00  0.000000e+00  0.000000e+00  0.000000e+00  0.000000e+00  0.000000e+00  0.000000e+00  1.081860e-06  0.000000e+00  7.725307e-07  0.000000e+00  5.294734e-08
4.223954e+04  0.000000e+00  0.000000e+00  0.000000e+00  6.507100e-07  0.000000e+00  0.000000e+00  0.000000e+00  1.557044e-06  0.000000e+00  0.000000e+00  0.000000e+00  1.742273e-06  0.000000e+00  0.000000e+00  0.000000e+00  0.000000e+00
4.739354e+04  0.000000e+00  0.000000e+00  0.000000e+00  0.000000e+00  0.000000e+00  0.000000e+00  0.000000e+00  4.205756e-08  0.000000e+00  0.000000e+00  0.000000e+00  6.220035e-07  0.000000e+00  8.593521e-07  0.000000e+00  0.000000e+00
5.317643e+04  0.000000e+00  0.000000e+00  0.000000e+00  0.000000e+00  0.000000e+00  0.000000e+00  0.000000e+00  0.000000e+00  0.000000e+00  0.000000e+00  0.000000e+00  0.000000e+00  0.000000e+00  0.000000e+00  0.000000e+00  0.000000e+00
5.966493e+04  0.000000e+00  0.000000e+00  0.000000e+00  0.000000e+00  0.000000e+00  0.000000e+00  0.000000e+00  0.000000e+00  0.000000e+00  0.000000e+00  0.000000e+00  0.000000e+00  0.000000e+00  0.000000e+00  0.000000e+00  0.000000e+00
6.694516e+04  0.000000e+00  0.000000e+00  0.000000e+00  0.000000e+00  0.000000e+00  0.000000e+00  0.000000e+00  0.000000e+00  0.000000e+00  0.000000e+00  0.000000e+00  0.000000e+00  0.000000e+00  0.000000e+00  0.000000e+00  5.524094e-07
7.511370e+04  0.000000e+00  0.000000e+00  0.000000e+00  0.000000e+00  0.000000e+00  0.000000e+00  0.000000e+00  0.000000e+00  0.000000e+00  0.000000e+00  0.000000e+00  0.000000e+00  0.000000e+00  0.000000e+00  0.000000e+00  3.680269e-07
8.427896e+04  0.000000e+00  0.000000e+00  0.000000e+00  0.000000e+00  0.000000e+00  0.000000e+00  0.000000e+00  0.000000e+00  0.000000e+00  0.000000e+00  0.000000e+00  0.000000e+00  0.000000e+00  0.000000e+00  0.000000e+00  0.000000e+00
9.456255e+04  0.000000e+00  0.000000e+00  0.000000e+00  0.000000e+00  0.000000e+00  0.000000e+00  0.000000e+00  0.000000e+00  0.000000e+00  0.000000e+00  0.000000e+00  0.000000e+00  0.000000e+00  0.000000e+00  0.000000e+00  0.000000e+00
1.061009e+05  0.000000e+00  0.000000e+00  0.000000e+00  0.000000e+00  0.000000e+00  0.000000e+00  0.000000e+00  0.000000e+00  0.000000e+00  0.000000e+00  0.000000e+00  0.000000e+00  0.000000e+00  0.000000e+00  0.000000e+00  0.000000e+00
1.190472e+05  0.000000e+00  0.000000e+00  0.000000e+00  0.000000e+00  0.000000e+00  0.000000e+00  0.000000e+00  0.000000e+00  0.000000e+00  0.000000e+00  0.000000e+00  0.000000e+00  0.000000e+00  0.000000e+00  0.000000e+00  0.000000e+00
1.335731e+05  0.000000e+00  0.000000e+00  0.000000e+00  0.000000e+00  0.000000e+00  0.000000e+00  0.000000e+00  0.000000e+00  0.000000e+00  0.000000e+00  0.000000e+00  0.000000e+00  0.000000e+00  0.000000e+00  0.000000e+00  0.000000e+00
1.498715e+05  0.000000e+00  0.000000e+00  0.000000e+00  0.000000e+00  0.000000e+00  0.000000e+00  0.000000e+00  0.000000e+00  0.000000e+00  0.000000e+00  0.000000e+00  0.000000e+00  0.000000e+00  0.000000e+00  0.000000e+00  0.000000e+00
1.681586e+05  0.000000e+00  0.000000e+00  0.000000e+00  0.000000e+00  0.000000e+00  0.000000e+00  0.000000e+00  0.000000e+00  0.000000e+00  0.000000e+00  0.000000e+00  0.000000e+00  0.000000e+00  0.000000e+00  0.000000e+00  0.000000e+00
1.886771e+05  0.000000e+00  0.000000e+00  0.000000e+00  0.000000e+00  0.000000e+00  0.000000e+00  0.000000e+00  0.000000e+00  0.000000e+00  0.000000e+00  0.000000e+00  0.000000e+00  0.000000e+00  0.000000e+00  0.000000e+00  0.000000e+00
2.116992e+05  0.000000e+00  0.000000e+00  0.000000e+00  0.000000e+00  0.000000e+00  0.000000e+00  0.000000e+00  0.000000e+00  0.000000e+00  0.000000e+00  0.000000e+00  0.000000e+00  0.000000e+00  0.000000e+00  0.000000e+00  0.000000e+00
2.375304e+05  0.000000e+00  0.000000e+00  0.000000e+00  0.000000e+00  0.000000e+00  0.000000e+00  0.000000e+00  0.000000e+00  0.000000e+00  0.000000e+00  0.000000e+00  0.000000e+00  0.000000e+00  0.000000e+00  0.000000e+00  0.000000e+00
2.665135e+05  0.000000e+00  0.000000e+00  0.000000e+00  0.000000e+00  0.000000e+00  0.000000e+00  0.000000e+00  0.000000e+00  0.000000e+00  0.000000e+00  0.000000e+00  0.000000e+00  0.000000e+00  0.000000e+00  0.000000e+00  0.000000e+00
2.990330e+05  0.000000e+00  0.000000e+00  0.000000e+00  0.000000e+00  0.000000e+00  0.000000e+00  0.000000e+00  0.000000e+00  0.000000e+00  0.000000e+00  0.000000e+00  0.000000e+00  0.000000e+00  0.000000e+00  0.000000e+00  0.000000e+00
3.355206e+05  0.000000e+00  0.000000e+00  0.000000e+00  0.000000e+00  0.000000e+00  0.000000e+00  0.000000e+00  0.000000e+00  0.000000e+00  0.000000e+00  0.000000e+00  0.000000e+00  0.000000e+00  0.000000e+00  0.000000e+00  0.000000e+00
3.764603e+05  0.000000e+00  0.000000e+00  0.000000e+00  0.000000e+00  0.000000e+00  0.000000e+00  0.000000e+00  0.000000e+00  0.000000e+00  0.000000e+00  0.000000e+00  0.000000e+00  0.000000e+00  0.000000e+00  0.000000e+00  0.000000e+00
4.223954e+05  0.000000e+00  0.000000e+00  0.000000e+00  0.000000e+00  0.000000e+00  0.000000e+00  0.000000e+00  0.000000e+00  0.000000e+00  0.000000e+00  0.000000e+00  0.000000e+00  0.000000e+00  0.000000e+00  0.000000e+00  0.000000e+00
4.739354e+05  0.000000e+00  0.000000e+00  0.000000e+00  0.000000e+00  0.000000e+00  0.000000e+00  0.000000e+00  0.000000e+00  0.000000e+00  0.000000e+00  0.000000e+00  0.000000e+00  0.000000e+00  0.000000e+00  0.000000e+00  0.000000e+00
5.317643e+05  0.000000e+00  0.000000e+00  0.000000e+00  0.000000e+00  0.000000e+00  0.000000e+00  0.000000e+00  0.000000e+00  0.000000e+00  0.000000e+00  0.000000e+00  0.000000e+00  0.000000e+00  0.000000e+00  0.000000e+00  0.000000e+00
5.966493e+05  0.000000e+00  0.000000e+00  0.000000e+00  0.000000e+00  0.000000e+00  0.000000e+00  0.000000e+00  0.000000e+00  0.000000e+00  0.000000e+00  0.000000e+00  0.000000e+00  0.000000e+00  0.000000e+00  0.000000e+00  0.000000e+00
6.694516e+05  0.000000e+00  0.000000e+00  0.000000e+00  0.000000e+00  0.000000e+00  0.000000e+00  0.000000e+00  0.000000e+00  0.000000e+00  0.000000e+00  0.000000e+00  0.000000e+00  0.000000e+00  0.000000e+00  0.000000e+00  0.000000e+00
7.511370e+05  0.000000e+00  0.000000e+00  0.000000e+00  0.000000e+00  0.000000e+00  0.000000e+00  0.000000e+00  0.000000e+00  0.000000e+00  0.000000e+00  0.000000e+00  0.000000e+00  0.000000e+00  0.000000e+00  0.000000e+00  0.000000e+00
8.427896e+05  0.000000e+00  0.000000e+00  0.000000e+00  0.000000e+00  0.000000e+00  0.000000e+00  0.000000e+00  0.000000e+00  0.000000e+00  0.000000e+00  0.000000e+00  0.000000e+00  0.000000e+00  0.000000e+00  0.000000e+00  0.000000e+00
9.456255e+05  0.000000e+00  0.000000e+00  0.000000e+00  0.000000e+00  0.000000e+00  0.000000e+00  0.000000e+00  0.000000e+00  0.000000e+00  0.000000e+00  0.000000e+00  0.000000e+00  0.000000e+00  0.000000e+00  0.000000e+00  0.000000e+00
