# dR/dEr [1/keV/kg/Myr]
# Er [keV], S, F, Ne, Cl, Na, Si, O, P, N, C, Al, Mg, Be, B, Ar, Li
1.061009e+01  8.835913e+03  6.458276e+03  0.000000e+00  0.000000e+00  1.933427e+03  0.000000e+00  6.360329e+02  0.000000e+00  0.000000e+00  0.000000e+00  0.000000e+00  0.000000e+00  6.461757e+00  0.000000e+00  0.000000e+00  0.000000e+00
1.190472e+01  3.410667e+03  4.915129e+02  0.000000e+00  0.000000e+00  1.073445e+03  0.000000e+00  0.000000e+00  0.000000e+00  0.000000e+00  0.000000e+00  0.000000e+00  0.000000e+00  0.000000e+00  0.000000e+00  0.000000e+00  0.000000e+00
1.335731e+01  4.787738e+03  1.012497e+03  0.000000e+00  0.000000e+00  0.000000e+00  0.000000e+00  0.000000e+00  0.000000e+00  0.000000e+00  0.000000e+00  0.000000e+00  0.000000e+00  0.000000e+00  0.000000e+00  0.000000e+00  0.000000e+00
1.498715e+01  1.258616e+03  1.100419e+03  0.000000e+00  0.000000e+00  5.162735e+02  0.000000e+00  2.200952e+02  0.000000e+00  0.000000e+00  0.000000e+00  0.000000e+00  0.000000e+00  0.000000e+00  0.000000e+00  0.000000e+00  0.000000e+00
1.681586e+01  3.116617e+03  1.029221e+03  4.558424e+02  0.000000e+00  8.577341e+02  1.961601e+02  0.000000e+00  0.000000e+00  0.000000e+00  0.000000e+00  0.000000e+00  0.000000e+00  0.000000e+00  0.000000e+00  0.000000e+00  0.000000e+00
1.886771e+01  2.147175e+03  1.323288e+03  0.000000e+00  0.000000e+00  4.062700e+02  0.000000e+00  0.000000e+00  0.000000e+00  0.000000e+00  0.000000e+00  0.000000e+00  0.000000e+00  0.000000e+00  0.000000e+00  0.000000e+00  0.000000e+00
2.116992e+01  2.123722e+03  1.540837e+03  0.000000e+00  0.000000e+00  4.367882e+02  0.000000e+00  1.965412e+02  0.000000e+00  0.000000e+00  0.000000e+00  2.850153e+01  0.000000e+00  0.000000e+00  0.000000e+00  0.000000e+00  0.000000e+00
2.375304e+01  3.905477e+03  7.797408e+02  2.335969e+02  0.000000e+00  8.295541e+02  0.000000e+00  3.227117e+02  0.000000e+00  0.000000e+00  0.000000e+00  0.000000e+00  0.000000e+00  0.000000e+00  0.000000e+00  0.000000e+00  0.000000e+00
2.665135e+01  3.371308e+03  1.193087e+03  1.561182e+02  2.704810e+00  2.529004e+02  0.000000e+00  0.000000e+00  1.448504e+02  0.000000e+00  0.000000e+00  0.000000e+00  0.000000e+00  0.000000e+00  0.000000e+00  0.000000e+00  0.000000e+00
2.990330e+01  3.704999e+03  1.657795e+03  1.965662e+02  0.000000e+00  1.271698e+02  0.000000e+00  2.494494e+02  0.000000e+00  0.000000e+00  0.000000e+00  6.752841e+00  0.000000e+00  3.791241e+01  0.000000e+00  0.000000e+00  0.000000e+00
3.355206e+01  4.772686e+03  1.209388e+03  1.799869e+02  0.000000e+00  3.996038e+02  0.000000e+00  3.237501e+02  0.000000e+00  0.000000e+00  0.000000e+00  3.442456e+01  0.000000e+00  4.138592e+01  0.000000e+00  0.000000e+00  0.000000e+00
3.764603e+01  5.228350e+03  7.828431e+02  3.517742e-01  1.105232e+02  4.395238e+02  0.000000e+00  2.561264e+00  0.000000e+00  0.000000e+00  0.000000e+00  0.000000e+00  0.000000e+00  5.660169e-01  0.000000e+00  0.000000e+00  0.000000e+00
4.223954e+01  4.931507e+03  2.487813e+03  1.811845e+01  0.000000e+00  1.058503e+03  0.000000e+00  1.566899e+02  0.000000e+00  0.000000e+00  0.000000e+00  1.312813e+01  0.000000e+00  4.207936e+02  0.000000e+00  0.000000e+00  0.000000e+00
4.739354e+01  6.933335e+03  2.674291e+03  8.779173e+01  2.152127e+02  3.358276e+02  0.000000e+00  3.161150e+02  0.000000e+00  0.000000e+00  0.000000e+00  0.000000e+00  0.000000e+00  1.577726e+02  0.000000e+00  0.000000e+00  0.000000e+00
5.317643e+01  6.011420e+03  1.562317e+03  2.185202e+02  0.000000e+00  7.552749e+02  0.000000e+00  4.235151e+02  0.000000e+00  0.000000e+00  0.000000e+00  1.134666e+01  0.000000e+00  0.000000e+00  0.000000e+00  0.000000e+00  0.000000e+00
5.966493e+01  8.058652e+03  2.849351e+03  2.414403e+02  1.250209e+02  4.518095e+02  0.000000e+00  3.523742e+02  0.000000e+00  0.000000e+00  0.000000e+00  1.559589e+01  0.000000e+00  5.223065e+00  0.000000e+00  0.000000e+00  0.000000e+00
6.694516e+01  8.730352e+03  2.385091e+03  4.008599e+02  0.000000e+00  1.066646e+03  0.000000e+00  1.155792e+02  0.000000e+00  6.842984e+00  0.000000e+00  7.205231e+01  0.000000e+00  1.194861e+03  0.000000e+00  0.000000e+00  0.000000e+00
7.511370e+01  9.174029e+03  3.141519e+03  3.145915e+02  1.243120e+02  6.295423e+02  0.000000e+00  2.838980e+02  0.000000e+00  0.000000e+00  0.000000e+00  1.018875e+01  0.000000e+00  3.574031e+05  0.000000e+00  0.000000e+00  0.000000e+00
8.427896e+01  1.165582e+04  3.700261e+03  2.201810e+02  2.887368e+02  9.129565e+02  0.000000e+00  4.510459e+02  0.000000e+00  0.000000e+00  0.000000e+00  0.000000e+00  0.000000e+00  4.350347e+05  0.000000e+00  0.000000e+00  0.000000e+00
9.456255e+01  1.163045e+04  2.891447e+03  2.678756e+02  1.515693e+02  7.820314e+02  0.000000e+00  1.451486e+02  0.000000e+00  4.898553e+00  0.000000e+00  5.409200e-02  0.000000e+00  3.286755e+05  0.000000e+00  0.000000e+00  0.000000e+00
1.061009e+02  1.378244e+04  3.749057e+03  2.275764e+02  5.544808e+01  1.121423e+03  0.000000e+00  2.619815e+02  0.000000e+00  0.000000e+00  8.770216e+00  9.683010e+01  0.000000e+00  2.519690e+05  0.000000e+00  0.000000e+00  0.000000e+00
1.190472e+02  1.475590e+04  4.762947e+03  4.940196e+02  7.848308e+01  9.667175e+02  0.000000e+00  1.342195e+02  0.000000e+00  2.770835e+01  4.051799e+01  2.242593e+05  0.000000e+00  1.845929e+05  0.000000e+00  5.137503e+00  0.000000e+00
1.335731e+02  1.668250e+04  5.254054e+03  3.426413e+02  9.914343e-02  1.274266e+03  0.000000e+00  1.791612e+02  0.000000e+00  0.000000e+00  0.000000e+00  1.857196e+05  0.000000e+00  1.356105e+05  0.000000e+00  0.000000e+00  0.000000e+00
1.498715e+02  4.104662e+04  6.035143e+03  2.749643e+02  8.090401e+01  7.713872e+02  0.000000e+00  2.877138e+02  0.000000e+00  4.466241e+01  2.598718e+01  1.391238e+05  0.000000e+00  1.017268e+05  0.000000e+00  0.000000e+00  0.000000e+00
1.681586e+02  5.917851e+04  6.050246e+03  3.424763e+02  8.577341e+01  6.362804e+02  3.041817e-02  3.833619e+02  0.000000e+00  1.987163e+01  0.000000e+00  1.025062e+05  0.000000e+00  7.430976e+04  0.000000e+00  0.000000e+00  0.000000e+00
1.886771e+02  3.430512e+04  7.230989e+03  2.520026e+02  8.854351e+01  1.371187e+03  3.953507e+01  3.593121e+02  2.695615e+01  2.695615e+01  0.000000e+00  7.721419e+04  0.000000e+00  5.515344e+04  0.000000e+00  0.000000e+00  0.000000e+00
2.116992e+02  1.490678e+04  8.928884e+03  3.214654e+02  1.975103e+02  5.649810e+02  2.402469e+01  3.316308e+02  0.000000e+00  0.000000e+00  2.416201e-02  6.023130e+04  0.000000e+00  3.618079e+04  0.000000e+00  6.255527e-02  0.000000e+00
2.375304e+02  1.075291e+04  4.666631e+04  5.138396e+02  1.822110e+02  8.367410e+02  1.085914e+01  3.451418e+02  4.303028e+01  0.000000e+00  1.388707e+01  4.467000e+04  0.000000e+00  2.633972e+04  0.000000e+00  3.249887e+01  0.000000e+00
2.665135e+02  8.823565e+03  3.883350e+04  5.289361e+02  1.182577e+02  1.190791e+03  2.265901e+01  2.656450e+02  0.000000e+00  1.908349e+01  1.240953e+01  3.313206e+04  0.000000e+00  1.898303e+04  0.000000e+00  0.000000e+00  0.000000e+00
2.990330e+02  5.334219e+03  5.835684e+03  2.888258e+02  1.058015e+02  9.518003e+02  6.309983e-01  4.977264e+02  2.752317e-02  7.125730e-02  1.549059e+00  2.506671e+04  0.000000e+00  1.420140e+04  0.000000e+00  0.000000e+00  0.000000e+00
3.355206e+02  4.640344e+03  5.148983e+03  3.382009e+02  1.368899e+02  1.004099e+03  1.515856e+01  3.646302e+02  1.537537e+01  1.240091e+01  1.459118e+01  1.852294e+04  9.288069e-01  9.549295e+03  0.000000e+00  0.000000e+00  1.598130e-01
3.764603e+02  3.106971e+03  3.833822e+03  4.195150e+02  1.032981e+02  1.130133e+03  3.132360e+00  2.661673e+02  0.000000e+00  1.604135e+01  0.000000e+00  1.248431e+04  0.000000e+00  6.971686e+03  0.000000e+00  0.000000e+00  0.000000e+00
4.223954e+02  2.000257e+03  3.145449e+03  2.672353e+02  1.274973e+02  9.470431e+02  9.869879e+00  3.889993e+02  2.641166e+01  1.206036e+01  1.145087e+01  9.506758e+03  0.000000e+00  3.882304e+03  0.000000e+00  3.135191e-02  0.000000e+00
4.739354e+02  1.542993e+03  2.537973e+03  3.817039e+02  2.304324e+02  7.975782e+02  1.074258e+01  3.458125e+02  2.202821e+01  8.145538e+00  0.000000e+00  5.778493e+03  0.000000e+00  2.620663e+03  8.145538e+00  0.000000e+00  0.000000e+00
5.317643e+02  1.178956e+03  1.657710e+03  3.890678e+02  1.056771e+02  8.638608e+02  2.730080e+01  3.224913e+02  2.824379e+01  2.949917e+01  1.083463e+01  4.746789e+03  0.000000e+00  2.068604e+03  9.619069e-03  1.451671e+01  0.000000e+00
5.966493e+02  1.049285e+03  1.411440e+03  4.013023e+02  1.762193e+02  8.509468e+02  2.145409e+01  3.028015e+02  2.919202e+01  1.716939e+01  1.900122e+00  3.503042e+03  0.000000e+00  1.350195e+03  0.000000e+00  3.571325e-02  0.000000e+00
6.694516e+02  7.925480e+02  1.178013e+03  4.896658e+02  2.663785e+02  8.078660e+02  2.351613e+01  3.979837e+02  2.329194e+01  2.047096e+01  5.611617e+00  2.417622e+03  0.000000e+00  7.499445e+02  0.000000e+00  0.000000e+00  0.000000e+00
7.511370e+02  6.424681e+02  9.187251e+02  3.443854e+02  2.156653e+02  5.436521e+02  7.261901e+00  2.969360e+02  2.939520e+01  1.723027e+01  3.848845e+00  1.536677e+03  0.000000e+00  5.247097e+02  0.000000e+00  0.000000e+00  0.000000e+00
8.427896e+02  4.004297e+02  7.476754e+02  2.891046e+02  2.484938e+02  5.892224e+02  1.794605e+01  3.361513e+02  1.210230e+01  5.186062e+00  6.016698e+00  8.311357e+02  0.000000e+00  2.486605e+02  0.000000e+00  6.204855e+00  0.000000e+00
9.456255e+02  3.843484e+02  6.342534e+02  3.842944e+02  1.551220e+02  4.996373e+02  2.001055e+01  3.421689e+02  3.578209e+01  0.000000e+00  1.536983e+01  6.659565e+02  7.623189e-02  2.046403e+02  0.000000e+00  0.000000e+00  0.000000e+00
1.061009e+03  3.509910e+02  4.403372e+02  3.563142e+02  2.460145e+02  3.943987e+02  2.596160e+01  3.241426e+02  2.652447e+01  3.273128e+01  3.175427e+00  4.933587e+02  0.000000e+00  7.135333e+01  4.997048e-01  2.937145e-01  0.000000e+00
1.190472e+03  2.351449e+02  3.838635e+02  3.280778e+02  2.502326e+02  3.080174e+02  2.299517e+01  1.947416e+02  3.138040e+01  1.394012e+01  6.165216e+00  2.927968e+02  0.000000e+00  8.872378e+01  0.000000e+00  0.000000e+00  0.000000e+00
1.335731e+03  2.290026e+02  3.326847e+02  2.678984e+02  1.931100e+02  2.503938e+02  1.124394e+01  2.594835e+02  1.175683e+01  2.271227e+01  3.819821e+00  1.445517e+02  0.000000e+00  2.754160e+01  3.914999e+00  0.000000e+00  0.000000e+00
1.498715e+03  1.460215e+02  2.500175e+02  2.234278e+02  2.004904e+02  1.693454e+02  3.345515e+01  2.200041e+02  3.726664e+01  3.073616e+01  5.553857e+00  9.376340e+01  6.433603e-02  4.766722e+01  0.000000e+00  0.000000e+00  1.401184e-01
1.681586e+03  5.787488e+01  2.245417e+02  1.683498e+02  1.775811e+02  1.962075e+02  1.915809e+01  1.727922e+02  2.422341e+01  2.185212e+01  1.060496e+01  8.163471e+01  0.000000e+00  3.230337e+01  2.629853e+00  0.000000e+00  3.188688e-02
1.886771e+03  7.706158e+01  1.396394e+02  1.714865e+02  2.322277e+02  1.576222e+02  1.931263e+01  1.543127e+02  2.526350e+01  1.719707e+01  1.137348e+01  4.478240e+01  2.806100e+00  3.200670e+00  1.259225e+00  1.816857e-02  0.000000e+00
2.116992e+03  6.425834e+01  1.432448e+02  1.125606e+02  1.404515e+02  6.442712e+01  1.719994e+01  1.131399e+02  2.299162e+01  5.492934e+00  8.816915e+00  1.870407e+01  1.503431e+00  6.705626e+00  6.255527e-03  0.000000e+00  6.255527e-03
2.375304e+03  2.433336e+01  8.493551e+01  9.959252e+01  1.956625e+02  6.230659e+01  2.704250e+01  1.012452e+02  2.121601e+01  1.374654e+01  3.051241e+00  2.747385e+01  3.464962e-03  0.000000e+00  2.540201e-01  0.000000e+00  3.939046e-01
2.665135e+03  2.606565e+01  5.835151e+01  7.903405e+01  1.601317e+02  3.038555e+01  1.982535e+01  6.410788e+01  3.612309e+01  7.155910e+00  1.465940e+01  1.188387e+01  3.792877e+00  2.457059e+00  4.253843e-01  0.000000e+00  1.846051e+00
2.990330e+03  4.564409e+00  4.064333e+01  4.905075e+01  1.219087e+02  2.613479e+01  2.452569e+01  4.456358e+01  2.397936e+01  4.774004e+00  4.369292e+00  9.370032e+00  4.179868e-01  0.000000e+00  3.862499e-01  0.000000e+00  2.726176e+00
3.355206e+03  5.598388e+00  4.605320e+01  4.178672e+01  1.250245e+02  8.274258e+00  2.504983e+01  2.975286e+01  1.543328e+01  5.210905e+00  5.425831e+00  2.148055e+00  2.066494e+00  1.760081e+00  6.018475e-02  0.000000e+00  5.471491e-03
3.764603e+03  1.941862e+00  1.780278e+01  2.983068e+01  7.786697e+01  6.202624e+00  1.759162e+01  1.682969e+01  1.151329e+01  2.870987e+00  5.265787e+00  3.330179e+00  1.911726e-01  1.358730e-03  1.502151e+00  0.000000e+00  1.301326e+00
4.223954e+03  1.421116e-01  1.471182e+01  1.001720e+01  6.304528e+01  2.297555e+00  9.281743e+00  1.596902e+01  1.247153e+01  4.521552e+00  3.356332e+00  3.244092e+00  3.429138e-01  0.000000e+00  1.566891e+00  0.000000e+00  4.822188e-01
4.739354e+03  1.614809e-01  8.926906e+00  1.523041e+01  5.656466e+01  2.676185e+00  1.095525e+01  3.283678e+00  8.006072e+00  1.550473e+00  2.078940e+00  2.152333e+00  9.584174e-01  7.233036e-03  3.046369e-02  0.000000e+00  1.653263e-01
5.317643e+03  1.528945e+00  7.271555e+00  9.162580e+00  3.487154e+01  1.750968e-01  7.367535e+00  9.166468e-01  1.473073e+01  4.967008e+00  2.500245e+00  5.639532e-01  1.357004e+00  0.000000e+00  9.849061e-01  0.000000e+00  1.785644e+00
5.966493e+03  2.695506e-01  3.220593e+00  3.471579e+00  1.835768e+01  1.180225e+00  9.846876e+00  7.674984e-01  4.869208e+00  2.003314e+00  3.999319e+00  3.162483e-02  1.212091e-01  0.000000e+00  1.617043e-01  0.000000e+00  5.672524e-01
6.694516e+03  1.229415e-03  2.080901e+00  2.708175e+00  1.300143e+01  1.418415e-01  1.365223e+01  1.744482e-01  3.150275e+00  1.873247e+00  3.419464e+00  1.464850e+00  2.656423e+00  0.000000e+00  1.235587e-01  0.000000e+00  8.009622e-03
7.511370e+03  5.432501e-02  1.522763e+00  2.947413e+00  8.798797e+00  7.213167e-01  6.278068e+00  7.730840e-01  2.065231e+00  5.859140e-01  1.806870e+00  4.706016e-02  3.564449e-01  0.000000e+00  1.635451e-02  0.000000e+00  1.474849e+00
8.427896e+03  1.104105e-01  1.008625e+00  1.606516e+00  1.435951e+00  1.327991e-01  7.673533e+00  1.593291e+00  5.271177e+00  6.411602e-01  5.377871e-01  1.144664e+00  1.023164e+00  0.000000e+00  1.108166e-02  0.000000e+00  1.804980e-01
9.456255e+03  0.000000e+00  3.684381e-01  1.695458e+00  4.082896e+00  2.049569e-01  5.246573e+00  1.400438e-03  1.946579e+00  1.002090e+00  5.520105e-01  2.158420e+00  1.182494e+00  0.000000e+00  5.333810e-01  0.000000e+00  2.135436e-02
1.061009e+04  0.000000e+00  1.156604e+00  7.210101e-01  2.318692e+00  5.811616e-02  3.259493e+00  2.257236e-01  1.239314e+00  2.104039e-02  8.554674e-01  7.162601e-01  8.694147e-01  0.000000e+00  7.757084e-04  0.000000e+00  4.711167e-01
1.190472e+04  0.000000e+00  4.683282e-03  4.504141e-03  1.236366e+00  0.000000e+00  8.831518e-01  4.296680e-04  4.831469e-02  1.382702e-03  8.038518e-01  2.414400e+00  4.665167e-01  0.000000e+00  7.696185e-02  0.000000e+00  1.287172e-01
1.335731e+04  0.000000e+00  1.495153e-01  7.811342e-01  1.522969e+00  0.000000e+00  1.323777e+00  1.595252e-03  1.840468e-01  1.450923e-02  6.377372e-01  1.890097e-01  6.627050e-02  0.000000e+00  0.000000e+00  0.000000e+00  1.234204e-01
1.498715e+04  0.000000e+00  2.939939e-01  6.433603e-03  6.282431e-02  0.000000e+00  4.796686e-01  0.000000e+00  9.306658e-01  2.079340e-02  6.437566e-02  1.767233e-03  8.941529e-01  0.000000e+00  1.432776e-03  0.000000e+00  4.165837e-01
1.681586e+04  0.000000e+00  1.575474e-02  4.894389e-04  3.997452e-02  0.000000e+00  9.894046e-01  3.041817e-04  5.183688e-02  0.000000e+00  5.733955e-03  4.286834e-03  4.455842e-03  0.000000e+00  1.911399e-01  0.000000e+00  3.170864e-01
1.886771e+04  0.000000e+00  3.595051e-02  0.000000e+00  2.060071e-01  0.000000e+00  6.466437e-01  0.000000e+00  4.860242e-01  0.000000e+00  0.000000e+00  1.004540e-01  2.101533e-01  0.000000e+00  3.283105e-01  0.000000e+00  1.612564e-01
2.116992e+04  0.000000e+00  2.416201e-04  0.000000e+00  7.718639e-02  0.000000e+00  1.248156e-03  0.000000e+00  4.395520e-02  0.000000e+00  0.000000e+00  0.000000e+00  1.823559e-01  0.000000e+00  5.643245e-01  0.000000e+00  4.395520e-02
2.375304e+04  0.000000e+00  0.000000e+00  0.000000e+00  2.153441e-04  0.000000e+00  4.801599e-02  2.257418e-03  7.943798e-03  0.000000e+00  1.311975e-02  4.772890e-02  6.929924e-04  0.000000e+00  0.000000e+00  0.000000e+00  2.248115e-01
2.665135e+04  0.000000e+00  2.011926e-03  0.000000e+00  1.654418e-01  0.000000e+00  0.000000e+00  0.000000e+00  0.000000e+00  0.000000e+00  1.286236e-03  0.000000e+00  0.000000e+00  0.000000e+00  0.000000e+00  0.000000e+00  2.011926e-03
2.990330e+04  0.000000e+00  0.000000e+00  0.000000e+00  1.531953e-02  0.000000e+00  0.000000e+00  0.000000e+00  0.000000e+00  0.000000e+00  0.000000e+00  0.000000e+00  2.162952e-02  0.000000e+00  4.422240e-02  0.000000e+00  2.603928e-02
3.355206e+04  0.000000e+00  0.000000e+00  0.000000e+00  0.000000e+00  0.000000e+00  0.000000e+00  0.000000e+00  0.000000e+00  0.000000e+00  0.000000e+00  0.000000e+00  3.946971e-04  0.000000e+00  2.300744e-01  0.000000e+00  2.043387e-03
3.764603e+04  0.000000e+00  0.000000e+00  0.000000e+00  2.561264e-03  0.000000e+00  0.000000e+00  0.000000e+00  0.000000e+00  0.000000e+00  0.000000e+00  0.000000e+00  1.216874e-02  0.000000e+00  2.561264e-03  0.000000e+00  1.358730e-04
4.223954e+04  0.000000e+00  0.000000e+00  0.000000e+00  1.706619e-03  0.000000e+00  0.000000e+00  0.000000e+00  1.284798e-01  0.000000e+00  0.000000e+00  0.000000e+00  1.332298e-02  0.000000e+00  0.000000e+00  0.000000e+00  0.000000e+00
4.739354e+04  0.000000e+00  0.000000e+00  0.000000e+00  0.000000e+00  0.000000e+00  0.000000e+00  0.000000e+00  1.079277e-04  0.000000e+00  0.000000e+00  0.000000e+00  1.628954e-03  0.000000e+00  9.665971e-03  0.000000e+00  0.000000e+00
5.317643e+04  0.000000e+00  0.000000e+00  0.000000e+00  0.000000e+00  0.000000e+00  0.000000e+00  0.000000e+00  0.000000e+00  0.000000e+00  0.000000e+00  0.000000e+00  0.000000e+00  0.000000e+00  0.000000e+00  0.000000e+00  0.000000e+00
5.966493e+04  0.000000e+00  0.000000e+00  0.000000e+00  0.000000e+00  0.000000e+00  0.000000e+00  0.000000e+00  0.000000e+00  0.000000e+00  0.000000e+00  0.000000e+00  0.000000e+00  0.000000e+00  0.000000e+00  0.000000e+00  0.000000e+00
6.694516e+04  0.000000e+00  0.000000e+00  0.000000e+00  0.000000e+00  0.000000e+00  0.000000e+00  0.000000e+00  0.000000e+00  0.000000e+00  0.000000e+00  0.000000e+00  0.000000e+00  0.000000e+00  0.000000e+00  0.000000e+00  2.894973e-03
7.511370e+04  0.000000e+00  0.000000e+00  0.000000e+00  0.000000e+00  0.000000e+00  0.000000e+00  0.000000e+00  0.000000e+00  0.000000e+00  0.000000e+00  0.000000e+00  0.000000e+00  0.000000e+00  0.000000e+00  0.000000e+00  5.859140e-02
8.427896e+04  0.000000e+00  0.000000e+00  0.000000e+00  0.000000e+00  0.000000e+00  0.000000e+00  0.000000e+00  0.000000e+00  0.000000e+00  0.000000e+00  0.000000e+00  0.000000e+00  0.000000e+00  0.000000e+00  0.000000e+00  0.000000e+00
9.456255e+04  0.000000e+00  0.000000e+00  0.000000e+00  0.000000e+00  0.000000e+00  0.000000e+00  0.000000e+00  0.000000e+00  0.000000e+00  0.000000e+00  0.000000e+00  0.000000e+00  0.000000e+00  0.000000e+00  0.000000e+00  0.000000e+00
1.061009e+05  0.000000e+00  0.000000e+00  0.000000e+00  0.000000e+00  0.000000e+00  0.000000e+00  0.000000e+00  0.000000e+00  0.000000e+00  0.000000e+00  0.000000e+00  0.000000e+00  0.000000e+00  0.000000e+00  0.000000e+00  0.000000e+00
1.190472e+05  0.000000e+00  0.000000e+00  0.000000e+00  0.000000e+00  0.000000e+00  0.000000e+00  0.000000e+00  0.000000e+00  0.000000e+00  0.000000e+00  0.000000e+00  0.000000e+00  0.000000e+00  0.000000e+00  0.000000e+00  0.000000e+00
1.335731e+05  0.000000e+00  0.000000e+00  0.000000e+00  0.000000e+00  0.000000e+00  0.000000e+00  0.000000e+00  0.000000e+00  0.000000e+00  0.000000e+00  0.000000e+00  0.000000e+00  0.000000e+00  0.000000e+00  0.000000e+00  0.000000e+00
1.498715e+05  0.000000e+00  0.000000e+00  0.000000e+00  0.000000e+00  0.000000e+00  0.000000e+00  0.000000e+00  0.000000e+00  0.000000e+00  0.000000e+00  0.000000e+00  0.000000e+00  0.000000e+00  0.000000e+00  0.000000e+00  0.000000e+00
1.681586e+05  0.000000e+00  0.000000e+00  0.000000e+00  0.000000e+00  0.000000e+00  0.000000e+00  0.000000e+00  0.000000e+00  0.000000e+00  0.000000e+00  0.000000e+00  0.000000e+00  0.000000e+00  0.000000e+00  0.000000e+00  0.000000e+00
1.886771e+05  0.000000e+00  0.000000e+00  0.000000e+00  0.000000e+00  0.000000e+00  0.000000e+00  0.000000e+00  0.000000e+00  0.000000e+00  0.000000e+00  0.000000e+00  0.000000e+00  0.000000e+00  0.000000e+00  0.000000e+00  0.000000e+00
2.116992e+05  0.000000e+00  0.000000e+00  0.000000e+00  0.000000e+00  0.000000e+00  0.000000e+00  0.000000e+00  0.000000e+00  0.000000e+00  0.000000e+00  0.000000e+00  0.000000e+00  0.000000e+00  0.000000e+00  0.000000e+00  0.000000e+00
2.375304e+05  0.000000e+00  0.000000e+00  0.000000e+00  0.000000e+00  0.000000e+00  0.000000e+00  0.000000e+00  0.000000e+00  0.000000e+00  0.000000e+00  0.000000e+00  0.000000e+00  0.000000e+00  0.000000e+00  0.000000e+00  0.000000e+00
2.665135e+05  0.000000e+00  0.000000e+00  0.000000e+00  0.000000e+00  0.000000e+00  0.000000e+00  0.000000e+00  0.000000e+00  0.000000e+00  0.000000e+00  0.000000e+00  0.000000e+00  0.000000e+00  0.000000e+00  0.000000e+00  0.000000e+00
2.990330e+05  0.000000e+00  0.000000e+00  0.000000e+00  0.000000e+00  0.000000e+00  0.000000e+00  0.000000e+00  0.000000e+00  0.000000e+00  0.000000e+00  0.000000e+00  0.000000e+00  0.000000e+00  0.000000e+00  0.000000e+00  0.000000e+00
3.355206e+05  0.000000e+00  0.000000e+00  0.000000e+00  0.000000e+00  0.000000e+00  0.000000e+00  0.000000e+00  0.000000e+00  0.000000e+00  0.000000e+00  0.000000e+00  0.000000e+00  0.000000e+00  0.000000e+00  0.000000e+00  0.000000e+00
3.764603e+05  0.000000e+00  0.000000e+00  0.000000e+00  0.000000e+00  0.000000e+00  0.000000e+00  0.000000e+00  0.000000e+00  0.000000e+00  0.000000e+00  0.000000e+00  0.000000e+00  0.000000e+00  0.000000e+00  0.000000e+00  0.000000e+00
4.223954e+05  0.000000e+00  0.000000e+00  0.000000e+00  0.000000e+00  0.000000e+00  0.000000e+00  0.000000e+00  0.000000e+00  0.000000e+00  0.000000e+00  0.000000e+00  0.000000e+00  0.000000e+00  0.000000e+00  0.000000e+00  0.000000e+00
4.739354e+05  0.000000e+00  0.000000e+00  0.000000e+00  0.000000e+00  0.000000e+00  0.000000e+00  0.000000e+00  0.000000e+00  0.000000e+00  0.000000e+00  0.000000e+00  0.000000e+00  0.000000e+00  0.000000e+00  0.000000e+00  0.000000e+00
5.317643e+05  0.000000e+00  0.000000e+00  0.000000e+00  0.000000e+00  0.000000e+00  0.000000e+00  0.000000e+00  0.000000e+00  0.000000e+00  0.000000e+00  0.000000e+00  0.000000e+00  0.000000e+00  0.000000e+00  0.000000e+00  0.000000e+00
5.966493e+05  0.000000e+00  0.000000e+00  0.000000e+00  0.000000e+00  0.000000e+00  0.000000e+00  0.000000e+00  0.000000e+00  0.000000e+00  0.000000e+00  0.000000e+00  0.000000e+00  0.000000e+00  0.000000e+00  0.000000e+00  0.000000e+00
6.694516e+05  0.000000e+00  0.000000e+00  0.000000e+00  0.000000e+00  0.000000e+00  0.000000e+00  0.000000e+00  0.000000e+00  0.000000e+00  0.000000e+00  0.000000e+00  0.000000e+00  0.000000e+00  0.000000e+00  0.000000e+00  0.000000e+00
7.511370e+05  0.000000e+00  0.000000e+00  0.000000e+00  0.000000e+00  0.000000e+00  0.000000e+00  0.000000e+00  0.000000e+00  0.000000e+00  0.000000e+00  0.000000e+00  0.000000e+00  0.000000e+00  0.000000e+00  0.000000e+00  0.000000e+00
8.427896e+05  0.000000e+00  0.000000e+00  0.000000e+00  0.000000e+00  0.000000e+00  0.000000e+00  0.000000e+00  0.000000e+00  0.000000e+00  0.000000e+00  0.000000e+00  0.000000e+00  0.000000e+00  0.000000e+00  0.000000e+00  0.000000e+00
9.456255e+05  0.000000e+00  0.000000e+00  0.000000e+00  0.000000e+00  0.000000e+00  0.000000e+00  0.000000e+00  0.000000e+00  0.000000e+00  0.000000e+00  0.000000e+00  0.000000e+00  0.000000e+00  0.000000e+00  0.000000e+00  0.000000e+00
