# dR/dEr [1/keV/kg/Myr]
# Er [keV], S, F, Ne, Cl, Na, Si, O, P, N, C, Al, Mg, Be, B, Ar, Li
1.061009e+01  4.803729e-02  4.704399e-02  0.000000e+00  0.000000e+00  3.306086e-02  0.000000e+00  3.992240e-03  0.000000e+00  0.000000e+00  0.000000e+00  0.000000e+00  0.000000e+00  6.840011e-03  0.000000e+00  0.000000e+00  0.000000e+00
1.190472e+01  9.837280e-03  1.353545e-02  0.000000e+00  0.000000e+00  3.167583e-03  0.000000e+00  0.000000e+00  0.000000e+00  0.000000e+00  0.000000e+00  0.000000e+00  0.000000e+00  0.000000e+00  0.000000e+00  0.000000e+00  0.000000e+00
1.335731e+01  1.638286e-02  6.219648e-03  0.000000e+00  0.000000e+00  0.000000e+00  0.000000e+00  0.000000e+00  0.000000e+00  0.000000e+00  0.000000e+00  0.000000e+00  0.000000e+00  0.000000e+00  0.000000e+00  0.000000e+00  0.000000e+00
1.498715e+01  3.624371e-03  1.255990e-02  0.000000e+00  0.000000e+00  5.323388e-03  0.000000e+00  5.728994e-04  0.000000e+00  0.000000e+00  0.000000e+00  0.000000e+00  0.000000e+00  0.000000e+00  0.000000e+00  0.000000e+00  0.000000e+00
1.681586e+01  8.967415e-03  7.267107e-03  1.279875e-03  0.000000e+00  2.586890e-03  5.105971e-04  0.000000e+00  0.000000e+00  0.000000e+00  0.000000e+00  0.000000e+00  0.000000e+00  0.000000e+00  0.000000e+00  0.000000e+00  0.000000e+00
1.886771e+01  6.100260e-03  6.727069e-03  0.000000e+00  0.000000e+00  1.140690e-03  0.000000e+00  0.000000e+00  0.000000e+00  0.000000e+00  0.000000e+00  0.000000e+00  0.000000e+00  0.000000e+00  0.000000e+00  0.000000e+00  0.000000e+00
2.116992e+01  8.010586e-03  1.147379e-02  0.000000e+00  0.000000e+00  1.248686e-03  0.000000e+00  5.375788e-04  0.000000e+00  0.000000e+00  0.000000e+00  6.651000e-03  0.000000e+00  0.000000e+00  0.000000e+00  0.000000e+00  0.000000e+00
2.375304e+01  1.457938e-02  2.273480e-03  2.963059e-03  0.000000e+00  6.740611e-03  0.000000e+00  9.060819e-04  0.000000e+00  0.000000e+00  0.000000e+00  0.000000e+00  0.000000e+00  0.000000e+00  0.000000e+00  0.000000e+00  0.000000e+00
2.665135e+01  1.520728e-02  1.414855e-02  4.270140e-04  2.186015e-03  6.697079e-04  0.000000e+00  0.000000e+00  4.371380e-03  0.000000e+00  0.000000e+00  0.000000e+00  0.000000e+00  0.000000e+00  0.000000e+00  0.000000e+00  0.000000e+00
2.990330e+01  1.700921e-02  5.704524e-03  5.034310e-04  0.000000e+00  9.516281e-03  0.000000e+00  6.677065e-04  0.000000e+00  0.000000e+00  0.000000e+00  4.429412e-03  0.000000e+00  4.817524e-03  0.000000e+00  0.000000e+00  0.000000e+00
3.355206e+01  1.845774e-02  7.153768e-03  5.919330e-04  0.000000e+00  1.127057e-03  0.000000e+00  3.438251e-03  0.000000e+00  0.000000e+00  0.000000e+00  5.243207e-03  0.000000e+00  1.150347e-02  0.000000e+00  0.000000e+00  0.000000e+00
3.764603e+01  2.754341e-02  1.584294e-02  7.422902e-04  3.023028e-04  8.167303e-03  0.000000e+00  1.973280e-03  0.000000e+00  0.000000e+00  0.000000e+00  0.000000e+00  0.000000e+00  8.463181e-04  0.000000e+00  0.000000e+00  0.000000e+00
4.223954e+01  2.399046e-02  1.192104e-02  3.458410e-03  0.000000e+00  4.454777e-03  0.000000e+00  1.160827e-03  0.000000e+00  0.000000e+00  0.000000e+00  4.884159e-03  0.000000e+00  1.115108e-02  0.000000e+00  0.000000e+00  0.000000e+00
4.739354e+01  2.623495e-02  9.412115e-03  2.401276e-04  6.591841e-04  2.149387e-03  0.000000e+00  8.611400e-04  0.000000e+00  0.000000e+00  0.000000e+00  0.000000e+00  0.000000e+00  8.906323e-03  0.000000e+00  0.000000e+00  0.000000e+00
5.317643e+01  2.576239e-02  4.926656e-03  5.894929e-04  0.000000e+00  9.066496e-03  0.000000e+00  1.139156e-03  0.000000e+00  0.000000e+00  0.000000e+00  2.647811e-03  0.000000e+00  0.000000e+00  0.000000e+00  0.000000e+00  0.000000e+00
5.966493e+01  2.881150e-02  1.505448e-02  6.598652e-04  3.346460e-04  6.906310e-03  0.000000e+00  6.139055e-03  0.000000e+00  0.000000e+00  0.000000e+00  2.465893e-03  0.000000e+00  2.010256e-03  0.000000e+00  0.000000e+00  0.000000e+00
6.694516e+01  3.477191e-02  1.350572e-02  1.118051e-03  0.000000e+00  4.640562e-03  0.000000e+00  1.191758e-03  0.000000e+00  1.972039e-03  0.000000e+00  1.426538e-03  0.000000e+00  2.874165e-02  0.000000e+00  0.000000e+00  0.000000e+00
7.511370e+01  3.746577e-02  1.497439e-02  2.904832e-03  3.787152e-04  3.669452e-03  0.000000e+00  8.807410e-04  0.000000e+00  0.000000e+00  0.000000e+00  1.944807e-03  0.000000e+00  9.388411e+00  0.000000e+00  0.000000e+00  0.000000e+00
8.427896e+01  4.346962e-02  1.414094e-02  6.377436e-04  2.414712e-03  4.282434e-03  0.000000e+00  3.348570e-03  0.000000e+00  0.000000e+00  0.000000e+00  0.000000e+00  0.000000e+00  1.117633e+01  0.000000e+00  0.000000e+00  0.000000e+00
9.456255e+01  4.299679e-02  1.175182e-02  1.772998e-03  4.387430e-04  8.130177e-03  0.000000e+00  7.745485e-04  0.000000e+00  1.623425e-03  0.000000e+00  2.273285e-04  0.000000e+00  8.608904e+00  0.000000e+00  0.000000e+00  0.000000e+00
1.061009e+02  4.632956e-02  1.772367e-02  2.632749e-03  3.444929e-04  5.386010e-03  0.000000e+00  1.119455e-03  0.000000e+00  0.000000e+00  1.386674e-03  1.713755e-03  0.000000e+00  6.364945e+00  0.000000e+00  0.000000e+00  0.000000e+00
1.190472e+02  4.824946e-02  2.263057e-02  1.804417e-03  8.460571e-04  1.003444e-02  0.000000e+00  1.026262e-03  0.000000e+00  7.212376e-05  8.022013e-04  5.484673e+00  0.000000e+00  4.777247e+00  0.000000e+00  1.388614e-03  0.000000e+00
1.335731e+02  5.698722e-02  2.156661e-02  2.793313e-03  2.092058e-04  6.503677e-03  0.000000e+00  9.319669e-04  0.000000e+00  0.000000e+00  0.000000e+00  4.681834e+00  0.000000e+00  3.570480e+00  0.000000e+00  0.000000e+00  0.000000e+00
1.498715e+02  1.291284e-01  2.452196e-02  9.702571e-04  4.469836e-04  3.468953e-03  0.000000e+00  4.335501e-03  0.000000e+00  6.102453e-04  1.019471e-03  3.510486e+00  0.000000e+00  2.684366e+00  0.000000e+00  0.000000e+00  0.000000e+00
1.681586e+02  1.806959e-01  3.002922e-02  1.725789e-03  2.586890e-04  5.007168e-03  1.278362e-04  3.446236e-03  0.000000e+00  9.756485e-04  0.000000e+00  2.749854e+00  0.000000e+00  1.933045e+00  0.000000e+00  0.000000e+00  0.000000e+00
1.886771e+02  1.130204e-01  2.714508e-02  1.564804e-03  2.459292e-04  6.465289e-03  1.058243e-04  3.818432e-03  7.978753e-05  7.978753e-05  0.000000e+00  1.987534e+00  0.000000e+00  1.375662e+00  0.000000e+00  0.000000e+00  0.000000e+00
2.116992e+02  5.441394e-02  3.637932e-02  1.703586e-03  1.220414e-03  4.748520e-03  7.111071e-05  1.859703e-03  0.000000e+00  0.000000e+00  1.015439e-04  1.593878e+00  0.000000e+00  9.789098e-01  0.000000e+00  1.319999e-04  0.000000e+00
2.375304e+02  4.019391e-02  1.422515e-01  2.550400e-03  1.057337e-03  5.903512e-03  2.723070e-05  3.672301e-03  2.656569e-04  0.000000e+00  3.614751e-05  1.184470e+00  0.000000e+00  7.420681e-01  0.000000e+00  1.438368e-04  0.000000e+00
2.665135e+02  3.414676e-02  1.200799e-01  2.407339e-03  1.208504e-03  7.953459e-03  7.451995e-05  2.592217e-03  0.000000e+00  5.648525e-05  4.794397e-04  8.458512e-01  0.000000e+00  4.842700e-01  0.000000e+00  0.000000e+00  0.000000e+00
2.990330e+02  2.597857e-02  2.334344e-02  1.162450e-03  5.594675e-04  6.240194e-03  3.494924e-04  3.486403e-03  8.196224e-05  1.065451e-04  5.133722e-04  6.574153e-01  0.000000e+00  3.561561e-01  0.000000e+00  0.000000e+00  0.000000e+00
3.355206e+02  2.372722e-02  2.355605e-02  1.414094e-03  9.440448e-04  5.751896e-03  4.486783e-05  2.249328e-03  3.855572e-05  3.391893e-05  4.582731e-04  4.860949e-01  3.574796e-04  2.595200e-01  0.000000e+00  0.000000e+00  1.322825e-04
3.764603e+02  1.700796e-02  1.707246e-02  2.782458e-03  1.262647e-03  5.282761e-03  1.006657e-03  1.937078e-03  0.000000e+00  5.275608e-05  0.000000e+00  3.184495e-01  0.000000e+00  1.795688e-01  0.000000e+00  0.000000e+00  0.000000e+00
4.223954e+02  1.103050e-02  1.709073e-02  1.132978e-03  1.091564e-03  5.488915e-03  8.496759e-05  2.068615e-03  5.246720e-04  9.366460e-05  2.922477e-04  2.329548e-01  0.000000e+00  9.675676e-02  0.000000e+00  6.615668e-05  0.000000e+00
4.739354e+02  1.031532e-02  1.474007e-02  1.767539e-03  1.159267e-03  4.595156e-03  3.344504e-04  3.746861e-03  2.718912e-04  2.458207e-04  0.000000e+00  1.597619e-01  0.000000e+00  7.066875e-02  2.458207e-04  0.000000e+00  0.000000e+00
5.317643e+02  9.464284e-03  1.279269e-02  3.025809e-03  6.222408e-04  3.632088e-03  1.377367e-04  1.623003e-03  4.389210e-04  2.809626e-04  4.026510e-04  1.369216e-01  0.000000e+00  4.968231e-02  4.042536e-05  6.424955e-05  0.000000e+00
5.966493e+02  8.921970e-03  1.156005e-02  2.630062e-03  2.179133e-03  3.711686e-03  3.971575e-04  2.851747e-03  3.216475e-04  1.481078e-04  2.414481e-04  8.945939e-02  0.000000e+00  3.402250e-02  0.000000e+00  5.339906e-05  0.000000e+00
6.694516e+02  7.372382e-03  1.103401e-02  3.263114e-03  2.203998e-03  3.907587e-03  2.871483e-04  2.492127e-03  1.259222e-04  6.181592e-05  2.100295e-04  6.079709e-02  0.000000e+00  2.181766e-02  0.000000e+00  0.000000e+00  0.000000e+00
7.511370e+02  5.806282e-03  7.720257e-03  2.206672e-03  1.612590e-03  2.618216e-03  2.745345e-04  1.845240e-03  2.562603e-04  2.239732e-04  1.682914e-04  4.127006e-02  0.000000e+00  1.580556e-02  0.000000e+00  0.000000e+00  0.000000e+00
8.427896e+02  4.830221e-03  7.546553e-03  2.149485e-03  1.016255e-03  3.176796e-03  4.922798e-05  1.902168e-03  3.706864e-05  1.753116e-04  5.529202e-04  2.315002e-02  0.000000e+00  8.843120e-03  0.000000e+00  9.786729e-05  0.000000e+00
9.456255e+02  4.204207e-03  5.594379e-03  2.556364e-03  1.138353e-03  2.779581e-03  2.696593e-04  1.853354e-03  1.656757e-04  0.000000e+00  4.134153e-04  1.979818e-02  6.161027e-05  5.497169e-03  0.000000e+00  0.000000e+00  0.000000e+00
1.061009e+03  3.794692e-03  3.785816e-03  2.656876e-03  1.703514e-03  2.548526e-03  1.806619e-04  1.734376e-03  1.896851e-04  4.123967e-04  1.853613e-04  1.379464e-02  0.000000e+00  2.636413e-03  1.793375e-04  1.130450e-04  0.000000e+00
1.190472e+03  2.826731e-03  3.263944e-03  2.247957e-03  1.701638e-03  1.225668e-03  1.813150e-04  1.215949e-03  5.501036e-04  1.409463e-04  7.659289e-04  9.198492e-03  0.000000e+00  1.635740e-03  0.000000e+00  0.000000e+00  0.000000e+00
1.335731e+03  2.586394e-03  3.652343e-03  2.107653e-03  1.281346e-03  1.094158e-03  3.459223e-04  1.108632e-03  1.754520e-04  3.490417e-04  2.455673e-04  4.357978e-03  0.000000e+00  1.066545e-03  6.175009e-05  0.000000e+00  0.000000e+00
1.498715e+03  1.518954e-03  2.798892e-03  1.709482e-03  1.642071e-03  1.463724e-03  7.458536e-04  1.423652e-03  3.981474e-04  4.246471e-04  3.633067e-04  2.008551e-03  4.956654e-05  9.696811e-04  0.000000e+00  0.000000e+00  9.099145e-05
1.681586e+03  1.131210e-03  2.514663e-03  1.575196e-03  1.109253e-03  1.297951e-03  2.834773e-04  7.824921e-04  4.500878e-04  2.964357e-04  2.722311e-04  2.306076e-03  0.000000e+00  4.865960e-04  8.376545e-05  0.000000e+00  2.639383e-05
1.886771e+03  1.320635e-03  2.119056e-03  1.642081e-03  1.146395e-03  1.257841e-03  3.714767e-04  7.848285e-04  3.741705e-04  1.686859e-04  3.784912e-04  1.112430e-03  8.238434e-05  1.052622e-05  2.179009e-04  1.923210e-05  0.000000e+00
2.116992e+03  7.374728e-04  1.879437e-03  9.197797e-04  9.011962e-04  7.565194e-04  1.917664e-04  7.032833e-04  3.113334e-04  1.837669e-04  2.653264e-04  7.775220e-04  6.956534e-05  2.545049e-04  1.319999e-05  0.000000e+00  1.319999e-05
2.375304e+03  7.142439e-04  1.055025e-03  1.152429e-03  1.453662e-03  7.981548e-04  5.308139e-04  6.139504e-04  1.886157e-04  7.904433e-05  1.917190e-04  7.686748e-04  1.031844e-05  0.000000e+00  5.927710e-05  0.000000e+00  7.099055e-05
2.665135e+03  4.104631e-04  9.979728e-04  7.991992e-04  1.480997e-03  4.866030e-04  1.768739e-04  4.671532e-04  3.750422e-04  1.245207e-04  1.855914e-04  5.482441e-04  9.235122e-05  9.898607e-05  5.405350e-05  0.000000e+00  6.370633e-05
2.990330e+03  3.170912e-04  6.608390e-04  6.442327e-04  9.447554e-04  3.617083e-04  3.909926e-04  3.439272e-04  3.353902e-04  3.337026e-04  3.458467e-04  3.528809e-04  1.211270e-04  0.000000e+00  5.882975e-05  0.000000e+00  8.532084e-05
3.355206e+03  1.565908e-04  8.046193e-04  7.949738e-04  1.267561e-03  2.188049e-04  4.078094e-04  1.130353e-04  3.131747e-04  1.388043e-04  2.318925e-04  1.862694e-04  6.478825e-05  1.771942e-05  3.947718e-05  0.000000e+00  1.473562e-05
3.764603e+03  1.142299e-04  4.210250e-04  6.775373e-04  7.744496e-04  1.487593e-04  4.480087e-04  8.031221e-05  1.591842e-04  2.536511e-04  2.799358e-04  2.438628e-04  8.345361e-05  5.710234e-06  4.381032e-05  0.000000e+00  1.569556e-04
4.223954e+03  6.716007e-05  1.674772e-04  3.374604e-04  6.193650e-04  1.284324e-04  1.652443e-04  1.430745e-04  2.735097e-04  1.746719e-04  2.783557e-04  1.393836e-04  1.071959e-04  0.000000e+00  7.161154e-05  0.000000e+00  1.107738e-04
4.739354e+03  3.082311e-05  2.710720e-04  3.595158e-04  6.771370e-04  1.064692e-04  2.956652e-04  4.446160e-05  1.854692e-04  1.207662e-04  1.494559e-04  1.200351e-04  4.701949e-05  7.656438e-06  2.465660e-05  0.000000e+00  8.472604e-05
5.317643e+03  2.418278e-05  2.583635e-04  3.522999e-04  3.832072e-04  7.208421e-05  2.895619e-04  3.455107e-05  2.474223e-04  1.315595e-04  2.236318e-04  1.631968e-04  6.344950e-05  0.000000e+00  8.046711e-05  0.000000e+00  6.900013e-05
5.966493e+03  5.448714e-05  1.479597e-04  2.241367e-04  3.448035e-04  5.451080e-05  1.718394e-04  7.824951e-05  1.943022e-04  1.204040e-04  1.264333e-04  1.751611e-05  4.764594e-05  0.000000e+00  3.074066e-05  0.000000e+00  3.478327e-05
6.694516e+03  3.661119e-06  1.333393e-04  1.721044e-04  2.486012e-04  4.788213e-05  3.690764e-04  5.487573e-05  1.880820e-04  1.117007e-04  1.143798e-04  1.085293e-04  3.535629e-05  0.000000e+00  3.211204e-05  0.000000e+00  6.629831e-06
7.511370e+03  2.585785e-05  1.176076e-04  1.179035e-04  1.424773e-04  2.489443e-05  2.465665e-04  4.227562e-05  1.909023e-04  1.451111e-05  8.731474e-05  3.796744e-05  4.099315e-05  0.000000e+00  1.699336e-05  0.000000e+00  8.605491e-05
8.427896e+03  1.745719e-05  1.109803e-04  5.653511e-05  1.581130e-04  2.985765e-05  2.623189e-04  2.888949e-05  1.992773e-04  3.730301e-05  5.444069e-05  2.266279e-05  6.811731e-05  0.000000e+00  1.069315e-05  0.000000e+00  6.966822e-05
9.456255e+03  0.000000e+00  3.012112e-05  4.454065e-05  1.819974e-04  1.835930e-05  1.588007e-04  2.955111e-06  1.055024e-04  4.759781e-05  3.166829e-05  7.366237e-05  1.053309e-04  0.000000e+00  3.252691e-05  0.000000e+00  1.400703e-05
1.061009e+04  0.000000e+00  4.934371e-05  2.422519e-05  1.098973e-04  1.590424e-05  1.329295e-04  5.669574e-05  4.742233e-05  1.548663e-05  5.530878e-05  5.563868e-05  1.927393e-05  0.000000e+00  2.310010e-06  0.000000e+00  4.130711e-05
1.190472e+04  0.000000e+00  7.454209e-06  3.728228e-06  6.759950e-05  0.000000e+00  7.182426e-05  1.805735e-06  3.107369e-05  4.117597e-06  5.069940e-05  3.691567e-05  7.717814e-06  0.000000e+00  2.217918e-05  0.000000e+00  4.689742e-05
1.335731e+04  0.000000e+00  3.304884e-05  2.258687e-05  6.298205e-05  0.000000e+00  4.518355e-05  2.385248e-06  2.572585e-05  9.433523e-06  2.941295e-05  3.482756e-05  2.186749e-05  0.000000e+00  0.000000e+00  0.000000e+00  3.570673e-05
1.498715e+04  0.000000e+00  8.707129e-06  4.956654e-06  2.559952e-05  0.000000e+00  3.414675e-05  0.000000e+00  1.692039e-05  8.002972e-06  1.223808e-05  3.729097e-06  8.925954e-06  0.000000e+00  3.499910e-06  0.000000e+00  3.383555e-05
1.681586e+04  0.000000e+00  1.229985e-05  1.457518e-06  1.408744e-05  0.000000e+00  4.900232e-05  1.278362e-06  1.430961e-05  0.000000e+00  4.417623e-06  3.464600e-06  4.534054e-06  0.000000e+00  3.196018e-05  0.000000e+00  2.629160e-05
1.886771e+04  0.000000e+00  1.150352e-05  0.000000e+00  9.002706e-06  0.000000e+00  2.956998e-05  0.000000e+00  1.493315e-05  0.000000e+00  0.000000e+00  1.751889e-05  1.141096e-05  0.000000e+00  1.533910e-05  0.000000e+00  4.172247e-05
2.116992e+04  0.000000e+00  1.015439e-06  0.000000e+00  1.740731e-05  0.000000e+00  2.520429e-06  0.000000e+00  6.949832e-06  0.000000e+00  0.000000e+00  0.000000e+00  5.503241e-06  0.000000e+00  1.647605e-05  0.000000e+00  6.949832e-06
2.375304e+04  0.000000e+00  0.000000e+00  0.000000e+00  9.050112e-07  0.000000e+00  1.193522e-05  1.868540e-06  4.399849e-06  0.000000e+00  5.049534e-06  6.064903e-06  2.063687e-06  0.000000e+00  0.000000e+00  0.000000e+00  1.722403e-05
2.665135e+04  0.000000e+00  1.665338e-06  0.000000e+00  5.009418e-06  0.000000e+00  0.000000e+00  0.000000e+00  0.000000e+00  0.000000e+00  1.361529e-06  0.000000e+00  0.000000e+00  0.000000e+00  0.000000e+00  0.000000e+00  1.665338e-06
2.990330e+04  0.000000e+00  0.000000e+00  0.000000e+00  4.414846e-06  0.000000e+00  0.000000e+00  0.000000e+00  0.000000e+00  0.000000e+00  0.000000e+00  0.000000e+00  7.909770e-06  0.000000e+00  8.312448e-06  0.000000e+00  6.423632e-06
3.355206e+04  0.000000e+00  0.000000e+00  0.000000e+00  0.000000e+00  0.000000e+00  0.000000e+00  0.000000e+00  0.000000e+00  0.000000e+00  0.000000e+00  0.000000e+00  8.328633e-07  0.000000e+00  1.018287e-06  0.000000e+00  2.163001e-06
3.764603e+04  0.000000e+00  0.000000e+00  0.000000e+00  1.973280e-06  0.000000e+00  0.000000e+00  0.000000e+00  0.000000e+00  0.000000e+00  0.000000e+00  0.000000e+00  3.506837e-06  0.000000e+00  1.973280e-06  0.000000e+00  5.710234e-07
4.223954e+04  0.000000e+00  0.000000e+00  0.000000e+00  1.379282e-06  0.000000e+00  0.000000e+00  0.000000e+00  5.594307e-06  0.000000e+00  0.000000e+00  0.000000e+00  5.464407e-06  0.000000e+00  0.000000e+00  0.000000e+00  0.000000e+00
4.739354e+04  0.000000e+00  0.000000e+00  0.000000e+00  0.000000e+00  0.000000e+00  0.000000e+00  0.000000e+00  4.535800e-07  0.000000e+00  0.000000e+00  0.000000e+00  1.682866e-06  0.000000e+00  2.785579e-06  0.000000e+00  0.000000e+00
5.317643e+04  0.000000e+00  0.000000e+00  0.000000e+00  0.000000e+00  0.000000e+00  0.000000e+00  0.000000e+00  0.000000e+00  0.000000e+00  0.000000e+00  0.000000e+00  0.000000e+00  0.000000e+00  0.000000e+00  0.000000e+00  0.000000e+00
5.966493e+04  0.000000e+00  0.000000e+00  0.000000e+00  0.000000e+00  0.000000e+00  0.000000e+00  0.000000e+00  0.000000e+00  0.000000e+00  0.000000e+00  0.000000e+00  0.000000e+00  0.000000e+00  0.000000e+00  0.000000e+00  0.000000e+00
6.694516e+04  0.000000e+00  0.000000e+00  0.000000e+00  0.000000e+00  0.000000e+00  0.000000e+00  0.000000e+00  0.000000e+00  0.000000e+00  0.000000e+00  0.000000e+00  0.000000e+00  0.000000e+00  0.000000e+00  0.000000e+00  1.882235e-06
7.511370e+04  0.000000e+00  0.000000e+00  0.000000e+00  0.000000e+00  0.000000e+00  0.000000e+00  0.000000e+00  0.000000e+00  0.000000e+00  0.000000e+00  0.000000e+00  0.000000e+00  0.000000e+00  0.000000e+00  0.000000e+00  1.451111e-06
8.427896e+04  0.000000e+00  0.000000e+00  0.000000e+00  0.000000e+00  0.000000e+00  0.000000e+00  0.000000e+00  0.000000e+00  0.000000e+00  0.000000e+00  0.000000e+00  0.000000e+00  0.000000e+00  0.000000e+00  0.000000e+00  0.000000e+00
9.456255e+04  0.000000e+00  0.000000e+00  0.000000e+00  0.000000e+00  0.000000e+00  0.000000e+00  0.000000e+00  0.000000e+00  0.000000e+00  0.000000e+00  0.000000e+00  0.000000e+00  0.000000e+00  0.000000e+00  0.000000e+00  0.000000e+00
1.061009e+05  0.000000e+00  0.000000e+00  0.000000e+00  0.000000e+00  0.000000e+00  0.000000e+00  0.000000e+00  0.000000e+00  0.000000e+00  0.000000e+00  0.000000e+00  0.000000e+00  0.000000e+00  0.000000e+00  0.000000e+00  0.000000e+00
1.190472e+05  0.000000e+00  0.000000e+00  0.000000e+00  0.000000e+00  0.000000e+00  0.000000e+00  0.000000e+00  0.000000e+00  0.000000e+00  0.000000e+00  0.000000e+00  0.000000e+00  0.000000e+00  0.000000e+00  0.000000e+00  0.000000e+00
1.335731e+05  0.000000e+00  0.000000e+00  0.000000e+00  0.000000e+00  0.000000e+00  0.000000e+00  0.000000e+00  0.000000e+00  0.000000e+00  0.000000e+00  0.000000e+00  0.000000e+00  0.000000e+00  0.000000e+00  0.000000e+00  0.000000e+00
1.498715e+05  0.000000e+00  0.000000e+00  0.000000e+00  0.000000e+00  0.000000e+00  0.000000e+00  0.000000e+00  0.000000e+00  0.000000e+00  0.000000e+00  0.000000e+00  0.000000e+00  0.000000e+00  0.000000e+00  0.000000e+00  0.000000e+00
1.681586e+05  0.000000e+00  0.000000e+00  0.000000e+00  0.000000e+00  0.000000e+00  0.000000e+00  0.000000e+00  0.000000e+00  0.000000e+00  0.000000e+00  0.000000e+00  0.000000e+00  0.000000e+00  0.000000e+00  0.000000e+00  0.000000e+00
1.886771e+05  0.000000e+00  0.000000e+00  0.000000e+00  0.000000e+00  0.000000e+00  0.000000e+00  0.000000e+00  0.000000e+00  0.000000e+00  0.000000e+00  0.000000e+00  0.000000e+00  0.000000e+00  0.000000e+00  0.000000e+00  0.000000e+00
2.116992e+05  0.000000e+00  0.000000e+00  0.000000e+00  0.000000e+00  0.000000e+00  0.000000e+00  0.000000e+00  0.000000e+00  0.000000e+00  0.000000e+00  0.000000e+00  0.000000e+00  0.000000e+00  0.000000e+00  0.000000e+00  0.000000e+00
2.375304e+05  0.000000e+00  0.000000e+00  0.000000e+00  0.000000e+00  0.000000e+00  0.000000e+00  0.000000e+00  0.000000e+00  0.000000e+00  0.000000e+00  0.000000e+00  0.000000e+00  0.000000e+00  0.000000e+00  0.000000e+00  0.000000e+00
2.665135e+05  0.000000e+00  0.000000e+00  0.000000e+00  0.000000e+00  0.000000e+00  0.000000e+00  0.000000e+00  0.000000e+00  0.000000e+00  0.000000e+00  0.000000e+00  0.000000e+00  0.000000e+00  0.000000e+00  0.000000e+00  0.000000e+00
2.990330e+05  0.000000e+00  0.000000e+00  0.000000e+00  0.000000e+00  0.000000e+00  0.000000e+00  0.000000e+00  0.000000e+00  0.000000e+00  0.000000e+00  0.000000e+00  0.000000e+00  0.000000e+00  0.000000e+00  0.000000e+00  0.000000e+00
3.355206e+05  0.000000e+00  0.000000e+00  0.000000e+00  0.000000e+00  0.000000e+00  0.000000e+00  0.000000e+00  0.000000e+00  0.000000e+00  0.000000e+00  0.000000e+00  0.000000e+00  0.000000e+00  0.000000e+00  0.000000e+00  0.000000e+00
3.764603e+05  0.000000e+00  0.000000e+00  0.000000e+00  0.000000e+00  0.000000e+00  0.000000e+00  0.000000e+00  0.000000e+00  0.000000e+00  0.000000e+00  0.000000e+00  0.000000e+00  0.000000e+00  0.000000e+00  0.000000e+00  0.000000e+00
4.223954e+05  0.000000e+00  0.000000e+00  0.000000e+00  0.000000e+00  0.000000e+00  0.000000e+00  0.000000e+00  0.000000e+00  0.000000e+00  0.000000e+00  0.000000e+00  0.000000e+00  0.000000e+00  0.000000e+00  0.000000e+00  0.000000e+00
4.739354e+05  0.000000e+00  0.000000e+00  0.000000e+00  0.000000e+00  0.000000e+00  0.000000e+00  0.000000e+00  0.000000e+00  0.000000e+00  0.000000e+00  0.000000e+00  0.000000e+00  0.000000e+00  0.000000e+00  0.000000e+00  0.000000e+00
5.317643e+05  0.000000e+00  0.000000e+00  0.000000e+00  0.000000e+00  0.000000e+00  0.000000e+00  0.000000e+00  0.000000e+00  0.000000e+00  0.000000e+00  0.000000e+00  0.000000e+00  0.000000e+00  0.000000e+00  0.000000e+00  0.000000e+00
5.966493e+05  0.000000e+00  0.000000e+00  0.000000e+00  0.000000e+00  0.000000e+00  0.000000e+00  0.000000e+00  0.000000e+00  0.000000e+00  0.000000e+00  0.000000e+00  0.000000e+00  0.000000e+00  0.000000e+00  0.000000e+00  0.000000e+00
6.694516e+05  0.000000e+00  0.000000e+00  0.000000e+00  0.000000e+00  0.000000e+00  0.000000e+00  0.000000e+00  0.000000e+00  0.000000e+00  0.000000e+00  0.000000e+00  0.000000e+00  0.000000e+00  0.000000e+00  0.000000e+00  0.000000e+00
7.511370e+05  0.000000e+00  0.000000e+00  0.000000e+00  0.000000e+00  0.000000e+00  0.000000e+00  0.000000e+00  0.000000e+00  0.000000e+00  0.000000e+00  0.000000e+00  0.000000e+00  0.000000e+00  0.000000e+00  0.000000e+00  0.000000e+00
8.427896e+05  0.000000e+00  0.000000e+00  0.000000e+00  0.000000e+00  0.000000e+00  0.000000e+00  0.000000e+00  0.000000e+00  0.000000e+00  0.000000e+00  0.000000e+00  0.000000e+00  0.000000e+00  0.000000e+00  0.000000e+00  0.000000e+00
9.456255e+05  0.000000e+00  0.000000e+00  0.000000e+00  0.000000e+00  0.000000e+00  0.000000e+00  0.000000e+00  0.000000e+00  0.000000e+00  0.000000e+00  0.000000e+00  0.000000e+00  0.000000e+00  0.000000e+00  0.000000e+00  0.000000e+00
