# dR/dEr [1/keV/kg/Myr]
# Er [keV], S, F, Ne, Cl, Na, Si, O, P, N, C, Al, Mg, Be, B, Ar, Li
1.061009e+01  1.780717e+02  1.350504e+02  0.000000e+00  0.000000e+00  5.025941e+01  0.000000e+00  1.185697e+01  0.000000e+00  0.000000e+00  0.000000e+00  0.000000e+00  0.000000e+00  4.802054e-01  0.000000e+00  0.000000e+00  0.000000e+00
1.190472e+01  6.637130e+01  1.409980e+01  0.000000e+00  0.000000e+00  2.114673e+01  0.000000e+00  0.000000e+00  0.000000e+00  0.000000e+00  0.000000e+00  0.000000e+00  0.000000e+00  0.000000e+00  0.000000e+00  0.000000e+00  0.000000e+00
1.335731e+01  9.675091e+01  1.986858e+01  0.000000e+00  0.000000e+00  0.000000e+00  0.000000e+00  0.000000e+00  0.000000e+00  0.000000e+00  0.000000e+00  0.000000e+00  0.000000e+00  0.000000e+00  0.000000e+00  0.000000e+00  0.000000e+00
1.498715e+01  2.447752e+01  2.720107e+01  0.000000e+00  0.000000e+00  1.021466e+01  0.000000e+00  4.052273e+00  0.000000e+00  0.000000e+00  0.000000e+00  0.000000e+00  0.000000e+00  0.000000e+00  0.000000e+00  0.000000e+00  0.000000e+00
1.681586e+01  6.053166e+01  2.849051e+01  8.740604e+00  0.000000e+00  1.710947e+01  3.611592e+00  0.000000e+00  0.000000e+00  0.000000e+00  0.000000e+00  0.000000e+00  0.000000e+00  0.000000e+00  0.000000e+00  0.000000e+00  0.000000e+00
1.886771e+01  4.142728e+01  3.207054e+01  0.000000e+00  0.000000e+00  7.790071e+00  0.000000e+00  0.000000e+00  0.000000e+00  0.000000e+00  0.000000e+00  0.000000e+00  0.000000e+00  0.000000e+00  0.000000e+00  0.000000e+00  0.000000e+00
2.116992e+01  4.206188e+01  3.546371e+01  0.000000e+00  0.000000e+00  8.448743e+00  0.000000e+00  3.708170e+00  0.000000e+00  0.000000e+00  0.000000e+00  2.392681e+00  0.000000e+00  0.000000e+00  0.000000e+00  0.000000e+00  0.000000e+00
2.375304e+01  7.769797e+01  1.524546e+01  9.494508e+00  0.000000e+00  2.006241e+01  0.000000e+00  6.187873e+00  0.000000e+00  0.000000e+00  0.000000e+00  0.000000e+00  0.000000e+00  0.000000e+00  0.000000e+00  0.000000e+00  0.000000e+00
2.665135e+01  6.788300e+01  3.283389e+01  2.945504e+00  2.291781e-01  4.694882e+00  0.000000e+00  0.000000e+00  6.612044e+00  0.000000e+00  0.000000e+00  0.000000e+00  0.000000e+00  0.000000e+00  0.000000e+00  0.000000e+00  0.000000e+00
2.990330e+01  7.692942e+01  3.508446e+01  3.590081e+00  0.000000e+00  5.076802e+00  0.000000e+00  4.656131e+00  0.000000e+00  0.000000e+00  0.000000e+00  6.752188e-01  0.000000e+00  3.655030e+00  0.000000e+00  0.000000e+00  0.000000e+00
3.355206e+01  9.818829e+01  2.653061e+01  3.773866e+00  0.000000e+00  7.670494e+00  0.000000e+00  1.027990e+01  0.000000e+00  0.000000e+00  0.000000e+00  3.306445e+00  0.000000e+00  3.634890e+00  0.000000e+00  0.000000e+00  0.000000e+00
3.764603e+01  1.102761e+02  2.015019e+01  2.802901e-02  2.085257e+00  1.349937e+01  0.000000e+00  2.471457e-01  0.000000e+00  0.000000e+00  0.000000e+00  0.000000e+00  0.000000e+00  4.357836e-02  0.000000e+00  0.000000e+00  0.000000e+00
4.223954e+01  9.934836e+01  4.996948e+01  1.597949e+00  0.000000e+00  2.380046e+01  0.000000e+00  2.914441e+00  0.000000e+00  0.000000e+00  0.000000e+00  1.112638e+00  0.000000e+00  1.788886e+01  0.000000e+00  0.000000e+00  0.000000e+00
4.739354e+01  1.380978e+02  5.455819e+01  1.656379e+00  4.328072e+00  6.465673e+00  0.000000e+00  5.961860e+00  0.000000e+00  0.000000e+00  0.000000e+00  0.000000e+00  0.000000e+00  6.244666e+00  0.000000e+00  0.000000e+00  0.000000e+00
5.317643e+01  1.219379e+02  3.046275e+01  4.094584e+00  0.000000e+00  1.659491e+01  0.000000e+00  7.923848e+00  0.000000e+00  0.000000e+00  0.000000e+00  9.525435e-01  0.000000e+00  0.000000e+00  0.000000e+00  0.000000e+00  0.000000e+00
5.966493e+01  1.616903e+02  5.779592e+01  4.560563e+00  2.333593e+00  1.175973e+01  0.000000e+00  8.817029e+00  0.000000e+00  0.000000e+00  0.000000e+00  1.464738e+00  0.000000e+00  4.563940e-01  0.000000e+00  0.000000e+00  0.000000e+00
6.694516e+01  1.767681e+02  4.849796e+01  7.654679e+00  0.000000e+00  2.240987e+01  0.000000e+00  2.286778e+00  0.000000e+00  5.630469e-01  0.000000e+00  3.260743e+00  0.000000e+00  4.413875e+01  0.000000e+00  0.000000e+00  0.000000e+00
7.511370e+01  1.854590e+02  6.766290e+01  7.337576e+00  2.494259e+00  1.389983e+01  0.000000e+00  5.752628e+00  0.000000e+00  0.000000e+00  0.000000e+00  8.985926e-01  0.000000e+00  1.293103e+04  0.000000e+00  0.000000e+00  0.000000e+00
8.427896e+01  2.358710e+02  7.441398e+01  4.292941e+00  6.075183e+00  1.916037e+01  0.000000e+00  1.083332e+01  0.000000e+00  0.000000e+00  0.000000e+00  0.000000e+00  0.000000e+00  1.573689e+04  0.000000e+00  0.000000e+00  0.000000e+00
9.456255e+01  2.332076e+02  5.773708e+01  6.397936e+00  2.952720e+00  1.756471e+01  0.000000e+00  2.910691e+00  0.000000e+00  4.032229e-01  0.000000e+00  4.616169e-03  0.000000e+00  1.196653e+04  0.000000e+00  0.000000e+00  0.000000e+00
1.061009e+02  2.731607e+02  7.640406e+01  4.742416e+00  1.015937e+00  2.398562e+01  0.000000e+00  4.925862e+00  0.000000e+00  0.000000e+00  8.236826e-01  2.946517e+00  0.000000e+00  9.078256e+03  0.000000e+00  0.000000e+00  0.000000e+00
1.190472e+02  2.940674e+02  9.715134e+01  1.012858e+01  1.580577e+00  2.318379e+01  0.000000e+00  3.420854e+00  0.000000e+00  5.101509e-01  1.833651e+00  8.005347e+03  0.000000e+00  6.682090e+03  0.000000e+00  4.311864e-01  0.000000e+00
1.335731e+02  3.306715e+02  1.040582e+02  7.622793e+00  7.899649e-03  2.651825e+01  0.000000e+00  4.019067e+00  0.000000e+00  0.000000e+00  0.000000e+00  6.711227e+03  0.000000e+00  4.923724e+03  0.000000e+00  0.000000e+00  0.000000e+00
1.498715e+02  8.070012e+02  1.212285e+02  5.318709e+00  1.677627e+00  1.536295e+01  0.000000e+00  7.715399e+00  0.000000e+00  8.725347e-01  1.192804e+00  5.016524e+03  0.000000e+00  3.681712e+03  0.000000e+00  0.000000e+00  0.000000e+00
1.681586e+02  1.158840e+03  1.230721e+02  7.371076e+00  1.710947e+00  1.358729e+01  2.595863e-03  9.037894e+00  0.000000e+00  9.336041e-01  0.000000e+00  3.737637e+03  0.000000e+00  2.712007e+03  0.000000e+00  0.000000e+00  0.000000e+00
1.886771e+02  6.764772e+02  1.440057e+02  5.463217e+00  1.685912e+00  2.907879e+01  7.379470e-01  8.828141e+00  5.319010e-01  5.319010e-01  0.000000e+00  2.767855e+03  0.000000e+00  1.979891e+03  0.000000e+00  0.000000e+00  0.000000e+00
2.116992e+02  2.954689e+02  1.801429e+02  6.895674e+00  4.393437e+00  1.257405e+01  4.740573e-01  6.768600e+00  0.000000e+00  0.000000e+00  2.061967e-03  2.195896e+03  0.000000e+00  1.339185e+03  0.000000e+00  4.984342e-03  0.000000e+00
2.375304e+02  2.148143e+02  9.124903e+02  1.041287e+01  3.595839e+00  1.808080e+01  1.962834e-01  7.890435e+00  8.704705e-01  0.000000e+00  2.556811e-01  1.638138e+03  0.000000e+00  9.811323e+02  0.000000e+00  8.039009e-01  0.000000e+00
2.665135e+02  1.769339e+02  7.620228e+02  1.051445e+01  3.005696e+00  2.615748e+01  4.751016e-01  6.006743e+00  0.000000e+00  3.765571e-01  5.795057e-01  1.196899e+03  0.000000e+00  6.783488e+02  0.000000e+00  0.000000e+00  0.000000e+00
2.990330e+02  1.089357e+02  1.163427e+02  5.840533e+00  2.108803e+00  1.991456e+01  6.399323e-02  1.151931e+01  2.269576e-03  5.486190e-03  1.275103e-01  9.034272e+02  0.000000e+00  5.069656e+02  0.000000e+00  0.000000e+00  0.000000e+00
3.355206e+02  9.640587e+01  1.047307e+02  6.855589e+00  2.885403e+00  2.101379e+01  2.991099e-01  8.345642e+00  2.779159e-01  2.339697e-01  6.688081e-01  6.765601e+02  8.115960e-02  3.571596e+02  0.000000e+00  0.000000e+00  1.175429e-02
3.764603e+02  6.413629e+01  7.799409e+01  8.869032e+00  3.003977e+00  2.349683e+01  2.637482e-01  5.809752e+00  0.000000e+00  3.363462e-01  0.000000e+00  4.389760e+02  0.000000e+00  2.593244e+02  0.000000e+00  0.000000e+00  0.000000e+00
4.223954e+02  4.146773e+01  6.600622e+01  5.516099e+00  2.804393e+00  2.012696e+01  1.874555e-01  8.026211e+00  6.914194e-01  2.391982e-01  5.192911e-01  3.392320e+02  0.000000e+00  1.380433e+02  0.000000e+00  2.498088e-03  0.000000e+00
4.739354e+02  3.373607e+01  5.423021e+01  7.792113e+00  4.532469e+00  1.739929e+01  3.500374e-01  8.085342e+00  6.982920e-01  3.718226e-01  0.000000e+00  2.135671e+02  0.000000e+00  9.348830e+01  3.718226e-01  0.000000e+00  0.000000e+00
5.317643e+02  2.659188e+01  3.556350e+01  8.402483e+00  2.275290e+00  1.779925e+01  5.307617e-01  6.557139e+00  7.650449e-01  7.554143e-01  2.954661e-01  1.771522e+02  0.000000e+00  7.249693e+01  8.208838e-04  3.590893e-01  0.000000e+00
5.966493e+02  2.375255e+01  3.163104e+01  8.647995e+00  4.225850e+00  1.723878e+01  6.578445e-01  6.844851e+00  7.198910e-01  3.466407e-01  1.831854e-01  1.249326e+02  0.000000e+00  4.928107e+01  0.000000e+00  2.749609e-03  0.000000e+00
6.694516e+02  1.844215e+01  2.670437e+01  1.039581e+01  5.898752e+00  1.674259e+01  6.325615e-01  8.274028e+00  4.959458e-01  4.086954e-01  1.470238e-01  8.724368e+01  0.000000e+00  2.922109e+01  0.000000e+00  0.000000e+00  0.000000e+00
7.511370e+02  1.496288e+01  2.084093e+01  7.032657e+00  4.760711e+00  1.109913e+01  1.601176e-01  6.129049e+00  5.947770e-01  5.011523e-01  9.832291e-02  5.803750e+01  0.000000e+00  1.938950e+01  0.000000e+00  0.000000e+00  0.000000e+00
8.427896e+02  9.372165e+00  1.757964e+01  6.200513e+00  5.040343e+00  1.257123e+01  3.396037e-01  7.030106e+00  2.433854e-01  1.177973e-01  3.755071e-01  3.031280e+01  0.000000e+00  9.732474e+00  0.000000e+00  2.679797e-01  0.000000e+00
9.456255e+02  9.338497e+00  1.406818e+01  8.304711e+00  3.584670e+00  1.032598e+01  5.315817e-01  7.336278e+00  7.084468e-01  0.000000e+00  3.792596e-01  2.565748e+01  6.459116e-03  7.455649e+00  0.000000e+00  0.000000e+00  0.000000e+00
1.061009e+03  8.492261e+00  9.987976e+00  7.870669e+00  5.305047e+00  8.431812e+00  6.151061e-01  6.657350e+00  5.393941e-01  9.002936e-01  1.499219e-01  1.790679e+01  0.000000e+00  2.968064e+00  4.128255e-02  2.566492e-02  0.000000e+00
1.190472e+03  5.697335e+00  8.565010e+00  7.152198e+00  5.366890e+00  6.015480e+00  6.536468e-01  4.180950e+00  6.778192e-01  2.918639e-01  3.963638e-01  1.075114e+01  0.000000e+00  3.116598e+00  0.000000e+00  0.000000e+00  0.000000e+00
1.335731e+03  5.717332e+00  7.747696e+00  5.890793e+00  4.016891e+00  5.042340e+00  3.105066e-01  5.264818e+00  3.151148e-01  5.470201e-01  1.186583e-01  5.317104e+00  0.000000e+00  1.143500e+00  1.690838e-01  0.000000e+00  0.000000e+00
1.498715e+03  3.583569e+00  5.701999e+00  4.684535e+00  4.499377e+00  3.585445e+00  9.383225e-01  4.773390e+00  9.607563e-01  8.491680e-01  2.197268e-01  3.031740e+00  6.208019e-03  1.675093e+00  0.000000e+00  0.000000e+00  1.386297e-02
1.681586e+03  1.599655e+00  5.631227e+00  3.771010e+00  3.856634e+00  4.378201e+00  4.486284e-01  3.489278e+00  6.369486e-01  6.006232e-01  4.441940e-01  3.238244e+00  0.000000e+00  8.666711e-01  1.224825e-01  0.000000e+00  2.345288e-03
1.886771e+03  2.210319e+00  3.494245e+00  3.904126e+00  4.805508e+00  3.518818e+00  5.397528e-01  3.081795e+00  6.503073e-01  4.518725e-01  4.163573e-01  1.634241e+00  9.953467e-02  6.710989e-02  1.186798e-01  1.350197e-03  0.000000e+00
2.116992e+03  1.601261e+00  3.648948e+00  2.506015e+00  2.924625e+00  1.439475e+00  4.886091e-01  2.392277e+00  5.654969e-01  1.447150e-01  2.998087e-01  8.477136e-01  4.595016e-02  3.141405e-01  4.984342e-04  0.000000e+00  4.984342e-04
2.375304e+03  6.936143e-01  2.080678e+00  2.359161e+00  4.325465e+00  1.529761e+00  8.434893e-01  2.180861e+00  5.080544e-01  3.023296e-01  1.006917e-01  9.446030e-01  2.857227e-04  0.000000e+00  2.132479e-02  0.000000e+00  3.697632e-02
2.665135e+03  7.684840e-01  1.615878e+00  1.852649e+00  3.751295e+00  7.351140e-01  4.796237e-01  1.364546e+00  8.978034e-01  2.224150e-01  4.629252e-01  5.460527e-01  1.682202e-01  8.995711e-02  4.101011e-02  0.000000e+00  8.539720e-02
2.990330e+03  2.027215e-01  1.165655e+00  1.227765e+00  2.862706e+00  6.259141e-01  6.553438e-01  9.861755e-01  5.198622e-01  2.436046e-01  2.186464e-01  4.552419e-01  3.958798e-02  0.000000e+00  3.709892e-02  0.000000e+00  1.251961e-01
3.355206e+03  1.969344e-01  1.369338e+00  1.288415e+00  2.947007e+00  2.548177e-01  6.269431e-01  5.898831e-01  3.510027e-01  1.711371e-01  2.021324e-01  1.098027e-01  8.193795e-02  6.522362e-02  6.017894e-03  0.000000e+00  4.445920e-04
3.764603e+03  6.516295e-02  5.169923e-01  9.132104e-01  1.803656e+00  2.258405e-01  5.531598e-01  3.742545e-01  2.705540e-01  1.204395e-01  2.387981e-01  1.904217e-01  1.693817e-02  1.159529e-04  6.220545e-02  0.000000e+00  7.612845e-02
4.223954e+03  1.162473e-02  3.682542e-01  3.764940e-01  1.420259e+00  1.083751e-01  2.606983e-01  3.261646e-01  3.344640e-01  1.808460e-01  1.653329e-01  1.485956e-01  3.287377e-02  0.000000e+00  6.625327e-02  0.000000e+00  4.541160e-02
4.739354e+03  1.424173e-02  2.856536e-01  4.660132e-01  1.346069e+00  1.092183e-01  2.942769e-01  9.358987e-02  2.580443e-01  8.233985e-02  1.105510e-01  1.145013e-01  4.613670e-02  5.375230e-04  3.075522e-03  0.000000e+00  1.447082e-02
5.317643e+03  5.259881e-02  2.762553e-01  3.224330e-01  8.313584e-01  1.549072e-02  2.275698e-01  4.179498e-02  4.418514e-01  1.730072e-01  1.363955e-01  5.125119e-02  5.708659e-02  0.000000e+00  5.548474e-02  0.000000e+00  6.304838e-02
5.966493e+03  2.486353e-02  1.272634e-01  1.770721e-01  5.318563e-01  4.314210e-02  2.829833e-01  3.885778e-02  2.120275e-01  7.675454e-02  1.512266e-01  3.207259e-03  1.013634e-02  0.000000e+00  1.507435e-02  0.000000e+00  2.698243e-02
6.694516e+03  1.013782e-04  9.194684e-02  1.286016e-01  4.048230e-01  1.203661e-02  4.181339e-01  1.448970e-02  1.098190e-01  9.684552e-02  1.330135e-01  8.159352e-02  8.352446e-02  0.000000e+00  1.077286e-02  0.000000e+00  5.891098e-04
7.511370e+03  4.863929e-03  7.872112e-02  1.182622e-01  2.086527e-01  3.261544e-02  2.156814e-01  4.144046e-02  9.216283e-02  2.720201e-02  7.419746e-02  4.187788e-03  2.661951e-02  0.000000e+00  1.515186e-03  0.000000e+00  8.175614e-02
8.427896e+03  1.036955e-02  6.449400e-02  5.830814e-02  7.301313e-02  1.264011e-02  2.910315e-01  5.091111e-02  2.356264e-01  3.533809e-02  3.052286e-02  5.180201e-02  5.005579e-02  0.000000e+00  9.193821e-04  0.000000e+00  1.726942e-02
9.456255e+03  0.000000e+00  1.803428e-02  6.193899e-02  1.623468e-01  1.420448e-02  1.849215e-01  1.115855e-04  7.916226e-02  4.909321e-02  2.916215e-02  8.461606e-02  6.294270e-02  0.000000e+00  2.727943e-02  0.000000e+00  2.135229e-03
1.061009e+04  0.000000e+00  4.838203e-02  2.031351e-02  9.814288e-02  4.873477e-03  1.366340e-01  2.017395e-02  5.239367e-02  2.057647e-03  3.912666e-02  4.314732e-02  3.983145e-02  0.000000e+00  6.396535e-05  0.000000e+00  2.401953e-02
1.190472e+04  0.000000e+00  3.596365e-04  3.312808e-04  5.343111e-02  0.000000e+00  4.507802e-02  3.666753e-05  4.572287e-03  1.140183e-04  4.167992e-02  7.007715e-02  1.898070e-02  0.000000e+00  6.332491e-03  0.000000e+00  1.115403e-02
1.335731e+04  0.000000e+00  1.318949e-02  2.883360e-02  6.703130e-02  0.000000e+00  3.763065e-02  1.228205e-04  1.338375e-02  1.465310e-03  3.299060e-02  1.817926e-02  5.791241e-03  0.000000e+00  0.000000e+00  0.000000e+00  1.158385e-02
1.498715e+04  0.000000e+00  1.366242e-02  6.208019e-04  5.658276e-03  0.000000e+00  2.479875e-02  0.000000e+00  3.197438e-02  1.816937e-03  6.001206e-03  1.408114e-04  2.240563e-02  0.000000e+00  1.156897e-04  0.000000e+00  2.095786e-02
1.681586e+04  0.000000e+00  1.469803e-03  4.035940e-05  3.324010e-03  0.000000e+00  4.352639e-02  2.595863e-05  4.528583e-03  0.000000e+00  5.532902e-04  3.632228e-04  3.320886e-04  0.000000e+00  1.448336e-02  0.000000e+00  1.699768e-02
1.886771e+04  0.000000e+00  2.980607e-03  0.000000e+00  9.449847e-03  0.000000e+00  2.678598e-02  0.000000e+00  2.166967e-02  0.000000e+00  0.000000e+00  9.398834e-03  9.868852e-03  0.000000e+00  1.674500e-02  0.000000e+00  1.491517e-02
2.116992e+04  0.000000e+00  2.061967e-05  0.000000e+00  7.353088e-03  0.000000e+00  9.811417e-05  0.000000e+00  4.128192e-03  0.000000e+00  0.000000e+00  0.000000e+00  8.324071e-03  0.000000e+00  2.432646e-02  0.000000e+00  4.128192e-03
2.375304e+04  0.000000e+00  0.000000e+00  0.000000e+00  1.837730e-05  0.000000e+00  4.553949e-03  1.660337e-04  8.056271e-04  0.000000e+00  1.146410e-03  4.601410e-03  5.714454e-05  0.000000e+00  0.000000e+00  0.000000e+00  1.211085e-02
2.665135e+04  0.000000e+00  1.479777e-04  0.000000e+00  7.692032e-03  0.000000e+00  0.000000e+00  0.000000e+00  0.000000e+00  0.000000e+00  9.558661e-05  0.000000e+00  0.000000e+00  0.000000e+00  0.000000e+00  0.000000e+00  1.479777e-04
2.990330e+04  0.000000e+00  0.000000e+00  0.000000e+00  1.260505e-03  0.000000e+00  0.000000e+00  0.000000e+00  0.000000e+00  0.000000e+00  0.000000e+00  0.000000e+00  1.900437e-03  0.000000e+00  4.294962e-03  0.000000e+00  2.294456e-03
3.355206e+04  0.000000e+00  0.000000e+00  0.000000e+00  0.000000e+00  0.000000e+00  0.000000e+00  0.000000e+00  0.000000e+00  0.000000e+00  0.000000e+00  0.000000e+00  3.144907e-05  0.000000e+00  5.691182e-03  0.000000e+00  1.518543e-04
3.764603e+04  0.000000e+00  0.000000e+00  0.000000e+00  2.471457e-04  0.000000e+00  0.000000e+00  0.000000e+00  0.000000e+00  0.000000e+00  0.000000e+00  0.000000e+00  1.001255e-03  0.000000e+00  2.471457e-04  0.000000e+00  1.159529e-05
4.223954e+04  0.000000e+00  0.000000e+00  0.000000e+00  1.446016e-04  0.000000e+00  0.000000e+00  0.000000e+00  6.367111e-03  0.000000e+00  0.000000e+00  0.000000e+00  1.128705e-03  0.000000e+00  0.000000e+00  0.000000e+00  0.000000e+00
4.739354e+04  0.000000e+00  0.000000e+00  0.000000e+00  0.000000e+00  0.000000e+00  0.000000e+00  0.000000e+00  9.210468e-06  0.000000e+00  0.000000e+00  0.000000e+00  1.380868e-04  0.000000e+00  7.953249e-04  0.000000e+00  0.000000e+00
5.317643e+04  0.000000e+00  0.000000e+00  0.000000e+00  0.000000e+00  0.000000e+00  0.000000e+00  0.000000e+00  0.000000e+00  0.000000e+00  0.000000e+00  0.000000e+00  0.000000e+00  0.000000e+00  0.000000e+00  0.000000e+00  0.000000e+00
5.966493e+04  0.000000e+00  0.000000e+00  0.000000e+00  0.000000e+00  0.000000e+00  0.000000e+00  0.000000e+00  0.000000e+00  0.000000e+00  0.000000e+00  0.000000e+00  0.000000e+00  0.000000e+00  0.000000e+00  0.000000e+00  0.000000e+00
6.694516e+04  0.000000e+00  0.000000e+00  0.000000e+00  0.000000e+00  0.000000e+00  0.000000e+00  0.000000e+00  0.000000e+00  0.000000e+00  0.000000e+00  0.000000e+00  0.000000e+00  0.000000e+00  0.000000e+00  0.000000e+00  2.923678e-04
7.511370e+04  0.000000e+00  0.000000e+00  0.000000e+00  0.000000e+00  0.000000e+00  0.000000e+00  0.000000e+00  0.000000e+00  0.000000e+00  0.000000e+00  0.000000e+00  0.000000e+00  0.000000e+00  0.000000e+00  0.000000e+00  2.720201e-03
8.427896e+04  0.000000e+00  0.000000e+00  0.000000e+00  0.000000e+00  0.000000e+00  0.000000e+00  0.000000e+00  0.000000e+00  0.000000e+00  0.000000e+00  0.000000e+00  0.000000e+00  0.000000e+00  0.000000e+00  0.000000e+00  0.000000e+00
9.456255e+04  0.000000e+00  0.000000e+00  0.000000e+00  0.000000e+00  0.000000e+00  0.000000e+00  0.000000e+00  0.000000e+00  0.000000e+00  0.000000e+00  0.000000e+00  0.000000e+00  0.000000e+00  0.000000e+00  0.000000e+00  0.000000e+00
1.061009e+05  0.000000e+00  0.000000e+00  0.000000e+00  0.000000e+00  0.000000e+00  0.000000e+00  0.000000e+00  0.000000e+00  0.000000e+00  0.000000e+00  0.000000e+00  0.000000e+00  0.000000e+00  0.000000e+00  0.000000e+00  0.000000e+00
1.190472e+05  0.000000e+00  0.000000e+00  0.000000e+00  0.000000e+00  0.000000e+00  0.000000e+00  0.000000e+00  0.000000e+00  0.000000e+00  0.000000e+00  0.000000e+00  0.000000e+00  0.000000e+00  0.000000e+00  0.000000e+00  0.000000e+00
1.335731e+05  0.000000e+00  0.000000e+00  0.000000e+00  0.000000e+00  0.000000e+00  0.000000e+00  0.000000e+00  0.000000e+00  0.000000e+00  0.000000e+00  0.000000e+00  0.000000e+00  0.000000e+00  0.000000e+00  0.000000e+00  0.000000e+00
1.498715e+05  0.000000e+00  0.000000e+00  0.000000e+00  0.000000e+00  0.000000e+00  0.000000e+00  0.000000e+00  0.000000e+00  0.000000e+00  0.000000e+00  0.000000e+00  0.000000e+00  0.000000e+00  0.000000e+00  0.000000e+00  0.000000e+00
1.681586e+05  0.000000e+00  0.000000e+00  0.000000e+00  0.000000e+00  0.000000e+00  0.000000e+00  0.000000e+00  0.000000e+00  0.000000e+00  0.000000e+00  0.000000e+00  0.000000e+00  0.000000e+00  0.000000e+00  0.000000e+00  0.000000e+00
1.886771e+05  0.000000e+00  0.000000e+00  0.000000e+00  0.000000e+00  0.000000e+00  0.000000e+00  0.000000e+00  0.000000e+00  0.000000e+00  0.000000e+00  0.000000e+00  0.000000e+00  0.000000e+00  0.000000e+00  0.000000e+00  0.000000e+00
2.116992e+05  0.000000e+00  0.000000e+00  0.000000e+00  0.000000e+00  0.000000e+00  0.000000e+00  0.000000e+00  0.000000e+00  0.000000e+00  0.000000e+00  0.000000e+00  0.000000e+00  0.000000e+00  0.000000e+00  0.000000e+00  0.000000e+00
2.375304e+05  0.000000e+00  0.000000e+00  0.000000e+00  0.000000e+00  0.000000e+00  0.000000e+00  0.000000e+00  0.000000e+00  0.000000e+00  0.000000e+00  0.000000e+00  0.000000e+00  0.000000e+00  0.000000e+00  0.000000e+00  0.000000e+00
2.665135e+05  0.000000e+00  0.000000e+00  0.000000e+00  0.000000e+00  0.000000e+00  0.000000e+00  0.000000e+00  0.000000e+00  0.000000e+00  0.000000e+00  0.000000e+00  0.000000e+00  0.000000e+00  0.000000e+00  0.000000e+00  0.000000e+00
2.990330e+05  0.000000e+00  0.000000e+00  0.000000e+00  0.000000e+00  0.000000e+00  0.000000e+00  0.000000e+00  0.000000e+00  0.000000e+00  0.000000e+00  0.000000e+00  0.000000e+00  0.000000e+00  0.000000e+00  0.000000e+00  0.000000e+00
3.355206e+05  0.000000e+00  0.000000e+00  0.000000e+00  0.000000e+00  0.000000e+00  0.000000e+00  0.000000e+00  0.000000e+00  0.000000e+00  0.000000e+00  0.000000e+00  0.000000e+00  0.000000e+00  0.000000e+00  0.000000e+00  0.000000e+00
3.764603e+05  0.000000e+00  0.000000e+00  0.000000e+00  0.000000e+00  0.000000e+00  0.000000e+00  0.000000e+00  0.000000e+00  0.000000e+00  0.000000e+00  0.000000e+00  0.000000e+00  0.000000e+00  0.000000e+00  0.000000e+00  0.000000e+00
4.223954e+05  0.000000e+00  0.000000e+00  0.000000e+00  0.000000e+00  0.000000e+00  0.000000e+00  0.000000e+00  0.000000e+00  0.000000e+00  0.000000e+00  0.000000e+00  0.000000e+00  0.000000e+00  0.000000e+00  0.000000e+00  0.000000e+00
4.739354e+05  0.000000e+00  0.000000e+00  0.000000e+00  0.000000e+00  0.000000e+00  0.000000e+00  0.000000e+00  0.000000e+00  0.000000e+00  0.000000e+00  0.000000e+00  0.000000e+00  0.000000e+00  0.000000e+00  0.000000e+00  0.000000e+00
5.317643e+05  0.000000e+00  0.000000e+00  0.000000e+00  0.000000e+00  0.000000e+00  0.000000e+00  0.000000e+00  0.000000e+00  0.000000e+00  0.000000e+00  0.000000e+00  0.000000e+00  0.000000e+00  0.000000e+00  0.000000e+00  0.000000e+00
5.966493e+05  0.000000e+00  0.000000e+00  0.000000e+00  0.000000e+00  0.000000e+00  0.000000e+00  0.000000e+00  0.000000e+00  0.000000e+00  0.000000e+00  0.000000e+00  0.000000e+00  0.000000e+00  0.000000e+00  0.000000e+00  0.000000e+00
6.694516e+05  0.000000e+00  0.000000e+00  0.000000e+00  0.000000e+00  0.000000e+00  0.000000e+00  0.000000e+00  0.000000e+00  0.000000e+00  0.000000e+00  0.000000e+00  0.000000e+00  0.000000e+00  0.000000e+00  0.000000e+00  0.000000e+00
7.511370e+05  0.000000e+00  0.000000e+00  0.000000e+00  0.000000e+00  0.000000e+00  0.000000e+00  0.000000e+00  0.000000e+00  0.000000e+00  0.000000e+00  0.000000e+00  0.000000e+00  0.000000e+00  0.000000e+00  0.000000e+00  0.000000e+00
8.427896e+05  0.000000e+00  0.000000e+00  0.000000e+00  0.000000e+00  0.000000e+00  0.000000e+00  0.000000e+00  0.000000e+00  0.000000e+00  0.000000e+00  0.000000e+00  0.000000e+00  0.000000e+00  0.000000e+00  0.000000e+00  0.000000e+00
9.456255e+05  0.000000e+00  0.000000e+00  0.000000e+00  0.000000e+00  0.000000e+00  0.000000e+00  0.000000e+00  0.000000e+00  0.000000e+00  0.000000e+00  0.000000e+00  0.000000e+00  0.000000e+00  0.000000e+00  0.000000e+00  0.000000e+00
