# dR/dEr [1/keV/kg/Myr]
# Er [keV], S, F, Ne, Cl, Na, Si, O, P, N, C, Al, Mg, Be, B, Ar, Li
1.061009e+01  3.255153e+04  2.311338e+04  0.000000e+00  0.000000e+00  6.836481e+03  0.000000e+00  2.343811e+03  0.000000e+00  0.000000e+00  0.000000e+00  0.000000e+00  0.000000e+00  1.001996e+01  0.000000e+00  0.000000e+00  0.000000e+00
1.190472e+01  1.257407e+04  1.719257e+03  0.000000e+00  0.000000e+00  3.936600e+03  0.000000e+00  0.000000e+00  0.000000e+00  0.000000e+00  0.000000e+00  0.000000e+00  0.000000e+00  0.000000e+00  0.000000e+00  0.000000e+00  0.000000e+00
1.335731e+01  1.764140e+04  3.757914e+03  0.000000e+00  0.000000e+00  0.000000e+00  0.000000e+00  0.000000e+00  0.000000e+00  0.000000e+00  0.000000e+00  0.000000e+00  0.000000e+00  0.000000e+00  0.000000e+00  0.000000e+00  0.000000e+00
1.498715e+01  4.599936e+03  3.937843e+03  0.000000e+00  0.000000e+00  1.893378e+03  0.000000e+00  8.201975e+02  0.000000e+00  0.000000e+00  0.000000e+00  0.000000e+00  0.000000e+00  0.000000e+00  0.000000e+00  0.000000e+00  0.000000e+00
1.681586e+01  1.154132e+04  3.295507e+03  1.679976e+03  0.000000e+00  3.164469e+03  7.310018e+02  0.000000e+00  0.000000e+00  0.000000e+00  0.000000e+00  0.000000e+00  0.000000e+00  0.000000e+00  0.000000e+00  0.000000e+00  0.000000e+00
1.886771e+01  7.940167e+03  4.534312e+03  0.000000e+00  0.000000e+00  1.497280e+03  0.000000e+00  0.000000e+00  0.000000e+00  0.000000e+00  0.000000e+00  0.000000e+00  0.000000e+00  0.000000e+00  0.000000e+00  0.000000e+00  0.000000e+00
2.116992e+01  7.824134e+03  5.574628e+03  0.000000e+00  0.000000e+00  1.626113e+03  0.000000e+00  7.328378e+02  0.000000e+00  0.000000e+00  0.000000e+00  5.332852e+01  0.000000e+00  0.000000e+00  0.000000e+00  0.000000e+00  0.000000e+00
2.375304e+01  1.437905e+04  2.886058e+03  5.601935e+02  0.000000e+00  2.736599e+03  0.000000e+00  1.189332e+03  0.000000e+00  0.000000e+00  0.000000e+00  0.000000e+00  0.000000e+00  0.000000e+00  0.000000e+00  0.000000e+00  0.000000e+00
2.665135e+01  1.238053e+04  3.834747e+03  5.821138e+02  4.731056e+00  9.325538e+02  0.000000e+00  0.000000e+00  2.248671e+02  0.000000e+00  0.000000e+00  0.000000e+00  0.000000e+00  0.000000e+00  0.000000e+00  0.000000e+00  0.000000e+00
2.990330e+01  1.342757e+04  5.957903e+03  7.234025e+02  0.000000e+00  3.911318e+02  0.000000e+00  9.298820e+02  0.000000e+00  0.000000e+00  0.000000e+00  1.404863e+01  0.000000e+00  9.407792e+01  0.000000e+00  0.000000e+00  0.000000e+00
3.355206e+01  1.716454e+04  4.210334e+03  6.560046e+02  0.000000e+00  1.488397e+03  0.000000e+00  9.389903e+02  0.000000e+00  0.000000e+00  0.000000e+00  8.486854e+01  0.000000e+00  8.023763e+01  0.000000e+00  0.000000e+00  0.000000e+00
3.764603e+01  1.891654e+04  2.731155e+03  5.868759e-01  4.121050e+02  1.374685e+03  0.000000e+00  5.063794e+00  0.000000e+00  0.000000e+00  0.000000e+00  0.000000e+00  0.000000e+00  9.104195e-01  0.000000e+00  0.000000e+00  0.000000e+00
4.223954e+01  1.809643e+04  9.118658e+03  3.685466e+01  0.000000e+00  3.736379e+03  0.000000e+00  5.828455e+02  0.000000e+00  0.000000e+00  0.000000e+00  2.344587e+01  0.000000e+00  8.553601e+02  0.000000e+00  0.000000e+00  0.000000e+00
4.739354e+01  2.530119e+04  9.699093e+03  3.273466e+02  7.917623e+02  1.247757e+03  0.000000e+00  1.177119e+03  0.000000e+00  0.000000e+00  0.000000e+00  0.000000e+00  0.000000e+00  4.303247e+02  0.000000e+00  0.000000e+00  0.000000e+00
5.317643e+01  2.194324e+04  5.756369e+03  8.146590e+02  0.000000e+00  2.756677e+03  0.000000e+00  1.573791e+03  0.000000e+00  0.000000e+00  0.000000e+00  2.123047e+01  0.000000e+00  0.000000e+00  0.000000e+00  0.000000e+00  0.000000e+00
5.966493e+01  2.947154e+04  1.036947e+04  8.900381e+02  4.660450e+02  1.616796e+03  0.000000e+00  1.152694e+03  0.000000e+00  0.000000e+00  0.000000e+00  3.527270e+01  0.000000e+00  9.514917e+00  0.000000e+00  0.000000e+00  0.000000e+00
6.694516e+01  3.187148e+04  8.782777e+03  1.482639e+03  0.000000e+00  3.835029e+03  0.000000e+00  4.238744e+02  0.000000e+00  1.194576e+01  0.000000e+00  1.418288e+02  0.000000e+00  3.083556e+03  0.000000e+00  0.000000e+00  0.000000e+00
7.511370e+01  3.344527e+04  1.116378e+04  1.060218e+03  4.566774e+02  2.208970e+03  0.000000e+00  1.044354e+03  0.000000e+00  0.000000e+00  0.000000e+00  2.072490e+01  0.000000e+00  9.844560e+05  0.000000e+00  0.000000e+00  0.000000e+00
8.427896e+01  4.258549e+04  1.348628e+04  8.189955e+02  1.054609e+03  3.274633e+03  0.000000e+00  1.566871e+03  0.000000e+00  0.000000e+00  0.000000e+00  0.000000e+00  0.000000e+00  1.192900e+06  0.000000e+00  0.000000e+00  0.000000e+00
9.456255e+01  4.252569e+04  1.057560e+04  9.063010e+02  5.640206e+02  2.772514e+03  0.000000e+00  5.318684e+02  0.000000e+00  8.554039e+00  0.000000e+00  9.708581e-02  0.000000e+00  8.972395e+05  0.000000e+00  0.000000e+00  0.000000e+00
1.061009e+02  5.058329e+04  1.367516e+04  8.332125e+02  2.039691e+02  3.999760e+03  0.000000e+00  9.672380e+02  0.000000e+00  0.000000e+00  1.983529e+01  2.744636e+02  0.000000e+00  6.957397e+05  0.000000e+00  0.000000e+00  0.000000e+00
1.190472e+02  5.413337e+04  1.733102e+04  1.795060e+03  2.907696e+02  3.373447e+03  0.000000e+00  4.399605e+02  0.000000e+00  1.032568e+02  7.975620e+01  6.189996e+05  0.000000e+00  5.074523e+05  0.000000e+00  9.602934e+00  0.000000e+00
1.335731e+02  6.130314e+04  1.934410e+04  1.192263e+03  1.654041e-01  4.629453e+03  0.000000e+00  6.250917e+02  0.000000e+00  0.000000e+00  0.000000e+00  5.088580e+05  0.000000e+00  3.714536e+05  0.000000e+00  0.000000e+00  0.000000e+00
1.498715e+02  1.510505e+05  2.210613e+04  1.016311e+03  2.871994e+02  2.837531e+03  0.000000e+00  9.634955e+02  0.000000e+00  1.653115e+02  4.034234e+01  3.815302e+05  0.000000e+00  2.792211e+05  0.000000e+00  0.000000e+00  0.000000e+00
1.681586e+02  2.180295e+05  2.210555e+04  1.212637e+03  3.164469e+02  2.321705e+03  5.459537e-02  1.327649e+03  0.000000e+00  2.860618e+01  0.000000e+00  2.818033e+05  0.000000e+00  2.013354e+05  0.000000e+00  0.000000e+00  0.000000e+00
1.886771e+02  1.261132e+05  2.649310e+04  8.874462e+02  3.298292e+02  4.916250e+03  1.473764e+02  1.215389e+03  1.002271e+02  1.002271e+02  0.000000e+00  2.137827e+05  0.000000e+00  1.513086e+05  0.000000e+00  0.000000e+00  0.000000e+00
2.116992e+02  5.473866e+04  3.261522e+04  1.152590e+03  7.126609e+02  1.989308e+03  8.932748e+01  1.216734e+03  0.000000e+00  0.000000e+00  4.336664e-02  1.642899e+05  0.000000e+00  9.775240e+04  0.000000e+00  1.043629e-01  0.000000e+00
2.375304e+02  3.936305e+04  1.719615e+05  1.884515e+03  6.707930e+02  3.004509e+03  3.932002e+01  1.219264e+03  1.581216e+02  0.000000e+00  5.175097e+01  1.219817e+05  0.000000e+00  7.075018e+04  0.000000e+00  1.074209e+02  0.000000e+00
2.665135e+02  3.229483e+04  1.429777e+05  1.948509e+03  3.732366e+02  4.252594e+03  8.258609e+01  9.465838e+02  0.000000e+00  7.095534e+01  1.784983e+01  9.093322e+04  0.000000e+00  5.250861e+04  0.000000e+00  0.000000e+00  0.000000e+00
2.990330e+02  1.944082e+04  2.141309e+04  1.046196e+03  3.896645e+02  3.438558e+03  1.330979e+00  1.738793e+03  4.762676e-02  1.146150e-01  2.705024e+00  6.914083e+04  0.000000e+00  3.926248e+04  0.000000e+00  0.000000e+00  0.000000e+00
3.355206e+02  1.682033e+04  1.879982e+04  1.232052e+03  4.994839e+02  3.619161e+03  5.636183e+01  1.277633e+03  5.567288e+01  4.623894e+01  2.867437e+01  5.050637e+04  1.692018e+00  2.541078e+04  0.000000e+00  0.000000e+00  2.447328e-01
3.764603e+02  1.129238e+04  1.392037e+04  1.501777e+03  3.075656e+02  4.079376e+03  5.720595e+00  9.436163e+02  0.000000e+00  5.846648e+01  0.000000e+00  3.490920e+04  0.000000e+00  1.861638e+04  0.000000e+00  0.000000e+00  0.000000e+00
4.223954e+02  7.264859e+03  1.138866e+04  9.604328e+02  4.515965e+02  3.417658e+03  3.676261e+01  1.403112e+03  9.471638e+01  4.480351e+01  2.253066e+01  2.624903e+04  0.000000e+00  1.075335e+04  0.000000e+00  5.230537e-02  0.000000e+00
4.739354e+02  5.471795e+03  9.095201e+03  1.385770e+03  8.465923e+02  2.835381e+03  3.717523e+01  1.215553e+03  6.286166e+01  1.264521e+01  0.000000e+00  1.567337e+04  0.000000e+00  7.368495e+03  1.264521e+01  0.000000e+00  0.000000e+00
5.317643e+02  4.154785e+03  5.944909e+03  1.391334e+03  3.760739e+02  3.139433e+03  9.969907e+01  1.170830e+03  9.187942e+01  9.357037e+01  3.792207e+01  1.279759e+04  0.000000e+00  5.767327e+03  1.726457e-02  4.798317e+01  0.000000e+00
5.966493e+02  3.698607e+03  4.971995e+03  1.416738e+03  6.054731e+02  3.098646e+03  6.421311e+01  1.078301e+03  1.046067e+02  6.360050e+01  4.715065e+00  9.774166e+03  0.000000e+00  3.718816e+03  0.000000e+00  5.744359e-02  0.000000e+00
6.694516e+02  2.780823e+03  4.164909e+03  1.768281e+03  9.484910e+02  2.936032e+03  7.453158e+01  1.442218e+03  8.324099e+01  7.507721e+01  1.955651e+01  6.635531e+03  0.000000e+00  1.866430e+03  0.000000e+00  0.000000e+00  0.000000e+00
7.511370e+02  2.255663e+03  3.237960e+03  1.264852e+03  7.624391e+02  1.981314e+03  2.561667e+01  1.080171e+03  1.084117e+02  5.288208e+01  1.318988e+01  4.066432e+03  0.000000e+00  1.418676e+03  0.000000e+00  0.000000e+00  0.000000e+00
8.427896e+02  1.405368e+03  2.624481e+03  1.033873e+03  9.064151e+02  2.106534e+03  6.651339e+01  1.213773e+03  4.452407e+01  1.892097e+01  1.037373e+01  2.275633e+03  0.000000e+00  7.153438e+02  0.000000e+00  1.352199e+01  0.000000e+00
9.456255e+02  1.327613e+03  2.252570e+03  1.380338e+03  5.402763e+02  1.818187e+03  6.505249e+01  1.223439e+03  1.322259e+02  0.000000e+00  5.488429e+01  1.730340e+03  1.333393e-01  5.679739e+02  0.000000e+00  0.000000e+00  0.000000e+00
1.061009e+03  1.211020e+03  1.541309e+03  1.274124e+03  8.760603e+02  1.425461e+03  8.925540e+01  1.183103e+03  9.775577e+01  1.053242e+02  4.574488e+00  1.351220e+03  0.000000e+00  1.590556e+02  8.725655e-01  5.350631e-01  0.000000e+00
1.190472e+03  8.197560e+02  1.357886e+03  1.173628e+03  8.987070e+02  1.137270e+03  7.169764e+01  6.963586e+02  1.144568e+02  5.054127e+01  1.054773e+01  8.207911e+02  0.000000e+00  2.348637e+02  0.000000e+00  0.000000e+00  0.000000e+00
1.335731e+03  7.728086e+02  1.162733e+03  9.563927e+02  7.002919e+02  9.168124e+02  3.822066e+01  9.435035e+02  3.791941e+01  7.704001e+01  1.291799e+01  3.915923e+02  0.000000e+00  6.542367e+01  8.531796e+00  0.000000e+00  0.000000e+00
1.498715e+03  5.011805e+02  8.775289e+02  8.098533e+02  7.162422e+02  6.154502e+02  1.061447e+02  7.911500e+02  1.243742e+02  9.653452e+01  1.798632e+01  2.763959e+02  1.271967e-01  1.311129e+02  0.000000e+00  0.000000e+00  2.884340e-01
1.681586e+03  1.950723e+02  7.598339e+02  5.983827e+02  6.266505e+02  6.898278e+02  6.950590e+01  6.310981e+02  8.509321e+01  7.080155e+01  2.678750e+01  2.099643e+02  0.000000e+00  1.027313e+02  4.648191e+00  0.000000e+00  4.883062e-02
1.886771e+03  2.407144e+02  4.694967e+02  6.008733e+02  8.387793e+02  5.553011e+02  6.378033e+01  5.663327e+02  8.287095e+01  5.642839e+01  3.169776e+01  1.158244e+02  9.713610e+00  1.166560e+01  2.907343e+00  2.817320e-02  0.000000e+00
2.116992e+03  2.226851e+02  4.838720e+02  3.964235e+02  5.088584e+02  2.272498e+02  5.299882e+01  4.048543e+02  7.656435e+01  1.896114e+01  2.596418e+01  4.171277e+01  4.945064e+00  1.708197e+01  1.043629e-02  0.000000e+00  1.043629e-02
2.375304e+03  8.476227e+01  2.952418e+02  3.434057e+02  6.954525e+02  2.153898e+02  8.354993e+01  3.650843e+02  7.146813e+01  4.806968e+01  1.037043e+01  7.696170e+01  5.995854e-03  0.000000e+00  4.752909e-01  0.000000e+00  8.898751e-01
2.665135e+03  8.190583e+01  1.887793e+02  2.752072e+02  5.575510e+02  1.068934e+02  6.735333e+01  2.302990e+02  1.219465e+02  2.166081e+01  4.185432e+01  2.806272e+01  7.871411e+00  6.572505e+00  1.055572e+00  0.000000e+00  3.634107e+00
2.990330e+03  1.295514e+01  1.280811e+02  1.660992e+02  4.176104e+02  8.959630e+01  7.768209e+01  1.582251e+02  8.682517e+01  1.050191e+01  9.501106e+00  2.025768e+01  9.184062e-01  0.000000e+00  9.522407e-01  0.000000e+00  4.777480e+00
3.355206e+03  1.345297e+01  1.455976e+02  1.252760e+02  4.347937e+02  2.488152e+01  8.515806e+01  1.090840e+02  5.552757e+01  1.575370e+01  1.668457e+01  3.204765e+00  5.483811e+00  4.523318e+00  1.252085e-01  0.000000e+00  9.321106e-03
3.764603e+03  6.578448e+00  5.810785e+01  9.168318e+01  2.721593e+02  1.653519e+01  5.571821e+01  5.895790e+01  3.989029e+01  8.749108e+00  1.391765e+01  8.083670e+00  3.522405e-01  2.438685e-03  3.582195e+00  0.000000e+00  2.021911e+00
4.223954e+03  2.453618e-01  4.868676e+01  2.967174e+01  2.227917e+02  4.391242e+00  3.020401e+01  5.887862e+01  4.156605e+01  1.054858e+01  8.812585e+00  6.332433e+00  8.106620e-01  0.000000e+00  3.910637e+00  0.000000e+00  1.080034e+00
4.739354e+03  3.284675e-01  2.682482e+01  4.612243e+01  1.958609e+02  6.736620e+00  3.796028e+01  1.006740e+01  2.349003e+01  3.647249e+00  4.738781e+00  3.984660e+00  1.704583e+00  1.121595e-02  6.364207e-02  0.000000e+00  3.009946e-01
5.317643e+03  4.099828e+00  1.934412e+01  2.449570e+01  1.207753e+02  3.358906e-01  2.435535e+01  1.801088e+00  4.541390e+01  1.477444e+01  6.008641e+00  1.184786e+00  3.597382e+00  0.000000e+00  1.634735e+00  0.000000e+00  5.243368e+00
5.966493e+03  6.103142e-01  9.433770e+00  6.617379e+00  5.758132e+01  3.273602e+00  3.098783e+01  2.307281e+00  1.162372e+01  5.415387e+00  9.914869e+00  6.670698e-02  2.233770e-01  0.000000e+00  3.616361e-01  0.000000e+00  8.199940e-01
6.694516e+03  2.127409e-03  5.486851e+00  7.450769e+00  3.844063e+01  2.618613e-01  4.081300e+01  3.148722e-01  9.652221e+00  3.834795e+00  8.177822e+00  2.477792e+00  7.555151e+00  0.000000e+00  2.469303e-01  0.000000e+00  1.226570e-02
7.511370e+03  1.009588e-01  3.019618e+00  7.643189e+00  3.150895e+01  1.570179e+00  1.905467e+01  1.299177e+00  6.172167e+00  1.036037e+00  4.646321e+00  8.719844e-02  7.013379e-01  0.000000e+00  3.116423e-02  0.000000e+00  3.441522e+00
8.427896e+03  2.497116e-01  1.777947e+00  4.360547e+00  3.529687e+00  2.969365e-01  2.047389e+01  4.637384e+00  1.163899e+01  1.188042e+00  8.360822e-01  2.253173e+00  1.811985e+00  0.000000e+00  1.902761e-02  0.000000e+00  3.931031e-01
9.456255e+03  0.000000e+00  5.380758e-01  3.973965e+00  1.065873e+01  3.965840e-01  1.505643e+01  2.336395e-03  4.493212e+00  1.807410e+00  9.962610e-01  4.901164e+00  2.223428e+00  0.000000e+00  9.489336e-01  0.000000e+00  4.442565e-02
1.061009e+04  0.000000e+00  2.826637e+00  2.415705e+00  5.696629e+00  1.084867e-01  8.448603e+00  4.789327e-01  3.104112e+00  4.282470e-02  1.919385e+00  1.224796e+00  1.628338e+00  0.000000e+00  1.342304e-03  0.000000e+00  8.337725e-01
1.190472e+04  0.000000e+00  7.517346e-03  6.897508e-03  2.997694e+00  0.000000e+00  2.259132e+00  7.711800e-04  9.494591e-02  2.392660e-03  1.432058e+00  7.462357e+00  1.118504e+00  0.000000e+00  1.343519e-01  0.000000e+00  2.451169e-01
1.335731e+04  0.000000e+00  3.026353e-01  2.224142e+00  3.144091e+00  0.000000e+00  4.495656e+00  2.565911e-03  3.509227e-01  3.048423e-02  9.890821e-01  4.589845e-01  1.318584e-01  0.000000e+00  0.000000e+00  0.000000e+00  2.812015e-01
1.498715e+04  0.000000e+00  5.198613e-01  1.271967e-02  1.226230e-01  0.000000e+00  1.114880e+00  0.000000e+00  2.472523e+00  3.787957e-02  1.439699e-01  2.948331e-03  2.972212e+00  0.000000e+00  2.424444e-03  0.000000e+00  8.840266e-01
1.681586e+04  0.000000e+00  3.017106e-02  8.469369e-04  7.364974e-02  0.000000e+00  2.195923e+00  5.459537e-04  1.032340e-01  0.000000e+00  1.133642e-02  7.498219e-03  6.921237e-03  0.000000e+00  3.681681e-01  0.000000e+00  5.725919e-01
1.886771e+04  0.000000e+00  6.600414e-02  0.000000e+00  3.199364e-01  0.000000e+00  1.571932e+00  0.000000e+00  9.290758e-01  0.000000e+00  0.000000e+00  2.259014e-01  3.284917e-01  0.000000e+00  7.185344e-01  0.000000e+00  3.485542e-01
2.116992e+04  0.000000e+00  4.336664e-04  0.000000e+00  1.785059e-01  0.000000e+00  2.052647e-03  0.000000e+00  9.941197e-02  0.000000e+00  0.000000e+00  0.000000e+00  2.830910e-01  0.000000e+00  1.345363e+00  0.000000e+00  9.941197e-02
2.375304e+04  0.000000e+00  0.000000e+00  0.000000e+00  3.865056e-04  0.000000e+00  1.068000e-01  3.456943e-03  1.675604e-02  0.000000e+00  2.390039e-02  1.184371e-01  1.199171e-03  0.000000e+00  0.000000e+00  0.000000e+00  4.068821e-01
2.665135e+04  0.000000e+00  3.081004e-03  0.000000e+00  2.925294e-01  0.000000e+00  0.000000e+00  0.000000e+00  0.000000e+00  0.000000e+00  1.994510e-03  0.000000e+00  0.000000e+00  0.000000e+00  0.000000e+00  0.000000e+00  3.081004e-03
2.990330e+04  0.000000e+00  0.000000e+00  0.000000e+00  2.674323e-02  0.000000e+00  0.000000e+00  0.000000e+00  0.000000e+00  0.000000e+00  0.000000e+00  0.000000e+00  4.005302e-02  0.000000e+00  1.073877e-01  0.000000e+00  5.284187e-02
3.355206e+04  0.000000e+00  0.000000e+00  0.000000e+00  0.000000e+00  0.000000e+00  0.000000e+00  0.000000e+00  0.000000e+00  0.000000e+00  0.000000e+00  0.000000e+00  6.584856e-04  0.000000e+00  7.604819e-01  0.000000e+00  3.168591e-03
3.764603e+04  0.000000e+00  0.000000e+00  0.000000e+00  5.063794e-03  0.000000e+00  0.000000e+00  0.000000e+00  0.000000e+00  0.000000e+00  0.000000e+00  0.000000e+00  2.124290e-02  0.000000e+00  5.063794e-03  0.000000e+00  2.438685e-04
4.223954e+04  0.000000e+00  0.000000e+00  0.000000e+00  2.985095e-03  0.000000e+00  0.000000e+00  0.000000e+00  2.515111e-01  0.000000e+00  0.000000e+00  0.000000e+00  2.378304e-02  0.000000e+00  0.000000e+00  0.000000e+00  0.000000e+00
4.739354e+04  0.000000e+00  0.000000e+00  0.000000e+00  0.000000e+00  0.000000e+00  0.000000e+00  0.000000e+00  1.937117e-04  0.000000e+00  0.000000e+00  0.000000e+00  2.854180e-03  0.000000e+00  1.687384e-02  0.000000e+00  0.000000e+00
5.317643e+04  0.000000e+00  0.000000e+00  0.000000e+00  0.000000e+00  0.000000e+00  0.000000e+00  0.000000e+00  0.000000e+00  0.000000e+00  0.000000e+00  0.000000e+00  0.000000e+00  0.000000e+00  0.000000e+00  0.000000e+00  0.000000e+00
5.966493e+04  0.000000e+00  0.000000e+00  0.000000e+00  0.000000e+00  0.000000e+00  0.000000e+00  0.000000e+00  0.000000e+00  0.000000e+00  0.000000e+00  0.000000e+00  0.000000e+00  0.000000e+00  0.000000e+00  0.000000e+00  0.000000e+00
6.694516e+04  0.000000e+00  0.000000e+00  0.000000e+00  0.000000e+00  0.000000e+00  0.000000e+00  0.000000e+00  0.000000e+00  0.000000e+00  0.000000e+00  0.000000e+00  0.000000e+00  0.000000e+00  0.000000e+00  0.000000e+00  6.082403e-03
7.511370e+04  0.000000e+00  0.000000e+00  0.000000e+00  0.000000e+00  0.000000e+00  0.000000e+00  0.000000e+00  0.000000e+00  0.000000e+00  0.000000e+00  0.000000e+00  0.000000e+00  0.000000e+00  0.000000e+00  0.000000e+00  1.036037e-01
8.427896e+04  0.000000e+00  0.000000e+00  0.000000e+00  0.000000e+00  0.000000e+00  0.000000e+00  0.000000e+00  0.000000e+00  0.000000e+00  0.000000e+00  0.000000e+00  0.000000e+00  0.000000e+00  0.000000e+00  0.000000e+00  0.000000e+00
9.456255e+04  0.000000e+00  0.000000e+00  0.000000e+00  0.000000e+00  0.000000e+00  0.000000e+00  0.000000e+00  0.000000e+00  0.000000e+00  0.000000e+00  0.000000e+00  0.000000e+00  0.000000e+00  0.000000e+00  0.000000e+00  0.000000e+00
1.061009e+05  0.000000e+00  0.000000e+00  0.000000e+00  0.000000e+00  0.000000e+00  0.000000e+00  0.000000e+00  0.000000e+00  0.000000e+00  0.000000e+00  0.000000e+00  0.000000e+00  0.000000e+00  0.000000e+00  0.000000e+00  0.000000e+00
1.190472e+05  0.000000e+00  0.000000e+00  0.000000e+00  0.000000e+00  0.000000e+00  0.000000e+00  0.000000e+00  0.000000e+00  0.000000e+00  0.000000e+00  0.000000e+00  0.000000e+00  0.000000e+00  0.000000e+00  0.000000e+00  0.000000e+00
1.335731e+05  0.000000e+00  0.000000e+00  0.000000e+00  0.000000e+00  0.000000e+00  0.000000e+00  0.000000e+00  0.000000e+00  0.000000e+00  0.000000e+00  0.000000e+00  0.000000e+00  0.000000e+00  0.000000e+00  0.000000e+00  0.000000e+00
1.498715e+05  0.000000e+00  0.000000e+00  0.000000e+00  0.000000e+00  0.000000e+00  0.000000e+00  0.000000e+00  0.000000e+00  0.000000e+00  0.000000e+00  0.000000e+00  0.000000e+00  0.000000e+00  0.000000e+00  0.000000e+00  0.000000e+00
1.681586e+05  0.000000e+00  0.000000e+00  0.000000e+00  0.000000e+00  0.000000e+00  0.000000e+00  0.000000e+00  0.000000e+00  0.000000e+00  0.000000e+00  0.000000e+00  0.000000e+00  0.000000e+00  0.000000e+00  0.000000e+00  0.000000e+00
1.886771e+05  0.000000e+00  0.000000e+00  0.000000e+00  0.000000e+00  0.000000e+00  0.000000e+00  0.000000e+00  0.000000e+00  0.000000e+00  0.000000e+00  0.000000e+00  0.000000e+00  0.000000e+00  0.000000e+00  0.000000e+00  0.000000e+00
2.116992e+05  0.000000e+00  0.000000e+00  0.000000e+00  0.000000e+00  0.000000e+00  0.000000e+00  0.000000e+00  0.000000e+00  0.000000e+00  0.000000e+00  0.000000e+00  0.000000e+00  0.000000e+00  0.000000e+00  0.000000e+00  0.000000e+00
2.375304e+05  0.000000e+00  0.000000e+00  0.000000e+00  0.000000e+00  0.000000e+00  0.000000e+00  0.000000e+00  0.000000e+00  0.000000e+00  0.000000e+00  0.000000e+00  0.000000e+00  0.000000e+00  0.000000e+00  0.000000e+00  0.000000e+00
2.665135e+05  0.000000e+00  0.000000e+00  0.000000e+00  0.000000e+00  0.000000e+00  0.000000e+00  0.000000e+00  0.000000e+00  0.000000e+00  0.000000e+00  0.000000e+00  0.000000e+00  0.000000e+00  0.000000e+00  0.000000e+00  0.000000e+00
2.990330e+05  0.000000e+00  0.000000e+00  0.000000e+00  0.000000e+00  0.000000e+00  0.000000e+00  0.000000e+00  0.000000e+00  0.000000e+00  0.000000e+00  0.000000e+00  0.000000e+00  0.000000e+00  0.000000e+00  0.000000e+00  0.000000e+00
3.355206e+05  0.000000e+00  0.000000e+00  0.000000e+00  0.000000e+00  0.000000e+00  0.000000e+00  0.000000e+00  0.000000e+00  0.000000e+00  0.000000e+00  0.000000e+00  0.000000e+00  0.000000e+00  0.000000e+00  0.000000e+00  0.000000e+00
3.764603e+05  0.000000e+00  0.000000e+00  0.000000e+00  0.000000e+00  0.000000e+00  0.000000e+00  0.000000e+00  0.000000e+00  0.000000e+00  0.000000e+00  0.000000e+00  0.000000e+00  0.000000e+00  0.000000e+00  0.000000e+00  0.000000e+00
4.223954e+05  0.000000e+00  0.000000e+00  0.000000e+00  0.000000e+00  0.000000e+00  0.000000e+00  0.000000e+00  0.000000e+00  0.000000e+00  0.000000e+00  0.000000e+00  0.000000e+00  0.000000e+00  0.000000e+00  0.000000e+00  0.000000e+00
4.739354e+05  0.000000e+00  0.000000e+00  0.000000e+00  0.000000e+00  0.000000e+00  0.000000e+00  0.000000e+00  0.000000e+00  0.000000e+00  0.000000e+00  0.000000e+00  0.000000e+00  0.000000e+00  0.000000e+00  0.000000e+00  0.000000e+00
5.317643e+05  0.000000e+00  0.000000e+00  0.000000e+00  0.000000e+00  0.000000e+00  0.000000e+00  0.000000e+00  0.000000e+00  0.000000e+00  0.000000e+00  0.000000e+00  0.000000e+00  0.000000e+00  0.000000e+00  0.000000e+00  0.000000e+00
5.966493e+05  0.000000e+00  0.000000e+00  0.000000e+00  0.000000e+00  0.000000e+00  0.000000e+00  0.000000e+00  0.000000e+00  0.000000e+00  0.000000e+00  0.000000e+00  0.000000e+00  0.000000e+00  0.000000e+00  0.000000e+00  0.000000e+00
6.694516e+05  0.000000e+00  0.000000e+00  0.000000e+00  0.000000e+00  0.000000e+00  0.000000e+00  0.000000e+00  0.000000e+00  0.000000e+00  0.000000e+00  0.000000e+00  0.000000e+00  0.000000e+00  0.000000e+00  0.000000e+00  0.000000e+00
7.511370e+05  0.000000e+00  0.000000e+00  0.000000e+00  0.000000e+00  0.000000e+00  0.000000e+00  0.000000e+00  0.000000e+00  0.000000e+00  0.000000e+00  0.000000e+00  0.000000e+00  0.000000e+00  0.000000e+00  0.000000e+00  0.000000e+00
8.427896e+05  0.000000e+00  0.000000e+00  0.000000e+00  0.000000e+00  0.000000e+00  0.000000e+00  0.000000e+00  0.000000e+00  0.000000e+00  0.000000e+00  0.000000e+00  0.000000e+00  0.000000e+00  0.000000e+00  0.000000e+00  0.000000e+00
9.456255e+05  0.000000e+00  0.000000e+00  0.000000e+00  0.000000e+00  0.000000e+00  0.000000e+00  0.000000e+00  0.000000e+00  0.000000e+00  0.000000e+00  0.000000e+00  0.000000e+00  0.000000e+00  0.000000e+00  0.000000e+00  0.000000e+00
