# dR/dEr [1/keV/kg/Myr]
# Er [keV], S, F, Ne, Cl, Na, Si, O, P, N, C, Al, Mg, Be, B, Ar, Li
1.061009e+01  1.148453e+04  8.268439e+03  0.000000e+00  0.000000e+00  2.501948e+03  0.000000e+00  8.452969e+02  0.000000e+00  0.000000e+00  0.000000e+00  0.000000e+00  0.000000e+00  1.041278e+01  0.000000e+00  0.000000e+00  0.000000e+00
1.190472e+01  4.439135e+03  6.367907e+02  0.000000e+00  0.000000e+00  1.386827e+03  0.000000e+00  0.000000e+00  0.000000e+00  0.000000e+00  0.000000e+00  0.000000e+00  0.000000e+00  0.000000e+00  0.000000e+00  0.000000e+00  0.000000e+00
1.335731e+01  6.072351e+03  1.309543e+03  0.000000e+00  0.000000e+00  0.000000e+00  0.000000e+00  0.000000e+00  0.000000e+00  0.000000e+00  0.000000e+00  0.000000e+00  0.000000e+00  0.000000e+00  0.000000e+00  0.000000e+00  0.000000e+00
1.498715e+01  1.646306e+03  1.456185e+03  0.000000e+00  0.000000e+00  6.777997e+02  0.000000e+00  2.945540e+02  0.000000e+00  0.000000e+00  0.000000e+00  0.000000e+00  0.000000e+00  0.000000e+00  0.000000e+00  0.000000e+00  0.000000e+00
1.681586e+01  4.030622e+03  1.217947e+03  5.968900e+02  0.000000e+00  1.098321e+03  2.625215e+02  0.000000e+00  0.000000e+00  0.000000e+00  0.000000e+00  0.000000e+00  0.000000e+00  0.000000e+00  0.000000e+00  0.000000e+00  0.000000e+00
1.886771e+01  2.797683e+03  1.637433e+03  0.000000e+00  0.000000e+00  5.319788e+02  0.000000e+00  0.000000e+00  0.000000e+00  0.000000e+00  0.000000e+00  0.000000e+00  0.000000e+00  0.000000e+00  0.000000e+00  0.000000e+00  0.000000e+00
2.116992e+01  2.735863e+03  1.969278e+03  0.000000e+00  0.000000e+00  5.626281e+02  0.000000e+00  2.557001e+02  0.000000e+00  0.000000e+00  0.000000e+00  3.894120e+01  0.000000e+00  0.000000e+00  0.000000e+00  0.000000e+00  0.000000e+00
2.375304e+01  5.014722e+03  1.001830e+03  2.521164e+02  0.000000e+00  1.011339e+03  0.000000e+00  4.225658e+02  0.000000e+00  0.000000e+00  0.000000e+00  0.000000e+00  0.000000e+00  0.000000e+00  0.000000e+00  0.000000e+00  0.000000e+00
2.665135e+01  4.370493e+03  1.445210e+03  2.031098e+02  4.542648e+00  3.359204e+02  0.000000e+00  0.000000e+00  1.231657e+02  0.000000e+00  0.000000e+00  0.000000e+00  0.000000e+00  0.000000e+00  0.000000e+00  0.000000e+00  0.000000e+00
2.990330e+01  4.710186e+03  2.093604e+03  2.659943e+02  0.000000e+00  1.751161e+02  0.000000e+00  3.286485e+02  0.000000e+00  0.000000e+00  0.000000e+00  1.199770e+01  0.000000e+00  5.934795e+01  0.000000e+00  0.000000e+00  0.000000e+00
3.355206e+01  6.193301e+03  1.542716e+03  2.252337e+02  0.000000e+00  5.163302e+02  0.000000e+00  3.657929e+02  0.000000e+00  0.000000e+00  0.000000e+00  5.398228e+01  0.000000e+00  5.952201e+01  0.000000e+00  0.000000e+00  0.000000e+00
3.764603e+01  6.739094e+03  1.007837e+03  6.409396e-01  1.437907e+02  5.421390e+02  0.000000e+00  4.668904e+00  0.000000e+00  0.000000e+00  0.000000e+00  0.000000e+00  0.000000e+00  9.700094e-01  0.000000e+00  0.000000e+00  0.000000e+00
4.223954e+01  6.394181e+03  3.227220e+03  2.564364e+01  0.000000e+00  1.326859e+03  0.000000e+00  2.098879e+02  0.000000e+00  0.000000e+00  0.000000e+00  1.869240e+01  0.000000e+00  4.113387e+02  0.000000e+00  0.000000e+00  0.000000e+00
4.739354e+01  8.967245e+03  3.435871e+03  1.142170e+02  2.736703e+02  4.401635e+02  0.000000e+00  4.165381e+02  0.000000e+00  0.000000e+00  0.000000e+00  0.000000e+00  0.000000e+00  1.872284e+02  0.000000e+00  0.000000e+00  0.000000e+00
5.317643e+01  7.817387e+03  2.027680e+03  2.866087e+02  0.000000e+00  9.843934e+02  0.000000e+00  5.567638e+02  0.000000e+00  0.000000e+00  0.000000e+00  1.550277e+01  0.000000e+00  0.000000e+00  0.000000e+00  0.000000e+00  0.000000e+00
5.966493e+01  1.038850e+04  3.702457e+03  3.182766e+02  1.647144e+02  5.972603e+02  0.000000e+00  4.289632e+02  0.000000e+00  0.000000e+00  0.000000e+00  2.339541e+01  0.000000e+00  7.658688e+00  0.000000e+00  0.000000e+00  0.000000e+00
6.694516e+01  1.129340e+04  3.089184e+03  5.253033e+02  0.000000e+00  1.369025e+03  0.000000e+00  1.517405e+02  0.000000e+00  9.168591e+00  0.000000e+00  7.044649e+01  0.000000e+00  1.308778e+03  0.000000e+00  0.000000e+00  0.000000e+00
7.511370e+01  1.179990e+04  4.006992e+03  3.886031e+02  1.593794e+02  7.833191e+02  0.000000e+00  3.597865e+02  0.000000e+00  0.000000e+00  0.000000e+00  1.442048e+01  0.000000e+00  4.084519e+05  0.000000e+00  0.000000e+00  0.000000e+00
8.427896e+01  1.497717e+04  4.757142e+03  2.836704e+02  3.702389e+02  1.163447e+03  0.000000e+00  5.786001e+02  0.000000e+00  0.000000e+00  0.000000e+00  0.000000e+00  0.000000e+00  4.955390e+05  0.000000e+00  0.000000e+00  0.000000e+00
9.456255e+01  1.504296e+04  3.754209e+03  3.310341e+02  1.946693e+02  1.018889e+03  0.000000e+00  1.864458e+02  0.000000e+00  6.602325e+00  0.000000e+00  1.114603e-01  0.000000e+00  3.737587e+05  0.000000e+00  0.000000e+00  0.000000e+00
1.061009e+02  1.781319e+04  4.835934e+03  2.986906e+02  7.506671e+01  1.426613e+03  0.000000e+00  3.473476e+02  0.000000e+00  0.000000e+00  1.315621e+01  1.064065e+02  0.000000e+00  2.880019e+05  0.000000e+00  0.000000e+00  0.000000e+00
1.190472e+02  1.903286e+04  6.146941e+03  6.285639e+02  1.015274e+02  1.236928e+03  0.000000e+00  1.673583e+02  0.000000e+00  3.708215e+01  3.961497e+01  2.556925e+05  0.000000e+00  2.106238e+05  0.000000e+00  7.058781e+00  0.000000e+00
1.335731e+02  2.155521e+04  6.811421e+03  4.426372e+02  1.806413e-01  1.632947e+03  0.000000e+00  2.243679e+02  0.000000e+00  0.000000e+00  0.000000e+00  2.112898e+05  0.000000e+00  1.544860e+05  0.000000e+00  0.000000e+00  0.000000e+00
1.498715e+02  5.310985e+04  7.805937e+03  3.574661e+02  1.043521e+02  9.904552e+02  0.000000e+00  3.633558e+02  0.000000e+00  6.008357e+01  2.227089e+01  1.582849e+05  0.000000e+00  1.158997e+05  0.000000e+00  0.000000e+00  0.000000e+00
1.681586e+02  7.666924e+04  7.813638e+03  4.355231e+02  1.098321e+02  8.328014e+02  6.267873e-02  4.800527e+02  0.000000e+00  1.656065e+01  0.000000e+00  1.171814e+05  0.000000e+00  8.408688e+04  0.000000e+00  0.000000e+00  0.000000e+00
1.886771e+02  4.439381e+04  9.350672e+03  3.167985e+02  1.152152e+02  1.750964e+03  5.208728e+01  4.452121e+02  3.443788e+01  3.443788e+01  0.000000e+00  8.836710e+04  0.000000e+00  6.265105e+04  0.000000e+00  0.000000e+00  0.000000e+00
2.116992e+02  1.929631e+04  1.154284e+04  4.098682e+02  2.509678e+02  7.267909e+02  3.069280e+01  4.292155e+02  0.000000e+00  0.000000e+00  4.978748e-02  6.848393e+04  0.000000e+00  4.103466e+04  0.000000e+00  1.139770e-01  0.000000e+00
2.375304e+02  1.390426e+04  6.049845e+04  6.644412e+02  2.384698e+02  1.079030e+03  1.490160e+01  4.445447e+02  5.475814e+01  0.000000e+00  1.858510e+01  5.093005e+04  0.000000e+00  2.982957e+04  0.000000e+00  3.888378e+01  0.000000e+00
2.665135e+02  1.140203e+04  5.027464e+04  6.810005e+02  1.431415e+02  1.520288e+03  2.835524e+01  3.393014e+02  0.000000e+00  2.438015e+01  1.024180e+01  3.773462e+04  0.000000e+00  2.168500e+04  0.000000e+00  0.000000e+00  0.000000e+00
2.990330e+02  6.871379e+03  7.558442e+03  3.747046e+02  1.364483e+02  1.217213e+03  1.119080e+00  6.286781e+02  5.332522e-02  1.221169e-01  2.087839e+00  2.863332e+04  0.000000e+00  1.620163e+04  0.000000e+00  0.000000e+00  0.000000e+00
3.355206e+02  5.963483e+03  6.632800e+03  4.431004e+02  1.745194e+02  1.281695e+03  1.936584e+01  4.587831e+02  2.109904e+01  1.613359e+01  1.441676e+01  2.107271e+04  1.361929e+00  1.074627e+04  0.000000e+00  0.000000e+00  2.448963e-01
3.764603e+02  4.000711e+03  4.943169e+03  5.347363e+02  1.181143e+02  1.451631e+03  4.384148e+00  3.370773e+02  0.000000e+00  2.007397e+01  0.000000e+00  1.430459e+04  0.000000e+00  7.851619e+03  0.000000e+00  0.000000e+00  0.000000e+00
4.223954e+02  2.577642e+03  4.047558e+03  3.446016e+02  1.639550e+02  1.210040e+03  1.285312e+01  4.990724e+02  3.426489e+01  1.542059e+01  1.122214e+01  1.083789e+04  0.000000e+00  4.432111e+03  0.000000e+00  5.712380e-02  0.000000e+00
4.739354e+02  1.970347e+03  3.255112e+03  4.944802e+02  3.001315e+02  1.019628e+03  1.436701e+01  4.412204e+02  2.452444e+01  6.926117e+00  0.000000e+00  6.581633e+03  0.000000e+00  3.027134e+03  6.926117e+00  0.000000e+00  0.000000e+00
5.317643e+02  1.501071e+03  2.134036e+03  4.972810e+02  1.361374e+02  1.112190e+03  3.589421e+01  4.193815e+02  3.467789e+01  3.522783e+01  1.399697e+01  5.392929e+03  0.000000e+00  2.368014e+03  1.982075e-02  1.736875e+01  0.000000e+00
5.966493e+02  1.339503e+03  1.794219e+03  5.083842e+02  2.187666e+02  1.098916e+03  2.549274e+01  3.876676e+02  3.839534e+01  2.198334e+01  2.974443e+00  4.019921e+03  0.000000e+00  1.548328e+03  0.000000e+00  6.120346e-02  0.000000e+00
6.694516e+02  1.011575e+03  1.497557e+03  6.286424e+02  3.415937e+02  1.040510e+03  2.855914e+01  5.106373e+02  2.938117e+01  2.628162e+01  7.511101e+00  2.752296e+03  0.000000e+00  8.149476e+02  0.000000e+00  0.000000e+00  0.000000e+00
7.511370e+02  8.112274e+02  1.164407e+03  4.479906e+02  2.760656e+02  6.974296e+02  1.008889e+01  3.847025e+02  3.813882e+01  2.061318e+01  5.320650e+00  1.725335e+03  0.000000e+00  5.951132e+02  0.000000e+00  0.000000e+00  0.000000e+00
8.427896e+02  5.093357e+02  9.492571e+02  3.707191e+02  3.185512e+02  7.533186e+02  2.357041e+01  4.313884e+02  1.538961e+01  6.863290e+00  6.378478e+00  9.479616e+02  0.000000e+00  3.020317e+02  0.000000e+00  6.367818e+00  0.000000e+00
9.456255e+02  4.846378e+02  8.080958e+02  4.905345e+02  1.963400e+02  6.453778e+02  2.412056e+01  4.344590e+02  4.580758e+01  0.000000e+00  2.002606e+01  7.450836e+02  1.280292e-01  2.353790e+02  0.000000e+00  0.000000e+00  0.000000e+00
1.061009e+03  4.418367e+02  5.571567e+02  4.542621e+02  3.137753e+02  5.076452e+02  3.205504e+01  4.181445e+02  3.416569e+01  3.936760e+01  2.665095e+00  5.612794e+02  0.000000e+00  7.400589e+01  6.926051e-01  4.306797e-01  0.000000e+00
1.190472e+03  2.966059e+02  4.884993e+02  4.189044e+02  3.211534e+02  4.002654e+02  2.747934e+01  2.491130e+02  4.179281e+01  1.813635e+01  6.733151e+00  3.405264e+02  0.000000e+00  9.702394e+01  0.000000e+00  0.000000e+00  0.000000e+00
1.335731e+03  2.852282e+02  4.219021e+02  3.423149e+02  2.484334e+02  3.232709e+02  1.492839e+01  3.347314e+02  1.463855e+01  2.892909e+01  5.047980e+00  1.650783e+02  0.000000e+00  2.968596e+01  4.017821e+00  0.000000e+00  0.000000e+00
1.498715e+03  1.840509e+02  3.184478e+02  2.874841e+02  2.560656e+02  2.185630e+02  4.054595e+01  2.816858e+02  4.567892e+01  3.637650e+01  7.725773e+00  1.099939e+02  1.172776e-01  5.347380e+01  0.000000e+00  0.000000e+00  2.476514e-01
1.681586e+03  7.383577e+01  2.803061e+02  2.155223e+02  2.265843e+02  2.498350e+02  2.504198e+01  2.228711e+02  3.090082e+01  2.698063e+01  1.208600e+01  9.129497e+01  0.000000e+00  3.778985e+01  2.439639e+00  0.000000e+00  4.886323e-02
1.886771e+03  9.241549e+01  1.738052e+02  2.183263e+02  2.980514e+02  2.009042e+02  2.396205e+01  2.008474e+02  3.140689e+01  2.113103e+01  1.313935e+01  4.874065e+01  3.809604e+00  4.005284e+00  1.922618e+00  2.927769e-02  0.000000e+00
2.116992e+03  8.079664e+01  1.792249e+02  1.421855e+02  1.821286e+02  8.222592e+01  2.000769e+01  1.447008e+02  2.813921e+01  7.617911e+00  1.048258e+01  1.998599e+01  2.061399e+00  7.905978e+00  1.139770e-02  0.000000e+00  1.139770e-02
2.375304e+03  3.203171e+01  1.070478e+02  1.251052e+02  2.484348e+02  7.894926e+01  3.238627e+01  1.298126e+02  2.621872e+01  1.776012e+01  3.977509e+00  3.139390e+01  6.713247e-03  0.000000e+00  3.470638e-01  0.000000e+00  5.921035e-01
2.665135e+03  3.139545e+01  7.174027e+01  1.003413e+02  2.010981e+02  3.927271e+01  2.470719e+01  8.159165e+01  4.439018e+01  8.492595e+00  1.646953e+01  1.325563e+01  3.817645e+00  2.802242e+00  6.658949e-01  0.000000e+00  1.835486e+00
2.990330e+03  5.731030e+00  4.912032e+01  6.127866e+01  1.521414e+02  3.270513e+01  2.975554e+01  5.716421e+01  3.129019e+01  5.323766e+00  4.864243e+00  1.002342e+01  6.559588e-01  0.000000e+00  6.056912e-01  0.000000e+00  2.502113e+00
3.355206e+03  5.807326e+00  5.594473e+01  4.980971e+01  1.582643e+02  9.969435e+00  3.148500e+01  3.838577e+01  2.017167e+01  6.202954e+00  6.834255e+00  1.940667e+00  2.379613e+00  1.937597e+00  1.069296e-01  0.000000e+00  1.033284e-02
3.764603e+03  2.533886e+00  2.196745e+01  3.596504e+01  9.902739e+01  6.956302e+00  2.169174e+01  2.137122e+01  1.453638e+01  3.844592e+00  6.252219e+00  4.094224e+00  2.894531e-01  2.799756e-03  1.637580e+00  0.000000e+00  1.302292e+00
4.223954e+03  2.009776e-01  1.801733e+01  1.237459e+01  8.077929e+01  2.280592e+00  1.150170e+01  2.085113e+01  1.557085e+01  4.904149e+00  4.129061e+00  3.211166e+00  5.553530e-01  0.000000e+00  1.781581e+00  0.000000e+00  7.376750e-01
4.739354e+03  2.285492e-01  1.067875e+01  1.816548e+01  7.181118e+01  3.019067e+00  1.405571e+01  3.817943e+00  9.462110e+00  1.843164e+00  2.454237e+00  2.190001e+00  9.135073e-01  1.165566e-02  5.673638e-02  0.000000e+00  2.517059e-01
5.317643e+03  1.720033e+00  8.296288e+00  1.025903e+01  4.414843e+01  2.647458e-01  9.632458e+00  9.036018e-01  1.776121e+01  5.917936e+00  3.093926e+00  8.524858e-01  1.595503e+00  0.000000e+00  9.790119e-01  0.000000e+00  2.138777e+00
5.966493e+03  4.056628e-01  3.920290e+00  3.552907e+00  2.220418e+01  1.381446e+00  1.206611e+01  1.098549e+00  5.442893e+00  2.295969e+00  4.318851e+00  5.608686e-02  1.724671e-01  0.000000e+00  2.432125e-01  0.000000e+00  4.795420e-01
6.694516e+03  2.381950e-03  2.452635e+00  3.363591e+00  1.518998e+01  2.004601e-01  1.618057e+01  2.411650e-01  3.998084e+00  2.002836e+00  3.684757e+00  1.454322e+00  2.988580e+00  0.000000e+00  1.764563e-01  0.000000e+00  1.227389e-02
7.511370e+03  8.423507e-02  1.618793e+00  3.358244e+00  1.131197e+01  7.590323e-01  7.664710e+00  7.426032e-01  2.711386e+00  5.413056e-01  2.075323e+00  7.992206e-02  4.421993e-01  0.000000e+00  2.966472e-02  0.000000e+00  1.747779e+00
8.427896e+03  1.656268e-01  1.109600e+00  1.817385e+00  1.742822e+00  2.053333e-01  8.750376e+00  1.837124e+00  5.585962e+00  6.624311e-01  5.236193e-01  1.119153e+00  9.881118e-01  0.000000e+00  1.869799e-02  0.000000e+00  2.909749e-01
9.456255e+03  0.000000e+00  3.217295e-01  1.725301e+00  4.621967e+00  2.408608e-01  6.170945e+00  2.551626e-03  2.088026e+00  9.659988e-01  5.532095e-01  2.221276e+00  1.238029e+00  0.000000e+00  5.241091e-01  0.000000e+00  3.794004e-02
1.061009e+04  0.000000e+00  1.290031e+00  8.970784e-01  2.579378e+00  7.997205e-02  3.704257e+00  3.342824e-01  1.404545e+00  3.725582e-02  9.507062e-01  7.385826e-01  8.277023e-01  0.000000e+00  1.502909e-03  0.000000e+00  4.654071e-01
1.190472e+04  0.000000e+00  8.006498e-03  6.902115e-03  1.365078e+00  0.000000e+00  1.086922e+00  8.853606e-04  8.346160e-02  2.678938e-03  7.952514e-01  2.849501e+00  5.039237e-01  0.000000e+00  1.031175e-01  0.000000e+00  1.874598e-01
1.335731e+04  0.000000e+00  2.129620e-01  9.188577e-01  1.533092e+00  0.000000e+00  1.693973e+00  2.733858e-03  2.254914e-01  2.584216e-02  5.750822e-01  2.990513e-01  9.650278e-02  0.000000e+00  0.000000e+00  0.000000e+00  1.941028e-01
1.498715e+04  0.000000e+00  2.719987e-01  1.172776e-02  9.597938e-02  0.000000e+00  5.596585e-01  0.000000e+00  1.035290e+00  3.048979e-02  9.682465e-02  3.219935e-03  1.085431e+00  0.000000e+00  2.673945e-03  0.000000e+00  4.579841e-01
1.681586e+04  0.000000e+00  2.810436e-02  9.482713e-04  5.591554e-02  0.000000e+00  1.048493e+00  6.267873e-04  7.489854e-02  0.000000e+00  1.045237e-02  7.199612e-03  7.057904e-03  0.000000e+00  2.417074e-01  0.000000e+00  3.231288e-01
1.886771e+04  0.000000e+00  4.998311e-02  0.000000e+00  1.764702e-01  0.000000e+00  7.130426e-01  0.000000e+00  4.656780e-01  0.000000e+00  0.000000e+00  1.508933e-01  1.841370e-01  0.000000e+00  3.616370e-01  0.000000e+00  2.443063e-01
2.116992e+04  0.000000e+00  4.978748e-04  0.000000e+00  1.212237e-01  0.000000e+00  2.222823e-03  0.000000e+00  6.593723e-02  0.000000e+00  0.000000e+00  0.000000e+00  1.550564e-01  0.000000e+00  6.166664e-01  0.000000e+00  6.593723e-02
2.375304e+04  0.000000e+00  0.000000e+00  0.000000e+00  4.437314e-04  0.000000e+00  7.439236e-02  3.459252e-03  1.408838e-02  0.000000e+00  1.923775e-02  7.471464e-02  1.342649e-03  0.000000e+00  0.000000e+00  0.000000e+00  2.297178e-01
2.665135e+04  0.000000e+00  3.083062e-03  0.000000e+00  1.531590e-01  0.000000e+00  0.000000e+00  0.000000e+00  0.000000e+00  0.000000e+00  2.072701e-03  0.000000e+00  0.000000e+00  0.000000e+00  0.000000e+00  0.000000e+00  3.083062e-03
2.990330e+04  0.000000e+00  0.000000e+00  0.000000e+00  2.052592e-02  0.000000e+00  0.000000e+00  0.000000e+00  0.000000e+00  0.000000e+00  0.000000e+00  0.000000e+00  3.171672e-02  0.000000e+00  7.053875e-02  0.000000e+00  3.710833e-02
3.355206e+04  0.000000e+00  0.000000e+00  0.000000e+00  0.000000e+00  0.000000e+00  0.000000e+00  0.000000e+00  0.000000e+00  0.000000e+00  0.000000e+00  0.000000e+00  7.191460e-04  0.000000e+00  2.752761e-01  0.000000e+00  3.292811e-03
3.764603e+04  0.000000e+00  0.000000e+00  0.000000e+00  4.668904e-03  0.000000e+00  0.000000e+00  0.000000e+00  0.000000e+00  0.000000e+00  0.000000e+00  0.000000e+00  1.630432e-02  0.000000e+00  4.668904e-03  0.000000e+00  2.799756e-04
4.223954e+04  0.000000e+00  0.000000e+00  0.000000e+00  2.866217e-03  0.000000e+00  0.000000e+00  0.000000e+00  1.311670e-01  0.000000e+00  0.000000e+00  0.000000e+00  1.906992e-02  0.000000e+00  0.000000e+00  0.000000e+00  0.000000e+00
4.739354e+04  0.000000e+00  0.000000e+00  0.000000e+00  0.000000e+00  0.000000e+00  0.000000e+00  0.000000e+00  2.223925e-04  0.000000e+00  0.000000e+00  0.000000e+00  2.776911e-03  0.000000e+00  1.295098e-02  0.000000e+00  0.000000e+00
5.317643e+04  0.000000e+00  0.000000e+00  0.000000e+00  0.000000e+00  0.000000e+00  0.000000e+00  0.000000e+00  0.000000e+00  0.000000e+00  0.000000e+00  0.000000e+00  0.000000e+00  0.000000e+00  0.000000e+00  0.000000e+00  0.000000e+00
5.966493e+04  0.000000e+00  0.000000e+00  0.000000e+00  0.000000e+00  0.000000e+00  0.000000e+00  0.000000e+00  0.000000e+00  0.000000e+00  0.000000e+00  0.000000e+00  0.000000e+00  0.000000e+00  0.000000e+00  0.000000e+00  0.000000e+00
6.694516e+04  0.000000e+00  0.000000e+00  0.000000e+00  0.000000e+00  0.000000e+00  0.000000e+00  0.000000e+00  0.000000e+00  0.000000e+00  0.000000e+00  0.000000e+00  0.000000e+00  0.000000e+00  0.000000e+00  0.000000e+00  5.156189e-03
7.511370e+04  0.000000e+00  0.000000e+00  0.000000e+00  0.000000e+00  0.000000e+00  0.000000e+00  0.000000e+00  0.000000e+00  0.000000e+00  0.000000e+00  0.000000e+00  0.000000e+00  0.000000e+00  0.000000e+00  0.000000e+00  5.413056e-02
8.427896e+04  0.000000e+00  0.000000e+00  0.000000e+00  0.000000e+00  0.000000e+00  0.000000e+00  0.000000e+00  0.000000e+00  0.000000e+00  0.000000e+00  0.000000e+00  0.000000e+00  0.000000e+00  0.000000e+00  0.000000e+00  0.000000e+00
9.456255e+04  0.000000e+00  0.000000e+00  0.000000e+00  0.000000e+00  0.000000e+00  0.000000e+00  0.000000e+00  0.000000e+00  0.000000e+00  0.000000e+00  0.000000e+00  0.000000e+00  0.000000e+00  0.000000e+00  0.000000e+00  0.000000e+00
1.061009e+05  0.000000e+00  0.000000e+00  0.000000e+00  0.000000e+00  0.000000e+00  0.000000e+00  0.000000e+00  0.000000e+00  0.000000e+00  0.000000e+00  0.000000e+00  0.000000e+00  0.000000e+00  0.000000e+00  0.000000e+00  0.000000e+00
1.190472e+05  0.000000e+00  0.000000e+00  0.000000e+00  0.000000e+00  0.000000e+00  0.000000e+00  0.000000e+00  0.000000e+00  0.000000e+00  0.000000e+00  0.000000e+00  0.000000e+00  0.000000e+00  0.000000e+00  0.000000e+00  0.000000e+00
1.335731e+05  0.000000e+00  0.000000e+00  0.000000e+00  0.000000e+00  0.000000e+00  0.000000e+00  0.000000e+00  0.000000e+00  0.000000e+00  0.000000e+00  0.000000e+00  0.000000e+00  0.000000e+00  0.000000e+00  0.000000e+00  0.000000e+00
1.498715e+05  0.000000e+00  0.000000e+00  0.000000e+00  0.000000e+00  0.000000e+00  0.000000e+00  0.000000e+00  0.000000e+00  0.000000e+00  0.000000e+00  0.000000e+00  0.000000e+00  0.000000e+00  0.000000e+00  0.000000e+00  0.000000e+00
1.681586e+05  0.000000e+00  0.000000e+00  0.000000e+00  0.000000e+00  0.000000e+00  0.000000e+00  0.000000e+00  0.000000e+00  0.000000e+00  0.000000e+00  0.000000e+00  0.000000e+00  0.000000e+00  0.000000e+00  0.000000e+00  0.000000e+00
1.886771e+05  0.000000e+00  0.000000e+00  0.000000e+00  0.000000e+00  0.000000e+00  0.000000e+00  0.000000e+00  0.000000e+00  0.000000e+00  0.000000e+00  0.000000e+00  0.000000e+00  0.000000e+00  0.000000e+00  0.000000e+00  0.000000e+00
2.116992e+05  0.000000e+00  0.000000e+00  0.000000e+00  0.000000e+00  0.000000e+00  0.000000e+00  0.000000e+00  0.000000e+00  0.000000e+00  0.000000e+00  0.000000e+00  0.000000e+00  0.000000e+00  0.000000e+00  0.000000e+00  0.000000e+00
2.375304e+05  0.000000e+00  0.000000e+00  0.000000e+00  0.000000e+00  0.000000e+00  0.000000e+00  0.000000e+00  0.000000e+00  0.000000e+00  0.000000e+00  0.000000e+00  0.000000e+00  0.000000e+00  0.000000e+00  0.000000e+00  0.000000e+00
2.665135e+05  0.000000e+00  0.000000e+00  0.000000e+00  0.000000e+00  0.000000e+00  0.000000e+00  0.000000e+00  0.000000e+00  0.000000e+00  0.000000e+00  0.000000e+00  0.000000e+00  0.000000e+00  0.000000e+00  0.000000e+00  0.000000e+00
2.990330e+05  0.000000e+00  0.000000e+00  0.000000e+00  0.000000e+00  0.000000e+00  0.000000e+00  0.000000e+00  0.000000e+00  0.000000e+00  0.000000e+00  0.000000e+00  0.000000e+00  0.000000e+00  0.000000e+00  0.000000e+00  0.000000e+00
3.355206e+05  0.000000e+00  0.000000e+00  0.000000e+00  0.000000e+00  0.000000e+00  0.000000e+00  0.000000e+00  0.000000e+00  0.000000e+00  0.000000e+00  0.000000e+00  0.000000e+00  0.000000e+00  0.000000e+00  0.000000e+00  0.000000e+00
3.764603e+05  0.000000e+00  0.000000e+00  0.000000e+00  0.000000e+00  0.000000e+00  0.000000e+00  0.000000e+00  0.000000e+00  0.000000e+00  0.000000e+00  0.000000e+00  0.000000e+00  0.000000e+00  0.000000e+00  0.000000e+00  0.000000e+00
4.223954e+05  0.000000e+00  0.000000e+00  0.000000e+00  0.000000e+00  0.000000e+00  0.000000e+00  0.000000e+00  0.000000e+00  0.000000e+00  0.000000e+00  0.000000e+00  0.000000e+00  0.000000e+00  0.000000e+00  0.000000e+00  0.000000e+00
4.739354e+05  0.000000e+00  0.000000e+00  0.000000e+00  0.000000e+00  0.000000e+00  0.000000e+00  0.000000e+00  0.000000e+00  0.000000e+00  0.000000e+00  0.000000e+00  0.000000e+00  0.000000e+00  0.000000e+00  0.000000e+00  0.000000e+00
5.317643e+05  0.000000e+00  0.000000e+00  0.000000e+00  0.000000e+00  0.000000e+00  0.000000e+00  0.000000e+00  0.000000e+00  0.000000e+00  0.000000e+00  0.000000e+00  0.000000e+00  0.000000e+00  0.000000e+00  0.000000e+00  0.000000e+00
5.966493e+05  0.000000e+00  0.000000e+00  0.000000e+00  0.000000e+00  0.000000e+00  0.000000e+00  0.000000e+00  0.000000e+00  0.000000e+00  0.000000e+00  0.000000e+00  0.000000e+00  0.000000e+00  0.000000e+00  0.000000e+00  0.000000e+00
6.694516e+05  0.000000e+00  0.000000e+00  0.000000e+00  0.000000e+00  0.000000e+00  0.000000e+00  0.000000e+00  0.000000e+00  0.000000e+00  0.000000e+00  0.000000e+00  0.000000e+00  0.000000e+00  0.000000e+00  0.000000e+00  0.000000e+00
7.511370e+05  0.000000e+00  0.000000e+00  0.000000e+00  0.000000e+00  0.000000e+00  0.000000e+00  0.000000e+00  0.000000e+00  0.000000e+00  0.000000e+00  0.000000e+00  0.000000e+00  0.000000e+00  0.000000e+00  0.000000e+00  0.000000e+00
8.427896e+05  0.000000e+00  0.000000e+00  0.000000e+00  0.000000e+00  0.000000e+00  0.000000e+00  0.000000e+00  0.000000e+00  0.000000e+00  0.000000e+00  0.000000e+00  0.000000e+00  0.000000e+00  0.000000e+00  0.000000e+00  0.000000e+00
9.456255e+05  0.000000e+00  0.000000e+00  0.000000e+00  0.000000e+00  0.000000e+00  0.000000e+00  0.000000e+00  0.000000e+00  0.000000e+00  0.000000e+00  0.000000e+00  0.000000e+00  0.000000e+00  0.000000e+00  0.000000e+00  0.000000e+00
