# dR/dEr [1/keV/kg/Myr]
# Er [keV], S, F, Ne, Cl, Na, Si, O, P, N, C, Al, Mg, Be, B, Ar, Li
1.061009e+01  3.130785e+02  2.872349e+02  0.000000e+00  0.000000e+00  2.056533e+02  0.000000e+00  5.500341e+01  0.000000e+00  0.000000e+00  0.000000e+00  0.000000e+00  0.000000e+00  7.583812e+01  0.000000e+00  0.000000e+00  0.000000e+00
1.190472e+01  3.965758e+01  9.027670e+01  0.000000e+00  0.000000e+00  1.278305e+01  0.000000e+00  0.000000e+00  0.000000e+00  0.000000e+00  0.000000e+00  0.000000e+00  0.000000e+00  0.000000e+00  0.000000e+00  0.000000e+00  0.000000e+00
1.335731e+01  1.012501e+02  3.940755e+01  0.000000e+00  0.000000e+00  0.000000e+00  0.000000e+00  0.000000e+00  0.000000e+00  0.000000e+00  0.000000e+00  0.000000e+00  0.000000e+00  0.000000e+00  0.000000e+00  0.000000e+00  0.000000e+00
1.498715e+01  1.461008e+01  6.849340e+01  0.000000e+00  0.000000e+00  3.296923e+01  0.000000e+00  2.298716e+00  0.000000e+00  0.000000e+00  0.000000e+00  0.000000e+00  0.000000e+00  0.000000e+00  0.000000e+00  0.000000e+00  0.000000e+00
1.681586e+01  3.614698e+01  3.166799e+01  5.153229e+00  0.000000e+00  1.044848e+01  2.048732e+00  0.000000e+00  0.000000e+00  0.000000e+00  0.000000e+00  0.000000e+00  0.000000e+00  0.000000e+00  0.000000e+00  0.000000e+00  0.000000e+00
1.886771e+01  2.457588e+01  2.850130e+01  0.000000e+00  0.000000e+00  4.592821e+00  0.000000e+00  0.000000e+00  0.000000e+00  0.000000e+00  0.000000e+00  0.000000e+00  0.000000e+00  0.000000e+00  0.000000e+00  0.000000e+00  0.000000e+00
2.116992e+01  4.441939e+01  5.897186e+01  0.000000e+00  0.000000e+00  5.032010e+00  0.000000e+00  2.162316e+00  0.000000e+00  0.000000e+00  0.000000e+00  4.950562e+01  0.000000e+00  0.000000e+00  0.000000e+00  0.000000e+00  0.000000e+00
2.375304e+01  8.430289e+01  9.170446e+00  1.303937e+01  0.000000e+00  3.185838e+01  0.000000e+00  3.648207e+00  0.000000e+00  0.000000e+00  0.000000e+00  0.000000e+00  0.000000e+00  0.000000e+00  0.000000e+00  0.000000e+00  0.000000e+00
2.665135e+01  7.726990e+01  8.496913e+01  1.717589e+00  1.528849e+01  2.689578e+00  0.000000e+00  0.000000e+00  2.181142e+01  0.000000e+00  0.000000e+00  0.000000e+00  0.000000e+00  0.000000e+00  0.000000e+00  0.000000e+00  0.000000e+00
2.990330e+01  1.294578e+02  2.325101e+01  2.018373e+00  0.000000e+00  6.626343e+01  0.000000e+00  2.682889e+00  0.000000e+00  0.000000e+00  0.000000e+00  3.779801e+01  0.000000e+00  2.837270e+01  0.000000e+00  0.000000e+00  0.000000e+00
3.355206e+01  8.144334e+01  4.046131e+01  2.399191e+00  0.000000e+00  4.539313e+00  0.000000e+00  1.558768e+01  0.000000e+00  0.000000e+00  0.000000e+00  3.828445e+01  0.000000e+00  7.809655e+01  0.000000e+00  0.000000e+00  0.000000e+00
3.764603e+01  1.451773e+02  9.904934e+01  1.255056e+01  1.215960e+00  5.033360e+01  0.000000e+00  1.314214e+01  0.000000e+00  0.000000e+00  0.000000e+00  0.000000e+00  0.000000e+00  1.158381e+01  0.000000e+00  0.000000e+00  0.000000e+00
4.223954e+01  1.320066e+02  7.649851e+01  2.400518e+01  0.000000e+00  1.859409e+01  0.000000e+00  1.195531e+01  0.000000e+00  0.000000e+00  0.000000e+00  3.400540e+01  0.000000e+00  8.284918e+01  0.000000e+00  0.000000e+00  0.000000e+00
4.739354e+01  1.290561e+02  3.915346e+01  9.658711e-01  2.664368e+00  1.229890e+01  0.000000e+00  3.462598e+00  0.000000e+00  0.000000e+00  0.000000e+00  0.000000e+00  0.000000e+00  5.967452e+01  0.000000e+00  0.000000e+00  0.000000e+00
5.317643e+01  1.224019e+02  2.866469e+01  2.369533e+00  0.000000e+00  5.344077e+01  0.000000e+00  4.578349e+00  0.000000e+00  0.000000e+00  0.000000e+00  1.970854e+01  0.000000e+00  0.000000e+00  0.000000e+00  0.000000e+00  0.000000e+00
5.966493e+01  1.403258e+02  8.474974e+01  2.653768e+00  1.344630e+00  4.977002e+01  0.000000e+00  4.223378e+01  0.000000e+00  0.000000e+00  0.000000e+00  1.567682e+01  0.000000e+00  1.346128e+01  0.000000e+00  0.000000e+00  0.000000e+00
6.694516e+01  1.646749e+02  7.341708e+01  4.500823e+00  0.000000e+00  3.063644e+01  0.000000e+00  7.380891e+00  0.000000e+00  1.406559e+01  0.000000e+00  6.609901e+00  0.000000e+00  1.811221e+02  0.000000e+00  0.000000e+00  0.000000e+00
7.511370e+01  1.766517e+02  8.068384e+01  1.783871e+01  1.530333e+00  2.108352e+01  0.000000e+00  3.561571e+00  0.000000e+00  0.000000e+00  0.000000e+00  1.349910e+01  0.000000e+00  6.080880e+04  0.000000e+00  0.000000e+00  0.000000e+00
8.427896e+01  2.001256e+02  6.758572e+01  2.571279e+00  1.459770e+01  2.935595e+01  0.000000e+00  1.680442e+01  0.000000e+00  0.000000e+00  0.000000e+00  0.000000e+00  0.000000e+00  7.209389e+04  0.000000e+00  0.000000e+00  0.000000e+00
9.456255e+01  2.023336e+02  6.492515e+01  8.023921e+00  1.768971e+00  5.163527e+01  0.000000e+00  6.379252e+00  0.000000e+00  1.582292e+01  0.000000e+00  5.865247e+00  0.000000e+00  5.576662e+04  0.000000e+00  0.000000e+00  0.000000e+00
1.061009e+02  2.137772e+02  9.102013e+01  1.697643e+01  5.796262e+00  2.533993e+01  0.000000e+00  6.308575e+00  0.000000e+00  0.000000e+00  8.815721e+00  1.175022e+01  0.000000e+00  4.130496e+04  0.000000e+00  0.000000e+00  0.000000e+00
1.190472e+02  2.094806e+02  1.247949e+02  1.032672e+01  5.050740e+00  5.672576e+01  0.000000e+00  6.427083e+00  0.000000e+00  2.893911e-01  3.717020e+00  3.542617e+04  0.000000e+00  3.086045e+04  0.000000e+00  1.310354e+01  0.000000e+00
1.335731e+02  2.618412e+02  1.160436e+02  1.666373e+01  3.537229e+00  3.497395e+01  0.000000e+00  6.112085e+00  0.000000e+00  0.000000e+00  0.000000e+00  3.042375e+04  0.000000e+00  2.304423e+04  0.000000e+00  0.000000e+00  0.000000e+00
1.498715e+02  5.562200e+02  1.209654e+02  6.310985e+00  4.208458e+00  2.809356e+01  0.000000e+00  2.470559e+01  0.000000e+00  3.760898e+00  6.563143e+00  2.262966e+04  0.000000e+00  1.731612e+04  0.000000e+00  0.000000e+00  0.000000e+00
1.681586e+02  7.614732e+02  1.650240e+02  9.591673e+00  1.044848e+00  3.228632e+01  3.298271e+00  1.945057e+01  0.000000e+00  6.363726e+00  0.000000e+00  1.790878e+04  0.000000e+00  1.241019e+04  0.000000e+00  0.000000e+00  0.000000e+00
1.886771e+02  4.979053e+02  1.366291e+02  8.477973e+00  9.898101e-01  3.041878e+01  4.252093e-01  2.197350e+01  3.219849e-01  3.219849e-01  0.000000e+00  1.300701e+04  0.000000e+00  8.886718e+03  0.000000e+00  0.000000e+00  0.000000e+00
2.116992e+02  2.574376e+02  1.736559e+02  8.460349e+00  5.889947e+00  3.042967e+01  2.869693e-01  1.041221e+01  0.000000e+00  0.000000e+00  2.619910e+00  1.030265e+04  0.000000e+00  6.359532e+03  0.000000e+00  2.231840e+00  0.000000e+00
2.375304e+02  1.966604e+02  6.031263e+02  1.695241e+01  5.982980e+00  3.448162e+01  1.090590e-01  2.198461e+01  2.367522e+00  0.000000e+00  1.450391e-01  7.706228e+03  0.000000e+00  4.802735e+03  0.000000e+00  5.908833e-01  0.000000e+00
2.665135e+02  1.635667e+02  5.091130e+02  1.439328e+01  7.257008e+00  4.480360e+01  3.020402e-01  1.721775e+01  0.000000e+00  2.279479e-01  2.505655e+00  5.477055e+03  0.000000e+00  3.092723e+03  0.000000e+00  0.000000e+00  0.000000e+00
2.990330e+02  1.365087e+02  1.193917e+02  5.371374e+00  2.909583e+00  3.612404e+01  2.199779e+00  1.856224e+01  1.711886e+00  1.458316e+00  5.003647e+00  4.250180e+03  0.000000e+00  2.337761e+03  0.000000e+00  0.000000e+00  0.000000e+00
3.355206e+02  1.259680e+02  1.301593e+02  6.510129e+00  6.005459e+00  3.182246e+01  1.810654e-01  1.410611e+01  1.544157e-01  1.364329e-01  2.533257e+00  3.147994e+03  2.393791e+00  1.682558e+03  0.000000e+00  0.000000e+00  1.104032e+00
3.764603e+02  9.680226e+01  9.308986e+01  1.816805e+01  7.766807e+00  2.753375e+01  7.757755e+00  1.099207e+01  0.000000e+00  2.138281e-01  0.000000e+00  2.111890e+03  0.000000e+00  1.136559e+03  0.000000e+00  0.000000e+00  0.000000e+00
4.223954e+02  6.251401e+01  9.554087e+01  5.796781e+00  7.529283e+00  3.090127e+01  1.320295e+00  1.063949e+01  3.379024e+00  1.355748e+00  2.166169e+00  1.485624e+03  0.000000e+00  6.653116e+02  0.000000e+00  1.118570e+00  0.000000e+00
4.739354e+02  5.777263e+01  8.272509e+01  8.965557e+00  7.734145e+00  2.343763e+01  2.070181e+00  2.175390e+01  1.272493e+00  1.226546e+00  0.000000e+00  1.033464e+03  0.000000e+00  4.682096e+02  1.226546e+00  0.000000e+00  0.000000e+00
5.317643e+02  5.722714e+01  8.023722e+01  1.854740e+01  3.308926e+00  1.791020e+01  1.133666e+00  9.018733e+00  3.236319e+00  1.342203e+00  2.851338e+00  9.026050e+02  0.000000e+00  3.136460e+02  1.043005e+00  2.639379e-01  0.000000e+00
5.966493e+02  5.510866e+01  6.925321e+01  1.481970e+01  1.371008e+01  1.950181e+01  2.233008e+00  1.823638e+01  1.745575e+00  8.865530e-01  1.422004e+00  5.882600e+02  0.000000e+00  2.153398e+02  0.000000e+00  7.308892e-01  0.000000e+00
6.694516e+02  4.577574e+01  6.973881e+01  1.950839e+01  1.263716e+01  2.047627e+01  3.258090e+00  1.545524e+01  9.693410e-01  2.496876e-01  1.458021e+00  3.965249e+02  0.000000e+00  1.385063e+02  0.000000e+00  0.000000e+00  0.000000e+00
7.511370e+02  3.546225e+01  4.837932e+01  1.424913e+01  9.327573e+00  1.560988e+01  1.931029e+00  1.080814e+01  1.897982e+00  1.774628e+00  1.103755e+00  2.588426e+02  0.000000e+00  1.035448e+02  0.000000e+00  0.000000e+00  0.000000e+00
8.427896e+02  3.065149e+01  4.811274e+01  1.350374e+01  5.034690e+00  1.684859e+01  1.980130e-01  1.094647e+01  1.498284e-01  1.352256e+00  4.218106e+00  1.542095e+02  0.000000e+00  5.560060e+01  0.000000e+00  4.408325e-01  0.000000e+00
9.456255e+02  2.492705e+01  3.584864e+01  1.499099e+01  5.880515e+00  1.502913e+01  1.425159e+00  1.057288e+01  1.430636e+00  0.000000e+00  3.288434e+00  1.261396e+02  4.308882e-01  3.768288e+01  0.000000e+00  0.000000e+00  0.000000e+00
1.061009e+03  2.298516e+01  2.587335e+01  1.593611e+01  1.082561e+01  1.457381e+01  9.237638e-01  1.022895e+01  1.066126e+00  2.483138e+00  1.460993e+00  8.815380e+01  0.000000e+00  1.984657e+01  1.271508e+00  7.569832e-01  0.000000e+00
1.190472e+03  1.806052e+01  2.162991e+01  1.326520e+01  1.070233e+01  7.239371e+00  8.012204e-01  6.720185e+00  3.680675e+00  8.368318e-01  5.548796e+00  5.871168e+01  0.000000e+00  1.018288e+01  0.000000e+00  0.000000e+00  0.000000e+00
1.335731e+03  1.681434e+01  2.355251e+01  1.309030e+01  8.061228e+00  5.471384e+00  2.398286e+00  5.773607e+00  1.748035e+00  3.194412e+00  2.127620e+00  3.235045e+01  0.000000e+00  7.289542e+00  2.781465e-01  0.000000e+00  0.000000e+00
1.498715e+03  8.567383e+00  1.947290e+01  1.162244e+01  1.027067e+01  1.048491e+01  5.045754e+00  8.368125e+00  2.951750e+00  3.143043e+00  2.866231e+00  1.488574e+01  3.301155e-01  5.304227e+00  0.000000e+00  0.000000e+00  7.298858e-01
1.681586e+03  7.604542e+00  1.619155e+01  1.008756e+01  6.964886e+00  6.691177e+00  2.099366e+00  4.848460e+00  3.113658e+00  1.827476e+00  1.483902e+00  1.552835e+01  0.000000e+00  2.822914e+00  5.700963e-01  0.000000e+00  2.202834e-01
1.886771e+03  8.812456e+00  1.438095e+01  1.023763e+01  6.290378e+00  7.658100e+00  2.830104e+00  4.153550e+00  2.371527e+00  1.188098e+00  2.709768e+00  7.189467e+00  4.739386e-01  4.266431e-02  1.371104e+00  2.132345e-01  0.000000e+00
2.116992e+03  4.798271e+00  1.129428e+01  5.526907e+00  5.762686e+00  5.224480e+00  1.390359e+00  4.039530e+00  2.576595e+00  1.489392e+00  1.898972e+00  4.742835e+00  5.072928e-01  1.917972e+00  2.231840e-01  0.000000e+00  2.231840e-01
2.375304e+03  4.864970e+00  7.096475e+00  7.265873e+00  8.982749e+00  4.626824e+00  3.253111e+00  3.273084e+00  1.687802e+00  3.979680e-01  1.881626e+00  5.179117e+00  2.155136e-01  0.000000e+00  4.412193e-01  0.000000e+00  6.272835e-01
2.665135e+03  2.558109e+00  6.406358e+00  5.204331e+00  8.796817e+00  3.579205e+00  1.306987e+00  2.920043e+00  2.338398e+00  1.155388e+00  1.217125e+00  3.730516e+00  6.200209e-01  8.908004e-01  3.183470e-01  0.000000e+00  3.516708e-01
2.990330e+03  2.232759e+00  4.832706e+00  4.684620e+00  5.545015e+00  2.559762e+00  2.578754e+00  2.013477e+00  2.557054e+00  2.433865e+00  2.199981e+00  2.302714e+00  8.327630e-01  0.000000e+00  4.295586e-01  0.000000e+00  5.171256e-01
3.355206e+03  1.281637e+00  5.174361e+00  5.006758e+00  7.421066e+00  1.469353e+00  2.955972e+00  7.950907e-01  2.636377e+00  1.322656e+00  1.697176e+00  1.267868e+00  5.305949e-01  7.649885e-02  3.368751e-01  0.000000e+00  3.061247e-01
3.764603e+03  9.022206e-01  3.082910e+00  4.958039e+00  4.928001e+00  1.042738e+00  3.352082e+00  5.508694e-01  1.362313e+00  1.978066e+00  1.832069e+00  1.955638e+00  5.581151e-01  1.473284e-01  2.973775e-01  0.000000e+00  1.064263e+00
4.223954e+03  6.494693e-01  9.851826e-01  2.304196e+00  3.938435e+00  8.843608e-01  1.249242e+00  1.004787e+00  2.304376e+00  1.333037e+00  2.250684e+00  8.571020e-01  1.018650e+00  0.000000e+00  5.378674e-01  0.000000e+00  9.270986e-01
4.739354e+03  2.139464e-01  1.928304e+00  2.443944e+00  4.724116e+00  7.166491e-01  2.270897e+00  3.269645e-01  1.394013e+00  1.044241e+00  9.814950e-01  6.943051e-01  3.501168e-01  8.489020e-02  2.308381e-01  0.000000e+00  7.555402e-01
5.317643e+03  1.859588e-01  1.663798e+00  2.263954e+00  2.617469e+00  5.778415e-01  2.218334e+00  3.434944e-01  1.579217e+00  7.812341e-01  1.689768e+00  1.172794e+00  5.318756e-01  0.000000e+00  5.933477e-01  0.000000e+00  4.720914e-01
5.966493e+03  4.716139e-01  1.028635e+00  1.636945e+00  2.553636e+00  3.946537e-01  1.252889e+00  6.933819e-01  1.150668e+00  9.008673e-01  9.689898e-01  1.102501e-01  4.830795e-01  0.000000e+00  2.241988e-01  0.000000e+00  2.731726e-01
6.694516e+03  7.646712e-02  9.675107e-01  1.231892e+00  1.568852e+00  4.122418e-01  2.479300e+00  4.181686e-01  1.489596e+00  9.117909e-01  7.352963e-01  7.121660e-01  1.711621e-01  0.000000e+00  2.832622e-01  0.000000e+00  5.533268e-02
7.511370e+03  1.727934e-01  7.930325e-01  8.918897e-01  1.038329e+00  1.370370e-01  1.875477e+00  2.944031e-01  1.502915e+00  6.957207e-02  7.336372e-01  3.601274e-01  3.040425e-01  0.000000e+00  1.977624e-01  0.000000e+00  5.526127e-01
8.427896e+03  1.109834e-01  7.322952e-01  4.016980e-01  1.153053e+00  1.890344e-01  1.729942e+00  1.934393e-01  1.244694e+00  2.213360e-01  4.498112e-01  1.050086e-01  5.389043e-01  0.000000e+00  1.000894e-01  0.000000e+00  6.229248e-01
9.456255e+03  0.000000e+00  2.201621e-01  3.991739e-01  1.263920e+00  1.226937e-01  1.079661e+00  4.996468e-02  7.187416e-01  4.410687e-01  2.016628e-01  5.754840e-01  8.251490e-01  0.000000e+00  2.672907e-01  0.000000e+00  1.195278e-01
1.061009e+04  0.000000e+00  4.646728e-01  1.883125e-01  7.714671e-01  1.433078e-01  8.639092e-01  4.233156e-01  3.670340e-01  1.476302e-01  4.822829e-01  3.836128e-01  9.095891e-02  0.000000e+00  4.824749e-02  0.000000e+00  4.261788e-01
1.190472e+04  0.000000e+00  1.164844e-01  3.111585e-02  4.885784e-01  0.000000e+00  5.368702e-01  4.658932e-02  2.100811e-01  8.600124e-02  3.835903e-01  2.892514e-01  7.260627e-02  0.000000e+00  1.581933e-01  0.000000e+00  3.979680e-01
1.335731e+04  0.000000e+00  2.605046e-01  1.306746e-01  4.823329e-01  0.000000e+00  3.641820e-01  3.264762e-02  1.642748e-01  9.076968e-02  1.567291e-01  2.365244e-01  2.098078e-01  0.000000e+00  0.000000e+00  0.000000e+00  3.002609e-01
1.498715e+04  0.000000e+00  7.187584e-02  3.301155e-02  2.238245e-01  0.000000e+00  3.041048e-01  0.000000e+00  1.100025e-01  5.359031e-02  8.925516e-02  6.305117e-02  4.936878e-02  0.000000e+00  6.568219e-02  0.000000e+00  2.410420e-01
1.681586e+04  0.000000e+00  8.307378e-02  3.044211e-02  1.402793e-01  0.000000e+00  3.801837e-01  3.298271e-02  1.084542e-01  0.000000e+00  2.942158e-02  2.423063e-02  4.796126e-02  0.000000e+00  2.702953e-01  0.000000e+00  2.337032e-01
1.886771e+04  0.000000e+00  9.829174e-02  0.000000e+00  8.331806e-02  0.000000e+00  2.195162e-01  0.000000e+00  9.922784e-02  0.000000e+00  0.000000e+00  1.204723e-01  8.416301e-02  0.000000e+00  1.174201e-01  0.000000e+00  3.382896e-01
2.116992e+04  0.000000e+00  2.619910e-02  0.000000e+00  1.090892e-01  0.000000e+00  4.679835e-02  0.000000e+00  4.418327e-02  0.000000e+00  0.000000e+00  0.000000e+00  2.745895e-02  0.000000e+00  1.198638e-01  0.000000e+00  4.418327e-02
2.375304e+04  0.000000e+00  0.000000e+00  0.000000e+00  2.334997e-02  0.000000e+00  8.543106e-02  1.559487e-02  2.769357e-02  0.000000e+00  3.381320e-02  3.571912e-02  4.310273e-02  0.000000e+00  0.000000e+00  0.000000e+00  1.260214e-01
2.665135e+04  0.000000e+00  1.389894e-02  0.000000e+00  3.881575e-02  0.000000e+00  0.000000e+00  0.000000e+00  0.000000e+00  0.000000e+00  1.509585e-02  0.000000e+00  0.000000e+00  0.000000e+00  0.000000e+00  0.000000e+00  1.389894e-02
2.990330e+04  0.000000e+00  0.000000e+00  0.000000e+00  3.148893e-02  0.000000e+00  0.000000e+00  0.000000e+00  0.000000e+00  0.000000e+00  0.000000e+00  0.000000e+00  5.348672e-02  0.000000e+00  5.037049e-02  0.000000e+00  6.957461e-02
3.355206e+04  0.000000e+00  0.000000e+00  0.000000e+00  0.000000e+00  0.000000e+00  0.000000e+00  0.000000e+00  0.000000e+00  0.000000e+00  0.000000e+00  0.000000e+00  1.408196e-02  0.000000e+00  4.183134e-03  0.000000e+00  2.398212e-02
3.764603e+04  0.000000e+00  0.000000e+00  0.000000e+00  1.314214e-02  0.000000e+00  0.000000e+00  0.000000e+00  0.000000e+00  0.000000e+00  0.000000e+00  0.000000e+00  2.501255e-02  0.000000e+00  1.314214e-02  0.000000e+00  1.473284e-02
4.223954e+04  0.000000e+00  0.000000e+00  0.000000e+00  9.646386e-03  0.000000e+00  0.000000e+00  0.000000e+00  3.528757e-02  0.000000e+00  0.000000e+00  0.000000e+00  4.612462e-02  0.000000e+00  0.000000e+00  0.000000e+00  0.000000e+00
4.739354e+04  0.000000e+00  0.000000e+00  0.000000e+00  0.000000e+00  0.000000e+00  0.000000e+00  0.000000e+00  1.170271e-02  0.000000e+00  0.000000e+00  0.000000e+00  2.030006e-02  0.000000e+00  1.986817e-02  0.000000e+00  0.000000e+00
5.317643e+04  0.000000e+00  0.000000e+00  0.000000e+00  0.000000e+00  0.000000e+00  0.000000e+00  0.000000e+00  0.000000e+00  0.000000e+00  0.000000e+00  0.000000e+00  0.000000e+00  0.000000e+00  0.000000e+00  0.000000e+00  0.000000e+00
5.966493e+04  0.000000e+00  0.000000e+00  0.000000e+00  0.000000e+00  0.000000e+00  0.000000e+00  0.000000e+00  0.000000e+00  0.000000e+00  0.000000e+00  0.000000e+00  0.000000e+00  0.000000e+00  0.000000e+00  0.000000e+00  0.000000e+00
6.694516e+04  0.000000e+00  0.000000e+00  0.000000e+00  0.000000e+00  0.000000e+00  0.000000e+00  0.000000e+00  0.000000e+00  0.000000e+00  0.000000e+00  0.000000e+00  0.000000e+00  0.000000e+00  0.000000e+00  0.000000e+00  1.811093e-02
7.511370e+04  0.000000e+00  0.000000e+00  0.000000e+00  0.000000e+00  0.000000e+00  0.000000e+00  0.000000e+00  0.000000e+00  0.000000e+00  0.000000e+00  0.000000e+00  0.000000e+00  0.000000e+00  0.000000e+00  0.000000e+00  6.957207e-03
8.427896e+04  0.000000e+00  0.000000e+00  0.000000e+00  0.000000e+00  0.000000e+00  0.000000e+00  0.000000e+00  0.000000e+00  0.000000e+00  0.000000e+00  0.000000e+00  0.000000e+00  0.000000e+00  0.000000e+00  0.000000e+00  0.000000e+00
9.456255e+04  0.000000e+00  0.000000e+00  0.000000e+00  0.000000e+00  0.000000e+00  0.000000e+00  0.000000e+00  0.000000e+00  0.000000e+00  0.000000e+00  0.000000e+00  0.000000e+00  0.000000e+00  0.000000e+00  0.000000e+00  0.000000e+00
1.061009e+05  0.000000e+00  0.000000e+00  0.000000e+00  0.000000e+00  0.000000e+00  0.000000e+00  0.000000e+00  0.000000e+00  0.000000e+00  0.000000e+00  0.000000e+00  0.000000e+00  0.000000e+00  0.000000e+00  0.000000e+00  0.000000e+00
1.190472e+05  0.000000e+00  0.000000e+00  0.000000e+00  0.000000e+00  0.000000e+00  0.000000e+00  0.000000e+00  0.000000e+00  0.000000e+00  0.000000e+00  0.000000e+00  0.000000e+00  0.000000e+00  0.000000e+00  0.000000e+00  0.000000e+00
1.335731e+05  0.000000e+00  0.000000e+00  0.000000e+00  0.000000e+00  0.000000e+00  0.000000e+00  0.000000e+00  0.000000e+00  0.000000e+00  0.000000e+00  0.000000e+00  0.000000e+00  0.000000e+00  0.000000e+00  0.000000e+00  0.000000e+00
1.498715e+05  0.000000e+00  0.000000e+00  0.000000e+00  0.000000e+00  0.000000e+00  0.000000e+00  0.000000e+00  0.000000e+00  0.000000e+00  0.000000e+00  0.000000e+00  0.000000e+00  0.000000e+00  0.000000e+00  0.000000e+00  0.000000e+00
1.681586e+05  0.000000e+00  0.000000e+00  0.000000e+00  0.000000e+00  0.000000e+00  0.000000e+00  0.000000e+00  0.000000e+00  0.000000e+00  0.000000e+00  0.000000e+00  0.000000e+00  0.000000e+00  0.000000e+00  0.000000e+00  0.000000e+00
1.886771e+05  0.000000e+00  0.000000e+00  0.000000e+00  0.000000e+00  0.000000e+00  0.000000e+00  0.000000e+00  0.000000e+00  0.000000e+00  0.000000e+00  0.000000e+00  0.000000e+00  0.000000e+00  0.000000e+00  0.000000e+00  0.000000e+00
2.116992e+05  0.000000e+00  0.000000e+00  0.000000e+00  0.000000e+00  0.000000e+00  0.000000e+00  0.000000e+00  0.000000e+00  0.000000e+00  0.000000e+00  0.000000e+00  0.000000e+00  0.000000e+00  0.000000e+00  0.000000e+00  0.000000e+00
2.375304e+05  0.000000e+00  0.000000e+00  0.000000e+00  0.000000e+00  0.000000e+00  0.000000e+00  0.000000e+00  0.000000e+00  0.000000e+00  0.000000e+00  0.000000e+00  0.000000e+00  0.000000e+00  0.000000e+00  0.000000e+00  0.000000e+00
2.665135e+05  0.000000e+00  0.000000e+00  0.000000e+00  0.000000e+00  0.000000e+00  0.000000e+00  0.000000e+00  0.000000e+00  0.000000e+00  0.000000e+00  0.000000e+00  0.000000e+00  0.000000e+00  0.000000e+00  0.000000e+00  0.000000e+00
2.990330e+05  0.000000e+00  0.000000e+00  0.000000e+00  0.000000e+00  0.000000e+00  0.000000e+00  0.000000e+00  0.000000e+00  0.000000e+00  0.000000e+00  0.000000e+00  0.000000e+00  0.000000e+00  0.000000e+00  0.000000e+00  0.000000e+00
3.355206e+05  0.000000e+00  0.000000e+00  0.000000e+00  0.000000e+00  0.000000e+00  0.000000e+00  0.000000e+00  0.000000e+00  0.000000e+00  0.000000e+00  0.000000e+00  0.000000e+00  0.000000e+00  0.000000e+00  0.000000e+00  0.000000e+00
3.764603e+05  0.000000e+00  0.000000e+00  0.000000e+00  0.000000e+00  0.000000e+00  0.000000e+00  0.000000e+00  0.000000e+00  0.000000e+00  0.000000e+00  0.000000e+00  0.000000e+00  0.000000e+00  0.000000e+00  0.000000e+00  0.000000e+00
4.223954e+05  0.000000e+00  0.000000e+00  0.000000e+00  0.000000e+00  0.000000e+00  0.000000e+00  0.000000e+00  0.000000e+00  0.000000e+00  0.000000e+00  0.000000e+00  0.000000e+00  0.000000e+00  0.000000e+00  0.000000e+00  0.000000e+00
4.739354e+05  0.000000e+00  0.000000e+00  0.000000e+00  0.000000e+00  0.000000e+00  0.000000e+00  0.000000e+00  0.000000e+00  0.000000e+00  0.000000e+00  0.000000e+00  0.000000e+00  0.000000e+00  0.000000e+00  0.000000e+00  0.000000e+00
5.317643e+05  0.000000e+00  0.000000e+00  0.000000e+00  0.000000e+00  0.000000e+00  0.000000e+00  0.000000e+00  0.000000e+00  0.000000e+00  0.000000e+00  0.000000e+00  0.000000e+00  0.000000e+00  0.000000e+00  0.000000e+00  0.000000e+00
5.966493e+05  0.000000e+00  0.000000e+00  0.000000e+00  0.000000e+00  0.000000e+00  0.000000e+00  0.000000e+00  0.000000e+00  0.000000e+00  0.000000e+00  0.000000e+00  0.000000e+00  0.000000e+00  0.000000e+00  0.000000e+00  0.000000e+00
6.694516e+05  0.000000e+00  0.000000e+00  0.000000e+00  0.000000e+00  0.000000e+00  0.000000e+00  0.000000e+00  0.000000e+00  0.000000e+00  0.000000e+00  0.000000e+00  0.000000e+00  0.000000e+00  0.000000e+00  0.000000e+00  0.000000e+00
7.511370e+05  0.000000e+00  0.000000e+00  0.000000e+00  0.000000e+00  0.000000e+00  0.000000e+00  0.000000e+00  0.000000e+00  0.000000e+00  0.000000e+00  0.000000e+00  0.000000e+00  0.000000e+00  0.000000e+00  0.000000e+00  0.000000e+00
8.427896e+05  0.000000e+00  0.000000e+00  0.000000e+00  0.000000e+00  0.000000e+00  0.000000e+00  0.000000e+00  0.000000e+00  0.000000e+00  0.000000e+00  0.000000e+00  0.000000e+00  0.000000e+00  0.000000e+00  0.000000e+00  0.000000e+00
9.456255e+05  0.000000e+00  0.000000e+00  0.000000e+00  0.000000e+00  0.000000e+00  0.000000e+00  0.000000e+00  0.000000e+00  0.000000e+00  0.000000e+00  0.000000e+00  0.000000e+00  0.000000e+00  0.000000e+00  0.000000e+00  0.000000e+00
