# dR/dEr [1/keV/kg/Myr]
# Er [keV], S, F, Ne, Cl, Na, Si, O, P, N, C, Al, Mg, Be, B, Ar, Li
1.061009e+01  1.896095e+04  1.647880e+04  0.000000e+00  0.000000e+00  8.199778e+03  0.000000e+00  1.116487e+03  0.000000e+00  0.000000e+00  0.000000e+00  0.000000e+00  0.000000e+00  3.377072e+02  0.000000e+00  0.000000e+00  0.000000e+00
1.190472e+01  6.288790e+03  2.739900e+03  0.000000e+00  0.000000e+00  2.019051e+03  0.000000e+00  0.000000e+00  0.000000e+00  0.000000e+00  0.000000e+00  0.000000e+00  0.000000e+00  0.000000e+00  0.000000e+00  0.000000e+00  0.000000e+00
1.335731e+01  9.380930e+03  2.066806e+03  0.000000e+00  0.000000e+00  0.000000e+00  0.000000e+00  0.000000e+00  0.000000e+00  0.000000e+00  0.000000e+00  0.000000e+00  0.000000e+00  0.000000e+00  0.000000e+00  0.000000e+00  0.000000e+00
1.498715e+01  2.317593e+03  4.005527e+03  0.000000e+00  0.000000e+00  1.150737e+03  0.000000e+00  3.710944e+02  0.000000e+00  0.000000e+00  0.000000e+00  0.000000e+00  0.000000e+00  0.000000e+00  0.000000e+00  0.000000e+00  0.000000e+00
1.681586e+01  5.733734e+03  3.941313e+03  8.209922e+02  0.000000e+00  1.644837e+03  3.307382e+02  0.000000e+00  0.000000e+00  0.000000e+00  0.000000e+00  0.000000e+00  0.000000e+00  0.000000e+00  0.000000e+00  0.000000e+00  0.000000e+00
1.886771e+01  3.906886e+03  3.859724e+03  0.000000e+00  0.000000e+00  7.317101e+02  0.000000e+00  0.000000e+00  0.000000e+00  0.000000e+00  0.000000e+00  0.000000e+00  0.000000e+00  0.000000e+00  0.000000e+00  0.000000e+00  0.000000e+00
2.116992e+01  4.095819e+03  4.454231e+03  0.000000e+00  0.000000e+00  7.989404e+02  0.000000e+00  3.457713e+02  0.000000e+00  0.000000e+00  0.000000e+00  9.322515e+02  0.000000e+00  0.000000e+00  0.000000e+00  0.000000e+00  0.000000e+00
2.375304e+01  7.566175e+03  1.450930e+03  1.546057e+03  0.000000e+00  2.948496e+03  0.000000e+00  5.812180e+02  0.000000e+00  0.000000e+00  0.000000e+00  0.000000e+00  0.000000e+00  0.000000e+00  0.000000e+00  0.000000e+00  0.000000e+00
2.665135e+01  7.074663e+03  4.918923e+03  2.746559e+02  1.290961e+02  4.327019e+02  0.000000e+00  0.000000e+00  1.575866e+03  0.000000e+00  0.000000e+00  0.000000e+00  0.000000e+00  0.000000e+00  0.000000e+00  0.000000e+00  0.000000e+00
2.990330e+01  7.783976e+03  3.547175e+03  3.268465e+02  0.000000e+00  1.496246e+03  0.000000e+00  4.307751e+02  0.000000e+00  0.000000e+00  0.000000e+00  3.608120e+02  0.000000e+00  1.062861e+03  0.000000e+00  0.000000e+00  0.000000e+00
3.355206e+01  1.011543e+04  3.288349e+03  3.726791e+02  0.000000e+00  7.222642e+02  0.000000e+00  1.720011e+03  0.000000e+00  0.000000e+00  0.000000e+00  9.771740e+02  0.000000e+00  1.593850e+03  0.000000e+00  0.000000e+00  0.000000e+00
3.764603e+01  1.243705e+04  3.611347e+03  1.490676e+01  1.944415e+02  2.467097e+03  0.000000e+00  1.072292e+02  0.000000e+00  0.000000e+00  0.000000e+00  0.000000e+00  0.000000e+00  2.664643e+01  0.000000e+00  0.000000e+00  0.000000e+00
4.223954e+01  1.062124e+04  5.168767e+03  5.450860e+02  0.000000e+00  2.642977e+03  0.000000e+00  2.870872e+02  0.000000e+00  0.000000e+00  0.000000e+00  5.100228e+02  0.000000e+00  3.626397e+03  0.000000e+00  0.000000e+00  0.000000e+00
4.739354e+01  1.398507e+04  5.683905e+03  1.544504e+02  4.182870e+02  6.641703e+02  0.000000e+00  5.544742e+02  0.000000e+00  0.000000e+00  0.000000e+00  0.000000e+00  0.000000e+00  1.561946e+03  0.000000e+00  0.000000e+00  0.000000e+00
5.317643e+01  1.282736e+04  2.892890e+03  3.798967e+02  0.000000e+00  2.325003e+03  0.000000e+00  7.344154e+02  0.000000e+00  0.000000e+00  0.000000e+00  3.711360e+02  0.000000e+00  0.000000e+00  0.000000e+00  0.000000e+00  0.000000e+00
5.966493e+01  1.605374e+04  6.292352e+03  4.246679e+02  2.158990e+02  1.845614e+03  0.000000e+00  1.401613e+03  0.000000e+00  0.000000e+00  0.000000e+00  4.598317e+02  0.000000e+00  2.551982e+02  0.000000e+00  0.000000e+00  0.000000e+00
6.694516e+01  1.819768e+04  5.179424e+03  7.176193e+02  0.000000e+00  2.357512e+03  0.000000e+00  2.576180e+02  0.000000e+00  2.615032e+02  0.000000e+00  6.752658e+02  0.000000e+00  8.735431e+03  0.000000e+00  0.000000e+00  0.000000e+00
7.511370e+01  1.920278e+04  7.556395e+03  1.036033e+03  2.405127e+02  1.676751e+03  0.000000e+00  5.581113e+02  0.000000e+00  0.000000e+00  0.000000e+00  3.065244e+02  0.000000e+00  2.487690e+06  0.000000e+00  0.000000e+00  0.000000e+00
8.427896e+01  2.415688e+04  7.508262e+03  4.074837e+02  7.475570e+02  2.129326e+03  0.000000e+00  1.378090e+03  0.000000e+00  0.000000e+00  0.000000e+00  0.000000e+00  0.000000e+00  3.013121e+06  0.000000e+00  0.000000e+00  0.000000e+00
9.456255e+01  2.334234e+04  5.946796e+03  8.795526e+02  2.803124e+02  2.464372e+03  0.000000e+00  2.888350e+02  0.000000e+00  1.869873e+02  0.000000e+00  1.857255e+00  0.000000e+00  2.309106e+06  0.000000e+00  0.000000e+00  0.000000e+00
1.061009e+02  2.677583e+04  8.123240e+03  6.135633e+02  9.377313e+01  2.686288e+03  0.000000e+00  4.792738e+02  0.000000e+00  0.000000e+00  2.585824e+02  5.289932e+02  0.000000e+00  1.721324e+06  0.000000e+00  0.000000e+00  0.000000e+00
1.190472e+02  2.880287e+04  1.030072e+04  9.954179e+02  1.759828e+02  3.231551e+03  0.000000e+00  4.291113e+02  0.000000e+00  4.671801e+01  3.797299e+02  1.506097e+06  0.000000e+00  1.280874e+06  0.000000e+00  1.684175e+02  0.000000e+00
1.335731e+02  3.256419e+04  1.049718e+04  1.010346e+03  4.201295e+00  2.914341e+03  0.000000e+00  4.308241e+02  0.000000e+00  0.000000e+00  0.000000e+00  1.275326e+06  0.000000e+00  9.504070e+05  0.000000e+00  0.000000e+00  0.000000e+00
1.498715e+02  7.798966e+04  1.248758e+04  5.054086e+02  1.679234e+02  1.501081e+03  0.000000e+00  1.294226e+03  0.000000e+00  1.011536e+02  2.921868e+02  9.545632e+05  0.000000e+00  7.123259e+05  0.000000e+00  0.000000e+00  0.000000e+00
1.681586e+02  1.111885e+05  1.300390e+04  8.568219e+02  1.644837e+02  1.644516e+03  1.044411e+00  1.164877e+03  0.000000e+00  2.448614e+02  0.000000e+00  7.241986e+05  0.000000e+00  5.247272e+05  0.000000e+00  0.000000e+00  0.000000e+00
1.886771e+02  6.610856e+04  1.436935e+04  6.611436e+02  1.579158e+02  3.145270e+03  6.827325e+01  1.294754e+03  5.084641e+01  5.084641e+01  0.000000e+00  5.269633e+05  0.000000e+00  3.767821e+05  0.000000e+00  0.000000e+00  0.000000e+00
2.116992e+02  2.942359e+04  1.856452e+04  7.702504e+02  5.324924e+02  1.656837e+03  4.531691e+01  7.347789e+02  0.000000e+00  0.000000e+00  8.296053e-01  4.232678e+05  0.000000e+00  2.606873e+05  0.000000e+00  2.650838e+00  0.000000e+00
2.375304e+02  2.171069e+04  8.740462e+04  1.100870e+03  3.957098e+02  2.122037e+03  1.773306e+01  1.115757e+03  8.768239e+01  0.000000e+00  2.341447e+01  3.157731e+05  0.000000e+00  1.932951e+05  0.000000e+00  8.734875e+01  0.000000e+00
2.665135e+02  1.794897e+04  7.336902e+04  1.042950e+03  4.724307e+02  3.129271e+03  4.691752e+01  7.792026e+02  0.000000e+00  3.599650e+01  1.477749e+02  2.288450e+05  0.000000e+00  1.292978e+05  0.000000e+00  0.000000e+00  0.000000e+00
2.990330e+02  1.163063e+04  1.178229e+04  5.864592e+02  2.118140e+02  2.295665e+03  3.420455e+01  1.460492e+03  1.049850e+00  3.354587e+00  5.913059e+01  1.737880e+05  0.000000e+00  9.569393e+04  0.000000e+00  0.000000e+00  0.000000e+00
3.355206e+02  1.056749e+04  1.097265e+04  7.202876e+02  3.281417e+02  2.367211e+03  2.859304e+01  1.012307e+03  2.510809e+01  2.181669e+01  1.449877e+02  1.302718e+05  4.538138e+01  7.008619e+04  0.000000e+00  0.000000e+00  8.518776e+00
3.764603e+02  7.037211e+03  8.182193e+03  1.054593e+03  4.964617e+02  2.547184e+03  1.123145e+02  7.142085e+02  0.000000e+00  3.321506e+01  0.000000e+00  8.322842e+04  0.000000e+00  4.978792e+04  0.000000e+00  0.000000e+00  0.000000e+00
4.223954e+02  4.561505e+03  7.340641e+03  5.613919e+02  3.680290e+02  2.275926e+03  1.807285e+01  8.860114e+02  1.171442e+02  2.345549e+01  1.083510e+02  6.397987e+04  0.000000e+00  2.574334e+04  0.000000e+00  1.328566e+00  0.000000e+00
4.739354e+02  4.054600e+03  6.261909e+03  8.402936e+02  4.627431e+02  2.050639e+03  7.333442e+01  1.158654e+03  1.224777e+02  8.861743e+01  0.000000e+00  4.198105e+04  0.000000e+00  1.817224e+04  8.861743e+01  0.000000e+00  0.000000e+00
5.317643e+02  3.396110e+03  4.342846e+03  1.005887e+03  2.617020e+02  1.850854e+03  5.170188e+01  7.061833e+02  1.148759e+02  1.187078e+02  6.162472e+01  3.512647e+04  0.000000e+00  1.355131e+04  3.302718e-01  3.901726e+01  0.000000e+00
5.966493e+02  3.047384e+03  4.033972e+03  1.043167e+03  6.254002e+02  1.793484e+03  1.244246e+02  8.902690e+02  1.044249e+02  3.792460e+01  5.326926e+01  2.375749e+04  0.000000e+00  9.368237e+03  0.000000e+00  1.681276e+00  0.000000e+00
6.694516e+02  2.458236e+03  3.469989e+03  1.195552e+03  7.630662e+02  1.812021e+03  9.668064e+01  9.381806e+02  5.063982e+01  3.930059e+01  3.445809e+01  1.644184e+04  0.000000e+00  6.056099e+03  0.000000e+00  0.000000e+00  0.000000e+00
7.511370e+02  1.957144e+03  2.684750e+03  7.852722e+02  5.983018e+02  1.163501e+03  3.244284e+01  7.023090e+02  6.800781e+01  7.645303e+01  2.587880e+01  1.156519e+04  0.000000e+00  3.911881e+03  0.000000e+00  0.000000e+00  0.000000e+00
8.427896e+02  1.322562e+03  2.408507e+03  7.501465e+02  5.191033e+02  1.399430e+03  3.166543e+01  7.842881e+02  2.352200e+01  2.201187e+01  1.092580e+02  5.996243e+03  0.000000e+00  2.063038e+03  0.000000e+00  4.896628e+01  0.000000e+00
9.456255e+02  1.328257e+03  1.781307e+03  9.909999e+02  4.598645e+02  1.143642e+03  8.700879e+01  8.362170e+02  6.894772e+01  0.000000e+00  6.639257e+01  5.230525e+03  3.638422e+00  1.449166e+03  0.000000e+00  0.000000e+00  0.000000e+00
1.061009e+03  1.183267e+03  1.252929e+03  9.627794e+02  6.259345e+02  9.908456e+02  7.030045e+01  7.159509e+02  6.325976e+01  1.405086e+02  4.010914e+01  3.554302e+03  0.000000e+00  6.444693e+02  1.974248e+01  1.435085e+01  0.000000e+00
1.190472e+03  8.231967e+02  1.075109e+03  8.474114e+02  6.404716e+02  5.956406e+02  9.559302e+01  4.980041e+02  1.010389e+02  3.842877e+01  1.263115e+02  2.173225e+03  0.000000e+00  5.562176e+02  0.000000e+00  0.000000e+00  0.000000e+00
1.335731e+03  8.165229e+02  1.079109e+03  7.324558e+02  4.494833e+02  5.242322e+02  6.159103e+01  5.505289e+02  4.447052e+01  7.987709e+01  3.249484e+01  1.001514e+03  0.000000e+00  2.677166e+02  3.089563e+01  0.000000e+00  0.000000e+00
1.498715e+03  5.051813e+02  7.802225e+02  5.554402e+02  5.639357e+02  4.243055e+02  1.706545e+02  5.563217e+02  1.260991e+02  1.294516e+02  5.748648e+01  5.275980e+02  2.693475e+00  3.127852e+02  0.000000e+00  0.000000e+00  7.494033e+00
1.681586e+03  2.739180e+02  8.052254e+02  4.835139e+02  4.543926e+02  5.391322e+02  6.657429e+01  3.614175e+02  1.064736e+02  9.748875e+01  8.792708e+01  6.376250e+02  0.000000e+00  1.415120e+02  2.767953e+01  0.000000e+00  1.699719e+00
1.886771e+03  3.678187e+02  5.467268e+02  5.236753e+02  5.113895e+02  4.514878e+02  9.184716e+01  3.264501e+02  1.053952e+02  5.903824e+01  8.789173e+01  3.223887e+02  2.072484e+01  6.627276e+00  3.945645e+01  9.495335e-01  0.000000e+00
2.116992e+03  2.305557e+02  5.630125e+02  3.049251e+02  3.318622e+02  1.934468e+02  7.476674e+01  2.751749e+02  8.606476e+01  2.969621e+01  5.700151e+01  1.953474e+02  1.131220e+01  6.331260e+01  2.650838e-01  0.000000e+00  2.650838e-01
2.375304e+03  1.394815e+02  2.991192e+02  3.382885e+02  5.264721e+02  2.298256e+02  1.481140e+02  2.525651e+02  6.420332e+01  3.408009e+01  2.193323e+01  1.915229e+02  1.321683e-01  0.000000e+00  8.308700e+00  0.000000e+00  1.162439e+01
2.665135e+03  1.265866e+02  2.687430e+02  2.505208e+02  5.028003e+02  1.145891e+02  6.292889e+01  1.642448e+02  1.284862e+02  3.363401e+01  7.434022e+01  1.263084e+02  3.349502e+01  1.757857e+01  1.192550e+01  0.000000e+00  1.847656e+01
2.990330e+03  5.243811e+01  1.862724e+02  1.810076e+02  3.723170e+02  9.163793e+01  1.056191e+02  1.218753e+02  7.033495e+01  6.318848e+01  6.563327e+01  1.003832e+02  1.454435e+01  0.000000e+00  1.096407e+01  0.000000e+00  2.862323e+01
3.355206e+03  4.219538e+01  2.261052e+02  2.252353e+02  4.056974e+02  5.073921e+01  9.846534e+01  5.704255e+01  5.515002e+01  3.110033e+01  4.420710e+01  3.295632e+01  1.521932e+01  9.596790e+00  3.215740e+00  0.000000e+00  2.196011e-01
3.764603e+03  1.529761e+01  9.210140e+01  1.637433e+02  2.450939e+02  3.976176e+01  1.058410e+02  4.063042e+01  3.954650e+01  3.440453e+01  5.774971e+01  4.735350e+01  9.161531e+00  4.665213e-02  1.114478e+01  0.000000e+00  2.591854e+01
4.223954e+03  5.784406e+00  5.391127e+01  8.009839e+01  1.864526e+02  2.705237e+01  4.087651e+01  3.966943e+01  5.543595e+01  4.010539e+01  4.659176e+01  3.449129e+01  1.077323e+01  0.000000e+00  1.338386e+01  0.000000e+00  1.478520e+01
4.739354e+03  4.858084e+00  5.724558e+01  8.376960e+01  1.910116e+02  2.281111e+01  5.158205e+01  1.506462e+01  4.499661e+01  2.017405e+01  2.989577e+01  2.835448e+01  1.087878e+01  3.780161e-01  1.298559e+00  0.000000e+00  7.954460e+00
5.317643e+03  9.606016e+00  5.720537e+01  7.276899e+01  1.139289e+02  6.771232e+00  4.702262e+01  8.937415e+00  7.455407e+01  3.430790e+01  3.754664e+01  2.071499e+01  1.156792e+01  0.000000e+00  1.599821e+01  0.000000e+00  1.310376e+01
5.966493e+03  8.366274e+00  3.047526e+01  4.538300e+01  8.698471e+01  9.649486e+00  4.746320e+01  1.107824e+01  4.858347e+01  1.982288e+01  2.899881e+01  1.714288e+00  4.250095e+00  0.000000e+00  4.898586e+00  0.000000e+00  7.206950e+00
6.694516e+03  4.689509e-02  2.328156e+01  3.255063e+01  7.264071e+01  5.456165e+00  8.095278e+01  6.344626e+00  2.826863e+01  2.352151e+01  2.826882e+01  2.233249e+01  1.457399e+01  0.000000e+00  3.913106e+00  0.000000e+00  4.269502e-01
7.511370e+03  2.564531e+00  2.145619e+01  2.309896e+01  3.039239e+01  6.855815e+00  4.663925e+01  1.062820e+01  2.629287e+01  6.063126e+00  1.581436e+01  2.486348e+00  7.876756e+00  0.000000e+00  6.943489e-01  0.000000e+00  1.968629e+01
8.427896e+03  3.255359e+00  1.993352e+01  1.242552e+01  2.341797e+01  4.468983e+00  6.337574e+01  7.779153e+00  5.313421e+01  9.067364e+00  9.443898e+00  1.072765e+01  1.302203e+01  0.000000e+00  5.272629e-01  0.000000e+00  6.802527e+00
9.456255e+03  0.000000e+00  4.988792e+00  1.214189e+01  3.710881e+01  3.978177e+00  3.864961e+01  5.934487e-02  2.080169e+01  1.176026e+01  7.553180e+00  1.640614e+01  1.736228e+01  0.000000e+00  7.111193e+00  0.000000e+00  1.140988e+00
1.061009e+04  0.000000e+00  9.270719e+00  3.804009e+00  2.282920e+01  1.912977e+00  3.128414e+01  7.417558e+00  1.043378e+01  1.111451e+00  1.018842e+01  1.222110e+01  8.553004e+00  0.000000e+00  2.958880e-02  0.000000e+00  6.481012e+00
1.190472e+04  0.000000e+00  2.240013e-01  2.400917e-01  1.354546e+01  0.000000e+00  1.187047e+01  1.475270e-02  2.536471e+00  5.274209e-02  1.099024e+01  1.003691e+01  3.099542e+00  0.000000e+00  2.941081e+00  0.000000e+00  5.098329e+00
1.335731e+04  0.000000e+00  4.855281e+00  5.790522e+00  1.530094e+01  0.000000e+00  7.434891e+00  7.509984e-02  4.295042e+00  7.788928e-01  8.579203e+00  5.792895e+00  2.140420e+00  0.000000e+00  0.000000e+00  0.000000e+00  4.186701e+00
1.498715e+04  0.000000e+00  3.050480e+00  2.693475e-01  2.421670e+00  0.000000e+00  5.945704e+00  0.000000e+00  5.536070e+00  1.015962e+00  1.950162e+00  7.488816e-02  2.663791e+00  0.000000e+00  5.839135e-02  0.000000e+00  5.806573e+00
1.681586e+04  0.000000e+00  6.847160e-01  1.866927e-02  1.373200e+00  0.000000e+00  9.675545e+00  1.044411e-02  1.680337e+00  0.000000e+00  2.400562e-01  2.046035e-01  2.296258e-01  0.000000e+00  4.797706e+00  0.000000e+00  4.534483e+00
1.886771e+04  0.000000e+00  1.250658e+00  0.000000e+00  2.288444e+00  0.000000e+00  6.103530e+00  0.000000e+00  4.612205e+00  0.000000e+00  0.000000e+00  3.003185e+00  2.456559e+00  0.000000e+00  3.724269e+00  0.000000e+00  5.211806e+00
2.116992e+04  0.000000e+00  8.296053e-03  0.000000e+00  2.703730e+00  0.000000e+00  5.568085e-02  0.000000e+00  1.295982e+00  0.000000e+00  0.000000e+00  0.000000e+00  1.983897e+00  0.000000e+00  4.809788e+00  0.000000e+00  1.295982e+00
2.375304e+04  0.000000e+00  0.000000e+00  0.000000e+00  7.393865e-03  0.000000e+00  1.627887e+00  1.203309e-01  4.306098e-01  0.000000e+00  6.410290e-01  1.338063e+00  2.643366e-02  0.000000e+00  0.000000e+00  0.000000e+00  3.208833e+00
2.665135e+04  0.000000e+00  1.072450e-01  0.000000e+00  1.720601e+00  0.000000e+00  0.000000e+00  0.000000e+00  0.000000e+00  0.000000e+00  6.722183e-02  0.000000e+00  0.000000e+00  0.000000e+00  0.000000e+00  0.000000e+00  1.072450e-01
2.990330e+04  0.000000e+00  0.000000e+00  0.000000e+00  5.854327e-01  0.000000e+00  0.000000e+00  0.000000e+00  0.000000e+00  0.000000e+00  0.000000e+00  0.000000e+00  9.274782e-01  0.000000e+00  1.404907e+00  0.000000e+00  7.863261e-01
3.355206e+04  0.000000e+00  0.000000e+00  0.000000e+00  0.000000e+00  0.000000e+00  0.000000e+00  0.000000e+00  0.000000e+00  0.000000e+00  0.000000e+00  0.000000e+00  1.672566e-02  0.000000e+00  6.183818e-01  0.000000e+00  1.067924e-01
3.764603e+04  0.000000e+00  0.000000e+00  0.000000e+00  1.072292e-01  0.000000e+00  0.000000e+00  0.000000e+00  0.000000e+00  0.000000e+00  0.000000e+00  0.000000e+00  4.650258e-01  0.000000e+00  1.072292e-01  0.000000e+00  4.665213e-03
4.223954e+04  0.000000e+00  0.000000e+00  0.000000e+00  8.145412e-02  0.000000e+00  0.000000e+00  0.000000e+00  1.537457e+00  0.000000e+00  0.000000e+00  0.000000e+00  5.174551e-01  0.000000e+00  0.000000e+00  0.000000e+00  0.000000e+00
4.739354e+04  0.000000e+00  0.000000e+00  0.000000e+00  0.000000e+00  0.000000e+00  0.000000e+00  0.000000e+00  3.705711e-03  0.000000e+00  0.000000e+00  0.000000e+00  7.630178e-02  0.000000e+00  3.693831e-01  0.000000e+00  0.000000e+00
5.317643e+04  0.000000e+00  0.000000e+00  0.000000e+00  0.000000e+00  0.000000e+00  0.000000e+00  0.000000e+00  0.000000e+00  0.000000e+00  0.000000e+00  0.000000e+00  0.000000e+00  0.000000e+00  0.000000e+00  0.000000e+00  0.000000e+00
5.966493e+04  0.000000e+00  0.000000e+00  0.000000e+00  0.000000e+00  0.000000e+00  0.000000e+00  0.000000e+00  0.000000e+00  0.000000e+00  0.000000e+00  0.000000e+00  0.000000e+00  0.000000e+00  0.000000e+00  0.000000e+00  0.000000e+00
6.694516e+04  0.000000e+00  0.000000e+00  0.000000e+00  0.000000e+00  0.000000e+00  0.000000e+00  0.000000e+00  0.000000e+00  0.000000e+00  0.000000e+00  0.000000e+00  0.000000e+00  0.000000e+00  0.000000e+00  0.000000e+00  1.554096e-01
7.511370e+04  0.000000e+00  0.000000e+00  0.000000e+00  0.000000e+00  0.000000e+00  0.000000e+00  0.000000e+00  0.000000e+00  0.000000e+00  0.000000e+00  0.000000e+00  0.000000e+00  0.000000e+00  0.000000e+00  0.000000e+00  6.063126e-01
8.427896e+04  0.000000e+00  0.000000e+00  0.000000e+00  0.000000e+00  0.000000e+00  0.000000e+00  0.000000e+00  0.000000e+00  0.000000e+00  0.000000e+00  0.000000e+00  0.000000e+00  0.000000e+00  0.000000e+00  0.000000e+00  0.000000e+00
9.456255e+04  0.000000e+00  0.000000e+00  0.000000e+00  0.000000e+00  0.000000e+00  0.000000e+00  0.000000e+00  0.000000e+00  0.000000e+00  0.000000e+00  0.000000e+00  0.000000e+00  0.000000e+00  0.000000e+00  0.000000e+00  0.000000e+00
1.061009e+05  0.000000e+00  0.000000e+00  0.000000e+00  0.000000e+00  0.000000e+00  0.000000e+00  0.000000e+00  0.000000e+00  0.000000e+00  0.000000e+00  0.000000e+00  0.000000e+00  0.000000e+00  0.000000e+00  0.000000e+00  0.000000e+00
1.190472e+05  0.000000e+00  0.000000e+00  0.000000e+00  0.000000e+00  0.000000e+00  0.000000e+00  0.000000e+00  0.000000e+00  0.000000e+00  0.000000e+00  0.000000e+00  0.000000e+00  0.000000e+00  0.000000e+00  0.000000e+00  0.000000e+00
1.335731e+05  0.000000e+00  0.000000e+00  0.000000e+00  0.000000e+00  0.000000e+00  0.000000e+00  0.000000e+00  0.000000e+00  0.000000e+00  0.000000e+00  0.000000e+00  0.000000e+00  0.000000e+00  0.000000e+00  0.000000e+00  0.000000e+00
1.498715e+05  0.000000e+00  0.000000e+00  0.000000e+00  0.000000e+00  0.000000e+00  0.000000e+00  0.000000e+00  0.000000e+00  0.000000e+00  0.000000e+00  0.000000e+00  0.000000e+00  0.000000e+00  0.000000e+00  0.000000e+00  0.000000e+00
1.681586e+05  0.000000e+00  0.000000e+00  0.000000e+00  0.000000e+00  0.000000e+00  0.000000e+00  0.000000e+00  0.000000e+00  0.000000e+00  0.000000e+00  0.000000e+00  0.000000e+00  0.000000e+00  0.000000e+00  0.000000e+00  0.000000e+00
1.886771e+05  0.000000e+00  0.000000e+00  0.000000e+00  0.000000e+00  0.000000e+00  0.000000e+00  0.000000e+00  0.000000e+00  0.000000e+00  0.000000e+00  0.000000e+00  0.000000e+00  0.000000e+00  0.000000e+00  0.000000e+00  0.000000e+00
2.116992e+05  0.000000e+00  0.000000e+00  0.000000e+00  0.000000e+00  0.000000e+00  0.000000e+00  0.000000e+00  0.000000e+00  0.000000e+00  0.000000e+00  0.000000e+00  0.000000e+00  0.000000e+00  0.000000e+00  0.000000e+00  0.000000e+00
2.375304e+05  0.000000e+00  0.000000e+00  0.000000e+00  0.000000e+00  0.000000e+00  0.000000e+00  0.000000e+00  0.000000e+00  0.000000e+00  0.000000e+00  0.000000e+00  0.000000e+00  0.000000e+00  0.000000e+00  0.000000e+00  0.000000e+00
2.665135e+05  0.000000e+00  0.000000e+00  0.000000e+00  0.000000e+00  0.000000e+00  0.000000e+00  0.000000e+00  0.000000e+00  0.000000e+00  0.000000e+00  0.000000e+00  0.000000e+00  0.000000e+00  0.000000e+00  0.000000e+00  0.000000e+00
2.990330e+05  0.000000e+00  0.000000e+00  0.000000e+00  0.000000e+00  0.000000e+00  0.000000e+00  0.000000e+00  0.000000e+00  0.000000e+00  0.000000e+00  0.000000e+00  0.000000e+00  0.000000e+00  0.000000e+00  0.000000e+00  0.000000e+00
3.355206e+05  0.000000e+00  0.000000e+00  0.000000e+00  0.000000e+00  0.000000e+00  0.000000e+00  0.000000e+00  0.000000e+00  0.000000e+00  0.000000e+00  0.000000e+00  0.000000e+00  0.000000e+00  0.000000e+00  0.000000e+00  0.000000e+00
3.764603e+05  0.000000e+00  0.000000e+00  0.000000e+00  0.000000e+00  0.000000e+00  0.000000e+00  0.000000e+00  0.000000e+00  0.000000e+00  0.000000e+00  0.000000e+00  0.000000e+00  0.000000e+00  0.000000e+00  0.000000e+00  0.000000e+00
4.223954e+05  0.000000e+00  0.000000e+00  0.000000e+00  0.000000e+00  0.000000e+00  0.000000e+00  0.000000e+00  0.000000e+00  0.000000e+00  0.000000e+00  0.000000e+00  0.000000e+00  0.000000e+00  0.000000e+00  0.000000e+00  0.000000e+00
4.739354e+05  0.000000e+00  0.000000e+00  0.000000e+00  0.000000e+00  0.000000e+00  0.000000e+00  0.000000e+00  0.000000e+00  0.000000e+00  0.000000e+00  0.000000e+00  0.000000e+00  0.000000e+00  0.000000e+00  0.000000e+00  0.000000e+00
5.317643e+05  0.000000e+00  0.000000e+00  0.000000e+00  0.000000e+00  0.000000e+00  0.000000e+00  0.000000e+00  0.000000e+00  0.000000e+00  0.000000e+00  0.000000e+00  0.000000e+00  0.000000e+00  0.000000e+00  0.000000e+00  0.000000e+00
5.966493e+05  0.000000e+00  0.000000e+00  0.000000e+00  0.000000e+00  0.000000e+00  0.000000e+00  0.000000e+00  0.000000e+00  0.000000e+00  0.000000e+00  0.000000e+00  0.000000e+00  0.000000e+00  0.000000e+00  0.000000e+00  0.000000e+00
6.694516e+05  0.000000e+00  0.000000e+00  0.000000e+00  0.000000e+00  0.000000e+00  0.000000e+00  0.000000e+00  0.000000e+00  0.000000e+00  0.000000e+00  0.000000e+00  0.000000e+00  0.000000e+00  0.000000e+00  0.000000e+00  0.000000e+00
7.511370e+05  0.000000e+00  0.000000e+00  0.000000e+00  0.000000e+00  0.000000e+00  0.000000e+00  0.000000e+00  0.000000e+00  0.000000e+00  0.000000e+00  0.000000e+00  0.000000e+00  0.000000e+00  0.000000e+00  0.000000e+00  0.000000e+00
8.427896e+05  0.000000e+00  0.000000e+00  0.000000e+00  0.000000e+00  0.000000e+00  0.000000e+00  0.000000e+00  0.000000e+00  0.000000e+00  0.000000e+00  0.000000e+00  0.000000e+00  0.000000e+00  0.000000e+00  0.000000e+00  0.000000e+00
9.456255e+05  0.000000e+00  0.000000e+00  0.000000e+00  0.000000e+00  0.000000e+00  0.000000e+00  0.000000e+00  0.000000e+00  0.000000e+00  0.000000e+00  0.000000e+00  0.000000e+00  0.000000e+00  0.000000e+00  0.000000e+00  0.000000e+00
