# dR/dEr [1/keV/kg/Myr]
# Er [keV], S, F, Ne, Cl, Na, Si, O, P, N, C, Al, Mg, Be, B, Ar, Li
1.061009e+01  1.415428e+02  1.079417e+02  0.000000e+00  0.000000e+00  4.095404e+01  0.000000e+00  9.373832e+00  0.000000e+00  0.000000e+00  0.000000e+00  0.000000e+00  0.000000e+00  4.441639e-01  0.000000e+00  0.000000e+00  0.000000e+00
1.190472e+01  5.250936e+01  1.162666e+01  0.000000e+00  0.000000e+00  1.673640e+01  0.000000e+00  0.000000e+00  0.000000e+00  0.000000e+00  0.000000e+00  0.000000e+00  0.000000e+00  0.000000e+00  0.000000e+00  0.000000e+00  0.000000e+00
1.335731e+01  7.662727e+01  1.575162e+01  0.000000e+00  0.000000e+00  0.000000e+00  0.000000e+00  0.000000e+00  0.000000e+00  0.000000e+00  0.000000e+00  0.000000e+00  0.000000e+00  0.000000e+00  0.000000e+00  0.000000e+00  0.000000e+00
1.498715e+01  1.936781e+01  2.203318e+01  0.000000e+00  0.000000e+00  8.127977e+00  0.000000e+00  3.199992e+00  0.000000e+00  0.000000e+00  0.000000e+00  0.000000e+00  0.000000e+00  0.000000e+00  0.000000e+00  0.000000e+00  0.000000e+00
1.681586e+01  4.787524e+01  2.299743e+01  6.911384e+00  0.000000e+00  1.354556e+01  2.851996e+00  0.000000e+00  0.000000e+00  0.000000e+00  0.000000e+00  0.000000e+00  0.000000e+00  0.000000e+00  0.000000e+00  0.000000e+00  0.000000e+00
1.886771e+01  3.276232e+01  2.569273e+01  0.000000e+00  0.000000e+00  6.159778e+00  0.000000e+00  0.000000e+00  0.000000e+00  0.000000e+00  0.000000e+00  0.000000e+00  0.000000e+00  0.000000e+00  0.000000e+00  0.000000e+00  0.000000e+00
2.116992e+01  3.330753e+01  2.845459e+01  0.000000e+00  0.000000e+00  6.680026e+00  0.000000e+00  2.929172e+00  0.000000e+00  0.000000e+00  0.000000e+00  2.108760e+00  0.000000e+00  0.000000e+00  0.000000e+00  0.000000e+00  0.000000e+00
2.375304e+01  6.153039e+01  1.205939e+01  7.768975e+00  0.000000e+00  1.623209e+01  0.000000e+00  4.892886e+00  0.000000e+00  0.000000e+00  0.000000e+00  0.000000e+00  0.000000e+00  0.000000e+00  0.000000e+00  0.000000e+00  0.000000e+00
2.665135e+01  5.391986e+01  2.661213e+01  2.326724e+00  2.099083e-01  3.708103e+00  0.000000e+00  0.000000e+00  5.561758e+00  0.000000e+00  0.000000e+00  0.000000e+00  0.000000e+00  0.000000e+00  0.000000e+00  0.000000e+00  0.000000e+00
2.990330e+01  6.105492e+01  2.785977e+01  2.834951e+00  0.000000e+00  4.323805e+00  0.000000e+00  3.677490e+00  0.000000e+00  0.000000e+00  0.000000e+00  6.084567e-01  0.000000e+00  3.148715e+00  0.000000e+00  0.000000e+00  0.000000e+00
3.355206e+01  7.800176e+01  2.124752e+01  2.992846e+00  0.000000e+00  6.062994e+00  0.000000e+00  8.384164e+00  0.000000e+00  0.000000e+00  0.000000e+00  2.851630e+00  0.000000e+00  3.209674e+00  0.000000e+00  0.000000e+00  0.000000e+00
3.764603e+01  8.791854e+01  1.644247e+01  2.602945e-02  1.647194e+00  1.107780e+01  0.000000e+00  2.251358e-01  0.000000e+00  0.000000e+00  0.000000e+00  0.000000e+00  0.000000e+00  4.040450e-02  0.000000e+00  0.000000e+00  0.000000e+00
4.223954e+01  7.895732e+01  3.967852e+01  1.396956e+00  0.000000e+00  1.898260e+01  0.000000e+00  2.306811e+00  0.000000e+00  0.000000e+00  0.000000e+00  9.931241e-01  0.000000e+00  1.486271e+01  0.000000e+00  0.000000e+00  0.000000e+00
4.739354e+01  1.095299e+02  4.332773e+01  1.308413e+00  3.427186e+00  5.125751e+00  0.000000e+00  4.711225e+00  0.000000e+00  0.000000e+00  0.000000e+00  0.000000e+00  0.000000e+00  5.214554e+00  0.000000e+00  0.000000e+00  0.000000e+00
5.317643e+01  9.691651e+01  2.410159e+01  3.234129e+00  0.000000e+00  1.334164e+01  0.000000e+00  6.258707e+00  0.000000e+00  0.000000e+00  0.000000e+00  8.395123e-01  0.000000e+00  0.000000e+00  0.000000e+00  0.000000e+00  0.000000e+00
5.966493e+01  1.281778e+02  4.596949e+01  3.604242e+00  1.843111e+00  9.565784e+00  0.000000e+00  7.163805e+00  0.000000e+00  0.000000e+00  0.000000e+00  1.271451e+00  0.000000e+00  4.079814e-01  0.000000e+00  0.000000e+00  0.000000e+00
6.694516e+01  1.403494e+02  3.855887e+01  6.051652e+00  0.000000e+00  1.781928e+01  0.000000e+00  1.819627e+00  0.000000e+00  5.000158e-01  0.000000e+00  2.702059e+00  0.000000e+00  3.653013e+01  0.000000e+00  0.000000e+00  0.000000e+00
7.511370e+01  1.472552e+02  5.392550e+01  5.925680e+00  1.975338e+00  1.112257e+01  0.000000e+00  4.556398e+00  0.000000e+00  0.000000e+00  0.000000e+00  7.855663e-01  0.000000e+00  1.066852e+04  0.000000e+00  0.000000e+00  0.000000e+00
8.427896e+01  1.872328e+02  5.903194e+01  3.395564e+00  4.851997e+00  1.526362e+01  0.000000e+00  8.705363e+00  0.000000e+00  0.000000e+00  0.000000e+00  0.000000e+00  0.000000e+00  1.297877e+04  0.000000e+00  0.000000e+00  0.000000e+00
9.456255e+01  1.849354e+02  4.584159e+01  5.153679e+00  2.335183e+00  1.416690e+01  0.000000e+00  2.307025e+00  0.000000e+00  3.582847e-01  0.000000e+00  4.300664e-03  0.000000e+00  9.875808e+03  0.000000e+00  0.000000e+00  0.000000e+00
1.061009e+02  2.164031e+02  6.071187e+01  3.801365e+00  8.028307e-01  1.910829e+01  0.000000e+00  3.896482e+00  0.000000e+00  0.000000e+00  7.149897e-01  2.422042e+00  0.000000e+00  7.483416e+03  0.000000e+00  0.000000e+00  0.000000e+00
1.190472e+02  2.329833e+02  7.722040e+01  8.029589e+00  1.259090e+00  1.869916e+01  0.000000e+00  2.747681e+00  0.000000e+00  4.028552e-01  1.519480e+00  6.594161e+03  0.000000e+00  5.511519e+03  0.000000e+00  3.802991e-01  0.000000e+00
1.335731e+02  2.619901e+02  8.250058e+01  6.117021e+00  7.336096e-03  2.111699e+01  0.000000e+00  3.202187e+00  0.000000e+00  0.000000e+00  0.000000e+00  5.532603e+03  0.000000e+00  4.063301e+03  0.000000e+00  0.000000e+00  0.000000e+00
1.498715e+02  6.389146e+02  9.622864e+01  4.207240e+00  1.331728e+00  1.216856e+01  0.000000e+00  6.301430e+00  0.000000e+00  6.965501e-01  1.004758e+00  4.135274e+03  0.000000e+00  3.038621e+03  0.000000e+00  0.000000e+00  0.000000e+00
1.681586e+02  9.171766e+02  9.779292e+01  5.885431e+00  1.354556e+00  1.087188e+01  2.418441e-03  7.253896e+00  0.000000e+00  7.931819e-01  0.000000e+00  3.085394e+03  0.000000e+00  2.238589e+03  0.000000e+00  0.000000e+00  0.000000e+00
1.886771e+02  5.358033e+02  1.141642e+02  4.372542e+00  1.332354e+00  2.314848e+01  5.828429e-01  7.140722e+00  4.208528e-01  4.208528e-01  0.000000e+00  2.281488e+03  0.000000e+00  1.632023e+03  0.000000e+00  0.000000e+00  0.000000e+00
2.116992e+02  2.341979e+02  1.430114e+02  5.492240e+00  3.517892e+00  1.009609e+01  3.750854e-01  5.384825e+00  0.000000e+00  0.000000e+00  1.921036e-03  1.811927e+03  0.000000e+00  1.105903e+03  0.000000e+00  4.628763e-03  0.000000e+00
2.375304e+02  1.703815e+02  7.221548e+02  8.275901e+00  2.857925e+00  1.444326e+01  1.549933e-01  6.357794e+00  6.902172e-01  0.000000e+00  2.019059e-01  1.351837e+03  0.000000e+00  8.109882e+02  0.000000e+00  6.418135e-01  0.000000e+00
2.665135e+02  1.403751e+02  6.032069e+02  8.331526e+00  2.443103e+00  2.091915e+01  3.767770e-01  4.817531e+00  0.000000e+00  2.979410e-01  4.916227e-01  9.869982e+02  0.000000e+00  5.592922e+02  0.000000e+00  0.000000e+00  0.000000e+00
2.990330e+02  8.659794e+01  9.227076e+01  4.633834e+00  1.672538e+00  1.588569e+01  5.756876e-02  9.244838e+00  2.111058e-03  5.086625e-03  1.132996e-01  7.453660e+02  0.000000e+00  4.177162e+02  0.000000e+00  0.000000e+00  0.000000e+00
3.355206e+02  7.674406e+01  8.319359e+01  5.449534e+00  2.299869e+00  1.674119e+01  2.366629e-01  6.682824e+00  2.194537e-01  1.848183e-01  5.558053e-01  5.583171e+02  7.255049e-02  2.951902e+02  0.000000e+00  0.000000e+00  1.081895e-02
3.764603e+02  5.104807e+01  6.196989e+01  7.084858e+00  2.450060e+00  1.869937e+01  2.340551e-01  4.648765e+00  0.000000e+00  2.667377e-01  0.000000e+00  3.616916e+02  0.000000e+00  2.140189e+02  0.000000e+00  0.000000e+00  0.000000e+00
4.223954e+02  3.300972e+01  5.258853e+01  4.380283e+00  2.254275e+00  1.604301e+01  1.483009e-01  6.388853e+00  5.641672e-01  1.894826e-01  4.305674e-01  2.794953e+02  0.000000e+00  1.136032e+02  0.000000e+00  2.319877e-03  0.000000e+00
4.739354e+02  2.697427e+01  4.327814e+01  6.198206e+00  3.593839e+00  1.390851e+01  2.909075e-01  6.524550e+00  5.718558e-01  3.127607e-01  0.000000e+00  1.764694e+02  0.000000e+00  7.715700e+01  3.127607e-01  0.000000e+00  0.000000e+00
5.317643e+02  2.132877e+01  2.844454e+01  6.715519e+00  1.815142e+00  1.414152e+01  4.203502e-01  5.215189e+00  6.191167e-01  6.139178e-01  2.437958e-01  1.464599e+02  0.000000e+00  5.967894e+01  7.647782e-04  2.866876e-01  0.000000e+00
5.966493e+02  1.905845e+01  2.536496e+01  6.915827e+00  3.413743e+00  1.369186e+01  5.387635e-01  5.496289e+00  5.826029e-01  2.755469e-01  1.578096e-01  1.029503e+02  0.000000e+00  4.066064e+01  0.000000e+00  2.549352e-03  0.000000e+00
6.694516e+02  1.483552e+01  2.143736e+01  8.292634e+00  4.732749e+00  1.332131e+01  5.126147e-01  6.592358e+00  3.939490e-01  3.236038e-01  1.216405e-01  7.185924e+01  0.000000e+00  2.423466e+01  0.000000e+00  0.000000e+00  0.000000e+00
7.511370e+02  1.202387e+01  1.672854e+01  5.599597e+00  3.814892e+00  8.816952e+00  1.306102e-01  4.885625e+00  4.734097e-01  4.066454e-01  8.142029e-02  4.801534e+01  0.000000e+00  1.604084e+01  0.000000e+00  0.000000e+00  0.000000e+00
8.427896e+02  7.552945e+00  1.415769e+01  4.955468e+00  4.001158e+00  1.001966e+01  2.683825e-01  5.600457e+00  1.927248e-01  9.580844e-02  3.224424e-01  2.504683e+01  0.000000e+00  8.093053e+00  0.000000e+00  2.205643e-01  0.000000e+00
9.456255e+02  7.540914e+00  1.127435e+01  6.637101e+00  2.877105e+00  8.223243e+00  4.321398e-01  5.851281e+00  5.609316e-01  0.000000e+00  3.091071e-01  2.126574e+01  5.916020e-03  6.158483e+00  0.000000e+00  0.000000e+00  0.000000e+00
1.061009e+03  6.844671e+00  8.003518e+00  6.298458e+00  4.236270e+00  6.734874e+00  4.916826e-01  5.294641e+00  4.293538e-01  7.318884e-01  1.275063e-01  1.480634e+01  0.000000e+00  2.469937e+00  3.682152e-02  2.294248e-02  0.000000e+00
1.190472e+03  4.602699e+00  6.863004e+00  5.717641e+00  4.289549e+00  4.765024e+00  5.292207e-01  3.341071e+00  5.465572e-01  2.333485e-01  3.425500e-01  8.890454e+00  0.000000e+00  2.558805e+00  0.000000e+00  0.000000e+00  0.000000e+00
1.335731e+03  4.614965e+00  6.240352e+00  4.718197e+00  3.200117e+00  4.004155e+00  2.559734e-01  4.182156e+00  2.546062e-01  4.411540e-01  9.953691e-02  4.380900e+00  0.000000e+00  9.572605e-01  1.391667e-01  0.000000e+00  0.000000e+00
1.498715e+03  2.892253e+00  4.590256e+00  3.739124e+00  3.605558e+00  2.863313e+00  7.672975e-01  3.812219e+00  7.733792e-01  6.888177e-01  1.856715e-01  2.481763e+00  5.655156e-03  1.381659e+00  0.000000e+00  0.000000e+00  1.250139e-02
1.681586e+03  1.306455e+00  4.548501e+00  3.024896e+00  3.082228e+00  3.504649e+00  3.626472e-01  2.770585e+00  5.188355e-01  4.894761e-01  3.681847e-01  2.678189e+00  0.000000e+00  7.059774e-01  1.023603e-01  0.000000e+00  2.158664e-03
1.886771e+03  1.801424e+00  2.833435e+00  3.138210e+00  3.821260e+00  2.823113e+00  4.403947e-01  2.447674e+00  5.278594e-01  3.638610e-01  3.449097e-01  1.349744e+00  8.276961e-02  5.322117e-02  1.030121e-01  1.248859e-03  0.000000e+00
2.116992e+03  1.294660e+00  2.959197e+00  2.005976e+00  2.331373e+00  1.156693e+00  3.967241e-01  1.908672e+00  4.578394e-01  1.191894e-01  2.462785e-01  7.078871e-01  3.847813e-02  2.608950e-01  4.628763e-04  0.000000e+00  4.628763e-04
2.375304e+03  5.718854e-01  1.680468e+00  1.904543e+00  3.461227e+00  1.238763e+00  6.916580e-01  1.741443e+00  4.078184e-01  2.412508e-01  8.389777e-02  7.824960e-01  2.657665e-04  0.000000e+00  1.879434e-02  0.000000e+00  3.210863e-02
2.665135e+03  6.268929e-01  1.316196e+00  1.491249e+00  3.018692e+00  5.956111e-01  3.854045e-01  1.090023e+00  7.253802e-01  1.808683e-01  3.772315e-01  4.567234e-01  1.390761e-01  7.386794e-02  3.532916e-02  0.000000e+00  7.105279e-02
2.990330e+03  1.705772e-01  9.487062e-01  9.933554e-01  2.299721e+00  5.046120e-01  5.334943e-01  7.895181e-01  4.176143e-01  2.059968e-01  1.870522e-01  3.805203e-01  3.474793e-02  0.000000e+00  3.199581e-02  0.000000e+00  1.048162e-01
3.355206e+03  1.639493e-01  1.116507e+00  1.054510e+00  2.373217e+00  2.102165e-01  5.080222e-01  4.670957e-01  2.837926e-01  1.405637e-01  1.680175e-01  9.407854e-02  6.760241e-02  5.304075e-02  5.422876e-03  0.000000e+00  4.132644e-04
3.764603e+03  5.436863e-02  4.233556e-01  7.482926e-01  1.451169e+00  1.857750e-01  4.555676e-01  2.982608e-01  2.183573e-01  1.023606e-01  2.005280e-01  1.610546e-01  1.518350e-02  1.080278e-04  5.113087e-02  0.000000e+00  6.593204e-02
4.223954e+03  1.040743e-02  2.977556e-01  3.132335e-01  1.140264e+00  9.097086e-02  2.116970e-01  2.603460e-01  2.722364e-01  1.508604e-01  1.404383e-01  1.243645e-01  2.867231e-02  0.000000e+00  5.493911e-02  0.000000e+00  3.958676e-02
4.739354e+03  1.245039e-02  2.357670e-01  3.819404e-01  1.086039e+00  9.029795e-02  2.402914e-01  7.615596e-02  2.113783e-01  6.929687e-02  9.427134e-02  9.661979e-02  3.873863e-02  4.971796e-04  2.788169e-03  0.000000e+00  1.299822e-02
5.317643e+03  4.315443e-02  2.292831e-01  2.691045e-01  6.692816e-01  1.379838e-02  1.881402e-01  3.470771e-02  3.609339e-01  1.429878e-01  1.160142e-01  4.507287e-02  4.734332e-02  0.000000e+00  4.748508e-02  0.000000e+00  5.218475e-02
5.966493e+03  2.160283e-02  1.067947e-01  1.495614e-01  4.331791e-01  3.572390e-02  2.308484e-01  3.321284e-02  1.777936e-01  6.463013e-02  1.246152e-01  2.885273e-03  8.997818e-03  0.000000e+00  1.310944e-02  0.000000e+00  2.296577e-02
6.694516e+03  9.429751e-05  7.758868e-02  1.085181e-01  3.316169e-01  1.067821e-02  3.438327e-01  1.285628e-02  9.239270e-02  8.159155e-02  1.103259e-01  6.954844e-02  6.846335e-02  0.000000e+00  9.450728e-03  0.000000e+00  5.422318e-04
7.511370e+03  4.369063e-03  6.653021e-02  9.781610e-02  1.686107e-01  2.703957e-02  1.794499e-01  3.514232e-02  7.857220e-02  2.271311e-02  6.148611e-02  3.807521e-03  2.294316e-02  0.000000e+00  1.384996e-03  0.000000e+00  6.893145e-02
8.427896e+03  9.001187e-03  5.555871e-02  4.823421e-02  6.262496e-02  1.104380e-02  2.420239e-01  4.135879e-02  1.972558e-01  2.990806e-02  2.630493e-02  4.292644e-02  4.227199e-02  0.000000e+00  8.442687e-04  0.000000e+00  1.523754e-02
9.456255e+03  0.000000e+00  1.541045e-02  5.122978e-02  1.355345e-01  1.216684e-02  1.533333e-01  1.036251e-04  6.702588e-02  4.126378e-02  2.466551e-02  7.001766e-02  5.339978e-02  0.000000e+00  2.305478e-02  0.000000e+00  1.924109e-03
1.061009e+04  0.000000e+00  3.995804e-02  1.665722e-02  8.197417e-02  4.299884e-03  1.143029e-01  1.765667e-02  4.339733e-02  1.858225e-03  3.313110e-02  3.693186e-02  3.312849e-02  0.000000e+00  5.949771e-05  0.000000e+00  2.034253e-02
1.190472e+04  0.000000e+00  3.332705e-04  3.049194e-04  4.501491e-02  0.000000e+00  3.814942e-02  3.416139e-05  4.136895e-03  1.060548e-04  3.531838e-02  5.671617e-02  1.553530e-02  0.000000e+00  5.623590e-03  0.000000e+00  9.886792e-03
1.335731e+04  0.000000e+00  1.155798e-02  2.383923e-02  5.593218e-02  0.000000e+00  3.090241e-02  1.138754e-04  1.157759e-02  1.319250e-03  2.805539e-02  1.573980e-02  5.096983e-03  0.000000e+00  0.000000e+00  0.000000e+00  1.011880e-02
1.498715e+04  0.000000e+00  1.141066e-02  5.655156e-04  5.036182e-03  0.000000e+00  2.085361e-02  0.000000e+00  2.619217e-02  1.624203e-03  5.218961e-03  1.307660e-04  1.796673e-02  0.000000e+00  1.075042e-04  0.000000e+00  1.766829e-02
1.681586e+04  0.000000e+00  1.340715e-03  3.754052e-05  2.943622e-03  0.000000e+00  3.631147e-02  2.418441e-05  3.981802e-03  0.000000e+00  5.040163e-04  3.326823e-04  3.063208e-04  0.000000e+00  1.256410e-02  0.000000e+00  1.441920e-02
1.886771e+04  0.000000e+00  2.639076e-03  0.000000e+00  7.958365e-03  0.000000e+00  2.228531e-02  0.000000e+00  1.803840e-02  0.000000e+00  0.000000e+00  8.166251e-03  8.338856e-03  0.000000e+00  1.400548e-02  0.000000e+00  1.305213e-02
2.116992e+04  0.000000e+00  1.921036e-05  0.000000e+00  6.410706e-03  0.000000e+00  9.106085e-05  0.000000e+00  3.583437e-03  0.000000e+00  0.000000e+00  0.000000e+00  7.001839e-03  0.000000e+00  2.013752e-02  0.000000e+00  3.583437e-03
2.375304e+04  0.000000e+00  0.000000e+00  0.000000e+00  1.712125e-05  0.000000e+00  3.982526e-03  1.528217e-04  7.247477e-04  0.000000e+00  1.024803e-03  3.963997e-03  5.315330e-05  0.000000e+00  0.000000e+00  0.000000e+00  1.027615e-02
2.665135e+04  0.000000e+00  1.362025e-04  0.000000e+00  6.425111e-03  0.000000e+00  0.000000e+00  0.000000e+00  0.000000e+00  0.000000e+00  8.841242e-05  0.000000e+00  0.000000e+00  0.000000e+00  0.000000e+00  0.000000e+00  1.362025e-04
2.990330e+04  0.000000e+00  0.000000e+00  0.000000e+00  1.119396e-03  0.000000e+00  0.000000e+00  0.000000e+00  0.000000e+00  0.000000e+00  0.000000e+00  0.000000e+00  1.695083e-03  0.000000e+00  3.724402e-03  0.000000e+00  2.007964e-03
3.355206e+04  0.000000e+00  0.000000e+00  0.000000e+00  0.000000e+00  0.000000e+00  0.000000e+00  0.000000e+00  0.000000e+00  0.000000e+00  0.000000e+00  0.000000e+00  2.920552e-05  0.000000e+00  4.543692e-03  0.000000e+00  1.404570e-04
3.764603e+04  0.000000e+00  0.000000e+00  0.000000e+00  2.251358e-04  0.000000e+00  0.000000e+00  0.000000e+00  0.000000e+00  0.000000e+00  0.000000e+00  0.000000e+00  8.891677e-04  0.000000e+00  2.251358e-04  0.000000e+00  1.080278e-05
4.223954e+04  0.000000e+00  0.000000e+00  0.000000e+00  1.324432e-04  0.000000e+00  0.000000e+00  0.000000e+00  5.339359e-03  0.000000e+00  0.000000e+00  0.000000e+00  1.008069e-03  0.000000e+00  0.000000e+00  0.000000e+00  0.000000e+00
4.739354e+04  0.000000e+00  0.000000e+00  0.000000e+00  0.000000e+00  0.000000e+00  0.000000e+00  0.000000e+00  8.580952e-06  0.000000e+00  0.000000e+00  0.000000e+00  1.266211e-04  0.000000e+00  7.062910e-04  0.000000e+00  0.000000e+00
5.317643e+04  0.000000e+00  0.000000e+00  0.000000e+00  0.000000e+00  0.000000e+00  0.000000e+00  0.000000e+00  0.000000e+00  0.000000e+00  0.000000e+00  0.000000e+00  0.000000e+00  0.000000e+00  0.000000e+00  0.000000e+00  0.000000e+00
5.966493e+04  0.000000e+00  0.000000e+00  0.000000e+00  0.000000e+00  0.000000e+00  0.000000e+00  0.000000e+00  0.000000e+00  0.000000e+00  0.000000e+00  0.000000e+00  0.000000e+00  0.000000e+00  0.000000e+00  0.000000e+00  0.000000e+00
6.694516e+04  0.000000e+00  0.000000e+00  0.000000e+00  0.000000e+00  0.000000e+00  0.000000e+00  0.000000e+00  0.000000e+00  0.000000e+00  0.000000e+00  0.000000e+00  0.000000e+00  0.000000e+00  0.000000e+00  0.000000e+00  2.632250e-04
7.511370e+04  0.000000e+00  0.000000e+00  0.000000e+00  0.000000e+00  0.000000e+00  0.000000e+00  0.000000e+00  0.000000e+00  0.000000e+00  0.000000e+00  0.000000e+00  0.000000e+00  0.000000e+00  0.000000e+00  0.000000e+00  2.271311e-03
8.427896e+04  0.000000e+00  0.000000e+00  0.000000e+00  0.000000e+00  0.000000e+00  0.000000e+00  0.000000e+00  0.000000e+00  0.000000e+00  0.000000e+00  0.000000e+00  0.000000e+00  0.000000e+00  0.000000e+00  0.000000e+00  0.000000e+00
9.456255e+04  0.000000e+00  0.000000e+00  0.000000e+00  0.000000e+00  0.000000e+00  0.000000e+00  0.000000e+00  0.000000e+00  0.000000e+00  0.000000e+00  0.000000e+00  0.000000e+00  0.000000e+00  0.000000e+00  0.000000e+00  0.000000e+00
1.061009e+05  0.000000e+00  0.000000e+00  0.000000e+00  0.000000e+00  0.000000e+00  0.000000e+00  0.000000e+00  0.000000e+00  0.000000e+00  0.000000e+00  0.000000e+00  0.000000e+00  0.000000e+00  0.000000e+00  0.000000e+00  0.000000e+00
1.190472e+05  0.000000e+00  0.000000e+00  0.000000e+00  0.000000e+00  0.000000e+00  0.000000e+00  0.000000e+00  0.000000e+00  0.000000e+00  0.000000e+00  0.000000e+00  0.000000e+00  0.000000e+00  0.000000e+00  0.000000e+00  0.000000e+00
1.335731e+05  0.000000e+00  0.000000e+00  0.000000e+00  0.000000e+00  0.000000e+00  0.000000e+00  0.000000e+00  0.000000e+00  0.000000e+00  0.000000e+00  0.000000e+00  0.000000e+00  0.000000e+00  0.000000e+00  0.000000e+00  0.000000e+00
1.498715e+05  0.000000e+00  0.000000e+00  0.000000e+00  0.000000e+00  0.000000e+00  0.000000e+00  0.000000e+00  0.000000e+00  0.000000e+00  0.000000e+00  0.000000e+00  0.000000e+00  0.000000e+00  0.000000e+00  0.000000e+00  0.000000e+00
1.681586e+05  0.000000e+00  0.000000e+00  0.000000e+00  0.000000e+00  0.000000e+00  0.000000e+00  0.000000e+00  0.000000e+00  0.000000e+00  0.000000e+00  0.000000e+00  0.000000e+00  0.000000e+00  0.000000e+00  0.000000e+00  0.000000e+00
1.886771e+05  0.000000e+00  0.000000e+00  0.000000e+00  0.000000e+00  0.000000e+00  0.000000e+00  0.000000e+00  0.000000e+00  0.000000e+00  0.000000e+00  0.000000e+00  0.000000e+00  0.000000e+00  0.000000e+00  0.000000e+00  0.000000e+00
2.116992e+05  0.000000e+00  0.000000e+00  0.000000e+00  0.000000e+00  0.000000e+00  0.000000e+00  0.000000e+00  0.000000e+00  0.000000e+00  0.000000e+00  0.000000e+00  0.000000e+00  0.000000e+00  0.000000e+00  0.000000e+00  0.000000e+00
2.375304e+05  0.000000e+00  0.000000e+00  0.000000e+00  0.000000e+00  0.000000e+00  0.000000e+00  0.000000e+00  0.000000e+00  0.000000e+00  0.000000e+00  0.000000e+00  0.000000e+00  0.000000e+00  0.000000e+00  0.000000e+00  0.000000e+00
2.665135e+05  0.000000e+00  0.000000e+00  0.000000e+00  0.000000e+00  0.000000e+00  0.000000e+00  0.000000e+00  0.000000e+00  0.000000e+00  0.000000e+00  0.000000e+00  0.000000e+00  0.000000e+00  0.000000e+00  0.000000e+00  0.000000e+00
2.990330e+05  0.000000e+00  0.000000e+00  0.000000e+00  0.000000e+00  0.000000e+00  0.000000e+00  0.000000e+00  0.000000e+00  0.000000e+00  0.000000e+00  0.000000e+00  0.000000e+00  0.000000e+00  0.000000e+00  0.000000e+00  0.000000e+00
3.355206e+05  0.000000e+00  0.000000e+00  0.000000e+00  0.000000e+00  0.000000e+00  0.000000e+00  0.000000e+00  0.000000e+00  0.000000e+00  0.000000e+00  0.000000e+00  0.000000e+00  0.000000e+00  0.000000e+00  0.000000e+00  0.000000e+00
3.764603e+05  0.000000e+00  0.000000e+00  0.000000e+00  0.000000e+00  0.000000e+00  0.000000e+00  0.000000e+00  0.000000e+00  0.000000e+00  0.000000e+00  0.000000e+00  0.000000e+00  0.000000e+00  0.000000e+00  0.000000e+00  0.000000e+00
4.223954e+05  0.000000e+00  0.000000e+00  0.000000e+00  0.000000e+00  0.000000e+00  0.000000e+00  0.000000e+00  0.000000e+00  0.000000e+00  0.000000e+00  0.000000e+00  0.000000e+00  0.000000e+00  0.000000e+00  0.000000e+00  0.000000e+00
4.739354e+05  0.000000e+00  0.000000e+00  0.000000e+00  0.000000e+00  0.000000e+00  0.000000e+00  0.000000e+00  0.000000e+00  0.000000e+00  0.000000e+00  0.000000e+00  0.000000e+00  0.000000e+00  0.000000e+00  0.000000e+00  0.000000e+00
5.317643e+05  0.000000e+00  0.000000e+00  0.000000e+00  0.000000e+00  0.000000e+00  0.000000e+00  0.000000e+00  0.000000e+00  0.000000e+00  0.000000e+00  0.000000e+00  0.000000e+00  0.000000e+00  0.000000e+00  0.000000e+00  0.000000e+00
5.966493e+05  0.000000e+00  0.000000e+00  0.000000e+00  0.000000e+00  0.000000e+00  0.000000e+00  0.000000e+00  0.000000e+00  0.000000e+00  0.000000e+00  0.000000e+00  0.000000e+00  0.000000e+00  0.000000e+00  0.000000e+00  0.000000e+00
6.694516e+05  0.000000e+00  0.000000e+00  0.000000e+00  0.000000e+00  0.000000e+00  0.000000e+00  0.000000e+00  0.000000e+00  0.000000e+00  0.000000e+00  0.000000e+00  0.000000e+00  0.000000e+00  0.000000e+00  0.000000e+00  0.000000e+00
7.511370e+05  0.000000e+00  0.000000e+00  0.000000e+00  0.000000e+00  0.000000e+00  0.000000e+00  0.000000e+00  0.000000e+00  0.000000e+00  0.000000e+00  0.000000e+00  0.000000e+00  0.000000e+00  0.000000e+00  0.000000e+00  0.000000e+00
8.427896e+05  0.000000e+00  0.000000e+00  0.000000e+00  0.000000e+00  0.000000e+00  0.000000e+00  0.000000e+00  0.000000e+00  0.000000e+00  0.000000e+00  0.000000e+00  0.000000e+00  0.000000e+00  0.000000e+00  0.000000e+00  0.000000e+00
9.456255e+05  0.000000e+00  0.000000e+00  0.000000e+00  0.000000e+00  0.000000e+00  0.000000e+00  0.000000e+00  0.000000e+00  0.000000e+00  0.000000e+00  0.000000e+00  0.000000e+00  0.000000e+00  0.000000e+00  0.000000e+00  0.000000e+00
