# dR/dEr [1/keV/kg/Myr]
# Er [keV], S, F, Ne, Cl, Na, Si, O, P, N, C, Al, Mg, Be, B, Ar, Li
1.061009e+01  5.237387e-01  5.076655e-01  0.000000e+00  0.000000e+00  3.684758e-01  0.000000e+00  2.783847e-02  0.000000e+00  0.000000e+00  0.000000e+00  0.000000e+00  0.000000e+00  3.990708e-02  0.000000e+00  0.000000e+00  0.000000e+00
1.190472e+01  1.286058e-01  1.473133e-01  0.000000e+00  0.000000e+00  4.139042e-02  0.000000e+00  0.000000e+00  0.000000e+00  0.000000e+00  0.000000e+00  0.000000e+00  0.000000e+00  0.000000e+00  0.000000e+00  0.000000e+00  0.000000e+00
1.335731e+01  1.959335e-01  6.115067e-02  0.000000e+00  0.000000e+00  0.000000e+00  0.000000e+00  0.000000e+00  0.000000e+00  0.000000e+00  0.000000e+00  0.000000e+00  0.000000e+00  0.000000e+00  0.000000e+00  0.000000e+00  0.000000e+00
1.498715e+01  4.738422e-02  1.454882e-01  0.000000e+00  0.000000e+00  4.823545e-02  0.000000e+00  7.506219e-03  0.000000e+00  0.000000e+00  0.000000e+00  0.000000e+00  0.000000e+00  0.000000e+00  0.000000e+00  0.000000e+00  0.000000e+00
1.681586e+01  1.172391e-01  9.199431e-02  1.674190e-02  0.000000e+00  3.378898e-02  6.689924e-03  0.000000e+00  0.000000e+00  0.000000e+00  0.000000e+00  0.000000e+00  0.000000e+00  0.000000e+00  0.000000e+00  0.000000e+00  0.000000e+00
1.886771e+01  7.977544e-02  8.613229e-02  0.000000e+00  0.000000e+00  1.492123e-02  0.000000e+00  0.000000e+00  0.000000e+00  0.000000e+00  0.000000e+00  0.000000e+00  0.000000e+00  0.000000e+00  0.000000e+00  0.000000e+00  0.000000e+00
2.116992e+01  9.226909e-02  1.366429e-01  0.000000e+00  0.000000e+00  1.632721e-02  0.000000e+00  7.035283e-03  0.000000e+00  0.000000e+00  0.000000e+00  6.921942e-02  0.000000e+00  0.000000e+00  0.000000e+00  0.000000e+00  0.000000e+00
2.375304e+01  1.682519e-01  2.971384e-02  3.730280e-02  0.000000e+00  8.260792e-02  0.000000e+00  1.185235e-02  0.000000e+00  0.000000e+00  0.000000e+00  0.000000e+00  0.000000e+00  0.000000e+00  0.000000e+00  0.000000e+00  0.000000e+00
2.665135e+01  1.855505e-01  1.589231e-01  5.588324e-03  1.656136e-02  8.770910e-03  0.000000e+00  0.000000e+00  5.221311e-02  0.000000e+00  0.000000e+00  0.000000e+00  0.000000e+00  0.000000e+00  0.000000e+00  0.000000e+00  0.000000e+00
2.990330e+01  1.784048e-01  7.420190e-02  6.598503e-03  0.000000e+00  9.904730e-02  0.000000e+00  8.742620e-03  0.000000e+00  0.000000e+00  0.000000e+00  3.493527e-02  0.000000e+00  5.360250e-02  0.000000e+00  0.000000e+00  0.000000e+00
3.355206e+01  2.290916e-01  8.237140e-02  7.718895e-03  0.000000e+00  1.474073e-02  0.000000e+00  4.284127e-02  0.000000e+00  0.000000e+00  0.000000e+00  5.196036e-02  0.000000e+00  1.144904e-01  0.000000e+00  0.000000e+00  0.000000e+00
3.764603e+01  3.232646e-01  1.684872e-01  2.471323e-03  3.956231e-03  8.938231e-02  0.000000e+00  1.634072e-02  0.000000e+00  0.000000e+00  0.000000e+00  0.000000e+00  0.000000e+00  3.731742e-03  0.000000e+00  0.000000e+00  0.000000e+00
4.223954e+01  2.833745e-01  1.352507e-01  3.686154e-02  0.000000e+00  5.740162e-02  0.000000e+00  8.652532e-03  0.000000e+00  0.000000e+00  0.000000e+00  4.581418e-02  0.000000e+00  1.173785e-01  0.000000e+00  0.000000e+00  0.000000e+00
4.739354e+01  3.201033e-01  1.215741e-01  3.142546e-03  8.607105e-03  2.135358e-02  0.000000e+00  1.127157e-02  0.000000e+00  0.000000e+00  0.000000e+00  0.000000e+00  0.000000e+00  9.033139e-02  0.000000e+00  0.000000e+00  0.000000e+00
5.317643e+01  3.194722e-01  5.988510e-02  7.717133e-03  0.000000e+00  9.666160e-02  0.000000e+00  1.491380e-02  0.000000e+00  0.000000e+00  0.000000e+00  2.755675e-02  0.000000e+00  0.000000e+00  0.000000e+00  0.000000e+00  0.000000e+00
5.966493e+01  3.563854e-01  1.724578e-01  8.636329e-03  4.381690e-03  7.198486e-02  0.000000e+00  5.768828e-02  0.000000e+00  0.000000e+00  0.000000e+00  2.683020e-02  0.000000e+00  1.914334e-02  0.000000e+00  0.000000e+00  0.000000e+00
6.694516e+01  4.300849e-01  1.508164e-01  1.462642e-02  0.000000e+00  5.223330e-02  0.000000e+00  1.079857e-02  0.000000e+00  1.971773e-02  0.000000e+00  1.760289e-02  0.000000e+00  3.169834e-01  0.000000e+00  0.000000e+00  0.000000e+00
7.511370e+01  4.572894e-01  1.775513e-01  3.196531e-02  4.945591e-03  4.257440e-02  0.000000e+00  1.149744e-02  0.000000e+00  0.000000e+00  0.000000e+00  2.072877e-02  0.000000e+00  9.913683e+01  0.000000e+00  0.000000e+00  0.000000e+00
8.427896e+01  5.476398e-01  1.720689e-01  8.336892e-03  2.674380e-02  4.910474e-02  0.000000e+00  4.026621e-02  0.000000e+00  0.000000e+00  0.000000e+00  0.000000e+00  0.000000e+00  1.182695e+02  0.000000e+00  0.000000e+00  0.000000e+00
9.456255e+01  5.287247e-01  1.406854e-01  2.213190e-02  5.735409e-03  9.113368e-02  0.000000e+00  7.201577e-03  0.000000e+00  1.439057e-02  0.000000e+00  4.314846e-04  0.000000e+00  9.104406e+01  0.000000e+00  0.000000e+00  0.000000e+00
1.061009e+02  5.798761e-01  2.099930e-01  2.753386e-02  2.244272e-03  6.563203e-02  0.000000e+00  1.211045e-02  0.000000e+00  0.000000e+00  1.508773e-02  1.816786e-02  0.000000e+00  6.751483e+01  0.000000e+00  0.000000e+00  0.000000e+00
1.190472e+02  6.156849e-01  2.628161e-01  2.125736e-02  8.070822e-03  1.141880e-01  0.000000e+00  1.102138e-02  0.000000e+00  9.449769e-04  9.898830e-03  5.806276e+01  0.000000e+00  5.051862e+01  0.000000e+00  1.282669e-02  0.000000e+00
1.335731e+02  7.176942e-01  2.560377e-01  3.100241e-02  6.965134e-04  7.551806e-02  0.000000e+00  1.004111e-02  0.000000e+00  0.000000e+00  0.000000e+00  4.945028e+01  0.000000e+00  3.778625e+01  0.000000e+00  0.000000e+00  0.000000e+00
1.498715e+02  1.656256e+00  2.998296e-01  1.086972e-02  4.018292e-03  3.474433e-02  0.000000e+00  4.978327e-02  0.000000e+00  5.605846e-03  1.069755e-02  3.714268e+01  0.000000e+00  2.837882e+01  0.000000e+00  0.000000e+00  0.000000e+00
1.681586e+02  2.328517e+00  3.444540e-01  2.035100e-02  3.378898e-03  5.482860e-02  2.426416e-04  3.810426e-02  0.000000e+00  1.014963e-02  0.000000e+00  2.900046e+01  0.000000e+00  2.051831e+01  0.000000e+00  0.000000e+00  0.000000e+00
1.886771e+02  1.433946e+00  3.304480e-01  1.812987e-02  3.217555e-03  7.751881e-02  1.385612e-03  4.219897e-02  1.042571e-03  1.042571e-03  0.000000e+00  2.083946e+01  0.000000e+00  1.455888e+01  0.000000e+00  0.000000e+00  0.000000e+00
2.116992e+02  6.705672e-01  4.468044e-01  2.014691e-02  1.487669e-02  5.225436e-02  9.291923e-04  2.136981e-02  0.000000e+00  0.000000e+00  1.927371e-04  1.683544e+01  0.000000e+00  1.034698e+01  0.000000e+00  4.394703e-04  0.000000e+00
2.375304e+02  4.948054e-01  1.831386e+00  2.799090e-02  1.211878e-02  6.499075e-02  3.570920e-04  4.128088e-02  2.308784e-03  0.000000e+00  4.736104e-04  1.252329e+01  0.000000e+00  7.851979e+00  0.000000e+00  1.863883e-03  0.000000e+00
2.665135e+02  4.195368e-01  1.543539e+00  2.614607e-02  1.384511e-02  9.161703e-02  9.717513e-04  2.748838e-02  0.000000e+00  7.380837e-04  5.609621e-03  8.940200e+00  0.000000e+00  5.141143e+00  0.000000e+00  0.000000e+00  0.000000e+00
2.990330e+02  3.024492e-01  2.811280e-01  1.396142e-02  6.121816e-03  7.012065e-02  3.182406e-03  4.053047e-02  2.060380e-04  4.697984e-04  4.550698e-03  6.954386e+00  0.000000e+00  3.752414e+00  0.000000e+00  0.000000e+00  0.000000e+00
3.355206e+02  2.794912e-01  2.755582e-01  1.763441e-02  1.043293e-02  6.507818e-02  5.862807e-04  2.583967e-02  5.056035e-04  4.438964e-04  4.827753e-03  5.140407e+00  3.404222e-03  2.749984e+00  0.000000e+00  0.000000e+00  9.265999e-04
3.764603e+02  1.934078e-01  1.995261e-01  3.073253e-02  1.427480e-02  6.290433e-02  9.406104e-03  2.216278e-02  0.000000e+00  6.879472e-04  0.000000e+00  3.315206e+00  0.000000e+00  1.916487e+00  0.000000e+00  0.000000e+00  0.000000e+00
4.223954e+02  1.249756e-01  1.992535e-01  1.326001e-02  1.188189e-02  6.349039e-02  4.984632e-04  2.399316e-02  5.457289e-03  6.115631e-04  3.010126e-03  2.474493e+00  0.000000e+00  9.935898e-01  0.000000e+00  2.202569e-04  0.000000e+00
4.739354e+02  1.173694e-01  1.708468e-01  2.109733e-02  1.249284e-02  5.464868e-02  3.691976e-03  4.243422e-02  3.343250e-03  2.936159e-03  0.000000e+00  1.682402e+00  0.000000e+00  7.392512e-01  2.936159e-03  0.000000e+00  0.000000e+00
5.317643e+02  1.042108e-01  1.383061e-01  3.264971e-02  7.330063e-03  4.398044e-02  1.281785e-03  1.870466e-02  4.433971e-03  3.426359e-03  3.955627e-03  1.430434e+00  0.000000e+00  5.263552e-01  7.673003e-05  8.325659e-04  0.000000e+00
5.966493e+02  9.688770e-02  1.272793e-01  2.960622e-02  2.324435e-02  4.435826e-02  4.361261e-03  3.067104e-02  3.734566e-03  1.399149e-03  2.686489e-03  9.374261e-01  0.000000e+00  3.661383e-01  0.000000e+00  2.354570e-04  0.000000e+00
6.694516e+02  8.166939e-02  1.193911e-01  3.538287e-02  2.471637e-02  4.616019e-02  2.545871e-03  2.734464e-02  1.230622e-03  8.073986e-04  2.139817e-03  6.393929e-01  0.000000e+00  2.351991e-01  0.000000e+00  0.000000e+00  0.000000e+00
7.511370e+02  6.331943e-02  8.463765e-02  2.385880e-02  1.838230e-02  2.935741e-02  2.320578e-03  2.091251e-02  2.453455e-03  2.150430e-03  1.633532e-03  4.452711e-01  0.000000e+00  1.648443e-01  0.000000e+00  0.000000e+00  0.000000e+00
8.427896e+02  5.057799e-02  8.145681e-02  2.341039e-02  1.208071e-02  3.715228e-02  6.442446e-04  2.150124e-02  4.840131e-04  1.472569e-03  5.629624e-03  2.420942e-01  0.000000e+00  9.491074e-02  0.000000e+00  1.220938e-03  0.000000e+00
9.456255e+02  4.674405e-02  5.924411e-02  2.888113e-02  1.342164e-02  3.169554e-02  2.981624e-03  2.139966e-02  1.599493e-03  0.000000e+00  3.749402e-03  2.121532e-01  4.667626e-04  5.755387e-02  0.000000e+00  0.000000e+00  0.000000e+00
1.061009e+03  4.079813e-02  3.897864e-02  2.966542e-02  1.814566e-02  2.911926e-02  2.010019e-03  1.958328e-02  2.078172e-03  4.642165e-03  1.760159e-03  1.445792e-01  0.000000e+00  2.571832e-02  1.660108e-03  1.076509e-03  0.000000e+00
1.190472e+03  3.006059e-02  3.484653e-02  2.513674e-02  1.871541e-02  1.429066e-02  2.282703e-03  1.388237e-02  5.335590e-03  1.484723e-03  7.640753e-03  9.668632e-02  0.000000e+00  1.794743e-02  0.000000e+00  0.000000e+00  0.000000e+00
1.335731e+03  2.729968e-02  3.853144e-02  2.333351e-02  1.355576e-02  1.302258e-02  3.339397e-03  1.338907e-02  1.472605e-03  2.990416e-03  2.202960e-03  4.208479e-02  0.000000e+00  1.126217e-02  7.703600e-04  0.000000e+00  0.000000e+00
1.498715e+03  1.693234e-02  2.859146e-02  1.792388e-02  1.825455e-02  1.477236e-02  7.384740e-03  1.606559e-02  4.010027e-03  4.200067e-03  3.497553e-03  2.059000e-02  4.104603e-04  1.128136e-02  0.000000e+00  0.000000e+00  7.287107e-04
1.681586e+03  1.181409e-02  2.667338e-02  1.694420e-02  1.232139e-02  1.509523e-02  2.845864e-03  8.843888e-03  4.620716e-03  3.261321e-03  3.090871e-03  2.399685e-02  0.000000e+00  5.238187e-03  8.717870e-04  0.000000e+00  1.848810e-04
1.886771e+03  1.371502e-02  2.152434e-02  1.762770e-02  1.301998e-02  1.384087e-02  3.741848e-03  9.102116e-03  3.886901e-03  1.703139e-03  3.750261e-03  1.175049e-02  9.284796e-04  1.372635e-04  2.303353e-03  1.122070e-04  0.000000e+00
2.116992e+03  8.114154e-03  2.052270e-02  9.660026e-03  9.877597e-03  7.570819e-03  2.028199e-03  7.845527e-03  2.980820e-03  1.666288e-03  2.624999e-03  8.190754e-03  7.322605e-04  2.558999e-03  4.394703e-05  0.000000e+00  4.394703e-05
2.375304e+03  7.357039e-03  1.111124e-02  1.218069e-02  1.612857e-02  8.667501e-03  5.714342e-03  7.032202e-03  1.748410e-03  8.895642e-04  1.531290e-03  8.001324e-03  2.593865e-05  0.000000e+00  6.169187e-04  0.000000e+00  6.911218e-04
2.665135e+03  4.437817e-03  1.032921e-02  8.412027e-03  1.629849e-02  4.890118e-03  1.756187e-03  5.031777e-03  4.082524e-03  1.199623e-03  2.034334e-03  5.711814e-03  9.604078e-04  8.412278e-04  6.014300e-04  0.000000e+00  6.729833e-04
2.990330e+03  3.069672e-03  6.538237e-03  6.414895e-03  1.068359e-02  3.588458e-03  4.081060e-03  3.778738e-03  3.160978e-03  3.275612e-03  3.635794e-03  3.760429e-03  1.130089e-03  0.000000e+00  5.830049e-04  0.000000e+00  9.410174e-04
3.355206e+03  1.534068e-03  8.466395e-03  8.469691e-03  1.385674e-02  2.231381e-03  4.106330e-03  1.249968e-03  2.810163e-03  1.185208e-03  2.264907e-03  1.797530e-03  6.656509e-04  2.247558e-04  3.113610e-04  0.000000e+00  3.988959e-05
3.764603e+03  9.960675e-04  4.134553e-03  6.724486e-03  8.257587e-03  1.514167e-03  4.581591e-03  9.038480e-04  1.505351e-03  2.286419e-03  2.849282e-03  2.304908e-03  7.702103e-04  1.083840e-05  4.088469e-04  0.000000e+00  1.604898e-03
4.223954e+03  5.197754e-04  1.807448e-03  3.508258e-03  6.534706e-03  1.237958e-03  1.587152e-03  1.467027e-03  2.511931e-03  1.668346e-03  2.705607e-03  1.428354e-03  8.461343e-04  0.000000e+00  6.931113e-04  0.000000e+00  1.014287e-03
4.739354e+03  3.285288e-04  2.623468e-03  3.592823e-03  7.072139e-03  1.061011e-03  2.723072e-03  4.470508e-04  1.794915e-03  1.080603e-03  1.546096e-03  1.250297e-03  4.588464e-04  4.467041e-05  1.835578e-04  0.000000e+00  6.946166e-04
5.317643e+03  2.543490e-04  2.606898e-03  3.585717e-03  3.961379e-03  6.230482e-04  2.674407e-03  2.860310e-04  2.619176e-03  1.417134e-03  2.163177e-03  1.533780e-03  5.627539e-04  0.000000e+00  8.416409e-04  0.000000e+00  7.072668e-04
5.966493e+03  5.105382e-04  1.577789e-03  2.176326e-03  3.309946e-03  5.252769e-04  1.754848e-03  6.930577e-04  2.115137e-03  1.150884e-03  1.169096e-03  1.594981e-04  3.735066e-04  0.000000e+00  3.037849e-04  0.000000e+00  3.313880e-04
6.694516e+03  9.203382e-06  1.289761e-03  1.768738e-03  2.610075e-03  4.243886e-04  3.684601e-03  5.136245e-04  1.751466e-03  1.061441e-03  1.151934e-03  1.100976e-03  4.286612e-04  0.000000e+00  2.882240e-04  0.000000e+00  4.644001e-05
7.511370e+03  2.339586e-04  1.141813e-03  1.087817e-03  1.350660e-03  2.636854e-04  2.414865e-03  4.315005e-04  1.810104e-03  1.764658e-04  7.957220e-04  2.618598e-04  4.243255e-04  0.000000e+00  1.060327e-04  0.000000e+00  8.955607e-04
8.427896e+03  1.899433e-04  1.155966e-03  5.652852e-04  1.498019e-03  3.028593e-04  2.712900e-03  2.720452e-04  2.207097e-03  3.995902e-04  5.410148e-04  2.796494e-04  6.330331e-04  0.000000e+00  6.904070e-05  0.000000e+00  5.729384e-04
9.456255e+03  0.000000e+00  2.763459e-04  4.177946e-04  1.788554e-03  1.882721e-04  1.617096e-03  9.838514e-06  1.076932e-03  4.580905e-04  3.377032e-04  6.776034e-04  9.778374e-04  0.000000e+00  3.218378e-04  0.000000e+00  1.104750e-04
1.061009e+04  0.000000e+00  4.219171e-04  2.249546e-04  1.097259e-03  1.468795e-04  1.416043e-03  5.299885e-04  4.702360e-04  1.117017e-04  5.041054e-04  5.785432e-04  2.359949e-04  0.000000e+00  5.806941e-06  0.000000e+00  3.373528e-04
1.190472e+04  0.000000e+00  3.077406e-05  2.611513e-05  6.542280e-04  0.000000e+00  6.849298e-04  3.427404e-06  2.601445e-04  1.035088e-05  5.149192e-04  3.735360e-04  7.785627e-05  0.000000e+00  2.217619e-04  0.000000e+00  3.979930e-04
1.335731e+04  0.000000e+00  3.314289e-04  2.458506e-04  6.197557e-04  0.000000e+00  4.155720e-04  1.051748e-05  2.623139e-04  7.429988e-05  3.412901e-04  3.429466e-04  1.740584e-04  0.000000e+00  0.000000e+00  0.000000e+00  3.031528e-04
1.498715e+04  0.000000e+00  9.116488e-05  4.104603e-05  2.220409e-04  0.000000e+00  3.095567e-04  0.000000e+00  1.740153e-04  7.621103e-05  1.209390e-04  1.241537e-05  9.240914e-05  0.000000e+00  1.031868e-05  0.000000e+00  3.199424e-04
1.681586e+04  0.000000e+00  9.941261e-05  3.663932e-06  1.136188e-04  0.000000e+00  4.597768e-04  2.426416e-06  1.314298e-04  0.000000e+00  3.658231e-05  2.624799e-05  2.684243e-05  0.000000e+00  2.975117e-04  0.000000e+00  2.336666e-04
1.886771e+04  0.000000e+00  1.015888e-04  0.000000e+00  8.336133e-05  0.000000e+00  2.891775e-04  0.000000e+00  1.549493e-04  0.000000e+00  0.000000e+00  1.809098e-04  1.096225e-04  0.000000e+00  1.517586e-04  0.000000e+00  3.796642e-04
2.116992e+04  0.000000e+00  1.927371e-06  0.000000e+00  1.746215e-04  0.000000e+00  8.563451e-06  0.000000e+00  7.561777e-05  0.000000e+00  0.000000e+00  0.000000e+00  6.573241e-05  0.000000e+00  1.708522e-04  0.000000e+00  7.561777e-05
2.375304e+04  0.000000e+00  0.000000e+00  0.000000e+00  1.717771e-06  0.000000e+00  1.133729e-04  1.308857e-05  4.006412e-05  0.000000e+00  4.808591e-05  6.748155e-05  5.187731e-06  0.000000e+00  0.000000e+00  0.000000e+00  1.675517e-04
2.665135e+04  0.000000e+00  1.166520e-05  0.000000e+00  5.204660e-05  0.000000e+00  0.000000e+00  0.000000e+00  0.000000e+00  0.000000e+00  7.943647e-06  0.000000e+00  0.000000e+00  0.000000e+00  0.000000e+00  0.000000e+00  1.166520e-05
2.990330e+04  0.000000e+00  0.000000e+00  0.000000e+00  4.414251e-05  0.000000e+00  0.000000e+00  0.000000e+00  0.000000e+00  0.000000e+00  0.000000e+00  0.000000e+00  7.596657e-05  0.000000e+00  8.542656e-05  0.000000e+00  5.549316e-05
3.355206e+04  0.000000e+00  0.000000e+00  0.000000e+00  0.000000e+00  0.000000e+00  0.000000e+00  0.000000e+00  0.000000e+00  0.000000e+00  0.000000e+00  0.000000e+00  2.772870e-06  0.000000e+00  1.319528e-05  0.000000e+00  1.261973e-05
3.764603e+04  0.000000e+00  0.000000e+00  0.000000e+00  1.634072e-05  0.000000e+00  0.000000e+00  0.000000e+00  0.000000e+00  0.000000e+00  0.000000e+00  0.000000e+00  3.506364e-05  0.000000e+00  1.634072e-05  0.000000e+00  1.083840e-06
4.223954e+04  0.000000e+00  0.000000e+00  0.000000e+00  1.044951e-05  0.000000e+00  0.000000e+00  0.000000e+00  6.259058e-05  0.000000e+00  0.000000e+00  0.000000e+00  4.727282e-05  0.000000e+00  0.000000e+00  0.000000e+00  0.000000e+00
4.739354e+04  0.000000e+00  0.000000e+00  0.000000e+00  0.000000e+00  0.000000e+00  0.000000e+00  0.000000e+00  8.609251e-07  0.000000e+00  0.000000e+00  0.000000e+00  1.017406e-05  0.000000e+00  2.785204e-05  0.000000e+00  0.000000e+00
5.317643e+04  0.000000e+00  0.000000e+00  0.000000e+00  0.000000e+00  0.000000e+00  0.000000e+00  0.000000e+00  0.000000e+00  0.000000e+00  0.000000e+00  0.000000e+00  0.000000e+00  0.000000e+00  0.000000e+00  0.000000e+00  0.000000e+00
5.966493e+04  0.000000e+00  0.000000e+00  0.000000e+00  0.000000e+00  0.000000e+00  0.000000e+00  0.000000e+00  0.000000e+00  0.000000e+00  0.000000e+00  0.000000e+00  0.000000e+00  0.000000e+00  0.000000e+00  0.000000e+00  0.000000e+00
6.694516e+04  0.000000e+00  0.000000e+00  0.000000e+00  0.000000e+00  0.000000e+00  0.000000e+00  0.000000e+00  0.000000e+00  0.000000e+00  0.000000e+00  0.000000e+00  0.000000e+00  0.000000e+00  0.000000e+00  0.000000e+00  1.482478e-05
7.511370e+04  0.000000e+00  0.000000e+00  0.000000e+00  0.000000e+00  0.000000e+00  0.000000e+00  0.000000e+00  0.000000e+00  0.000000e+00  0.000000e+00  0.000000e+00  0.000000e+00  0.000000e+00  0.000000e+00  0.000000e+00  1.764658e-05
8.427896e+04  0.000000e+00  0.000000e+00  0.000000e+00  0.000000e+00  0.000000e+00  0.000000e+00  0.000000e+00  0.000000e+00  0.000000e+00  0.000000e+00  0.000000e+00  0.000000e+00  0.000000e+00  0.000000e+00  0.000000e+00  0.000000e+00
9.456255e+04  0.000000e+00  0.000000e+00  0.000000e+00  0.000000e+00  0.000000e+00  0.000000e+00  0.000000e+00  0.000000e+00  0.000000e+00  0.000000e+00  0.000000e+00  0.000000e+00  0.000000e+00  0.000000e+00  0.000000e+00  0.000000e+00
1.061009e+05  0.000000e+00  0.000000e+00  0.000000e+00  0.000000e+00  0.000000e+00  0.000000e+00  0.000000e+00  0.000000e+00  0.000000e+00  0.000000e+00  0.000000e+00  0.000000e+00  0.000000e+00  0.000000e+00  0.000000e+00  0.000000e+00
1.190472e+05  0.000000e+00  0.000000e+00  0.000000e+00  0.000000e+00  0.000000e+00  0.000000e+00  0.000000e+00  0.000000e+00  0.000000e+00  0.000000e+00  0.000000e+00  0.000000e+00  0.000000e+00  0.000000e+00  0.000000e+00  0.000000e+00
1.335731e+05  0.000000e+00  0.000000e+00  0.000000e+00  0.000000e+00  0.000000e+00  0.000000e+00  0.000000e+00  0.000000e+00  0.000000e+00  0.000000e+00  0.000000e+00  0.000000e+00  0.000000e+00  0.000000e+00  0.000000e+00  0.000000e+00
1.498715e+05  0.000000e+00  0.000000e+00  0.000000e+00  0.000000e+00  0.000000e+00  0.000000e+00  0.000000e+00  0.000000e+00  0.000000e+00  0.000000e+00  0.000000e+00  0.000000e+00  0.000000e+00  0.000000e+00  0.000000e+00  0.000000e+00
1.681586e+05  0.000000e+00  0.000000e+00  0.000000e+00  0.000000e+00  0.000000e+00  0.000000e+00  0.000000e+00  0.000000e+00  0.000000e+00  0.000000e+00  0.000000e+00  0.000000e+00  0.000000e+00  0.000000e+00  0.000000e+00  0.000000e+00
1.886771e+05  0.000000e+00  0.000000e+00  0.000000e+00  0.000000e+00  0.000000e+00  0.000000e+00  0.000000e+00  0.000000e+00  0.000000e+00  0.000000e+00  0.000000e+00  0.000000e+00  0.000000e+00  0.000000e+00  0.000000e+00  0.000000e+00
2.116992e+05  0.000000e+00  0.000000e+00  0.000000e+00  0.000000e+00  0.000000e+00  0.000000e+00  0.000000e+00  0.000000e+00  0.000000e+00  0.000000e+00  0.000000e+00  0.000000e+00  0.000000e+00  0.000000e+00  0.000000e+00  0.000000e+00
2.375304e+05  0.000000e+00  0.000000e+00  0.000000e+00  0.000000e+00  0.000000e+00  0.000000e+00  0.000000e+00  0.000000e+00  0.000000e+00  0.000000e+00  0.000000e+00  0.000000e+00  0.000000e+00  0.000000e+00  0.000000e+00  0.000000e+00
2.665135e+05  0.000000e+00  0.000000e+00  0.000000e+00  0.000000e+00  0.000000e+00  0.000000e+00  0.000000e+00  0.000000e+00  0.000000e+00  0.000000e+00  0.000000e+00  0.000000e+00  0.000000e+00  0.000000e+00  0.000000e+00  0.000000e+00
2.990330e+05  0.000000e+00  0.000000e+00  0.000000e+00  0.000000e+00  0.000000e+00  0.000000e+00  0.000000e+00  0.000000e+00  0.000000e+00  0.000000e+00  0.000000e+00  0.000000e+00  0.000000e+00  0.000000e+00  0.000000e+00  0.000000e+00
3.355206e+05  0.000000e+00  0.000000e+00  0.000000e+00  0.000000e+00  0.000000e+00  0.000000e+00  0.000000e+00  0.000000e+00  0.000000e+00  0.000000e+00  0.000000e+00  0.000000e+00  0.000000e+00  0.000000e+00  0.000000e+00  0.000000e+00
3.764603e+05  0.000000e+00  0.000000e+00  0.000000e+00  0.000000e+00  0.000000e+00  0.000000e+00  0.000000e+00  0.000000e+00  0.000000e+00  0.000000e+00  0.000000e+00  0.000000e+00  0.000000e+00  0.000000e+00  0.000000e+00  0.000000e+00
4.223954e+05  0.000000e+00  0.000000e+00  0.000000e+00  0.000000e+00  0.000000e+00  0.000000e+00  0.000000e+00  0.000000e+00  0.000000e+00  0.000000e+00  0.000000e+00  0.000000e+00  0.000000e+00  0.000000e+00  0.000000e+00  0.000000e+00
4.739354e+05  0.000000e+00  0.000000e+00  0.000000e+00  0.000000e+00  0.000000e+00  0.000000e+00  0.000000e+00  0.000000e+00  0.000000e+00  0.000000e+00  0.000000e+00  0.000000e+00  0.000000e+00  0.000000e+00  0.000000e+00  0.000000e+00
5.317643e+05  0.000000e+00  0.000000e+00  0.000000e+00  0.000000e+00  0.000000e+00  0.000000e+00  0.000000e+00  0.000000e+00  0.000000e+00  0.000000e+00  0.000000e+00  0.000000e+00  0.000000e+00  0.000000e+00  0.000000e+00  0.000000e+00
5.966493e+05  0.000000e+00  0.000000e+00  0.000000e+00  0.000000e+00  0.000000e+00  0.000000e+00  0.000000e+00  0.000000e+00  0.000000e+00  0.000000e+00  0.000000e+00  0.000000e+00  0.000000e+00  0.000000e+00  0.000000e+00  0.000000e+00
6.694516e+05  0.000000e+00  0.000000e+00  0.000000e+00  0.000000e+00  0.000000e+00  0.000000e+00  0.000000e+00  0.000000e+00  0.000000e+00  0.000000e+00  0.000000e+00  0.000000e+00  0.000000e+00  0.000000e+00  0.000000e+00  0.000000e+00
7.511370e+05  0.000000e+00  0.000000e+00  0.000000e+00  0.000000e+00  0.000000e+00  0.000000e+00  0.000000e+00  0.000000e+00  0.000000e+00  0.000000e+00  0.000000e+00  0.000000e+00  0.000000e+00  0.000000e+00  0.000000e+00  0.000000e+00
8.427896e+05  0.000000e+00  0.000000e+00  0.000000e+00  0.000000e+00  0.000000e+00  0.000000e+00  0.000000e+00  0.000000e+00  0.000000e+00  0.000000e+00  0.000000e+00  0.000000e+00  0.000000e+00  0.000000e+00  0.000000e+00  0.000000e+00
9.456255e+05  0.000000e+00  0.000000e+00  0.000000e+00  0.000000e+00  0.000000e+00  0.000000e+00  0.000000e+00  0.000000e+00  0.000000e+00  0.000000e+00  0.000000e+00  0.000000e+00  0.000000e+00  0.000000e+00  0.000000e+00  0.000000e+00
