# dR/dEr [1/keV/kg/Myr]
# Er [keV], S, F, Ne, Cl, Na, Si, O, P, N, C, Al, Mg, Be, B, Ar, Li
1.061009e+01  3.967023e+00  3.543951e+00  0.000000e+00  0.000000e+00  2.239363e+00  0.000000e+00  2.165597e-01  0.000000e+00  0.000000e+00  0.000000e+00  0.000000e+00  0.000000e+00  1.128529e-01  0.000000e+00  0.000000e+00  0.000000e+00
1.190472e+01  1.180098e+00  8.233122e-01  0.000000e+00  0.000000e+00  3.792365e-01  0.000000e+00  0.000000e+00  0.000000e+00  0.000000e+00  0.000000e+00  0.000000e+00  0.000000e+00  0.000000e+00  0.000000e+00  0.000000e+00  0.000000e+00
1.335731e+01  1.769134e+00  4.176358e-01  0.000000e+00  0.000000e+00  0.000000e+00  0.000000e+00  0.000000e+00  0.000000e+00  0.000000e+00  0.000000e+00  0.000000e+00  0.000000e+00  0.000000e+00  0.000000e+00  0.000000e+00  0.000000e+00
1.498715e+01  4.348541e-01  9.902362e-01  0.000000e+00  0.000000e+00  2.661566e-01  0.000000e+00  6.933883e-02  0.000000e+00  0.000000e+00  0.000000e+00  0.000000e+00  0.000000e+00  0.000000e+00  0.000000e+00  0.000000e+00  0.000000e+00
1.681586e+01  1.075920e+00  7.674240e-01  1.538931e-01  0.000000e+00  3.092054e-01  6.179829e-02  0.000000e+00  0.000000e+00  0.000000e+00  0.000000e+00  0.000000e+00  0.000000e+00  0.000000e+00  0.000000e+00  0.000000e+00  0.000000e+00
1.886771e+01  7.327107e-01  7.433597e-01  0.000000e+00  0.000000e+00  1.371573e-01  0.000000e+00  0.000000e+00  0.000000e+00  0.000000e+00  0.000000e+00  0.000000e+00  0.000000e+00  0.000000e+00  0.000000e+00  0.000000e+00  0.000000e+00
2.116992e+01  7.818499e-01  1.006692e+00  0.000000e+00  0.000000e+00  1.498904e-01  0.000000e+00  6.475903e-02  0.000000e+00  0.000000e+00  0.000000e+00  3.272152e-01  0.000000e+00  0.000000e+00  0.000000e+00  0.000000e+00  0.000000e+00
2.375304e+01  1.442111e+00  2.724270e-01  3.051348e-01  0.000000e+00  6.333718e-01  0.000000e+00  1.089479e-01  0.000000e+00  0.000000e+00  0.000000e+00  0.000000e+00  0.000000e+00  0.000000e+00  0.000000e+00  0.000000e+00  0.000000e+00
2.665135e+01  1.466032e+00  1.097485e+00  5.143993e-02  5.257092e-02  8.091763e-02  0.000000e+00  0.000000e+00  3.674469e-01  0.000000e+00  0.000000e+00  0.000000e+00  0.000000e+00  0.000000e+00  0.000000e+00  0.000000e+00  0.000000e+00
2.990330e+01  1.494207e+00  6.709571e-01  6.102377e-02  0.000000e+00  4.868363e-01  0.000000e+00  8.059762e-02  0.000000e+00  0.000000e+00  0.000000e+00  1.268637e-01  0.000000e+00  3.190449e-01  0.000000e+00  0.000000e+00  0.000000e+00
3.355206e+01  1.953358e+00  6.582442e-01  7.028303e-02  0.000000e+00  1.354346e-01  0.000000e+00  3.403416e-01  0.000000e+00  0.000000e+00  0.000000e+00  2.953787e-01  0.000000e+00  5.133498e-01  0.000000e+00  0.000000e+00  0.000000e+00
3.764603e+01  2.551895e+00  9.417521e-01  6.071109e-03  3.641668e-02  5.843104e-01  0.000000e+00  5.428982e-02  0.000000e+00  0.000000e+00  0.000000e+00  0.000000e+00  0.000000e+00  9.830180e-03  0.000000e+00  0.000000e+00  0.000000e+00
4.223954e+01  2.187685e+00  1.063006e+00  1.893741e-01  0.000000e+00  5.049681e-01  0.000000e+00  5.796585e-02  0.000000e+00  0.000000e+00  0.000000e+00  1.850662e-01  0.000000e+00  8.268352e-01  0.000000e+00  0.000000e+00  0.000000e+00
4.739354e+01  2.710472e+00  1.078731e+00  2.892680e-02  7.868337e-02  1.403701e-01  0.000000e+00  1.038074e-01  0.000000e+00  0.000000e+00  0.000000e+00  0.000000e+00  0.000000e+00  4.381006e-01  0.000000e+00  0.000000e+00  0.000000e+00
5.317643e+01  2.610547e+00  5.439691e-01  7.110440e-02  0.000000e+00  5.704901e-01  0.000000e+00  1.374403e-01  0.000000e+00  0.000000e+00  0.000000e+00  1.302667e-01  0.000000e+00  0.000000e+00  0.000000e+00  0.000000e+00  0.000000e+00
5.966493e+01  3.086746e+00  1.293586e+00  7.951753e-02  4.039450e-02  4.696850e-01  0.000000e+00  3.367512e-01  0.000000e+00  0.000000e+00  0.000000e+00  1.489640e-01  0.000000e+00  7.730560e-02  0.000000e+00  0.000000e+00  0.000000e+00
6.694516e+01  3.605111e+00  1.097810e+00  1.344865e-01  0.000000e+00  4.506557e-01  0.000000e+00  5.958505e-02  0.000000e+00  8.623950e-02  0.000000e+00  1.353499e-01  0.000000e+00  2.091275e+00  0.000000e+00  0.000000e+00  0.000000e+00
7.511370e+01  3.786142e+00  1.468330e+00  2.315699e-01  4.522919e-02  3.421261e-01  0.000000e+00  1.050334e-01  0.000000e+00  0.000000e+00  0.000000e+00  1.064929e-01  0.000000e+00  6.099073e+02  0.000000e+00  0.000000e+00  0.000000e+00
8.427896e+01  4.722454e+00  1.459668e+00  7.648248e-02  1.699564e-01  4.153841e-01  0.000000e+00  3.033677e-01  0.000000e+00  0.000000e+00  0.000000e+00  0.000000e+00  0.000000e+00  7.324860e+02  0.000000e+00  0.000000e+00  0.000000e+00
9.456255e+01  4.521015e+00  1.183601e+00  1.779113e-01  5.261482e-02  6.031884e-01  0.000000e+00  5.621731e-02  0.000000e+00  6.197478e-02  0.000000e+00  9.218942e-04  0.000000e+00  5.635865e+02  0.000000e+00  0.000000e+00  0.000000e+00
1.061009e+02  5.112056e+00  1.638027e+00  1.574989e-01  1.802047e-02  5.275918e-01  0.000000e+00  9.344131e-02  0.000000e+00  0.000000e+00  8.376860e-02  1.253034e-01  0.000000e+00  4.197085e+02  0.000000e+00  0.000000e+00  0.000000e+00
1.190472e+02  5.487316e+00  2.078621e+00  1.885734e-01  4.382265e-02  7.607365e-01  0.000000e+00  8.490949e-02  0.000000e+00  8.729241e-03  7.611286e-02  3.628139e+02  0.000000e+00  3.122387e+02  0.000000e+00  5.937371e-02  0.000000e+00
1.335731e+02  6.258026e+00  2.080008e+00  2.142491e-01  1.711071e-03  5.968709e-01  0.000000e+00  8.325353e-02  0.000000e+00  0.000000e+00  0.000000e+00  3.083224e+02  0.000000e+00  2.328301e+02  0.000000e+00  0.000000e+00  0.000000e+00
1.498715e+02  1.481487e+01  2.478478e+00  9.562724e-02  3.247055e-02  2.880129e-01  0.000000e+00  3.264354e-01  0.000000e+00  2.750475e-02  6.933701e-02  2.307916e+02  0.000000e+00  1.746370e+02  0.000000e+00  0.000000e+00  0.000000e+00
1.681586e+02  2.101209e+01  2.653340e+00  1.687945e-01  3.092054e-02  3.794409e-01  5.184192e-04  2.555021e-01  0.000000e+00  6.302575e-02  0.000000e+00  1.780775e+02  0.000000e+00  1.275524e+02  0.000000e+00  0.000000e+00  0.000000e+00
1.886771e+02  1.263693e+01  2.798831e+00  1.393797e-01  2.959184e-02  6.271622e-01  1.277386e-02  2.914622e-01  9.551896e-03  9.551896e-03  0.000000e+00  1.281915e+02  0.000000e+00  9.080771e+01  0.000000e+00  0.000000e+00  0.000000e+00
2.116992e+02  5.713509e+00  3.682050e+00  1.541822e-01  1.151572e-01  3.645464e-01  8.513137e-03  1.572148e-01  0.000000e+00  0.000000e+00  4.117950e-04  1.035081e+02  0.000000e+00  6.374665e+01  0.000000e+00  1.079613e-03  0.000000e+00
2.375304e+02  4.218596e+00  1.652649e+01  2.230612e-01  8.464715e-02  4.585463e-01  3.307453e-03  2.647620e-01  1.725737e-02  0.000000e+00  4.374984e-03  7.725106e+01  0.000000e+00  4.790122e+01  0.000000e+00  1.665426e-02  0.000000e+00
2.665135e+02  3.526557e+00  1.388653e+01  2.050416e-01  1.032337e-01  6.741995e-01  8.848109e-03  1.779825e-01  0.000000e+00  6.762225e-03  3.752018e-02  5.547789e+01  0.000000e+00  3.167744e+01  0.000000e+00  0.000000e+00  0.000000e+00
2.990330e+02  2.357186e+00  2.319368e+00  1.148954e-01  4.408233e-02  4.973101e-01  1.192206e-02  3.078565e-01  4.720354e-04  1.237546e-03  1.959815e-02  4.274510e+01  0.000000e+00  2.326046e+01  0.000000e+00  0.000000e+00  0.000000e+00
3.355206e+02  2.169493e+00  2.201200e+00  1.459961e-01  7.209648e-02  4.855122e-01  5.371426e-03  2.066845e-01  4.682994e-03  4.086019e-03  3.118172e-02  3.181124e+01  1.374710e-02  1.710777e+01  0.000000e+00  0.000000e+00  2.786278e-03
3.764603e+02  1.458255e+00  1.623443e+00  2.244896e-01  1.058789e-01  5.102565e-01  4.014846e-02  1.556478e-01  0.000000e+00  6.263981e-03  0.000000e+00  2.031611e+01  0.000000e+00  1.202245e+01  0.000000e+00  0.000000e+00  0.000000e+00
4.223954e+02  9.432571e-01  1.530098e+00  1.095267e-01  8.444150e-02  4.744963e-01  3.579815e-03  1.814339e-01  3.178829e-02  4.600851e-03  2.199261e-02  1.545366e+01  0.000000e+00  6.148703e+00  0.000000e+00  5.410881e-04  0.000000e+00
4.739354e+02  8.562023e-01  1.300338e+00  1.694992e-01  9.346648e-02  4.274253e-01  2.164613e-02  2.768891e-01  2.559022e-02  2.066306e-02  0.000000e+00  1.031389e+01  0.000000e+00  4.497025e+00  2.066306e-02  0.000000e+00  0.000000e+00
5.317643e+02  7.364085e-01  9.528491e-01  2.214198e-01  5.426063e-02  3.656726e-01  1.003949e-02  1.443685e-01  2.683454e-02  2.586060e-02  1.905060e-02  8.672268e+00  0.000000e+00  3.269215e+00  1.639386e-04  7.439183e-03  0.000000e+00
5.966493e+02  6.710014e-01  8.822000e-01  2.190949e-01  1.457746e-01  3.592275e-01  2.725437e-02  2.051377e-01  2.559645e-02  8.389407e-03  1.599013e-02  5.770042e+00  0.000000e+00  2.303937e+00  0.000000e+00  6.202424e-04  0.000000e+00
6.694516e+02  5.607723e-01  7.903468e-01  2.530457e-01  1.704299e-01  3.668627e-01  1.927553e-02  1.967970e-01  9.829606e-03  7.388114e-03  1.017625e-02  3.958860e+00  0.000000e+00  1.464092e+00  0.000000e+00  0.000000e+00  0.000000e+00
7.511370e+02  4.372924e-01  5.933294e-01  1.695683e-01  1.302532e-01  2.325308e-01  9.327244e-03  1.503181e-01  1.506507e-02  1.544818e-02  7.186511e-03  2.804686e+00  0.000000e+00  9.790679e-01  0.000000e+00  0.000000e+00  0.000000e+00
8.427896e+02  3.128581e-01  5.499341e-01  1.615464e-01  1.008746e-01  2.870645e-01  5.930281e-03  1.621828e-01  4.424691e-03  6.295878e-03  3.194688e-02  1.474964e+00  0.000000e+00  5.538302e-01  0.000000e+00  9.716086e-03  0.000000e+00
9.456255e+02  3.113823e-01  3.961786e-01  2.117559e-01  9.831483e-02  2.384195e-01  1.936333e-02  1.687175e-01  1.323304e-02  0.000000e+00  1.877950e-02  1.300828e+00  1.481650e-03  3.584577e-01  0.000000e+00  0.000000e+00  0.000000e+00
1.061009e+03  2.682664e-01  2.685534e-01  2.094771e-01  1.300930e-01  2.134520e-01  1.462020e-02  1.482752e-01  1.353061e-02  3.215283e-02  1.043878e-02  8.805805e-01  0.000000e+00  1.539078e-01  6.761866e-03  4.347214e-03  0.000000e+00
1.190472e+03  1.944769e-01  2.376484e-01  1.829584e-01  1.369224e-01  1.171777e-01  1.872709e-02  1.041312e-01  2.731888e-02  8.689024e-03  3.906776e-02  5.566228e-01  0.000000e+00  1.235351e-01  0.000000e+00  0.000000e+00  0.000000e+00
1.335731e+03  1.814390e-01  2.484313e-01  1.626760e-01  9.561592e-02  1.050554e-01  1.742018e-02  1.094593e-01  9.446332e-03  1.767132e-02  1.000770e-02  2.458942e-01  0.000000e+00  6.762146e-02  6.130436e-03  0.000000e+00  0.000000e+00
1.498715e+03  1.147381e-01  1.827870e-01  1.212541e-01  1.261126e-01  9.597794e-02  4.159100e-02  1.184933e-01  2.754391e-02  2.826858e-02  1.789606e-02  1.271467e-01  1.363699e-03  7.618666e-02  0.000000e+00  0.000000e+00  2.625687e-03
1.681586e+03  7.052294e-02  1.800376e-01  1.110124e-01  9.402961e-02  1.118065e-01  1.697621e-02  7.172761e-02  2.737633e-02  2.251508e-02  2.091651e-02  1.519191e-01  0.000000e+00  3.355831e-02  6.030044e-03  0.000000e+00  5.559356e-04
1.886771e+03  8.563493e-02  1.302984e-01  1.176140e-01  1.025241e-01  9.831479e-02  2.258420e-02  6.769795e-02  2.389587e-02  1.222773e-02  2.161130e-02  7.485934e-02  5.783130e-03  1.249829e-03  1.221179e-02  3.173092e-04  0.000000e+00
2.116992e+03  5.472532e-02  1.325609e-01  6.618658e-02  7.112544e-02  4.564800e-02  1.541754e-02  5.778534e-02  1.936322e-02  8.427124e-03  1.443073e-02  4.793526e-02  3.643255e-03  1.594368e-02  1.079613e-04  0.000000e+00  1.079613e-04
2.375304e+03  3.976173e-02  7.111017e-02  7.880518e-02  1.143611e-01  5.523801e-02  3.643752e-02  5.322372e-02  1.301086e-02  6.813769e-03  7.078072e-03  4.879011e-02  5.942573e-05  0.000000e+00  2.916309e-03  0.000000e+00  3.778507e-03
2.665135e+03  2.938861e-02  6.335624e-02  5.660749e-02  1.127805e-01  2.879589e-02  1.272665e-02  3.506746e-02  2.859998e-02  7.918123e-03  1.531852e-02  3.288362e-02  6.835825e-03  4.248699e-03  3.579743e-03  0.000000e+00  4.166701e-03
2.990330e+03  1.515025e-02  4.232685e-02  4.151954e-02  7.845328e-02  2.113445e-02  2.539660e-02  2.639909e-02  1.774685e-02  1.772226e-02  1.913606e-02  2.444682e-02  5.048105e-03  0.000000e+00  3.314204e-03  0.000000e+00  6.497852e-03
3.355206e+03  1.005609e-02  5.331560e-02  5.321965e-02  9.200627e-02  1.292071e-02  2.406421e-02  1.083632e-02  1.451237e-02  7.290001e-03  1.218846e-02  9.284571e-03  4.027359e-03  1.881790e-03  1.130674e-03  0.000000e+00  9.410147e-05
3.764603e+03  4.676244e-03  2.374273e-02  3.997198e-02  5.495243e-02  9.688489e-03  2.736448e-02  7.790937e-03  9.207765e-03  1.073883e-02  1.579571e-02  1.323211e-02  2.993321e-03  2.315694e-05  2.456475e-03  0.000000e+00  7.935624e-03
4.223954e+03  1.986661e-03  1.206413e-02  2.114262e-02  4.242643e-02  6.699889e-03  9.554732e-03  9.155284e-03  1.398574e-02  9.896328e-03  1.381724e-02  8.367763e-03  3.758321e-03  0.000000e+00  3.672687e-03  0.000000e+00  5.048987e-03
4.739354e+03  1.687799e-03  1.457552e-02  2.073948e-02  4.517957e-02  5.666096e-03  1.410783e-02  3.172326e-03  1.085083e-02  5.600328e-03  8.746079e-03  7.294057e-03  2.684372e-03  1.263231e-04  6.343046e-04  0.000000e+00  2.611721e-03
5.317643e+03  1.925923e-03  1.484906e-02  1.982496e-02  2.569714e-02  2.496621e-03  1.344312e-02  1.869684e-03  1.715909e-02  8.649034e-03  1.115259e-02  6.793380e-03  3.092809e-03  0.000000e+00  4.675061e-03  0.000000e+00  3.715333e-03
5.966493e+03  2.613951e-03  8.828634e-03  1.203917e-02  2.010768e-02  2.575544e-03  1.114084e-02  3.515543e-03  1.284835e-02  5.790783e-03  6.759000e-03  5.975185e-04  1.534489e-03  0.000000e+00  1.589982e-03  0.000000e+00  1.925402e-03
6.694516e+03  2.108505e-05  6.787762e-03  9.573445e-03  1.659488e-02  1.813152e-03  2.040568e-02  2.195859e-03  8.588594e-03  6.168562e-03  6.713528e-03  6.229901e-03  3.190883e-03  0.000000e+00  1.355600e-03  0.000000e+00  1.396447e-04
7.511370e+03  8.861539e-04  5.760402e-03  5.925884e-03  7.744500e-03  1.564789e-03  1.321168e-02  2.722782e-03  8.669019e-03  1.300691e-03  4.141021e-03  8.570284e-04  2.404217e-03  0.000000e+00  3.329672e-04  0.000000e+00  5.324858e-03
8.427896e+03  1.054584e-03  6.076540e-03  3.097545e-03  7.100375e-03  1.477595e-03  1.596894e-02  1.677572e-03  1.373621e-02  2.380070e-03  2.867810e-03  2.150245e-03  3.387576e-03  0.000000e+00  2.101537e-04  0.000000e+00  2.399340e-03
9.456255e+03  0.000000e+00  1.436686e-03  2.776565e-03  9.849872e-03  1.112219e-03  9.667432e-03  2.416952e-05  5.895216e-03  2.888005e-03  1.977940e-03  4.003112e-03  4.866895e-03  0.000000e+00  1.838250e-03  0.000000e+00  4.011782e-04
1.061009e+04  0.000000e+00  2.316385e-03  1.108840e-03  5.985771e-03  6.744213e-04  8.325181e-03  2.451615e-03  2.714185e-03  3.924292e-04  2.797117e-03  3.399360e-03  1.774819e-03  0.000000e+00  1.330376e-05  0.000000e+00  1.727250e-03
1.190472e+04  0.000000e+00  8.134564e-05  7.852799e-05  3.608062e-03  0.000000e+00  3.486673e-03  7.322866e-06  9.128485e-04  2.371399e-05  2.957148e-03  2.335263e-03  6.161468e-04  0.000000e+00  9.699206e-04  0.000000e+00  1.657005e-03
1.335731e+04  0.000000e+00  1.622747e-03  1.465918e-03  3.656954e-03  0.000000e+00  2.073606e-03  2.770521e-05  1.327800e-03  2.734282e-04  2.239822e-03  1.785049e-03  7.656730e-04  0.000000e+00  0.000000e+00  0.000000e+00  1.362255e-03
1.498715e+04  0.000000e+00  6.577065e-04  1.363699e-04  9.064817e-04  0.000000e+00  1.662269e-03  0.000000e+00  1.192032e-03  3.077591e-04  6.329832e-04  3.049987e-05  5.935475e-04  0.000000e+00  2.466828e-05  0.000000e+00  1.541868e-03
1.681586e+04  0.000000e+00  3.263988e-04  8.394108e-06  4.831408e-04  0.000000e+00  2.512370e-03  5.184192e-06  5.946083e-04  0.000000e+00  1.215398e-04  8.331930e-05  7.760059e-05  0.000000e+00  1.498837e-03  0.000000e+00  1.245295e-03
1.886771e+04  0.000000e+00  4.363031e-04  0.000000e+00  5.432667e-04  0.000000e+00  1.545159e-03  0.000000e+00  1.034774e-03  0.000000e+00  0.000000e+00  9.738619e-04  6.348362e-04  0.000000e+00  9.367943e-04  0.000000e+00  1.791794e-03
2.116992e+04  0.000000e+00  4.117950e-06  0.000000e+00  8.369433e-04  0.000000e+00  2.159876e-05  0.000000e+00  4.198375e-04  0.000000e+00  0.000000e+00  0.000000e+00  4.625882e-04  0.000000e+00  1.128324e-03  0.000000e+00  4.198375e-04
2.375304e+04  0.000000e+00  0.000000e+00  0.000000e+00  3.670127e-06  0.000000e+00  5.398502e-04  3.935723e-05  1.500899e-04  0.000000e+00  1.941829e-04  4.016538e-04  1.188515e-05  0.000000e+00  0.000000e+00  0.000000e+00  8.967740e-04
2.665135e+04  0.000000e+00  3.507716e-05  0.000000e+00  3.718809e-04  0.000000e+00  0.000000e+00  0.000000e+00  0.000000e+00  0.000000e+00  2.246377e-05  0.000000e+00  0.000000e+00  0.000000e+00  0.000000e+00  0.000000e+00  3.507716e-05
2.990330e+04  0.000000e+00  0.000000e+00  0.000000e+00  1.930662e-04  0.000000e+00  0.000000e+00  0.000000e+00  0.000000e+00  0.000000e+00  0.000000e+00  0.000000e+00  3.122868e-04  0.000000e+00  4.382655e-04  0.000000e+00  2.751337e-04
3.355206e+04  0.000000e+00  0.000000e+00  0.000000e+00  0.000000e+00  0.000000e+00  0.000000e+00  0.000000e+00  0.000000e+00  0.000000e+00  0.000000e+00  0.000000e+00  6.811896e-06  0.000000e+00  1.179031e-04  0.000000e+00  3.568722e-05
3.764603e+04  0.000000e+00  0.000000e+00  0.000000e+00  5.428982e-05  0.000000e+00  0.000000e+00  0.000000e+00  0.000000e+00  0.000000e+00  0.000000e+00  0.000000e+00  1.533579e-04  0.000000e+00  5.428982e-05  0.000000e+00  2.315694e-06
4.223954e+04  0.000000e+00  0.000000e+00  0.000000e+00  3.317001e-05  0.000000e+00  0.000000e+00  0.000000e+00  3.785113e-04  0.000000e+00  0.000000e+00  0.000000e+00  1.884080e-04  0.000000e+00  0.000000e+00  0.000000e+00  0.000000e+00
4.739354e+04  0.000000e+00  0.000000e+00  0.000000e+00  0.000000e+00  0.000000e+00  0.000000e+00  0.000000e+00  1.839421e-06  0.000000e+00  0.000000e+00  0.000000e+00  3.140222e-05  0.000000e+00  1.218165e-04  0.000000e+00  0.000000e+00
5.317643e+04  0.000000e+00  0.000000e+00  0.000000e+00  0.000000e+00  0.000000e+00  0.000000e+00  0.000000e+00  0.000000e+00  0.000000e+00  0.000000e+00  0.000000e+00  0.000000e+00  0.000000e+00  0.000000e+00  0.000000e+00  0.000000e+00
5.966493e+04  0.000000e+00  0.000000e+00  0.000000e+00  0.000000e+00  0.000000e+00  0.000000e+00  0.000000e+00  0.000000e+00  0.000000e+00  0.000000e+00  0.000000e+00  0.000000e+00  0.000000e+00  0.000000e+00  0.000000e+00  0.000000e+00
6.694516e+04  0.000000e+00  0.000000e+00  0.000000e+00  0.000000e+00  0.000000e+00  0.000000e+00  0.000000e+00  0.000000e+00  0.000000e+00  0.000000e+00  0.000000e+00  0.000000e+00  0.000000e+00  0.000000e+00  0.000000e+00  5.455610e-05
7.511370e+04  0.000000e+00  0.000000e+00  0.000000e+00  0.000000e+00  0.000000e+00  0.000000e+00  0.000000e+00  0.000000e+00  0.000000e+00  0.000000e+00  0.000000e+00  0.000000e+00  0.000000e+00  0.000000e+00  0.000000e+00  1.300691e-04
8.427896e+04  0.000000e+00  0.000000e+00  0.000000e+00  0.000000e+00  0.000000e+00  0.000000e+00  0.000000e+00  0.000000e+00  0.000000e+00  0.000000e+00  0.000000e+00  0.000000e+00  0.000000e+00  0.000000e+00  0.000000e+00  0.000000e+00
9.456255e+04  0.000000e+00  0.000000e+00  0.000000e+00  0.000000e+00  0.000000e+00  0.000000e+00  0.000000e+00  0.000000e+00  0.000000e+00  0.000000e+00  0.000000e+00  0.000000e+00  0.000000e+00  0.000000e+00  0.000000e+00  0.000000e+00
1.061009e+05  0.000000e+00  0.000000e+00  0.000000e+00  0.000000e+00  0.000000e+00  0.000000e+00  0.000000e+00  0.000000e+00  0.000000e+00  0.000000e+00  0.000000e+00  0.000000e+00  0.000000e+00  0.000000e+00  0.000000e+00  0.000000e+00
1.190472e+05  0.000000e+00  0.000000e+00  0.000000e+00  0.000000e+00  0.000000e+00  0.000000e+00  0.000000e+00  0.000000e+00  0.000000e+00  0.000000e+00  0.000000e+00  0.000000e+00  0.000000e+00  0.000000e+00  0.000000e+00  0.000000e+00
1.335731e+05  0.000000e+00  0.000000e+00  0.000000e+00  0.000000e+00  0.000000e+00  0.000000e+00  0.000000e+00  0.000000e+00  0.000000e+00  0.000000e+00  0.000000e+00  0.000000e+00  0.000000e+00  0.000000e+00  0.000000e+00  0.000000e+00
1.498715e+05  0.000000e+00  0.000000e+00  0.000000e+00  0.000000e+00  0.000000e+00  0.000000e+00  0.000000e+00  0.000000e+00  0.000000e+00  0.000000e+00  0.000000e+00  0.000000e+00  0.000000e+00  0.000000e+00  0.000000e+00  0.000000e+00
1.681586e+05  0.000000e+00  0.000000e+00  0.000000e+00  0.000000e+00  0.000000e+00  0.000000e+00  0.000000e+00  0.000000e+00  0.000000e+00  0.000000e+00  0.000000e+00  0.000000e+00  0.000000e+00  0.000000e+00  0.000000e+00  0.000000e+00
1.886771e+05  0.000000e+00  0.000000e+00  0.000000e+00  0.000000e+00  0.000000e+00  0.000000e+00  0.000000e+00  0.000000e+00  0.000000e+00  0.000000e+00  0.000000e+00  0.000000e+00  0.000000e+00  0.000000e+00  0.000000e+00  0.000000e+00
2.116992e+05  0.000000e+00  0.000000e+00  0.000000e+00  0.000000e+00  0.000000e+00  0.000000e+00  0.000000e+00  0.000000e+00  0.000000e+00  0.000000e+00  0.000000e+00  0.000000e+00  0.000000e+00  0.000000e+00  0.000000e+00  0.000000e+00
2.375304e+05  0.000000e+00  0.000000e+00  0.000000e+00  0.000000e+00  0.000000e+00  0.000000e+00  0.000000e+00  0.000000e+00  0.000000e+00  0.000000e+00  0.000000e+00  0.000000e+00  0.000000e+00  0.000000e+00  0.000000e+00  0.000000e+00
2.665135e+05  0.000000e+00  0.000000e+00  0.000000e+00  0.000000e+00  0.000000e+00  0.000000e+00  0.000000e+00  0.000000e+00  0.000000e+00  0.000000e+00  0.000000e+00  0.000000e+00  0.000000e+00  0.000000e+00  0.000000e+00  0.000000e+00
2.990330e+05  0.000000e+00  0.000000e+00  0.000000e+00  0.000000e+00  0.000000e+00  0.000000e+00  0.000000e+00  0.000000e+00  0.000000e+00  0.000000e+00  0.000000e+00  0.000000e+00  0.000000e+00  0.000000e+00  0.000000e+00  0.000000e+00
3.355206e+05  0.000000e+00  0.000000e+00  0.000000e+00  0.000000e+00  0.000000e+00  0.000000e+00  0.000000e+00  0.000000e+00  0.000000e+00  0.000000e+00  0.000000e+00  0.000000e+00  0.000000e+00  0.000000e+00  0.000000e+00  0.000000e+00
3.764603e+05  0.000000e+00  0.000000e+00  0.000000e+00  0.000000e+00  0.000000e+00  0.000000e+00  0.000000e+00  0.000000e+00  0.000000e+00  0.000000e+00  0.000000e+00  0.000000e+00  0.000000e+00  0.000000e+00  0.000000e+00  0.000000e+00
4.223954e+05  0.000000e+00  0.000000e+00  0.000000e+00  0.000000e+00  0.000000e+00  0.000000e+00  0.000000e+00  0.000000e+00  0.000000e+00  0.000000e+00  0.000000e+00  0.000000e+00  0.000000e+00  0.000000e+00  0.000000e+00  0.000000e+00
4.739354e+05  0.000000e+00  0.000000e+00  0.000000e+00  0.000000e+00  0.000000e+00  0.000000e+00  0.000000e+00  0.000000e+00  0.000000e+00  0.000000e+00  0.000000e+00  0.000000e+00  0.000000e+00  0.000000e+00  0.000000e+00  0.000000e+00
5.317643e+05  0.000000e+00  0.000000e+00  0.000000e+00  0.000000e+00  0.000000e+00  0.000000e+00  0.000000e+00  0.000000e+00  0.000000e+00  0.000000e+00  0.000000e+00  0.000000e+00  0.000000e+00  0.000000e+00  0.000000e+00  0.000000e+00
5.966493e+05  0.000000e+00  0.000000e+00  0.000000e+00  0.000000e+00  0.000000e+00  0.000000e+00  0.000000e+00  0.000000e+00  0.000000e+00  0.000000e+00  0.000000e+00  0.000000e+00  0.000000e+00  0.000000e+00  0.000000e+00  0.000000e+00
6.694516e+05  0.000000e+00  0.000000e+00  0.000000e+00  0.000000e+00  0.000000e+00  0.000000e+00  0.000000e+00  0.000000e+00  0.000000e+00  0.000000e+00  0.000000e+00  0.000000e+00  0.000000e+00  0.000000e+00  0.000000e+00  0.000000e+00
7.511370e+05  0.000000e+00  0.000000e+00  0.000000e+00  0.000000e+00  0.000000e+00  0.000000e+00  0.000000e+00  0.000000e+00  0.000000e+00  0.000000e+00  0.000000e+00  0.000000e+00  0.000000e+00  0.000000e+00  0.000000e+00  0.000000e+00
8.427896e+05  0.000000e+00  0.000000e+00  0.000000e+00  0.000000e+00  0.000000e+00  0.000000e+00  0.000000e+00  0.000000e+00  0.000000e+00  0.000000e+00  0.000000e+00  0.000000e+00  0.000000e+00  0.000000e+00  0.000000e+00  0.000000e+00
9.456255e+05  0.000000e+00  0.000000e+00  0.000000e+00  0.000000e+00  0.000000e+00  0.000000e+00  0.000000e+00  0.000000e+00  0.000000e+00  0.000000e+00  0.000000e+00  0.000000e+00  0.000000e+00  0.000000e+00  0.000000e+00  0.000000e+00
