# dR/dEr [1/keV/kg/Myr]
# Er [keV], S, F, Ne, Cl, Na, Si, O, P, N, C, Al, Mg, Be, B, Ar, Li
1.061009e+01  1.163932e+00  1.095502e+00  0.000000e+00  0.000000e+00  7.659853e-01  0.000000e+00  6.190486e-02  0.000000e+00  0.000000e+00  0.000000e+00  0.000000e+00  0.000000e+00  6.293980e-02  0.000000e+00  0.000000e+00  0.000000e+00
1.190472e+01  3.080849e-01  2.965270e-01  0.000000e+00  0.000000e+00  9.910523e-02  0.000000e+00  0.000000e+00  0.000000e+00  0.000000e+00  0.000000e+00  0.000000e+00  0.000000e+00  0.000000e+00  0.000000e+00  0.000000e+00  0.000000e+00
1.335731e+01  4.661629e-01  1.282119e-01  0.000000e+00  0.000000e+00  0.000000e+00  0.000000e+00  0.000000e+00  0.000000e+00  0.000000e+00  0.000000e+00  0.000000e+00  0.000000e+00  0.000000e+00  0.000000e+00  0.000000e+00  0.000000e+00
1.498715e+01  1.135168e-01  3.167927e-01  0.000000e+00  0.000000e+00  9.431229e-02  0.000000e+00  1.802130e-02  0.000000e+00  0.000000e+00  0.000000e+00  0.000000e+00  0.000000e+00  0.000000e+00  0.000000e+00  0.000000e+00  0.000000e+00
1.681586e+01  2.808668e-01  2.133516e-01  4.012958e-02  0.000000e+00  8.087157e-02  1.606150e-02  0.000000e+00  0.000000e+00  0.000000e+00  0.000000e+00  0.000000e+00  0.000000e+00  0.000000e+00  0.000000e+00  0.000000e+00  0.000000e+00
1.886771e+01  1.911672e-01  2.020801e-01  0.000000e+00  0.000000e+00  3.576553e-02  0.000000e+00  0.000000e+00  0.000000e+00  0.000000e+00  0.000000e+00  0.000000e+00  0.000000e+00  0.000000e+00  0.000000e+00  0.000000e+00  0.000000e+00
2.116992e+01  2.127385e-01  3.046071e-01  0.000000e+00  0.000000e+00  3.911935e-02  0.000000e+00  1.687104e-02  0.000000e+00  0.000000e+00  0.000000e+00  1.304292e-01  0.000000e+00  0.000000e+00  0.000000e+00  0.000000e+00  0.000000e+00
2.375304e+01  3.903244e-01  7.116219e-02  8.599514e-02  0.000000e+00  1.868852e-01  0.000000e+00  2.840957e-02  0.000000e+00  0.000000e+00  0.000000e+00  0.000000e+00  0.000000e+00  0.000000e+00  0.000000e+00  0.000000e+00  0.000000e+00
2.665135e+01  4.192725e-01  3.422263e-01  1.340115e-02  2.771564e-02  2.104875e-02  0.000000e+00  0.000000e+00  1.152198e-01  0.000000e+00  0.000000e+00  0.000000e+00  0.000000e+00  0.000000e+00  0.000000e+00  0.000000e+00  0.000000e+00
2.990330e+01  4.099975e-01  1.768844e-01  1.584798e-02  0.000000e+00  1.902636e-01  0.000000e+00  2.097583e-02  0.000000e+00  0.000000e+00  0.000000e+00  6.140991e-02  0.000000e+00  1.125020e-01  0.000000e+00  0.000000e+00  0.000000e+00
3.355206e+01  5.319245e-01  1.875403e-01  1.844425e-02  0.000000e+00  3.532755e-02  0.000000e+00  9.777357e-02  0.000000e+00  0.000000e+00  0.000000e+00  1.068401e-01  0.000000e+00  2.147564e-01  0.000000e+00  0.000000e+00  0.000000e+00
3.764603e+01  7.325323e-01  3.377364e-01  3.861714e-03  9.487285e-03  1.902547e-01  0.000000e+00  2.744563e-02  0.000000e+00  0.000000e+00  0.000000e+00  0.000000e+00  0.000000e+00  5.857844e-03  0.000000e+00  0.000000e+00  0.000000e+00
4.223954e+01  6.336705e-01  3.045009e-01  7.242209e-02  0.000000e+00  1.355433e-01  0.000000e+00  1.800921e-02  0.000000e+00  0.000000e+00  0.000000e+00  8.190983e-02  0.000000e+00  2.578746e-01  0.000000e+00  0.000000e+00  0.000000e+00
4.739354e+01  7.422946e-01  2.878472e-01  7.536018e-03  2.059355e-02  4.445729e-02  0.000000e+00  2.703446e-02  0.000000e+00  0.000000e+00  0.000000e+00  0.000000e+00  0.000000e+00  1.721172e-01  0.000000e+00  0.000000e+00  0.000000e+00
5.317643e+01  7.336257e-01  1.427973e-01  1.851206e-02  0.000000e+00  1.973997e-01  0.000000e+00  3.577791e-02  0.000000e+00  0.000000e+00  0.000000e+00  5.192480e-02  0.000000e+00  0.000000e+00  0.000000e+00  0.000000e+00  0.000000e+00
5.966493e+01  8.325406e-01  3.801746e-01  2.071218e-02  1.051282e-02  1.543308e-01  0.000000e+00  1.162164e-01  0.000000e+00  0.000000e+00  0.000000e+00  5.479662e-02  0.000000e+00  3.474773e-02  0.000000e+00  0.000000e+00  0.000000e+00
6.694516e+01  9.956460e-01  3.295362e-01  3.506217e-02  0.000000e+00  1.220224e-01  0.000000e+00  2.111389e-02  0.000000e+00  3.624780e-02  0.000000e+00  3.975884e-02  0.000000e+00  6.780568e-01  0.000000e+00  0.000000e+00  0.000000e+00
7.511370e+01  1.051344e+00  4.081128e-01  7.063616e-02  1.183447e-02  9.740857e-02  0.000000e+00  2.750282e-02  0.000000e+00  0.000000e+00  0.000000e+00  4.072593e-02  0.000000e+00  2.057214e+02  0.000000e+00  0.000000e+00  0.000000e+00
8.427896e+01  1.283162e+00  3.989763e-01  1.997025e-02  5.531938e-02  1.142569e-01  0.000000e+00  9.039036e-02  0.000000e+00  0.000000e+00  0.000000e+00  0.000000e+00  0.000000e+00  2.459262e+02  0.000000e+00  0.000000e+00  0.000000e+00
9.456255e+01  1.229842e+00  3.268358e-01  5.075079e-02  1.373851e-02  1.946600e-01  0.000000e+00  1.601248e-02  0.000000e+00  2.632961e-02  0.000000e+00  6.681359e-04  0.000000e+00  1.893600e+02  0.000000e+00  0.000000e+00  0.000000e+00
1.061009e+02  1.366612e+00  4.713791e-01  5.476646e-02  5.062044e-03  1.492088e-01  0.000000e+00  2.674278e-02  0.000000e+00  0.000000e+00  3.081441e-02  3.964095e-02  0.000000e+00  1.406060e+02  0.000000e+00  0.000000e+00  0.000000e+00
1.190472e+02  1.458273e+00  5.938134e-01  5.016578e-02  1.563558e-02  2.435069e-01  0.000000e+00  2.450432e-02  0.000000e+00  2.268748e-03  2.235804e-02  1.210903e+02  0.000000e+00  1.049768e+02  0.000000e+00  2.399900e-02  0.000000e+00
1.335731e+02  1.683394e+00  5.827799e-01  6.629163e-02  1.088379e-03  1.710706e-01  0.000000e+00  2.300911e-02  0.000000e+00  0.000000e+00  0.000000e+00  1.030710e+02  0.000000e+00  7.844887e+01  0.000000e+00  0.000000e+00  0.000000e+00
1.498715e+02  3.926762e+00  6.889272e-01  2.552707e-02  9.089064e-03  7.937913e-02  0.000000e+00  1.065639e-01  0.000000e+00  1.049829e-02  2.271720e-02  7.730555e+01  0.000000e+00  5.889794e+01  0.000000e+00  0.000000e+00  0.000000e+00
1.681586e+02  5.538686e+00  7.684178e-01  4.700975e-02  8.087157e-03  1.186151e-01  3.757204e-04  8.061994e-02  0.000000e+00  2.132085e-02  0.000000e+00  6.013673e+01  0.000000e+00  4.275285e+01  0.000000e+00  0.000000e+00  0.000000e+00
1.886771e+02  3.378362e+00  7.658008e-01  4.075097e-02  7.713708e-03  1.766445e-01  3.324445e-03  9.138306e-02  2.496301e-03  2.496301e-03  0.000000e+00  4.319915e+01  0.000000e+00  3.034370e+01  0.000000e+00  0.000000e+00  0.000000e+00
2.116992e+02  1.558500e+00  1.024757e+00  4.486628e-02  3.371324e-02  1.129317e-01  2.224830e-03  4.686043e-02  0.000000e+00  0.000000e+00  2.984453e-04  3.491378e+01  0.000000e+00  2.147720e+01  0.000000e+00  6.867207e-04  0.000000e+00
2.375304e+02  1.150960e+00  4.356549e+00  6.347424e-02  2.594610e-02  1.404170e-01  8.580749e-04  8.650911e-02  5.037358e-03  0.000000e+00  1.137067e-03  2.600234e+01  0.000000e+00  1.624504e+01  0.000000e+00  4.426070e-03  0.000000e+00
2.665135e+02  9.706329e-01  3.667341e+00  5.827576e-02  3.101050e-02  2.021214e-01  2.321993e-03  5.770644e-02  0.000000e+00  1.767246e-03  1.219971e-02  1.859932e+01  0.000000e+00  1.067012e+01  0.000000e+00  0.000000e+00  0.000000e+00
2.990330e+02  6.785657e-01  6.446334e-01  3.186799e-02  1.318810e-02  1.516339e-01  5.654830e-03  9.064181e-02  3.204959e-04  7.374588e-04  8.326154e-03  1.442315e+01  0.000000e+00  7.803813e+00  0.000000e+00  0.000000e+00  0.000000e+00
3.355206e+02  6.269078e-01  6.237825e-01  4.078938e-02  2.222616e-02  1.435218e-01  1.403773e-03  5.901955e-02  1.214941e-03  1.064491e-03  1.013446e-02  1.069154e+01  6.179117e-03  5.733866e+00  0.000000e+00  0.000000e+00  1.491680e-03
3.764603e+02  4.284572e-01  4.554384e-01  6.744034e-02  3.179267e-02  1.437196e-01  1.711079e-02  4.775231e-02  0.000000e+00  1.643845e-03  0.000000e+00  6.863309e+00  0.000000e+00  4.004504e+00  0.000000e+00  0.000000e+00  0.000000e+00
4.223954e+02  2.768506e-01  4.458927e-01  3.031946e-02  2.608809e-02  1.399947e-01  1.072449e-03  5.326802e-02  1.115523e-02  1.341950e-03  6.645528e-03  5.160787e+00  0.000000e+00  2.061007e+00  0.000000e+00  3.441756e-04  0.000000e+00
4.739354e+02  2.569937e-01  3.807830e-01  4.801832e-02  2.745550e-02  1.236871e-01  7.652088e-03  8.987931e-02  7.550907e-03  6.479285e-03  0.000000e+00  3.489852e+00  0.000000e+00  1.528296e+00  6.479285e-03  0.000000e+00  0.000000e+00
5.317643e+02  2.263492e-01  2.964033e-01  6.949252e-02  1.607950e-02  1.013195e-01  2.852942e-03  4.176343e-02  9.025843e-03  7.715326e-03  7.467273e-03  2.952047e+00  0.000000e+00  1.094795e+00  1.188132e-04  1.977053e-03  0.000000e+00
5.966493e+02  2.086626e-01  2.737828e-01  6.536359e-02  4.814226e-02  1.010871e-01  9.066794e-03  6.544880e-02  8.148265e-03  2.816811e-03  5.638458e-03  1.943625e+00  0.000000e+00  7.670722e-01  0.000000e+00  3.696049e-04  0.000000e+00
6.694516e+02  1.757631e-01  2.521376e-01  7.678817e-02  5.318363e-02  1.045558e-01  5.679273e-03  5.938123e-02  2.766984e-03  1.932412e-03  4.028226e-03  1.327668e+00  0.000000e+00  4.897181e-01  0.000000e+00  0.000000e+00  0.000000e+00
7.511370e+02  1.364828e-01  1.832543e-01  5.177767e-02  3.987627e-02  6.622301e-02  4.126540e-03  4.544836e-02  5.024372e-03  4.665057e-03  3.031457e-03  9.335241e-01  0.000000e+00  3.378067e-01  0.000000e+00  0.000000e+00  0.000000e+00
8.427896e+02  1.044173e-01  1.744309e-01  5.012368e-02  2.782670e-02  8.307811e-02  1.544941e-03  4.771694e-02  1.158060e-03  2.691851e-03  1.146247e-02  5.009009e-01  0.000000e+00  1.938682e-01  0.000000e+00  2.788367e-03  0.000000e+00
9.456255e+02  9.968401e-02  1.255511e-01  6.356563e-02  2.959090e-02  7.022495e-02  6.292056e-03  4.838892e-02  3.652268e-03  0.000000e+00  7.200865e-03  4.402118e-01  7.811329e-04  1.201904e-01  0.000000e+00  0.000000e+00  0.000000e+00
1.061009e+03  8.628114e-02  8.342740e-02  6.421682e-02  3.934791e-02  6.417797e-02  4.361969e-03  4.342241e-02  4.352892e-03  1.005473e-02  3.626467e-03  2.994021e-01  0.000000e+00  5.265429e-02  2.983267e-03  1.954009e-03  0.000000e+00
1.190472e+03  6.335556e-02  7.436428e-02  5.513440e-02  4.110862e-02  3.258886e-02  5.265183e-03  3.076819e-02  1.032493e-02  2.999395e-03  1.492540e-02  1.957327e-01  0.000000e+00  3.870328e-02  0.000000e+00  0.000000e+00  0.000000e+00
1.335731e+03  5.781183e-02  8.076845e-02  5.036440e-02  2.923378e-02  2.964935e-02  6.522341e-03  3.059230e-02  3.048989e-03  6.034136e-03  4.104351e-03  8.532755e-02  0.000000e+00  2.321366e-02  1.759341e-03  0.000000e+00  0.000000e+00
1.498715e+03  3.628131e-02  5.979405e-02  3.803110e-02  3.923044e-02  3.087318e-02  1.474009e-02  3.540176e-02  8.570351e-03  8.956484e-03  6.841937e-03  4.256099e-02  6.894031e-04  2.442194e-02  0.000000e+00  0.000000e+00  1.275429e-03
1.681586e+03  2.431445e-02  5.695598e-02  3.563607e-02  2.752011e-02  3.326868e-02  5.810364e-03  2.013174e-02  9.465811e-03  7.090152e-03  6.689603e-03  5.036981e-02  0.000000e+00  1.104213e-02  1.891264e-03  0.000000e+00  2.976293e-04
1.886771e+03  2.842900e-02  4.408072e-02  3.749213e-02  2.927155e-02  3.014084e-02  7.663657e-03  2.001162e-02  7.983990e-03  3.687249e-03  7.557920e-03  2.461110e-02  1.972333e-03  3.279903e-04  4.614678e-03  1.769683e-04  0.000000e+00
2.116992e+03  1.744459e-02  4.320029e-02  2.062962e-02  2.149841e-02  1.541331e-02  4.544968e-03  1.724548e-02  6.287607e-03  3.239377e-03  5.216955e-03  1.670557e-02  1.400570e-03  5.366161e-03  6.867207e-05  0.000000e+00  6.867207e-05
2.375304e+03  1.461740e-02  2.328940e-02  2.562097e-02  3.493485e-02  1.820076e-02  1.207238e-02  1.567772e-02  3.848541e-03  1.975820e-03  2.872384e-03  1.665408e-02  4.034804e-05  0.000000e+00  1.162451e-03  0.000000e+00  1.403028e-03
2.665135e+03  9.473858e-03  2.130800e-02  1.793717e-02  3.522197e-02  9.946489e-03  3.819820e-03  1.080672e-02  8.883854e-03  2.543159e-03  4.536666e-03  1.159655e-02  2.088484e-03  1.609954e-03  1.262293e-03  0.000000e+00  1.386377e-03
2.990330e+03  5.921446e-03  1.373557e-02  1.349758e-02  2.348185e-02  7.241345e-03  8.453187e-03  8.143412e-03  6.262272e-03  6.536974e-03  7.188777e-03  8.026037e-03  2.115999e-03  0.000000e+00  1.198766e-03  0.000000e+00  2.051136e-03
3.355206e+03  3.275621e-03  1.764270e-02  1.767026e-02  2.942123e-02  4.510654e-03  8.315616e-03  2.915228e-03  5.429297e-03  2.445981e-03  4.497002e-03  3.536735e-03  1.373627e-03  5.222353e-04  5.473164e-04  0.000000e+00  6.215977e-05
3.764603e+03  1.888424e-03  8.355164e-03  1.371314e-02  1.749644e-02  3.191645e-03  9.423429e-03  2.112184e-03  3.084641e-03  4.334852e-03  5.737402e-03  4.723949e-03  1.375885e-03  1.678282e-05  8.274986e-04  0.000000e+00  3.082516e-03
4.223954e+03  9.132298e-04  3.839192e-03  7.286802e-03  1.372937e-02  2.451108e-03  3.243084e-03  3.033635e-03  4.964151e-03  3.408322e-03  5.263844e-03  2.912814e-03  1.574934e-03  0.000000e+00  1.347548e-03  0.000000e+00  1.980179e-03
4.739354e+03  6.454625e-04  5.230486e-03  7.236721e-03  1.480867e-02  2.081589e-03  5.295285e-03  9.717381e-04  3.695458e-03  2.104251e-03  3.146355e-03  2.550744e-03  9.324492e-04  7.045234e-05  3.148247e-04  0.000000e+00  1.225169e-03
5.317643e+03  5.693479e-04  5.255612e-03  7.180868e-03  8.289984e-03  1.114483e-03  5.157442e-03  6.014977e-04  5.546254e-03  2.941235e-03  4.228043e-03  2.855939e-03  1.120097e-03  0.000000e+00  1.690007e-03  0.000000e+00  1.380450e-03
5.966493e+03  1.002678e-03  3.182120e-03  4.355416e-03  6.773876e-03  1.000586e-03  3.672375e-03  1.357180e-03  4.409689e-03  2.225318e-03  2.348434e-03  2.834128e-04  6.710917e-04  0.000000e+00  6.039285e-04  0.000000e+00  6.793315e-04
6.694516e+03  1.431603e-05  2.546768e-03  3.529973e-03  5.454665e-03  7.767999e-04  7.329940e-03  9.351457e-04  3.361868e-03  2.171702e-03  2.337330e-03  2.239477e-03  9.604200e-04  0.000000e+00  5.460296e-04  0.000000e+00  7.476109e-05
7.511370e+03  4.135650e-04  2.206590e-03  2.140843e-03  2.710709e-03  5.379827e-04  4.813984e-03  9.140748e-04  3.445207e-03  3.940426e-04  1.552089e-03  4.393761e-04  8.665605e-04  0.000000e+00  1.753241e-04  0.000000e+00  1.858077e-03
8.427896e+03  3.879304e-04  2.279117e-03  1.115428e-03  2.841591e-03  5.885713e-04  5.544911e-03  5.537585e-04  4.623940e-03  8.267658e-04  1.065782e-03  6.316315e-04  1.251846e-03  0.000000e+00  1.138106e-04  0.000000e+00  1.050904e-03
9.456255e+03  0.000000e+00  5.413458e-04  8.924571e-04  3.578193e-03  3.900107e-04  3.334659e-03  1.537376e-05  2.152730e-03  9.633348e-04  6.894235e-04  1.375731e-03  1.874243e-03  0.000000e+00  6.469849e-04  0.000000e+00  1.941952e-04
1.061009e+04  0.000000e+00  8.280459e-04  4.269082e-04  2.178426e-03  2.739423e-04  2.912645e-03  9.975137e-04  9.471401e-04  1.938610e-04  1.009162e-03  1.194810e-03  5.298221e-04  0.000000e+00  9.032801e-06  0.000000e+00  6.518047e-04
1.190472e+04  0.000000e+00  4.830988e-05  4.204125e-05  1.309126e-03  0.000000e+00  1.332166e-03  5.307192e-06  4.502222e-04  1.610099e-05  1.043743e-03  7.711584e-04  1.768900e-04  0.000000e+00  4.076727e-04  0.000000e+00  7.246146e-04
1.335731e+04  0.000000e+00  6.378832e-04  5.077312e-04  1.259778e-03  0.000000e+00  8.044372e-04  1.650965e-05  5.101306e-04  1.313259e-04  7.379414e-04  6.803120e-04  3.225960e-04  0.000000e+00  0.000000e+00  0.000000e+00  5.686679e-04
1.498715e+04  0.000000e+00  2.017048e-04  6.894031e-05  4.008368e-04  0.000000e+00  6.107402e-04  0.000000e+00  3.736847e-04  1.383332e-04  2.404283e-04  1.940037e-05  1.907485e-04  0.000000e+00  1.609492e-05  0.000000e+00  6.068695e-04
1.681586e+04  0.000000e+00  1.668126e-04  5.699312e-06  2.058162e-04  0.000000e+00  9.110500e-04  3.757204e-06  2.456986e-04  0.000000e+00  6.144311e-05  4.392633e-05  4.287700e-05  0.000000e+00  5.777990e-04  0.000000e+00  4.609369e-04
1.886771e+04  0.000000e+00  1.845581e-04  0.000000e+00  1.777888e-04  0.000000e+00  5.669324e-04  0.000000e+00  3.315330e-04  0.000000e+00  0.000000e+00  3.642611e-04  2.225930e-04  0.000000e+00  3.172270e-04  0.000000e+00  7.251661e-04
2.116992e+04  0.000000e+00  2.984453e-06  0.000000e+00  3.367223e-04  0.000000e+00  1.340134e-05  0.000000e+00  1.544379e-04  0.000000e+00  0.000000e+00  0.000000e+00  1.450531e-04  0.000000e+00  3.653301e-04  0.000000e+00  1.544379e-04
2.375304e+04  0.000000e+00  0.000000e+00  0.000000e+00  2.659897e-06  0.000000e+00  2.181170e-04  2.107054e-05  7.119009e-05  0.000000e+00  8.728235e-05  1.416317e-04  8.069608e-06  0.000000e+00  0.000000e+00  0.000000e+00  3.306497e-04
2.665135e+04  0.000000e+00  1.877914e-05  0.000000e+00  1.146523e-04  0.000000e+00  0.000000e+00  0.000000e+00  0.000000e+00  0.000000e+00  1.252839e-05  0.000000e+00  0.000000e+00  0.000000e+00  0.000000e+00  0.000000e+00  1.877914e-05
2.990330e+04  0.000000e+00  0.000000e+00  0.000000e+00  8.114870e-05  0.000000e+00  0.000000e+00  0.000000e+00  0.000000e+00  0.000000e+00  0.000000e+00  0.000000e+00  1.376970e-04  0.000000e+00  1.690503e-04  0.000000e+00  1.076167e-04
3.355206e+04  0.000000e+00  0.000000e+00  0.000000e+00  0.000000e+00  0.000000e+00  0.000000e+00  0.000000e+00  0.000000e+00  0.000000e+00  0.000000e+00  0.000000e+00  4.332914e-06  0.000000e+00  3.133417e-05  0.000000e+00  1.990331e-05
3.764603e+04  0.000000e+00  0.000000e+00  0.000000e+00  2.744563e-05  0.000000e+00  0.000000e+00  0.000000e+00  0.000000e+00  0.000000e+00  0.000000e+00  0.000000e+00  6.445871e-05  0.000000e+00  2.744563e-05  0.000000e+00  1.678282e-06
4.223954e+04  0.000000e+00  0.000000e+00  0.000000e+00  1.748739e-05  0.000000e+00  0.000000e+00  0.000000e+00  1.283830e-04  0.000000e+00  0.000000e+00  0.000000e+00  8.417876e-05  0.000000e+00  0.000000e+00  0.000000e+00  0.000000e+00
4.739354e+04  0.000000e+00  0.000000e+00  0.000000e+00  0.000000e+00  0.000000e+00  0.000000e+00  0.000000e+00  1.333106e-06  0.000000e+00  0.000000e+00  0.000000e+00  1.691876e-05  0.000000e+00  5.120137e-05  0.000000e+00  0.000000e+00
5.317643e+04  0.000000e+00  0.000000e+00  0.000000e+00  0.000000e+00  0.000000e+00  0.000000e+00  0.000000e+00  0.000000e+00  0.000000e+00  0.000000e+00  0.000000e+00  0.000000e+00  0.000000e+00  0.000000e+00  0.000000e+00  0.000000e+00
5.966493e+04  0.000000e+00  0.000000e+00  0.000000e+00  0.000000e+00  0.000000e+00  0.000000e+00  0.000000e+00  0.000000e+00  0.000000e+00  0.000000e+00  0.000000e+00  0.000000e+00  0.000000e+00  0.000000e+00  0.000000e+00  0.000000e+00
6.694516e+04  0.000000e+00  0.000000e+00  0.000000e+00  0.000000e+00  0.000000e+00  0.000000e+00  0.000000e+00  0.000000e+00  0.000000e+00  0.000000e+00  0.000000e+00  0.000000e+00  0.000000e+00  0.000000e+00  0.000000e+00  2.620296e-05
7.511370e+04  0.000000e+00  0.000000e+00  0.000000e+00  0.000000e+00  0.000000e+00  0.000000e+00  0.000000e+00  0.000000e+00  0.000000e+00  0.000000e+00  0.000000e+00  0.000000e+00  0.000000e+00  0.000000e+00  0.000000e+00  3.940426e-05
8.427896e+04  0.000000e+00  0.000000e+00  0.000000e+00  0.000000e+00  0.000000e+00  0.000000e+00  0.000000e+00  0.000000e+00  0.000000e+00  0.000000e+00  0.000000e+00  0.000000e+00  0.000000e+00  0.000000e+00  0.000000e+00  0.000000e+00
9.456255e+04  0.000000e+00  0.000000e+00  0.000000e+00  0.000000e+00  0.000000e+00  0.000000e+00  0.000000e+00  0.000000e+00  0.000000e+00  0.000000e+00  0.000000e+00  0.000000e+00  0.000000e+00  0.000000e+00  0.000000e+00  0.000000e+00
1.061009e+05  0.000000e+00  0.000000e+00  0.000000e+00  0.000000e+00  0.000000e+00  0.000000e+00  0.000000e+00  0.000000e+00  0.000000e+00  0.000000e+00  0.000000e+00  0.000000e+00  0.000000e+00  0.000000e+00  0.000000e+00  0.000000e+00
1.190472e+05  0.000000e+00  0.000000e+00  0.000000e+00  0.000000e+00  0.000000e+00  0.000000e+00  0.000000e+00  0.000000e+00  0.000000e+00  0.000000e+00  0.000000e+00  0.000000e+00  0.000000e+00  0.000000e+00  0.000000e+00  0.000000e+00
1.335731e+05  0.000000e+00  0.000000e+00  0.000000e+00  0.000000e+00  0.000000e+00  0.000000e+00  0.000000e+00  0.000000e+00  0.000000e+00  0.000000e+00  0.000000e+00  0.000000e+00  0.000000e+00  0.000000e+00  0.000000e+00  0.000000e+00
1.498715e+05  0.000000e+00  0.000000e+00  0.000000e+00  0.000000e+00  0.000000e+00  0.000000e+00  0.000000e+00  0.000000e+00  0.000000e+00  0.000000e+00  0.000000e+00  0.000000e+00  0.000000e+00  0.000000e+00  0.000000e+00  0.000000e+00
1.681586e+05  0.000000e+00  0.000000e+00  0.000000e+00  0.000000e+00  0.000000e+00  0.000000e+00  0.000000e+00  0.000000e+00  0.000000e+00  0.000000e+00  0.000000e+00  0.000000e+00  0.000000e+00  0.000000e+00  0.000000e+00  0.000000e+00
1.886771e+05  0.000000e+00  0.000000e+00  0.000000e+00  0.000000e+00  0.000000e+00  0.000000e+00  0.000000e+00  0.000000e+00  0.000000e+00  0.000000e+00  0.000000e+00  0.000000e+00  0.000000e+00  0.000000e+00  0.000000e+00  0.000000e+00
2.116992e+05  0.000000e+00  0.000000e+00  0.000000e+00  0.000000e+00  0.000000e+00  0.000000e+00  0.000000e+00  0.000000e+00  0.000000e+00  0.000000e+00  0.000000e+00  0.000000e+00  0.000000e+00  0.000000e+00  0.000000e+00  0.000000e+00
2.375304e+05  0.000000e+00  0.000000e+00  0.000000e+00  0.000000e+00  0.000000e+00  0.000000e+00  0.000000e+00  0.000000e+00  0.000000e+00  0.000000e+00  0.000000e+00  0.000000e+00  0.000000e+00  0.000000e+00  0.000000e+00  0.000000e+00
2.665135e+05  0.000000e+00  0.000000e+00  0.000000e+00  0.000000e+00  0.000000e+00  0.000000e+00  0.000000e+00  0.000000e+00  0.000000e+00  0.000000e+00  0.000000e+00  0.000000e+00  0.000000e+00  0.000000e+00  0.000000e+00  0.000000e+00
2.990330e+05  0.000000e+00  0.000000e+00  0.000000e+00  0.000000e+00  0.000000e+00  0.000000e+00  0.000000e+00  0.000000e+00  0.000000e+00  0.000000e+00  0.000000e+00  0.000000e+00  0.000000e+00  0.000000e+00  0.000000e+00  0.000000e+00
3.355206e+05  0.000000e+00  0.000000e+00  0.000000e+00  0.000000e+00  0.000000e+00  0.000000e+00  0.000000e+00  0.000000e+00  0.000000e+00  0.000000e+00  0.000000e+00  0.000000e+00  0.000000e+00  0.000000e+00  0.000000e+00  0.000000e+00
3.764603e+05  0.000000e+00  0.000000e+00  0.000000e+00  0.000000e+00  0.000000e+00  0.000000e+00  0.000000e+00  0.000000e+00  0.000000e+00  0.000000e+00  0.000000e+00  0.000000e+00  0.000000e+00  0.000000e+00  0.000000e+00  0.000000e+00
4.223954e+05  0.000000e+00  0.000000e+00  0.000000e+00  0.000000e+00  0.000000e+00  0.000000e+00  0.000000e+00  0.000000e+00  0.000000e+00  0.000000e+00  0.000000e+00  0.000000e+00  0.000000e+00  0.000000e+00  0.000000e+00  0.000000e+00
4.739354e+05  0.000000e+00  0.000000e+00  0.000000e+00  0.000000e+00  0.000000e+00  0.000000e+00  0.000000e+00  0.000000e+00  0.000000e+00  0.000000e+00  0.000000e+00  0.000000e+00  0.000000e+00  0.000000e+00  0.000000e+00  0.000000e+00
5.317643e+05  0.000000e+00  0.000000e+00  0.000000e+00  0.000000e+00  0.000000e+00  0.000000e+00  0.000000e+00  0.000000e+00  0.000000e+00  0.000000e+00  0.000000e+00  0.000000e+00  0.000000e+00  0.000000e+00  0.000000e+00  0.000000e+00
5.966493e+05  0.000000e+00  0.000000e+00  0.000000e+00  0.000000e+00  0.000000e+00  0.000000e+00  0.000000e+00  0.000000e+00  0.000000e+00  0.000000e+00  0.000000e+00  0.000000e+00  0.000000e+00  0.000000e+00  0.000000e+00  0.000000e+00
6.694516e+05  0.000000e+00  0.000000e+00  0.000000e+00  0.000000e+00  0.000000e+00  0.000000e+00  0.000000e+00  0.000000e+00  0.000000e+00  0.000000e+00  0.000000e+00  0.000000e+00  0.000000e+00  0.000000e+00  0.000000e+00  0.000000e+00
7.511370e+05  0.000000e+00  0.000000e+00  0.000000e+00  0.000000e+00  0.000000e+00  0.000000e+00  0.000000e+00  0.000000e+00  0.000000e+00  0.000000e+00  0.000000e+00  0.000000e+00  0.000000e+00  0.000000e+00  0.000000e+00  0.000000e+00
8.427896e+05  0.000000e+00  0.000000e+00  0.000000e+00  0.000000e+00  0.000000e+00  0.000000e+00  0.000000e+00  0.000000e+00  0.000000e+00  0.000000e+00  0.000000e+00  0.000000e+00  0.000000e+00  0.000000e+00  0.000000e+00  0.000000e+00
9.456255e+05  0.000000e+00  0.000000e+00  0.000000e+00  0.000000e+00  0.000000e+00  0.000000e+00  0.000000e+00  0.000000e+00  0.000000e+00  0.000000e+00  0.000000e+00  0.000000e+00  0.000000e+00  0.000000e+00  0.000000e+00  0.000000e+00
