# dR/dEr [1/keV/kg/Myr]
# Er [keV], S, F, Ne, Cl, Na, Si, O, P, N, C, Al, Mg, Be, B, Ar, Li
1.061009e+01  2.466156e-01  2.441334e-01  0.000000e+00  0.000000e+00  1.828962e-01  0.000000e+00  1.328577e-02  0.000000e+00  0.000000e+00  0.000000e+00  0.000000e+00  0.000000e+00  2.445071e-02  0.000000e+00  0.000000e+00  0.000000e+00
1.190472e+01  5.569395e-02  7.439581e-02  0.000000e+00  0.000000e+00  1.793032e-02  0.000000e+00  0.000000e+00  0.000000e+00  0.000000e+00  0.000000e+00  0.000000e+00  0.000000e+00  0.000000e+00  0.000000e+00  0.000000e+00  0.000000e+00
1.335731e+01  8.561382e-02  3.046312e-02  0.000000e+00  0.000000e+00  0.000000e+00  0.000000e+00  0.000000e+00  0.000000e+00  0.000000e+00  0.000000e+00  0.000000e+00  0.000000e+00  0.000000e+00  0.000000e+00  0.000000e+00  0.000000e+00
1.498715e+01  2.051969e-02  7.032031e-02  0.000000e+00  0.000000e+00  2.561185e-02  0.000000e+00  3.245924e-03  0.000000e+00  0.000000e+00  0.000000e+00  0.000000e+00  0.000000e+00  0.000000e+00  0.000000e+00  0.000000e+00  0.000000e+00
1.681586e+01  5.077006e-02  4.086525e-02  7.247476e-03  0.000000e+00  1.464126e-02  2.892933e-03  0.000000e+00  0.000000e+00  0.000000e+00  0.000000e+00  0.000000e+00  0.000000e+00  0.000000e+00  0.000000e+00  0.000000e+00  0.000000e+00
1.886771e+01  3.454044e-02  3.788006e-02  0.000000e+00  0.000000e+00  6.459320e-03  0.000000e+00  0.000000e+00  0.000000e+00  0.000000e+00  0.000000e+00  0.000000e+00  0.000000e+00  0.000000e+00  0.000000e+00  0.000000e+00  0.000000e+00
2.116992e+01  4.176803e-02  6.438491e-02  0.000000e+00  0.000000e+00  7.069882e-03  0.000000e+00  3.044605e-03  0.000000e+00  0.000000e+00  0.000000e+00  3.596107e-02  0.000000e+00  0.000000e+00  0.000000e+00  0.000000e+00  0.000000e+00
2.375304e+01  7.568939e-02  1.287017e-02  1.661310e-02  0.000000e+00  3.789151e-02  0.000000e+00  5.130820e-03  0.000000e+00  0.000000e+00  0.000000e+00  0.000000e+00  0.000000e+00  0.000000e+00  0.000000e+00  0.000000e+00  0.000000e+00
2.665135e+01  8.509495e-02  7.602048e-02  2.418416e-03  9.829756e-03  3.793873e-03  0.000000e+00  0.000000e+00  2.450441e-02  0.000000e+00  0.000000e+00  0.000000e+00  0.000000e+00  0.000000e+00  0.000000e+00  0.000000e+00  0.000000e+00
2.990330e+01  8.112486e-02  3.223939e-02  2.852693e-03  0.000000e+00  5.136982e-02  0.000000e+00  3.782231e-03  0.000000e+00  0.000000e+00  0.000000e+00  1.967973e-02  0.000000e+00  2.687958e-02  0.000000e+00  0.000000e+00  0.000000e+00
3.355206e+01  1.021872e-01  3.756645e-02  3.348335e-03  0.000000e+00  6.381810e-03  0.000000e+00  1.930901e-02  0.000000e+00  0.000000e+00  0.000000e+00  2.656886e-02  0.000000e+00  6.076949e-02  0.000000e+00  0.000000e+00  0.000000e+00
3.764603e+01  1.490911e-01  8.533069e-02  1.569942e-03  1.712107e-03  4.359754e-02  0.000000e+00  9.286162e-03  0.000000e+00  0.000000e+00  0.000000e+00  0.000000e+00  0.000000e+00  2.328318e-03  0.000000e+00  0.000000e+00  0.000000e+00
4.223954e+01  1.310804e-01  6.241773e-02  1.895017e-02  0.000000e+00  2.512503e-02  0.000000e+00  4.378510e-03  0.000000e+00  0.000000e+00  0.000000e+00  2.482532e-02  0.000000e+00  5.556955e-02  0.000000e+00  0.000000e+00  0.000000e+00
4.739354e+01  1.434289e-01  5.317877e-02  1.359975e-03  3.730415e-03  1.073858e-02  0.000000e+00  4.877379e-03  0.000000e+00  0.000000e+00  0.000000e+00  0.000000e+00  0.000000e+00  4.711064e-02  0.000000e+00  0.000000e+00  0.000000e+00
5.317643e+01  1.447884e-01  2.610826e-02  3.338984e-03  0.000000e+00  4.868376e-02  0.000000e+00  6.452504e-03  0.000000e+00  0.000000e+00  0.000000e+00  1.431636e-02  0.000000e+00  0.000000e+00  0.000000e+00  0.000000e+00  0.000000e+00
5.966493e+01  1.582143e-01  8.072854e-02  3.737277e-03  1.895606e-03  3.538537e-02  0.000000e+00  2.949659e-02  0.000000e+00  0.000000e+00  0.000000e+00  1.364789e-02  0.000000e+00  1.037875e-02  0.000000e+00  0.000000e+00  0.000000e+00
6.694516e+01  1.933898e-01  7.182883e-02  6.331316e-03  0.000000e+00  2.325837e-02  0.000000e+00  5.733780e-03  0.000000e+00  1.044173e-02  0.000000e+00  7.999287e-03  0.000000e+00  1.530685e-01  0.000000e+00  0.000000e+00  0.000000e+00
7.511370e+01  2.066933e-01  8.013036e-02  1.511139e-02  2.143293e-03  1.936546e-02  0.000000e+00  4.983856e-03  0.000000e+00  0.000000e+00  0.000000e+00  1.065646e-02  0.000000e+00  4.912521e+01  0.000000e+00  0.000000e+00  0.000000e+00
8.427896e+01  2.429872e-01  7.718507e-02  3.610528e-03  1.309542e-02  2.192423e-02  0.000000e+00  1.879063e-02  0.000000e+00  0.000000e+00  0.000000e+00  0.000000e+00  0.000000e+00  5.848733e+01  0.000000e+00  0.000000e+00  0.000000e+00
9.456255e+01  2.363379e-01  6.323622e-02  9.975802e-03  2.483897e-03  4.417805e-02  0.000000e+00  3.403758e-03  0.000000e+00  7.676339e-03  0.000000e+00  2.841624e-04  0.000000e+00  4.502820e+01  0.000000e+00  0.000000e+00  0.000000e+00
1.061009e+02  2.558719e-01  9.701639e-02  1.389961e-02  1.057258e-03  2.986449e-02  0.000000e+00  5.741885e-03  0.000000e+00  0.000000e+00  7.674770e-03  8.695178e-03  0.000000e+00  3.334317e+01  0.000000e+00  0.000000e+00  0.000000e+00
1.190472e+02  2.700940e-01  1.211008e-01  9.376527e-03  4.193765e-03  5.524163e-02  0.000000e+00  5.147796e-03  0.000000e+00  4.086376e-04  4.498330e-03  2.865021e+01  0.000000e+00  2.500071e+01  0.000000e+00  6.729636e-03  0.000000e+00
1.335731e+02  3.174438e-01  1.167172e-01  1.484863e-02  4.424698e-04  3.486373e-02  0.000000e+00  4.570551e-03  0.000000e+00  0.000000e+00  0.000000e+00  2.441719e+01  0.000000e+00  1.871132e+01  0.000000e+00  0.000000e+00  0.000000e+00
1.498715e+02  7.251039e-01  1.354484e-01  4.832169e-03  1.868077e-03  1.593940e-02  0.000000e+00  2.414178e-02  0.000000e+00  2.981763e-03  5.223057e-03  1.835340e+01  0.000000e+00  1.405955e+01  0.000000e+00  0.000000e+00  0.000000e+00
1.681586e+02  1.015944e+00  1.606087e-01  9.145925e-03  1.464126e-03  2.645262e-02  1.597963e-04  1.848899e-02  0.000000e+00  5.028719e-03  0.000000e+00  1.437603e+01  0.000000e+00  1.013251e+01  0.000000e+00  0.000000e+00  0.000000e+00
1.886771e+02  6.318485e-01  1.481423e-01  8.417273e-03  1.392697e-03  3.541174e-02  5.994433e-04  2.027617e-02  4.516435e-04  4.516435e-04  0.000000e+00  1.033477e+01  0.000000e+00  7.185726e+00  0.000000e+00  0.000000e+00  0.000000e+00
2.116992e+02  3.000003e-01  2.019671e-01  9.346573e-03  6.866987e-03  2.496335e-02  4.025277e-04  1.010279e-02  0.000000e+00  0.000000e+00  1.269307e-04  8.341700e+00  0.000000e+00  5.122036e+00  0.000000e+00  2.791796e-04  0.000000e+00
2.375304e+02  2.209653e-01  7.991517e-01  1.292917e-02  5.783069e-03  3.122558e-02  1.543288e-04  2.013387e-02  1.113329e-03  0.000000e+00  2.048040e-04  6.198234e+00  0.000000e+00  3.896417e+00  0.000000e+00  8.118566e-04  0.000000e+00
2.665135e+02  1.885253e-01  6.744072e-01  1.222966e-02  6.422603e-03  4.313382e-02  4.215304e-04  1.347154e-02  0.000000e+00  3.197391e-04  2.686207e-03  4.419362e+00  0.000000e+00  2.545023e+00  0.000000e+00  0.000000e+00  0.000000e+00
2.990330e+02  1.401623e-01  1.273718e-01  6.337131e-03  2.929795e-03  3.344091e-02  1.770329e-03  1.885380e-02  1.332678e-04  2.931178e-04  2.427471e-03  3.445726e+00  0.000000e+00  1.855575e+00  0.000000e+00  0.000000e+00  0.000000e+00
3.355206e+02  1.292385e-01  1.264137e-01  7.968140e-03  5.011104e-03  3.060773e-02  2.539778e-04  1.179187e-02  2.185129e-04  1.921016e-04  2.376873e-03  2.542308e+00  1.845632e-03  1.357484e+00  0.000000e+00  0.000000e+00  5.598128e-04
3.764603e+02  9.063392e-02  9.099452e-02  1.449304e-02  6.645449e-03  2.863169e-02  5.040518e-03  1.055398e-02  0.000000e+00  2.984207e-04  0.000000e+00  1.646843e+00  0.000000e+00  9.439631e-01  0.000000e+00  0.000000e+00  0.000000e+00
4.223954e+02  5.861969e-02  9.251570e-02  6.018466e-03  5.659420e-03  2.971123e-02  2.469381e-04  1.122183e-02  2.775974e-03  2.960881e-04  1.407723e-03  1.221338e+00  0.000000e+00  4.928389e-01  0.000000e+00  1.399212e-04  0.000000e+00
4.739354e+02  5.541333e-02  7.944712e-02  9.661824e-03  5.887179e-03  2.518604e-02  1.854164e-03  2.062689e-02  1.526585e-03  1.377984e-03  0.000000e+00  8.348395e-01  0.000000e+00  3.678372e-01  1.377984e-03  0.000000e+00  0.000000e+00
5.317643e+02  4.981336e-02  6.677902e-02  1.582308e-02  3.426050e-03  1.987521e-02  6.054528e-04  8.690276e-03  2.203283e-03  1.578523e-03  2.084540e-03  7.118057e-01  0.000000e+00  2.603406e-01  5.053201e-05  3.626430e-04  0.000000e+00
5.966493e+02  4.662122e-02  6.114449e-02  1.392571e-02  1.145488e-02  2.020435e-02  2.139671e-03  1.494569e-02  1.801162e-03  7.247235e-04  1.347170e-03  4.647788e-01  0.000000e+00  1.801214e-01  0.000000e+00  1.469069e-04  0.000000e+00
6.694516e+02  3.925455e-02  5.809012e-02  1.694985e-02  1.188852e-02  2.121233e-02  1.187051e-03  1.299752e-02  5.739133e-04  3.498627e-04  1.116840e-03  3.163256e-01  0.000000e+00  1.155435e-01  0.000000e+00  0.000000e+00  0.000000e+00
7.511370e+02  3.049529e-02  4.049351e-02  1.142534e-02  8.724593e-03  1.357972e-02  1.302505e-03  9.920626e-03  1.236186e-03  1.029352e-03  8.732165e-04  2.187338e-01  0.000000e+00  8.250189e-02  0.000000e+00  0.000000e+00  0.000000e+00
8.427896e+02  2.515037e-02  3.948342e-02  1.126919e-02  5.467276e-03  1.720738e-02  2.788048e-04  1.007326e-02  2.097767e-04  8.086156e-04  2.842363e-03  1.202290e-01  0.000000e+00  4.764005e-02  0.000000e+00  5.487698e-04  0.000000e+00
9.456255e+02  2.267522e-02  2.884947e-02  1.363478e-02  6.299544e-03  1.489969e-02  1.454518e-03  9.839091e-03  7.351974e-04  0.000000e+00  1.981550e-03  1.049377e-01  2.770402e-04  2.845171e-02  0.000000e+00  0.000000e+00  0.000000e+00
1.061009e+03  1.994443e-02  1.888631e-02  1.416714e-02  8.669694e-03  1.373385e-02  9.534931e-04  9.177054e-03  1.017499e-03  2.212485e-03  8.893330e-04  7.198180e-02  0.000000e+00  1.290471e-02  9.057407e-04  5.836400e-04  0.000000e+00
1.190472e+03  1.476779e-02  1.684950e-02  1.191029e-02  8.848314e-03  6.495148e-03  1.018914e-03  6.510302e-03  2.792612e-03  7.477046e-04  3.951432e-03  4.869902e-02  0.000000e+00  8.569282e-03  0.000000e+00  0.000000e+00  0.000000e+00
1.335731e+03  1.329898e-02  1.891979e-02  1.117335e-02  6.531599e-03  5.959417e-03  1.737630e-03  6.062196e-03  7.410181e-04  1.527159e-03  1.170294e-03  2.129509e-02  0.000000e+00  5.579645e-03  3.462503e-04  0.000000e+00  0.000000e+00
1.498715e+03  8.175324e-03  1.413038e-02  8.696895e-03  8.758983e-03  7.288182e-03  3.771997e-03  7.578618e-03  1.945597e-03  2.045401e-03  1.821721e-03  1.018577e-02  2.332578e-04  5.410128e-03  0.000000e+00  0.000000e+00  4.117117e-04
1.681586e+03  5.917709e-03  1.293081e-02  8.277491e-03  5.741260e-03  7.077975e-03  1.435009e-03  4.047139e-03  2.323265e-03  1.567645e-03  1.489108e-03  1.179976e-02  0.000000e+00  2.576633e-03  4.155667e-04  0.000000e+00  1.116973e-04
1.886771e+03  6.780748e-03  1.076324e-02  8.578358e-03  6.042106e-03  6.599206e-03  1.865900e-03  4.279206e-03  1.928261e-03  8.121207e-04  1.899997e-03  5.758535e-03  4.601736e-04  5.954276e-05  1.185802e-03  6.874822e-05  0.000000e+00
2.116992e+03  3.916940e-03  1.004564e-02  4.704735e-03  4.704844e-03  3.801364e-03  9.389183e-04  3.709843e-03  1.465934e-03  8.770204e-04  1.340214e-03  4.116349e-03  3.769267e-04  1.277140e-03  2.791796e-05  0.000000e+00  2.791796e-05
2.375304e+03  3.769475e-03  5.473095e-03  5.979200e-03  7.684777e-03  4.269070e-03  2.813964e-03  3.295714e-03  8.296152e-04  4.176931e-04  8.278278e-04  3.980222e-03  1.677742e-05  0.000000e+00  3.205034e-04  0.000000e+00  3.541321e-04
2.665135e+03  2.159610e-03  5.151325e-03  4.097482e-03  7.840700e-03  2.461618e-03  8.411664e-04  2.419523e-03  1.955838e-03  5.835421e-04  9.450452e-04  2.872907e-03  4.560276e-04  4.446992e-04  3.015938e-04  0.000000e+00  3.321035e-04
2.990330e+03  1.610822e-03  3.226964e-03  3.167044e-03  5.013750e-03  1.811891e-03  2.018765e-03  1.818819e-03  1.628083e-03  1.685582e-03  1.864250e-03  1.838088e-03  6.096270e-04  0.000000e+00  2.981076e-04  0.000000e+00  4.478020e-04
3.355206e+03  7.480710e-04  4.183774e-03  4.172614e-03  6.744148e-03  1.127821e-03  2.065584e-03  5.595268e-04  1.474005e-03  5.992562e-04  1.168736e-03  9.353183e-04  3.299225e-04  9.935591e-05  1.753958e-04  0.000000e+00  2.562383e-05
3.764603e+03  5.376503e-04  2.100309e-03  3.377981e-03  4.015314e-03  7.470582e-04  2.285878e-03  4.017477e-04  7.521791e-04  1.217545e-03  1.457094e-03  1.175212e-03  4.218458e-04  7.137837e-06  2.088666e-04  0.000000e+00  8.333483e-04
4.223954e+03  2.908486e-04  8.788747e-04  1.755572e-03  3.211322e-03  6.382046e-04  8.024250e-04  7.289612e-04  1.291595e-03  8.426143e-04  1.399966e-03  7.196762e-04  4.624954e-04  0.000000e+00  3.559086e-04  0.000000e+00  5.348593e-04
4.739354e+03  1.688936e-04  1.345762e-03  1.817622e-03  3.476113e-03  5.445913e-04  1.426644e-03  2.135273e-04  9.021437e-04  5.649282e-04  7.853476e-04  6.303089e-04  2.310496e-04  2.736916e-05  1.048343e-04  0.000000e+00  3.860553e-04
5.317643e+03  1.173475e-04  1.329306e-03  1.830709e-03  1.944828e-03  3.414239e-04  1.412372e-03  1.411657e-04  1.280042e-03  7.058220e-04  1.126709e-03  8.235614e-04  2.930312e-04  0.000000e+00  4.239973e-04  0.000000e+00  3.643875e-04
5.966493e+03  2.652335e-04  7.961546e-04  1.113304e-03  1.666606e-03  2.746797e-04  8.649096e-04  3.663778e-04  1.051513e-03  5.999646e-04  5.968869e-04  8.872663e-05  2.053876e-04  0.000000e+00  1.582189e-04  0.000000e+00  1.684000e-04
6.694516e+03  5.952853e-06  6.690955e-04  9.042536e-04  1.284935e-03  2.281411e-04  1.881722e-03  2.766450e-04  9.211059e-04  5.378677e-04  5.821116e-04  5.617331e-04  1.983828e-04  0.000000e+00  1.535775e-04  0.000000e+00  2.805710e-05
7.511370e+03  1.289824e-04  5.965927e-04  5.621594e-04  6.931396e-04  1.320510e-04  1.239703e-03  2.126242e-04  9.540286e-04  8.136456e-05  4.137918e-04  1.533600e-04  2.142110e-04  0.000000e+00  6.178768e-05  0.000000e+00  4.498884e-04
8.427896e+03  9.661963e-05  5.940933e-04  2.881179e-04  7.944739e-04  1.594333e-04  1.360145e-03  1.384651e-04  1.081775e-03  2.002203e-04  2.758066e-04  1.270812e-04  3.266982e-04  0.000000e+00  4.148463e-05  0.000000e+00  3.149075e-04
9.456255e+03  0.000000e+00  1.445948e-04  2.036334e-04  9.186446e-04  9.500930e-05  8.099849e-04  6.250053e-06  5.492829e-04  2.244526e-04  1.691404e-04  3.420563e-04  5.109849e-04  0.000000e+00  1.616957e-04  0.000000e+00  6.223277e-05
1.061009e+04  0.000000e+00  2.175813e-04  1.186111e-04  5.614882e-04  7.732213e-05  7.087497e-04  2.832605e-04  2.367988e-04  6.372620e-05  2.582868e-04  2.894016e-04  1.080738e-04  0.000000e+00  3.755996e-06  0.000000e+00  1.758040e-04
1.190472e+04  0.000000e+00  1.920799e-05  1.577767e-05  3.357012e-04  0.000000e+00  3.589505e-04  2.257182e-06  1.487271e-04  6.695070e-06  2.587793e-04  1.844653e-04  3.540467e-05  0.000000e+00  1.174363e-04  0.000000e+00  2.176354e-04
1.335731e+04  0.000000e+00  1.723016e-04  1.226558e-04  3.107320e-04  0.000000e+00  2.186550e-04  6.562090e-06  1.360550e-04  4.164444e-05  1.647442e-04  1.794064e-04  9.495013e-05  0.000000e+00  0.000000e+00  0.000000e+00  1.641538e-04
1.498715e+04  0.000000e+00  4.257182e-05  2.332578e-05  1.210635e-04  0.000000e+00  1.599359e-04  0.000000e+00  8.410704e-05  4.131855e-05  6.298810e-05  7.887033e-06  4.571822e-05  0.000000e+00  6.602558e-06  0.000000e+00  1.686457e-04
1.681586e+04  0.000000e+00  5.715737e-05  2.369873e-06  6.171310e-05  0.000000e+00  2.361035e-04  1.597963e-06  7.089347e-05  0.000000e+00  2.078913e-05  1.557911e-05  1.638219e-05  0.000000e+00  1.554239e-04  0.000000e+00  1.214408e-04
1.886771e+04  0.000000e+00  5.494962e-05  0.000000e+00  4.068318e-05  0.000000e+00  1.481289e-04  0.000000e+00  7.512309e-05  0.000000e+00  0.000000e+00  9.319163e-05  5.525387e-05  0.000000e+00  7.544910e-05  0.000000e+00  2.024233e-04
2.116992e+04  0.000000e+00  1.269307e-06  0.000000e+00  9.222627e-05  0.000000e+00  5.409706e-06  0.000000e+00  3.846497e-05  0.000000e+00  0.000000e+00  0.000000e+00  3.084922e-05  0.000000e+00  8.299311e-05  0.000000e+00  3.846497e-05
2.375304e+04  0.000000e+00  0.000000e+00  0.000000e+00  1.131271e-06  0.000000e+00  6.025919e-05  7.907566e-06  2.228712e-05  0.000000e+00  2.607024e-05  3.383938e-05  3.355484e-06  0.000000e+00  0.000000e+00  0.000000e+00  8.630645e-05
2.665135e+04  0.000000e+00  7.047626e-06  0.000000e+00  2.442694e-05  0.000000e+00  0.000000e+00  0.000000e+00  0.000000e+00  0.000000e+00  4.867001e-06  0.000000e+00  0.000000e+00  0.000000e+00  0.000000e+00  0.000000e+00  7.047626e-06
2.990330e+04  0.000000e+00  0.000000e+00  0.000000e+00  2.337611e-05  0.000000e+00  0.000000e+00  0.000000e+00  0.000000e+00  0.000000e+00  0.000000e+00  0.000000e+00  4.107940e-05  0.000000e+00  4.458287e-05  0.000000e+00  2.899911e-05
3.355206e+04  0.000000e+00  0.000000e+00  0.000000e+00  0.000000e+00  0.000000e+00  0.000000e+00  0.000000e+00  0.000000e+00  0.000000e+00  0.000000e+00  0.000000e+00  1.761504e-06  0.000000e+00  5.747505e-06  0.000000e+00  7.731993e-06
3.764603e+04  0.000000e+00  0.000000e+00  0.000000e+00  9.286162e-06  0.000000e+00  0.000000e+00  0.000000e+00  0.000000e+00  0.000000e+00  0.000000e+00  0.000000e+00  1.856831e-05  0.000000e+00  9.286162e-06  0.000000e+00  7.137837e-07
4.223954e+04  0.000000e+00  0.000000e+00  0.000000e+00  6.202157e-06  0.000000e+00  0.000000e+00  0.000000e+00  3.070124e-05  0.000000e+00  0.000000e+00  0.000000e+00  2.576878e-05  0.000000e+00  0.000000e+00  0.000000e+00  0.000000e+00
4.739354e+04  0.000000e+00  0.000000e+00  0.000000e+00  0.000000e+00  0.000000e+00  0.000000e+00  0.000000e+00  5.669785e-07  0.000000e+00  0.000000e+00  0.000000e+00  6.094656e-06  0.000000e+00  1.474933e-05  0.000000e+00  0.000000e+00
5.317643e+04  0.000000e+00  0.000000e+00  0.000000e+00  0.000000e+00  0.000000e+00  0.000000e+00  0.000000e+00  0.000000e+00  0.000000e+00  0.000000e+00  0.000000e+00  0.000000e+00  0.000000e+00  0.000000e+00  0.000000e+00  0.000000e+00
5.966493e+04  0.000000e+00  0.000000e+00  0.000000e+00  0.000000e+00  0.000000e+00  0.000000e+00  0.000000e+00  0.000000e+00  0.000000e+00  0.000000e+00  0.000000e+00  0.000000e+00  0.000000e+00  0.000000e+00  0.000000e+00  0.000000e+00
6.694516e+04  0.000000e+00  0.000000e+00  0.000000e+00  0.000000e+00  0.000000e+00  0.000000e+00  0.000000e+00  0.000000e+00  0.000000e+00  0.000000e+00  0.000000e+00  0.000000e+00  0.000000e+00  0.000000e+00  0.000000e+00  8.309159e-06
7.511370e+04  0.000000e+00  0.000000e+00  0.000000e+00  0.000000e+00  0.000000e+00  0.000000e+00  0.000000e+00  0.000000e+00  0.000000e+00  0.000000e+00  0.000000e+00  0.000000e+00  0.000000e+00  0.000000e+00  0.000000e+00  8.136456e-06
8.427896e+04  0.000000e+00  0.000000e+00  0.000000e+00  0.000000e+00  0.000000e+00  0.000000e+00  0.000000e+00  0.000000e+00  0.000000e+00  0.000000e+00  0.000000e+00  0.000000e+00  0.000000e+00  0.000000e+00  0.000000e+00  0.000000e+00
9.456255e+04  0.000000e+00  0.000000e+00  0.000000e+00  0.000000e+00  0.000000e+00  0.000000e+00  0.000000e+00  0.000000e+00  0.000000e+00  0.000000e+00  0.000000e+00  0.000000e+00  0.000000e+00  0.000000e+00  0.000000e+00  0.000000e+00
1.061009e+05  0.000000e+00  0.000000e+00  0.000000e+00  0.000000e+00  0.000000e+00  0.000000e+00  0.000000e+00  0.000000e+00  0.000000e+00  0.000000e+00  0.000000e+00  0.000000e+00  0.000000e+00  0.000000e+00  0.000000e+00  0.000000e+00
1.190472e+05  0.000000e+00  0.000000e+00  0.000000e+00  0.000000e+00  0.000000e+00  0.000000e+00  0.000000e+00  0.000000e+00  0.000000e+00  0.000000e+00  0.000000e+00  0.000000e+00  0.000000e+00  0.000000e+00  0.000000e+00  0.000000e+00
1.335731e+05  0.000000e+00  0.000000e+00  0.000000e+00  0.000000e+00  0.000000e+00  0.000000e+00  0.000000e+00  0.000000e+00  0.000000e+00  0.000000e+00  0.000000e+00  0.000000e+00  0.000000e+00  0.000000e+00  0.000000e+00  0.000000e+00
1.498715e+05  0.000000e+00  0.000000e+00  0.000000e+00  0.000000e+00  0.000000e+00  0.000000e+00  0.000000e+00  0.000000e+00  0.000000e+00  0.000000e+00  0.000000e+00  0.000000e+00  0.000000e+00  0.000000e+00  0.000000e+00  0.000000e+00
1.681586e+05  0.000000e+00  0.000000e+00  0.000000e+00  0.000000e+00  0.000000e+00  0.000000e+00  0.000000e+00  0.000000e+00  0.000000e+00  0.000000e+00  0.000000e+00  0.000000e+00  0.000000e+00  0.000000e+00  0.000000e+00  0.000000e+00
1.886771e+05  0.000000e+00  0.000000e+00  0.000000e+00  0.000000e+00  0.000000e+00  0.000000e+00  0.000000e+00  0.000000e+00  0.000000e+00  0.000000e+00  0.000000e+00  0.000000e+00  0.000000e+00  0.000000e+00  0.000000e+00  0.000000e+00
2.116992e+05  0.000000e+00  0.000000e+00  0.000000e+00  0.000000e+00  0.000000e+00  0.000000e+00  0.000000e+00  0.000000e+00  0.000000e+00  0.000000e+00  0.000000e+00  0.000000e+00  0.000000e+00  0.000000e+00  0.000000e+00  0.000000e+00
2.375304e+05  0.000000e+00  0.000000e+00  0.000000e+00  0.000000e+00  0.000000e+00  0.000000e+00  0.000000e+00  0.000000e+00  0.000000e+00  0.000000e+00  0.000000e+00  0.000000e+00  0.000000e+00  0.000000e+00  0.000000e+00  0.000000e+00
2.665135e+05  0.000000e+00  0.000000e+00  0.000000e+00  0.000000e+00  0.000000e+00  0.000000e+00  0.000000e+00  0.000000e+00  0.000000e+00  0.000000e+00  0.000000e+00  0.000000e+00  0.000000e+00  0.000000e+00  0.000000e+00  0.000000e+00
2.990330e+05  0.000000e+00  0.000000e+00  0.000000e+00  0.000000e+00  0.000000e+00  0.000000e+00  0.000000e+00  0.000000e+00  0.000000e+00  0.000000e+00  0.000000e+00  0.000000e+00  0.000000e+00  0.000000e+00  0.000000e+00  0.000000e+00
3.355206e+05  0.000000e+00  0.000000e+00  0.000000e+00  0.000000e+00  0.000000e+00  0.000000e+00  0.000000e+00  0.000000e+00  0.000000e+00  0.000000e+00  0.000000e+00  0.000000e+00  0.000000e+00  0.000000e+00  0.000000e+00  0.000000e+00
3.764603e+05  0.000000e+00  0.000000e+00  0.000000e+00  0.000000e+00  0.000000e+00  0.000000e+00  0.000000e+00  0.000000e+00  0.000000e+00  0.000000e+00  0.000000e+00  0.000000e+00  0.000000e+00  0.000000e+00  0.000000e+00  0.000000e+00
4.223954e+05  0.000000e+00  0.000000e+00  0.000000e+00  0.000000e+00  0.000000e+00  0.000000e+00  0.000000e+00  0.000000e+00  0.000000e+00  0.000000e+00  0.000000e+00  0.000000e+00  0.000000e+00  0.000000e+00  0.000000e+00  0.000000e+00
4.739354e+05  0.000000e+00  0.000000e+00  0.000000e+00  0.000000e+00  0.000000e+00  0.000000e+00  0.000000e+00  0.000000e+00  0.000000e+00  0.000000e+00  0.000000e+00  0.000000e+00  0.000000e+00  0.000000e+00  0.000000e+00  0.000000e+00
5.317643e+05  0.000000e+00  0.000000e+00  0.000000e+00  0.000000e+00  0.000000e+00  0.000000e+00  0.000000e+00  0.000000e+00  0.000000e+00  0.000000e+00  0.000000e+00  0.000000e+00  0.000000e+00  0.000000e+00  0.000000e+00  0.000000e+00
5.966493e+05  0.000000e+00  0.000000e+00  0.000000e+00  0.000000e+00  0.000000e+00  0.000000e+00  0.000000e+00  0.000000e+00  0.000000e+00  0.000000e+00  0.000000e+00  0.000000e+00  0.000000e+00  0.000000e+00  0.000000e+00  0.000000e+00
6.694516e+05  0.000000e+00  0.000000e+00  0.000000e+00  0.000000e+00  0.000000e+00  0.000000e+00  0.000000e+00  0.000000e+00  0.000000e+00  0.000000e+00  0.000000e+00  0.000000e+00  0.000000e+00  0.000000e+00  0.000000e+00  0.000000e+00
7.511370e+05  0.000000e+00  0.000000e+00  0.000000e+00  0.000000e+00  0.000000e+00  0.000000e+00  0.000000e+00  0.000000e+00  0.000000e+00  0.000000e+00  0.000000e+00  0.000000e+00  0.000000e+00  0.000000e+00  0.000000e+00  0.000000e+00
8.427896e+05  0.000000e+00  0.000000e+00  0.000000e+00  0.000000e+00  0.000000e+00  0.000000e+00  0.000000e+00  0.000000e+00  0.000000e+00  0.000000e+00  0.000000e+00  0.000000e+00  0.000000e+00  0.000000e+00  0.000000e+00  0.000000e+00
9.456255e+05  0.000000e+00  0.000000e+00  0.000000e+00  0.000000e+00  0.000000e+00  0.000000e+00  0.000000e+00  0.000000e+00  0.000000e+00  0.000000e+00  0.000000e+00  0.000000e+00  0.000000e+00  0.000000e+00  0.000000e+00  0.000000e+00
