# dR/dEr [1/keV/kg/Myr]
# Er [keV], S, F, Ne, Cl, Na, Si, O, P, N, C, Al, Mg, Be, B, Ar, Li
1.061009e+01  1.338533e-01  1.344052e-01  0.000000e+00  0.000000e+00  1.004201e-01  0.000000e+00  7.441243e-03  0.000000e+00  0.000000e+00  0.000000e+00  0.000000e+00  0.000000e+00  1.570950e-02  0.000000e+00  0.000000e+00  0.000000e+00
1.190472e+01  2.882291e-02  4.130893e-02  0.000000e+00  0.000000e+00  9.282881e-03  0.000000e+00  0.000000e+00  0.000000e+00  0.000000e+00  0.000000e+00  0.000000e+00  0.000000e+00  0.000000e+00  0.000000e+00  0.000000e+00  0.000000e+00
1.335731e+01  4.467745e-02  1.738701e-02  0.000000e+00  0.000000e+00  0.000000e+00  0.000000e+00  0.000000e+00  0.000000e+00  0.000000e+00  0.000000e+00  0.000000e+00  0.000000e+00  0.000000e+00  0.000000e+00  0.000000e+00  0.000000e+00
1.498715e+01  1.061912e-02  3.783506e-02  0.000000e+00  0.000000e+00  1.512680e-02  0.000000e+00  1.676980e-03  0.000000e+00  0.000000e+00  0.000000e+00  0.000000e+00  0.000000e+00  0.000000e+00  0.000000e+00  0.000000e+00  0.000000e+00
1.681586e+01  2.627373e-02  2.151869e-02  3.749055e-03  0.000000e+00  7.582422e-03  1.494610e-03  0.000000e+00  0.000000e+00  0.000000e+00  0.000000e+00  0.000000e+00  0.000000e+00  0.000000e+00  0.000000e+00  0.000000e+00  0.000000e+00
1.886771e+01  1.787117e-02  1.984835e-02  0.000000e+00  0.000000e+00  3.341349e-03  0.000000e+00  0.000000e+00  0.000000e+00  0.000000e+00  0.000000e+00  0.000000e+00  0.000000e+00  0.000000e+00  0.000000e+00  0.000000e+00  0.000000e+00
2.116992e+01  2.238992e-02  3.436123e-02  0.000000e+00  0.000000e+00  3.658346e-03  0.000000e+00  1.574379e-03  0.000000e+00  0.000000e+00  0.000000e+00  2.043392e-02  0.000000e+00  0.000000e+00  0.000000e+00  0.000000e+00  0.000000e+00
2.375304e+01  4.035864e-02  6.662004e-03  8.790927e-03  0.000000e+00  2.011052e-02  0.000000e+00  2.654128e-03  0.000000e+00  0.000000e+00  0.000000e+00  0.000000e+00  0.000000e+00  0.000000e+00  0.000000e+00  0.000000e+00  0.000000e+00
2.665135e+01  4.529597e-02  4.155184e-02  1.250574e-03  6.140933e-03  1.960714e-03  0.000000e+00  0.000000e+00  1.313152e-02  0.000000e+00  0.000000e+00  0.000000e+00  0.000000e+00  0.000000e+00  0.000000e+00  0.000000e+00  0.000000e+00
2.990330e+01  4.370606e-02  1.674607e-02  1.473395e-03  0.000000e+00  2.912822e-02  0.000000e+00  1.955056e-03  0.000000e+00  0.000000e+00  0.000000e+00  1.167426e-02  0.000000e+00  1.463396e-02  0.000000e+00  0.000000e+00  0.000000e+00
3.355206e+01  5.416658e-02  2.008230e-02  1.736240e-03  0.000000e+00  3.301626e-03  0.000000e+00  1.022799e-02  0.000000e+00  0.000000e+00  0.000000e+00  1.474465e-02  0.000000e+00  3.500794e-02  0.000000e+00  0.000000e+00  0.000000e+00
3.764603e+01  7.972946e-02  4.794107e-02  1.037203e-03  8.853385e-04  2.393081e-02  0.000000e+00  5.750486e-03  0.000000e+00  0.000000e+00  0.000000e+00  0.000000e+00  0.000000e+00  1.517018e-03  0.000000e+00  0.000000e+00  0.000000e+00
4.223954e+01  7.037643e-02  3.347846e-02  1.059798e-02  0.000000e+00  1.311675e-02  0.000000e+00  2.542073e-03  0.000000e+00  0.000000e+00  0.000000e+00  1.470027e-02  0.000000e+00  3.011160e-02  0.000000e+00  0.000000e+00  0.000000e+00
4.739354e+01  7.587717e-02  2.768440e-02  7.032494e-04  1.932413e-03  6.148039e-03  0.000000e+00  2.521797e-03  0.000000e+00  0.000000e+00  0.000000e+00  0.000000e+00  0.000000e+00  2.704416e-02  0.000000e+00  0.000000e+00  0.000000e+00
5.317643e+01  7.646362e-02  1.359422e-02  1.726181e-03  0.000000e+00  2.720067e-02  0.000000e+00  3.335637e-03  0.000000e+00  0.000000e+00  0.000000e+00  8.134892e-03  0.000000e+00  0.000000e+00  0.000000e+00  0.000000e+00  0.000000e+00
5.966493e+01  8.329383e-02  4.382037e-02  1.932446e-03  9.798492e-04  1.928143e-02  0.000000e+00  1.700176e-02  0.000000e+00  0.000000e+00  0.000000e+00  7.526172e-03  0.000000e+00  6.091807e-03  0.000000e+00  0.000000e+00  0.000000e+00
6.694516e+01  1.020325e-01  3.923735e-02  3.274905e-03  0.000000e+00  1.232102e-02  0.000000e+00  3.386470e-03  0.000000e+00  6.041510e-03  0.000000e+00  4.255959e-03  0.000000e+00  8.367072e-02  0.000000e+00  0.000000e+00  0.000000e+00
7.511370e+01  1.098532e-01  4.261325e-02  8.173077e-03  1.110151e-03  1.029803e-02  0.000000e+00  2.582161e-03  0.000000e+00  0.000000e+00  0.000000e+00  5.959683e-03  0.000000e+00  2.732957e+01  0.000000e+00  0.000000e+00  0.000000e+00
8.427896e+01  1.271794e-01  4.086856e-02  1.868620e-03  7.285124e-03  1.156784e-02  0.000000e+00  1.000978e-02  0.000000e+00  0.000000e+00  0.000000e+00  0.000000e+00  0.000000e+00  3.252224e+01  0.000000e+00  0.000000e+00  0.000000e+00
9.456255e+01  1.249308e-01  3.330552e-02  5.267438e-03  1.285544e-03  2.405162e-02  0.000000e+00  1.886663e-03  0.000000e+00  4.470085e-03  0.000000e+00  1.930233e-04  0.000000e+00  2.502994e+01  0.000000e+00  0.000000e+00  0.000000e+00
1.061009e+02  1.339888e-01  5.208675e-02  7.890908e-03  5.872912e-04  1.595157e-02  0.000000e+00  3.173366e-03  0.000000e+00  0.000000e+00  4.232278e-03  4.721497e-03  0.000000e+00  1.851574e+01  0.000000e+00  0.000000e+00  0.000000e+00
1.190472e+02  1.408552e-01  6.496838e-02  4.931463e-03  2.469019e-03  3.015975e-02  0.000000e+00  2.828459e-03  0.000000e+00  2.111193e-04  2.393302e-03  1.592010e+01  0.000000e+00  1.390300e+01  0.000000e+00  3.857975e-03  0.000000e+00
1.335731e+02  1.664069e-01  6.234388e-02  8.181153e-03  2.923235e-04  1.869278e-02  0.000000e+00  2.465732e-03  0.000000e+00  0.000000e+00  0.000000e+00  1.357149e+01  0.000000e+00  1.040609e+01  0.000000e+00  0.000000e+00  0.000000e+00
1.498715e+02  3.776720e-01  7.178785e-02  2.556850e-03  1.024688e-03  8.643969e-03  0.000000e+00  1.309874e-02  0.000000e+00  1.779853e-03  2.891225e-03  1.020491e+01  0.000000e+00  7.822395e+00  0.000000e+00  0.000000e+00  0.000000e+00
1.681586e+02  5.283392e-01  8.694749e-02  4.842904e-03  7.582422e-04  1.442373e-02  1.085450e-04  1.022453e-02  0.000000e+00  2.786510e-03  0.000000e+00  7.999754e+00  0.000000e+00  5.625642e+00  0.000000e+00  0.000000e+00  0.000000e+00
1.886771e+02  3.305396e-01  7.831971e-02  4.521068e-03  7.203286e-04  1.897173e-02  3.098555e-04  1.105887e-02  2.338249e-04  2.338249e-04  0.000000e+00  5.760052e+00  0.000000e+00  3.992879e+00  0.000000e+00  0.000000e+00  0.000000e+00
2.116992e+02  1.584005e-01  1.072037e-01  5.057188e-03  3.638386e-03  1.363179e-02  2.083966e-04  5.489283e-03  0.000000e+00  0.000000e+00  8.622036e-05  4.643221e+00  0.000000e+00  2.849176e+00  0.000000e+00  1.844437e-04  0.000000e+00
2.375304e+02  1.164417e-01  4.155715e-01  6.949910e-03  3.171769e-03  1.719807e-02  7.967909e-05  1.108371e-02  6.259981e-04  0.000000e+00  1.058103e-04  3.446412e+00  0.000000e+00  2.168498e+00  0.000000e+00  4.230296e-04  0.000000e+00
2.665135e+02  9.966060e-02  3.510566e-01  6.710895e-03  3.435904e-03  2.331920e-02  2.185796e-04  7.473658e-03  0.000000e+00  1.655353e-04  1.445466e-03  2.457704e+00  0.000000e+00  1.415659e+00  0.000000e+00  0.000000e+00  0.000000e+00
2.990330e+02  7.550768e-02  6.776586e-02  3.405484e-03  1.635469e-03  1.832069e-02  1.036850e-03  1.015204e-02  8.927642e-05  1.909812e-04  1.413565e-03  1.916942e+00  0.000000e+00  1.031983e+00  0.000000e+00  0.000000e+00  0.000000e+00
3.355206e+02  6.943631e-02  6.776117e-02  4.190715e-03  2.757963e-03  1.665683e-02  1.314894e-04  6.268716e-03  1.128169e-04  9.933661e-05  1.336967e-03  1.413318e+00  1.083293e-03  7.534300e-01  0.000000e+00  0.000000e+00  3.543024e-04
3.764603e+02  4.913425e-02  4.866603e-02  7.877249e-03  3.580113e-03  1.523542e-02  2.950184e-03  5.770912e-03  0.000000e+00  1.547425e-04  0.000000e+00  9.187774e-01  0.000000e+00  5.236721e-01  0.000000e+00  0.000000e+00  0.000000e+00
4.223954e+02  3.182438e-02  4.969834e-02  3.235438e-03  3.058802e-03  1.608451e-02  1.421087e-04  6.071838e-03  1.553424e-03  1.676486e-04  7.669648e-04  6.783883e-01  0.000000e+00  2.754017e-01  0.000000e+00  9.244080e-05  0.000000e+00
4.739354e+02  3.018455e-02  4.281253e-02  5.159001e-03  3.230696e-03  1.344627e-02  1.017814e-03  1.129641e-02  8.113473e-04  7.384395e-04  0.000000e+00  4.646252e-01  0.000000e+00  2.050568e-01  7.384395e-04  0.000000e+00  0.000000e+00
5.317643e+02  2.723324e-02  3.681654e-02  8.741565e-03  1.859492e-03  1.055031e-02  3.353923e-04  4.701810e-03  1.240935e-03  8.393676e-04  1.204229e-03  3.971709e-01  0.000000e+00  1.448737e-01  3.432494e-05  1.889604e-04  0.000000e+00
5.966493e+02  2.562495e-02  3.359832e-02  7.566523e-03  6.397120e-03  1.076578e-02  1.192370e-03  8.221320e-03  9.684546e-04  4.221893e-04  7.334352e-04  2.590537e-01  0.000000e+00  9.959398e-02  0.000000e+00  9.571735e-05  0.000000e+00
6.694516e+02  2.145530e-02  3.212129e-02  9.318166e-03  6.500867e-03  1.135464e-02  6.478484e-04  7.126548e-03  3.151280e-04  1.811901e-04  6.416939e-04  1.761246e-01  0.000000e+00  6.402147e-02  0.000000e+00  0.000000e+00  0.000000e+00
7.511370e+02  1.673959e-02  2.214732e-02  6.261056e-03  4.757021e-03  7.336285e-03  7.796929e-04  5.410561e-03  6.959003e-04  5.734989e-04  5.090862e-04  1.209325e-01  0.000000e+00  4.614246e-02  0.000000e+00  0.000000e+00  0.000000e+00
8.427896e+02  1.408567e-02  2.166985e-02  6.195751e-03  2.918661e-03  9.278089e-03  1.441715e-04  5.462245e-03  1.086676e-04  4.751975e-04  1.579026e-03  6.698525e-02  0.000000e+00  2.650003e-02  0.000000e+00  2.911124e-04  0.000000e+00
9.456255e+02  1.243193e-02  1.600235e-02  7.397318e-03  3.402126e-03  8.094779e-03  8.014678e-04  5.271937e-03  3.994715e-04  0.000000e+00  1.142259e-03  5.821714e-02  1.730750e-04  1.576901e-02  0.000000e+00  0.000000e+00  0.000000e+00
1.061009e+03  1.104611e-02  1.048945e-02  7.746600e-03  4.780666e-03  7.428976e-03  5.295502e-04  4.980143e-03  5.671473e-04  1.203284e-03  5.002863e-04  4.013384e-02  0.000000e+00  7.284909e-03  5.354468e-04  3.425675e-04  0.000000e+00
1.190472e+03  8.175638e-03  9.302105e-03  6.476185e-03  4.813253e-03  3.469709e-03  5.377348e-04  3.528936e-03  1.598930e-03  4.231023e-04  2.238865e-03  2.730370e-02  0.000000e+00  4.698490e-03  0.000000e+00  0.000000e+00  0.000000e+00
1.335731e+03  7.380841e-03  1.051095e-02  6.105125e-03  3.610926e-03  3.183867e-03  9.982712e-04  3.223671e-03  4.265149e-04  8.805131e-04  6.793838e-04  1.206309e-02  0.000000e+00  3.100008e-03  1.836795e-04  0.000000e+00  0.000000e+00
1.498715e+03  4.485386e-03  7.889010e-03  4.826508e-03  4.791463e-03  4.082390e-03  2.148829e-03  4.115583e-03  1.081875e-03  1.135258e-03  1.034769e-03  5.680405e-03  1.444457e-04  2.923501e-03  0.000000e+00  0.000000e+00  2.449845e-04
1.681586e+03  3.297579e-03  7.140633e-03  4.587211e-03  3.104758e-03  3.841847e-03  8.045727e-04  2.171364e-03  1.297391e-03  8.529026e-04  8.094693e-04  6.538766e-03  0.000000e+00  1.422764e-03  2.279880e-04  0.000000e+00  7.069263e-05
1.886771e+03  3.790378e-03  6.062750e-03  4.740289e-03  3.274924e-03  3.605325e-03  1.044600e-03  2.327567e-03  1.086384e-03  4.528007e-04  1.078671e-03  3.196224e-03  2.495974e-04  3.087519e-05  6.625709e-04  4.417050e-05  0.000000e+00
2.116992e+03  2.134486e-03  5.552749e-03  2.618105e-03  2.570649e-03  2.147698e-03  5.070820e-04  2.019242e-03  8.189756e-04  5.043555e-04  7.619553e-04  2.307258e-03  2.132794e-04  7.092364e-04  1.844437e-05  0.000000e+00  1.844437e-05
2.375304e+03  2.118664e-03  3.036296e-03  3.321542e-03  4.200848e-03  2.364973e-03  1.549198e-03  1.781993e-03  4.588713e-04  2.293180e-04  4.889452e-04  2.206885e-03  1.123924e-05  0.000000e+00  1.821175e-04  0.000000e+00  1.967333e-04
2.665135e+03  1.188701e-03  2.894567e-03  2.266220e-03  4.287131e-03  1.380759e-03  4.678368e-04  1.333558e-03  1.065960e-03  3.225187e-04  5.117905e-04  1.607782e-03  2.516614e-04  2.609763e-04  1.641957e-04  0.000000e+00  1.881326e-04
2.990330e+03  9.226431e-04  1.806422e-03  1.765830e-03  2.725476e-03  1.030377e-03  1.128509e-03  1.000801e-03  9.346161e-04  9.528450e-04  1.048501e-03  1.008439e-03  3.541159e-04  0.000000e+00  1.654377e-04  0.000000e+00  2.432044e-04
3.355206e+03  4.132534e-04  2.333746e-03  2.318719e-03  3.726702e-03  6.366909e-04  1.164444e-03  2.976350e-04  8.547783e-04  3.408161e-04  6.636539e-04  5.301380e-04  1.827144e-04  5.245331e-05  1.040469e-04  0.000000e+00  1.707774e-05
3.764603e+03  3.129117e-04  1.184034e-03  1.903670e-03  2.221107e-03  4.156143e-04  1.270214e-03  2.128279e-04  4.231021e-04  7.063300e-04  8.216415e-04  6.565984e-04  2.506021e-04  4.848527e-06  1.210792e-04  0.000000e+00  4.755839e-04
4.223954e+03  1.752820e-04  4.874822e-04  9.729848e-04  1.784672e-03  3.651884e-04  4.558732e-04  4.068452e-04  7.418136e-04  4.769069e-04  7.941709e-04  4.041481e-04  2.725556e-04  0.000000e+00  2.045727e-04  0.000000e+00  3.042734e-04
4.739354e+03  9.445461e-05  7.641127e-04  1.033213e-03  1.929963e-03  3.107944e-04  8.220255e-04  1.178768e-04  5.065362e-04  3.260181e-04  4.387260e-04  3.559087e-04  1.302403e-04  1.758459e-05  6.317886e-05  0.000000e+00  2.318457e-04
5.317643e+03  6.332610e-05  7.536786e-04  1.034822e-03  1.084977e-03  2.018449e-04  8.171635e-04  8.007906e-05  7.097350e-04  3.921828e-04  6.418774e-04  4.769206e-04  1.682245e-04  0.000000e+00  2.363656e-04  0.000000e+00  2.072186e-04
5.966493e+03  1.500792e-04  4.430335e-04  6.328391e-04  9.453069e-04  1.587576e-04  4.810837e-04  2.096911e-04  5.799948e-04  3.444897e-04  3.437441e-04  5.196558e-05  1.221355e-04  0.000000e+00  8.922966e-05  0.000000e+00  9.505633e-05
6.694516e+03  3.987831e-06  3.801745e-04  5.076321e-04  7.174066e-04  1.332745e-04  1.069892e-03  1.619293e-04  5.296179e-04  3.017887e-04  3.303254e-04  3.160395e-04  1.057626e-04  0.000000e+00  8.861376e-05  0.000000e+00  1.775718e-05
7.511370e+03  7.720964e-05  3.437427e-04  3.254531e-04  3.963662e-04  7.394108e-05  7.020818e-04  1.171085e-04  5.496561e-04  4.343706e-05  2.383237e-04  9.450029e-05  1.184609e-04  0.000000e+00  3.885382e-05  0.000000e+00  2.487926e-04
8.427896e+03  5.328122e-05  3.352078e-04  1.642947e-04  4.591408e-04  9.007004e-05  7.628791e-04  8.011171e-05  5.935827e-04  1.114139e-04  1.551638e-04  6.761257e-05  1.862792e-04  0.000000e+00  2.619561e-05  0.000000e+00  1.843852e-04
9.456255e+03  0.000000e+00  8.376252e-05  1.131598e-04  5.205860e-04  5.274739e-05  4.526728e-04  4.129179e-06  3.099979e-04  1.239858e-04  9.441385e-05  1.960856e-04  2.965824e-04  0.000000e+00  9.099255e-05  0.000000e+00  3.691725e-05
1.061009e+04  0.000000e+00  1.261640e-04  6.880533e-05  3.189903e-04  4.445117e-05  3.925963e-04  1.642225e-04  1.334280e-04  3.828511e-05  1.465712e-04  1.601009e-04  5.760437e-05  0.000000e+00  2.516151e-06  0.000000e+00  1.022228e-04
1.190472e+04  0.000000e+00  1.252300e-05  9.985599e-06  1.901105e-04  0.000000e+00  2.054324e-04  1.533239e-06  8.957025e-05  4.485045e-06  1.447039e-04  1.028589e-04  1.907344e-05  0.000000e+00  6.794782e-05  0.000000e+00  1.285263e-04
1.335731e+04  0.000000e+00  9.764954e-05  6.811663e-05  1.756550e-04  0.000000e+00  1.251305e-04  4.275537e-06  7.758939e-05  2.457867e-05  8.878470e-05  1.012134e-04  5.588854e-05  0.000000e+00  0.000000e+00  0.000000e+00  9.627741e-05
1.498715e+04  0.000000e+00  2.298799e-05  1.444457e-05  7.074836e-05  0.000000e+00  9.125324e-05  0.000000e+00  4.679030e-05  2.425192e-05  3.552297e-05  5.210672e-06  2.612473e-05  0.000000e+00  4.386635e-06  0.000000e+00  9.766799e-05
1.681586e+04  0.000000e+00  3.548019e-05  1.587584e-06  3.639899e-05  0.000000e+00  1.355246e-04  1.085450e-06  4.130966e-05  0.000000e+00  1.287373e-05  9.732724e-06  1.046544e-05  0.000000e+00  8.869812e-05  0.000000e+00  6.974961e-05
1.886771e+04  0.000000e+00  3.225457e-05  0.000000e+00  2.254302e-05  0.000000e+00  8.436691e-05  0.000000e+00  4.164151e-05  0.000000e+00  0.000000e+00  5.201674e-05  3.143743e-05  0.000000e+00  4.189970e-05  0.000000e+00  1.165685e-04
2.116992e+04  0.000000e+00  8.622036e-07  0.000000e+00  5.248595e-05  0.000000e+00  3.559885e-06  0.000000e+00  2.121164e-05  0.000000e+00  0.000000e+00  0.000000e+00  1.653160e-05  0.000000e+00  4.557923e-05  0.000000e+00  2.121164e-05
2.375304e+04  0.000000e+00  0.000000e+00  0.000000e+00  7.684398e-07  0.000000e+00  3.436237e-05  5.004655e-06  1.305316e-05  0.000000e+00  1.530193e-05  1.842306e-05  2.247847e-06  0.000000e+00  0.000000e+00  0.000000e+00  4.935476e-05
2.665135e+04  0.000000e+00  4.460403e-06  0.000000e+00  1.324392e-05  0.000000e+00  0.000000e+00  0.000000e+00  0.000000e+00  0.000000e+00  3.127032e-06  0.000000e+00  0.000000e+00  0.000000e+00  0.000000e+00  0.000000e+00  4.460403e-06
2.990330e+04  0.000000e+00  0.000000e+00  0.000000e+00  1.352526e-05  0.000000e+00  0.000000e+00  0.000000e+00  0.000000e+00  0.000000e+00  0.000000e+00  0.000000e+00  2.389375e-05  0.000000e+00  2.500245e-05  0.000000e+00  1.647321e-05
3.355206e+04  0.000000e+00  0.000000e+00  0.000000e+00  0.000000e+00  0.000000e+00  0.000000e+00  0.000000e+00  0.000000e+00  0.000000e+00  0.000000e+00  0.000000e+00  1.163761e-06  0.000000e+00  2.994820e-06  0.000000e+00  4.967780e-06
3.764603e+04  0.000000e+00  0.000000e+00  0.000000e+00  5.750486e-06  0.000000e+00  0.000000e+00  0.000000e+00  0.000000e+00  0.000000e+00  0.000000e+00  0.000000e+00  1.074349e-05  0.000000e+00  5.750486e-06  0.000000e+00  4.848527e-07
4.223954e+04  0.000000e+00  0.000000e+00  0.000000e+00  3.874667e-06  0.000000e+00  0.000000e+00  0.000000e+00  1.698646e-05  0.000000e+00  0.000000e+00  0.000000e+00  1.533230e-05  0.000000e+00  0.000000e+00  0.000000e+00  0.000000e+00
4.739354e+04  0.000000e+00  0.000000e+00  0.000000e+00  0.000000e+00  0.000000e+00  0.000000e+00  0.000000e+00  3.851322e-07  0.000000e+00  0.000000e+00  0.000000e+00  3.838433e-06  0.000000e+00  8.533860e-06  0.000000e+00  0.000000e+00
5.317643e+04  0.000000e+00  0.000000e+00  0.000000e+00  0.000000e+00  0.000000e+00  0.000000e+00  0.000000e+00  0.000000e+00  0.000000e+00  0.000000e+00  0.000000e+00  0.000000e+00  0.000000e+00  0.000000e+00  0.000000e+00  0.000000e+00
5.966493e+04  0.000000e+00  0.000000e+00  0.000000e+00  0.000000e+00  0.000000e+00  0.000000e+00  0.000000e+00  0.000000e+00  0.000000e+00  0.000000e+00  0.000000e+00  0.000000e+00  0.000000e+00  0.000000e+00  0.000000e+00  0.000000e+00
6.694516e+04  0.000000e+00  0.000000e+00  0.000000e+00  0.000000e+00  0.000000e+00  0.000000e+00  0.000000e+00  0.000000e+00  0.000000e+00  0.000000e+00  0.000000e+00  0.000000e+00  0.000000e+00  0.000000e+00  0.000000e+00  4.904090e-06
7.511370e+04  0.000000e+00  0.000000e+00  0.000000e+00  0.000000e+00  0.000000e+00  0.000000e+00  0.000000e+00  0.000000e+00  0.000000e+00  0.000000e+00  0.000000e+00  0.000000e+00  0.000000e+00  0.000000e+00  0.000000e+00  4.343706e-06
8.427896e+04  0.000000e+00  0.000000e+00  0.000000e+00  0.000000e+00  0.000000e+00  0.000000e+00  0.000000e+00  0.000000e+00  0.000000e+00  0.000000e+00  0.000000e+00  0.000000e+00  0.000000e+00  0.000000e+00  0.000000e+00  0.000000e+00
9.456255e+04  0.000000e+00  0.000000e+00  0.000000e+00  0.000000e+00  0.000000e+00  0.000000e+00  0.000000e+00  0.000000e+00  0.000000e+00  0.000000e+00  0.000000e+00  0.000000e+00  0.000000e+00  0.000000e+00  0.000000e+00  0.000000e+00
1.061009e+05  0.000000e+00  0.000000e+00  0.000000e+00  0.000000e+00  0.000000e+00  0.000000e+00  0.000000e+00  0.000000e+00  0.000000e+00  0.000000e+00  0.000000e+00  0.000000e+00  0.000000e+00  0.000000e+00  0.000000e+00  0.000000e+00
1.190472e+05  0.000000e+00  0.000000e+00  0.000000e+00  0.000000e+00  0.000000e+00  0.000000e+00  0.000000e+00  0.000000e+00  0.000000e+00  0.000000e+00  0.000000e+00  0.000000e+00  0.000000e+00  0.000000e+00  0.000000e+00  0.000000e+00
1.335731e+05  0.000000e+00  0.000000e+00  0.000000e+00  0.000000e+00  0.000000e+00  0.000000e+00  0.000000e+00  0.000000e+00  0.000000e+00  0.000000e+00  0.000000e+00  0.000000e+00  0.000000e+00  0.000000e+00  0.000000e+00  0.000000e+00
1.498715e+05  0.000000e+00  0.000000e+00  0.000000e+00  0.000000e+00  0.000000e+00  0.000000e+00  0.000000e+00  0.000000e+00  0.000000e+00  0.000000e+00  0.000000e+00  0.000000e+00  0.000000e+00  0.000000e+00  0.000000e+00  0.000000e+00
1.681586e+05  0.000000e+00  0.000000e+00  0.000000e+00  0.000000e+00  0.000000e+00  0.000000e+00  0.000000e+00  0.000000e+00  0.000000e+00  0.000000e+00  0.000000e+00  0.000000e+00  0.000000e+00  0.000000e+00  0.000000e+00  0.000000e+00
1.886771e+05  0.000000e+00  0.000000e+00  0.000000e+00  0.000000e+00  0.000000e+00  0.000000e+00  0.000000e+00  0.000000e+00  0.000000e+00  0.000000e+00  0.000000e+00  0.000000e+00  0.000000e+00  0.000000e+00  0.000000e+00  0.000000e+00
2.116992e+05  0.000000e+00  0.000000e+00  0.000000e+00  0.000000e+00  0.000000e+00  0.000000e+00  0.000000e+00  0.000000e+00  0.000000e+00  0.000000e+00  0.000000e+00  0.000000e+00  0.000000e+00  0.000000e+00  0.000000e+00  0.000000e+00
2.375304e+05  0.000000e+00  0.000000e+00  0.000000e+00  0.000000e+00  0.000000e+00  0.000000e+00  0.000000e+00  0.000000e+00  0.000000e+00  0.000000e+00  0.000000e+00  0.000000e+00  0.000000e+00  0.000000e+00  0.000000e+00  0.000000e+00
2.665135e+05  0.000000e+00  0.000000e+00  0.000000e+00  0.000000e+00  0.000000e+00  0.000000e+00  0.000000e+00  0.000000e+00  0.000000e+00  0.000000e+00  0.000000e+00  0.000000e+00  0.000000e+00  0.000000e+00  0.000000e+00  0.000000e+00
2.990330e+05  0.000000e+00  0.000000e+00  0.000000e+00  0.000000e+00  0.000000e+00  0.000000e+00  0.000000e+00  0.000000e+00  0.000000e+00  0.000000e+00  0.000000e+00  0.000000e+00  0.000000e+00  0.000000e+00  0.000000e+00  0.000000e+00
3.355206e+05  0.000000e+00  0.000000e+00  0.000000e+00  0.000000e+00  0.000000e+00  0.000000e+00  0.000000e+00  0.000000e+00  0.000000e+00  0.000000e+00  0.000000e+00  0.000000e+00  0.000000e+00  0.000000e+00  0.000000e+00  0.000000e+00
3.764603e+05  0.000000e+00  0.000000e+00  0.000000e+00  0.000000e+00  0.000000e+00  0.000000e+00  0.000000e+00  0.000000e+00  0.000000e+00  0.000000e+00  0.000000e+00  0.000000e+00  0.000000e+00  0.000000e+00  0.000000e+00  0.000000e+00
4.223954e+05  0.000000e+00  0.000000e+00  0.000000e+00  0.000000e+00  0.000000e+00  0.000000e+00  0.000000e+00  0.000000e+00  0.000000e+00  0.000000e+00  0.000000e+00  0.000000e+00  0.000000e+00  0.000000e+00  0.000000e+00  0.000000e+00
4.739354e+05  0.000000e+00  0.000000e+00  0.000000e+00  0.000000e+00  0.000000e+00  0.000000e+00  0.000000e+00  0.000000e+00  0.000000e+00  0.000000e+00  0.000000e+00  0.000000e+00  0.000000e+00  0.000000e+00  0.000000e+00  0.000000e+00
5.317643e+05  0.000000e+00  0.000000e+00  0.000000e+00  0.000000e+00  0.000000e+00  0.000000e+00  0.000000e+00  0.000000e+00  0.000000e+00  0.000000e+00  0.000000e+00  0.000000e+00  0.000000e+00  0.000000e+00  0.000000e+00  0.000000e+00
5.966493e+05  0.000000e+00  0.000000e+00  0.000000e+00  0.000000e+00  0.000000e+00  0.000000e+00  0.000000e+00  0.000000e+00  0.000000e+00  0.000000e+00  0.000000e+00  0.000000e+00  0.000000e+00  0.000000e+00  0.000000e+00  0.000000e+00
6.694516e+05  0.000000e+00  0.000000e+00  0.000000e+00  0.000000e+00  0.000000e+00  0.000000e+00  0.000000e+00  0.000000e+00  0.000000e+00  0.000000e+00  0.000000e+00  0.000000e+00  0.000000e+00  0.000000e+00  0.000000e+00  0.000000e+00
7.511370e+05  0.000000e+00  0.000000e+00  0.000000e+00  0.000000e+00  0.000000e+00  0.000000e+00  0.000000e+00  0.000000e+00  0.000000e+00  0.000000e+00  0.000000e+00  0.000000e+00  0.000000e+00  0.000000e+00  0.000000e+00  0.000000e+00
8.427896e+05  0.000000e+00  0.000000e+00  0.000000e+00  0.000000e+00  0.000000e+00  0.000000e+00  0.000000e+00  0.000000e+00  0.000000e+00  0.000000e+00  0.000000e+00  0.000000e+00  0.000000e+00  0.000000e+00  0.000000e+00  0.000000e+00
9.456255e+05  0.000000e+00  0.000000e+00  0.000000e+00  0.000000e+00  0.000000e+00  0.000000e+00  0.000000e+00  0.000000e+00  0.000000e+00  0.000000e+00  0.000000e+00  0.000000e+00  0.000000e+00  0.000000e+00  0.000000e+00  0.000000e+00
