# dR/dEr [1/keV/kg/Myr]
# Er [keV], S, F, Ne, Cl, Na, Si, O, P, N, C, Al, Mg, Be, B, Ar, Li
1.061009e+01  1.093726e+00  1.032353e+00  0.000000e+00  0.000000e+00  7.238335e-01  0.000000e+00  5.801808e-02  0.000000e+00  0.000000e+00  0.000000e+00  0.000000e+00  0.000000e+00  6.090373e-02  0.000000e+00  0.000000e+00  0.000000e+00
1.190472e+01  2.878544e-01  2.807813e-01  0.000000e+00  0.000000e+00  9.260185e-02  0.000000e+00  0.000000e+00  0.000000e+00  0.000000e+00  0.000000e+00  0.000000e+00  0.000000e+00  0.000000e+00  0.000000e+00  0.000000e+00  0.000000e+00
1.335731e+01  4.356843e-01  1.209298e-01  0.000000e+00  0.000000e+00  0.000000e+00  0.000000e+00  0.000000e+00  0.000000e+00  0.000000e+00  0.000000e+00  0.000000e+00  0.000000e+00  0.000000e+00  0.000000e+00  0.000000e+00  0.000000e+00
1.498715e+01  1.060623e-01  2.986414e-01  0.000000e+00  0.000000e+00  8.957841e-02  0.000000e+00  1.683434e-02  0.000000e+00  0.000000e+00  0.000000e+00  0.000000e+00  0.000000e+00  0.000000e+00  0.000000e+00  0.000000e+00  0.000000e+00
1.681586e+01  2.624226e-01  1.999639e-01  3.749237e-02  0.000000e+00  7.556768e-02  1.500362e-02  0.000000e+00  0.000000e+00  0.000000e+00  0.000000e+00  0.000000e+00  0.000000e+00  0.000000e+00  0.000000e+00  0.000000e+00  0.000000e+00
1.886771e+01  1.786088e-01  1.891887e-01  0.000000e+00  0.000000e+00  3.341511e-02  0.000000e+00  0.000000e+00  0.000000e+00  0.000000e+00  0.000000e+00  0.000000e+00  0.000000e+00  0.000000e+00  0.000000e+00  0.000000e+00  0.000000e+00
2.116992e+01  1.993048e-01  2.865057e-01  0.000000e+00  0.000000e+00  3.655000e-02  0.000000e+00  1.576162e-02  0.000000e+00  0.000000e+00  0.000000e+00  1.241096e-01  0.000000e+00  0.000000e+00  0.000000e+00  0.000000e+00  0.000000e+00
2.375304e+01  3.654415e-01  6.649108e-02  8.064740e-02  0.000000e+00  1.755581e-01  0.000000e+00  2.654257e-02  0.000000e+00  0.000000e+00  0.000000e+00  0.000000e+00  0.000000e+00  0.000000e+00  0.000000e+00  0.000000e+00  0.000000e+00
2.665135e+01  3.934094e-01  3.224359e-01  1.251990e-02  2.671755e-02  1.966319e-02  0.000000e+00  0.000000e+00  1.085004e-01  0.000000e+00  0.000000e+00  0.000000e+00  0.000000e+00  0.000000e+00  0.000000e+00  0.000000e+00  0.000000e+00
2.990330e+01  3.840942e-01  1.653475e-01  1.480362e-02  0.000000e+00  1.810173e-01  0.000000e+00  1.959553e-02  0.000000e+00  0.000000e+00  0.000000e+00  5.885302e-02  0.000000e+00  1.064434e-01  0.000000e+00  0.000000e+00  0.000000e+00
3.355206e+01  4.981990e-01  1.759887e-01  1.723735e-02  0.000000e+00  3.300640e-02  0.000000e+00  9.178073e-02  0.000000e+00  0.000000e+00  0.000000e+00  1.012063e-01  0.000000e+00  2.048799e-01  0.000000e+00  0.000000e+00  0.000000e+00
3.764603e+01  6.876313e-01  3.203016e-01  3.706038e-03  8.863410e-03  1.795438e-01  0.000000e+00  2.641853e-02  0.000000e+00  0.000000e+00  0.000000e+00  0.000000e+00  0.000000e+00  5.649257e-03  0.000000e+00  0.000000e+00  0.000000e+00
4.223954e+01  5.953747e-01  2.857412e-01  6.871605e-02  0.000000e+00  1.268177e-01  0.000000e+00  1.698101e-02  0.000000e+00  0.000000e+00  0.000000e+00  7.847283e-02  0.000000e+00  2.427142e-01  0.000000e+00  0.000000e+00  0.000000e+00
4.739354e+01  6.953551e-01  2.692442e-01  7.040457e-03  1.924357e-02  4.199764e-02  0.000000e+00  2.525629e-02  0.000000e+00  0.000000e+00  0.000000e+00  0.000000e+00  0.000000e+00  1.639182e-01  0.000000e+00  0.000000e+00  0.000000e+00
5.317643e+01  6.877784e-01  1.334406e-01  1.729419e-02  0.000000e+00  1.869011e-01  0.000000e+00  3.342394e-02  0.000000e+00  0.000000e+00  0.000000e+00  4.940893e-02  0.000000e+00  0.000000e+00  0.000000e+00  0.000000e+00  0.000000e+00
5.966493e+01  7.792504e-01  3.574170e-01  1.935001e-02  9.821030e-03  1.456239e-01  0.000000e+00  1.101172e-01  0.000000e+00  0.000000e+00  0.000000e+00  5.190081e-02  0.000000e+00  3.328260e-02  0.000000e+00  0.000000e+00  0.000000e+00
6.694516e+01  9.328103e-01  3.101328e-01  3.275768e-02  0.000000e+00  1.141989e-01  0.000000e+00  2.005411e-02  0.000000e+00  3.465677e-02  0.000000e+00  3.736019e-02  0.000000e+00  6.397636e-01  0.000000e+00  0.000000e+00  0.000000e+00
7.511370e+01  9.854937e-01  3.825644e-01  6.644505e-02  1.105853e-02  9.136626e-02  0.000000e+00  2.570047e-02  0.000000e+00  0.000000e+00  0.000000e+00  3.864187e-02  0.000000e+00  1.945160e+02  0.000000e+00  0.000000e+00  0.000000e+00
8.427896e+01  1.201145e+00  3.737108e-01  1.865903e-02  5.231549e-02  1.070069e-01  0.000000e+00  8.496449e-02  0.000000e+00  0.000000e+00  0.000000e+00  0.000000e+00  0.000000e+00  2.324897e+02  0.000000e+00  0.000000e+00  0.000000e+00
9.456255e+01  1.151651e+00  3.061439e-01  4.762099e-02  1.283646e-02  1.835551e-01  0.000000e+00  1.503224e-02  0.000000e+00  2.517008e-02  0.000000e+00  6.349609e-04  0.000000e+00  1.790118e+02  0.000000e+00  0.000000e+00  0.000000e+00
1.061009e+02  1.278476e+00  4.427035e-01  5.189140e-02  4.738137e-03  1.400263e-01  0.000000e+00  2.512689e-02  0.000000e+00  0.000000e+00  2.918597e-02  3.733041e-02  0.000000e+00  1.329014e+02  0.000000e+00  0.000000e+00  0.000000e+00
1.190472e+02  1.363765e+00  5.573563e-01  4.691223e-02  1.485388e-02  2.296837e-01  0.000000e+00  2.302816e-02  0.000000e+00  2.119318e-03  2.100918e-02  1.144477e+02  0.000000e+00  9.924687e+01  0.000000e+00  2.283898e-02  0.000000e+00
1.335731e+02  1.575382e+00  5.466365e-01  6.252053e-02  1.044503e-03  1.605826e-01  0.000000e+00  2.156368e-02  0.000000e+00  0.000000e+00  0.000000e+00  9.742132e+01  0.000000e+00  7.417191e+01  0.000000e+00  0.000000e+00  0.000000e+00
1.498715e+02  3.671812e+00  6.457650e-01  2.387497e-02  8.518623e-03  7.437900e-02  0.000000e+00  1.005153e-01  0.000000e+00  1.000290e-02  2.145022e-02  7.307647e+01  0.000000e+00  5.569045e+01  0.000000e+00  0.000000e+00  0.000000e+00
1.681586e+02  5.177693e+00  7.219026e-01  4.405937e-02  7.556768e-03  1.117325e-01  3.570648e-04  7.605122e-02  0.000000e+00  2.014732e-02  0.000000e+00  5.686310e+01  0.000000e+00  4.041182e+01  0.000000e+00  0.000000e+00  0.000000e+00
1.886771e+02  3.160590e+00  7.172384e-01  3.827807e-02  7.206659e-03  1.657158e-01  3.105682e-03  8.611510e-02  2.332494e-03  2.332494e-03  0.000000e+00  4.084823e+01  0.000000e+00  2.868054e+01  0.000000e+00  0.000000e+00  0.000000e+00
2.116992e+02  1.459578e+00  9.607228e-01  4.217396e-02  3.165902e-02  1.064273e-01  2.078838e-03  4.406541e-02  0.000000e+00  0.000000e+00  2.836266e-04  3.301379e+01  0.000000e+00  2.030614e+01  0.000000e+00  6.590371e-04  0.000000e+00
2.375304e+02  1.077836e+00  4.072583e+00  5.955145e-02  2.446374e-02  1.322713e-01  8.014904e-04  8.169087e-02  4.734943e-03  0.000000e+00  1.062175e-03  2.458341e+01  0.000000e+00  1.536304e+01  0.000000e+00  4.138947e-03  0.000000e+00
2.665135e+02  9.093368e-01  3.428658e+00  5.472440e-02  2.915003e-02  1.901031e-01  2.170054e-03  5.450076e-02  0.000000e+00  1.651280e-03  1.149979e-02  1.758221e+01  0.000000e+00  1.008865e+01  0.000000e+00  0.000000e+00  0.000000e+00
2.990330e+02  6.372577e-01  6.043140e-01  2.988230e-02  1.242007e-02  1.427891e-01  5.418739e-03  8.518329e-02  3.060754e-04  7.111993e-04  7.959478e-03  1.363767e+01  0.000000e+00  7.377093e+00  0.000000e+00  0.000000e+00  0.000000e+00
3.355206e+02  5.888296e-01  5.853064e-01  3.823270e-02  2.094305e-02  1.349874e-01  1.311658e-03  5.537106e-02  1.134823e-03  9.944909e-04  9.576589e-03  1.010750e+01  5.918576e-03  5.419433e+00  0.000000e+00  0.000000e+00  1.439022e-03
3.764603e+02  4.027545e-01  4.271240e-01  6.344432e-02  2.989723e-02  1.347826e-01  1.634892e-02  4.498796e-02  0.000000e+00  1.536280e-03  0.000000e+00  6.490223e+00  0.000000e+00  3.784301e+00  0.000000e+00  0.000000e+00  0.000000e+00
4.223954e+02  2.602291e-01  4.188541e-01  2.842480e-02  2.454832e-02  1.316195e-01  1.006637e-03  5.007630e-02  1.055801e-02  1.258572e-03  6.251492e-03  4.877687e+00  0.000000e+00  1.948590e+00  0.000000e+00  3.303010e-04  0.000000e+00
4.739354e+02  2.418386e-01  3.578544e-01  4.504918e-02  2.582108e-02  1.161322e-01  7.237971e-03  8.482301e-02  7.096039e-03  6.101423e-03  0.000000e+00  3.300140e+00  0.000000e+00  1.445536e+00  6.101423e-03  0.000000e+00  0.000000e+00
5.317643e+02  2.131835e-01  2.793833e-01  6.552383e-02  1.513163e-02  9.495369e-02  2.678021e-03  3.922791e-02  8.545448e-03  7.250994e-03  7.107542e-03  2.792512e+00  0.000000e+00  1.034926e+00  1.129138e-04  1.848800e-03  0.000000e+00
5.966493e+02  1.966382e-01  2.580087e-01  6.147713e-02  4.551757e-02  9.480578e-02  8.576821e-03  6.172467e-02  7.679890e-03  2.668628e-03  5.334805e-03  1.837916e+00  0.000000e+00  7.246613e-01  0.000000e+00  3.564440e-04  0.000000e+00
6.694516e+02  1.656248e-01  2.379191e-01  7.230794e-02  5.012824e-02  9.812906e-02  5.333351e-03  5.590465e-02  2.595892e-03  1.805680e-03  3.842551e-03  1.255190e+00  0.000000e+00  4.628955e-01  0.000000e+00  0.000000e+00  0.000000e+00
7.511370e+02  1.286182e-01  1.726186e-01  4.875267e-02  3.754882e-02  6.215746e-02  3.949721e-03  4.278882e-02  4.750951e-03  4.391941e-03  2.897184e-03  8.821127e-01  0.000000e+00  3.197348e-01  0.000000e+00  0.000000e+00  0.000000e+00
8.427896e+02  9.874910e-02  1.644767e-01  4.723903e-02  2.607953e-02  7.802943e-02  1.443347e-03  4.485345e-02  1.082145e-03  2.570898e-03  1.085438e-02  4.737798e-01  0.000000e+00  1.835463e-01  0.000000e+00  2.617341e-03  0.000000e+00
9.456255e+02  9.402493e-02  1.184556e-01  5.979689e-02  2.784620e-02  6.602452e-02  5.942042e-03  4.542464e-02  3.421728e-03  0.000000e+00  6.845149e-03  4.162168e-01  7.530030e-04  1.135641e-01  0.000000e+00  0.000000e+00  0.000000e+00
1.061009e+03  8.144167e-02  7.863989e-02  6.047474e-02  3.705027e-02  6.037408e-02  4.106451e-03  4.081055e-02  4.113039e-03  9.470584e-03  3.429939e-03  2.832074e-01  0.000000e+00  4.982604e-02  2.857809e-03  1.871618e-03  0.000000e+00
1.190472e+03  5.981508e-02  7.010977e-02  5.187197e-02  3.867460e-02  3.055437e-02  4.937385e-03  2.892902e-02  9.811921e-03  2.843408e-03  1.417941e-02  1.854512e-01  0.000000e+00  3.647401e-02  0.000000e+00  0.000000e+00  0.000000e+00
1.335731e+03  5.455415e-02  7.627008e-02  4.744653e-02  2.753912e-02  2.781423e-02  6.199472e-03  2.868623e-02  2.880229e-03  5.714319e-03  3.912389e-03  8.080093e-02  0.000000e+00  2.197320e-02  1.651431e-03  0.000000e+00  0.000000e+00
1.498715e+03  3.420964e-02  5.647118e-02  3.587238e-02  3.696584e-02  2.914441e-02  1.397778e-02  3.329775e-02  8.075216e-03  8.444486e-03  6.501191e-03  4.023174e-02  6.636035e-04  2.301950e-02  0.000000e+00  0.000000e+00  1.223084e-03
1.681586e+03  2.301003e-02  5.371594e-02  3.363763e-02  2.585601e-02  3.129558e-02  5.497515e-03  1.887933e-02  8.958704e-03  6.680414e-03  6.307061e-03  4.758491e-02  0.000000e+00  1.042749e-02  1.782476e-03  0.000000e+00  2.871226e-04
1.886771e+03  2.687642e-02  4.170812e-02  3.537119e-02  2.748078e-02  2.838125e-02  7.250028e-03  1.882507e-02  7.556125e-03  3.471417e-03  7.162800e-03  2.324575e-02  1.863862e-03  3.065282e-04  4.380749e-03  1.712434e-04  0.000000e+00
2.116992e+03  1.644379e-02  4.079274e-02  1.945019e-02  2.023091e-02  1.458332e-02  4.270265e-03  1.622043e-02  5.935432e-03  3.079494e-03  4.949512e-03  1.582047e-02  1.331025e-03  5.071219e-03  6.590371e-05  0.000000e+00  6.590371e-05
2.375304e+03  1.386793e-02  2.199347e-02  2.419166e-02  3.289484e-02  1.719340e-02  1.140150e-02  1.473620e-02  3.617888e-03  1.857172e-03  2.735678e-03  1.574554e-02  3.853261e-05  0.000000e+00  1.106128e-03  0.000000e+00  1.328968e-03
2.665135e+03  8.939037e-03  2.015903e-02  1.691657e-02  3.318978e-02  9.416195e-03  3.595145e-03  1.018490e-02  8.367104e-03  2.397085e-03  4.264577e-03  1.098353e-02  1.967151e-03  1.532455e-03  1.194314e-03  0.000000e+00  1.311617e-03
2.990330e+03  5.634072e-03  1.296694e-02  1.274355e-02  2.209112e-02  6.861814e-03  7.991454e-03  7.672328e-03  5.937200e-03  6.200822e-03  6.825926e-03  7.576249e-03  2.018068e-03  0.000000e+00  1.135553e-03  0.000000e+00  1.932430e-03
3.355206e+03  3.090114e-03  1.667415e-02  1.669965e-02  2.776675e-02  4.271412e-03  7.876151e-03  2.728169e-03  5.161769e-03  2.312306e-03  4.269310e-03  3.358923e-03  1.297904e-03  4.893863e-04  5.245281e-04  0.000000e+00  5.947806e-05
3.764603e+03  1.798146e-03  7.914462e-03  1.297912e-02  1.651014e-02  3.014187e-03  8.912660e-03  1.976814e-03  2.916346e-03  4.129871e-03  5.441820e-03  4.472840e-03  1.319173e-03  1.594950e-05  7.838215e-04  0.000000e+00  2.933777e-03
4.223954e+03  8.754917e-04  3.623291e-03  6.892384e-03  1.296154e-02  2.327302e-03  3.069233e-03  2.867060e-03  4.705345e-03  3.225299e-03  5.000184e-03  2.758587e-03  1.502215e-03  0.000000e+00  1.279240e-03  0.000000e+00  1.881275e-03
4.739354e+03  6.124324e-04  4.959857e-03  6.859056e-03  1.398661e-02  1.977819e-03  5.031081e-03  9.151938e-04  3.494651e-03  2.000021e-03  2.980360e-03  2.416701e-03  8.831644e-04  6.817324e-05  3.022345e-04  0.000000e+00  1.175069e-03
5.317643e+03  5.349945e-04  4.980029e-03  6.809575e-03  7.827743e-03  1.065824e-03  4.905737e-03  5.675362e-04  5.236083e-03  2.782711e-03  4.015855e-03  2.725733e-03  1.061922e-03  0.000000e+00  1.600922e-03  0.000000e+00  1.311242e-03
5.966493e+03  9.530161e-04  3.014762e-03  4.131263e-03  6.408004e-03  9.533647e-04  3.468776e-03  1.288599e-03  4.169176e-03  2.116218e-03  2.225603e-03  2.715803e-04  6.410527e-04  0.000000e+00  5.731600e-04  0.000000e+00  6.430831e-04
6.694516e+03  1.367189e-05  2.418280e-03  3.348461e-03  5.155402e-03  7.417092e-04  6.953520e-03  8.936642e-04  3.198030e-03  2.055734e-03  2.214871e-03  2.121794e-03  9.028999e-04  0.000000e+00  5.193628e-04  0.000000e+00  7.212193e-05
7.511370e+03  3.967794e-04  2.098960e-03  2.032508e-03  2.568747e-03  5.093944e-04  4.564193e-03  8.632708e-04  3.278442e-03  3.707334e-04  1.474580e-03  4.226581e-04  8.202741e-04  0.000000e+00  1.687133e-04  0.000000e+00  1.758051e-03
8.427896e+03  3.674296e-04  2.163729e-03  1.059339e-03  2.707828e-03  5.596937e-04  5.250557e-03  5.240601e-04  4.368512e-03  7.823344e-04  1.010832e-03  5.935251e-04  1.188062e-03  0.000000e+00  1.097226e-04  0.000000e+00  1.003472e-03
9.456255e+03  0.000000e+00  5.142614e-04  8.415307e-04  3.393735e-03  3.691122e-04  3.155880e-03  1.475400e-05  2.041466e-03  9.092859e-04  6.524857e-04  1.302392e-03  1.783503e-03  0.000000e+00  6.128480e-04  0.000000e+00  1.861096e-04
1.061009e+04  0.000000e+00  7.851787e-04  4.060800e-04  2.067300e-03  2.607807e-04  2.756583e-03  9.510179e-04  8.965980e-04  1.859147e-04  9.564356e-04  1.130870e-03  4.981860e-04  0.000000e+00  8.626377e-06  0.000000e+00  6.195528e-04
1.190472e+04  0.000000e+00  4.654804e-05  4.055714e-05  1.241854e-03  0.000000e+00  1.266228e-03  5.043674e-06  4.324086e-04  1.537653e-05  9.879890e-04  7.285716e-04  1.659564e-04  0.000000e+00  3.897787e-04  0.000000e+00  6.925760e-04
1.335731e+04  0.000000e+00  6.067234e-04  4.806644e-04  1.193311e-03  0.000000e+00  7.648838e-04  1.592177e-05  4.852755e-04  1.258056e-04  6.960246e-04  6.462820e-04  3.074196e-04  0.000000e+00  0.000000e+00  0.000000e+00  5.424732e-04
1.498715e+04  0.000000e+00  1.898132e-04  6.636035e-05  3.830088e-04  0.000000e+00  5.792687e-04  0.000000e+00  3.523516e-04  1.325004e-04  2.281791e-04  1.861829e-05  1.802811e-04  0.000000e+00  1.541615e-05  0.000000e+00  5.783571e-04
1.681586e+04  0.000000e+00  1.606319e-04  5.442876e-06  1.964025e-04  0.000000e+00  8.643610e-04  3.570648e-06  2.341652e-04  0.000000e+00  5.914372e-05  4.234447e-05  4.135937e-05  0.000000e+00  5.492263e-04  0.000000e+00  4.373528e-04
1.886771e+04  0.000000e+00  1.761148e-04  0.000000e+00  1.677149e-04  0.000000e+00  5.386124e-04  0.000000e+00  3.127637e-04  0.000000e+00  0.000000e+00  3.453739e-04  2.108237e-04  0.000000e+00  2.997034e-04  0.000000e+00  6.900955e-04
2.116992e+04  0.000000e+00  2.836266e-06  0.000000e+00  3.207001e-04  0.000000e+00  1.288222e-05  0.000000e+00  1.462764e-04  0.000000e+00  0.000000e+00  0.000000e+00  1.365939e-04  0.000000e+00  3.445501e-04  0.000000e+00  1.462764e-04
2.375304e+04  0.000000e+00  0.000000e+00  0.000000e+00  2.527825e-06  0.000000e+00  2.075403e-04  2.032672e-05  6.821788e-05  0.000000e+00  8.360210e-05  1.340042e-04  7.706522e-06  0.000000e+00  0.000000e+00  0.000000e+00  3.138085e-04
2.665135e+04  0.000000e+00  1.811621e-05  0.000000e+00  1.079211e-04  0.000000e+00  0.000000e+00  0.000000e+00  0.000000e+00  0.000000e+00  1.212311e-05  0.000000e+00  0.000000e+00  0.000000e+00  0.000000e+00  0.000000e+00  1.811621e-05
2.990330e+04  0.000000e+00  0.000000e+00  0.000000e+00  7.758685e-05  0.000000e+00  0.000000e+00  0.000000e+00  0.000000e+00  0.000000e+00  0.000000e+00  0.000000e+00  1.317742e-04  0.000000e+00  1.606307e-04  0.000000e+00  1.021327e-04
3.355206e+04  0.000000e+00  0.000000e+00  0.000000e+00  0.000000e+00  0.000000e+00  0.000000e+00  0.000000e+00  0.000000e+00  0.000000e+00  0.000000e+00  0.000000e+00  4.158243e-06  0.000000e+00  2.930150e-05  0.000000e+00  1.925945e-05
3.764603e+04  0.000000e+00  0.000000e+00  0.000000e+00  2.641853e-05  0.000000e+00  0.000000e+00  0.000000e+00  0.000000e+00  0.000000e+00  0.000000e+00  0.000000e+00  6.162943e-05  0.000000e+00  2.641853e-05  0.000000e+00  1.594950e-06
4.223954e+04  0.000000e+00  0.000000e+00  0.000000e+00  1.685764e-05  0.000000e+00  0.000000e+00  0.000000e+00  1.214141e-04  0.000000e+00  0.000000e+00  0.000000e+00  8.063967e-05  0.000000e+00  0.000000e+00  0.000000e+00  0.000000e+00
4.739354e+04  0.000000e+00  0.000000e+00  0.000000e+00  0.000000e+00  0.000000e+00  0.000000e+00  0.000000e+00  1.266914e-06  0.000000e+00  0.000000e+00  0.000000e+00  1.629130e-05  0.000000e+00  4.895400e-05  0.000000e+00  0.000000e+00
5.317643e+04  0.000000e+00  0.000000e+00  0.000000e+00  0.000000e+00  0.000000e+00  0.000000e+00  0.000000e+00  0.000000e+00  0.000000e+00  0.000000e+00  0.000000e+00  0.000000e+00  0.000000e+00  0.000000e+00  0.000000e+00  0.000000e+00
5.966493e+04  0.000000e+00  0.000000e+00  0.000000e+00  0.000000e+00  0.000000e+00  0.000000e+00  0.000000e+00  0.000000e+00  0.000000e+00  0.000000e+00  0.000000e+00  0.000000e+00  0.000000e+00  0.000000e+00  0.000000e+00  0.000000e+00
6.694516e+04  0.000000e+00  0.000000e+00  0.000000e+00  0.000000e+00  0.000000e+00  0.000000e+00  0.000000e+00  0.000000e+00  0.000000e+00  0.000000e+00  0.000000e+00  0.000000e+00  0.000000e+00  0.000000e+00  0.000000e+00  2.510152e-05
7.511370e+04  0.000000e+00  0.000000e+00  0.000000e+00  0.000000e+00  0.000000e+00  0.000000e+00  0.000000e+00  0.000000e+00  0.000000e+00  0.000000e+00  0.000000e+00  0.000000e+00  0.000000e+00  0.000000e+00  0.000000e+00  3.707334e-05
8.427896e+04  0.000000e+00  0.000000e+00  0.000000e+00  0.000000e+00  0.000000e+00  0.000000e+00  0.000000e+00  0.000000e+00  0.000000e+00  0.000000e+00  0.000000e+00  0.000000e+00  0.000000e+00  0.000000e+00  0.000000e+00  0.000000e+00
9.456255e+04  0.000000e+00  0.000000e+00  0.000000e+00  0.000000e+00  0.000000e+00  0.000000e+00  0.000000e+00  0.000000e+00  0.000000e+00  0.000000e+00  0.000000e+00  0.000000e+00  0.000000e+00  0.000000e+00  0.000000e+00  0.000000e+00
1.061009e+05  0.000000e+00  0.000000e+00  0.000000e+00  0.000000e+00  0.000000e+00  0.000000e+00  0.000000e+00  0.000000e+00  0.000000e+00  0.000000e+00  0.000000e+00  0.000000e+00  0.000000e+00  0.000000e+00  0.000000e+00  0.000000e+00
1.190472e+05  0.000000e+00  0.000000e+00  0.000000e+00  0.000000e+00  0.000000e+00  0.000000e+00  0.000000e+00  0.000000e+00  0.000000e+00  0.000000e+00  0.000000e+00  0.000000e+00  0.000000e+00  0.000000e+00  0.000000e+00  0.000000e+00
1.335731e+05  0.000000e+00  0.000000e+00  0.000000e+00  0.000000e+00  0.000000e+00  0.000000e+00  0.000000e+00  0.000000e+00  0.000000e+00  0.000000e+00  0.000000e+00  0.000000e+00  0.000000e+00  0.000000e+00  0.000000e+00  0.000000e+00
1.498715e+05  0.000000e+00  0.000000e+00  0.000000e+00  0.000000e+00  0.000000e+00  0.000000e+00  0.000000e+00  0.000000e+00  0.000000e+00  0.000000e+00  0.000000e+00  0.000000e+00  0.000000e+00  0.000000e+00  0.000000e+00  0.000000e+00
1.681586e+05  0.000000e+00  0.000000e+00  0.000000e+00  0.000000e+00  0.000000e+00  0.000000e+00  0.000000e+00  0.000000e+00  0.000000e+00  0.000000e+00  0.000000e+00  0.000000e+00  0.000000e+00  0.000000e+00  0.000000e+00  0.000000e+00
1.886771e+05  0.000000e+00  0.000000e+00  0.000000e+00  0.000000e+00  0.000000e+00  0.000000e+00  0.000000e+00  0.000000e+00  0.000000e+00  0.000000e+00  0.000000e+00  0.000000e+00  0.000000e+00  0.000000e+00  0.000000e+00  0.000000e+00
2.116992e+05  0.000000e+00  0.000000e+00  0.000000e+00  0.000000e+00  0.000000e+00  0.000000e+00  0.000000e+00  0.000000e+00  0.000000e+00  0.000000e+00  0.000000e+00  0.000000e+00  0.000000e+00  0.000000e+00  0.000000e+00  0.000000e+00
2.375304e+05  0.000000e+00  0.000000e+00  0.000000e+00  0.000000e+00  0.000000e+00  0.000000e+00  0.000000e+00  0.000000e+00  0.000000e+00  0.000000e+00  0.000000e+00  0.000000e+00  0.000000e+00  0.000000e+00  0.000000e+00  0.000000e+00
2.665135e+05  0.000000e+00  0.000000e+00  0.000000e+00  0.000000e+00  0.000000e+00  0.000000e+00  0.000000e+00  0.000000e+00  0.000000e+00  0.000000e+00  0.000000e+00  0.000000e+00  0.000000e+00  0.000000e+00  0.000000e+00  0.000000e+00
2.990330e+05  0.000000e+00  0.000000e+00  0.000000e+00  0.000000e+00  0.000000e+00  0.000000e+00  0.000000e+00  0.000000e+00  0.000000e+00  0.000000e+00  0.000000e+00  0.000000e+00  0.000000e+00  0.000000e+00  0.000000e+00  0.000000e+00
3.355206e+05  0.000000e+00  0.000000e+00  0.000000e+00  0.000000e+00  0.000000e+00  0.000000e+00  0.000000e+00  0.000000e+00  0.000000e+00  0.000000e+00  0.000000e+00  0.000000e+00  0.000000e+00  0.000000e+00  0.000000e+00  0.000000e+00
3.764603e+05  0.000000e+00  0.000000e+00  0.000000e+00  0.000000e+00  0.000000e+00  0.000000e+00  0.000000e+00  0.000000e+00  0.000000e+00  0.000000e+00  0.000000e+00  0.000000e+00  0.000000e+00  0.000000e+00  0.000000e+00  0.000000e+00
4.223954e+05  0.000000e+00  0.000000e+00  0.000000e+00  0.000000e+00  0.000000e+00  0.000000e+00  0.000000e+00  0.000000e+00  0.000000e+00  0.000000e+00  0.000000e+00  0.000000e+00  0.000000e+00  0.000000e+00  0.000000e+00  0.000000e+00
4.739354e+05  0.000000e+00  0.000000e+00  0.000000e+00  0.000000e+00  0.000000e+00  0.000000e+00  0.000000e+00  0.000000e+00  0.000000e+00  0.000000e+00  0.000000e+00  0.000000e+00  0.000000e+00  0.000000e+00  0.000000e+00  0.000000e+00
5.317643e+05  0.000000e+00  0.000000e+00  0.000000e+00  0.000000e+00  0.000000e+00  0.000000e+00  0.000000e+00  0.000000e+00  0.000000e+00  0.000000e+00  0.000000e+00  0.000000e+00  0.000000e+00  0.000000e+00  0.000000e+00  0.000000e+00
5.966493e+05  0.000000e+00  0.000000e+00  0.000000e+00  0.000000e+00  0.000000e+00  0.000000e+00  0.000000e+00  0.000000e+00  0.000000e+00  0.000000e+00  0.000000e+00  0.000000e+00  0.000000e+00  0.000000e+00  0.000000e+00  0.000000e+00
6.694516e+05  0.000000e+00  0.000000e+00  0.000000e+00  0.000000e+00  0.000000e+00  0.000000e+00  0.000000e+00  0.000000e+00  0.000000e+00  0.000000e+00  0.000000e+00  0.000000e+00  0.000000e+00  0.000000e+00  0.000000e+00  0.000000e+00
7.511370e+05  0.000000e+00  0.000000e+00  0.000000e+00  0.000000e+00  0.000000e+00  0.000000e+00  0.000000e+00  0.000000e+00  0.000000e+00  0.000000e+00  0.000000e+00  0.000000e+00  0.000000e+00  0.000000e+00  0.000000e+00  0.000000e+00
8.427896e+05  0.000000e+00  0.000000e+00  0.000000e+00  0.000000e+00  0.000000e+00  0.000000e+00  0.000000e+00  0.000000e+00  0.000000e+00  0.000000e+00  0.000000e+00  0.000000e+00  0.000000e+00  0.000000e+00  0.000000e+00  0.000000e+00
9.456255e+05  0.000000e+00  0.000000e+00  0.000000e+00  0.000000e+00  0.000000e+00  0.000000e+00  0.000000e+00  0.000000e+00  0.000000e+00  0.000000e+00  0.000000e+00  0.000000e+00  0.000000e+00  0.000000e+00  0.000000e+00  0.000000e+00
