# dR/dEr [1/keV/kg/Myr]
# Er [keV], S, F, Ne, Cl, Na, Si, O, P, N, C, Al, Mg, Be, B, Ar, Li
1.061009e+01  1.051472e+01  9.775982e+00  0.000000e+00  0.000000e+00  6.622046e+00  0.000000e+00  5.615017e-01  0.000000e+00  0.000000e+00  0.000000e+00  0.000000e+00  0.000000e+00  6.114293e-01  0.000000e+00  0.000000e+00  0.000000e+00
1.190472e+01  2.817436e+00  2.516412e+00  0.000000e+00  0.000000e+00  9.055446e-01  0.000000e+00  0.000000e+00  0.000000e+00  0.000000e+00  0.000000e+00  0.000000e+00  0.000000e+00  0.000000e+00  0.000000e+00  0.000000e+00  0.000000e+00
1.335731e+01  4.248091e+00  1.202601e+00  0.000000e+00  0.000000e+00  0.000000e+00  0.000000e+00  0.000000e+00  0.000000e+00  0.000000e+00  0.000000e+00  0.000000e+00  0.000000e+00  0.000000e+00  0.000000e+00  0.000000e+00  0.000000e+00
1.498715e+01  1.038184e+00  2.821686e+00  0.000000e+00  0.000000e+00  8.704601e-01  0.000000e+00  1.654351e-01  0.000000e+00  0.000000e+00  0.000000e+00  0.000000e+00  0.000000e+00  0.000000e+00  0.000000e+00  0.000000e+00  0.000000e+00
1.681586e+01  2.568691e+00  1.865871e+00  3.673508e-01  0.000000e+00  7.384148e-01  1.474442e-01  0.000000e+00  0.000000e+00  0.000000e+00  0.000000e+00  0.000000e+00  0.000000e+00  0.000000e+00  0.000000e+00  0.000000e+00  0.000000e+00
1.886771e+01  1.749158e+00  1.786123e+00  0.000000e+00  0.000000e+00  3.274018e-01  0.000000e+00  0.000000e+00  0.000000e+00  0.000000e+00  0.000000e+00  0.000000e+00  0.000000e+00  0.000000e+00  0.000000e+00  0.000000e+00  0.000000e+00
2.116992e+01  1.952652e+00  2.728068e+00  0.000000e+00  0.000000e+00  3.578418e-01  0.000000e+00  1.545623e-01  0.000000e+00  0.000000e+00  0.000000e+00  1.065698e+00  0.000000e+00  0.000000e+00  0.000000e+00  0.000000e+00  0.000000e+00
2.375304e+01  3.579293e+00  6.504635e-01  7.374948e-01  0.000000e+00  1.638847e+00  0.000000e+00  2.600645e-01  0.000000e+00  0.000000e+00  0.000000e+00  0.000000e+00  0.000000e+00  0.000000e+00  0.000000e+00  0.000000e+00  0.000000e+00
2.665135e+01  3.746251e+00  2.979558e+00  1.227732e-01  2.577130e-01  1.930853e-01  0.000000e+00  0.000000e+00  9.903185e-01  0.000000e+00  0.000000e+00  0.000000e+00  0.000000e+00  0.000000e+00  0.000000e+00  0.000000e+00  0.000000e+00
2.990330e+01  3.730215e+00  1.604130e+00  1.455797e-01  0.000000e+00  1.590021e+00  0.000000e+00  1.923357e-01  0.000000e+00  0.000000e+00  0.000000e+00  5.508346e-01  0.000000e+00  9.910233e-01  0.000000e+00  0.000000e+00  0.000000e+00
3.355206e+01  4.797314e+00  1.667114e+00  1.679263e-01  0.000000e+00  3.233051e-01  0.000000e+00  8.470690e-01  0.000000e+00  0.000000e+00  0.000000e+00  9.443786e-01  0.000000e+00  1.822851e+00  0.000000e+00  0.000000e+00  0.000000e+00
3.764603e+01  6.605889e+00  2.914884e+00  3.427147e-02  8.691676e-02  1.658963e+00  0.000000e+00  2.402329e-01  0.000000e+00  0.000000e+00  0.000000e+00  0.000000e+00  0.000000e+00  5.448052e-02  0.000000e+00  0.000000e+00  0.000000e+00
4.223954e+01  5.657480e+00  2.728048e+00  6.073403e-01  0.000000e+00  1.210854e+00  0.000000e+00  1.659530e-01  0.000000e+00  0.000000e+00  0.000000e+00  6.880523e-01  0.000000e+00  2.224587e+00  0.000000e+00  0.000000e+00  0.000000e+00
4.739354e+01  6.725908e+00  2.599744e+00  6.904043e-02  1.879231e-01  4.093950e-01  0.000000e+00  2.477471e-01  0.000000e+00  0.000000e+00  0.000000e+00  0.000000e+00  0.000000e+00  1.458763e+00  0.000000e+00  0.000000e+00  0.000000e+00
5.317643e+01  6.593982e+00  1.304425e+00  1.696906e-01  0.000000e+00  1.745319e+00  0.000000e+00  3.279949e-01  0.000000e+00  0.000000e+00  0.000000e+00  4.242621e-01  0.000000e+00  0.000000e+00  0.000000e+00  0.000000e+00  0.000000e+00
5.966493e+01  7.544432e+00  3.394965e+00  1.897815e-01  9.639618e-02  1.371657e+00  0.000000e+00  1.033312e+00  0.000000e+00  0.000000e+00  0.000000e+00  4.725089e-01  0.000000e+00  2.975503e-01  0.000000e+00  0.000000e+00  0.000000e+00
6.694516e+01  8.994470e+00  2.979057e+00  3.210169e-01  0.000000e+00  1.097275e+00  0.000000e+00  1.948718e-01  0.000000e+00  2.990388e-01  0.000000e+00  3.403777e-01  0.000000e+00  5.855148e+00  0.000000e+00  0.000000e+00  0.000000e+00
7.511370e+01  9.494082e+00  3.660843e+00  6.247830e-01  1.080185e-01  8.669781e-01  0.000000e+00  2.508733e-01  0.000000e+00  0.000000e+00  0.000000e+00  3.415326e-01  0.000000e+00  1.783983e+03  0.000000e+00  0.000000e+00  0.000000e+00
8.427896e+01  1.160653e+01  3.622306e+00  1.826035e-01  4.798067e-01  1.023193e+00  0.000000e+00  8.067082e-01  0.000000e+00  0.000000e+00  0.000000e+00  0.000000e+00  0.000000e+00  2.131844e+03  0.000000e+00  0.000000e+00  0.000000e+00
9.456255e+01  1.116576e+01  2.959008e+00  4.463859e-01  1.256194e-01  1.699006e+00  0.000000e+00  1.465968e-01  0.000000e+00  2.171023e-01  0.000000e+00  5.399030e-03  0.000000e+00  1.641167e+03  0.000000e+00  0.000000e+00  0.000000e+00
1.061009e+02  1.245637e+01  4.238785e+00  4.719798e-01  4.584181e-02  1.334656e+00  0.000000e+00  2.488705e-01  0.000000e+00  0.000000e+00  2.657113e-01  3.461935e-01  0.000000e+00  1.218026e+03  0.000000e+00  0.000000e+00  0.000000e+00
1.190472e+02  1.328136e+01  5.359255e+00  4.567522e-01  1.396026e-01  2.130829e+00  0.000000e+00  2.190334e-01  0.000000e+00  2.082704e-02  1.914084e-01  1.050626e+03  0.000000e+00  9.101875e+02  0.000000e+00  1.963284e-01  0.000000e+00
1.335731e+02  1.527559e+01  5.262483e+00  5.803193e-01  9.659012e-03  1.544564e+00  0.000000e+00  2.079561e-01  0.000000e+00  0.000000e+00  0.000000e+00  8.939873e+02  0.000000e+00  6.799470e+02  0.000000e+00  0.000000e+00  0.000000e+00
1.498715e+02  3.578276e+01  6.205696e+00  2.332606e-01  8.254322e-02  7.256106e-01  0.000000e+00  9.269646e-01  0.000000e+00  9.343079e-02  1.977492e-01  6.702788e+02  0.000000e+00  5.104786e+02  0.000000e+00  0.000000e+00  0.000000e+00
1.681586e+02  5.054360e+01  6.923271e+00  4.195983e-01  7.384148e-02  1.054279e+00  3.036097e-03  7.100802e-01  0.000000e+00  1.864433e-01  0.000000e+00  5.210218e+02  0.000000e+00  3.705865e+02  0.000000e+00  0.000000e+00  0.000000e+00
1.886771e+02  3.072906e+01  6.936578e+00  3.648582e-01  7.063365e-02  1.593340e+00  3.048315e-02  8.099526e-01  2.280833e-02  2.280833e-02  0.000000e+00  3.748503e+02  0.000000e+00  2.631041e+02  0.000000e+00  0.000000e+00  0.000000e+00
2.116992e+02  1.415003e+01  9.229927e+00  4.005977e-01  3.013471e-01  9.917044e-01  2.032795e-02  4.193090e-01  0.000000e+00  0.000000e+00  2.411658e-03  3.025053e+02  0.000000e+00  1.858825e+02  0.000000e+00  6.094425e-03  0.000000e+00
2.375304e+02  1.041940e+01  3.976633e+01  5.757924e-01  2.283126e-01  1.253115e+00  7.889145e-03  7.491626e-01  4.613017e-02  0.000000e+00  1.043825e-02  2.251096e+02  0.000000e+00  1.404521e+02  0.000000e+00  3.986492e-02  0.000000e+00
2.665135e+02  8.784647e+00  3.345871e+01  5.344241e-01  2.708310e-01  1.795950e+00  2.114066e-02  5.063075e-01  0.000000e+00  1.614706e-02  1.054671e-01  1.611972e+02  0.000000e+00  9.245261e+01  0.000000e+00  0.000000e+00  0.000000e+00
2.990330e+02  6.115564e+00  5.826550e+00  2.884924e-01  1.191826e-01  1.343869e+00  5.076893e-02  8.061814e-01  2.714090e-03  6.858691e-03  6.865377e-02  1.249509e+02  0.000000e+00  6.765728e+01  0.000000e+00  0.000000e+00  0.000000e+00
3.355206e+02  5.608355e+00  5.612653e+00  3.690879e-01  1.955321e-01  1.286842e+00  1.282607e-02  5.255624e-01  1.117017e-02  9.752220e-03  8.838515e-02  9.266382e+01  5.291275e-02  4.963432e+01  0.000000e+00  0.000000e+00  1.483458e-02
3.764603e+02  3.842236e+00  4.114980e+00  5.975371e-01  2.775479e-01  1.291782e+00  1.425774e-01  4.195894e-01  0.000000e+00  1.496644e-02  0.000000e+00  5.961754e+01  0.000000e+00  3.471990e+01  0.000000e+00  0.000000e+00  0.000000e+00
4.223954e+02  2.482163e+00  3.984850e+00  2.744348e-01  2.305860e-01  1.243091e+00  9.667892e-03  4.793766e-01  9.890340e-02  1.210954e-02  5.700067e-02  4.480225e+01  0.000000e+00  1.791460e+01  0.000000e+00  3.054448e-03  0.000000e+00
4.739354e+02  2.280837e+00  3.387847e+00  4.333087e-01  2.474290e-01  1.107548e+00  6.638939e-02  7.832461e-01  6.542656e-02  5.568970e-02  0.000000e+00  3.029220e+01  0.000000e+00  1.326010e+01  5.568970e-02  0.000000e+00  0.000000e+00
5.317643e+02  2.010672e+00  2.632311e+00  6.165447e-01  1.415062e-01  9.154591e-01  2.616285e-02  3.741642e-01  7.736045e-02  6.740339e-02  6.343515e-02  2.556736e+01  0.000000e+00  9.512295e+00  9.600983e-04  1.780701e-02  0.000000e+00
5.966493e+02  1.847949e+00  2.420713e+00  5.834620e-01  4.184501e-01  9.086407e-01  7.829938e-02  5.808925e-01  7.260609e-02  2.593687e-02  4.966882e-02  1.684730e+01  0.000000e+00  6.644836e+00  0.000000e+00  3.437488e-03  0.000000e+00
6.694516e+02  1.543215e+00  2.211176e+00  6.895994e-01  4.713161e-01  9.412111e-01  4.934992e-02  5.281457e-01  2.523264e-02  1.764369e-02  3.360751e-02  1.151589e+01  0.000000e+00  4.201898e+00  0.000000e+00  0.000000e+00  0.000000e+00
7.511370e+02  1.210069e+00  1.619883e+00  4.631280e-01  3.500830e-01  5.993562e-01  3.845373e-02  4.025557e-01  4.548004e-02  4.102960e-02  2.613003e-02  8.080079e+00  0.000000e+00  2.927297e+00  0.000000e+00  0.000000e+00  0.000000e+00
8.427896e+02  9.166399e-01  1.541575e+00  4.448556e-01  2.525354e-01  7.416815e-01  1.415394e-02  4.277896e-01  1.056769e-02  2.432948e-02  9.832290e-02  4.339303e+00  0.000000e+00  1.673071e+00  0.000000e+00  2.385849e-02  0.000000e+00
9.456255e+02  8.754582e-01  1.111371e+00  5.655094e-01  2.610538e-01  6.317279e-01  5.544919e-02  4.335928e-01  3.333541e-02  0.000000e+00  6.344860e-02  3.796925e+00  7.263339e-03  1.041960e+00  0.000000e+00  0.000000e+00  0.000000e+00
1.061009e+03  7.620108e-01  7.415209e-01  5.684489e-01  3.516048e-01  5.721251e-01  3.892606e-02  3.904296e-01  3.865937e-02  8.708788e-02  3.194817e-02  2.606692e+00  0.000000e+00  4.575461e-01  2.534153e-02  1.673248e-02  0.000000e+00
1.190472e+03  5.588003e-01  6.570060e-01  4.911552e-01  3.657572e-01  2.942316e-01  4.586028e-02  2.745911e-01  9.142509e-02  2.640871e-02  1.272205e-01  1.689116e+00  0.000000e+00  3.340819e-01  0.000000e+00  0.000000e+00  0.000000e+00
1.335731e+03  5.088637e-01  7.096242e-01  4.439713e-01  2.631865e-01  2.687331e-01  5.674453e-02  2.741101e-01  2.715836e-02  5.334165e-02  3.456271e-02  7.440921e-01  0.000000e+00  1.982959e-01  1.505369e-02  0.000000e+00  0.000000e+00
1.498715e+03  3.194774e-01  5.280584e-01  3.364747e-01  3.449843e-01  2.740781e-01  1.294585e-01  3.158949e-01  7.568837e-02  7.925540e-02  5.881888e-02  3.671098e-01  6.034377e-03  2.119413e-01  0.000000e+00  0.000000e+00  1.149822e-02
1.681586e+03  2.120230e-01  5.021232e-01  3.132272e-01  2.456295e-01  2.952582e-01  5.118215e-02  1.818136e-01  8.287432e-02  6.259370e-02  5.859213e-02  4.363476e-01  0.000000e+00  9.779482e-02  1.630881e-02  0.000000e+00  2.959887e-03
1.886771e+03  2.473249e-01  3.853265e-01  3.311814e-01  2.654459e-01  2.670487e-01  6.615959e-02  1.791653e-01  6.941186e-02  3.245197e-02  6.556706e-02  2.129220e-01  1.744088e-02  2.986198e-03  4.005807e-02  1.719160e-03  0.000000e+00
2.116992e+03  1.524591e-01  3.779985e-01  1.856606e-01  1.916068e-01  1.359151e-01  3.970348e-02  1.547599e-01  5.526254e-02  2.835439e-02  4.491270e-02  1.451720e-01  1.154216e-02  4.754765e-02  6.094425e-04  0.000000e+00  6.094425e-04
2.375304e+03  1.263902e-01  2.042837e-01  2.251916e-01  3.083915e-01  1.601716e-01  1.061070e-01  1.408679e-01  3.430540e-02  1.780161e-02  2.526595e-02  1.454848e-01  3.416837e-04  0.000000e+00  9.498044e-03  0.000000e+00  1.208383e-02
2.665135e+03  8.313941e-02  1.868101e-01  1.591919e-01  3.125001e-01  8.646510e-02  3.408023e-02  9.601836e-02  7.885797e-02  2.190102e-02  3.961083e-02  9.931114e-02  1.808125e-02  1.418184e-02  1.111946e-02  0.000000e+00  1.194328e-02
2.990330e+03  5.144052e-02  1.213826e-01  1.199468e-01  2.066668e-01  6.351289e-02  7.349787e-02  7.268539e-02  5.525941e-02  5.682962e-02  6.157873e-02  7.025533e-02  1.861376e-02  0.000000e+00  1.059610e-02  0.000000e+00  1.770574e-02
3.355206e+03  2.852088e-02  1.542169e-01  1.536353e-01  2.594496e-01  3.897693e-02  7.208544e-02  2.664852e-02  4.760568e-02  2.165890e-02  3.908356e-02  3.109851e-02  1.168621e-02  4.532142e-03  4.909318e-03  0.000000e+00  5.366975e-04
3.764603e+03  1.685016e-02  7.290748e-02  1.190543e-01  1.539588e-01  2.810334e-02  8.103034e-02  1.893581e-02  2.697741e-02  3.761730e-02  5.014006e-02  4.161365e-02  1.183404e-02  1.356175e-04  7.339367e-03  0.000000e+00  2.591931e-02
4.223954e+03  7.928142e-03  3.373363e-02  6.357516e-02  1.215830e-01  2.139218e-02  2.866914e-02  2.683041e-02  4.323926e-02  2.970609e-02  4.465707e-02  2.553303e-02  1.395658e-02  0.000000e+00  1.138767e-02  0.000000e+00  1.718827e-02
4.739354e+03  5.412926e-03  4.594518e-02  6.285782e-02  1.292565e-01  1.789429e-02  4.660364e-02  8.548101e-03  3.256106e-02  1.830373e-02  2.739698e-02  2.222629e-02  8.070837e-03  6.844098e-04  2.780531e-03  0.000000e+00  1.066577e-02
5.317643e+03  4.903985e-03  4.599519e-02  6.233854e-02  7.264703e-02  9.569671e-03  4.534969e-02  5.209111e-03  4.861905e-02  2.573421e-02  3.652939e-02  2.469170e-02  9.929150e-03  0.000000e+00  1.418287e-02  0.000000e+00  1.180101e-02
5.966493e+03  8.594206e-03  2.698313e-02  3.760027e-02  5.994248e-02  8.529641e-03  3.208088e-02  1.195072e-02  3.834815e-02  1.906235e-02  2.066318e-02  2.544474e-03  5.705468e-03  0.000000e+00  5.268735e-03  0.000000e+00  5.947771e-03
6.694516e+03  1.212339e-04  2.222405e-02  3.022780e-02  4.753596e-02  6.521042e-03  6.376035e-02  7.870920e-03  2.890981e-02  1.895844e-02  2.040316e-02  1.950669e-02  8.333919e-03  0.000000e+00  4.696782e-03  0.000000e+00  7.434901e-04
7.511370e+03  3.567542e-03  1.910763e-02  1.863812e-02  2.407451e-02  4.698114e-03  4.160255e-02  7.955542e-03  2.934525e-02  3.378038e-03  1.337507e-02  4.093549e-03  7.419036e-03  0.000000e+00  1.545036e-03  0.000000e+00  1.632833e-02
8.427896e+03  3.345107e-03  1.937368e-02  9.489221e-03  2.455932e-02  5.146457e-03  4.793563e-02  4.992496e-03  3.957036e-02  7.170747e-03  8.902649e-03  5.407432e-03  1.093211e-02  0.000000e+00  1.058316e-03  0.000000e+00  9.296519e-03
9.456255e+03  0.000000e+00  4.741011e-03  7.799168e-03  3.135317e-02  3.437450e-03  2.913695e-02  1.364372e-04  1.849762e-02  8.193310e-03  5.922511e-03  1.197108e-02  1.600470e-02  0.000000e+00  5.466079e-03  0.000000e+00  1.741892e-03
1.061009e+04  0.000000e+00  7.119785e-03  3.658119e-03  1.872490e-02  2.247947e-03  2.517799e-02  8.599948e-03  8.045397e-03  1.745767e-03  8.716203e-03  1.029505e-02  4.539106e-03  0.000000e+00  7.649344e-05  0.000000e+00  5.529852e-03
1.190472e+04  0.000000e+00  4.490192e-04  4.180952e-04  1.144372e-02  0.000000e+00  1.166761e-02  4.288602e-05  4.122506e-03  1.363497e-04  8.879676e-03  6.706483e-03  1.514382e-03  0.000000e+00  3.363237e-03  0.000000e+00  6.280997e-03
1.335731e+04  0.000000e+00  5.336604e-03  4.425916e-03  1.082249e-02  0.000000e+00  7.071461e-03  1.535470e-04  4.366503e-03  1.174797e-03  6.399379e-03  6.059500e-03  2.781511e-03  0.000000e+00  0.000000e+00  0.000000e+00  4.992947e-03
1.498715e+04  0.000000e+00  1.727095e-03  6.034377e-04  3.431659e-03  0.000000e+00  5.233295e-03  0.000000e+00  3.273270e-03  1.184569e-03  2.097521e-03  1.721721e-04  1.698156e-03  0.000000e+00  1.402392e-04  0.000000e+00  5.228239e-03
1.681586e+04  0.000000e+00  1.484076e-03  4.826410e-05  1.733218e-03  0.000000e+00  7.855332e-03  3.036097e-05  2.126910e-03  0.000000e+00  5.378144e-04  4.084476e-04  4.179554e-04  0.000000e+00  4.949063e-03  0.000000e+00  3.978268e-03
1.886771e+04  0.000000e+00  1.568236e-03  0.000000e+00  1.534624e-03  0.000000e+00  4.832434e-03  0.000000e+00  2.871626e-03  0.000000e+00  0.000000e+00  3.160325e-03  1.921205e-03  0.000000e+00  2.737007e-03  0.000000e+00  6.297027e-03
2.116992e+04  0.000000e+00  2.411658e-05  0.000000e+00  2.955598e-03  0.000000e+00  1.209982e-04  0.000000e+00  1.331711e-03  0.000000e+00  0.000000e+00  0.000000e+00  1.246737e-03  0.000000e+00  3.159519e-03  0.000000e+00  1.331711e-03
2.375304e+04  0.000000e+00  0.000000e+00  0.000000e+00  2.149392e-05  0.000000e+00  1.912378e-03  2.095440e-04  6.391430e-04  0.000000e+00  7.474125e-04  1.247624e-03  6.833673e-05  0.000000e+00  0.000000e+00  0.000000e+00  2.839646e-03
2.665135e+04  0.000000e+00  1.867563e-04  0.000000e+00  9.825130e-04  0.000000e+00  0.000000e+00  0.000000e+00  0.000000e+00  0.000000e+00  1.217072e-04  0.000000e+00  0.000000e+00  0.000000e+00  0.000000e+00  0.000000e+00  1.867563e-04
2.990330e+04  0.000000e+00  0.000000e+00  0.000000e+00  6.694644e-04  0.000000e+00  0.000000e+00  0.000000e+00  0.000000e+00  0.000000e+00  0.000000e+00  0.000000e+00  1.177154e-03  0.000000e+00  1.498713e-03  0.000000e+00  9.021051e-04
3.355206e+04  0.000000e+00  0.000000e+00  0.000000e+00  0.000000e+00  0.000000e+00  0.000000e+00  0.000000e+00  0.000000e+00  0.000000e+00  0.000000e+00  0.000000e+00  3.845322e-05  0.000000e+00  2.822220e-04  0.000000e+00  1.933509e-04
3.764603e+04  0.000000e+00  0.000000e+00  0.000000e+00  2.402329e-04  0.000000e+00  0.000000e+00  0.000000e+00  0.000000e+00  0.000000e+00  0.000000e+00  0.000000e+00  5.317745e-04  0.000000e+00  2.402329e-04  0.000000e+00  1.356175e-05
4.223954e+04  0.000000e+00  0.000000e+00  0.000000e+00  1.626059e-04  0.000000e+00  0.000000e+00  0.000000e+00  1.073577e-03  0.000000e+00  0.000000e+00  0.000000e+00  7.072666e-04  0.000000e+00  0.000000e+00  0.000000e+00  0.000000e+00
4.739354e+04  0.000000e+00  0.000000e+00  0.000000e+00  0.000000e+00  0.000000e+00  0.000000e+00  0.000000e+00  1.077248e-05  0.000000e+00  0.000000e+00  0.000000e+00  1.556952e-04  0.000000e+00  4.224035e-04  0.000000e+00  0.000000e+00
5.317643e+04  0.000000e+00  0.000000e+00  0.000000e+00  0.000000e+00  0.000000e+00  0.000000e+00  0.000000e+00  0.000000e+00  0.000000e+00  0.000000e+00  0.000000e+00  0.000000e+00  0.000000e+00  0.000000e+00  0.000000e+00  0.000000e+00
5.966493e+04  0.000000e+00  0.000000e+00  0.000000e+00  0.000000e+00  0.000000e+00  0.000000e+00  0.000000e+00  0.000000e+00  0.000000e+00  0.000000e+00  0.000000e+00  0.000000e+00  0.000000e+00  0.000000e+00  0.000000e+00  0.000000e+00
6.694516e+04  0.000000e+00  0.000000e+00  0.000000e+00  0.000000e+00  0.000000e+00  0.000000e+00  0.000000e+00  0.000000e+00  0.000000e+00  0.000000e+00  0.000000e+00  0.000000e+00  0.000000e+00  0.000000e+00  0.000000e+00  2.344028e-04
7.511370e+04  0.000000e+00  0.000000e+00  0.000000e+00  0.000000e+00  0.000000e+00  0.000000e+00  0.000000e+00  0.000000e+00  0.000000e+00  0.000000e+00  0.000000e+00  0.000000e+00  0.000000e+00  0.000000e+00  0.000000e+00  3.378038e-04
8.427896e+04  0.000000e+00  0.000000e+00  0.000000e+00  0.000000e+00  0.000000e+00  0.000000e+00  0.000000e+00  0.000000e+00  0.000000e+00  0.000000e+00  0.000000e+00  0.000000e+00  0.000000e+00  0.000000e+00  0.000000e+00  0.000000e+00
9.456255e+04  0.000000e+00  0.000000e+00  0.000000e+00  0.000000e+00  0.000000e+00  0.000000e+00  0.000000e+00  0.000000e+00  0.000000e+00  0.000000e+00  0.000000e+00  0.000000e+00  0.000000e+00  0.000000e+00  0.000000e+00  0.000000e+00
1.061009e+05  0.000000e+00  0.000000e+00  0.000000e+00  0.000000e+00  0.000000e+00  0.000000e+00  0.000000e+00  0.000000e+00  0.000000e+00  0.000000e+00  0.000000e+00  0.000000e+00  0.000000e+00  0.000000e+00  0.000000e+00  0.000000e+00
1.190472e+05  0.000000e+00  0.000000e+00  0.000000e+00  0.000000e+00  0.000000e+00  0.000000e+00  0.000000e+00  0.000000e+00  0.000000e+00  0.000000e+00  0.000000e+00  0.000000e+00  0.000000e+00  0.000000e+00  0.000000e+00  0.000000e+00
1.335731e+05  0.000000e+00  0.000000e+00  0.000000e+00  0.000000e+00  0.000000e+00  0.000000e+00  0.000000e+00  0.000000e+00  0.000000e+00  0.000000e+00  0.000000e+00  0.000000e+00  0.000000e+00  0.000000e+00  0.000000e+00  0.000000e+00
1.498715e+05  0.000000e+00  0.000000e+00  0.000000e+00  0.000000e+00  0.000000e+00  0.000000e+00  0.000000e+00  0.000000e+00  0.000000e+00  0.000000e+00  0.000000e+00  0.000000e+00  0.000000e+00  0.000000e+00  0.000000e+00  0.000000e+00
1.681586e+05  0.000000e+00  0.000000e+00  0.000000e+00  0.000000e+00  0.000000e+00  0.000000e+00  0.000000e+00  0.000000e+00  0.000000e+00  0.000000e+00  0.000000e+00  0.000000e+00  0.000000e+00  0.000000e+00  0.000000e+00  0.000000e+00
1.886771e+05  0.000000e+00  0.000000e+00  0.000000e+00  0.000000e+00  0.000000e+00  0.000000e+00  0.000000e+00  0.000000e+00  0.000000e+00  0.000000e+00  0.000000e+00  0.000000e+00  0.000000e+00  0.000000e+00  0.000000e+00  0.000000e+00
2.116992e+05  0.000000e+00  0.000000e+00  0.000000e+00  0.000000e+00  0.000000e+00  0.000000e+00  0.000000e+00  0.000000e+00  0.000000e+00  0.000000e+00  0.000000e+00  0.000000e+00  0.000000e+00  0.000000e+00  0.000000e+00  0.000000e+00
2.375304e+05  0.000000e+00  0.000000e+00  0.000000e+00  0.000000e+00  0.000000e+00  0.000000e+00  0.000000e+00  0.000000e+00  0.000000e+00  0.000000e+00  0.000000e+00  0.000000e+00  0.000000e+00  0.000000e+00  0.000000e+00  0.000000e+00
2.665135e+05  0.000000e+00  0.000000e+00  0.000000e+00  0.000000e+00  0.000000e+00  0.000000e+00  0.000000e+00  0.000000e+00  0.000000e+00  0.000000e+00  0.000000e+00  0.000000e+00  0.000000e+00  0.000000e+00  0.000000e+00  0.000000e+00
2.990330e+05  0.000000e+00  0.000000e+00  0.000000e+00  0.000000e+00  0.000000e+00  0.000000e+00  0.000000e+00  0.000000e+00  0.000000e+00  0.000000e+00  0.000000e+00  0.000000e+00  0.000000e+00  0.000000e+00  0.000000e+00  0.000000e+00
3.355206e+05  0.000000e+00  0.000000e+00  0.000000e+00  0.000000e+00  0.000000e+00  0.000000e+00  0.000000e+00  0.000000e+00  0.000000e+00  0.000000e+00  0.000000e+00  0.000000e+00  0.000000e+00  0.000000e+00  0.000000e+00  0.000000e+00
3.764603e+05  0.000000e+00  0.000000e+00  0.000000e+00  0.000000e+00  0.000000e+00  0.000000e+00  0.000000e+00  0.000000e+00  0.000000e+00  0.000000e+00  0.000000e+00  0.000000e+00  0.000000e+00  0.000000e+00  0.000000e+00  0.000000e+00
4.223954e+05  0.000000e+00  0.000000e+00  0.000000e+00  0.000000e+00  0.000000e+00  0.000000e+00  0.000000e+00  0.000000e+00  0.000000e+00  0.000000e+00  0.000000e+00  0.000000e+00  0.000000e+00  0.000000e+00  0.000000e+00  0.000000e+00
4.739354e+05  0.000000e+00  0.000000e+00  0.000000e+00  0.000000e+00  0.000000e+00  0.000000e+00  0.000000e+00  0.000000e+00  0.000000e+00  0.000000e+00  0.000000e+00  0.000000e+00  0.000000e+00  0.000000e+00  0.000000e+00  0.000000e+00
5.317643e+05  0.000000e+00  0.000000e+00  0.000000e+00  0.000000e+00  0.000000e+00  0.000000e+00  0.000000e+00  0.000000e+00  0.000000e+00  0.000000e+00  0.000000e+00  0.000000e+00  0.000000e+00  0.000000e+00  0.000000e+00  0.000000e+00
5.966493e+05  0.000000e+00  0.000000e+00  0.000000e+00  0.000000e+00  0.000000e+00  0.000000e+00  0.000000e+00  0.000000e+00  0.000000e+00  0.000000e+00  0.000000e+00  0.000000e+00  0.000000e+00  0.000000e+00  0.000000e+00  0.000000e+00
6.694516e+05  0.000000e+00  0.000000e+00  0.000000e+00  0.000000e+00  0.000000e+00  0.000000e+00  0.000000e+00  0.000000e+00  0.000000e+00  0.000000e+00  0.000000e+00  0.000000e+00  0.000000e+00  0.000000e+00  0.000000e+00  0.000000e+00
7.511370e+05  0.000000e+00  0.000000e+00  0.000000e+00  0.000000e+00  0.000000e+00  0.000000e+00  0.000000e+00  0.000000e+00  0.000000e+00  0.000000e+00  0.000000e+00  0.000000e+00  0.000000e+00  0.000000e+00  0.000000e+00  0.000000e+00
8.427896e+05  0.000000e+00  0.000000e+00  0.000000e+00  0.000000e+00  0.000000e+00  0.000000e+00  0.000000e+00  0.000000e+00  0.000000e+00  0.000000e+00  0.000000e+00  0.000000e+00  0.000000e+00  0.000000e+00  0.000000e+00  0.000000e+00
9.456255e+05  0.000000e+00  0.000000e+00  0.000000e+00  0.000000e+00  0.000000e+00  0.000000e+00  0.000000e+00  0.000000e+00  0.000000e+00  0.000000e+00  0.000000e+00  0.000000e+00  0.000000e+00  0.000000e+00  0.000000e+00  0.000000e+00
