Na23 	21409.2 	0.12247  1  -237.875  7849
Na23 	21409.2 	0.431524  1  2923.46  3076
Na23 	21409.2 	0.105905  1  -4029.81  12993
Na23 	21409.2 	0.120482  1  -2368.84  10827
Na23 	21409.2 	0.163038  1  3901.62  1490
Na23 	21409.2 	0.122697  1  1691.59  4835
Na23 	21409.2 	0.143168  1  -4871.84  14432
Na23 	21409.2 	0.631352  1  3894.26  1696
Na23 	21409.2 	0.302712  1  -2661.49  11086
Na23 	21409.2 	0.367453  1  -4178.23  13580
Na23 	21409.2 	0.147231  1  -3626.59  12604
Na23 	21409.2 	0.284549  1  4503.17  745
Na23 	21409.2 	0.137115  1  4760.31  363
Na23 	21409.2 	0.154353  1  3377.52  2327
Na23 	21409.2 	0.156678  1  3977.65  1502
Na23 	21409.2 	0.14031  1  -1717.69  9851
Na23 	21409.2 	0.108291  1  -1238.1  8925
Na23 	21409.2 	0.442226  1  -1380.84  9221
Na23 	21409.2 	1.60598  1  -4671.64  14037
Na23 	21409.2 	0.102478  1  -3352.59  12119
Na23 	21409.2 	0.296048  1  3820.67  1766
Na23 	21409.2 	0.327766  1  1166.08  5722
Na23 	21409.2 	0.101587  1  -2556.15  10967
Na23 	21409.2 	0.201173  1  -3904.76  13128
Na23 	21409.2 	0.670175  1  -799.329  8502
Na23 	21409.2 	0.188546  1  -3147.22  12121
Na23 	21409.2 	0.109484  1  962.865  5925
Na23 	21409.2 	0.225038  1  -3682.79  12719
Na23 	21409.2 	0.139188  1  3805.44  1758
Na23 	21409.2 	0.112075  1  471.475  6576
Na23 	21409.2 	0.271057  1  -3612.28  12668
Na23 	21409.2 	0.123829  1  3915.25  1524
Na23 	21409.2 	0.56004  1  -3264.2  12112
Na23 	21409.2 	0.147286  1  4620.11  541
Na23 	21409.2 	0.154015  1  3757.73  1794
Na23 	21409.2 	0.293004  1  -3878.64  13172
Na23 	21409.2 	0.181951  1  1765.14  4783
Na23 	21409.2 	0.129844  1  4119.01  1218
Na23 	21409.2 	0.234517  1  -1222.19  9056
Na23 	21409.2 	0.27303  1  4987.06  21
Na23 	21409.2 	0.110111  1  -4364.67  13779
Na23 	21409.2 	0.157455  1  537.696  6427
Na23 	21409.2 	0.118369  1  -609.119  8311
Na23 	21409.2 	0.129797  1  3403.54  2365
Na23 	21409.2 	0.114179  1  2688.33  3435
Na23 	21409.2 	0.141343  1  -4178.64  13742
Na23 	21409.2 	0.119157  1  416.175  6869
Na23 	21409.2 	0.129453  1  366.539  6941
Na23 	21409.2 	0.23936  1  2988.31  3021
Na23 	21409.2 	0.102731  1  -2668.07  11265
Na23 	21409.2 	0.111546  1  1814.28  4679
Na23 	21409.2 	0.161429  1  636.213  6463
Na23 	21409.2 	0.122989  1  1223.2  5571
Na23 	21409.2 	0.102953  1  2772.61  3199
Na23 	21409.2 	0.127019  1  -3608.28  12637
Na23 	21409.2 	0.19579  1  1953.11  4417
Na23 	21409.2 	0.261793  1  2708.43  3266
Na23 	21409.2 	0.119985  1  3322.12  2475
Na23 	21409.2 	1.17841  1  3345.35  2455
Na23 	21409.2 	0.97798  1  -4392.44  13457
Na23 	21409.2 	0.192763  1  4070.21  1409
Na23 	21409.2 	0.149879  1  -2455.48  11035
Na23 	21409.2 	0.126107  1  -1713.35  9599
Na23 	21409.2 	0.172346  1  2538.57  3537
Na23 	21409.2 	0.123722  1  -3707.42  12713
Na23 	21409.2 	0.151498  1  -1962.41  10156
Na23 	21409.2 	0.129798  1  4691.75  445
Na23 	21409.2 	0.106375  1  -2099.62  10245
Na23 	21409.2 	0.815201  1  -990.584  8738
Na23 	21409.2 	0.194383  1  -3804.44  12972
Na23 	21409.2 	0.190362  1  500.691  6499
Na23 	21409.2 	0.12611  1  3311.93  2535
Na23 	21409.2 	0.236621  1  4318.48  982
Na23 	21409.2 	0.205658  1  1524.68  5059
Na23 	21409.2 	0.110585  1  3775.86  1814
Na23 	21409.2 	0.134843  1  3285.61  2531
Na23 	21409.2 	0.141979  1  46.1159  7267
Na23 	21409.2 	0.106752  1  2347.48  3927
Na23 	21409.2 	0.330063  1  834.661  6030
Na23 	21409.2 	0.129673  1  -2352.42  10736
Na23 	21409.2 	0.177428  1  -4733.51  14148
Na23 	21409.2 	0.182136  1  -2347.44  10888
Na23 	21409.2 	0.115094  1  2773.34  3217
Na23 	21409.2 	0.105959  1  3396.28  2389
Na23 	21409.2 	0.102159  1  -2300.66  10854
Na23 	21409.2 	0.200917  1  3406.02  2375
Na23 	21409.2 	0.107061  1  -2199.02  10398
Na23 	21409.2 	0.164468  1  -2319.94  10649
Na23 	21409.2 	0.173188  1  286.388  6951
Na23 	21409.2 	0.194349  1  -2353.51  10921
Na23 	21409.2 	0.108974  1  -4458.39  13926
Na23 	21409.2 	0.390884  1  -567.737  8203
Na23 	21409.2 	0.110121  1  4574.76  650
Na23 	21409.2 	0.114489  1  3872.31  1592
Na23 	21409.2 	0.110598  1  4713.11  430
Na23 	21409.2 	6.21935  1  1070.94  5733
Na23 	21409.2 	0.291753  1  3237.45  2620
Na23 	21409.2 	0.266432  1  2476.58  3813
Na23 	21409.2 	0.135641  1  -1270.68  9098
Na23 	21409.2 	0.463197  1  1456.38  5154
Na23 	21409.2 	0.843972  1  -1421.2  9393
Na23 	21409.2 	0.204568  1  -3580.12  12658
Na23 	21409.2 	0.107834  1  -1469.95  9467
Na23 	21409.2 	0.175598  1  -2218.28  10489
Na23 	21409.2 	0.118803  1  -343.19  7765
Na23 	21409.2 	0.128012  1  -1230.66  9209
Na23 	21409.2 	0.12812  1  -816.178  8561
Na23 	21409.2 	0.31179  1  -736.58  8598
Na23 	21409.2 	0.150404  1  -3196.52  11951
Na23 	21409.2 	0.118973  1  -4255.62  13506
Na23 	21409.2 	0.120262  1  123.709  7303
Na23 	21409.2 	0.221663  1  1601.16  4886
Na23 	21409.2 	0.165338  1  3361.84  2322
Na23 	21409.2 	0.162649  1  -4531.19  14030
Na23 	21409.2 	0.139034  1  4658.71  466
Na23 	21409.2 	0.196559  1  4046.17  1375
Na23 	21409.2 	0.300279  1  -4017.93  13115
Na23 	21409.2 	0.34647  1  -4203.28  13514
Na23 	21409.2 	0.220338  1  1452.29  5197
Na23 	21409.2 	0.240091  1  -1472.76  9520
Na23 	21409.2 	0.246055  1  702.937  6319
Na23 	21409.2 	0.136185  1  -2484.95  10909
Na23 	21409.2 	0.232809  1  875.403  5962
Na23 	21409.2 	0.103209  1  2659.23  3383
Na23 	21409.2 	0.306542  1  -1878.9  10158
Na23 	21409.2 	0.205701  1  1674.16  4818
Na23 	21409.2 	0.173902  1  232.891  7100
Na23 	21409.2 	0.159565  1  3995.35  1493
Na23 	21409.2 	0.155473  1  2229.09  4016
Na23 	21409.2 	0.441528  1  1187.46  5636
Na23 	21409.2 	0.261705  1  4077.41  1371
Na23 	21409.2 	0.31012  1  -2293.56  10636
Na23 	21409.2 	0.44414  1  1902.76  4468
Na23 	21409.2 	0.233699  1  152.095  7166
Na23 	21409.2 	0.136786  1  417.808  6836
Na23 	21409.2 	0.20097  1  -864.517  8466
Na23 	21409.2 	0.127693  1  -4442.87  13886
Na23 	21409.2 	0.229955  1  -950.484  8552
Na23 	21409.2 	0.14033  1  221.564  6994
Na23 	21409.2 	0.106702  1  317.378  6760
Na23 	21409.2 	0.111866  1  -607.003  8062
Na23 	21409.2 	0.11736  1  2753.94  3277
Na23 	21409.2 	0.106876  1  -2455.56  10761
Na23 	21409.2 	0.376835  1  -3945.53  13152
Na23 	21409.2 	0.270999  1  -3790.08  12796
Na23 	21409.2 	0.201038  1  2596.54  3490
Na23 	21409.2 	0.182687  1  2723.79  3371
Na23 	21409.2 	0.128597  1  946.967  5811
Na23 	21409.2 	0.103659  1  2781.19  3296
Na23 	21409.2 	0.117628  1  -1060.34  8946
Na23 	21409.2 	0.133036  1  -2074.77  10273
Na23 	21409.2 	0.21671  1  -2393.35  10768
Na23 	21409.2 	0.162048  1  1813.59  4759
Na23 	21409.2 	0.135369  1  -1034.63  8661
Na23 	21409.2 	0.129979  1  3511.21  2175
Na23 	21409.2 	0.171065  1  -478.754  7909
Na23 	21409.2 	0.130955  1  70.36  7090
Na23 	21409.2 	0.119009  1  2656.09  3439
Na23 	21409.2 	0.103637  1  -3409.22  12202
Na23 	21409.2 	0.311786  1  1486.07  5056
Na23 	21409.2 	0.101664  1  -4379.14  13632
Na23 	21409.2 	0.208343  1  3334.25  2492
Na23 	21409.2 	0.216985  1  -2643.53  11104
Na23 	21409.2 	0.181624  1  -3255.85  12067
Na23 	21409.2 	0.118207  1  -1828.23  10012
Na23 	21409.2 	0.120157  1  4601.9  587
Na23 	21409.2 	0.156522  1  3541.34  2112
Na23 	21409.2 	0.219098  1  -4088.16  13236
Na23 	21409.2 	0.318879  1  3932.69  1530
Na23 	21409.2 	0.60798  1  140.224  7056
Na23 	21409.2 	0.125298  1  -3936.87  13027
Na23 	21409.2 	0.106213  1  -3351.24  12015
Na23 	21409.2 	0.140495  1  170.038  7083
Na23 	21409.2 	0.111348  1  -4512.22  13879
Na23 	21409.2 	0.101696  1  4071.51  1308
Na23 	21409.2 	0.212232  1  -268.35  7753
Na23 	21409.2 	0.115723  1  3810.71  1733
Na23 	21409.2 	0.251735  1  -4050.43  13262
Na23 	21409.2 	0.262691  1  4659.24  528
Na23 	21409.2 	0.106196  1  -4542.54  14216
Na23 	21409.2 	0.161942  1  1821.36  4732
Na23 	21409.2 	0.184432  1  1920.11  4413
Na23 	21409.2 	0.209619  1  -2625.67  11053
Na23 	21409.2 	0.226565  1  1580.22  4973
Na23 	21409.2 	0.108378  1  -2301.72  10712
Na23 	21409.2 	0.259692  1  -4725.19  14284
Na23 	21409.2 	1.73341  1  -2468.54  10760
Na23 	21409.2 	0.2187  1  835.674  6273
Na23 	21409.2 	0.121832  1  -4075.53  13204
Na23 	21409.2 	0.154017  1  2474.47  3667
Na23 	21409.2 	0.105435  1  4425.11  855
Na23 	21409.2 	0.119329  1  -220.296  7793
Na23 	21409.2 	0.321355  1  2937.39  3051
Na23 	21409.2 	0.32336  1  2290  3912
Na23 	21409.2 	0.102282  1  4778.75  330
Na23 	21409.2 	0.131114  1  -2369.26  10614
Na23 	21409.2 	0.631585  1  -2840.82  11276
Na23 	21409.2 	0.101846  1  -4931.21  14278
Na23 	21409.2 	0.116082  1  3323.5  2364
Na23 	21409.2 	0.120475  1  -1401.4  9263
Na23 	21409.2 	0.338143  1  -2730.94  11051
Na23 	21409.2 	0.130312  1  -4201.23  13344
Na23 	21409.2 	0.280927  1  1119.65  5639
Na23 	21409.2 	0.198693  1  -4514.86  13869
Na23 	21409.2 	0.118138  1  4502.83  776
Na23 	21409.2 	0.468186  1  1342.39  5393
Na23 	21409.2 	0.128659  1  4235.65  1138
Na23 	21409.2 	0.136543  1  4745.36  386
Na23 	21409.2 	0.112088  1  -1450.09  9359
Na23 	21409.2 	0.150599  1  3767.23  1767
Na23 	21409.2 	0.106671  1  478.272  6601
Na23 	21409.2 	0.132784  1  -3102.04  11759
Na23 	21409.2 	0.133724  1  -4168.94  13525
Na23 	21409.2 	0.13888  1  4589.54  584
Na23 	21409.2 	0.273639  1  -680.331  8296
Na23 	21409.2 	0.485528  1  3712.24  1917
Na23 	21409.2 	0.139792  1  -4435.43  13741
Na23 	21409.2 	0.130537  1  -2630.95  11221
Na23 	21409.2 	0.116024  1  3196.83  2632
Na23 	21409.2 	0.153434  1  3759.35  1923
Na23 	21409.2 	0.147442  1  4370.04  943
Na23 	21409.2 	0.102918  1  4356.31  958
Na23 	21409.2 	0.138068  1  -3994.62  13200
Na23 	21409.2 	0.296524  1  2846.69  3159
Na23 	21409.2 	0.121256  1  -2727.72  11239
Na23 	21409.2 	0.338428  1  2349.51  3813
Na23 	21409.2 	0.110554  1  -3864.49  13110
Na23 	21409.2 	0.231249  1  4130.59  1254
Na23 	21409.2 	0.336714  1  -4802.98  14089
Na23 	21409.2 	0.126551  1  392.112  6847
Na23 	21409.2 	0.111737  1  607.442  6397
Na23 	21409.2 	0.167337  1  -740.141  8392
Na23 	21409.2 	0.190201  1  4297.59  1015
Na23 	21409.2 	0.136451  1  142.244  6978
Na23 	21409.2 	0.19716  1  -43.622  7340
Na23 	21409.2 	0.168478  1  1195.96  5549
Na23 	21409.2 	0.13923  1  -2639.38  11201
Na23 	21409.2 	0.103866  1  2846.86  3165
Na23 	21409.2 	0.136907  1  4251.8  1059
Na23 	21409.2 	0.138099  1  -3316.77  12274
Na23 	21409.2 	0.113954  1  3148.86  2772
Na23 	21409.2 	0.171214  1  1483.14  5104
Na23 	21409.2 	0.116547  1  4298.2  1020
Na23 	21409.2 	0.154244  1  -2012.44  10355
Na23 	21409.2 	0.110581  1  1622.27  4990
Na23 	21409.2 	0.164697  1  -1258.63  9188
Na23 	21409.2 	0.168846  1  -387.873  7908
Na23 	21409.2 	0.182578  1  -4543.37  14028
Na23 	21409.2 	0.122726  1  -2711.65  11355
Na23 	21409.2 	0.282092  1  974.436  5890
Na23 	21409.2 	0.110844  1  2649.39  3404
Na23 	21409.2 	0.151599  1  4553.49  640
Na23 	21409.2 	0.12117  1  1319.34  5404
Na23 	21409.2 	0.28662  1  3724.99  1798
Na23 	21409.2 	0.123142  1  -4412.35  13813
Na23 	21409.2 	0.256655  1  1282.39  5458
Na23 	21409.2 	0.17705  1  511.701  6502
Na23 	21409.2 	0.135607  1  2039.75  4257
Na23 	21409.2 	0.153626  1  -1822.69  9935
Na23 	21409.2 	0.184685  1  -445.048  7816
Na23 	21409.2 	0.513684  1  -2155.4  10524
Na23 	21409.2 	0.168126  1  -889.57  8668
Na23 	21409.2 	0.378604  1  1241.5  5608
Na23 	21409.2 	0.267127  1  -3548.19  12482
Na23 	21409.2 	0.116646  1  4737.03  389
Na23 	21409.2 	0.312789  1  -3133.01  11856
Na23 	21409.2 	0.185084  1  -4323.72  13745
Na23 	21409.2 	0.40012  1  -1820.91  9843
Na23 	21409.2 	0.468551  1  -3972.92  13185
Na23 	21409.2 	0.171619  1  749.439  6078
Na23 	21409.2 	0.221496  1  133.127  7047
Na23 	21409.2 	0.104491  1  -4359.81  13480
Na23 	21409.2 	0.143694  1  2343.03  3795
Na23 	21409.2 	0.125851  1  2359.95  3811
Na23 	21409.2 	0.174013  1  4204.41  1096
Na23 	21409.2 	0.109851  1  -3116.45  11934
Na23 	21409.2 	0.256999  1  1965.38  4469
Na23 	21409.2 	0.218148  1  2607.15  3426
Na23 	21409.2 	0.570076  1  4832.66  222
Na23 	21409.2 	0.209041  1  3978.06  1525
Na23 	21409.2 	0.363334  1  3128.52  2671
Na23 	21409.2 	0.113965  1  -3597.27  12654
Na23 	21409.2 	0.297738  1  -55.3706  7480
Na23 	21409.2 	0.102557  1  1300.86  5456
Na23 	21409.2 	0.109519  1  -4851.78  14248
Na23 	21409.2 	0.144754  1  -1912.18  10070
Na23 	21409.2 	0.342166  1  -2237.63  10634
Na23 	21409.2 	0.125983  1  821.842  6137
Na23 	21409.2 	0.130941  1  729.107  6277
Na23 	21409.2 	0.121015  1  -1037.33  8692
Na23 	21409.2 	0.233543  1  -3762.17  12847
Na23 	21409.2 	0.128358  1  -4829.63  14343
Na23 	21409.2 	0.115777  1  -177.753  7733
Na23 	21409.2 	0.151412  1  -2384.5  10879
Na23 	21409.2 	0.308994  1  1301.93  5587
Na23 	21409.2 	0.749501  1  4568.81  643
Na23 	21409.2 	0.182322  1  1443.79  5181
Na23 	21409.2 	0.341289  1  2471.37  3779
Na23 	21409.2 	0.122834  1  -2204.24  10514
Na23 	21409.2 	0.253133  1  4905.28  121
Na23 	21409.2 	0.178346  1  -2152.33  10416
Na23 	21409.2 	0.294132  1  -2713.72  11253
Na23 	21409.2 	0.229238  1  1583.54  5142
Na23 	21409.2 	0.18186  1  2885.68  3203
Na23 	21409.2 	0.146745  1  4280.93  1054
Na23 	21409.2 	0.784099  1  3679.01  1924
Na23 	21409.2 	0.103115  1  3288.32  2446
Na23 	21409.2 	0.124138  1  3325.97  2495
Na23 	21409.2 	0.129554  1  -175.541  7585
Na23 	21409.2 	0.12227  1  -3834.71  12793
Na23 	21409.2 	0.162335  1  291.87  6730
Na23 	21409.2 	0.135852  1  -1657.31  9814
Na23 	21409.2 	0.117135  1  4479.57  777
Na23 	21409.2 	0.136327  1  -2060.51  10262
Na23 	21409.2 	0.127432  1  -4445.02  13628
Na23 	21409.2 	0.205225  1  4630.21  518
Na23 	21409.2 	0.12727  1  864.203  6109
Na23 	21409.2 	0.231667  1  -1653.23  9745
Na23 	21409.2 	0.321309  1  3684.14  1869
Na23 	21409.2 	0.132784  1  1344.74  5443
Na23 	21409.2 	0.104671  1  258.038  7017
Na23 	21409.2 	0.263591  1  3569.85  2033
Na23 	21409.2 	1.04683  1  4592.36  630
Na23 	21409.2 	0.331594  1  396.291  6766
Na23 	21409.2 	0.115115  1  1879.58  4598
Na23 	21409.2 	0.190033  1  20.9026  7265
Na23 	21409.2 	0.268385  1  -2920.15  11511
Na23 	21409.2 	0.18447  1  -4880.78  14338
Na23 	21409.2 	0.1087  1  2695.21  3359
Na23 	21409.2 	0.107263  1  2726.2  3252
Na23 	21409.2 	0.180726  1  4997.16  7
Na23 	21409.2 	0.153313  1  -618.636  8436
Na23 	21409.2 	0.127039  1  1913.94  4536
Na23 	21409.2 	0.124134  1  2898.7  3054
Na23 	21409.2 	0.648164  1  4446.51  829
Na23 	21409.2 	0.134461  1  915.806  5911
Na23 	21409.2 	0.1585  1  -441.456  7903
Na23 	21409.2 	0.122403  1  3451.59  2165
Na23 	21409.2 	0.129567  1  4710.59  419
Na23 	21409.2 	0.107882  1  3265.04  2544
Na23 	21409.2 	0.105879  1  -3388.29  12408
Na23 	21409.2 	0.174741  1  1160.97  5568
Na23 	21409.2 	0.198367  1  4613.86  577
Na23 	21409.2 	0.127365  1  -3486.91  12485
Na23 	21409.2 	0.165722  1  4188.64  1243
Na23 	21409.2 	0.212151  1  -3739.04  12571
Na23 	21409.2 	0.144439  1  -1173.39  8908
Na23 	21409.2 	0.196405  1  252.968  6986
Na23 	21409.2 	0.114419  1  -2502.23  10934
Na23 	21409.2 	0.146563  1  2204.05  4067
Na23 	21409.2 	0.241966  1  -1340.24  9423
Na23 	21409.2 	0.17329  1  -1406.3  9486
Na23 	21409.2 	0.186429  1  1970.64  4396
Na23 	21409.2 	0.154132  1  -892.226  8626
Na23 	21409.2 	0.718723  1  -1186.29  9016
Na23 	21409.2 	0.157724  1  -3359.82  11937
Na23 	21409.2 	0.145583  1  1012.29  5875
Na23 	21409.2 	0.1018  1  1652.31  4912
Na23 	21409.2 	0.117448  1  -716.985  8566
Na23 	21409.2 	0.139507  1  -3661.38  12509
Na23 	21409.2 	0.281762  1  -1157.69  8981
Na23 	21409.2 	0.209177  1  -3017.55  11731
Na23 	21409.2 	0.115731  1  4554.4  658
Na23 	21409.2 	0.176779  1  -3368.41  12261
Na23 	21409.2 	0.120612  1  -277.734  7796
Na23 	21409.2 	0.104763  1  -4321.8  13772
Na23 	21409.2 	0.132427  1  -4066.16  13282
Na23 	21409.2 	0.781745  1  -1746.99  9906
Na23 	21409.2 	0.263111  1  4933.98  92
Na23 	21409.2 	0.418411  1  -3014.69  11380
Na23 	21409.2 	0.141196  1  -4938.3  14305
Na23 	21409.2 	0.267645  1  -2176.66  10529
Na23 	21409.2 	0.113535  1  -3055.82  11882
Na23 	21409.2 	0.140483  1  2632  3405
Na23 	21409.2 	0.193931  1  2905.32  3167
Na23 	21409.2 	1.11878  1  -4228.29  13295
Na23 	21409.2 	0.105688  1  4099.53  1294
Na23 	21409.2 	0.686849  1  -2091.02  10342
Na23 	21409.2 	0.103264  1  -2534.22  10939
Na23 	21409.2 	0.302174  1  1833.88  4559
Na23 	21409.2 	0.118783  1  -4239.51  13504
Na23 	21409.2 	0.117673  1  -313.293  7839
Na23 	21409.2 	0.116405  1  -1239.68  9190
Na23 	21409.2 	0.142354  1  4746  365
Na23 	21409.2 	0.23215  1  1315.13  5291
Na23 	21409.2 	0.147631  1  -657.444  8334
Na23 	21409.2 	0.515255  1  1106.53  5670
Na23 	21409.2 	0.109271  1  4261.15  1112
Na23 	21409.2 	0.205969  1  4824.83  268
Na23 	21409.2 	0.122622  1  1400.08  5227
Na23 	21409.2 	0.128547  1  -3054.67  11970
Na23 	21409.2 	0.211771  1  4796.68  283
Na23 	21409.2 	0.110625  1  -920.446  8449
Na23 	21409.2 	0.125184  1  3919.93  1551
Na23 	21409.2 	0.114331  1  -2907.77  11460
Na23 	21409.2 	0.118683  1  4189.87  1165
Na23 	21409.2 	0.198872  1  3849.02  1631
Na23 	21409.2 	0.125581  1  2115.33  4153
Na23 	21409.2 	0.176144  1  -107.258  7517
Na23 	21409.2 	0.126857  1  53.6879  7111
Na23 	21409.2 	0.114957  1  2711.41  3368
Na23 	21409.2 	0.204813  1  -884.104  8526
Na23 	21409.2 	0.103396  1  2578.59  3522
Na23 	21409.2 	0.253552  1  2320.75  3881
Na23 	21409.2 	0.176189  1  248.517  6894
Na23 	21409.2 	0.475887  1  -1817.41  9940
Na23 	21409.2 	0.112801  1  2097.21  4261
Na23 	21409.2 	0.195827  1  -2488.3  11130
Na23 	21409.2 	0.137215  1  -643.928  8350
Na23 	21409.2 	0.252367  1  1186.91  5618
Na23 	21409.2 	0.107128  1  -151.811  7433
Na23 	21409.2 	0.21369  1  7.85392  7334
Na23 	21409.2 	0.304866  1  -2123.48  10358
Na23 	21409.2 	0.122109  1  1319.82  5416
Na23 	21409.2 	0.236003  1  -4277.73  13638
Na23 	21409.2 	0.167325  1  4367.94  907
Na23 	21409.2 	0.116025  1  4088.36  1343
Na23 	21409.2 	0.244369  1  3963.08  1545
Na23 	21409.2 	0.143726  1  2585.5  3569
Na23 	21409.2 	0.226082  1  -2766.55  11412
Na23 	21409.2 	0.137292  1  -878.391  8464
Na23 	21409.2 	0.107829  1  -1283.23  9154
Na23 	21409.2 	0.236618  1  3582.43  2055
Na23 	21409.2 	0.389745  1  4794.28  282
Na23 	21409.2 	0.126161  1  780.105  6085
Na23 	21409.2 	0.106628  1  -3626.32  12633
Na23 	21409.2 	0.162377  1  1204.91  5604
Na23 	21409.2 	0.141436  1  1656.86  5057
Na23 	21409.2 	0.915528  1  -2092.79  10536
Na23 	21409.2 	0.148404  1  2365.99  3813
Na23 	21409.2 	0.23669  1  4522.17  668
Na23 	21409.2 	0.477433  1  1574.25  5038
Na23 	21409.2 	0.181078  1  -4516.84  13995
Na23 	21409.2 	0.777746  1  2070.7  4479
Na23 	21409.2 	0.108867  1  1746.91  4776
Na23 	21409.2 	0.141204  1  -1795.45  10105
Na23 	21409.2 	0.178707  1  1931.1  4486
Na23 	21409.2 	0.106817  1  1158.86  5653
Na23 	21409.2 	0.199006  1  3355.98  2406
Na23 	21409.2 	0.119974  1  -1937.92  9985
Na23 	21409.2 	0.108139  1  -980.058  8835
Na23 	21409.2 	0.105871  1  4387.91  903
Na23 	21409.2 	0.152986  1  3407.51  2322
Na23 	21409.2 	0.201983  1  150.231  7076
Na23 	21409.2 	0.14958  1  930.558  5955
Na23 	21409.2 	0.201197  1  606.312  6374
Na23 	21409.2 	0.137175  1  -1190.56  8869
Na23 	21409.2 	1.38246  1  184.306  7030
Na23 	21409.2 	0.260798  1  773.199  6174
Na23 	21409.2 	0.610777  1  3467.8  2192
Na23 	21409.2 	0.440261  1  3967.17  1572
Na23 	21409.2 	0.102671  1  4691.27  488
Na23 	21409.2 	0.45873  1  3667.44  1862
Na23 	21409.2 	0.221022  1  4762.37  366
Na23 	21409.2 	0.269817  1  -818.261  8642
Na23 	21409.2 	0.173283  1  -1072.06  8850
Na23 	21409.2 	0.184552  1  1131.52  5617
Na23 	21409.2 	0.553111  1  4497.32  753
Na23 	21409.2 	0.113876  1  -2521.29  11048
Na23 	21409.2 	0.271727  1  4994.16  10
Na23 	21409.2 	0.157948  1  4702.53  426
Na23 	21409.2 	0.248075  1  1687.67  4860
Na23 	21409.2 	0.113524  1  -4102.99  13123
Na23 	21409.2 	0.143508  1  2635.8  3387
Na23 	21409.2 	0.219644  1  140.312  7084
Na23 	21409.2 	0.138948  1  4731.22  401
Na23 	21409.2 	0.537328  1  1493.62  5268
Na23 	21409.2 	0.227722  1  -4709.08  14323
Na23 	21409.2 	0.253516  1  -1109.99  9033
Na23 	21409.2 	0.13407  1  2897.91  3072
Na23 	21409.2 	0.337275  1  2755.58  3233
Na23 	21409.2 	0.155865  1  -663.403  8291
Na23 	21409.2 	0.295613  1  -4655.6  14091
Na23 	21409.2 	0.239036  1  4795.09  294
Na23 	21409.2 	0.147125  1  3439.59  2208
Na23 	21409.2 	0.113433  1  -1647.06  9724
Na23 	21409.2 	0.211808  1  -4186.86  13667
Na23 	21409.2 	0.10299  1  -1039.98  8734
Na23 	21409.2 	0.10473  1  -4159.76  13401
Na23 	21409.2 	0.153572  1  -1141.39  8969
Na23 	21409.2 	0.292267  1  -1165.19  9234
Na23 	21409.2 	0.641103  1  2428.57  3827
Na23 	21409.2 	0.232772  1  4371.59  885
Na23 	21409.2 	0.326953  1  4523.84  697
Na23 	21409.2 	0.119129  1  2335.46  3759
Na23 	21409.2 	0.160417  1  2411.61  3880
Na23 	21409.2 	0.373527  1  4444.14  829
Na23 	21409.2 	0.110156  1  292.752  6833
Na23 	21409.2 	0.114477  1  -4541.5  14097
Na23 	21409.2 	0.134703  1  4125.26  1261
Na23 	21409.2 	0.129315  1  2738.42  3330
Na23 	21409.2 	0.115897  1  1669.26  4923
Na23 	21409.2 	0.10506  1  -2946.58  11597
Na23 	21409.2 	0.152848  1  4627.25  550
Na23 	21409.2 	0.136376  1  -1805.62  10087
Na23 	21409.2 	0.129848  1  -2721.14  11452
Na23 	21409.2 	0.121328  1  -3026.09  11653
Na23 	21409.2 	0.15765  1  3843.09  1698
Na23 	21409.2 	0.106956  1  1496.82  5071
Na23 	21409.2 	0.121807  1  3511.72  2233
Na23 	21409.2 	0.115979  1  -2551.9  11065
Na23 	21409.2 	0.166001  1  3674.02  1870
Na23 	21409.2 	0.170097  1  -1361.24  9204
Na23 	21409.2 	0.234602  1  3634.75  1971
Na23 	21409.2 	0.114946  1  -718.15  8522
Na23 	21409.2 	0.261387  1  -4015.86  12984
Na23 	21409.2 	0.199415  1  4616.18  578
Na23 	21409.2 	0.140201  1  2.27358  7229
Na23 	21409.2 	0.204841  1  873.304  6067
Na23 	21409.2 	0.125641  1  3363.61  2368
Na23 	21409.2 	0.108448  1  3396.01  2257
Na23 	21409.2 	0.108697  1  -2090.83  10414
Na23 	21409.2 	0.638229  1  2476.77  3667
Na23 	21409.2 	0.175274  1  2048.2  4317
Na23 	21409.2 	0.101734  1  3669.21  2006
Na23 	21409.2 	0.147759  1  -1456.3  9419
Na23 	21409.2 	0.180495  1  1403.92  5315
Na23 	21409.2 	0.105639  1  946.395  5989
Na23 	21409.2 	0.292226  1  811.861  6130
Na23 	21409.2 	0.156509  1  -259.629  7735
Na23 	21409.2 	0.170765  1  -4123.68  13414
Na23 	21409.2 	0.400949  1  2979.85  2918
Na23 	21409.2 	0.15432  1  -689.438  8358
Na23 	21409.2 	0.173641  1  2979.11  2930
Na23 	21409.2 	0.111463  1  364.295  6791
Na23 	21409.2 	0.22791  1  -2081.73  10387
Na23 	21409.2 	0.129232  1  -2796.35  11417
Na23 	21409.2 	0.158659  1  -634.177  8278
Na23 	21409.2 	0.311876  1  2066.99  4270
Na23 	21409.2 	0.128317  1  -1623.9  9551
Na23 	21409.2 	0.447397  1  -2405.15  10894
Na23 	21409.2 	0.10159  1  3277.35  2457
Na23 	21409.2 	0.10637  1  -2347.4  10620
Na23 	21409.2 	0.128092  1  3495.28  2275
Na23 	21409.2 	0.101454  1  -2923.36  11555
Na23 	21409.2 	0.410687  1  -3532.43  12425
Na23 	21409.2 	0.111511  1  2490.82  3716
Na23 	21409.2 	0.118569  1  -4754.66  14358
Na23 	21409.2 	0.192703  1  2229.01  3992
Na23 	21409.2 	0.105842  1  -1868.8  9927
Na23 	21409.2 	0.107521  1  -4717.07  13988
Na23 	21409.2 	0.105246  1  -4789.65  14244
Na23 	21409.2 	0.241312  1  3999.53  1397
Na23 	21409.2 	0.231464  1  -3433.69  12345
Na23 	21409.2 	0.152085  1  -3747.29  12930
Na23 	21409.2 	0.104748  1  1781.24  4805
Na23 	21409.2 	0.144942  1  3756.34  1776
Na23 	21409.2 	0.13987  1  -4012.26  13108
Na23 	21409.2 	0.106438  1  -552.438  7946
Na23 	21409.2 	0.161175  1  3177.79  2602
Na23 	21409.2 	0.113455  1  149.205  6960
Na23 	21409.2 	0.298875  1  1215.51  5481
Na23 	21409.2 	0.297169  1  -383.64  7955
Na23 	21409.2 	0.550889  1  -1371.05  9367
Na23 	21409.2 	0.396869  1  3937.83  1573
Na23 	21409.2 	0.133458  1  3919.05  1529
Na23 	21409.2 	0.222302  1  1227.26  5540
Na23 	21409.2 	0.119123  1  -3499.16  12246
Na23 	21409.2 	0.140787  1  2630.3  3466
Na23 	21409.2 	0.161244  1  1586.33  5168
Na23 	21409.2 	0.180056  1  15.7118  7443
Na23 	21409.2 	0.424579  1  814.467  6266
Na23 	21409.2 	0.1824  1  -2211.69  10639
Na23 	21409.2 	0.108468  1  -4494.21  13696
Na23 	21409.2 	0.190365  1  3228.03  2616
Na23 	21409.2 	0.102726  1  1544.24  5112
Na23 	21409.2 	0.219921  1  2348.11  3760
Na23 	21409.2 	0.202383  1  3648.27  1977
Na23 	21409.2 	0.106613  1  -3502.81  12528
Na23 	21409.2 	0.194244  1  -2627.32  11227
Na23 	21409.2 	0.143566  1  1798  4689
Na23 	21409.2 	0.233437  1  2375.96  3836
Na23 	21409.2 	0.101716  1  -351.17  7775
Na23 	21409.2 	0.427519  1  -2147.45  10526
Na23 	21409.2 	0.189301  1  -1924.04  10230
Na23 	21409.2 	0.137595  1  1120.53  5835
Na23 	21409.2 	0.21996  1  2493.34  3571
Na23 	21409.2 	0.102914  1  536.165  6475
Na23 	21409.2 	0.124244  1  4961.93  50
Na23 	21409.2 	0.160487  1  4278.24  1067
Na23 	21409.2 	0.104238  1  -2135.35  10470
Na23 	21409.2 	0.265828  1  -1671.87  9771
Na23 	21409.2 	0.512509  1  299.071  6899
Na23 	21409.2 	0.160303  1  -3452.89  12450
Na23 	21409.2 	0.128271  1  3486.68  2298
Na23 	21409.2 	0.176011  1  -849.71  8401
Na23 	21409.2 	0.209114  1  -96.6244  7444
Na23 	21409.2 	0.173543  1  -3968.31  13095
Na23 	21409.2 	0.15116  1  -4048.25  13234
Na23 	21409.2 	0.211433  1  4399.85  898
Na23 	21409.2 	0.242246  1  -4791.44  14285
Na23 	21409.2 	0.105484  1  1223.94  5578
Na23 	21409.2 	0.20472  1  1133.28  5679
Na23 	21409.2 	0.106929  1  1509.43  5170
Na23 	21409.2 	0.332686  1  -3352.56  12244
Na23 	21409.2 	0.163691  1  660.273  6352
Na23 	21409.2 	0.188182  1  -516.354  8099
Na23 	21409.2 	0.161174  1  4376.54  898
Na23 	21409.2 	0.256601  1  -2866  11603
Na23 	21409.2 	0.151552  1  -4773.96  14268
Na23 	21409.2 	0.326324  1  990.338  5749
Na23 	21409.2 	0.373039  1  -975.563  8715
Na23 	21409.2 	0.189157  1  1893.56  4633
Na23 	21409.2 	0.257233  1  993.743  5907
Na23 	21409.2 	0.151311  1  4402.92  885
Na23 	21409.2 	0.109905  1  -4307.84  13539
Na23 	21409.2 	0.239554  1  360.624  6870
Na23 	21409.2 	0.116109  1  1394.71  5266
Na23 	21409.2 	0.12192  1  3853.45  1662
Na23 	21409.2 	0.10395  1  -4722.18  14343
Na23 	21409.2 	0.184036  1  -1571.53  9553
Na23 	21409.2 	0.103437  1  -2883.89  11578
Na23 	21409.2 	0.110853  1  4649.04  519
Na23 	21409.2 	0.115771  1  4741.7  394
Na23 	21409.2 	0.124704  1  -1102.69  8753
Na23 	21409.2 	0.181191  1  -3957.73  13079
Na23 	21409.2 	0.107457  1  -4285  13510
Na23 	21409.2 	0.150403  1  -2801.97  11379
Na23 	21409.2 	0.210356  1  167.706  6928
Na23 	21409.2 	0.139335  1  2173.06  4237
Na23 	21409.2 	0.189578  1  855.683  5998
Na23 	21409.2 	0.140854  1  655.442  6476
Na23 	21409.2 	0.152458  1  -1696.58  9944
Na23 	21409.2 	0.219264  1  2454.8  3692
Na23 	21409.2 	0.414102  1  1315.26  5309
Na23 	21409.2 	0.102642  1  3572.93  2020
Na23 	21409.2 	0.107959  1  -1793.18  10015
Na23 	21409.2 	0.113089  1  782.844  6113
Na23 	21409.2 	0.104604  1  -547.947  8105
Na23 	21409.2 	0.434032  1  -165.71  7509
Na23 	21409.2 	0.119889  1  -1952.41  10075
Na23 	21409.2 	0.105596  1  3433.89  2281
Na23 	21409.2 	0.136554  1  -2048.01  10302
Na23 	21409.2 	0.150385  1  832.405  6132
Na23 	21409.2 	0.236012  1  3452.1  2270
Na23 	21409.2 	0.120085  1  2423.92  3572
Na23 	21409.2 	0.449838  1  -558.651  8150
Na23 	21409.2 	0.14691  1  2240.78  4010
Na23 	21409.2 	0.249762  1  -2587.18  10893
Na23 	21409.2 	0.323103  1  1240.08  5612
Na23 	21409.2 	0.125505  1  -1176.26  9042
Na23 	21409.2 	0.11425  1  3042.09  2852
Na23 	21409.2 	0.289653  1  1259.98  5507
Na23 	21409.2 	0.244303  1  2283.44  4045
Na23 	21409.2 	0.127116  1  2939.29  3080
Na23 	21409.2 	0.145289  1  -2044.69  10472
Na23 	21409.2 	0.233453  1  -2447.43  11049
Na23 	21409.2 	0.120562  1  -1488.74  9569
Na23 	21409.2 	0.275228  1  -3657.13  12653
Na23 	21409.2 	0.131261  1  149.305  7209
Na23 	21409.2 	0.209791  1  573.473  6319
Na23 	21409.2 	0.187007  1  2192.98  4044
Na23 	21409.2 	0.331311  1  4588.23  600
Na23 	21409.2 	0.119019  1  2291.79  3950
Na23 	21409.2 	0.116398  1  -4443.32  13599
Na23 	21409.2 	0.348527  1  2552.66  3623
Na23 	21409.2 	0.319562  1  -1007.01  8646
Na23 	21409.2 	0.122415  1  -1241.25  8957
Na23 	21409.2 	0.165548  1  -4455.35  13816
Na23 	21409.2 	0.160513  1  -1313.48  8977
Na23 	21409.2 	0.10155  1  2849.8  3104
Na23 	21409.2 	0.102102  1  4642.22  532
Na23 	21409.2 	0.107039  1  -1045.78  8758
Na23 	21409.2 	0.162763  1  3112.75  2767
Na23 	21409.2 	0.128459  1  4703.32  463
Na23 	21409.2 	0.157277  1  2471.87  3749
Na23 	21409.2 	0.110103  1  -1041  8775
Na23 	21409.2 	0.627836  1  3744.95  1860
Na23 	21409.2 	0.159262  1  -2854.13  11473
Na23 	21409.2 	0.156348  1  -1034.71  8741
Na23 	21409.2 	0.111387  1  4678.25  495
Na23 	21409.2 	0.123324  1  1725.8  4882
Na23 	21409.2 	0.319706  1  -1161.63  8829
Na23 	21409.2 	0.175946  1  -1936.43  10110
Na23 	21409.2 	0.18047  1  -928.198  8744
Na23 	21409.2 	0.136564  1  4032.71  1379
Na23 	21409.2 	0.125197  1  665.623  6297
Na23 	21409.2 	0.170505  1  -1728.8  9855
Na23 	21409.2 	0.193196  1  2678.2  3386
Na23 	21409.2 	0.112514  1  1525.56  5081
Na23 	21409.2 	0.159031  1  2947.27  3078
Na23 	21409.2 	0.113434  1  1745.16  4561
Na23 	21409.2 	0.25526  1  -3060.44  11872
Na23 	21409.2 	0.131376  1  -504.21  7978
Na23 	21409.2 	0.157482  1  279.914  6988
Na23 	21409.2 	0.718295  1  -4471.41  13996
Na23 	21409.2 	0.122731  1  4974.5  38
Na23 	21409.2 	0.114273  1  -2307.83  10629
Na23 	21409.2 	0.225136  1  804.679  6115
Na23 	21409.2 	0.13143  1  1320.32  5266
Na23 	21409.2 	0.121908  1  -2386.46  10774
Na23 	21409.2 	0.179996  1  -3418.09  12287
Na23 	21409.2 	0.145442  1  2798.2  3039
Na23 	21409.2 	0.28748  1  -1006.4  8851
Na23 	21409.2 	0.240204  1  1822.79  4644
Na23 	21409.2 	0.155824  1  -49.9825  7258
Na23 	21409.2 	0.122843  1  -4258.36  13434
Na23 	21409.2 	0.142442  1  -2325.86  10664
Na23 	21409.2 	0.103256  1  -3438.91  12552
Na23 	21409.2 	0.126393  1  4468.47  766
Na23 	21409.2 	0.207037  1  881.591  5970
Na23 	21409.2 	0.116693  1  4268.78  1031
Na23 	21409.2 	0.125865  1  1253.12  5424
Na23 	21409.2 	0.108584  1  4561.12  620
Na23 	21409.2 	0.206391  1  -51.2405  7388
Na23 	21409.2 	0.146019  1  2184.01  4048
Na23 	21409.2 	0.199764  1  -1615.13  9833
Na23 	21409.2 	0.10391  1  3005.16  2922
Na23 	21409.2 	0.165783  1  823.017  5983
Na23 	21409.2 	0.479643  1  3372.06  2316
Na23 	21409.2 	0.101413  1  -367.55  7682
Na23 	21409.2 	0.31635  1  3337.23  2479
Na23 	21409.2 	0.119669  1  3199.83  2698
Na23 	21409.2 	0.338058  1  4323.9  950
Na23 	21409.2 	0.155808  1  4896.34  155
Na23 	21409.2 	0.148457  1  -2281.95  10611
Na23 	21409.2 	0.14372  1  1972.58  4466
Na23 	21409.2 	0.112859  1  -1390.63  9253
Na23 	21409.2 	0.302478  1  88.346  7171
Na23 	21409.2 	0.130727  1  -1913.04  9906
Na23 	21409.2 	0.111624  1  607.193  6481
Na23 	21409.2 	0.284054  1  -3971.84  13053
Na23 	21409.2 	0.124698  1  -2111.33  10437
Na23 	21409.2 	0.334021  1  -4027.56  13438
Na23 	21409.2 	8.81682  1  -140.418  7650
Na23 	21409.2 	0.112802  1  293.561  6820
Na23 	21409.2 	0.11188  1  -2404.71  10793
Na23 	21409.2 	0.120364  1  -3217.22  11928
Na23 	21409.2 	0.173019  1  -3757.77  12765
Na23 	21409.2 	0.823585  1  -2907.45  11568
Na23 	21409.2 	0.314462  1  -3798.6  12956
Na23 	21409.2 	0.372606  1  -4285.2  13581
Na23 	21409.2 	0.577736  1  4551.03  683
Na23 	21409.2 	0.13733  1  4941.57  102
Na23 	21409.2 	0.116042  1  -837.175  8374
Na23 	21409.2 	0.399548  1  1556.91  4988
Na23 	21409.2 	0.317754  1  -1522.23  9695
Na23 	21409.2 	0.159403  1  -4174.65  13357
Na23 	21409.2 	0.205408  1  1575.9  5040
Na23 	21409.2 	0.779959  1  -4545.03  13983
Na23 	21409.2 	0.130594  1  1654.94  4923
Na23 	21409.2 	0.170549  1  3748.13  1798
Na23 	21409.2 	0.109664  1  2666.47  3346
Na23 	21409.2 	0.18309  1  -2935.85  11375
Na23 	21409.2 	0.827996  1  -3111.58  12017
Na23 	21409.2 	0.155731  1  2380.4  3860
Na23 	21409.2 	0.228905  1  -1519.11  9451
Na23 	21409.2 	0.136521  1  -3821.41  13033
Na23 	21409.2 	0.247854  1  2487.32  3674
Na23 	21409.2 	0.158087  1  3378.47  2395
Na23 	21409.2 	0.258729  1  1576.89  5019
Na23 	21409.2 	0.110662  1  2609.03  3507
Na23 	21409.2 	0.112067  1  217.995  7029
Na23 	21409.2 	0.290123  1  4526.78  683
Na23 	21409.2 	0.133179  1  2024.15  4445
Na23 	21409.2 	0.178937  1  -807.706  8544
Na23 	21409.2 	0.220272  1  -2650.04  11211
Na23 	21409.2 	0.134109  1  2195.52  4070
Na23 	21409.2 	0.108555  1  3033.44  2834
Na23 	21409.2 	0.95091  1  -1543.01  9382
Na23 	21409.2 	0.150407  1  -416.69  7991
Na23 	21409.2 	0.280125  1  -256.186  7792
Na23 	21409.2 	0.242651  1  -3748.24  12883
Na23 	21409.2 	0.140661  1  -3544.96  12565
Na23 	21409.2 	0.231009  1  -3477.71  12388
Na23 	21409.2 	0.24233  1  -3.31706  7308
Na23 	21409.2 	0.184826  1  -4312  13488
Na23 	21409.2 	0.222242  1  -3522.1  12430
Na23 	21409.2 	0.187585  1  3722.55  1843
Na23 	21409.2 	0.209326  1  -466.638  7982
Na23 	21409.2 	0.344813  1  2629.81  3523
Na23 	21409.2 	0.113155  1  2856.15  3092
Na23 	21409.2 	0.229951  1  -2001.19  10208
Na23 	21409.2 	0.184162  1  1327.33  5353
Na23 	21409.2 	0.107072  1  4604.91  623
Na23 	21409.2 	0.117659  1  -2130.58  10532
Na23 	21409.2 	0.118823  1  5.1012  7228
Na23 	21409.2 	0.113235  1  1370.66  5257
Na23 	21409.2 	0.115555  1  -106.834  7634
Na23 	21409.2 	0.558484  1  -3776.71  13004
Na23 	21409.2 	0.110594  1  4917.97  114
Na23 	21409.2 	0.127843  1  4959.65  44
Na23 	21409.2 	0.102633  1  3642.17  2002
Na23 	21409.2 	0.154289  1  -1701.82  9654
Na23 	21409.2 	0.107668  1  -3427.99  12511
Na23 	21409.2 	0.234184  1  -4266.83  13445
Na23 	21409.2 	0.180013  1  -2526.62  11134
Na23 	21409.2 	0.467067  1  126.11  7056
Na23 	21409.2 	0.116527  1  -800.701  8573
Na23 	21409.2 	0.113063  1  -3460.7  12263
Na23 	21409.2 	0.155057  1  -4477.3  13893
Na23 	21409.2 	0.150283  1  737.154  6198
Na23 	21409.2 	0.447887  1  3748.71  1870
Na23 	21409.2 	0.124728  1  -4100.19  13347
Na23 	21409.2 	0.120908  1  3869.78  1641
Na23 	21409.2 	0.101716  1  3702.27  1871
Na23 	21409.2 	0.120535  1  327.277  6812
Na23 	21409.2 	0.493818  1  -4562.31  13967
Na23 	21409.2 	0.191526  1  -473.549  8050
Na23 	21409.2 	0.189046  1  -2005.66  10111
Na23 	21409.2 	0.12285  1  2740.46  3396
Na23 	21409.2 	0.151904  1  3132.19  2766
Na23 	21409.2 	0.414814  1  3965.99  1431
Na23 	21409.2 	0.112093  1  -708.13  8286
Na23 	21409.2 	0.185357  1  2450.33  3643
Na23 	21409.2 	0.294288  1  3994.02  1510
Na23 	21409.2 	0.14766  1  -242.022  7833
Na23 	21409.2 	0.147418  1  -4492.46  13914
Na23 	21409.2 	0.103868  1  4260.51  1133
Na23 	21409.2 	0.378397  1  -2720.14  11258
Na23 	21409.2 	0.23399  1  3174.58  2646
Na23 	21409.2 	0.124789  1  -2612.82  11131
Na23 	21409.2 	0.223819  1  2168.72  4170
Na23 	21409.2 	0.214109  1  -3722.03  12842
Na23 	21409.2 	0.145727  1  -920.84  8679
Na23 	21409.2 	0.449455  1  -2653.2  11138
Na23 	21409.2 	0.120796  1  2848.32  3216
Na23 	21409.2 	0.11695  1  1673.88  4919
Na23 	21409.2 	0.110652  1  1052.21  5828
Na23 	21409.2 	0.114628  1  945.641  5912
Na23 	21409.2 	0.164659  1  -1011.21  8794
Na23 	21409.2 	0.133973  1  -4545.17  13947
Na23 	21409.2 	0.119859  1  -2903.83  11540
Na23 	21409.2 	0.145364  1  -4011.91  13268
Na23 	21409.2 	0.134512  1  2915.57  3090
Na23 	21409.2 	0.128732  1  -4190.41  13481
Na23 	21409.2 	0.152667  1  -4789.33  14396
Na23 	21409.2 	0.124416  1  -2685.25  11176
Na23 	21409.2 	0.663923  1  4741.9  383
Na23 	21409.2 	0.154132  1  1370.03  5288
Na23 	21409.2 	0.173669  1  -4168.86  13488
Na23 	21409.2 	0.114433  1  -4877.22  14437
Na23 	21409.2 	0.141664  1  -1786.65  9975
Na23 	21409.2 	0.27426  1  501.334  6615
Na23 	21409.2 	0.102508  1  -2297.64  10677
Na23 	21409.2 	0.380654  1  -1417.36  9393
Na23 	21409.2 	0.242129  1  -3147.48  11820
Na23 	21409.2 	0.171331  1  1456.67  5166
Na23 	21409.2 	0.380844  1  -1351.93  9182
Na23 	21409.2 	0.128357  1  152.6  7163
Na23 	21409.2 	0.109445  1  -3140.06  12001
Na23 	21409.2 	0.114117  1  1277.77  5398
Na23 	21409.2 	0.102759  1  -2031.52  10285
Na23 	21409.2 	0.261022  1  -241.172  7668
Na23 	21409.2 	0.157348  1  1101.55  5652
Na23 	21409.2 	0.206458  1  736.963  6198
Na23 	21409.2 	0.103428  1  980.977  5874
Na23 	21409.2 	0.139409  1  -63.6793  7511
Na23 	21409.2 	0.150848  1  3299.35  2541
Na23 	21409.2 	0.381626  1  4492.41  730
Na23 	21409.2 	0.323452  1  62.1712  7347
Na23 	21409.2 	0.329848  1  2071.91  4228
Na23 	21409.2 	0.111061  1  829.722  6095
Na23 	21409.2 	0.105642  1  1542.91  4982
Na23 	21409.2 	0.126645  1  3616.05  2030
Na23 	21409.2 	0.135014  1  -3554.98  12677
Na23 	21409.2 	0.105977  1  -2937.11  11501
Na23 	21409.2 	0.171889  1  3831.07  1735
Na23 	21409.2 	0.124404  1  181.174  6948
Na23 	21409.2 	0.174638  1  4107.44  1364
Na23 	21409.2 	0.130621  1  1361.52  5291
Na23 	21409.2 	0.109175  1  -4811.06  14338
Na23 	21409.2 	0.11607  1  -1672.15  9863
Na23 	21409.2 	0.133854  1  1683.36  4862
Na23 	21409.2 	0.144254  1  -4152.94  13195
Na23 	21409.2 	0.125282  1  -3666.42  12621
Na23 	21409.2 	0.249489  1  2092.91  4257
Na23 	21409.2 	0.310692  1  -1642.3  9603
Na23 	21409.2 	0.126893  1  2042.97  4271
Na23 	21409.2 	0.139499  1  -2433.48  10882
Na23 	21409.2 	0.167611  1  -4272.53  13627
Na23 	21409.2 	0.189221  1  -4215.63  13356
Na23 	21409.2 	0.198067  1  -3925.33  13127
Na23 	21409.2 	0.115558  1  2447.35  3628
Na23 	21409.2 	0.328685  1  -1183.73  8946
Na23 	21409.2 	0.159653  1  2744.49  3325
Na23 	21409.2 	0.180222  1  1528.41  5031
Na23 	21409.2 	0.302662  1  -4012.35  13226
Na23 	21409.2 	0.402423  1  3304.03  2451
Na23 	21409.2 	0.285793  1  -1773.66  9971
Na23 	21409.2 	0.1195  1  -1938.33  10278
Na23 	21409.2 	0.135863  1  -1814.6  9794
Na23 	21409.2 	0.911029  1  2055.24  4270
Na23 	21409.2 	0.115428  1  -1118.6  8949
Na23 	21409.2 	0.226326  1  -593.695  8230
Na23 	21409.2 	0.120696  1  -3705.35  12622
Na23 	21409.2 	0.105714  1  1197.44  5528
Na23 	21409.2 	0.134461  1  3451.33  2316
Na23 	21409.2 	0.930955  1  480.795  6581
Na23 	21409.2 	0.11623  1  -268.058  7747
Na23 	21409.2 	0.155733  1  -4961.49  14506
Na23 	21409.2 	0.238729  1  -3350.03  12162
Na23 	21409.2 	0.184981  1  -3508.86  12288
Na23 	21409.2 	0.239923  1  3571.94  2118
Na23 	21409.2 	0.192713  1  -265.237  7743
Na23 	21409.2 	0.397778  1  -1017.24  8835
Na23 	21409.2 	0.211002  1  1377.33  5402
Na23 	21409.2 	0.231155  1  3085.18  2785
Na23 	21409.2 	0.150626  1  -4900.04  14600
Na23 	21409.2 	0.26642  1  3827.31  1646
Na23 	21409.2 	0.195431  1  2055.94  4342
Na23 	21409.2 	0.106045  1  -545.975  7985
Na23 	21409.2 	0.199031  1  2632.44  3447
Na23 	21409.2 	0.172985  1  -431.384  7806
Na23 	21409.2 	0.154245  1  1596.66  4943
Na23 	21409.2 	0.359877  1  4852.58  206
Na23 	21409.2 	0.161588  1  -4674.9  13848
Na23 	21409.2 	0.142276  1  2332.91  3984
Na23 	21409.2 	0.103351  1  -32.8947  7438
Na23 	21409.2 	0.190172  1  -688.39  8334
Na23 	21409.2 	0.103768  1  -2484.39  10954
Na23 	21409.2 	0.498285  1  -2271.65  10579
Na23 	21409.2 	0.10227  1  -1.19498  7282
Na23 	21409.2 	0.109862  1  4730.28  410
Na23 	21409.2 	0.207656  1  1323.13  5446
