# dR/dEr [1/keV/kg/Myr]
# Er [keV], S, F, Ne, Cl, Na, Si, O, P, N, C, Al, Mg, Be, B, Ar, Li
1.061009e+01  6.123437e-02  5.971931e-02  0.000000e+00  0.000000e+00  4.263393e-02  0.000000e+00  4.590639e-03  0.000000e+00  0.000000e+00  0.000000e+00  0.000000e+00  0.000000e+00  7.378850e-03  0.000000e+00  0.000000e+00  0.000000e+00
1.190472e+01  1.326683e-02  1.732836e-02  0.000000e+00  0.000000e+00  4.271124e-03  0.000000e+00  0.000000e+00  0.000000e+00  0.000000e+00  0.000000e+00  0.000000e+00  0.000000e+00  0.000000e+00  0.000000e+00  0.000000e+00  0.000000e+00
1.335731e+01  2.150384e-02  7.783543e-03  0.000000e+00  0.000000e+00  0.000000e+00  0.000000e+00  0.000000e+00  0.000000e+00  0.000000e+00  0.000000e+00  0.000000e+00  0.000000e+00  0.000000e+00  0.000000e+00  0.000000e+00  0.000000e+00
1.498715e+01  4.887992e-03  1.638120e-02  0.000000e+00  0.000000e+00  6.513223e-03  0.000000e+00  7.732496e-04  0.000000e+00  0.000000e+00  0.000000e+00  0.000000e+00  0.000000e+00  0.000000e+00  0.000000e+00  0.000000e+00  0.000000e+00
1.681586e+01  1.209390e-02  9.702512e-03  1.726439e-03  0.000000e+00  3.487614e-03  6.891595e-04  0.000000e+00  0.000000e+00  0.000000e+00  0.000000e+00  0.000000e+00  0.000000e+00  0.000000e+00  0.000000e+00  0.000000e+00  0.000000e+00
1.886771e+01  8.227914e-03  9.011609e-03  0.000000e+00  0.000000e+00  1.538690e-03  0.000000e+00  0.000000e+00  0.000000e+00  0.000000e+00  0.000000e+00  0.000000e+00  0.000000e+00  0.000000e+00  0.000000e+00  0.000000e+00  0.000000e+00
2.116992e+01  1.033896e-02  1.507508e-02  0.000000e+00  0.000000e+00  1.684115e-03  0.000000e+00  7.252697e-04  0.000000e+00  0.000000e+00  0.000000e+00  8.377666e-03  0.000000e+00  0.000000e+00  0.000000e+00  0.000000e+00  0.000000e+00
2.375304e+01  1.896283e-02  3.065774e-03  3.948063e-03  0.000000e+00  8.932575e-03  0.000000e+00  1.222225e-03  0.000000e+00  0.000000e+00  0.000000e+00  0.000000e+00  0.000000e+00  0.000000e+00  0.000000e+00  0.000000e+00  0.000000e+00
2.665135e+01  2.009464e-02  1.820518e-02  5.761022e-04  2.573345e-03  9.037737e-04  0.000000e+00  0.000000e+00  5.753765e-03  0.000000e+00  0.000000e+00  0.000000e+00  0.000000e+00  0.000000e+00  0.000000e+00  0.000000e+00  0.000000e+00
2.990330e+01  2.140920e-02  7.679262e-03  6.795803e-04  0.000000e+00  1.198852e-02  0.000000e+00  9.009945e-04  0.000000e+00  0.000000e+00  0.000000e+00  5.233753e-03  0.000000e+00  6.217647e-03  0.000000e+00  0.000000e+00  0.000000e+00
3.355206e+01  2.450068e-02  9.265897e-03  7.975592e-04  0.000000e+00  1.520219e-03  0.000000e+00  4.570295e-03  0.000000e+00  0.000000e+00  0.000000e+00  6.528015e-03  0.000000e+00  1.430375e-02  0.000000e+00  0.000000e+00  0.000000e+00
3.764603e+01  3.594750e-02  2.006676e-02  7.583026e-04  4.078491e-04  1.043969e-02  0.000000e+00  2.360041e-03  0.000000e+00  0.000000e+00  0.000000e+00  0.000000e+00  0.000000e+00  8.792465e-04  0.000000e+00  0.000000e+00  0.000000e+00
4.223954e+01  3.133483e-02  1.539804e-02  4.403235e-03  0.000000e+00  5.979693e-03  0.000000e+00  1.332348e-03  0.000000e+00  0.000000e+00  0.000000e+00  5.980631e-03  0.000000e+00  1.414074e-02  0.000000e+00  0.000000e+00  0.000000e+00
4.739354e+01  3.460076e-02  1.264698e-02  3.239661e-04  8.885948e-04  2.688411e-03  0.000000e+00  1.161869e-03  0.000000e+00  0.000000e+00  0.000000e+00  0.000000e+00  0.000000e+00  1.111469e-02  0.000000e+00  0.000000e+00  0.000000e+00
5.317643e+01  3.421497e-02  6.498157e-03  7.954015e-04  0.000000e+00  1.152337e-02  0.000000e+00  1.537096e-03  0.000000e+00  0.000000e+00  0.000000e+00  3.335209e-03  0.000000e+00  0.000000e+00  0.000000e+00  0.000000e+00  0.000000e+00
5.966493e+01  3.814707e-02  1.952012e-02  8.902775e-04  4.515669e-04  8.739396e-03  0.000000e+00  7.529056e-03  0.000000e+00  0.000000e+00  0.000000e+00  3.163550e-03  0.000000e+00  2.463168e-03  0.000000e+00  0.000000e+00  0.000000e+00
6.694516e+01  4.613002e-02  1.741402e-02  1.508203e-03  0.000000e+00  5.979158e-03  0.000000e+00  1.458129e-03  0.000000e+00  2.446375e-03  0.000000e+00  1.890847e-03  0.000000e+00  3.689444e-02  0.000000e+00  0.000000e+00  0.000000e+00
7.511370e+01  4.948083e-02  1.959342e-02  3.718111e-03  5.105402e-04  4.776007e-03  0.000000e+00  1.187161e-03  0.000000e+00  0.000000e+00  0.000000e+00  2.476121e-03  0.000000e+00  1.189868e+01  0.000000e+00  0.000000e+00  0.000000e+00
8.427896e+01  5.798832e-02  1.864976e-02  8.600585e-04  3.086911e-03  5.555793e-03  0.000000e+00  4.410226e-03  0.000000e+00  0.000000e+00  0.000000e+00  0.000000e+00  0.000000e+00  1.417132e+01  0.000000e+00  0.000000e+00  0.000000e+00
9.456255e+01  5.689072e-02  1.543960e-02  2.359625e-03  5.916851e-04  1.049276e-02  0.000000e+00  9.400281e-04  0.000000e+00  1.956447e-03  0.000000e+00  2.245465e-04  0.000000e+00  1.091523e+01  0.000000e+00  0.000000e+00  0.000000e+00
1.061009e+02  6.162453e-02  2.319538e-02  3.325916e-03  3.916591e-04  7.099478e-03  0.000000e+00  1.434142e-03  0.000000e+00  0.000000e+00  1.778995e-03  2.176268e-03  0.000000e+00  8.076316e+00  0.000000e+00  0.000000e+00  0.000000e+00
1.190472e+02  6.455201e-02  2.946196e-02  2.355023e-03  1.045793e-03  1.299212e-02  0.000000e+00  1.295265e-03  0.000000e+00  9.734636e-05  1.063301e-03  6.954920e+00  0.000000e+00  6.057158e+00  0.000000e+00  1.696594e-03  0.000000e+00
1.335731e+02  7.595295e-02  2.820608e-02  3.570990e-03  2.137187e-04  8.462997e-03  0.000000e+00  1.180154e-03  0.000000e+00  0.000000e+00  0.000000e+00  5.933204e+00  0.000000e+00  4.527723e+00  0.000000e+00  0.000000e+00  0.000000e+00
1.498715e+02  1.731218e-01  3.238944e-02  1.247612e-03  5.415163e-04  4.311410e-03  0.000000e+00  5.638554e-03  0.000000e+00  7.474654e-04  1.284372e-03  4.450158e+00  0.000000e+00  3.402726e+00  0.000000e+00  0.000000e+00  0.000000e+00
1.681586e+02  2.425762e-01  3.893820e-02  2.255286e-03  3.487614e-04  6.420406e-03  1.262718e-04  4.425011e-03  0.000000e+00  1.227158e-03  0.000000e+00  3.484026e+00  0.000000e+00  2.453091e+00  0.000000e+00  0.000000e+00  0.000000e+00
1.886771e+02  1.509775e-01  3.581492e-02  2.031148e-03  3.317588e-04  8.500163e-03  1.427980e-04  4.897375e-03  1.075842e-04  1.075842e-04  0.000000e+00  2.513659e+00  0.000000e+00  1.744165e+00  0.000000e+00  0.000000e+00  0.000000e+00
2.116992e+02  7.204950e-02  4.812197e-02  2.223701e-03  1.613584e-03  6.075462e-03  9.588452e-05  2.417697e-03  0.000000e+00  0.000000e+00  1.003013e-04  2.020008e+00  0.000000e+00  1.241014e+00  0.000000e+00  1.348474e-04  0.000000e+00
2.375304e+02  5.320139e-02  1.908857e-01  3.267294e-03  1.366053e-03  7.578042e-03  3.676534e-05  4.731532e-03  3.166491e-04  0.000000e+00  4.878875e-05  1.501674e+00  0.000000e+00  9.410249e-01  0.000000e+00  1.933620e-04  0.000000e+00
2.665135e+02  4.517785e-02  1.610822e-01  3.074618e-03  1.570012e-03  1.033492e-02  1.004068e-04  3.279689e-03  0.000000e+00  7.616378e-05  6.274054e-04  1.072233e+00  0.000000e+00  6.145888e-01  0.000000e+00  0.000000e+00  0.000000e+00
2.990330e+02  3.383468e-02  3.068030e-02  1.528175e-03  7.165308e-04  8.039892e-03  4.279106e-04  4.545320e-03  8.233310e-05  1.106906e-04  6.186830e-04  8.334132e-01  0.000000e+00  4.510848e-01  0.000000e+00  0.000000e+00  0.000000e+00
3.355206e+02  3.099100e-02  3.070852e-02  1.881568e-03  1.206353e-03  7.426157e-03  6.049904e-05  2.920448e-03  5.205574e-05  4.576143e-05  5.816817e-04  6.162286e-01  4.380202e-04  3.292116e-01  0.000000e+00  0.000000e+00  1.543305e-04
3.764603e+02  2.199947e-02  2.224739e-02  3.564720e-03  1.629876e-03  6.922454e-03  1.230073e-03  2.508931e-03  0.000000e+00  7.108254e-05  0.000000e+00  4.019829e-01  0.000000e+00  2.282509e-01  0.000000e+00  0.000000e+00  0.000000e+00
4.223954e+02  1.424743e-02  2.226304e-02  1.475737e-03  1.397274e-03  7.134351e-03  9.463696e-05  2.687870e-03  6.655646e-04  1.063435e-04  3.672629e-04  2.957191e-01  0.000000e+00  1.216447e-01  0.000000e+00  6.758379e-05  0.000000e+00
4.739354e+02  1.334210e-02  1.915726e-02  2.319444e-03  1.475581e-03  6.027903e-03  4.306640e-04  4.842185e-03  3.603086e-04  3.235580e-04  0.000000e+00  2.023274e-01  0.000000e+00  8.931045e-02  3.235580e-04  0.000000e+00  0.000000e+00
5.317643e+02  1.213146e-02  1.630849e-02  3.857457e-03  8.109070e-04  4.785177e-03  1.672066e-04  2.109454e-03  5.468771e-04  3.718397e-04  5.006660e-04  1.729705e-01  0.000000e+00  6.302827e-02  3.993065e-05  8.637164e-05  0.000000e+00
5.966493e+02  1.138676e-02  1.481900e-02  3.393880e-03  2.759125e-03  4.872174e-03  5.071310e-04  3.634953e-03  4.197648e-04  1.829893e-04  3.116206e-04  1.130992e-01  0.000000e+00  4.336816e-02  0.000000e+00  5.547671e-05  0.000000e+00
6.694516e+02  9.473219e-03  1.407138e-02  4.162445e-03  2.838097e-03  5.107299e-03  3.482126e-04  3.188993e-03  1.549594e-04  8.333883e-05  2.619484e-04  7.693887e-02  0.000000e+00  2.779949e-02  0.000000e+00  0.000000e+00  0.000000e+00
7.511370e+02  7.429632e-03  9.887489e-03  2.814068e-03  2.087146e-03  3.370863e-03  3.314806e-04  2.381134e-03  3.170789e-04  2.747307e-04  2.072826e-04  5.261725e-02  0.000000e+00  1.996525e-02  0.000000e+00  0.000000e+00  0.000000e+00
8.427896e+02  6.102050e-03  9.626430e-03  2.746469e-03  1.332299e-03  4.142233e-03  6.641547e-05  2.457749e-03  4.996936e-05  2.093209e-04  6.939199e-04  2.923935e-02  0.000000e+00  1.126894e-02  0.000000e+00  1.300878e-04  0.000000e+00
9.456255e+02  5.410024e-03  7.085620e-03  3.299794e-03  1.486948e-03  3.598979e-03  3.467693e-04  2.406794e-03  2.040493e-04  0.000000e+00  5.017736e-04  2.520106e-02  7.252673e-05  6.954489e-03  0.000000e+00  0.000000e+00  0.000000e+00
1.061009e+03  4.831187e-03  4.757944e-03  3.420666e-03  2.162144e-03  3.301920e-03  2.323680e-04  2.238185e-03  2.418626e-04  5.318330e-04  2.296053e-04  1.745221e-02  0.000000e+00  3.271725e-03  2.189953e-04  1.385141e-04  0.000000e+00
1.190472e+03  3.593362e-03  4.147231e-03  2.894021e-03  2.178949e-03  1.595358e-03  2.417039e-04  1.573287e-03  6.833565e-04  1.776514e-04  9.565932e-04  1.163261e-02  0.000000e+00  2.094937e-03  0.000000e+00  0.000000e+00  0.000000e+00
1.335731e+03  3.276308e-03  4.626390e-03  2.705562e-03  1.625998e-03  1.435927e-03  4.279825e-04  1.457814e-03  2.093607e-04  4.178689e-04  2.970412e-04  5.391304e-03  0.000000e+00  1.348690e-03  8.207983e-05  0.000000e+00  0.000000e+00
1.498715e+03  1.955704e-03  3.515628e-03  2.156872e-03  2.110068e-03  1.830813e-03  9.278223e-04  1.838302e-03  4.988290e-04  5.293363e-04  4.496099e-04  2.522232e-03  5.928154e-05  1.265485e-03  0.000000e+00  0.000000e+00  1.074651e-04
1.681586e+03  1.429568e-03  3.189026e-03  2.006516e-03  1.426264e-03  1.690078e-03  3.542486e-04  1.009236e-03  5.660276e-04  3.810198e-04  3.529970e-04  2.910332e-03  0.000000e+00  6.198510e-04  1.053192e-04  0.000000e+00  3.079299e-05
1.886771e+03  1.662201e-03  2.656778e-03  2.089596e-03  1.483306e-03  1.610966e-03  4.642192e-04  1.020069e-03  4.700310e-04  2.107681e-04  4.706225e-04  1.408566e-03  1.066807e-04  1.418283e-05  2.764755e-04  2.074716e-05  0.000000e+00
2.116992e+03  9.460552e-04  2.404321e-03  1.164224e-03  1.153338e-03  9.454927e-04  2.429738e-04  9.043535e-04  3.843690e-04  2.226942e-04  3.291101e-04  9.856202e-04  8.790180e-05  3.196232e-04  1.348474e-05  0.000000e+00  1.348474e-05
2.375304e+03  8.995781e-04  1.335826e-03  1.460113e-03  1.866143e-03  1.020391e-03  6.782723e-04  7.962012e-04  2.298169e-04  1.020875e-04  2.276008e-04  9.716217e-04  1.036512e-05  0.000000e+00  7.466603e-05  0.000000e+00  8.840414e-05
2.665135e+03  5.242088e-04  1.257310e-03  1.011537e-03  1.898893e-03  6.080609e-04  2.204610e-04  5.948677e-04  4.798664e-04  1.541491e-04  2.369533e-04  6.909466e-04  1.157408e-04  1.174766e-04  6.976315e-05  0.000000e+00  8.083239e-05
2.990330e+03  3.927564e-04  8.249095e-04  8.047216e-04  1.219784e-03  4.497548e-04  4.940696e-04  4.409070e-04  4.119115e-04  4.156069e-04  4.375901e-04  4.493796e-04  1.487139e-04  0.000000e+00  7.324553e-05  0.000000e+00  1.093174e-04
3.355206e+03  1.942353e-04  1.018040e-03  1.009682e-03  1.621002e-03  2.752101e-04  5.088644e-04  1.446701e-04  3.800956e-04  1.654468e-04  2.873267e-04  2.311025e-04  8.161244e-05  2.365783e-05  4.664587e-05  0.000000e+00  1.483688e-05
3.764603e+03  1.383760e-04  5.231790e-04  8.442060e-04  9.841957e-04  1.864490e-04  5.630756e-04  1.034726e-04  1.955235e-04  3.079985e-04  3.512564e-04  3.000374e-04  1.016776e-04  5.640354e-06  5.352669e-05  0.000000e+00  1.967526e-04
4.223954e+03  7.892553e-05  2.133614e-04  4.264814e-04  7.849413e-04  1.586795e-04  2.038456e-04  1.797843e-04  3.349141e-04  2.152557e-04  3.446272e-04  1.750026e-04  1.264845e-04  0.000000e+00  8.857214e-05  0.000000e+00  1.357096e-04
4.739354e+03  3.924388e-05  3.360942e-04  4.485195e-04  8.544024e-04  1.324284e-04  3.609620e-04  5.532281e-05  2.298440e-04  1.464897e-04  1.889412e-04  1.519638e-04  5.867486e-05  8.259594e-06  2.900486e-05  0.000000e+00  1.006517e-04
5.317643e+03  3.061360e-05  3.245174e-04  4.422703e-04  4.819136e-04  8.657226e-05  3.550261e-04  4.088346e-05  3.135791e-04  1.678788e-04  2.775658e-04  2.002245e-04  7.671231e-05  0.000000e+00  1.017953e-04  0.000000e+00  8.672585e-05
5.966493e+03  6.686369e-05  1.881831e-04  2.778472e-04  4.262892e-04  6.692680e-05  2.159527e-04  9.521990e-05  2.487693e-04  1.481894e-04  1.547800e-04  2.144633e-05  5.587396e-05  0.000000e+00  3.819633e-05  0.000000e+00  4.307870e-05
6.694516e+03  3.677684e-06  1.652770e-04  2.166320e-04  3.137566e-04  5.765413e-05  4.606443e-04  6.704827e-05  2.303825e-04  1.375358e-04  1.427655e-04  1.366143e-04  4.668018e-05  0.000000e+00  3.919507e-05  0.000000e+00  7.734850e-06
7.511370e+03  3.139386e-05  1.458256e-04  1.439316e-04  1.751186e-04  3.163152e-05  3.069148e-04  5.298194e-05  2.354353e-04  1.917137e-05  1.062465e-04  4.316537e-05  5.179242e-05  0.000000e+00  1.906177e-05  0.000000e+00  1.086762e-04
8.427896e+03  2.239622e-05  1.402535e-04  7.039263e-05  1.945803e-04  3.757906e-05  3.303899e-04  3.550319e-05  2.560533e-04  4.762035e-05  6.783446e-05  3.003906e-05  8.372763e-05  0.000000e+00  1.206508e-05  0.000000e+00  8.308544e-05
9.456255e+03  0.000000e+00  3.693445e-05  5.480950e-05  2.262009e-04  2.300765e-05  1.990576e-04  3.018857e-06  1.324977e-04  5.896915e-05  4.037274e-05  8.998935e-05  1.289623e-04  0.000000e+00  4.036868e-05  0.000000e+00  1.655058e-05
1.061009e+04  0.000000e+00  5.917118e-05  2.961169e-05  1.369492e-04  1.940620e-05  1.691793e-04  6.941195e-05  5.886077e-05  1.787040e-05  6.711774e-05  7.020875e-05  2.550273e-05  0.000000e+00  2.320462e-06  0.000000e+00  4.903483e-05
1.190472e+04  0.000000e+00  7.754281e-06  4.349626e-06  8.356753e-05  0.000000e+00  8.888830e-05  1.783637e-06  3.736889e-05  4.136228e-06  6.368582e-05  4.625064e-05  9.661057e-06  0.000000e+00  2.751395e-05  0.000000e+00  5.591007e-05
1.335731e+04  0.000000e+00  4.125935e-05  2.882453e-05  7.821011e-05  0.000000e+00  5.530663e-05  2.478053e-06  3.226997e-05  1.116939e-05  3.839432e-05  4.328011e-05  2.581118e-05  0.000000e+00  0.000000e+00  0.000000e+00  4.282573e-05
1.498715e+04  0.000000e+00  1.102524e-05  5.928154e-06  3.096064e-05  0.000000e+00  4.140326e-05  0.000000e+00  2.130654e-05  9.806050e-06  1.520623e-05  3.809540e-06  1.126146e-05  0.000000e+00  3.547531e-06  0.000000e+00  4.140740e-05
1.681586e+04  0.000000e+00  1.464542e-05  1.464113e-06  1.654074e-05  0.000000e+00  6.020445e-05  1.262718e-06  1.746677e-05  0.000000e+00  5.283473e-06  4.078478e-06  5.047687e-06  0.000000e+00  3.902599e-05  0.000000e+00  3.197186e-05
1.886771e+04  0.000000e+00  1.389865e-05  0.000000e+00  1.100714e-05  0.000000e+00  3.660944e-05  0.000000e+00  1.887806e-05  0.000000e+00  0.000000e+00  2.208276e-05  1.414120e-05  0.000000e+00  1.908217e-05  0.000000e+00  5.098083e-05
2.116992e+04  0.000000e+00  1.003013e-06  0.000000e+00  2.176921e-05  0.000000e+00  2.566559e-06  0.000000e+00  8.916095e-06  0.000000e+00  0.000000e+00  0.000000e+00  7.243562e-06  0.000000e+00  2.076809e-05  0.000000e+00  8.916095e-06
2.375304e+04  0.000000e+00  0.000000e+00  0.000000e+00  8.939359e-07  0.000000e+00  1.472707e-05  2.179977e-06  5.387075e-06  0.000000e+00  6.187199e-06  7.827554e-06  2.073025e-06  0.000000e+00  0.000000e+00  0.000000e+00  2.141439e-05
2.665135e+04  0.000000e+00  1.942906e-06  0.000000e+00  6.327018e-06  0.000000e+00  0.000000e+00  0.000000e+00  0.000000e+00  0.000000e+00  1.468787e-06  0.000000e+00  0.000000e+00  0.000000e+00  0.000000e+00  0.000000e+00  1.942906e-06
2.990330e+04  0.000000e+00  0.000000e+00  0.000000e+00  5.476751e-06  0.000000e+00  0.000000e+00  0.000000e+00  0.000000e+00  0.000000e+00  0.000000e+00  0.000000e+00  9.755857e-06  0.000000e+00  1.049675e-05  0.000000e+00  7.753145e-06
3.355206e+04  0.000000e+00  0.000000e+00  0.000000e+00  0.000000e+00  0.000000e+00  0.000000e+00  0.000000e+00  0.000000e+00  0.000000e+00  0.000000e+00  0.000000e+00  8.508295e-07  0.000000e+00  1.368898e-06  0.000000e+00  2.333397e-06
3.764603e+04  0.000000e+00  0.000000e+00  0.000000e+00  2.360041e-06  0.000000e+00  0.000000e+00  0.000000e+00  0.000000e+00  0.000000e+00  0.000000e+00  0.000000e+00  4.350338e-06  0.000000e+00  2.360041e-06  0.000000e+00  5.640354e-07
4.223954e+04  0.000000e+00  0.000000e+00  0.000000e+00  1.623671e-06  0.000000e+00  0.000000e+00  0.000000e+00  7.195570e-06  0.000000e+00  0.000000e+00  0.000000e+00  6.563505e-06  0.000000e+00  0.000000e+00  0.000000e+00  0.000000e+00
4.739354e+04  0.000000e+00  0.000000e+00  0.000000e+00  0.000000e+00  0.000000e+00  0.000000e+00  0.000000e+00  4.480292e-07  0.000000e+00  0.000000e+00  0.000000e+00  1.895128e-06  0.000000e+00  3.455596e-06  0.000000e+00  0.000000e+00
5.317643e+04  0.000000e+00  0.000000e+00  0.000000e+00  0.000000e+00  0.000000e+00  0.000000e+00  0.000000e+00  0.000000e+00  0.000000e+00  0.000000e+00  0.000000e+00  0.000000e+00  0.000000e+00  0.000000e+00  0.000000e+00  0.000000e+00
5.966493e+04  0.000000e+00  0.000000e+00  0.000000e+00  0.000000e+00  0.000000e+00  0.000000e+00  0.000000e+00  0.000000e+00  0.000000e+00  0.000000e+00  0.000000e+00  0.000000e+00  0.000000e+00  0.000000e+00  0.000000e+00  0.000000e+00
6.694516e+04  0.000000e+00  0.000000e+00  0.000000e+00  0.000000e+00  0.000000e+00  0.000000e+00  0.000000e+00  0.000000e+00  0.000000e+00  0.000000e+00  0.000000e+00  0.000000e+00  0.000000e+00  0.000000e+00  0.000000e+00  2.228587e-06
7.511370e+04  0.000000e+00  0.000000e+00  0.000000e+00  0.000000e+00  0.000000e+00  0.000000e+00  0.000000e+00  0.000000e+00  0.000000e+00  0.000000e+00  0.000000e+00  0.000000e+00  0.000000e+00  0.000000e+00  0.000000e+00  1.917137e-06
8.427896e+04  0.000000e+00  0.000000e+00  0.000000e+00  0.000000e+00  0.000000e+00  0.000000e+00  0.000000e+00  0.000000e+00  0.000000e+00  0.000000e+00  0.000000e+00  0.000000e+00  0.000000e+00  0.000000e+00  0.000000e+00  0.000000e+00
9.456255e+04  0.000000e+00  0.000000e+00  0.000000e+00  0.000000e+00  0.000000e+00  0.000000e+00  0.000000e+00  0.000000e+00  0.000000e+00  0.000000e+00  0.000000e+00  0.000000e+00  0.000000e+00  0.000000e+00  0.000000e+00  0.000000e+00
1.061009e+05  0.000000e+00  0.000000e+00  0.000000e+00  0.000000e+00  0.000000e+00  0.000000e+00  0.000000e+00  0.000000e+00  0.000000e+00  0.000000e+00  0.000000e+00  0.000000e+00  0.000000e+00  0.000000e+00  0.000000e+00  0.000000e+00
1.190472e+05  0.000000e+00  0.000000e+00  0.000000e+00  0.000000e+00  0.000000e+00  0.000000e+00  0.000000e+00  0.000000e+00  0.000000e+00  0.000000e+00  0.000000e+00  0.000000e+00  0.000000e+00  0.000000e+00  0.000000e+00  0.000000e+00
1.335731e+05  0.000000e+00  0.000000e+00  0.000000e+00  0.000000e+00  0.000000e+00  0.000000e+00  0.000000e+00  0.000000e+00  0.000000e+00  0.000000e+00  0.000000e+00  0.000000e+00  0.000000e+00  0.000000e+00  0.000000e+00  0.000000e+00
1.498715e+05  0.000000e+00  0.000000e+00  0.000000e+00  0.000000e+00  0.000000e+00  0.000000e+00  0.000000e+00  0.000000e+00  0.000000e+00  0.000000e+00  0.000000e+00  0.000000e+00  0.000000e+00  0.000000e+00  0.000000e+00  0.000000e+00
1.681586e+05  0.000000e+00  0.000000e+00  0.000000e+00  0.000000e+00  0.000000e+00  0.000000e+00  0.000000e+00  0.000000e+00  0.000000e+00  0.000000e+00  0.000000e+00  0.000000e+00  0.000000e+00  0.000000e+00  0.000000e+00  0.000000e+00
1.886771e+05  0.000000e+00  0.000000e+00  0.000000e+00  0.000000e+00  0.000000e+00  0.000000e+00  0.000000e+00  0.000000e+00  0.000000e+00  0.000000e+00  0.000000e+00  0.000000e+00  0.000000e+00  0.000000e+00  0.000000e+00  0.000000e+00
2.116992e+05  0.000000e+00  0.000000e+00  0.000000e+00  0.000000e+00  0.000000e+00  0.000000e+00  0.000000e+00  0.000000e+00  0.000000e+00  0.000000e+00  0.000000e+00  0.000000e+00  0.000000e+00  0.000000e+00  0.000000e+00  0.000000e+00
2.375304e+05  0.000000e+00  0.000000e+00  0.000000e+00  0.000000e+00  0.000000e+00  0.000000e+00  0.000000e+00  0.000000e+00  0.000000e+00  0.000000e+00  0.000000e+00  0.000000e+00  0.000000e+00  0.000000e+00  0.000000e+00  0.000000e+00
2.665135e+05  0.000000e+00  0.000000e+00  0.000000e+00  0.000000e+00  0.000000e+00  0.000000e+00  0.000000e+00  0.000000e+00  0.000000e+00  0.000000e+00  0.000000e+00  0.000000e+00  0.000000e+00  0.000000e+00  0.000000e+00  0.000000e+00
2.990330e+05  0.000000e+00  0.000000e+00  0.000000e+00  0.000000e+00  0.000000e+00  0.000000e+00  0.000000e+00  0.000000e+00  0.000000e+00  0.000000e+00  0.000000e+00  0.000000e+00  0.000000e+00  0.000000e+00  0.000000e+00  0.000000e+00
3.355206e+05  0.000000e+00  0.000000e+00  0.000000e+00  0.000000e+00  0.000000e+00  0.000000e+00  0.000000e+00  0.000000e+00  0.000000e+00  0.000000e+00  0.000000e+00  0.000000e+00  0.000000e+00  0.000000e+00  0.000000e+00  0.000000e+00
3.764603e+05  0.000000e+00  0.000000e+00  0.000000e+00  0.000000e+00  0.000000e+00  0.000000e+00  0.000000e+00  0.000000e+00  0.000000e+00  0.000000e+00  0.000000e+00  0.000000e+00  0.000000e+00  0.000000e+00  0.000000e+00  0.000000e+00
4.223954e+05  0.000000e+00  0.000000e+00  0.000000e+00  0.000000e+00  0.000000e+00  0.000000e+00  0.000000e+00  0.000000e+00  0.000000e+00  0.000000e+00  0.000000e+00  0.000000e+00  0.000000e+00  0.000000e+00  0.000000e+00  0.000000e+00
4.739354e+05  0.000000e+00  0.000000e+00  0.000000e+00  0.000000e+00  0.000000e+00  0.000000e+00  0.000000e+00  0.000000e+00  0.000000e+00  0.000000e+00  0.000000e+00  0.000000e+00  0.000000e+00  0.000000e+00  0.000000e+00  0.000000e+00
5.317643e+05  0.000000e+00  0.000000e+00  0.000000e+00  0.000000e+00  0.000000e+00  0.000000e+00  0.000000e+00  0.000000e+00  0.000000e+00  0.000000e+00  0.000000e+00  0.000000e+00  0.000000e+00  0.000000e+00  0.000000e+00  0.000000e+00
5.966493e+05  0.000000e+00  0.000000e+00  0.000000e+00  0.000000e+00  0.000000e+00  0.000000e+00  0.000000e+00  0.000000e+00  0.000000e+00  0.000000e+00  0.000000e+00  0.000000e+00  0.000000e+00  0.000000e+00  0.000000e+00  0.000000e+00
6.694516e+05  0.000000e+00  0.000000e+00  0.000000e+00  0.000000e+00  0.000000e+00  0.000000e+00  0.000000e+00  0.000000e+00  0.000000e+00  0.000000e+00  0.000000e+00  0.000000e+00  0.000000e+00  0.000000e+00  0.000000e+00  0.000000e+00
7.511370e+05  0.000000e+00  0.000000e+00  0.000000e+00  0.000000e+00  0.000000e+00  0.000000e+00  0.000000e+00  0.000000e+00  0.000000e+00  0.000000e+00  0.000000e+00  0.000000e+00  0.000000e+00  0.000000e+00  0.000000e+00  0.000000e+00
8.427896e+05  0.000000e+00  0.000000e+00  0.000000e+00  0.000000e+00  0.000000e+00  0.000000e+00  0.000000e+00  0.000000e+00  0.000000e+00  0.000000e+00  0.000000e+00  0.000000e+00  0.000000e+00  0.000000e+00  0.000000e+00  0.000000e+00
9.456255e+05  0.000000e+00  0.000000e+00  0.000000e+00  0.000000e+00  0.000000e+00  0.000000e+00  0.000000e+00  0.000000e+00  0.000000e+00  0.000000e+00  0.000000e+00  0.000000e+00  0.000000e+00  0.000000e+00  0.000000e+00  0.000000e+00
