# dR/dEr [1/keV/kg/Myr]
# Er [keV], S, F, Ne, Cl, Na, Si, O, P, N, C, Al, Mg, Be, B, Ar, Li
1.061009e+01  2.876834e-02  2.743261e-02  0.000000e+00  0.000000e+00  1.838053e-02  0.000000e+00  3.638124e-03  0.000000e+00  0.000000e+00  0.000000e+00  0.000000e+00  0.000000e+00  5.472054e-03  0.000000e+00  0.000000e+00  0.000000e+00
1.190472e+01  5.017375e-03  7.647373e-03  0.000000e+00  0.000000e+00  1.615952e-03  0.000000e+00  0.000000e+00  0.000000e+00  0.000000e+00  0.000000e+00  0.000000e+00  0.000000e+00  0.000000e+00  0.000000e+00  0.000000e+00  0.000000e+00
1.335731e+01  9.769877e-03  3.871963e-03  0.000000e+00  0.000000e+00  0.000000e+00  0.000000e+00  0.000000e+00  0.000000e+00  0.000000e+00  0.000000e+00  0.000000e+00  0.000000e+00  0.000000e+00  0.000000e+00  0.000000e+00  0.000000e+00
1.498715e+01  1.848532e-03  6.783960e-03  0.000000e+00  0.000000e+00  3.268017e-03  0.000000e+00  2.919017e-04  0.000000e+00  0.000000e+00  0.000000e+00  0.000000e+00  0.000000e+00  0.000000e+00  0.000000e+00  0.000000e+00  0.000000e+00
1.681586e+01  4.573614e-03  3.767354e-03  6.526082e-04  0.000000e+00  1.319954e-03  2.601577e-04  0.000000e+00  0.000000e+00  0.000000e+00  0.000000e+00  0.000000e+00  0.000000e+00  0.000000e+00  0.000000e+00  0.000000e+00  0.000000e+00
1.886771e+01  3.110909e-03  3.467164e-03  0.000000e+00  0.000000e+00  5.816376e-04  0.000000e+00  0.000000e+00  0.000000e+00  0.000000e+00  0.000000e+00  0.000000e+00  0.000000e+00  0.000000e+00  0.000000e+00  0.000000e+00  0.000000e+00
2.116992e+01  4.583582e-03  6.121624e-03  0.000000e+00  0.000000e+00  6.368259e-04  0.000000e+00  2.740523e-04  0.000000e+00  0.000000e+00  0.000000e+00  3.877401e-03  0.000000e+00  0.000000e+00  0.000000e+00  0.000000e+00  0.000000e+00
2.375304e+01  8.547463e-03  1.159704e-03  1.539850e-03  0.000000e+00  3.548574e-03  0.000000e+00  4.620112e-04  0.000000e+00  0.000000e+00  0.000000e+00  0.000000e+00  0.000000e+00  0.000000e+00  0.000000e+00  0.000000e+00  0.000000e+00
2.665135e+01  8.088864e-03  8.003164e-03  2.176875e-04  1.425973e-03  3.412941e-04  0.000000e+00  0.000000e+00  2.328524e-03  0.000000e+00  0.000000e+00  0.000000e+00  0.000000e+00  0.000000e+00  0.000000e+00  0.000000e+00  0.000000e+00
2.990330e+01  1.114745e-02  2.916319e-03  2.564619e-04  0.000000e+00  5.502968e-03  0.000000e+00  3.403116e-04  0.000000e+00  0.000000e+00  0.000000e+00  3.070891e-03  0.000000e+00  2.646548e-03  0.000000e+00  0.000000e+00  0.000000e+00
3.355206e+01  9.724945e-03  4.086757e-03  3.022617e-04  0.000000e+00  5.747253e-04  0.000000e+00  1.796918e-03  0.000000e+00  0.000000e+00  0.000000e+00  3.221418e-03  0.000000e+00  6.715531e-03  0.000000e+00  0.000000e+00  0.000000e+00
3.764603e+01  1.522068e-02  8.992914e-03  7.762690e-04  1.541109e-04  4.675387e-03  0.000000e+00  1.255100e-03  0.000000e+00  0.000000e+00  0.000000e+00  0.000000e+00  0.000000e+00  7.688642e-04  0.000000e+00  0.000000e+00  0.000000e+00
4.223954e+01  1.328737e-02  7.036385e-03  1.973505e-03  0.000000e+00  2.288723e-03  0.000000e+00  8.923922e-04  0.000000e+00  0.000000e+00  0.000000e+00  2.962916e-03  0.000000e+00  7.094161e-03  0.000000e+00  0.000000e+00  0.000000e+00
4.739354e+01  1.422613e-02  4.830824e-03  1.224147e-04  3.363996e-04  1.270958e-03  0.000000e+00  4.389673e-04  0.000000e+00  0.000000e+00  0.000000e+00  0.000000e+00  0.000000e+00  5.176900e-03  0.000000e+00  0.000000e+00  0.000000e+00
5.317643e+01  1.353343e-02  2.866874e-03  3.004734e-04  0.000000e+00  5.119628e-03  0.000000e+00  5.806278e-04  0.000000e+00  0.000000e+00  0.000000e+00  1.543621e-03  0.000000e+00  0.000000e+00  0.000000e+00  0.000000e+00  0.000000e+00
5.966493e+01  1.552105e-02  8.501951e-03  3.363804e-04  1.705598e-04  4.248291e-03  0.000000e+00  3.860311e-03  0.000000e+00  0.000000e+00  0.000000e+00  1.379039e-03  0.000000e+00  1.189643e-03  0.000000e+00  0.000000e+00  0.000000e+00
6.694516e+01  1.843497e-02  7.626291e-03  5.700702e-04  0.000000e+00  2.854485e-03  0.000000e+00  7.316178e-04  0.000000e+00  1.163679e-03  0.000000e+00  7.491028e-04  0.000000e+00  1.672214e-02  0.000000e+00  0.000000e+00  0.000000e+00
7.511370e+01  1.997560e-02  8.430191e-03  1.696872e-03  1.932574e-04  2.106362e-03  0.000000e+00  4.495126e-04  0.000000e+00  0.000000e+00  0.000000e+00  1.109783e-03  0.000000e+00  5.529231e+00  0.000000e+00  0.000000e+00  0.000000e+00
8.427896e+01  2.291211e-02  7.640748e-03  3.252821e-04  1.357138e-03  2.654981e-03  0.000000e+00  1.778577e-03  0.000000e+00  0.000000e+00  0.000000e+00  0.000000e+00  0.000000e+00  6.575377e+00  0.000000e+00  0.000000e+00  0.000000e+00
9.456255e+01  2.301445e-02  6.627244e-03  9.256491e-04  2.237825e-04  4.643659e-03  0.000000e+00  5.293888e-04  0.000000e+00  1.138841e-03  0.000000e+00  3.150195e-04  0.000000e+00  5.072279e+00  0.000000e+00  0.000000e+00  0.000000e+00
1.061009e+02  2.467129e-02  9.668024e-03  1.527675e-03  3.530422e-04  2.854992e-03  0.000000e+00  6.588076e-04  0.000000e+00  0.000000e+00  7.754904e-04  1.048257e-03  0.000000e+00  3.746572e+00  0.000000e+00  0.000000e+00  0.000000e+00
1.190472e+02  2.511046e-02  1.278235e-02  1.046889e-03  5.101429e-04  5.515648e-03  0.000000e+00  6.155073e-04  0.000000e+00  3.674825e-05  4.212515e-04  3.233580e+00  0.000000e+00  2.811987e+00  0.000000e+00  9.373522e-04  0.000000e+00
1.335731e+02  3.009127e-02  1.197178e-02  1.593107e-03  2.187823e-04  3.632530e-03  0.000000e+00  5.717593e-04  0.000000e+00  0.000000e+00  0.000000e+00  2.766931e+00  0.000000e+00  2.098429e+00  0.000000e+00  0.000000e+00  0.000000e+00
1.498715e+02  6.703676e-02  1.315610e-02  5.947208e-04  3.280218e-04  2.348287e-03  0.000000e+00  2.365973e-03  0.000000e+00  3.736472e-04  6.077726e-04  2.065924e+00  0.000000e+00  1.577825e+00  0.000000e+00  0.000000e+00  0.000000e+00
1.681586e+02  9.332167e-02  1.685617e-02  9.813017e-04  1.319954e-04  2.933409e-03  1.771485e-04  1.930312e-03  0.000000e+00  5.808679e-04  0.000000e+00  1.622545e+00  0.000000e+00  1.134766e+00  0.000000e+00  0.000000e+00  0.000000e+00
1.886771e+02  5.902687e-02  1.479972e-02  8.724006e-04  1.253888e-04  3.469044e-03  5.393575e-05  2.172863e-03  4.070387e-05  4.070387e-05  0.000000e+00  1.178690e+00  0.000000e+00  8.107962e-01  0.000000e+00  0.000000e+00  0.000000e+00
2.116992e+02  2.910672e-02  1.934632e-02  9.174077e-04  6.436442e-04  2.787169e-03  3.627736e-05  1.034562e-03  0.000000e+00  0.000000e+00  1.407140e-04  9.381308e-01  0.000000e+00  5.770016e-01  0.000000e+00  1.380423e-04  0.000000e+00
2.375304e+02  2.169449e-02  7.357641e-02  1.563198e-03  5.836880e-04  3.389352e-03  1.386889e-05  2.039743e-03  1.889773e-04  0.000000e+00  1.841775e-05  6.980867e-01  0.000000e+00  4.353404e-01  0.000000e+00  7.366100e-05  0.000000e+00
2.665135e+02  1.826436e-02  6.213885e-02  1.436600e-03  6.999015e-04  4.439206e-03  3.805250e-05  1.538346e-03  0.000000e+00  2.881613e-05  2.575797e-04  4.987955e-01  0.000000e+00  2.833223e-01  0.000000e+00  0.000000e+00  0.000000e+00
2.990330e+02  1.438457e-02  1.275000e-02  6.250570e-04  3.166846e-04  3.520962e-03  2.093626e-04  1.939075e-03  9.866766e-05  9.679426e-05  3.601333e-04  3.861883e-01  0.000000e+00  2.112052e-01  0.000000e+00  0.000000e+00  0.000000e+00
3.355206e+02  1.304665e-02  1.323033e-02  7.384264e-04  5.435985e-04  3.250356e-03  2.288947e-05  1.331127e-03  1.963684e-05  1.729153e-05  2.627347e-04  2.863639e-01  2.115518e-04  1.528116e-01  0.000000e+00  0.000000e+00  9.532792e-05
3.764603e+02  9.654128e-03  9.634028e-03  1.656498e-03  7.399945e-04  2.908574e-03  6.273734e-04  1.075552e-03  0.000000e+00  2.693910e-05  0.000000e+00  1.901212e-01  0.000000e+00  1.048531e-01  0.000000e+00  0.000000e+00  0.000000e+00
4.223954e+02  6.248880e-03  9.547519e-03  6.311116e-04  6.620480e-04  3.063938e-03  8.358651e-05  1.133875e-03  3.068795e-04  8.803311e-05  1.879098e-04  1.365656e-01  0.000000e+00  5.892705e-02  0.000000e+00  6.918504e-05  0.000000e+00
4.739354e+02  5.791539e-03  8.265476e-03  9.629355e-04  7.111346e-04  2.500818e-03  1.858521e-04  2.066089e-03  1.429778e-04  1.309425e-04  0.000000e+00  9.418054e-02  0.000000e+00  4.198918e-02  1.309425e-04  0.000000e+00  0.000000e+00
5.317643e+02  5.492309e-03  7.509876e-03  1.761926e-03  3.380499e-04  1.963960e-03  9.411976e-05  9.156455e-04  2.724391e-04  1.482502e-04  2.402723e-04  8.128631e-02  0.000000e+00  2.904943e-02  5.601927e-05  3.290316e-05  0.000000e+00
5.966493e+02  5.211538e-03  6.659215e-03  1.498991e-03  1.264738e-03  2.043526e-03  2.214080e-04  1.677061e-03  1.735533e-04  8.943926e-05  1.326416e-04  5.311154e-02  0.000000e+00  1.975645e-02  0.000000e+00  4.851205e-05  0.000000e+00
6.694516e+02  4.249318e-03  6.436229e-03  1.901788e-03  1.236997e-03  2.150303e-03  2.302323e-04  1.463541e-03  8.324665e-05  3.154175e-05  1.229028e-04  3.599781e-02  0.000000e+00  1.266566e-02  0.000000e+00  0.000000e+00  0.000000e+00
7.511370e+02  3.378915e-03  4.527842e-03  1.312937e-03  9.059198e-04  1.532463e-03  1.772830e-04  1.041632e-03  1.657272e-04  1.495006e-04  9.888244e-05  2.392366e-02  0.000000e+00  9.338687e-03  0.000000e+00  0.000000e+00  0.000000e+00
8.427896e+02  2.836680e-03  4.441407e-03  1.262669e-03  5.582394e-04  1.752899e-03  2.509595e-05  1.090723e-03  1.891714e-05  1.155124e-04  3.424425e-04  1.379209e-02  0.000000e+00  5.040513e-03  0.000000e+00  5.110209e-05  0.000000e+00
9.456255e+02  2.376192e-03  3.323882e-03  1.456404e-03  6.137812e-04  1.552910e-03  1.495185e-04  1.059770e-03  1.159223e-04  0.000000e+00  2.681470e-04  1.150719e-02  4.018938e-05  3.305463e-03  0.000000e+00  0.000000e+00  0.000000e+00
1.061009e+03  2.195062e-03  2.332743e-03  1.521999e-03  1.023027e-03  1.436811e-03  1.012740e-04  9.986052e-04  1.059928e-04  2.337809e-04  1.226547e-04  8.115675e-03  0.000000e+00  1.691127e-03  1.092420e-04  6.689855e-05  0.000000e+00
1.190472e+03  1.667692e-03  1.958431e-03  1.286572e-03  1.002182e-03  7.070199e-04  9.426124e-05  6.809429e-04  3.335701e-04  8.012783e-05  4.665020e-04  5.335546e-03  0.000000e+00  9.564468e-04  0.000000e+00  0.000000e+00  0.000000e+00
1.335731e+03  1.547533e-03  2.163054e-03  1.220028e-03  7.692080e-04  5.979931e-04  2.120897e-04  6.056508e-04  1.322560e-04  2.494223e-04  1.626920e-04  2.773814e-03  0.000000e+00  6.366101e-04  3.224324e-05  0.000000e+00  0.000000e+00
1.498715e+03  8.518428e-04  1.722502e-03  1.038936e-03  9.467046e-04  9.137736e-04  4.532799e-04  8.144172e-04  2.541857e-04  2.738779e-04  2.302546e-04  1.247662e-03  3.152668e-05  5.248611e-04  0.000000e+00  0.000000e+00  6.108632e-05
1.681586e+03  6.712599e-04  1.501229e-03  9.239707e-04  6.607703e-04  7.093047e-04  1.759850e-04  4.633621e-04  2.709079e-04  1.728870e-04  1.504727e-04  1.393010e-03  0.000000e+00  2.780486e-04  5.147843e-05  0.000000e+00  1.902042e-05
1.886771e+03  7.916279e-04  1.288614e-03  9.607854e-04  6.529109e-04  7.304763e-04  2.340879e-04  4.304397e-04  2.207405e-04  1.073310e-04  2.350607e-04  6.585358e-04  4.501988e-05  5.375058e-06  1.231738e-04  1.538581e-05  0.000000e+00
2.116992e+03  4.309501e-04  1.071729e-03  5.431460e-04  5.315491e-04  4.662216e-04  1.219963e-04  4.021879e-04  2.099101e-04  1.198091e-04  1.621402e-04  4.479841e-04  4.033012e-05  1.622002e-04  1.380423e-05  0.000000e+00  1.380423e-05
2.375304e+03  4.208374e-04  6.302591e-04  6.772746e-04  8.419324e-04  4.513486e-04  3.076104e-04  3.415588e-04  1.337520e-04  4.398144e-05  1.419657e-04  4.622743e-04  1.242152e-05  0.000000e+00  3.455737e-05  0.000000e+00  4.718104e-05
2.665135e+03  2.397341e-04  5.932523e-04  4.784623e-04  8.512473e-04  3.014614e-04  1.150679e-04  2.757728e-04  2.210899e-04  8.687720e-05  1.124387e-04  3.237839e-04  5.672933e-05  6.923500e-05  2.969476e-05  0.000000e+00  3.654537e-05
2.990330e+03  1.940224e-04  4.225358e-04  4.104510e-04  5.417554e-04  2.241166e-04  2.342426e-04  1.971448e-04  2.146481e-04  2.073282e-04  1.971511e-04  2.100749e-04  7.396026e-05  0.000000e+00  3.614491e-05  0.000000e+00  4.940656e-05
3.355206e+03  1.044935e-04  4.751068e-04  4.643004e-04  7.218508e-04  1.306968e-04  2.512580e-04  7.148039e-05  2.108982e-04  1.007564e-04  1.434654e-04  1.143187e-04  4.138094e-05  9.172073e-06  2.736934e-05  0.000000e+00  1.758834e-05
3.764603e+03  7.529707e-05  2.627024e-04  4.247130e-04  4.589980e-04  9.210106e-05  2.777617e-04  5.013177e-05  1.076120e-04  1.640068e-04  1.654842e-04  1.593439e-04  5.026014e-05  7.912932e-06  2.752208e-05  0.000000e+00  9.152152e-05
4.223954e+03  4.898279e-05  9.622799e-05  2.020897e-04  3.662116e-04  7.936910e-05  1.062286e-04  8.758655e-05  1.839911e-04  1.124554e-04  1.769491e-04  8.194146e-05  7.813901e-05  0.000000e+00  4.482327e-05  0.000000e+00  7.331794e-05
4.739354e+03  1.758888e-05  1.695850e-04  2.192810e-04  4.112796e-04  6.392878e-05  1.903034e-04  2.849006e-05  1.190969e-04  8.243409e-05  8.807048e-05  6.897251e-05  3.050705e-05  6.125201e-06  1.828916e-05  0.000000e+00  5.924268e-05
5.317643e+03  1.580183e-05  1.540038e-04  2.074945e-04  2.327747e-04  4.698124e-05  1.865921e-04  2.586542e-05  1.468950e-04  7.471613e-05  1.401400e-04  9.989644e-05  4.271722e-05  0.000000e+00  4.833108e-05  0.000000e+00  4.062926e-05
5.966493e+03  3.621105e-05  8.639814e-05  1.403913e-04  2.221004e-04  3.337551e-05  1.074017e-04  5.364284e-05  1.093665e-04  7.524790e-05  8.320717e-05  1.049299e-05  3.482226e-05  0.000000e+00  1.865581e-05  0.000000e+00  2.286797e-05
6.694516e+03  4.407323e-06  8.290099e-05  1.032334e-04  1.465268e-04  3.155305e-05  2.230456e-04  3.391142e-05  1.207782e-04  7.380731e-05  6.832006e-05  6.455946e-05  1.870162e-05  0.000000e+00  2.163701e-05  0.000000e+00  4.777714e-06
7.511370e+03  1.574007e-05  7.127305e-05  7.647125e-05  8.996673e-05  1.406862e-05  1.549543e-04  2.588665e-05  1.212655e-04  7.671136e-06  5.824960e-05  2.802940e-05  2.494370e-05  0.000000e+00  1.410971e-05  0.000000e+00  5.051056e-05
8.427896e+03  9.762846e-06  6.398630e-05  3.452343e-05  9.793546e-05  1.719131e-05  1.559363e-04  1.816478e-05  1.127861e-04  2.110908e-05  3.462661e-05  1.190067e-05  4.512899e-05  0.000000e+00  7.943712e-06  0.000000e+00  4.881881e-05
9.456255e+03  0.000000e+00  1.939531e-05  3.140076e-05  1.113260e-04  1.094789e-05  9.639416e-05  3.090382e-06  6.294154e-05  3.322192e-05  1.829109e-05  4.900203e-05  6.845438e-05  0.000000e+00  2.099389e-05  0.000000e+00  9.711009e-06
1.061009e+04  0.000000e+00  3.537733e-05  1.530450e-05  6.670660e-05  1.049074e-05  7.741526e-05  3.516556e-05  2.968028e-05  1.138298e-05  3.740724e-05  3.336362e-05  1.015727e-05  0.000000e+00  2.780833e-06  0.000000e+00  3.113075e-05
1.190472e+04  0.000000e+00  7.371684e-06  2.686706e-06  4.214509e-05  0.000000e+00  4.539628e-05  2.502289e-06  1.958932e-05  4.956839e-06  3.151991e-05  2.367775e-05  5.574693e-06  0.000000e+00  1.308770e-05  0.000000e+00  3.136963e-05
1.335731e+04  0.000000e+00  2.036758e-05  1.259844e-05  4.038438e-05  0.000000e+00  2.967451e-05  2.166954e-06  1.494677e-05  6.917212e-06  1.585599e-05  2.088342e-05  1.562856e-05  0.000000e+00  0.000000e+00  0.000000e+00  2.420591e-05
1.498715e+04  0.000000e+00  5.832314e-06  3.152668e-06  1.742549e-05  0.000000e+00  2.315010e-05  0.000000e+00  1.033656e-05  4.736054e-06  7.427010e-06  3.899799e-06  5.186723e-06  0.000000e+00  3.918578e-06  0.000000e+00  2.085329e-05
1.681586e+04  0.000000e+00  7.879652e-06  1.754587e-06  1.006680e-05  0.000000e+00  3.183933e-05  1.771485e-06  8.943552e-06  0.000000e+00  2.809819e-06  2.260015e-06  3.623315e-06  0.000000e+00  2.098201e-05  0.000000e+00  1.818448e-05
1.886771e+04  0.000000e+00  7.579798e-06  0.000000e+00  6.402051e-06  0.000000e+00  1.847581e-05  0.000000e+00  9.149792e-06  0.000000e+00  0.000000e+00  1.026039e-05  7.357159e-06  0.000000e+00  9.726496e-06  0.000000e+00  2.720651e-05
2.116992e+04  0.000000e+00  1.407140e-06  0.000000e+00  1.004854e-05  0.000000e+00  2.774396e-06  0.000000e+00  3.886659e-06  0.000000e+00  0.000000e+00  0.000000e+00  2.931438e-06  0.000000e+00  1.023014e-05  0.000000e+00  3.886659e-06
2.375304e+04  0.000000e+00  0.000000e+00  0.000000e+00  1.254115e-06  0.000000e+00  7.318275e-06  1.346543e-06  2.635719e-06  0.000000e+00  2.988248e-06  3.331807e-06  2.484305e-06  0.000000e+00  0.000000e+00  0.000000e+00  1.077855e-05
2.665135e+04  0.000000e+00  1.200107e-06  0.000000e+00  3.269089e-06  0.000000e+00  0.000000e+00  0.000000e+00  0.000000e+00  0.000000e+00  1.089232e-06  0.000000e+00  0.000000e+00  0.000000e+00  0.000000e+00  0.000000e+00  1.200107e-06
2.990330e+04  0.000000e+00  0.000000e+00  0.000000e+00  2.605153e-06  0.000000e+00  0.000000e+00  0.000000e+00  0.000000e+00  0.000000e+00  0.000000e+00  0.000000e+00  4.698779e-06  0.000000e+00  4.740174e-06  0.000000e+00  4.770506e-06
3.355206e+04  0.000000e+00  0.000000e+00  0.000000e+00  0.000000e+00  0.000000e+00  0.000000e+00  0.000000e+00  0.000000e+00  0.000000e+00  0.000000e+00  0.000000e+00  8.709881e-07  0.000000e+00  5.214800e-07  0.000000e+00  1.730415e-06
3.764603e+04  0.000000e+00  0.000000e+00  0.000000e+00  1.255100e-06  0.000000e+00  0.000000e+00  0.000000e+00  0.000000e+00  0.000000e+00  0.000000e+00  0.000000e+00  2.069347e-06  0.000000e+00  1.255100e-06  0.000000e+00  7.912932e-07
4.223954e+04  0.000000e+00  0.000000e+00  0.000000e+00  8.997281e-07  0.000000e+00  0.000000e+00  0.000000e+00  3.130552e-06  0.000000e+00  0.000000e+00  0.000000e+00  3.661430e-06  0.000000e+00  0.000000e+00  0.000000e+00  0.000000e+00
4.739354e+04  0.000000e+00  0.000000e+00  0.000000e+00  0.000000e+00  0.000000e+00  0.000000e+00  0.000000e+00  6.285466e-07  0.000000e+00  0.000000e+00  0.000000e+00  1.430430e-06  0.000000e+00  1.643741e-06  0.000000e+00  0.000000e+00
5.317643e+04  0.000000e+00  0.000000e+00  0.000000e+00  0.000000e+00  0.000000e+00  0.000000e+00  0.000000e+00  0.000000e+00  0.000000e+00  0.000000e+00  0.000000e+00  0.000000e+00  0.000000e+00  0.000000e+00  0.000000e+00  0.000000e+00
5.966493e+04  0.000000e+00  0.000000e+00  0.000000e+00  0.000000e+00  0.000000e+00  0.000000e+00  0.000000e+00  0.000000e+00  0.000000e+00  0.000000e+00  0.000000e+00  0.000000e+00  0.000000e+00  0.000000e+00  0.000000e+00  0.000000e+00
6.694516e+04  0.000000e+00  0.000000e+00  0.000000e+00  0.000000e+00  0.000000e+00  0.000000e+00  0.000000e+00  0.000000e+00  0.000000e+00  0.000000e+00  0.000000e+00  0.000000e+00  0.000000e+00  0.000000e+00  0.000000e+00  1.380165e-06
7.511370e+04  0.000000e+00  0.000000e+00  0.000000e+00  0.000000e+00  0.000000e+00  0.000000e+00  0.000000e+00  0.000000e+00  0.000000e+00  0.000000e+00  0.000000e+00  0.000000e+00  0.000000e+00  0.000000e+00  0.000000e+00  7.671136e-07
8.427896e+04  0.000000e+00  0.000000e+00  0.000000e+00  0.000000e+00  0.000000e+00  0.000000e+00  0.000000e+00  0.000000e+00  0.000000e+00  0.000000e+00  0.000000e+00  0.000000e+00  0.000000e+00  0.000000e+00  0.000000e+00  0.000000e+00
9.456255e+04  0.000000e+00  0.000000e+00  0.000000e+00  0.000000e+00  0.000000e+00  0.000000e+00  0.000000e+00  0.000000e+00  0.000000e+00  0.000000e+00  0.000000e+00  0.000000e+00  0.000000e+00  0.000000e+00  0.000000e+00  0.000000e+00
1.061009e+05  0.000000e+00  0.000000e+00  0.000000e+00  0.000000e+00  0.000000e+00  0.000000e+00  0.000000e+00  0.000000e+00  0.000000e+00  0.000000e+00  0.000000e+00  0.000000e+00  0.000000e+00  0.000000e+00  0.000000e+00  0.000000e+00
1.190472e+05  0.000000e+00  0.000000e+00  0.000000e+00  0.000000e+00  0.000000e+00  0.000000e+00  0.000000e+00  0.000000e+00  0.000000e+00  0.000000e+00  0.000000e+00  0.000000e+00  0.000000e+00  0.000000e+00  0.000000e+00  0.000000e+00
1.335731e+05  0.000000e+00  0.000000e+00  0.000000e+00  0.000000e+00  0.000000e+00  0.000000e+00  0.000000e+00  0.000000e+00  0.000000e+00  0.000000e+00  0.000000e+00  0.000000e+00  0.000000e+00  0.000000e+00  0.000000e+00  0.000000e+00
1.498715e+05  0.000000e+00  0.000000e+00  0.000000e+00  0.000000e+00  0.000000e+00  0.000000e+00  0.000000e+00  0.000000e+00  0.000000e+00  0.000000e+00  0.000000e+00  0.000000e+00  0.000000e+00  0.000000e+00  0.000000e+00  0.000000e+00
1.681586e+05  0.000000e+00  0.000000e+00  0.000000e+00  0.000000e+00  0.000000e+00  0.000000e+00  0.000000e+00  0.000000e+00  0.000000e+00  0.000000e+00  0.000000e+00  0.000000e+00  0.000000e+00  0.000000e+00  0.000000e+00  0.000000e+00
1.886771e+05  0.000000e+00  0.000000e+00  0.000000e+00  0.000000e+00  0.000000e+00  0.000000e+00  0.000000e+00  0.000000e+00  0.000000e+00  0.000000e+00  0.000000e+00  0.000000e+00  0.000000e+00  0.000000e+00  0.000000e+00  0.000000e+00
2.116992e+05  0.000000e+00  0.000000e+00  0.000000e+00  0.000000e+00  0.000000e+00  0.000000e+00  0.000000e+00  0.000000e+00  0.000000e+00  0.000000e+00  0.000000e+00  0.000000e+00  0.000000e+00  0.000000e+00  0.000000e+00  0.000000e+00
2.375304e+05  0.000000e+00  0.000000e+00  0.000000e+00  0.000000e+00  0.000000e+00  0.000000e+00  0.000000e+00  0.000000e+00  0.000000e+00  0.000000e+00  0.000000e+00  0.000000e+00  0.000000e+00  0.000000e+00  0.000000e+00  0.000000e+00
2.665135e+05  0.000000e+00  0.000000e+00  0.000000e+00  0.000000e+00  0.000000e+00  0.000000e+00  0.000000e+00  0.000000e+00  0.000000e+00  0.000000e+00  0.000000e+00  0.000000e+00  0.000000e+00  0.000000e+00  0.000000e+00  0.000000e+00
2.990330e+05  0.000000e+00  0.000000e+00  0.000000e+00  0.000000e+00  0.000000e+00  0.000000e+00  0.000000e+00  0.000000e+00  0.000000e+00  0.000000e+00  0.000000e+00  0.000000e+00  0.000000e+00  0.000000e+00  0.000000e+00  0.000000e+00
3.355206e+05  0.000000e+00  0.000000e+00  0.000000e+00  0.000000e+00  0.000000e+00  0.000000e+00  0.000000e+00  0.000000e+00  0.000000e+00  0.000000e+00  0.000000e+00  0.000000e+00  0.000000e+00  0.000000e+00  0.000000e+00  0.000000e+00
3.764603e+05  0.000000e+00  0.000000e+00  0.000000e+00  0.000000e+00  0.000000e+00  0.000000e+00  0.000000e+00  0.000000e+00  0.000000e+00  0.000000e+00  0.000000e+00  0.000000e+00  0.000000e+00  0.000000e+00  0.000000e+00  0.000000e+00
4.223954e+05  0.000000e+00  0.000000e+00  0.000000e+00  0.000000e+00  0.000000e+00  0.000000e+00  0.000000e+00  0.000000e+00  0.000000e+00  0.000000e+00  0.000000e+00  0.000000e+00  0.000000e+00  0.000000e+00  0.000000e+00  0.000000e+00
4.739354e+05  0.000000e+00  0.000000e+00  0.000000e+00  0.000000e+00  0.000000e+00  0.000000e+00  0.000000e+00  0.000000e+00  0.000000e+00  0.000000e+00  0.000000e+00  0.000000e+00  0.000000e+00  0.000000e+00  0.000000e+00  0.000000e+00
5.317643e+05  0.000000e+00  0.000000e+00  0.000000e+00  0.000000e+00  0.000000e+00  0.000000e+00  0.000000e+00  0.000000e+00  0.000000e+00  0.000000e+00  0.000000e+00  0.000000e+00  0.000000e+00  0.000000e+00  0.000000e+00  0.000000e+00
5.966493e+05  0.000000e+00  0.000000e+00  0.000000e+00  0.000000e+00  0.000000e+00  0.000000e+00  0.000000e+00  0.000000e+00  0.000000e+00  0.000000e+00  0.000000e+00  0.000000e+00  0.000000e+00  0.000000e+00  0.000000e+00  0.000000e+00
6.694516e+05  0.000000e+00  0.000000e+00  0.000000e+00  0.000000e+00  0.000000e+00  0.000000e+00  0.000000e+00  0.000000e+00  0.000000e+00  0.000000e+00  0.000000e+00  0.000000e+00  0.000000e+00  0.000000e+00  0.000000e+00  0.000000e+00
7.511370e+05  0.000000e+00  0.000000e+00  0.000000e+00  0.000000e+00  0.000000e+00  0.000000e+00  0.000000e+00  0.000000e+00  0.000000e+00  0.000000e+00  0.000000e+00  0.000000e+00  0.000000e+00  0.000000e+00  0.000000e+00  0.000000e+00
8.427896e+05  0.000000e+00  0.000000e+00  0.000000e+00  0.000000e+00  0.000000e+00  0.000000e+00  0.000000e+00  0.000000e+00  0.000000e+00  0.000000e+00  0.000000e+00  0.000000e+00  0.000000e+00  0.000000e+00  0.000000e+00  0.000000e+00
9.456255e+05  0.000000e+00  0.000000e+00  0.000000e+00  0.000000e+00  0.000000e+00  0.000000e+00  0.000000e+00  0.000000e+00  0.000000e+00  0.000000e+00  0.000000e+00  0.000000e+00  0.000000e+00  0.000000e+00  0.000000e+00  0.000000e+00
