# dR/dEr [1/keV/kg/Myr]
# Er [keV], S, F, Ne, Cl, Na, Si, O, P, N, C, Al, Mg, Be, B, Ar, Li
1.061009e+01  3.591071e+01  3.002906e+01  0.000000e+00  0.000000e+00  1.531979e+01  0.000000e+00  2.167376e+00  0.000000e+00  0.000000e+00  0.000000e+00  0.000000e+00  0.000000e+00  6.054899e-01  0.000000e+00  0.000000e+00  0.000000e+00
1.190472e+01  1.197426e+01  5.152850e+00  0.000000e+00  0.000000e+00  3.837875e+00  0.000000e+00  0.000000e+00  0.000000e+00  0.000000e+00  0.000000e+00  0.000000e+00  0.000000e+00  0.000000e+00  0.000000e+00  0.000000e+00  0.000000e+00
1.335731e+01  1.779624e+01  3.885721e+00  0.000000e+00  0.000000e+00  0.000000e+00  0.000000e+00  0.000000e+00  0.000000e+00  0.000000e+00  0.000000e+00  0.000000e+00  0.000000e+00  0.000000e+00  0.000000e+00  0.000000e+00  0.000000e+00
1.498715e+01  4.413555e+00  7.397026e+00  0.000000e+00  0.000000e+00  2.220302e+00  0.000000e+00  7.119503e-01  0.000000e+00  0.000000e+00  0.000000e+00  0.000000e+00  0.000000e+00  0.000000e+00  0.000000e+00  0.000000e+00  0.000000e+00
1.681586e+01  1.091831e+01  6.700622e+00  1.566286e+00  0.000000e+00  3.122002e+00  6.345264e-01  0.000000e+00  0.000000e+00  0.000000e+00  0.000000e+00  0.000000e+00  0.000000e+00  0.000000e+00  0.000000e+00  0.000000e+00  0.000000e+00
1.886771e+01  7.446734e+00  6.842824e+00  0.000000e+00  0.000000e+00  1.395954e+00  0.000000e+00  0.000000e+00  0.000000e+00  0.000000e+00  0.000000e+00  0.000000e+00  0.000000e+00  0.000000e+00  0.000000e+00  0.000000e+00  0.000000e+00
2.116992e+01  7.773738e+00  8.283133e+00  0.000000e+00  0.000000e+00  1.521929e+00  0.000000e+00  6.606789e-01  0.000000e+00  0.000000e+00  0.000000e+00  1.711756e+00  0.000000e+00  0.000000e+00  0.000000e+00  0.000000e+00  0.000000e+00
2.375304e+01  1.435380e+01  2.759900e+00  2.543848e+00  0.000000e+00  5.133488e+00  0.000000e+00  1.108846e+00  0.000000e+00  0.000000e+00  0.000000e+00  0.000000e+00  0.000000e+00  0.000000e+00  0.000000e+00  0.000000e+00  0.000000e+00
2.665135e+01  1.343552e+01  8.602293e+00  5.247959e-01  2.603076e-01  8.289405e-01  0.000000e+00  0.000000e+00  2.565597e+00  0.000000e+00  0.000000e+00  0.000000e+00  0.000000e+00  0.000000e+00  0.000000e+00  0.000000e+00  0.000000e+00
2.990330e+01  1.465029e+01  6.641463e+00  6.278895e-01  0.000000e+00  2.693020e+00  0.000000e+00  8.245453e-01  0.000000e+00  0.000000e+00  0.000000e+00  6.307227e-01  0.000000e+00  1.908340e+00  0.000000e+00  0.000000e+00  0.000000e+00
3.355206e+01  1.887840e+01  5.822667e+00  7.032786e-01  0.000000e+00  1.377133e+00  0.000000e+00  2.767111e+00  0.000000e+00  0.000000e+00  0.000000e+00  1.763638e+00  0.000000e+00  2.653870e+00  0.000000e+00  0.000000e+00  0.000000e+00
3.764603e+01  2.296807e+01  6.366353e+00  3.666253e-02  3.715271e-01  4.195215e+00  0.000000e+00  2.635136e-01  0.000000e+00  0.000000e+00  0.000000e+00  0.000000e+00  0.000000e+00  5.599512e-02  0.000000e+00  0.000000e+00  0.000000e+00
4.223954e+01  1.991023e+01  9.827826e+00  1.020623e+00  0.000000e+00  4.797395e+00  0.000000e+00  5.551247e-01  0.000000e+00  0.000000e+00  0.000000e+00  9.288438e-01  0.000000e+00  6.052666e+00  0.000000e+00  0.000000e+00  0.000000e+00
4.739354e+01  2.622686e+01  1.046871e+01  2.951144e-01  7.929976e-01  1.276479e+00  0.000000e+00  1.060122e+00  0.000000e+00  0.000000e+00  0.000000e+00  0.000000e+00  0.000000e+00  2.628405e+00  0.000000e+00  0.000000e+00  0.000000e+00
5.317643e+01  2.416265e+01  5.511411e+00  7.266969e-01  0.000000e+00  4.238320e+00  0.000000e+00  1.405172e+00  0.000000e+00  0.000000e+00  0.000000e+00  6.814625e-01  0.000000e+00  0.000000e+00  0.000000e+00  0.000000e+00  0.000000e+00
5.966493e+01  3.030185e+01  1.170216e+01  8.117136e-01  4.132516e-01  3.408345e+00  0.000000e+00  2.517892e+00  0.000000e+00  0.000000e+00  0.000000e+00  8.405015e-01  0.000000e+00  3.849176e-01  0.000000e+00  0.000000e+00  0.000000e+00
6.694516e+01  3.421935e+01  9.852376e+00  1.369564e+00  0.000000e+00  4.358625e+00  0.000000e+00  4.970637e-01  0.000000e+00  4.378762e-01  0.000000e+00  1.034367e+00  0.000000e+00  1.485816e+01  0.000000e+00  0.000000e+00  0.000000e+00
7.511370e+01  3.596642e+01  1.370477e+01  1.861217e+00  4.561958e-01  3.035484e+00  0.000000e+00  1.057224e+00  0.000000e+00  0.000000e+00  0.000000e+00  5.739383e-01  0.000000e+00  4.282302e+03  0.000000e+00  0.000000e+00  0.000000e+00
8.427896e+01  4.535762e+01  1.415611e+01  7.756135e-01  1.372985e+00  3.878379e+00  0.000000e+00  2.529233e+00  0.000000e+00  0.000000e+00  0.000000e+00  0.000000e+00  0.000000e+00  5.171214e+03  0.000000e+00  0.000000e+00  0.000000e+00
9.456255e+01  4.403007e+01  1.121403e+01  1.513945e+00  5.335274e-01  4.556924e+00  0.000000e+00  5.503542e-01  0.000000e+00  3.162496e-01  0.000000e+00  6.257012e-03  0.000000e+00  3.965226e+03  0.000000e+00  0.000000e+00  0.000000e+00
1.061009e+02  5.064891e+01  1.513031e+01  1.179312e+00  1.825399e-01  4.867417e+00  0.000000e+00  9.107455e-01  0.000000e+00  0.000000e+00  4.726487e-01  9.241469e-01  0.000000e+00  2.966327e+03  0.000000e+00  0.000000e+00  0.000000e+00
1.190472e+02  5.448214e+01  1.928111e+01  1.884034e+00  3.539718e-01  5.892152e+00  0.000000e+00  7.610600e-01  0.000000e+00  8.962924e-02  5.816671e-01  2.585050e+03  0.000000e+00  2.200572e+03  0.000000e+00  3.119890e-01  0.000000e+00
1.335731e+02  6.156781e+01  1.983928e+01  1.770947e+00  1.033291e-02  5.433780e+00  0.000000e+00  7.991658e-01  0.000000e+00  0.000000e+00  0.000000e+00  2.188347e+03  0.000000e+00  1.634318e+03  0.000000e+00  0.000000e+00  0.000000e+00
1.498715e+02  1.479950e+02  2.346946e+01  9.650622e-01  3.192388e-01  2.857691e+00  0.000000e+00  2.330876e+00  0.000000e+00  2.085817e-01  4.776675e-01  1.636167e+03  0.000000e+00  1.224485e+03  0.000000e+00  0.000000e+00  0.000000e+00
1.681586e+02  2.111953e+02  2.444569e+01  1.542044e+00  3.122002e-01  3.101183e+00  3.518577e-03  2.106385e+00  0.000000e+00  4.140846e-01  0.000000e+00  1.246311e+03  0.000000e+00  8.987897e+02  0.000000e+00  0.000000e+00  0.000000e+00
1.886771e+02  1.251466e+02  2.716421e+01  1.210666e+00  3.014449e-01  5.841033e+00  1.306816e-01  2.295260e+00  9.663386e-02  9.663386e-02  0.000000e+00  9.055970e+02  0.000000e+00  6.448537e+02  0.000000e+00  0.000000e+00  0.000000e+00
2.116992e+02  5.559263e+01  3.488583e+01  1.405335e+00  9.850019e-01  2.973792e+00  8.612502e-02  1.391111e+00  0.000000e+00  0.000000e+00  2.794905e-03  7.272052e+02  0.000000e+00  4.468635e+02  0.000000e+00  6.519622e-03  0.000000e+00
2.375304e+02  4.079718e+01  1.661593e+02  2.072826e+00  7.380566e-01  3.933731e+00  3.412558e-02  2.015122e+00  1.670984e-01  0.000000e+00  4.492103e-02  5.426951e+02  0.000000e+00  3.325805e+02  0.000000e+00  1.613295e-01  0.000000e+00
2.665135e+02  3.383743e+01  1.392650e+02  1.985610e+00  8.150269e-01  5.769011e+00  8.853753e-02  1.421538e+00  0.000000e+00  6.841154e-02  2.492172e-01  3.923406e+02  0.000000e+00  2.229717e+02  0.000000e+00  0.000000e+00  0.000000e+00
2.990330e+02  2.173472e+01  2.219532e+01  1.111032e+00  4.101848e-01  4.284175e+00  5.845673e-02  2.631899e+00  3.022002e-03  7.049368e-03  1.000069e-01  2.996728e+02  0.000000e+00  1.648597e+02  0.000000e+00  0.000000e+00  0.000000e+00
3.355206e+02  1.966823e+01  2.057445e+01  1.356585e+00  6.178740e-01  4.355229e+00  5.434122e-02  1.826377e+00  4.831812e-02  4.168602e-02  2.270602e-01  2.238837e+02  6.844910e-02  1.200001e+02  0.000000e+00  0.000000e+00  1.420927e-02
3.764603e+02  1.313121e+01  1.530110e+01  1.935734e+00  8.357036e-01  4.724261e+00  2.060766e-01  1.306742e+00  0.000000e+00  6.267977e-02  0.000000e+00  1.434299e+02  0.000000e+00  8.527496e+01  0.000000e+00  0.000000e+00  0.000000e+00
4.223954e+02  8.493567e+00  1.367689e+01  1.058459e+00  6.781360e-01  4.208321e+00  3.525180e-02  1.640291e+00  2.163403e-01  4.530418e-02  1.672036e-01  1.099143e+02  0.000000e+00  4.407895e+01  0.000000e+00  3.267552e-03  0.000000e+00
4.739354e+02  7.386861e+00  1.149334e+01  1.562262e+00  8.744410e-01  3.760863e+00  1.353243e-01  2.100966e+00  2.003796e-01  1.442741e-01  0.000000e+00  7.196564e+01  0.000000e+00  3.129678e+01  1.442741e-01  0.000000e+00  0.000000e+00
5.317643e+02  6.138181e+00  7.980988e+00  1.863875e+00  4.788628e-01  3.469565e+00  9.889019e-02  1.318714e+00  2.032906e-01  2.044169e-01  1.154795e-01  6.021021e+01  0.000000e+00  2.330207e+01  1.112672e-03  7.206324e-02  0.000000e+00
5.966493e+02  5.537088e+00  7.312752e+00  1.900417e+00  1.111427e+00  3.370568e+00  1.986935e-01  1.640744e+00  1.929214e-01  7.274414e-02  9.564358e-02  4.076113e+01  0.000000e+00  1.624579e+01  0.000000e+00  3.533053e-03  0.000000e+00
6.694516e+02  4.487035e+00  6.359218e+00  2.213478e+00  1.389038e+00  3.373909e+00  1.604474e-01  1.734522e+00  9.569504e-02  7.459076e-02  5.972620e-02  2.817439e+01  0.000000e+00  1.016772e+01  0.000000e+00  0.000000e+00  0.000000e+00
7.511370e+02  3.565218e+00  4.888617e+00  1.475204e+00  1.086144e+00  2.181551e+00  5.754905e-02  1.301532e+00  1.271938e-01  1.283583e-01  4.136655e-02  1.966256e+01  0.000000e+00  6.708866e+00  0.000000e+00  0.000000e+00  0.000000e+00
8.427896e+02  2.397233e+00  4.358716e+00  1.369239e+00  9.701778e-01  2.594890e+00  6.050749e-02  1.454442e+00  4.459353e-02  3.983795e-02  1.927205e-01  1.025576e+01  0.000000e+00  3.635025e+00  0.000000e+00  7.769892e-02  0.000000e+00
9.456255e+02  2.409384e+00  3.257177e+00  1.818706e+00  8.252499e-01  2.135411e+00  1.473128e-01  1.527660e+00  1.315354e-01  0.000000e+00  1.233561e-01  8.948342e+00  7.336465e-03  2.503485e+00  0.000000e+00  0.000000e+00  0.000000e+00
1.061009e+03  2.122499e+00  2.268654e+00  1.764109e+00  1.140103e+00  1.835727e+00  1.311308e-01  1.346042e+00  1.146747e-01  2.469856e-01  6.794562e-02  6.113727e+00  0.000000e+00  1.068042e+00  3.416675e-02  2.164551e-02  0.000000e+00
1.190472e+03  1.491105e+00  1.968938e+00  1.571226e+00  1.177712e+00  1.130688e+00  1.598315e-01  9.081981e-01  1.893874e-01  6.804599e-02  2.242105e-01  3.748631e+00  0.000000e+00  9.352460e-01  0.000000e+00  0.000000e+00  0.000000e+00
1.335731e+03  1.442411e+00  1.944512e+00  1.346765e+00  8.426458e-01  9.864899e-01  1.125183e-01  1.029975e+00  7.824900e-02  1.390478e-01  5.686078e-02  1.737552e+00  0.000000e+00  4.475254e-01  4.902471e-02  0.000000e+00  0.000000e+00
1.498715e+03  9.058985e-01  1.428884e+00  1.025585e+00  1.037210e+00  7.978611e-01  2.927184e-01  1.029826e+00  2.287878e-01  2.245592e-01  1.047636e-01  9.204207e-01  6.619163e-03  5.446557e-01  0.000000e+00  0.000000e+00  1.307019e-02
1.681586e+03  4.925566e-01  1.429870e+00  8.918901e-01  8.306557e-01  9.669544e-01  1.236211e-01  6.788148e-01  1.924961e-01  1.706069e-01  1.499276e-01  1.079299e+00  0.000000e+00  2.500876e-01  4.369596e-02  0.000000e+00  2.835122e-03
1.886771e+03  6.367029e-01  9.691244e-01  9.434908e-01  9.560614e-01  8.170020e-01  1.619616e-01  6.139113e-01  1.795385e-01  1.053894e-01  1.469392e-01  5.376500e-01  3.765809e-02  1.250626e-02  6.899631e-02  1.702460e-03  0.000000e+00
2.116992e+03  4.194923e-01  9.986375e-01  5.630010e-01  6.191715e-01  3.557110e-01  1.266971e-01  5.087148e-01  1.504095e-01  5.301784e-02  9.815367e-02  3.198373e-01  2.094652e-02  1.105836e-01  6.519622e-04  0.000000e+00  6.519622e-04
2.375304e+03  2.527766e-01  5.433631e-01  6.101753e-01  9.669166e-01  4.152359e-01  2.619506e-01  4.679262e-01  1.145740e-01  6.248892e-02  4.286615e-02  3.335687e-01  3.804475e-04  0.000000e+00  1.525605e-02  0.000000e+00  2.136154e-02
2.665135e+03  2.205285e-01  4.668187e-01  4.542669e-01  9.120043e-01  2.070436e-01  1.101333e-01  2.995103e-01  2.284293e-01  6.072820e-02  1.244092e-01  2.134740e-01  5.254887e-02  2.944998e-02  2.141193e-02  0.000000e+00  2.970434e-02
2.990330e+03  9.083220e-02  3.249425e-01  3.233188e-01  6.635104e-01  1.612824e-01  1.881608e-01  2.222451e-01  1.326232e-01  1.096185e-01  1.125171e-01  1.688843e-01  2.700750e-02  0.000000e+00  1.978834e-02  0.000000e+00  4.607303e-02
3.355206e+03  7.103432e-02  3.952209e-01  3.881269e-01  7.292376e-01  8.774804e-02  1.750836e-01  1.084797e-01  1.009402e-01  5.374133e-02  7.773635e-02  5.604466e-02  2.748219e-02  1.628139e-02  5.621322e-03  0.000000e+00  5.877069e-04
3.764603e+03  2.807490e-02  1.647746e-01  2.843699e-01  4.403454e-01  7.079526e-02  1.860014e-01  7.462539e-02  7.056390e-02  6.184573e-02  9.990232e-02  8.407628e-02  1.483620e-02  1.571690e-04  1.874668e-02  0.000000e+00  4.468531e-02
4.223954e+03  1.013887e-02  9.512614e-02  1.401392e-01  3.395748e-01  4.388315e-02  7.195982e-02  7.372180e-02  9.955924e-02  6.750020e-02  8.115751e-02  5.672403e-02  2.107723e-02  0.000000e+00  2.418720e-02  0.000000e+00  2.798904e-02
4.739354e+03  9.096310e-03  9.907711e-02  1.466970e-01  3.466412e-01  3.799477e-02  9.479543e-02  2.536259e-02  7.880852e-02  3.529319e-02  5.346642e-02  4.780921e-02  1.810581e-02  6.777615e-04  3.112515e-03  0.000000e+00  1.304044e-02
5.317643e+03  1.519839e-02  9.997404e-02  1.276970e-01  2.044301e-01  1.276025e-02  8.531040e-02  1.398467e-02  1.287174e-01  5.947594e-02  6.657378e-02  3.604938e-02  2.070888e-02  0.000000e+00  2.795010e-02  0.000000e+00  2.349106e-02
5.966493e+03  1.478033e-02  5.406615e-02  7.677886e-02  1.514035e-01  1.622180e-02  8.245188e-02  2.032850e-02  8.431698e-02  3.485395e-02  4.888293e-02  2.929777e-03  8.042070e-03  0.000000e+00  8.943380e-03  0.000000e+00  1.239404e-02
6.694516e+03  1.349879e-04  4.150089e-02  5.790539e-02  1.224155e-01  9.364683e-03  1.395094e-01  1.130793e-02  5.073178e-02  4.028304e-02  4.655708e-02  3.865350e-02  2.451599e-02  0.000000e+00  7.286832e-03  0.000000e+00  7.121505e-04
7.511370e+03  4.378206e-03  3.540055e-02  4.086980e-02  5.712322e-02  1.104517e-02  8.413443e-02  1.800191e-02  4.898986e-02  9.501667e-03  2.710836e-02  4.378467e-03  1.419724e-02  0.000000e+00  1.680108e-03  0.000000e+00  3.443346e-02
8.427896e+03  5.950295e-03  3.519868e-02  2.064989e-02  4.032243e-02  8.024418e-03  1.071429e-01  1.348640e-02  9.138131e-02  1.524183e-02  1.671439e-02  1.643253e-02  2.167016e-02  0.000000e+00  1.073286e-03  0.000000e+00  1.265752e-02
9.456255e+03  0.000000e+00  8.902173e-03  2.045640e-02  6.383774e-02  6.962437e-03  6.594551e-02  1.459562e-04  3.633315e-02  1.942881e-02  1.261056e-02  2.866824e-02  2.956464e-02  0.000000e+00  1.178184e-02  0.000000e+00  1.994520e-03
1.061009e+04  0.000000e+00  1.626678e-02  7.119276e-03  3.859359e-02  3.545487e-03  5.392090e-02  1.336580e-02  1.837674e-02  1.976296e-03  1.771510e-02  2.108810e-02  1.325308e-02  0.000000e+00  8.517158e-05  0.000000e+00  1.086582e-02
1.190472e+04  0.000000e+00  4.616681e-04  4.004717e-04  2.297060e-02  0.000000e+00  2.107911e-02  4.970122e-05  4.502717e-03  1.518185e-04  1.861353e-02  1.817279e-02  5.125345e-03  0.000000e+00  4.924718e-03  0.000000e+00  8.619996e-03
1.335731e+04  0.000000e+00  8.706209e-03  9.980877e-03  2.493995e-02  0.000000e+00  1.323382e-02  1.578157e-04  7.625811e-03  1.352980e-03  1.463362e-02  1.033412e-02  4.111348e-03  0.000000e+00  0.000000e+00  0.000000e+00  7.527982e-03
1.498715e+04  0.000000e+00  4.801593e-03  6.619163e-04  4.608028e-03  0.000000e+00  1.048564e-02  0.000000e+00  9.265568e-03  1.532385e-03  3.560424e-03  1.841842e-04  5.062873e-03  0.000000e+00  1.523890e-04  0.000000e+00  9.378983e-03
1.681586e+04  0.000000e+00  1.592427e-03  5.373964e-05  2.553427e-03  0.000000e+00  1.663479e-02  3.518577e-05  3.167267e-03  0.000000e+00  5.899335e-04  4.125597e-04  4.088697e-04  0.000000e+00  8.530453e-03  0.000000e+00  7.775712e-03
1.886771e+04  0.000000e+00  2.285028e-03  0.000000e+00  3.767086e-03  0.000000e+00  1.007208e-02  0.000000e+00  7.510275e-03  0.000000e+00  0.000000e+00  5.486044e-03  4.197676e-03  0.000000e+00  6.313459e-03  0.000000e+00  9.734570e-03
2.116992e+04  0.000000e+00  2.794905e-05  0.000000e+00  4.606171e-03  0.000000e+00  1.275240e-04  0.000000e+00  2.368855e-03  0.000000e+00  0.000000e+00  0.000000e+00  3.229895e-03  0.000000e+00  8.073346e-03  0.000000e+00  2.368855e-03
2.375304e+04  0.000000e+00  0.000000e+00  0.000000e+00  2.490961e-05  0.000000e+00  2.935917e-03  2.007113e-04  7.359267e-04  0.000000e+00  9.668693e-04  2.402458e-03  7.608950e-05  0.000000e+00  0.000000e+00  0.000000e+00  5.554264e-03
2.665135e+04  0.000000e+00  1.788841e-04  0.000000e+00  2.711841e-03  0.000000e+00  0.000000e+00  0.000000e+00  0.000000e+00  0.000000e+00  1.205249e-04  0.000000e+00  0.000000e+00  0.000000e+00  0.000000e+00  0.000000e+00  1.788841e-04
2.990330e+04  0.000000e+00  0.000000e+00  0.000000e+00  9.802827e-04  0.000000e+00  0.000000e+00  0.000000e+00  0.000000e+00  0.000000e+00  0.000000e+00  0.000000e+00  1.564850e-03  0.000000e+00  2.492908e-03  0.000000e+00  1.491674e-03
3.355206e+04  0.000000e+00  0.000000e+00  0.000000e+00  0.000000e+00  0.000000e+00  0.000000e+00  0.000000e+00  0.000000e+00  0.000000e+00  0.000000e+00  0.000000e+00  4.113604e-05  0.000000e+00  1.142125e-03  0.000000e+00  1.914727e-04
3.764603e+04  0.000000e+00  0.000000e+00  0.000000e+00  2.635136e-04  0.000000e+00  0.000000e+00  0.000000e+00  0.000000e+00  0.000000e+00  0.000000e+00  0.000000e+00  7.786663e-04  0.000000e+00  2.635136e-04  0.000000e+00  1.571690e-05
4.223954e+04  0.000000e+00  0.000000e+00  0.000000e+00  1.642430e-04  0.000000e+00  0.000000e+00  0.000000e+00  2.497271e-03  0.000000e+00  0.000000e+00  0.000000e+00  9.502379e-04  0.000000e+00  0.000000e+00  0.000000e+00  0.000000e+00
4.739354e+04  0.000000e+00  0.000000e+00  0.000000e+00  0.000000e+00  0.000000e+00  0.000000e+00  0.000000e+00  1.248438e-05  0.000000e+00  0.000000e+00  0.000000e+00  1.588661e-04  0.000000e+00  6.185166e-04  0.000000e+00  0.000000e+00
5.317643e+04  0.000000e+00  0.000000e+00  0.000000e+00  0.000000e+00  0.000000e+00  0.000000e+00  0.000000e+00  0.000000e+00  0.000000e+00  0.000000e+00  0.000000e+00  0.000000e+00  0.000000e+00  0.000000e+00  0.000000e+00  0.000000e+00
5.966493e+04  0.000000e+00  0.000000e+00  0.000000e+00  0.000000e+00  0.000000e+00  0.000000e+00  0.000000e+00  0.000000e+00  0.000000e+00  0.000000e+00  0.000000e+00  0.000000e+00  0.000000e+00  0.000000e+00  0.000000e+00  0.000000e+00
6.694516e+04  0.000000e+00  0.000000e+00  0.000000e+00  0.000000e+00  0.000000e+00  0.000000e+00  0.000000e+00  0.000000e+00  0.000000e+00  0.000000e+00  0.000000e+00  0.000000e+00  0.000000e+00  0.000000e+00  0.000000e+00  2.699549e-04
7.511370e+04  0.000000e+00  0.000000e+00  0.000000e+00  0.000000e+00  0.000000e+00  0.000000e+00  0.000000e+00  0.000000e+00  0.000000e+00  0.000000e+00  0.000000e+00  0.000000e+00  0.000000e+00  0.000000e+00  0.000000e+00  9.501667e-04
8.427896e+04  0.000000e+00  0.000000e+00  0.000000e+00  0.000000e+00  0.000000e+00  0.000000e+00  0.000000e+00  0.000000e+00  0.000000e+00  0.000000e+00  0.000000e+00  0.000000e+00  0.000000e+00  0.000000e+00  0.000000e+00  0.000000e+00
9.456255e+04  0.000000e+00  0.000000e+00  0.000000e+00  0.000000e+00  0.000000e+00  0.000000e+00  0.000000e+00  0.000000e+00  0.000000e+00  0.000000e+00  0.000000e+00  0.000000e+00  0.000000e+00  0.000000e+00  0.000000e+00  0.000000e+00
1.061009e+05  0.000000e+00  0.000000e+00  0.000000e+00  0.000000e+00  0.000000e+00  0.000000e+00  0.000000e+00  0.000000e+00  0.000000e+00  0.000000e+00  0.000000e+00  0.000000e+00  0.000000e+00  0.000000e+00  0.000000e+00  0.000000e+00
1.190472e+05  0.000000e+00  0.000000e+00  0.000000e+00  0.000000e+00  0.000000e+00  0.000000e+00  0.000000e+00  0.000000e+00  0.000000e+00  0.000000e+00  0.000000e+00  0.000000e+00  0.000000e+00  0.000000e+00  0.000000e+00  0.000000e+00
1.335731e+05  0.000000e+00  0.000000e+00  0.000000e+00  0.000000e+00  0.000000e+00  0.000000e+00  0.000000e+00  0.000000e+00  0.000000e+00  0.000000e+00  0.000000e+00  0.000000e+00  0.000000e+00  0.000000e+00  0.000000e+00  0.000000e+00
1.498715e+05  0.000000e+00  0.000000e+00  0.000000e+00  0.000000e+00  0.000000e+00  0.000000e+00  0.000000e+00  0.000000e+00  0.000000e+00  0.000000e+00  0.000000e+00  0.000000e+00  0.000000e+00  0.000000e+00  0.000000e+00  0.000000e+00
1.681586e+05  0.000000e+00  0.000000e+00  0.000000e+00  0.000000e+00  0.000000e+00  0.000000e+00  0.000000e+00  0.000000e+00  0.000000e+00  0.000000e+00  0.000000e+00  0.000000e+00  0.000000e+00  0.000000e+00  0.000000e+00  0.000000e+00
1.886771e+05  0.000000e+00  0.000000e+00  0.000000e+00  0.000000e+00  0.000000e+00  0.000000e+00  0.000000e+00  0.000000e+00  0.000000e+00  0.000000e+00  0.000000e+00  0.000000e+00  0.000000e+00  0.000000e+00  0.000000e+00  0.000000e+00
2.116992e+05  0.000000e+00  0.000000e+00  0.000000e+00  0.000000e+00  0.000000e+00  0.000000e+00  0.000000e+00  0.000000e+00  0.000000e+00  0.000000e+00  0.000000e+00  0.000000e+00  0.000000e+00  0.000000e+00  0.000000e+00  0.000000e+00
2.375304e+05  0.000000e+00  0.000000e+00  0.000000e+00  0.000000e+00  0.000000e+00  0.000000e+00  0.000000e+00  0.000000e+00  0.000000e+00  0.000000e+00  0.000000e+00  0.000000e+00  0.000000e+00  0.000000e+00  0.000000e+00  0.000000e+00
2.665135e+05  0.000000e+00  0.000000e+00  0.000000e+00  0.000000e+00  0.000000e+00  0.000000e+00  0.000000e+00  0.000000e+00  0.000000e+00  0.000000e+00  0.000000e+00  0.000000e+00  0.000000e+00  0.000000e+00  0.000000e+00  0.000000e+00
2.990330e+05  0.000000e+00  0.000000e+00  0.000000e+00  0.000000e+00  0.000000e+00  0.000000e+00  0.000000e+00  0.000000e+00  0.000000e+00  0.000000e+00  0.000000e+00  0.000000e+00  0.000000e+00  0.000000e+00  0.000000e+00  0.000000e+00
3.355206e+05  0.000000e+00  0.000000e+00  0.000000e+00  0.000000e+00  0.000000e+00  0.000000e+00  0.000000e+00  0.000000e+00  0.000000e+00  0.000000e+00  0.000000e+00  0.000000e+00  0.000000e+00  0.000000e+00  0.000000e+00  0.000000e+00
3.764603e+05  0.000000e+00  0.000000e+00  0.000000e+00  0.000000e+00  0.000000e+00  0.000000e+00  0.000000e+00  0.000000e+00  0.000000e+00  0.000000e+00  0.000000e+00  0.000000e+00  0.000000e+00  0.000000e+00  0.000000e+00  0.000000e+00
4.223954e+05  0.000000e+00  0.000000e+00  0.000000e+00  0.000000e+00  0.000000e+00  0.000000e+00  0.000000e+00  0.000000e+00  0.000000e+00  0.000000e+00  0.000000e+00  0.000000e+00  0.000000e+00  0.000000e+00  0.000000e+00  0.000000e+00
4.739354e+05  0.000000e+00  0.000000e+00  0.000000e+00  0.000000e+00  0.000000e+00  0.000000e+00  0.000000e+00  0.000000e+00  0.000000e+00  0.000000e+00  0.000000e+00  0.000000e+00  0.000000e+00  0.000000e+00  0.000000e+00  0.000000e+00
5.317643e+05  0.000000e+00  0.000000e+00  0.000000e+00  0.000000e+00  0.000000e+00  0.000000e+00  0.000000e+00  0.000000e+00  0.000000e+00  0.000000e+00  0.000000e+00  0.000000e+00  0.000000e+00  0.000000e+00  0.000000e+00  0.000000e+00
5.966493e+05  0.000000e+00  0.000000e+00  0.000000e+00  0.000000e+00  0.000000e+00  0.000000e+00  0.000000e+00  0.000000e+00  0.000000e+00  0.000000e+00  0.000000e+00  0.000000e+00  0.000000e+00  0.000000e+00  0.000000e+00  0.000000e+00
6.694516e+05  0.000000e+00  0.000000e+00  0.000000e+00  0.000000e+00  0.000000e+00  0.000000e+00  0.000000e+00  0.000000e+00  0.000000e+00  0.000000e+00  0.000000e+00  0.000000e+00  0.000000e+00  0.000000e+00  0.000000e+00  0.000000e+00
7.511370e+05  0.000000e+00  0.000000e+00  0.000000e+00  0.000000e+00  0.000000e+00  0.000000e+00  0.000000e+00  0.000000e+00  0.000000e+00  0.000000e+00  0.000000e+00  0.000000e+00  0.000000e+00  0.000000e+00  0.000000e+00  0.000000e+00
8.427896e+05  0.000000e+00  0.000000e+00  0.000000e+00  0.000000e+00  0.000000e+00  0.000000e+00  0.000000e+00  0.000000e+00  0.000000e+00  0.000000e+00  0.000000e+00  0.000000e+00  0.000000e+00  0.000000e+00  0.000000e+00  0.000000e+00
9.456255e+05  0.000000e+00  0.000000e+00  0.000000e+00  0.000000e+00  0.000000e+00  0.000000e+00  0.000000e+00  0.000000e+00  0.000000e+00  0.000000e+00  0.000000e+00  0.000000e+00  0.000000e+00  0.000000e+00  0.000000e+00  0.000000e+00
