# dR/dEr [1/keV/kg/Myr]
# Er [keV], S, F, Ne, Cl, Na, Si, O, P, N, C, Al, Mg, Be, B, Ar, Li
1.061009e+01  6.202357e+01  5.023557e+01  0.000000e+00  0.000000e+00  2.332487e+01  0.000000e+00  3.860737e+00  0.000000e+00  0.000000e+00  0.000000e+00  0.000000e+00  0.000000e+00  6.804895e-01  0.000000e+00  0.000000e+00  0.000000e+00
1.190472e+01  2.155240e+01  7.446997e+00  0.000000e+00  0.000000e+00  6.897742e+00  0.000000e+00  0.000000e+00  0.000000e+00  0.000000e+00  0.000000e+00  0.000000e+00  0.000000e+00  0.000000e+00  0.000000e+00  0.000000e+00  0.000000e+00
1.335731e+01  3.186694e+01  6.756185e+00  0.000000e+00  0.000000e+00  0.000000e+00  0.000000e+00  0.000000e+00  0.000000e+00  0.000000e+00  0.000000e+00  0.000000e+00  0.000000e+00  0.000000e+00  0.000000e+00  0.000000e+00  0.000000e+00
1.498715e+01  7.945253e+00  1.168341e+01  0.000000e+00  0.000000e+00  3.698053e+00  0.000000e+00  1.289757e+00  0.000000e+00  0.000000e+00  0.000000e+00  0.000000e+00  0.000000e+00  0.000000e+00  0.000000e+00  0.000000e+00  0.000000e+00
1.681586e+01  1.965203e+01  1.123592e+01  2.823788e+00  0.000000e+00  5.603846e+00  1.149497e+00  0.000000e+00  0.000000e+00  0.000000e+00  0.000000e+00  0.000000e+00  0.000000e+00  0.000000e+00  0.000000e+00  0.000000e+00  0.000000e+00
1.886771e+01  1.341497e+01  1.177395e+01  0.000000e+00  0.000000e+00  2.516704e+00  0.000000e+00  0.000000e+00  0.000000e+00  0.000000e+00  0.000000e+00  0.000000e+00  0.000000e+00  0.000000e+00  0.000000e+00  0.000000e+00  0.000000e+00
2.116992e+01  1.386508e+01  1.370043e+01  0.000000e+00  0.000000e+00  2.740107e+00  0.000000e+00  1.192623e+00  0.000000e+00  0.000000e+00  0.000000e+00  2.157065e+00  0.000000e+00  0.000000e+00  0.000000e+00  0.000000e+00  0.000000e+00
2.375304e+01  2.561632e+01  4.963020e+00  4.151868e+00  0.000000e+00  8.312816e+00  0.000000e+00  1.999089e+00  0.000000e+00  0.000000e+00  0.000000e+00  0.000000e+00  0.000000e+00  0.000000e+00  0.000000e+00  0.000000e+00  0.000000e+00
2.665135e+01  2.335588e+01  1.382809e+01  9.473340e-01  2.978781e-01  1.499814e+00  0.000000e+00  0.000000e+00  3.781694e+00  0.000000e+00  0.000000e+00  0.000000e+00  0.000000e+00  0.000000e+00  0.000000e+00  0.000000e+00  0.000000e+00
2.990330e+01  2.592479e+01  1.180983e+01  1.138808e+00  0.000000e+00  3.579020e+00  0.000000e+00  1.490722e+00  0.000000e+00  0.000000e+00  0.000000e+00  7.508468e-01  0.000000e+00  2.617138e+00  0.000000e+00  0.000000e+00  0.000000e+00
3.355206e+01  3.331482e+01  9.854602e+00  1.256066e+00  0.000000e+00  2.481385e+00  0.000000e+00  4.470921e+00  0.000000e+00  0.000000e+00  0.000000e+00  2.402700e+00  0.000000e+00  3.335906e+00  0.000000e+00  0.000000e+00  0.000000e+00
3.764603e+01  3.939559e+01  9.566148e+00  4.056957e-02  6.706611e-01  6.447100e+00  0.000000e+00  3.055310e-01  0.000000e+00  0.000000e+00  0.000000e+00  0.000000e+00  0.000000e+00  6.254243e-02  0.000000e+00  0.000000e+00  0.000000e+00
4.223954e+01  3.447076e+01  1.711994e+01  1.323270e+00  0.000000e+00  8.378860e+00  0.000000e+00  9.709871e-01  0.000000e+00  0.000000e+00  0.000000e+00  1.134196e+00  0.000000e+00  9.221806e+00  0.000000e+00  0.000000e+00  0.000000e+00
4.739354e+01  4.635599e+01  1.849016e+01  5.327251e-01  1.421952e+00  2.207184e+00  0.000000e+00  1.914806e+00  0.000000e+00  0.000000e+00  0.000000e+00  0.000000e+00  0.000000e+00  3.677768e+00  0.000000e+00  0.000000e+00  0.000000e+00
5.317643e+01  4.207782e+01  9.909307e+00  1.313086e+00  0.000000e+00  6.750657e+00  0.000000e+00  2.539566e+00  0.000000e+00  0.000000e+00  0.000000e+00  8.587432e-01  0.000000e+00  0.000000e+00  0.000000e+00  0.000000e+00  0.000000e+00
5.966493e+01  5.384810e+01  2.019005e+01  1.465794e+00  7.471309e-01  5.287568e+00  0.000000e+00  3.914460e+00  0.000000e+00  0.000000e+00  0.000000e+00  1.128391e+00  0.000000e+00  4.695573e-01  0.000000e+00  0.000000e+00  0.000000e+00
6.694516e+01  6.010997e+01  1.696035e+01  2.469974e+00  0.000000e+00  7.673452e+00  0.000000e+00  8.278910e-01  0.000000e+00  5.438165e-01  0.000000e+00  1.611244e+00  0.000000e+00  2.248165e+01  0.000000e+00  0.000000e+00  0.000000e+00
7.511370e+01  6.312771e+01  2.380829e+01  3.011559e+00  8.184046e-01  5.143236e+00  0.000000e+00  1.894396e+00  0.000000e+00  0.000000e+00  0.000000e+00  7.441294e-01  0.000000e+00  6.473047e+03  0.000000e+00  0.000000e+00  0.000000e+00
8.427896e+01  7.990962e+01  2.502096e+01  1.395486e+00  2.272858e+00  6.730523e+00  0.000000e+00  4.198396e+00  0.000000e+00  0.000000e+00  0.000000e+00  0.000000e+00  0.000000e+00  7.836747e+03  0.000000e+00  0.000000e+00  0.000000e+00
9.456255e+01  7.802311e+01  1.966390e+01  2.513321e+00  9.598719e-01  7.268754e+00  0.000000e+00  9.727163e-01  0.000000e+00  3.917886e-01  0.000000e+00  6.795972e-03  0.000000e+00  5.996752e+03  0.000000e+00  0.000000e+00  0.000000e+00
1.061009e+02  9.031481e+01  2.633667e+01  1.882400e+00  3.270167e-01  8.436236e+00  0.000000e+00  1.616222e+00  0.000000e+00  0.000000e+00  6.345409e-01  1.420452e+00  0.000000e+00  4.501399e+03  0.000000e+00  0.000000e+00  0.000000e+00
1.190472e+02  9.723273e+01  3.355638e+01  3.362349e+00  5.838849e-01  9.484161e+00  0.000000e+00  1.290880e+00  0.000000e+00  1.623708e-01  9.060692e-01  3.936712e+03  0.000000e+00  3.332492e+03  0.000000e+00  3.919085e-01  0.000000e+00
1.335731e+02  1.095874e+02  3.495473e+01  2.930685e+00  1.143406e-02  9.362733e+00  0.000000e+00  1.399448e+00  0.000000e+00  0.000000e+00  0.000000e+00  3.324544e+03  0.000000e+00  2.469452e+03  0.000000e+00  0.000000e+00  0.000000e+00
1.498715e+02  2.648585e+02  4.119086e+01  1.731610e+00  5.644347e-01  5.084561e+00  0.000000e+00  3.583961e+00  0.000000e+00  3.346973e-01  6.965783e-01  2.484934e+03  0.000000e+00  1.849079e+03  0.000000e+00  0.000000e+00  0.000000e+00
1.681586e+02  3.787939e+02  4.247755e+01  2.649581e+00  5.603846e-01  5.138032e+00  3.821656e-03  3.484777e+00  0.000000e+00  5.897840e-01  0.000000e+00  1.880717e+03  0.000000e+00  1.359745e+03  0.000000e+00  0.000000e+00  0.000000e+00
1.886771e+02  2.232530e+02  4.811221e+01  2.037790e+00  5.437085e-01  1.015362e+01  2.362635e-01  3.686198e+00  1.736305e-01  1.736305e-01  0.000000e+00  1.373209e+03  0.000000e+00  9.798590e+02  0.000000e+00  0.000000e+00  0.000000e+00
2.116992e+02  9.855189e+01  6.123740e+01  2.428846e+00  1.652229e+00  4.890871e+00  1.547484e-01  2.384216e+00  0.000000e+00  0.000000e+00  3.035649e-03  1.099539e+03  0.000000e+00  6.746739e+02  0.000000e+00  7.214402e-03  0.000000e+00
2.375304e+02  7.211985e+01  2.980733e+02  3.602536e+00  1.261896e+00  6.638773e+00  6.198929e-02  3.225665e+00  2.936290e-01  0.000000e+00  8.137817e-02  8.206439e+02  0.000000e+00  4.997111e+02  0.000000e+00  2.831363e-01  0.000000e+00
2.665135e+02  5.966357e+01  2.495513e+02  3.509418e+00  1.299418e+00  9.706790e+00  1.581294e-01  2.330905e+00  0.000000e+00  1.229210e-01  3.585831e-01  5.950408e+02  0.000000e+00  3.376315e+02  0.000000e+00  0.000000e+00  0.000000e+00
2.990330e+02  3.774209e+01  3.913292e+01  1.963658e+00  7.160905e-01  7.238824e+00  6.997727e-02  4.400020e+00  3.313035e-03  7.873625e-03  1.238944e-01  4.526930e+02  0.000000e+00  2.504316e+02  0.000000e+00  0.000000e+00  0.000000e+00
3.355206e+02  3.391724e+01  3.592341e+01  2.364389e+00  1.043703e+00  7.469106e+00  9.763962e-02  3.097882e+00  8.777011e-02  7.524942e-02  3.451468e-01  3.387322e+02  8.350041e-02  1.810021e+02  0.000000e+00  0.000000e+00  1.607800e-02
3.764603e+02  2.259098e+01  2.675165e+01  3.262004e+00  1.329295e+00  8.199693e+00  2.548138e-01  2.180514e+00  0.000000e+00  1.119470e-01  0.000000e+00  2.174017e+02  0.000000e+00  1.294023e+02  0.000000e+00  0.000000e+00  0.000000e+00
4.223954e+02  1.461540e+01  2.346615e+01  1.867567e+00  1.108181e+00  7.197558e+00  6.211819e-02  2.825260e+00  3.272765e-01  7.990335e-02  2.589808e-01  1.672207e+02  0.000000e+00  6.730069e+01  0.000000e+00  3.615766e-03  0.000000e+00
4.739354e+02  1.246045e+01  1.959430e+01  2.710937e+00  1.530994e+00  6.383602e+00  1.953285e-01  3.352449e+00  3.173052e-01  2.126603e-01  0.000000e+00  1.083560e+02  0.000000e+00  4.712347e+01  2.126603e-01  0.000000e+00  0.000000e+00
5.317643e+02  1.018712e+01  1.331366e+01  3.119251e+00  8.179860e-01  6.085645e+00  1.754096e-01  2.282527e+00  3.232980e-01  3.263089e-01  1.624100e-01  9.040870e+01  0.000000e+00  3.550324e+01  1.208514e-03  1.264724e-01  0.000000e+00
5.966493e+02  9.153894e+00  1.211567e+01  3.202350e+00  1.768548e+00  5.895047e+00  3.073255e-01  2.683282e+00  3.060650e-01  1.231193e-01  1.311676e-01  6.184860e+01  0.000000e+00  2.461197e+01  0.000000e+00  3.946160e-03  0.000000e+00
6.694516e+02  7.320164e+00  1.041905e+01  3.759979e+00  2.285354e+00  5.846011e+00  2.619469e-01  2.958274e+00  1.685546e-01  1.338828e-01  8.325571e-02  4.288691e+01  0.000000e+00  1.522150e+01  0.000000e+00  0.000000e+00  0.000000e+00
7.511370e+02  5.859664e+00  8.068903e+00  2.510272e+00  1.806829e+00  3.809222e+00  8.142748e-02  2.208270e+00  2.139786e-01  2.093842e-01  5.690100e-02  2.962268e+01  0.000000e+00  1.000821e+01  0.000000e+00  0.000000e+00  0.000000e+00
8.427896e+02  3.838517e+00  7.072695e+00  2.296298e+00  1.708240e+00  4.464345e+00  1.092348e-01  2.496867e+00  7.996224e-02  5.757987e-02  2.639927e-01  1.541222e+01  0.000000e+00  5.310786e+00  0.000000e+00  1.241763e-01  0.000000e+00
9.456255e+02  3.865497e+00  5.383875e+00  3.065340e+00  1.374176e+00  3.662001e+00  2.325783e-01  2.623424e+00  2.341132e-01  0.000000e+00  1.821951e-01  1.336513e+01  8.395345e-03  3.772889e+00  0.000000e+00  0.000000e+00  0.000000e+00
1.061009e+03  3.437186e+00  3.782903e+00  2.949688e+00  1.933626e+00  3.097283e+00  2.241093e-01  2.324825e+00  1.936884e-01  3.919049e-01  9.609006e-02  9.167064e+00  0.000000e+00  1.587308e+00  4.179486e-02  2.640515e-02  0.000000e+00
1.190472e+03  2.379783e+00  3.263796e+00  2.645746e+00  1.982775e+00  2.000933e+00  2.649725e-01  1.535795e+00  2.910062e-01  1.111899e-01  2.989910e-01  5.569486e+00  0.000000e+00  1.460524e+00  0.000000e+00  0.000000e+00  0.000000e+00
1.335731e+03  2.334821e+00  3.136685e+00  2.236090e+00  1.436035e+00  1.724540e+00  1.632715e-01  1.801959e+00  1.278367e-01  2.235275e-01  7.635015e-02  2.631304e+00  0.000000e+00  6.504065e-01  7.834994e-02  0.000000e+00  0.000000e+00
1.498715e+03  1.465530e+00  2.303049e+00  1.721165e+00  1.717869e+00  1.330014e+00  4.443516e-01  1.744328e+00  3.777432e-01  3.604290e-01  1.431464e-01  1.417911e+00  7.674592e-03  8.302683e-01  0.000000e+00  0.000000e+00  1.553330e-02
1.681586e+03  7.506105e-01  2.312227e+00  1.462624e+00  1.410912e+00  1.629886e+00  1.928319e-01  1.189242e+00  2.939500e-01  2.683517e-01  2.275630e-01  1.637111e+00  0.000000e+00  3.900412e-01  6.576707e-02  0.000000e+00  3.207983e-03
1.886771e+03  9.939731e-01  1.519000e+00  1.540614e+00  1.664182e+00  1.353069e+00  2.490177e-01  1.063462e+00  2.826197e-01  1.759957e-01  2.181568e-01  8.167427e-01  5.486029e-02  2.233637e-02  9.201040e-02  1.913337e-03  0.000000e+00
2.116992e+03  6.709709e-01  1.576407e+00  9.411702e-01  1.052059e+00  5.737963e-01  2.056800e-01  8.650826e-01  2.395202e-01  7.639643e-02  1.473494e-01  4.693002e-01  2.852597e-02  1.653875e-01  7.214402e-04  0.000000e+00  7.214402e-04
2.375304e+03  3.660488e-01  8.671934e-01  9.766947e-01  1.618678e+00  6.556383e-01  4.018912e-01  7.947422e-01  1.926075e-01  1.077613e-01  5.964324e-02  4.952980e-01  4.170864e-04  0.000000e+00  1.922487e-02  0.000000e+00  2.861445e-02
2.665135e+03  3.459552e-01  7.270042e-01  7.395108e-01  1.490562e+00  3.214922e-01  1.841866e-01  5.034314e-01  3.695553e-01  9.656409e-02  2.006189e-01  3.097710e-01  8.197859e-02  4.419068e-02  2.936477e-02  0.000000e+00  4.478836e-02
2.990330e+03  1.261032e-01  5.132854e-01  5.163222e-01  1.103635e+00  2.574259e-01  2.931776e-01  3.710467e-01  2.104374e-01  1.536074e-01  1.528302e-01  2.503736e-01  3.456573e-02  0.000000e+00  2.695874e-02  0.000000e+00  6.881738e-02
3.355206e+03  1.056478e-01  6.174119e-01  6.000300e-01  1.184046e+00  1.302127e-01  2.730716e-01  1.939176e-01  1.544100e-01  8.237651e-02  1.121578e-01  7.658713e-02  4.125895e-02  2.705162e-02  6.691929e-03  0.000000e+00  6.467345e-04
3.764603e+03  3.899015e-02  2.487406e-01  4.344172e-01  7.174526e-01  1.088438e-01  2.781414e-01  1.306502e-01  1.123006e-01  8.312668e-02  1.422748e-01  1.189319e-01  1.793927e-02  1.707071e-04  2.926427e-02  0.000000e+00  5.896578e-02
4.223954e+03  1.224461e-02  1.530056e-01  2.055740e-01  5.554035e-01  6.319267e-02  1.135032e-01  1.217665e-01  1.524574e-01  9.925040e-02  1.106436e-01  8.321500e-02  2.725594e-02  0.000000e+00  3.538343e-02  0.000000e+00  3.679367e-02
4.739354e+03  1.179366e-02  1.468010e-01  2.231319e-01  5.550389e-01  5.641899e-02  1.413665e-01  4.056255e-02  1.214061e-01  4.992358e-02  7.403327e-02  6.871845e-02  2.640039e-02  7.617131e-04  3.635583e-03  0.000000e+00  1.565910e-02
5.317643e+03  2.410570e-02  1.473076e-01  1.834955e-01  3.324285e-01  1.557107e-02  1.228326e-01  2.135620e-02  2.012029e-01  8.887107e-02  9.125767e-02  4.566812e-02  3.048474e-02  0.000000e+00  3.823821e-02  0.000000e+00  3.394759e-02
5.966493e+03  1.955057e-02  7.629257e-02  1.088363e-01  2.372174e-01  2.336076e-02  1.283718e-01  2.746359e-02  1.222720e-01  4.821373e-02  7.442371e-02  3.507171e-03  9.881070e-03  0.000000e+00  1.188896e-02  0.000000e+00  1.745560e-02
6.694516e+03  1.479878e-04  5.788433e-02  8.073723e-02  1.894490e-01  1.158601e-02  2.083903e-01  1.398453e-02  6.958653e-02  5.788428e-02  6.947254e-02  5.392959e-02  3.857330e-02  0.000000e+00  9.303066e-03  0.000000e+00  8.058090e-04
7.511370e+03  5.261109e-03  4.946783e-02  6.095195e-02  8.930686e-02  1.671865e-02  1.208650e-01  2.576032e-02  6.520832e-02  1.440996e-02  3.960702e-02  5.092150e-03  1.928864e-02  0.000000e+00  1.930293e-03  0.000000e+00  4.934619e-02
8.427896e+03  7.988396e-03  4.728623e-02  3.047733e-02  5.352989e-02  1.047128e-02  1.575501e-01  2.169181e-02  1.333096e-01  2.177326e-02  2.243347e-02  2.559713e-02  3.073855e-02  0.000000e+00  1.221340e-03  0.000000e+00  1.590012e-02
9.456255e+03  0.000000e+00  1.226689e-02  3.113557e-02  9.206670e-02  9.687678e-03  9.770743e-02  1.615104e-04  5.061519e-02  2.832128e-02  1.792754e-02  4.317537e-02  4.089466e-02  0.000000e+00  1.672503e-02  0.000000e+00  2.374386e-03
1.061009e+04  0.000000e+00  2.443689e-02  1.032743e-02  5.570021e-02  4.447857e-03  7.803578e-02  1.716988e-02  2.729154e-02  2.338083e-03  2.481359e-02  2.931416e-02  2.036773e-02  0.000000e+00  9.337400e-05  0.000000e+00  1.520142e-02
1.190472e+04  0.000000e+00  5.147554e-04  4.531397e-04  3.254164e-02  0.000000e+00  2.911476e-02  5.398233e-05  5.302371e-03  1.664393e-04  2.623895e-02  2.919795e-02  8.338047e-03  0.000000e+00  6.116210e-03  0.000000e+00  1.068209e-02
1.335731e+04  0.000000e+00  1.123271e-02  1.488635e-02  3.674520e-02  0.000000e+00  1.928273e-02  1.762685e-04  1.017473e-02  1.614708e-03  2.089743e-02  1.382521e-02  5.183842e-03  0.000000e+00  0.000000e+00  0.000000e+00  9.714776e-03
1.498715e+04  0.000000e+00  7.264967e-03  7.674592e-04  5.635718e-03  0.000000e+00  1.489046e-02  0.000000e+00  1.460783e-02  1.869341e-03  4.733080e-03  2.038123e-04  8.479835e-03  0.000000e+00  1.680099e-04  0.000000e+00  1.307563e-02
1.681586e+04  0.000000e+00  1.840102e-03  5.891501e-05  3.161103e-03  0.000000e+00  2.421338e-02  3.821656e-05  4.010689e-03  0.000000e+00  6.839987e-04  4.721050e-04  4.608134e-04  0.000000e+00  1.128038e-02  0.000000e+00  1.086085e-02
1.886771e+04  0.000000e+00  2.830967e-03  0.000000e+00  5.500633e-03  0.000000e+00  1.466663e-02  0.000000e+00  1.136181e-02  0.000000e+00  0.000000e+00  7.327905e-03  6.003907e-03  0.000000e+00  9.320772e-03  0.000000e+00  1.258731e-02
2.116992e+04  0.000000e+00  3.035649e-05  0.000000e+00  6.008653e-03  0.000000e+00  1.415744e-04  0.000000e+00  3.180238e-03  0.000000e+00  0.000000e+00  0.000000e+00  4.760870e-03  0.000000e+00  1.230193e-02  0.000000e+00  3.180238e-03
2.375304e+04  0.000000e+00  0.000000e+00  0.000000e+00  2.705525e-05  0.000000e+00  3.814475e-03  2.271078e-04  8.809616e-04  0.000000e+00  1.179475e-03  3.294781e-03  8.341727e-05  0.000000e+00  0.000000e+00  0.000000e+00  7.755487e-03
2.665135e+04  0.000000e+00  2.024101e-04  0.000000e+00  4.098451e-03  0.000000e+00  0.000000e+00  0.000000e+00  0.000000e+00  0.000000e+00  1.354539e-04  0.000000e+00  0.000000e+00  0.000000e+00  0.000000e+00  0.000000e+00  2.024101e-04
2.990330e+04  0.000000e+00  0.000000e+00  0.000000e+00  1.217454e-03  0.000000e+00  0.000000e+00  0.000000e+00  0.000000e+00  0.000000e+00  0.000000e+00  0.000000e+00  1.917226e-03  0.000000e+00  3.316910e-03  0.000000e+00  1.923790e-03
3.355206e+04  0.000000e+00  0.000000e+00  0.000000e+00  0.000000e+00  0.000000e+00  0.000000e+00  0.000000e+00  0.000000e+00  0.000000e+00  0.000000e+00  0.000000e+00  4.551980e-05  0.000000e+00  2.004452e-03  0.000000e+00  2.151897e-04
3.764603e+04  0.000000e+00  0.000000e+00  0.000000e+00  3.055310e-04  0.000000e+00  0.000000e+00  0.000000e+00  0.000000e+00  0.000000e+00  0.000000e+00  0.000000e+00  9.670577e-04  0.000000e+00  3.055310e-04  0.000000e+00  1.707071e-05
4.223954e+04  0.000000e+00  0.000000e+00  0.000000e+00  1.879484e-04  0.000000e+00  0.000000e+00  0.000000e+00  3.634743e-03  0.000000e+00  0.000000e+00  0.000000e+00  1.157650e-03  0.000000e+00  0.000000e+00  0.000000e+00  0.000000e+00
4.739354e+04  0.000000e+00  0.000000e+00  0.000000e+00  0.000000e+00  0.000000e+00  0.000000e+00  0.000000e+00  1.355975e-05  0.000000e+00  0.000000e+00  0.000000e+00  1.810689e-04  0.000000e+00  7.681612e-04  0.000000e+00  0.000000e+00
5.317643e+04  0.000000e+00  0.000000e+00  0.000000e+00  0.000000e+00  0.000000e+00  0.000000e+00  0.000000e+00  0.000000e+00  0.000000e+00  0.000000e+00  0.000000e+00  0.000000e+00  0.000000e+00  0.000000e+00  0.000000e+00  0.000000e+00
5.966493e+04  0.000000e+00  0.000000e+00  0.000000e+00  0.000000e+00  0.000000e+00  0.000000e+00  0.000000e+00  0.000000e+00  0.000000e+00  0.000000e+00  0.000000e+00  0.000000e+00  0.000000e+00  0.000000e+00  0.000000e+00  0.000000e+00
6.694516e+04  0.000000e+00  0.000000e+00  0.000000e+00  0.000000e+00  0.000000e+00  0.000000e+00  0.000000e+00  0.000000e+00  0.000000e+00  0.000000e+00  0.000000e+00  0.000000e+00  0.000000e+00  0.000000e+00  0.000000e+00  3.221766e-04
7.511370e+04  0.000000e+00  0.000000e+00  0.000000e+00  0.000000e+00  0.000000e+00  0.000000e+00  0.000000e+00  0.000000e+00  0.000000e+00  0.000000e+00  0.000000e+00  0.000000e+00  0.000000e+00  0.000000e+00  0.000000e+00  1.440996e-03
8.427896e+04  0.000000e+00  0.000000e+00  0.000000e+00  0.000000e+00  0.000000e+00  0.000000e+00  0.000000e+00  0.000000e+00  0.000000e+00  0.000000e+00  0.000000e+00  0.000000e+00  0.000000e+00  0.000000e+00  0.000000e+00  0.000000e+00
9.456255e+04  0.000000e+00  0.000000e+00  0.000000e+00  0.000000e+00  0.000000e+00  0.000000e+00  0.000000e+00  0.000000e+00  0.000000e+00  0.000000e+00  0.000000e+00  0.000000e+00  0.000000e+00  0.000000e+00  0.000000e+00  0.000000e+00
1.061009e+05  0.000000e+00  0.000000e+00  0.000000e+00  0.000000e+00  0.000000e+00  0.000000e+00  0.000000e+00  0.000000e+00  0.000000e+00  0.000000e+00  0.000000e+00  0.000000e+00  0.000000e+00  0.000000e+00  0.000000e+00  0.000000e+00
1.190472e+05  0.000000e+00  0.000000e+00  0.000000e+00  0.000000e+00  0.000000e+00  0.000000e+00  0.000000e+00  0.000000e+00  0.000000e+00  0.000000e+00  0.000000e+00  0.000000e+00  0.000000e+00  0.000000e+00  0.000000e+00  0.000000e+00
1.335731e+05  0.000000e+00  0.000000e+00  0.000000e+00  0.000000e+00  0.000000e+00  0.000000e+00  0.000000e+00  0.000000e+00  0.000000e+00  0.000000e+00  0.000000e+00  0.000000e+00  0.000000e+00  0.000000e+00  0.000000e+00  0.000000e+00
1.498715e+05  0.000000e+00  0.000000e+00  0.000000e+00  0.000000e+00  0.000000e+00  0.000000e+00  0.000000e+00  0.000000e+00  0.000000e+00  0.000000e+00  0.000000e+00  0.000000e+00  0.000000e+00  0.000000e+00  0.000000e+00  0.000000e+00
1.681586e+05  0.000000e+00  0.000000e+00  0.000000e+00  0.000000e+00  0.000000e+00  0.000000e+00  0.000000e+00  0.000000e+00  0.000000e+00  0.000000e+00  0.000000e+00  0.000000e+00  0.000000e+00  0.000000e+00  0.000000e+00  0.000000e+00
1.886771e+05  0.000000e+00  0.000000e+00  0.000000e+00  0.000000e+00  0.000000e+00  0.000000e+00  0.000000e+00  0.000000e+00  0.000000e+00  0.000000e+00  0.000000e+00  0.000000e+00  0.000000e+00  0.000000e+00  0.000000e+00  0.000000e+00
2.116992e+05  0.000000e+00  0.000000e+00  0.000000e+00  0.000000e+00  0.000000e+00  0.000000e+00  0.000000e+00  0.000000e+00  0.000000e+00  0.000000e+00  0.000000e+00  0.000000e+00  0.000000e+00  0.000000e+00  0.000000e+00  0.000000e+00
2.375304e+05  0.000000e+00  0.000000e+00  0.000000e+00  0.000000e+00  0.000000e+00  0.000000e+00  0.000000e+00  0.000000e+00  0.000000e+00  0.000000e+00  0.000000e+00  0.000000e+00  0.000000e+00  0.000000e+00  0.000000e+00  0.000000e+00
2.665135e+05  0.000000e+00  0.000000e+00  0.000000e+00  0.000000e+00  0.000000e+00  0.000000e+00  0.000000e+00  0.000000e+00  0.000000e+00  0.000000e+00  0.000000e+00  0.000000e+00  0.000000e+00  0.000000e+00  0.000000e+00  0.000000e+00
2.990330e+05  0.000000e+00  0.000000e+00  0.000000e+00  0.000000e+00  0.000000e+00  0.000000e+00  0.000000e+00  0.000000e+00  0.000000e+00  0.000000e+00  0.000000e+00  0.000000e+00  0.000000e+00  0.000000e+00  0.000000e+00  0.000000e+00
3.355206e+05  0.000000e+00  0.000000e+00  0.000000e+00  0.000000e+00  0.000000e+00  0.000000e+00  0.000000e+00  0.000000e+00  0.000000e+00  0.000000e+00  0.000000e+00  0.000000e+00  0.000000e+00  0.000000e+00  0.000000e+00  0.000000e+00
3.764603e+05  0.000000e+00  0.000000e+00  0.000000e+00  0.000000e+00  0.000000e+00  0.000000e+00  0.000000e+00  0.000000e+00  0.000000e+00  0.000000e+00  0.000000e+00  0.000000e+00  0.000000e+00  0.000000e+00  0.000000e+00  0.000000e+00
4.223954e+05  0.000000e+00  0.000000e+00  0.000000e+00  0.000000e+00  0.000000e+00  0.000000e+00  0.000000e+00  0.000000e+00  0.000000e+00  0.000000e+00  0.000000e+00  0.000000e+00  0.000000e+00  0.000000e+00  0.000000e+00  0.000000e+00
4.739354e+05  0.000000e+00  0.000000e+00  0.000000e+00  0.000000e+00  0.000000e+00  0.000000e+00  0.000000e+00  0.000000e+00  0.000000e+00  0.000000e+00  0.000000e+00  0.000000e+00  0.000000e+00  0.000000e+00  0.000000e+00  0.000000e+00
5.317643e+05  0.000000e+00  0.000000e+00  0.000000e+00  0.000000e+00  0.000000e+00  0.000000e+00  0.000000e+00  0.000000e+00  0.000000e+00  0.000000e+00  0.000000e+00  0.000000e+00  0.000000e+00  0.000000e+00  0.000000e+00  0.000000e+00
5.966493e+05  0.000000e+00  0.000000e+00  0.000000e+00  0.000000e+00  0.000000e+00  0.000000e+00  0.000000e+00  0.000000e+00  0.000000e+00  0.000000e+00  0.000000e+00  0.000000e+00  0.000000e+00  0.000000e+00  0.000000e+00  0.000000e+00
6.694516e+05  0.000000e+00  0.000000e+00  0.000000e+00  0.000000e+00  0.000000e+00  0.000000e+00  0.000000e+00  0.000000e+00  0.000000e+00  0.000000e+00  0.000000e+00  0.000000e+00  0.000000e+00  0.000000e+00  0.000000e+00  0.000000e+00
7.511370e+05  0.000000e+00  0.000000e+00  0.000000e+00  0.000000e+00  0.000000e+00  0.000000e+00  0.000000e+00  0.000000e+00  0.000000e+00  0.000000e+00  0.000000e+00  0.000000e+00  0.000000e+00  0.000000e+00  0.000000e+00  0.000000e+00
8.427896e+05  0.000000e+00  0.000000e+00  0.000000e+00  0.000000e+00  0.000000e+00  0.000000e+00  0.000000e+00  0.000000e+00  0.000000e+00  0.000000e+00  0.000000e+00  0.000000e+00  0.000000e+00  0.000000e+00  0.000000e+00  0.000000e+00
9.456255e+05  0.000000e+00  0.000000e+00  0.000000e+00  0.000000e+00  0.000000e+00  0.000000e+00  0.000000e+00  0.000000e+00  0.000000e+00  0.000000e+00  0.000000e+00  0.000000e+00  0.000000e+00  0.000000e+00  0.000000e+00  0.000000e+00
