# dR/dEr [1/keV/kg/Myr]
# Er [keV], S, F, Ne, Cl, Na, Si, O, P, N, C, Al, Mg, Be, B, Ar, Li
1.061009e+01  7.998642e-03  8.050316e-03  0.000000e+00  0.000000e+00  5.383006e-03  0.000000e+00  3.786261e-04  0.000000e+00  0.000000e+00  0.000000e+00  0.000000e+00  0.000000e+00  2.257935e-03  0.000000e+00  0.000000e+00  0.000000e+00
1.190472e+01  1.294198e-03  2.284466e-03  0.000000e+00  0.000000e+00  4.169584e-04  0.000000e+00  0.000000e+00  0.000000e+00  0.000000e+00  0.000000e+00  0.000000e+00  0.000000e+00  0.000000e+00  0.000000e+00  0.000000e+00  0.000000e+00
1.335731e+01  2.011468e-03  1.969051e-03  0.000000e+00  0.000000e+00  0.000000e+00  0.000000e+00  0.000000e+00  0.000000e+00  0.000000e+00  0.000000e+00  0.000000e+00  0.000000e+00  0.000000e+00  0.000000e+00  0.000000e+00  0.000000e+00
1.498715e+01  4.768055e-04  1.914976e-03  0.000000e+00  0.000000e+00  1.731823e-03  0.000000e+00  7.518502e-05  0.000000e+00  0.000000e+00  0.000000e+00  0.000000e+00  0.000000e+00  0.000000e+00  0.000000e+00  0.000000e+00  0.000000e+00
1.681586e+01  1.179696e-03  9.952405e-04  1.682717e-04  0.000000e+00  3.406725e-04  6.700872e-05  0.000000e+00  0.000000e+00  0.000000e+00  0.000000e+00  0.000000e+00  0.000000e+00  0.000000e+00  0.000000e+00  0.000000e+00  0.000000e+00
1.886771e+01  8.022734e-04  9.080334e-04  0.000000e+00  0.000000e+00  1.499723e-04  0.000000e+00  0.000000e+00  0.000000e+00  0.000000e+00  0.000000e+00  0.000000e+00  0.000000e+00  0.000000e+00  0.000000e+00  0.000000e+00  0.000000e+00
2.116992e+01  1.394736e-03  1.696646e-03  0.000000e+00  0.000000e+00  1.642464e-04  0.000000e+00  7.064129e-05  0.000000e+00  0.000000e+00  0.000000e+00  1.202565e-03  0.000000e+00  0.000000e+00  0.000000e+00  0.000000e+00  0.000000e+00
2.375304e+01  2.501228e-03  2.991908e-04  4.080405e-04  0.000000e+00  9.602216e-04  0.000000e+00  1.191273e-04  0.000000e+00  0.000000e+00  0.000000e+00  0.000000e+00  0.000000e+00  0.000000e+00  0.000000e+00  0.000000e+00  0.000000e+00
2.665135e+01  2.225906e-03  2.395520e-03  5.611237e-05  8.677035e-04  8.793146e-05  0.000000e+00  0.000000e+00  6.407735e-04  0.000000e+00  0.000000e+00  0.000000e+00  0.000000e+00  0.000000e+00  0.000000e+00  0.000000e+00  0.000000e+00
2.990330e+01  2.491595e-03  7.547567e-04  6.604057e-05  0.000000e+00  1.709039e-03  0.000000e+00  8.769198e-05  0.000000e+00  0.000000e+00  0.000000e+00  8.546827e-04  0.000000e+00  7.654087e-04  0.000000e+00  0.000000e+00  0.000000e+00
3.355206e+01  2.825912e-03  1.041234e-03  7.809597e-05  0.000000e+00  1.482041e-04  0.000000e+00  4.804881e-04  0.000000e+00  0.000000e+00  0.000000e+00  8.679203e-04  0.000000e+00  2.179768e-03  0.000000e+00  0.000000e+00  0.000000e+00
3.764603e+01  4.487778e-03  2.783875e-03  8.579286e-05  3.972452e-05  1.422313e-03  0.000000e+00  5.959539e-04  0.000000e+00  0.000000e+00  0.000000e+00  0.000000e+00  0.000000e+00  1.655491e-04  0.000000e+00  0.000000e+00  0.000000e+00
4.223954e+01  3.544833e-03  1.712437e-03  5.969363e-04  0.000000e+00  5.966614e-04  0.000000e+00  2.008991e-04  0.000000e+00  0.000000e+00  0.000000e+00  1.124038e-03  0.000000e+00  1.489284e-03  0.000000e+00  0.000000e+00  0.000000e+00
4.739354e+01  3.781586e-03  1.257977e-03  3.155431e-05  8.684202e-05  6.088629e-04  0.000000e+00  1.131386e-04  0.000000e+00  0.000000e+00  0.000000e+00  0.000000e+00  0.000000e+00  1.665698e-03  0.000000e+00  0.000000e+00  0.000000e+00
5.317643e+01  3.656912e-03  6.113372e-04  7.743563e-05  0.000000e+00  1.601176e-03  0.000000e+00  1.496286e-04  0.000000e+00  0.000000e+00  0.000000e+00  4.787498e-04  0.000000e+00  0.000000e+00  0.000000e+00  0.000000e+00  0.000000e+00
5.966493e+01  4.132521e-03  2.435032e-03  8.670295e-05  4.395010e-05  1.007064e-03  0.000000e+00  1.463308e-03  0.000000e+00  0.000000e+00  0.000000e+00  4.075396e-04  0.000000e+00  4.015874e-04  0.000000e+00  0.000000e+00  0.000000e+00
6.694516e+01  5.039093e-03  2.309339e-03  1.469811e-04  0.000000e+00  5.870545e-04  0.000000e+00  3.877069e-04  0.000000e+00  3.740908e-04  0.000000e+00  2.016738e-04  0.000000e+00  4.455529e-03  0.000000e+00  0.000000e+00  0.000000e+00
7.511370e+01  5.794075e-03  2.166807e-03  4.403709e-04  4.988557e-05  5.003510e-04  0.000000e+00  1.160593e-04  0.000000e+00  0.000000e+00  0.000000e+00  3.356820e-04  0.000000e+00  1.677094e+00  0.000000e+00  0.000000e+00  0.000000e+00
8.427896e+01  5.890940e-03  2.121523e-03  8.390763e-05  4.088411e-04  5.326739e-04  0.000000e+00  4.893977e-04  0.000000e+00  0.000000e+00  0.000000e+00  0.000000e+00  0.000000e+00  1.996213e+00  0.000000e+00  0.000000e+00  0.000000e+00
9.456255e+01  6.544916e-03  1.570182e-03  2.472904e-04  5.772577e-05  1.251379e-03  0.000000e+00  1.235392e-04  0.000000e+00  2.740088e-04  0.000000e+00  9.172759e-06  0.000000e+00  1.533379e+00  0.000000e+00  0.000000e+00  0.000000e+00
1.061009e+02  6.523428e-03  2.681044e-03  5.309695e-04  2.678799e-05  7.957411e-04  0.000000e+00  2.919997e-04  0.000000e+00  0.000000e+00  2.291764e-04  2.434192e-04  0.000000e+00  1.121673e+00  0.000000e+00  0.000000e+00  0.000000e+00
1.190472e+02  6.634664e-03  3.482666e-03  2.341479e-04  2.176648e-04  1.612913e-03  0.000000e+00  1.978602e-04  0.000000e+00  9.465234e-06  1.134095e-04  9.785955e-01  0.000000e+00  8.548914e-01  0.000000e+00  2.279094e-04  0.000000e+00
1.335731e+02  7.880764e-03  3.265311e-03  4.857389e-04  2.417971e-05  1.064755e-03  0.000000e+00  1.387557e-04  0.000000e+00  0.000000e+00  0.000000e+00  8.356287e-01  0.000000e+00  6.397656e-01  0.000000e+00  0.000000e+00  0.000000e+00
1.498715e+02  1.741412e-02  3.594201e-03  1.246444e-04  5.592096e-05  5.055356e-04  0.000000e+00  6.753876e-04  0.000000e+00  1.647339e-04  1.938722e-04  6.272325e-01  0.000000e+00  4.813105e-01  0.000000e+00  0.000000e+00  0.000000e+00
1.681586e+02  2.439920e-02  5.211278e-03  2.323124e-04  3.406725e-05  8.248705e-04  5.158222e-06  6.420193e-04  0.000000e+00  1.850666e-04  0.000000e+00  4.909748e-01  0.000000e+00  3.407465e-01  0.000000e+00  0.000000e+00  0.000000e+00
1.886771e+02  1.573346e-02  3.913633e-03  2.564685e-04  3.232699e-05  1.104341e-03  1.389824e-05  6.324194e-04  1.050267e-05  1.050267e-05  0.000000e+00  3.608389e-01  0.000000e+00  2.447984e-01  0.000000e+00  0.000000e+00  0.000000e+00
2.116992e+02  7.989252e-03  5.390234e-03  2.641547e-04  1.749665e-04  7.266430e-04  9.360512e-06  3.456438e-04  0.000000e+00  0.000000e+00  4.097321e-06  2.852329e-01  0.000000e+00  1.740736e-01  0.000000e+00  1.525637e-05  0.000000e+00
2.375304e+02  5.660236e-03  1.917006e-02  4.068226e-04  1.713626e-04  1.159059e-03  3.570160e-06  6.024236e-04  4.356502e-05  0.000000e+00  4.743854e-06  2.102730e-01  0.000000e+00  1.325005e-01  0.000000e+00  1.911030e-05  0.000000e+00
2.665135e+02  4.988149e-03  1.642986e-02  5.009284e-04  1.662612e-04  1.284326e-03  9.831700e-06  4.217082e-04  0.000000e+00  7.435319e-06  7.182409e-05  1.516393e-01  0.000000e+00  8.654763e-02  0.000000e+00  0.000000e+00  0.000000e+00
2.990330e+02  4.236057e-03  3.504577e-03  1.958122e-04  1.159674e-04  1.098361e-03  7.466759e-05  5.750861e-04  5.597261e-06  2.084139e-05  8.664918e-05  1.176000e-01  0.000000e+00  6.317842e-02  0.000000e+00  0.000000e+00  0.000000e+00
3.355206e+02  3.704366e-03  3.684401e-03  1.979601e-04  1.664203e-04  9.741180e-04  5.906084e-06  2.987777e-04  5.054960e-06  4.457164e-06  1.091634e-04  8.609353e-02  7.141347e-05  4.552871e-02  0.000000e+00  0.000000e+00  6.321879e-05
3.764603e+02  2.826745e-03  2.666761e-03  4.246179e-04  1.919601e-04  7.724119e-04  2.102993e-04  3.393716e-04  0.000000e+00  6.960310e-06  0.000000e+00  5.795439e-02  0.000000e+00  3.201296e-02  0.000000e+00  0.000000e+00  0.000000e+00
4.223954e+02  1.891567e-03  2.614458e-03  1.845105e-04  1.551242e-04  8.943560e-04  7.503009e-06  3.346698e-04  1.171657e-04  8.653926e-06  3.960944e-05  4.185776e-02  0.000000e+00  1.780380e-02  0.000000e+00  7.646297e-06  0.000000e+00
4.739354e+02  1.769672e-03  2.271197e-03  2.934179e-04  1.882090e-04  7.074836e-04  5.446163e-05  6.044861e-04  3.859676e-05  3.603334e-05  0.000000e+00  2.857225e-02  0.000000e+00  1.284715e-02  3.603334e-05  0.000000e+00  0.000000e+00
5.317643e+02  1.592528e-03  2.338911e-03  5.235032e-04  9.680622e-05  5.642339e-04  2.195596e-05  2.756999e-04  7.167808e-05  4.024825e-05  9.508966e-05  2.461759e-02  0.000000e+00  9.087268e-03  1.631173e-06  8.536259e-06  0.000000e+00
5.966493e+02  1.538976e-03  2.037054e-03  4.340106e-04  3.945037e-04  5.393628e-04  6.752946e-05  4.929543e-04  4.891681e-05  4.540136e-05  3.836131e-05  1.613542e-02  0.000000e+00  5.947328e-03  0.000000e+00  1.044544e-05  0.000000e+00
6.694516e+02  1.208134e-03  1.934368e-03  5.955023e-04  3.843678e-04  6.220954e-04  3.099344e-05  4.131358e-04  1.965149e-05  8.140865e-06  3.909226e-05  1.088273e-02  0.000000e+00  3.725437e-03  0.000000e+00  0.000000e+00  0.000000e+00
7.511370e+02  1.000778e-03  1.277097e-03  3.627703e-04  2.594033e-04  4.380630e-04  8.846126e-05  3.102404e-04  4.307180e-05  3.931788e-05  3.302821e-05  7.153989e-03  0.000000e+00  2.906868e-03  0.000000e+00  0.000000e+00  0.000000e+00
8.427896e+02  9.067258e-04  1.259100e-03  3.636916e-04  1.714840e-04  5.137412e-04  6.468891e-06  3.071268e-04  4.883486e-06  3.566229e-05  8.850157e-05  4.048604e-03  0.000000e+00  1.601246e-03  0.000000e+00  1.363955e-05  0.000000e+00
9.456255e+02  7.260855e-04  9.975007e-04  4.170180e-04  1.744167e-04  5.031845e-04  4.595780e-05  2.709806e-04  2.232394e-05  0.000000e+00  8.457007e-05  3.438785e-03  2.445521e-05  9.652624e-04  0.000000e+00  0.000000e+00  0.000000e+00
1.061009e+03  6.904928e-04  6.959824e-04  4.584501e-04  3.062947e-04  3.929435e-04  3.589342e-05  2.960422e-04  3.266884e-05  6.389266e-05  3.961045e-05  2.545330e-03  0.000000e+00  5.199668e-04  4.539926e-05  2.258292e-05  0.000000e+00
1.190472e+03  5.145941e-04  5.800270e-04  3.718543e-04  2.719559e-04  1.835233e-04  2.500690e-05  2.122598e-04  1.083427e-04  2.541733e-05  1.378172e-04  1.660756e-03  0.000000e+00  2.740905e-04  0.000000e+00  0.000000e+00  0.000000e+00
1.335731e+03  4.813382e-04  6.482235e-04  3.378037e-04  2.330674e-04  1.744644e-04  7.423721e-05  1.587175e-04  3.743359e-05  6.618946e-05  4.295316e-05  8.197033e-04  0.000000e+00  1.726577e-04  8.605972e-06  0.000000e+00  0.000000e+00
1.498715e+03  2.607641e-04  5.231757e-04  2.941386e-04  2.718070e-04  2.726948e-04  1.621190e-04  2.378184e-04  7.506709e-05  7.225832e-05  6.778736e-05  3.441692e-04  1.496969e-05  1.480950e-04  0.000000e+00  0.000000e+00  1.905655e-05
1.681586e+03  1.955287e-04  4.337064e-04  2.842469e-04  1.731476e-04  2.203635e-04  5.626035e-05  1.218064e-04  8.097195e-05  5.132361e-05  4.905217e-05  3.756077e-04  0.000000e+00  8.700135e-05  1.302601e-05  0.000000e+00  1.261381e-05
1.886771e+03  2.432003e-04  4.104044e-04  2.866747e-04  2.175009e-04  2.083220e-04  6.593872e-05  1.332088e-04  7.044205e-05  2.953952e-05  7.894340e-05  2.018227e-04  1.292352e-05  1.388765e-06  3.771775e-05  6.348652e-06  0.000000e+00
2.116992e+03  1.113180e-04  3.494048e-04  1.894304e-04  1.541589e-04  1.453191e-04  2.539399e-05  1.203378e-04  5.085740e-05  3.453442e-05  4.640973e-05  1.535247e-04  1.242623e-05  5.013983e-05  1.525637e-06  0.000000e+00  1.525637e-06
2.375304e+03  1.289684e-04  1.919778e-04  2.101331e-04  2.421269e-04  1.474699e-04  9.104055e-05  1.054860e-04  2.823246e-05  1.701915e-05  4.195515e-05  1.327670e-04  7.046534e-07  0.000000e+00  1.071787e-05  0.000000e+00  1.060211e-05
2.665135e+03  7.276399e-05  2.015073e-04  1.479200e-04  2.490356e-04  8.423406e-05  3.521445e-05  8.232126e-05  6.182281e-05  1.687167e-05  2.846267e-05  9.530386e-05  1.621196e-05  2.083162e-05  8.588027e-06  0.000000e+00  1.348389e-05
2.990330e+03  5.982161e-05  1.330430e-04  1.184791e-04  1.529907e-04  7.364491e-05  7.265801e-05  6.734830e-05  7.522102e-05  6.381787e-05  6.135278e-05  6.196657e-05  2.710659e-05  0.000000e+00  9.738226e-06  0.000000e+00  1.300038e-05
3.355206e+03  2.512469e-05  1.534105e-04  1.409596e-04  2.269912e-04  4.710160e-05  7.278862e-05  1.598016e-05  6.715910e-05  2.522886e-05  4.413107e-05  3.329987e-05  9.780565e-06  2.415932e-06  7.617367e-06  0.000000e+00  1.221135e-06
3.764603e+03  2.657926e-05  7.736102e-05  1.263760e-04  1.339513e-04  2.662565e-05  7.069973e-05  1.004710e-05  2.641887e-05  4.943802e-05  5.436752e-05  3.904420e-05  1.868900e-05  2.304093e-07  1.189930e-05  0.000000e+00  3.129491e-05
4.223954e+03  1.721794e-05  3.256686e-05  5.931886e-05  1.120577e-04  2.643002e-05  3.490318e-05  2.363577e-05  6.031652e-05  3.613893e-05  4.766041e-05  2.678046e-05  2.186544e-05  0.000000e+00  1.402222e-05  0.000000e+00  1.941652e-05
4.739354e+03  5.320201e-06  5.436403e-05  7.319009e-05  1.124204e-04  1.919848e-05  6.071172e-05  7.560298e-06  3.299614e-05  2.494296e-05  2.871011e-05  2.579012e-05  8.354072e-06  2.527444e-06  5.217415e-06  0.000000e+00  1.968679e-05
5.317643e+03  3.065580e-06  5.868453e-05  6.927342e-05  6.970535e-05  1.554939e-05  6.739426e-05  5.197675e-06  4.667421e-05  2.612752e-05  4.678482e-05  3.339766e-05  1.385983e-05  0.000000e+00  1.305536e-05  0.000000e+00  1.455601e-05
5.966493e+03  8.594553e-06  2.449407e-05  4.419191e-05  7.220940e-05  1.019028e-05  3.065385e-05  1.663104e-05  3.455937e-05  2.307705e-05  2.887903e-05  3.742244e-06  1.037722e-05  0.000000e+00  6.083016e-06  0.000000e+00  7.229532e-06
6.694516e+03  2.500205e-07  2.584793e-05  3.050562e-05  4.818929e-05  8.795396e-06  7.297906e-05  1.278744e-05  3.623392e-05  1.913652e-05  2.410733e-05  2.297952e-05  5.095878e-06  0.000000e+00  7.184879e-06  0.000000e+00  3.168445e-06
7.511370e+03  6.176767e-06  2.543835e-05  2.571784e-05  3.111666e-05  4.502952e-06  4.950743e-05  6.741839e-06  3.903394e-05  2.086449e-06  1.618192e-05  1.064529e-05  6.388517e-06  0.000000e+00  3.932034e-06  0.000000e+00  1.437603e-05
8.427896e+03  2.885160e-06  2.199330e-05  1.102609e-05  3.484266e-05  5.534466e-06  4.880358e-05  8.370607e-06  3.172332e-05  7.488629e-06  8.798834e-06  3.203904e-06  1.223831e-05  0.000000e+00  3.483400e-06  0.000000e+00  1.358002e-05
9.456255e+03  0.000000e+00  7.019335e-06  7.502081e-06  3.636695e-05  3.497885e-06  2.782357e-05  3.415475e-07  2.038013e-05  6.437560e-06  6.566830e-06  1.424671e-05  2.135808e-05  0.000000e+00  5.707984e-06  0.000000e+00  2.702744e-06
1.061009e+04  0.000000e+00  9.762622e-06  5.492044e-06  2.156687e-05  2.703837e-06  2.186996e-05  1.299250e-05  8.344818e-06  2.996213e-06  9.896307e-06  8.750353e-06  2.749568e-06  0.000000e+00  1.577523e-07  0.000000e+00  6.811384e-06
1.190472e+04  0.000000e+00  1.418091e-06  1.781748e-06  1.309898e-05  0.000000e+00  1.580865e-05  7.286182e-08  9.417970e-06  2.811937e-07  9.061484e-06  5.857099e-06  8.870096e-07  0.000000e+00  4.207334e-06  0.000000e+00  1.024969e-05
1.335731e+04  0.000000e+00  5.666183e-06  3.817663e-06  1.218775e-05  0.000000e+00  7.836741e-06  4.665807e-07  5.134064e-06  1.736537e-06  4.445700e-06  6.892214e-06  4.569150e-06  0.000000e+00  0.000000e+00  0.000000e+00  7.527186e-06
1.498715e+04  0.000000e+00  1.103578e-06  1.496969e-06  4.896250e-06  0.000000e+00  6.205510e-06  0.000000e+00  3.328732e-06  1.598748e-06  2.421692e-06  4.310039e-07  2.025168e-06  0.000000e+00  3.271820e-07  0.000000e+00  6.741661e-06
1.681586e+04  0.000000e+00  4.043567e-06  9.953494e-08  2.788955e-06  0.000000e+00  9.688774e-06  5.158222e-08  3.586984e-06  0.000000e+00  1.334175e-06  1.375217e-06  1.631999e-06  0.000000e+00  5.911703e-06  0.000000e+00  5.432506e-06
1.886771e+04  0.000000e+00  2.803821e-06  0.000000e+00  1.281403e-06  0.000000e+00  5.108387e-06  0.000000e+00  2.828747e-06  0.000000e+00  0.000000e+00  3.212372e-06  2.182912e-06  0.000000e+00  2.399503e-06  0.000000e+00  8.413028e-06
2.116992e+04  0.000000e+00  4.097321e-08  0.000000e+00  3.267703e-06  0.000000e+00  3.353657e-07  0.000000e+00  1.148603e-06  0.000000e+00  0.000000e+00  0.000000e+00  8.066861e-07  0.000000e+00  2.477904e-06  0.000000e+00  1.148603e-06
2.375304e+04  0.000000e+00  0.000000e+00  0.000000e+00  3.651741e-08  0.000000e+00  2.226080e-06  8.929892e-07  9.400092e-07  0.000000e+00  1.008742e-06  9.635924e-07  1.409307e-07  0.000000e+00  0.000000e+00  0.000000e+00  3.675933e-06
2.665135e+04  0.000000e+00  7.958774e-07  0.000000e+00  6.508436e-07  0.000000e+00  0.000000e+00  0.000000e+00  0.000000e+00  0.000000e+00  4.494501e-07  0.000000e+00  0.000000e+00  0.000000e+00  0.000000e+00  0.000000e+00  7.958774e-07
2.990330e+04  0.000000e+00  0.000000e+00  0.000000e+00  8.374850e-07  0.000000e+00  0.000000e+00  0.000000e+00  0.000000e+00  0.000000e+00  0.000000e+00  0.000000e+00  1.584161e-06  0.000000e+00  1.512085e-06  0.000000e+00  9.281744e-07
3.355206e+04  0.000000e+00  0.000000e+00  0.000000e+00  0.000000e+00  0.000000e+00  0.000000e+00  0.000000e+00  0.000000e+00  0.000000e+00  0.000000e+00  0.000000e+00  9.626117e-08  0.000000e+00  1.352906e-07  0.000000e+00  7.140219e-07
3.764603e+04  0.000000e+00  0.000000e+00  0.000000e+00  5.959539e-07  0.000000e+00  0.000000e+00  0.000000e+00  0.000000e+00  0.000000e+00  0.000000e+00  0.000000e+00  6.652380e-07  0.000000e+00  5.959539e-07  0.000000e+00  2.304093e-08
4.223954e+04  0.000000e+00  0.000000e+00  0.000000e+00  5.474839e-07  0.000000e+00  0.000000e+00  0.000000e+00  9.223417e-07  0.000000e+00  0.000000e+00  0.000000e+00  1.163664e-06  0.000000e+00  0.000000e+00  0.000000e+00  0.000000e+00
4.739354e+04  0.000000e+00  0.000000e+00  0.000000e+00  0.000000e+00  0.000000e+00  0.000000e+00  0.000000e+00  1.830206e-08  0.000000e+00  0.000000e+00  0.000000e+00  5.062476e-07  0.000000e+00  5.284173e-07  0.000000e+00  0.000000e+00
5.317643e+04  0.000000e+00  0.000000e+00  0.000000e+00  0.000000e+00  0.000000e+00  0.000000e+00  0.000000e+00  0.000000e+00  0.000000e+00  0.000000e+00  0.000000e+00  0.000000e+00  0.000000e+00  0.000000e+00  0.000000e+00  0.000000e+00
5.966493e+04  0.000000e+00  0.000000e+00  0.000000e+00  0.000000e+00  0.000000e+00  0.000000e+00  0.000000e+00  0.000000e+00  0.000000e+00  0.000000e+00  0.000000e+00  0.000000e+00  0.000000e+00  0.000000e+00  0.000000e+00  0.000000e+00
6.694516e+04  0.000000e+00  0.000000e+00  0.000000e+00  0.000000e+00  0.000000e+00  0.000000e+00  0.000000e+00  0.000000e+00  0.000000e+00  0.000000e+00  0.000000e+00  0.000000e+00  0.000000e+00  0.000000e+00  0.000000e+00  3.464847e-07
7.511370e+04  0.000000e+00  0.000000e+00  0.000000e+00  0.000000e+00  0.000000e+00  0.000000e+00  0.000000e+00  0.000000e+00  0.000000e+00  0.000000e+00  0.000000e+00  0.000000e+00  0.000000e+00  0.000000e+00  0.000000e+00  2.086449e-07
8.427896e+04  0.000000e+00  0.000000e+00  0.000000e+00  0.000000e+00  0.000000e+00  0.000000e+00  0.000000e+00  0.000000e+00  0.000000e+00  0.000000e+00  0.000000e+00  0.000000e+00  0.000000e+00  0.000000e+00  0.000000e+00  0.000000e+00
9.456255e+04  0.000000e+00  0.000000e+00  0.000000e+00  0.000000e+00  0.000000e+00  0.000000e+00  0.000000e+00  0.000000e+00  0.000000e+00  0.000000e+00  0.000000e+00  0.000000e+00  0.000000e+00  0.000000e+00  0.000000e+00  0.000000e+00
1.061009e+05  0.000000e+00  0.000000e+00  0.000000e+00  0.000000e+00  0.000000e+00  0.000000e+00  0.000000e+00  0.000000e+00  0.000000e+00  0.000000e+00  0.000000e+00  0.000000e+00  0.000000e+00  0.000000e+00  0.000000e+00  0.000000e+00
1.190472e+05  0.000000e+00  0.000000e+00  0.000000e+00  0.000000e+00  0.000000e+00  0.000000e+00  0.000000e+00  0.000000e+00  0.000000e+00  0.000000e+00  0.000000e+00  0.000000e+00  0.000000e+00  0.000000e+00  0.000000e+00  0.000000e+00
1.335731e+05  0.000000e+00  0.000000e+00  0.000000e+00  0.000000e+00  0.000000e+00  0.000000e+00  0.000000e+00  0.000000e+00  0.000000e+00  0.000000e+00  0.000000e+00  0.000000e+00  0.000000e+00  0.000000e+00  0.000000e+00  0.000000e+00
1.498715e+05  0.000000e+00  0.000000e+00  0.000000e+00  0.000000e+00  0.000000e+00  0.000000e+00  0.000000e+00  0.000000e+00  0.000000e+00  0.000000e+00  0.000000e+00  0.000000e+00  0.000000e+00  0.000000e+00  0.000000e+00  0.000000e+00
1.681586e+05  0.000000e+00  0.000000e+00  0.000000e+00  0.000000e+00  0.000000e+00  0.000000e+00  0.000000e+00  0.000000e+00  0.000000e+00  0.000000e+00  0.000000e+00  0.000000e+00  0.000000e+00  0.000000e+00  0.000000e+00  0.000000e+00
1.886771e+05  0.000000e+00  0.000000e+00  0.000000e+00  0.000000e+00  0.000000e+00  0.000000e+00  0.000000e+00  0.000000e+00  0.000000e+00  0.000000e+00  0.000000e+00  0.000000e+00  0.000000e+00  0.000000e+00  0.000000e+00  0.000000e+00
2.116992e+05  0.000000e+00  0.000000e+00  0.000000e+00  0.000000e+00  0.000000e+00  0.000000e+00  0.000000e+00  0.000000e+00  0.000000e+00  0.000000e+00  0.000000e+00  0.000000e+00  0.000000e+00  0.000000e+00  0.000000e+00  0.000000e+00
2.375304e+05  0.000000e+00  0.000000e+00  0.000000e+00  0.000000e+00  0.000000e+00  0.000000e+00  0.000000e+00  0.000000e+00  0.000000e+00  0.000000e+00  0.000000e+00  0.000000e+00  0.000000e+00  0.000000e+00  0.000000e+00  0.000000e+00
2.665135e+05  0.000000e+00  0.000000e+00  0.000000e+00  0.000000e+00  0.000000e+00  0.000000e+00  0.000000e+00  0.000000e+00  0.000000e+00  0.000000e+00  0.000000e+00  0.000000e+00  0.000000e+00  0.000000e+00  0.000000e+00  0.000000e+00
2.990330e+05  0.000000e+00  0.000000e+00  0.000000e+00  0.000000e+00  0.000000e+00  0.000000e+00  0.000000e+00  0.000000e+00  0.000000e+00  0.000000e+00  0.000000e+00  0.000000e+00  0.000000e+00  0.000000e+00  0.000000e+00  0.000000e+00
3.355206e+05  0.000000e+00  0.000000e+00  0.000000e+00  0.000000e+00  0.000000e+00  0.000000e+00  0.000000e+00  0.000000e+00  0.000000e+00  0.000000e+00  0.000000e+00  0.000000e+00  0.000000e+00  0.000000e+00  0.000000e+00  0.000000e+00
3.764603e+05  0.000000e+00  0.000000e+00  0.000000e+00  0.000000e+00  0.000000e+00  0.000000e+00  0.000000e+00  0.000000e+00  0.000000e+00  0.000000e+00  0.000000e+00  0.000000e+00  0.000000e+00  0.000000e+00  0.000000e+00  0.000000e+00
4.223954e+05  0.000000e+00  0.000000e+00  0.000000e+00  0.000000e+00  0.000000e+00  0.000000e+00  0.000000e+00  0.000000e+00  0.000000e+00  0.000000e+00  0.000000e+00  0.000000e+00  0.000000e+00  0.000000e+00  0.000000e+00  0.000000e+00
4.739354e+05  0.000000e+00  0.000000e+00  0.000000e+00  0.000000e+00  0.000000e+00  0.000000e+00  0.000000e+00  0.000000e+00  0.000000e+00  0.000000e+00  0.000000e+00  0.000000e+00  0.000000e+00  0.000000e+00  0.000000e+00  0.000000e+00
5.317643e+05  0.000000e+00  0.000000e+00  0.000000e+00  0.000000e+00  0.000000e+00  0.000000e+00  0.000000e+00  0.000000e+00  0.000000e+00  0.000000e+00  0.000000e+00  0.000000e+00  0.000000e+00  0.000000e+00  0.000000e+00  0.000000e+00
5.966493e+05  0.000000e+00  0.000000e+00  0.000000e+00  0.000000e+00  0.000000e+00  0.000000e+00  0.000000e+00  0.000000e+00  0.000000e+00  0.000000e+00  0.000000e+00  0.000000e+00  0.000000e+00  0.000000e+00  0.000000e+00  0.000000e+00
6.694516e+05  0.000000e+00  0.000000e+00  0.000000e+00  0.000000e+00  0.000000e+00  0.000000e+00  0.000000e+00  0.000000e+00  0.000000e+00  0.000000e+00  0.000000e+00  0.000000e+00  0.000000e+00  0.000000e+00  0.000000e+00  0.000000e+00
7.511370e+05  0.000000e+00  0.000000e+00  0.000000e+00  0.000000e+00  0.000000e+00  0.000000e+00  0.000000e+00  0.000000e+00  0.000000e+00  0.000000e+00  0.000000e+00  0.000000e+00  0.000000e+00  0.000000e+00  0.000000e+00  0.000000e+00
8.427896e+05  0.000000e+00  0.000000e+00  0.000000e+00  0.000000e+00  0.000000e+00  0.000000e+00  0.000000e+00  0.000000e+00  0.000000e+00  0.000000e+00  0.000000e+00  0.000000e+00  0.000000e+00  0.000000e+00  0.000000e+00  0.000000e+00
9.456255e+05  0.000000e+00  0.000000e+00  0.000000e+00  0.000000e+00  0.000000e+00  0.000000e+00  0.000000e+00  0.000000e+00  0.000000e+00  0.000000e+00  0.000000e+00  0.000000e+00  0.000000e+00  0.000000e+00  0.000000e+00  0.000000e+00
