# dR/dEr [1/keV/kg/Myr]
# Er [keV], S, F, Ne, Cl, Na, Si, O, P, N, C, Al, Mg, Be, B, Ar, Li
1.061009e+01  5.215727e-02  5.104358e-02  0.000000e+00  0.000000e+00  3.622237e-02  0.000000e+00  4.089424e-03  0.000000e+00  0.000000e+00  0.000000e+00  0.000000e+00  0.000000e+00  6.865950e-03  0.000000e+00  0.000000e+00  0.000000e+00
1.190472e+01  1.097246e-02  1.478007e-02  0.000000e+00  0.000000e+00  3.532837e-03  0.000000e+00  0.000000e+00  0.000000e+00  0.000000e+00  0.000000e+00  0.000000e+00  0.000000e+00  0.000000e+00  0.000000e+00  0.000000e+00  0.000000e+00
1.335731e+01  1.799483e-02  6.725326e-03  0.000000e+00  0.000000e+00  0.000000e+00  0.000000e+00  0.000000e+00  0.000000e+00  0.000000e+00  0.000000e+00  0.000000e+00  0.000000e+00  0.000000e+00  0.000000e+00  0.000000e+00  0.000000e+00
1.498715e+01  4.042631e-03  1.382499e-02  0.000000e+00  0.000000e+00  5.693220e-03  0.000000e+00  6.392299e-04  0.000000e+00  0.000000e+00  0.000000e+00  0.000000e+00  0.000000e+00  0.000000e+00  0.000000e+00  0.000000e+00  0.000000e+00
1.681586e+01  1.000229e-02  8.080673e-03  1.427696e-03  0.000000e+00  2.885002e-03  5.697143e-04  0.000000e+00  0.000000e+00  0.000000e+00  0.000000e+00  0.000000e+00  0.000000e+00  0.000000e+00  0.000000e+00  0.000000e+00  0.000000e+00
1.886771e+01  6.804535e-03  7.486660e-03  0.000000e+00  0.000000e+00  1.272435e-03  0.000000e+00  0.000000e+00  0.000000e+00  0.000000e+00  0.000000e+00  0.000000e+00  0.000000e+00  0.000000e+00  0.000000e+00  0.000000e+00  0.000000e+00
2.116992e+01  8.743041e-03  1.266589e-02  0.000000e+00  0.000000e+00  1.392815e-03  0.000000e+00  5.997109e-04  0.000000e+00  0.000000e+00  0.000000e+00  7.211152e-03  0.000000e+00  0.000000e+00  0.000000e+00  0.000000e+00  0.000000e+00
2.375304e+01  1.597839e-02  2.535722e-03  3.291808e-03  0.000000e+00  7.466971e-03  0.000000e+00  1.010731e-03  0.000000e+00  0.000000e+00  0.000000e+00  0.000000e+00  0.000000e+00  0.000000e+00  0.000000e+00  0.000000e+00  0.000000e+00
2.665135e+01  1.682014e-02  1.546309e-02  4.763673e-04  2.300718e-03  7.471974e-04  0.000000e+00  0.000000e+00  4.829662e-03  0.000000e+00  0.000000e+00  0.000000e+00  0.000000e+00  0.000000e+00  0.000000e+00  0.000000e+00  0.000000e+00
2.990330e+01  1.830514e-02  6.357840e-03  5.617515e-04  0.000000e+00  1.031507e-02  0.000000e+00  7.449367e-04  0.000000e+00  0.000000e+00  0.000000e+00  4.663998e-03  0.000000e+00  5.281085e-03  0.000000e+00  0.000000e+00  0.000000e+00
3.355206e+01  2.044929e-02  7.830511e-03  6.599778e-04  0.000000e+00  1.257199e-03  0.000000e+00  3.818705e-03  0.000000e+00  0.000000e+00  0.000000e+00  5.642161e-03  0.000000e+00  1.240601e-02  0.000000e+00  0.000000e+00  0.000000e+00
3.764603e+01  3.027904e-02  1.721427e-02  7.210119e-04  3.372422e-04  8.904559e-03  0.000000e+00  2.091137e-03  0.000000e+00  0.000000e+00  0.000000e+00  0.000000e+00  0.000000e+00  8.336655e-04  0.000000e+00  0.000000e+00  0.000000e+00
4.223954e+01  2.637187e-02  1.302167e-02  3.768096e-03  0.000000e+00  4.961022e-03  0.000000e+00  1.196620e-03  0.000000e+00  0.000000e+00  0.000000e+00  5.227260e-03  0.000000e+00  1.206627e-02  0.000000e+00  0.000000e+00  0.000000e+00
4.739354e+01  2.895742e-02  1.048694e-02  2.678810e-04  7.351095e-04  2.320221e-03  0.000000e+00  9.606934e-04  0.000000e+00  0.000000e+00  0.000000e+00  0.000000e+00  0.000000e+00  9.617505e-03  0.000000e+00  0.000000e+00  0.000000e+00
5.317643e+01  2.855785e-02  5.426008e-03  6.576579e-04  0.000000e+00  9.875278e-03  0.000000e+00  1.270893e-03  0.000000e+00  0.000000e+00  0.000000e+00  2.870811e-03  0.000000e+00  0.000000e+00  0.000000e+00  0.000000e+00  0.000000e+00
5.966493e+01  3.185333e-02  1.650781e-02  7.361402e-04  3.733528e-04  7.478465e-03  0.000000e+00  6.558607e-03  0.000000e+00  0.000000e+00  0.000000e+00  2.697715e-03  0.000000e+00  2.154401e-03  0.000000e+00  0.000000e+00  0.000000e+00
6.694516e+01  3.851286e-02  1.477784e-02  1.247200e-03  0.000000e+00  5.053666e-03  0.000000e+00  1.274553e-03  0.000000e+00  2.122245e-03  0.000000e+00  1.583114e-03  0.000000e+00  3.135941e-02  0.000000e+00  0.000000e+00  0.000000e+00
7.511370e+01  4.141211e-02  1.647052e-02  3.161687e-03  4.223444e-04  4.022635e-03  0.000000e+00  9.821512e-04  0.000000e+00  0.000000e+00  0.000000e+00  2.118956e-03  0.000000e+00  1.019325e+01  0.000000e+00  0.000000e+00  0.000000e+00
8.427896e+01  4.824892e-02  1.561201e-02  7.113293e-04  2.631802e-03  4.679256e-03  0.000000e+00  3.700023e-03  0.000000e+00  0.000000e+00  0.000000e+00  0.000000e+00  0.000000e+00  1.213666e+01  0.000000e+00  0.000000e+00  0.000000e+00
9.456255e+01  4.754664e-02  1.293850e-02  1.968602e-03  4.893664e-04  8.898680e-03  0.000000e+00  8.199414e-04  0.000000e+00  1.717140e-03  0.000000e+00  2.147057e-04  0.000000e+00  9.347892e+00  0.000000e+00  0.000000e+00  0.000000e+00
1.061009e+02  5.133999e-02  1.952011e-02  2.856320e-03  3.496797e-04  5.951655e-03  0.000000e+00  1.222121e-03  0.000000e+00  0.000000e+00  1.517037e-03  1.857022e-03  0.000000e+00  6.913543e+00  0.000000e+00  0.000000e+00  0.000000e+00
1.190472e+02  5.361963e-02  2.484193e-02  1.978223e-03  9.089569e-04  1.100707e-02  0.000000e+00  1.108721e-03  0.000000e+00  8.047428e-05  8.902503e-04  5.955511e+00  0.000000e+00  5.187785e+00  0.000000e+00  1.479538e-03  0.000000e+00
1.335731e+02  6.322064e-02  2.371600e-02  3.042724e-03  2.032088e-04  7.136125e-03  0.000000e+00  1.007414e-03  0.000000e+00  0.000000e+00  0.000000e+00  5.081960e+00  0.000000e+00  3.877651e+00  0.000000e+00  0.000000e+00  0.000000e+00
1.498715e+02  1.436444e-01  2.710067e-02  1.055387e-03  4.715902e-04  3.709354e-03  0.000000e+00  4.765919e-03  0.000000e+00  6.531158e-04  1.101885e-03  3.811601e+00  0.000000e+00  2.914669e+00  0.000000e+00  0.000000e+00  0.000000e+00
1.681586e+02  2.011283e-01  3.291324e-02  1.895904e-03  2.885002e-04  5.459857e-03  1.207379e-04  3.767665e-03  0.000000e+00  1.053850e-03  0.000000e+00  2.985058e+00  0.000000e+00  2.099899e+00  0.000000e+00  0.000000e+00  0.000000e+00
1.886771e+02  1.255246e-01  2.996991e-02  1.714660e-03  2.743409e-04  7.133545e-03  1.180645e-04  4.166946e-03  8.898776e-05  8.898776e-05  0.000000e+00  2.155624e+00  0.000000e+00  1.493676e+00  0.000000e+00  0.000000e+00  0.000000e+00
2.116992e+02  6.019362e-02  4.024235e-02  1.874231e-03  1.350181e-03  5.170327e-03  7.931043e-05  2.043031e-03  0.000000e+00  0.000000e+00  9.590550e-05  1.730516e+00  0.000000e+00  1.062950e+00  0.000000e+00  1.282161e-04  0.000000e+00
2.375304e+02  4.444595e-02  1.582957e-01  2.773793e-03  1.157610e-03  6.446212e-03  3.038764e-05  4.020225e-03  2.788007e-04  0.000000e+00  4.033268e-05  1.286174e+00  0.000000e+00  8.059773e-01  0.000000e+00  1.602150e-04  0.000000e+00
2.665135e+02  3.776521e-02  1.336139e-01  2.618510e-03  1.324291e-03  8.729453e-03  8.308628e-05  2.809624e-03  0.000000e+00  6.299851e-05  5.282652e-04  9.183602e-01  0.000000e+00  5.261610e-01  0.000000e+00  0.000000e+00  0.000000e+00
2.990330e+02  2.853832e-02  2.573331e-02  1.282232e-03  6.101747e-04  6.822069e-03  3.756298e-04  3.831946e-03  7.850421e-05  1.049523e-04  5.430075e-04  7.138662e-01  0.000000e+00  3.864656e-01  0.000000e+00  0.000000e+00  0.000000e+00
3.355206e+02  2.609388e-02  2.586910e-02  1.568825e-03  1.027735e-03  6.293656e-03  5.004150e-05  2.462552e-03  4.302560e-05  3.783920e-05  4.986252e-04  5.277789e-01  3.831127e-04  2.818364e-01  0.000000e+00  0.000000e+00  1.391037e-04
3.764603e+02  1.862024e-02  1.873753e-02  3.029089e-03  1.379717e-03  5.815998e-03  1.075388e-03  2.124119e-03  0.000000e+00  5.882058e-05  0.000000e+00  3.450451e-01  0.000000e+00  1.952310e-01  0.000000e+00  0.000000e+00  0.000000e+00
4.223954e+02  1.206937e-02  1.876933e-02  1.243411e-03  1.187801e-03  6.026153e-03  8.563347e-05  2.270872e-03  5.710552e-04  9.532610e-05  3.151669e-04  2.531111e-01  0.000000e+00  1.045966e-01  0.000000e+00  6.426025e-05  0.000000e+00
4.739354e+02  1.130020e-02  1.617019e-02  1.948576e-03  1.257765e-03  5.064806e-03  3.664103e-04  4.106931e-03  3.014407e-04  2.715919e-04  0.000000e+00  1.734000e-01  0.000000e+00  7.661578e-02  2.715919e-04  0.000000e+00  0.000000e+00
5.317643e+02  1.032085e-02  1.391541e-02  3.292724e-03  6.838814e-04  4.009448e-03  1.458240e-04  1.780668e-03  4.719175e-04  3.110791e-04  4.339642e-04  1.484259e-01  0.000000e+00  5.397576e-02  3.818067e-05  7.156542e-05  0.000000e+00
5.966493e+02  9.709324e-03  1.261120e-02  2.876549e-03  2.363939e-03  4.089531e-03  4.333063e-04  3.102886e-03  3.541300e-04  1.590501e-04  2.646813e-04  9.700154e-02  0.000000e+00  3.703602e-02  0.000000e+00  5.260074e-05  0.000000e+00
6.694516e+02  8.049567e-03  1.200780e-02  3.550693e-03  2.410390e-03  4.297850e-03  3.027449e-04  2.714128e-03  1.342062e-04  6.893934e-05  2.265351e-04  6.595821e-02  0.000000e+00  2.375040e-02  0.000000e+00  0.000000e+00  0.000000e+00
7.511370e+02  6.328028e-03  8.412519e-03  2.399092e-03  1.767027e-03  2.856707e-03  2.930304e-04  2.018720e-03  2.750376e-04  2.385339e-04  1.807396e-04  4.493066e-02  0.000000e+00  1.713952e-02  0.000000e+00  0.000000e+00  0.000000e+00
8.427896e+02  5.236662e-03  8.212468e-03  2.341469e-03  1.118981e-03  3.491576e-03  5.491763e-05  2.081152e-03  4.133825e-05  1.855810e-04  5.968969e-04  2.508765e-02  0.000000e+00  9.634964e-03  0.000000e+00  1.086822e-04  0.000000e+00
9.456255e+02  4.597230e-03  6.066605e-03  2.796220e-03  1.253046e-03  3.045174e-03  2.953825e-04  2.031159e-03  1.763066e-04  0.000000e+00  4.398143e-04  2.154381e-02  6.484304e-05  5.960961e-03  0.000000e+00  0.000000e+00  0.000000e+00
1.061009e+03  4.128401e-03  4.086966e-03  2.904398e-03  1.848293e-03  2.792656e-03  1.974147e-04  1.896205e-03  2.066312e-04  4.510512e-04  1.988082e-04  1.496565e-02  0.000000e+00  2.831599e-03  1.916961e-04  1.211509e-04  0.000000e+00
1.190472e+03  3.072418e-03  3.543387e-03  2.456050e-03  1.853121e-03  1.343815e-03  2.015201e-04  1.331613e-03  5.930190e-04  1.528064e-04  8.261722e-04  9.986320e-03  0.000000e+00  1.782949e-03  0.000000e+00  0.000000e+00  0.000000e+00
1.335731e+03  2.805749e-03  3.962917e-03  2.299669e-03  1.390327e-03  1.206132e-03  3.713813e-04  1.222254e-03  1.841928e-04  3.676581e-04  2.606691e-04  4.674504e-03  0.000000e+00  1.155695e-03  6.857386e-05  0.000000e+00  0.000000e+00
1.498715e+03  1.661852e-03  3.022372e-03  1.849001e-03  1.793004e-03  1.577142e-03  8.035137e-04  1.557311e-03  4.289813e-04  4.566107e-04  3.898170e-04  2.168717e-03  5.252698e-05  1.067471e-03  0.000000e+00  0.000000e+00  9.588873e-05
1.681586e+03  1.226309e-03  2.728481e-03  1.713609e-03  1.209608e-03  1.427166e-03  3.055490e-04  8.538444e-04  4.867857e-04  3.237549e-04  2.988528e-04  2.497167e-03  0.000000e+00  5.297300e-04  9.045268e-05  0.000000e+00  2.775484e-05
1.886771e+03  1.428532e-03  2.288399e-03  1.785151e-03  1.255100e-03  1.370690e-03  4.001222e-04  8.617693e-04  4.045496e-04  1.814224e-04  4.072475e-04  1.207207e-03  9.042843e-05  1.173625e-05  2.371370e-04  1.930504e-05  0.000000e+00
2.116992e+03  8.043248e-04  2.049977e-03  9.975437e-04  9.815836e-04  8.158560e-04  2.073877e-04  7.680838e-04  3.327233e-04  1.952416e-04  2.851688e-04  8.459030e-04  7.552107e-05  2.748892e-04  1.282161e-05  0.000000e+00  1.282161e-05
2.375304e+03  7.740188e-04  1.144120e-03  1.250357e-03  1.586101e-03  8.704954e-04  5.786253e-04  6.730792e-04  1.998658e-04  8.653112e-05  2.014250e-04  8.330232e-04  9.883095e-06  0.000000e+00  6.426946e-05  0.000000e+00  7.631113e-05
2.665135e+03  4.470849e-04  1.080606e-03  8.662855e-04  1.615624e-03  5.244263e-04  1.900797e-04  5.078148e-04  4.086155e-04  1.330673e-04  2.016633e-04  5.939064e-04  9.957712e-05  1.039554e-04  5.925475e-05  0.000000e+00  6.930411e-05
2.990330e+03  3.410894e-04  7.115395e-04  6.936520e-04  1.033452e-03  3.891064e-04  4.235899e-04  3.754267e-04  3.585950e-04  3.594347e-04  3.758149e-04  3.838189e-04  1.298960e-04  0.000000e+00  6.330608e-05  0.000000e+00  9.301841e-05
3.355206e+03  1.676004e-04  8.728628e-04  8.640866e-04  1.381935e-03  2.368680e-04  4.392066e-04  1.226158e-04  3.328139e-04  1.457030e-04  2.490616e-04  2.005371e-04  6.998889e-05  1.969235e-05  4.156793e-05  0.000000e+00  1.414111e-05
3.764603e+03  1.215810e-04  4.526410e-04  7.292568e-04  8.413005e-04  1.603721e-04  4.840360e-04  8.742540e-05  1.698762e-04  2.699643e-04  3.027629e-04  2.606364e-04  8.920128e-05  5.393163e-06  4.673318e-05  0.000000e+00  1.697163e-04
4.223954e+03  7.031662e-05  1.821990e-04  3.658283e-04  6.724346e-04  1.378798e-04  1.769519e-04  1.546278e-04  2.919097e-04  1.869208e-04  2.988623e-04  1.508539e-04  1.123099e-04  0.000000e+00  7.684686e-05  0.000000e+00  1.183170e-04
4.739354e+03  3.358319e-05  2.915118e-04  3.873831e-04  7.326762e-04  1.147070e-04  3.153790e-04  4.770308e-05  1.991182e-04  1.282359e-04  1.621487e-04  1.304238e-04  5.064821e-05  7.685474e-06  2.584577e-05  0.000000e+00  8.927077e-05
5.317643e+03  2.614643e-05  2.796306e-04  3.810774e-04  4.141667e-04  7.643924e-05  3.096877e-04  3.614864e-05  2.684320e-04  1.434080e-04  2.405386e-04  1.748772e-04  6.731256e-05  0.000000e+00  8.725943e-05  0.000000e+00  7.472613e-05
5.966493e+03  5.814917e-05  1.609786e-04  2.407057e-04  3.697662e-04  5.833647e-05  1.856078e-04  8.331022e-05  2.121117e-04  1.289034e-04  1.349395e-04  1.882609e-05  4.978607e-05  0.000000e+00  3.308194e-05  0.000000e+00  3.727652e-05
6.694516e+03  3.506654e-06  1.433299e-04  1.862740e-04  2.692852e-04  5.074738e-05  3.981869e-04  5.862634e-05  2.009255e-04  1.194046e-04  1.233643e-04  1.175259e-04  3.911737e-05  0.000000e+00  3.425343e-05  0.000000e+00  6.971700e-06
7.511370e+03  2.759353e-05  1.266182e-04  1.256344e-04  1.523344e-04  2.714844e-05  2.654050e-04  4.557556e-05  2.046378e-04  1.607161e-05  9.287727e-05  3.922249e-05  4.439769e-05  0.000000e+00  1.736172e-05  0.000000e+00  9.329681e-05
8.427896e+03  1.909836e-05  1.204642e-04  6.086672e-05  1.695096e-04  3.242621e-05  2.840164e-04  3.092823e-05  2.177600e-04  4.069771e-05  5.856208e-05  2.515024e-05  7.288030e-05  0.000000e+00  1.099936e-05  0.000000e+00  7.352838e-05
9.456255e+03  0.000000e+00  3.218033e-05  4.748497e-05  1.959160e-04  1.980421e-05  1.714264e-04  2.870400e-06  1.140686e-04  5.091005e-05  3.453318e-05  7.843314e-05  1.124828e-04  0.000000e+00  3.490881e-05  0.000000e+00  1.474886e-05
1.061009e+04  0.000000e+00  5.205790e-05  2.586779e-05  1.184195e-04  1.694639e-05  1.447070e-04  6.061194e-05  5.092562e-05  1.610289e-05  5.867122e-05  6.021147e-05  2.136660e-05  0.000000e+00  2.212549e-06  0.000000e+00  4.329738e-05
1.190472e+04  0.000000e+00  7.311619e-06  3.920475e-06  7.254511e-05  0.000000e+00  7.718356e-05  1.705468e-06  3.309259e-05  3.943873e-06  5.478639e-05  3.980193e-05  8.273488e-06  0.000000e+00  2.386853e-05  0.000000e+00  4.949760e-05
1.335731e+04  0.000000e+00  3.563558e-05  2.461945e-05  6.763509e-05  0.000000e+00  4.827722e-05  2.349589e-06  2.782345e-05  9.929303e-06  3.237395e-05  3.750888e-05  2.292007e-05  0.000000e+00  0.000000e+00  0.000000e+00  3.775206e-05
1.498715e+04  0.000000e+00  9.409586e-06  5.252698e-06  2.720867e-05  0.000000e+00  3.623051e-05  0.000000e+00  1.829046e-05  8.576825e-06  1.317016e-05  3.622200e-06  9.673016e-06  0.000000e+00  3.377465e-06  0.000000e+00  3.618743e-05
1.681586e+04  0.000000e+00  1.300934e-05  1.396024e-06  1.472485e-05  0.000000e+00  5.237797e-05  1.207379e-06  1.527748e-05  0.000000e+00  4.681472e-06  3.646392e-06  4.641828e-06  0.000000e+00  3.403815e-05  0.000000e+00  2.793616e-05
1.886771e+04  0.000000e+00  1.222808e-05  0.000000e+00  9.561538e-06  0.000000e+00  3.175467e-05  0.000000e+00  1.617079e-05  0.000000e+00  0.000000e+00  1.899235e-05  1.223865e-05  0.000000e+00  1.648757e-05  0.000000e+00  4.453624e-05
2.116992e+04  0.000000e+00  9.590550e-07  0.000000e+00  1.883757e-05  0.000000e+00  2.441545e-06  0.000000e+00  7.603195e-06  0.000000e+00  0.000000e+00  0.000000e+00  6.080184e-06  0.000000e+00  1.781593e-05  0.000000e+00  7.603195e-06
2.375304e+04  0.000000e+00  0.000000e+00  0.000000e+00  8.547587e-07  0.000000e+00  1.282652e-05  1.964892e-06  4.728899e-06  0.000000e+00  5.411611e-06  6.648493e-06  1.976619e-06  0.000000e+00  0.000000e+00  0.000000e+00  1.853345e-05
2.665135e+04  0.000000e+00  1.751212e-06  0.000000e+00  5.410426e-06  0.000000e+00  0.000000e+00  0.000000e+00  0.000000e+00  0.000000e+00  1.366692e-06  0.000000e+00  0.000000e+00  0.000000e+00  0.000000e+00  0.000000e+00  1.751212e-06
2.990330e+04  0.000000e+00  0.000000e+00  0.000000e+00  4.751116e-06  0.000000e+00  0.000000e+00  0.000000e+00  0.000000e+00  0.000000e+00  0.000000e+00  0.000000e+00  8.507414e-06  0.000000e+00  9.037383e-06  0.000000e+00  6.786578e-06
3.355206e+04  0.000000e+00  0.000000e+00  0.000000e+00  0.000000e+00  0.000000e+00  0.000000e+00  0.000000e+00  0.000000e+00  0.000000e+00  0.000000e+00  0.000000e+00  8.089886e-07  0.000000e+00  1.134235e-06  0.000000e+00  2.171204e-06
3.764603e+04  0.000000e+00  0.000000e+00  0.000000e+00  2.091137e-06  0.000000e+00  0.000000e+00  0.000000e+00  0.000000e+00  0.000000e+00  0.000000e+00  0.000000e+00  3.773945e-06  0.000000e+00  2.091137e-06  0.000000e+00  5.393163e-07
4.223954e+04  0.000000e+00  0.000000e+00  0.000000e+00  1.451655e-06  0.000000e+00  0.000000e+00  0.000000e+00  6.123204e-06  0.000000e+00  0.000000e+00  0.000000e+00  5.783027e-06  0.000000e+00  0.000000e+00  0.000000e+00  0.000000e+00
4.739354e+04  0.000000e+00  0.000000e+00  0.000000e+00  0.000000e+00  0.000000e+00  0.000000e+00  0.000000e+00  4.283941e-07  0.000000e+00  0.000000e+00  0.000000e+00  1.722183e-06  0.000000e+00  2.997751e-06  0.000000e+00  0.000000e+00
5.317643e+04  0.000000e+00  0.000000e+00  0.000000e+00  0.000000e+00  0.000000e+00  0.000000e+00  0.000000e+00  0.000000e+00  0.000000e+00  0.000000e+00  0.000000e+00  0.000000e+00  0.000000e+00  0.000000e+00  0.000000e+00  0.000000e+00
5.966493e+04  0.000000e+00  0.000000e+00  0.000000e+00  0.000000e+00  0.000000e+00  0.000000e+00  0.000000e+00  0.000000e+00  0.000000e+00  0.000000e+00  0.000000e+00  0.000000e+00  0.000000e+00  0.000000e+00  0.000000e+00  0.000000e+00
6.694516e+04  0.000000e+00  0.000000e+00  0.000000e+00  0.000000e+00  0.000000e+00  0.000000e+00  0.000000e+00  0.000000e+00  0.000000e+00  0.000000e+00  0.000000e+00  0.000000e+00  0.000000e+00  0.000000e+00  0.000000e+00  1.981156e-06
7.511370e+04  0.000000e+00  0.000000e+00  0.000000e+00  0.000000e+00  0.000000e+00  0.000000e+00  0.000000e+00  0.000000e+00  0.000000e+00  0.000000e+00  0.000000e+00  0.000000e+00  0.000000e+00  0.000000e+00  0.000000e+00  1.607161e-06
8.427896e+04  0.000000e+00  0.000000e+00  0.000000e+00  0.000000e+00  0.000000e+00  0.000000e+00  0.000000e+00  0.000000e+00  0.000000e+00  0.000000e+00  0.000000e+00  0.000000e+00  0.000000e+00  0.000000e+00  0.000000e+00  0.000000e+00
9.456255e+04  0.000000e+00  0.000000e+00  0.000000e+00  0.000000e+00  0.000000e+00  0.000000e+00  0.000000e+00  0.000000e+00  0.000000e+00  0.000000e+00  0.000000e+00  0.000000e+00  0.000000e+00  0.000000e+00  0.000000e+00  0.000000e+00
1.061009e+05  0.000000e+00  0.000000e+00  0.000000e+00  0.000000e+00  0.000000e+00  0.000000e+00  0.000000e+00  0.000000e+00  0.000000e+00  0.000000e+00  0.000000e+00  0.000000e+00  0.000000e+00  0.000000e+00  0.000000e+00  0.000000e+00
1.190472e+05  0.000000e+00  0.000000e+00  0.000000e+00  0.000000e+00  0.000000e+00  0.000000e+00  0.000000e+00  0.000000e+00  0.000000e+00  0.000000e+00  0.000000e+00  0.000000e+00  0.000000e+00  0.000000e+00  0.000000e+00  0.000000e+00
1.335731e+05  0.000000e+00  0.000000e+00  0.000000e+00  0.000000e+00  0.000000e+00  0.000000e+00  0.000000e+00  0.000000e+00  0.000000e+00  0.000000e+00  0.000000e+00  0.000000e+00  0.000000e+00  0.000000e+00  0.000000e+00  0.000000e+00
1.498715e+05  0.000000e+00  0.000000e+00  0.000000e+00  0.000000e+00  0.000000e+00  0.000000e+00  0.000000e+00  0.000000e+00  0.000000e+00  0.000000e+00  0.000000e+00  0.000000e+00  0.000000e+00  0.000000e+00  0.000000e+00  0.000000e+00
1.681586e+05  0.000000e+00  0.000000e+00  0.000000e+00  0.000000e+00  0.000000e+00  0.000000e+00  0.000000e+00  0.000000e+00  0.000000e+00  0.000000e+00  0.000000e+00  0.000000e+00  0.000000e+00  0.000000e+00  0.000000e+00  0.000000e+00
1.886771e+05  0.000000e+00  0.000000e+00  0.000000e+00  0.000000e+00  0.000000e+00  0.000000e+00  0.000000e+00  0.000000e+00  0.000000e+00  0.000000e+00  0.000000e+00  0.000000e+00  0.000000e+00  0.000000e+00  0.000000e+00  0.000000e+00
2.116992e+05  0.000000e+00  0.000000e+00  0.000000e+00  0.000000e+00  0.000000e+00  0.000000e+00  0.000000e+00  0.000000e+00  0.000000e+00  0.000000e+00  0.000000e+00  0.000000e+00  0.000000e+00  0.000000e+00  0.000000e+00  0.000000e+00
2.375304e+05  0.000000e+00  0.000000e+00  0.000000e+00  0.000000e+00  0.000000e+00  0.000000e+00  0.000000e+00  0.000000e+00  0.000000e+00  0.000000e+00  0.000000e+00  0.000000e+00  0.000000e+00  0.000000e+00  0.000000e+00  0.000000e+00
2.665135e+05  0.000000e+00  0.000000e+00  0.000000e+00  0.000000e+00  0.000000e+00  0.000000e+00  0.000000e+00  0.000000e+00  0.000000e+00  0.000000e+00  0.000000e+00  0.000000e+00  0.000000e+00  0.000000e+00  0.000000e+00  0.000000e+00
2.990330e+05  0.000000e+00  0.000000e+00  0.000000e+00  0.000000e+00  0.000000e+00  0.000000e+00  0.000000e+00  0.000000e+00  0.000000e+00  0.000000e+00  0.000000e+00  0.000000e+00  0.000000e+00  0.000000e+00  0.000000e+00  0.000000e+00
3.355206e+05  0.000000e+00  0.000000e+00  0.000000e+00  0.000000e+00  0.000000e+00  0.000000e+00  0.000000e+00  0.000000e+00  0.000000e+00  0.000000e+00  0.000000e+00  0.000000e+00  0.000000e+00  0.000000e+00  0.000000e+00  0.000000e+00
3.764603e+05  0.000000e+00  0.000000e+00  0.000000e+00  0.000000e+00  0.000000e+00  0.000000e+00  0.000000e+00  0.000000e+00  0.000000e+00  0.000000e+00  0.000000e+00  0.000000e+00  0.000000e+00  0.000000e+00  0.000000e+00  0.000000e+00
4.223954e+05  0.000000e+00  0.000000e+00  0.000000e+00  0.000000e+00  0.000000e+00  0.000000e+00  0.000000e+00  0.000000e+00  0.000000e+00  0.000000e+00  0.000000e+00  0.000000e+00  0.000000e+00  0.000000e+00  0.000000e+00  0.000000e+00
4.739354e+05  0.000000e+00  0.000000e+00  0.000000e+00  0.000000e+00  0.000000e+00  0.000000e+00  0.000000e+00  0.000000e+00  0.000000e+00  0.000000e+00  0.000000e+00  0.000000e+00  0.000000e+00  0.000000e+00  0.000000e+00  0.000000e+00
5.317643e+05  0.000000e+00  0.000000e+00  0.000000e+00  0.000000e+00  0.000000e+00  0.000000e+00  0.000000e+00  0.000000e+00  0.000000e+00  0.000000e+00  0.000000e+00  0.000000e+00  0.000000e+00  0.000000e+00  0.000000e+00  0.000000e+00
5.966493e+05  0.000000e+00  0.000000e+00  0.000000e+00  0.000000e+00  0.000000e+00  0.000000e+00  0.000000e+00  0.000000e+00  0.000000e+00  0.000000e+00  0.000000e+00  0.000000e+00  0.000000e+00  0.000000e+00  0.000000e+00  0.000000e+00
6.694516e+05  0.000000e+00  0.000000e+00  0.000000e+00  0.000000e+00  0.000000e+00  0.000000e+00  0.000000e+00  0.000000e+00  0.000000e+00  0.000000e+00  0.000000e+00  0.000000e+00  0.000000e+00  0.000000e+00  0.000000e+00  0.000000e+00
7.511370e+05  0.000000e+00  0.000000e+00  0.000000e+00  0.000000e+00  0.000000e+00  0.000000e+00  0.000000e+00  0.000000e+00  0.000000e+00  0.000000e+00  0.000000e+00  0.000000e+00  0.000000e+00  0.000000e+00  0.000000e+00  0.000000e+00
8.427896e+05  0.000000e+00  0.000000e+00  0.000000e+00  0.000000e+00  0.000000e+00  0.000000e+00  0.000000e+00  0.000000e+00  0.000000e+00  0.000000e+00  0.000000e+00  0.000000e+00  0.000000e+00  0.000000e+00  0.000000e+00  0.000000e+00
9.456255e+05  0.000000e+00  0.000000e+00  0.000000e+00  0.000000e+00  0.000000e+00  0.000000e+00  0.000000e+00  0.000000e+00  0.000000e+00  0.000000e+00  0.000000e+00  0.000000e+00  0.000000e+00  0.000000e+00  0.000000e+00  0.000000e+00
