# dR/dEr [1/keV/kg/Myr]
# Er [keV], S, F, Ne, Cl, Na, Si, O, P, N, C, Al, Mg, Be, B, Ar, Li
1.061009e+01  1.446966e-01  1.377034e-01  0.000000e+00  0.000000e+00  9.639253e-02  0.000000e+00  8.278222e-03  0.000000e+00  0.000000e+00  0.000000e+00  0.000000e+00  0.000000e+00  1.150765e-02  0.000000e+00  0.000000e+00  0.000000e+00
1.190472e+01  3.620944e-02  3.803413e-02  0.000000e+00  0.000000e+00  1.164990e-02  0.000000e+00  0.000000e+00  0.000000e+00  0.000000e+00  0.000000e+00  0.000000e+00  0.000000e+00  0.000000e+00  0.000000e+00  0.000000e+00  0.000000e+00
1.335731e+01  5.542552e-02  1.705376e-02  0.000000e+00  0.000000e+00  0.000000e+00  0.000000e+00  0.000000e+00  0.000000e+00  0.000000e+00  0.000000e+00  0.000000e+00  0.000000e+00  0.000000e+00  0.000000e+00  0.000000e+00  0.000000e+00
1.498715e+01  1.334155e-02  3.875856e-02  0.000000e+00  0.000000e+00  1.317364e-02  0.000000e+00  2.116444e-03  0.000000e+00  0.000000e+00  0.000000e+00  0.000000e+00  0.000000e+00  0.000000e+00  0.000000e+00  0.000000e+00  0.000000e+00
1.681586e+01  3.300995e-02  2.537394e-02  4.715512e-03  0.000000e+00  9.507844e-03  1.886282e-03  0.000000e+00  0.000000e+00  0.000000e+00  0.000000e+00  0.000000e+00  0.000000e+00  0.000000e+00  0.000000e+00  0.000000e+00  0.000000e+00
1.886771e+01  2.246559e-02  2.393787e-02  0.000000e+00  0.000000e+00  4.202704e-03  0.000000e+00  0.000000e+00  0.000000e+00  0.000000e+00  0.000000e+00  0.000000e+00  0.000000e+00  0.000000e+00  0.000000e+00  0.000000e+00  0.000000e+00
2.116992e+01  2.603799e-02  3.689162e-02  0.000000e+00  0.000000e+00  4.597456e-03  0.000000e+00  1.982148e-03  0.000000e+00  0.000000e+00  0.000000e+00  1.742004e-02  0.000000e+00  0.000000e+00  0.000000e+00  0.000000e+00  0.000000e+00
2.375304e+01  4.745213e-02  8.364531e-03  1.025525e-02  0.000000e+00  2.238692e-02  0.000000e+00  3.338327e-03  0.000000e+00  0.000000e+00  0.000000e+00  0.000000e+00  0.000000e+00  0.000000e+00  0.000000e+00  0.000000e+00  0.000000e+00
2.665135e+01  5.070113e-02  4.273248e-02  1.574476e-03  4.432794e-03  2.472350e-03  0.000000e+00  0.000000e+00  1.392014e-02  0.000000e+00  0.000000e+00  0.000000e+00  0.000000e+00  0.000000e+00  0.000000e+00  0.000000e+00  0.000000e+00
2.990330e+01  5.069803e-02  2.082604e-02  1.860966e-03  0.000000e+00  2.514156e-02  0.000000e+00  2.463988e-03  0.000000e+00  0.000000e+00  0.000000e+00  9.021172e-03  0.000000e+00  1.398716e-02  0.000000e+00  0.000000e+00  0.000000e+00
3.355206e+01  6.382263e-02  2.280558e-02  2.169682e-03  0.000000e+00  4.151449e-03  0.000000e+00  1.168321e-02  0.000000e+00  0.000000e+00  0.000000e+00  1.376026e-02  0.000000e+00  2.889949e-02  0.000000e+00  0.000000e+00  0.000000e+00
3.764603e+01  8.908382e-02  4.358775e-02  8.199188e-04  1.114644e-03  2.389298e-02  0.000000e+00  4.241948e-03  0.000000e+00  0.000000e+00  0.000000e+00  0.000000e+00  0.000000e+00  1.153453e-03  0.000000e+00  0.000000e+00  0.000000e+00
4.223954e+01  7.722231e-02  3.729521e-02  9.408716e-03  0.000000e+00  1.601681e-02  0.000000e+00  2.529901e-03  0.000000e+00  0.000000e+00  0.000000e+00  1.160427e-02  0.000000e+00  3.186694e-02  0.000000e+00  0.000000e+00  0.000000e+00
4.739354e+01  8.904682e-02  3.396482e-02  8.853931e-04  2.421410e-03  5.884908e-03  0.000000e+00  3.176050e-03  0.000000e+00  0.000000e+00  0.000000e+00  0.000000e+00  0.000000e+00  2.297474e-02  0.000000e+00  0.000000e+00  0.000000e+00
5.317643e+01  8.785594e-02  1.693721e-02  2.174710e-03  0.000000e+00  2.530931e-02  0.000000e+00  4.202928e-03  0.000000e+00  0.000000e+00  0.000000e+00  6.935045e-03  0.000000e+00  0.000000e+00  0.000000e+00  0.000000e+00  0.000000e+00
5.966493e+01  9.958626e-02  4.697661e-02  2.433370e-03  1.234919e-03  1.931519e-02  0.000000e+00  1.565317e-02  0.000000e+00  0.000000e+00  0.000000e+00  6.935863e-03  0.000000e+00  4.795260e-03  0.000000e+00  0.000000e+00  0.000000e+00
6.694516e+01  1.191691e-01  4.106537e-02  4.119926e-03  0.000000e+00  1.475852e-02  0.000000e+00  2.949210e-03  0.000000e+00  4.936376e-03  0.000000e+00  4.768060e-03  0.000000e+00  8.432086e-02  0.000000e+00  0.000000e+00  0.000000e+00
7.511370e+01  1.266250e-01  4.928784e-02  8.711793e-03  1.391447e-03  1.176826e-02  0.000000e+00  3.234061e-03  0.000000e+00  0.000000e+00  0.000000e+00  5.290910e-03  0.000000e+00  2.626396e+01  0.000000e+00  0.000000e+00  0.000000e+00
8.427896e+01  1.523207e-01  4.797686e-02  2.347169e-03  7.039608e-03  1.372051e-02  0.000000e+00  1.091320e-02  0.000000e+00  0.000000e+00  0.000000e+00  0.000000e+00  0.000000e+00  3.136597e+01  0.000000e+00  0.000000e+00  0.000000e+00
9.456255e+01  1.475513e-01  3.913785e-02  6.051587e-03  1.614737e-03  2.419550e-02  0.000000e+00  2.067580e-03  0.000000e+00  3.659621e-03  0.000000e+00  1.649350e-04  0.000000e+00  2.414451e+01  0.000000e+00  0.000000e+00  0.000000e+00
1.061009e+02  1.625374e-01  5.740993e-02  7.213642e-03  6.714899e-04  1.800713e-02  0.000000e+00  3.391663e-03  0.000000e+00  0.000000e+00  3.900322e-03  4.915742e-03  0.000000e+00  1.790770e+01  0.000000e+00  0.000000e+00  0.000000e+00
1.190472e+02  1.726379e-01  7.239022e-02  6.016180e-03  2.158978e-03  3.030287e-02  0.000000e+00  3.082386e-03  0.000000e+00  2.664445e-04  2.681277e-03  1.542662e+01  0.000000e+00  1.339348e+01  0.000000e+00  3.282078e-03  0.000000e+00
1.335731e+02  2.002129e-01  7.074079e-02  8.339702e-03  2.310845e-04  2.085555e-02  0.000000e+00  2.842783e-03  0.000000e+00  0.000000e+00  0.000000e+00  1.313846e+01  0.000000e+00  1.001011e+01  0.000000e+00  0.000000e+00  0.000000e+00
1.498715e+02  4.641612e-01  8.287543e-02  3.091960e-03  1.161017e-03  9.928571e-03  0.000000e+00  1.315771e-02  0.000000e+00  1.488818e-03  2.882730e-03  9.858052e+00  0.000000e+00  7.518230e+00  0.000000e+00  0.000000e+00  0.000000e+00
1.681586e+02  6.539316e-01  9.467004e-02  5.656121e-03  9.507844e-04  1.479438e-02  9.274976e-05  1.019791e-02  0.000000e+00  2.714515e-03  0.000000e+00  7.681788e+00  0.000000e+00  5.441335e+00  0.000000e+00  0.000000e+00  0.000000e+00
1.886771e+02  4.009786e-01  9.195694e-02  4.975976e-03  9.063588e-04  2.143653e-02  3.905158e-04  1.136858e-02  2.934423e-04  2.934423e-04  0.000000e+00  5.529741e+00  0.000000e+00  3.866429e+00  0.000000e+00  0.000000e+00  0.000000e+00
2.116992e+02  1.866953e-01  1.233237e-01  5.485119e-03  4.045103e-03  1.407149e-02  2.615308e-04  5.812153e-03  0.000000e+00  0.000000e+00  7.367375e-05  4.459102e+00  0.000000e+00  2.741109e+00  0.000000e+00  1.458045e-04  0.000000e+00
2.375304e+02  1.376772e-01  5.143925e-01  7.797972e-03  3.239563e-03  1.765506e-02  1.007431e-04  1.087783e-02  6.659448e-04  0.000000e+00  1.335386e-04  3.318263e+00  0.000000e+00  2.075593e+00  0.000000e+00  5.218149e-04  0.000000e+00
2.665135e+02  1.164356e-01  4.333190e-01  7.314803e-03  3.760004e-03  2.484648e-02  2.731467e-04  7.334244e-03  0.000000e+00  2.077413e-04  1.483679e-03  2.372605e+00  0.000000e+00  1.361216e+00  0.000000e+00  0.000000e+00  0.000000e+00
2.990330e+02  8.308355e-02  7.785102e-02  3.877910e-03  1.678117e-03  1.894441e-02  7.988956e-04  1.107357e-02  7.337394e-05  1.452111e-04  1.157274e-03  1.841651e+00  0.000000e+00  9.957265e-01  0.000000e+00  0.000000e+00  0.000000e+00
3.355206e+02  7.648190e-02  7.604408e-02  4.863789e-03  2.809858e-03  1.776244e-02  1.650148e-04  7.134727e-03  1.426414e-04  1.250651e-04  1.303462e-03  1.363120e+00  8.527311e-04  7.296646e-01  0.000000e+00  0.000000e+00  2.543550e-04
3.764603e+02  5.288124e-02  5.535673e-02  8.356849e-03  3.887837e-03  1.737701e-02  2.396967e-03  5.949443e-03  0.000000e+00  1.933731e-04  0.000000e+00  8.802754e-01  0.000000e+00  5.089682e-01  0.000000e+00  0.000000e+00  0.000000e+00
4.223954e+02  3.425306e-02  5.445697e-02  3.700969e-03  3.219177e-03  1.725842e-02  1.512875e-04  6.541534e-03  1.443910e-03  1.830206e-04  8.287619e-04  6.571179e-01  0.000000e+00  2.650457e-01  0.000000e+00  7.307534e-05  0.000000e+00
4.739354e+02  3.185353e-02  4.662676e-02  5.825110e-03  3.431537e-03  1.497888e-02  9.617127e-04  1.121669e-02  9.050141e-04  7.827872e-04  0.000000e+00  4.456576e-01  0.000000e+00  1.957960e-01  7.827872e-04  0.000000e+00  0.000000e+00
5.317643e+02  2.821575e-02  3.740102e-02  8.787132e-03  1.979169e-03  1.221393e-02  3.682060e-04  5.137412e-03  1.174718e-03  9.256882e-04  1.019788e-03  3.785758e-01  0.000000e+00  1.397444e-01  2.933005e-05  2.330861e-04  0.000000e+00
5.966493e+02  2.620224e-02  3.432887e-02  8.073727e-03  6.169503e-03  1.223132e-02  1.147412e-03  8.241588e-03  9.960363e-04  3.835949e-04  7.010184e-04  2.487743e-01  0.000000e+00  9.714644e-02  0.000000e+00  7.277797e-05  0.000000e+00
6.694516e+02  2.194011e-02  3.194594e-02  9.656286e-03  6.638575e-03  1.271366e-02  7.172834e-04  7.428272e-03  3.516719e-04  2.271900e-04  5.410188e-04  1.697205e-01  0.000000e+00  6.212787e-02  0.000000e+00  0.000000e+00  0.000000e+00
7.511370e+02  1.710671e-02  2.288148e-02  6.484979e-03  4.944947e-03  8.151636e-03  6.089940e-04  5.653824e-03  6.582040e-04  6.021549e-04  4.127588e-04  1.180162e-01  0.000000e+00  4.345698e-02  0.000000e+00  0.000000e+00  0.000000e+00
8.427896e+02  1.344441e-02  2.190647e-02  6.303345e-03  3.371359e-03  1.017906e-02  1.815124e-04  5.882246e-03  1.361659e-04  3.847710e-04  1.473064e-03  6.407498e-02  0.000000e+00  2.480363e-02  0.000000e+00  3.335236e-04  0.000000e+00
9.456255e+02  1.247575e-02  1.596754e-02  7.853406e-03  3.618745e-03  8.678895e-03  7.907049e-04  5.889416e-03  4.591376e-04  0.000000e+00  9.895657e-04  5.597542e-02  1.249331e-04  1.531058e-02  0.000000e+00  0.000000e+00  0.000000e+00
1.061009e+03  1.093195e-02  1.063804e-02  8.013620e-03  4.962894e-03  7.891057e-03  5.503422e-04  5.369291e-03  5.516268e-04  1.246812e-03  4.737970e-04  3.831990e-02  0.000000e+00  6.884614e-03  4.228110e-04  2.696573e-04  0.000000e+00
1.190472e+03  8.043371e-03  9.407327e-03  6.840665e-03  5.108222e-03  3.964822e-03  6.271495e-04  3.797220e-03  1.387459e-03  3.881915e-04  1.970762e-03  2.527947e-02  0.000000e+00  4.835222e-03  0.000000e+00  0.000000e+00  0.000000e+00
1.335731e+03  7.355205e-03  1.030411e-02  6.284481e-03  3.699943e-03  3.596015e-03  8.757985e-04  3.693287e-03  4.129468e-04  8.190798e-04  5.679173e-04  1.123760e-02  0.000000e+00  2.956480e-03  2.104391e-04  0.000000e+00  0.000000e+00
1.498715e+03  4.538608e-03  7.689397e-03  4.843518e-03  4.903341e-03  3.995472e-03  1.952726e-03  4.377982e-03  1.098576e-03  1.146314e-03  9.099925e-04  5.473581e-03  1.065529e-04  2.994998e-03  0.000000e+00  0.000000e+00  1.883740e-04
1.681586e+03  3.114203e-03  7.205213e-03  4.530088e-03  3.388766e-03  4.096076e-03  7.578847e-04  2.463994e-03  1.220301e-03  8.797948e-04  8.264647e-04  6.405496e-03  0.000000e+00  1.395636e-03  2.375994e-04  0.000000e+00  5.075049e-05
1.886771e+03  3.655472e-03  5.729454e-03  4.735085e-03  3.613160e-03  3.755238e-03  9.933483e-04  2.472438e-03  1.033696e-03  4.716581e-04  9.965058e-04  3.138365e-03  2.439215e-04  3.858300e-05  5.926521e-04  3.235612e-05  0.000000e+00
2.116992e+03  2.170780e-03  5.464195e-03  2.633486e-03  2.688901e-03  2.017947e-03  5.605571e-04  2.142730e-03  8.098445e-04  4.397717e-04  6.875033e-04  2.152917e-03  1.855040e-04  6.872865e-04  1.458045e-05  0.000000e+00  1.458045e-05
2.375304e+03  1.905876e-03  2.970072e-03  3.264596e-03  4.362980e-03  2.305148e-03  1.520110e-03  1.927135e-03  4.937544e-04  2.463224e-04  4.106223e-04  2.117994e-03  9.237231e-06  0.000000e+00  1.552563e-04  0.000000e+00  1.807872e-04
2.665135e+03  1.189692e-03  2.751757e-03  2.277968e-03  4.395147e-03  1.293153e-03  4.891610e-04  1.362629e-03  1.105357e-03  3.253563e-04  5.595640e-04  1.496065e-03  2.644370e-04  2.251508e-04  1.569385e-04  0.000000e+00  1.796874e-04
2.990330e+03  7.928244e-04  1.776351e-03  1.736145e-03  2.903875e-03  9.532853e-04  1.086064e-03  1.024093e-03  8.461170e-04  8.584208e-04  9.328395e-04  1.007443e-03  2.920965e-04  0.000000e+00  1.543927e-04  0.000000e+00  2.534977e-04
3.355206e+03  4.167474e-04  2.259821e-03  2.249181e-03  3.710095e-03  5.901784e-04  1.084294e-03  3.548188e-04  7.449407e-04  3.285643e-04  5.941419e-04  4.677099e-04  1.756288e-04  6.207960e-05  8.040128e-05  0.000000e+00  1.384814e-05
3.764603e+03  2.631714e-04  1.095368e-03  1.790423e-03  2.217020e-03  4.082797e-04  1.209096e-03  2.550821e-04  4.047708e-04  5.965038e-04  7.468508e-04  6.147651e-04  1.944190e-04  4.142980e-06  1.123045e-04  0.000000e+00  4.099434e-04
4.223954e+03  1.367984e-04  4.863975e-04  9.291208e-04  1.751562e-03  3.262857e-04  4.281093e-04  3.902259e-04  6.724698e-04  4.497492e-04  6.996359e-04  3.776140e-04  2.263369e-04  0.000000e+00  1.817326e-04  0.000000e+00  2.658049e-04
4.739354e+03  8.385527e-05  6.935898e-04  9.517567e-04  1.888333e-03  2.756042e-04  7.202797e-04  1.234927e-04  4.815688e-04  2.870569e-04  4.056482e-04  3.308529e-04  1.217304e-04  1.288120e-05  4.792786e-05  0.000000e+00  1.790212e-04
5.317643e+03  7.011739e-05  6.902517e-04  9.387738e-04  1.065847e-03  1.606380e-04  7.045436e-04  8.048408e-05  7.043967e-04  3.743403e-04  5.644669e-04  3.923536e-04  1.524664e-04  0.000000e+00  2.179786e-04  0.000000e+00  1.830125e-04
5.966493e+03  1.328437e-04  4.083528e-04  5.750043e-04  8.939372e-04  1.353985e-04  4.700563e-04  1.842955e-04  5.564633e-04  2.995340e-04  3.158330e-04  4.003963e-05  9.877885e-05  0.000000e+00  7.959054e-05  0.000000e+00  8.868812e-05
6.694516e+03  3.277493e-06  3.379012e-04  4.584492e-04  6.985145e-04  1.089219e-04  9.666219e-04  1.312172e-04  4.559925e-04  2.834470e-04  3.057862e-04  2.906854e-04  1.155929e-04  0.000000e+00  7.539042e-05  0.000000e+00  1.274795e-05
7.511370e+03  5.935021e-05  2.969977e-04  2.910046e-04  3.631027e-04  6.922656e-05  6.355499e-04  1.157465e-04  4.681055e-04  4.741092e-05  2.097119e-04  7.098312e-05  1.106242e-04  0.000000e+00  2.911747e-05  0.000000e+00  2.363683e-04
8.427896e+03  4.910215e-05  2.981688e-04  1.476240e-04  3.875057e-04  7.744803e-05  7.157259e-04  7.499736e-05  5.800081e-04  1.053749e-04  1.399454e-04  7.574809e-05  1.667366e-04  0.000000e+00  1.917001e-05  0.000000e+00  1.495957e-04
9.456255e+03  0.000000e+00  7.351686e-05  1.146170e-04  4.714052e-04  4.998032e-05  4.287151e-04  3.264156e-06  2.809239e-04  1.229540e-04  8.871188e-05  1.837666e-04  2.557352e-04  0.000000e+00  8.476370e-05  0.000000e+00  2.852745e-05
1.061009e+04  0.000000e+00  1.142330e-04  5.896474e-05  2.871494e-04  3.766674e-05  3.702728e-04  1.374409e-04  1.245405e-04  2.951772e-05  1.348420e-04  1.518155e-04  6.364878e-05  0.000000e+00  2.067959e-06  0.000000e+00  9.034483e-05
1.190472e+04  0.000000e+00  9.563981e-06  7.168697e-06  1.729259e-04  0.000000e+00  1.790343e-04  1.310125e-06  6.715098e-05  3.686140e-06  1.352441e-04  9.932834e-05  2.177203e-05  0.000000e+00  5.551856e-05  0.000000e+00  1.036345e-04
1.335731e+04  0.000000e+00  8.449841e-05  6.420861e-05  1.647907e-04  0.000000e+00  1.081863e-04  3.250872e-06  6.750886e-05  1.905269e-05  9.001952e-05  8.965257e-05  4.647012e-05  0.000000e+00  0.000000e+00  0.000000e+00  7.979733e-05
1.498715e+04  0.000000e+00  2.480242e-05  1.065529e-05  5.674332e-05  0.000000e+00  8.244424e-05  0.000000e+00  4.758085e-05  1.909027e-05  3.168556e-05  4.119086e-06  2.502317e-05  0.000000e+00  3.523546e-06  0.000000e+00  8.280646e-05
1.681586e+04  0.000000e+00  2.601858e-05  1.304794e-06  2.997878e-05  0.000000e+00  1.220449e-04  9.274976e-07  3.428955e-05  0.000000e+00  9.496540e-06  7.025505e-06  7.657308e-06  0.000000e+00  7.778518e-05  0.000000e+00  6.239940e-05
1.886771e+04  0.000000e+00  2.637020e-05  0.000000e+00  2.279080e-05  0.000000e+00  7.524451e-05  0.000000e+00  4.198506e-05  0.000000e+00  0.000000e+00  4.710186e-05  2.928942e-05  0.000000e+00  4.076847e-05  0.000000e+00  9.904098e-05
2.116992e+04  0.000000e+00  7.367375e-07  0.000000e+00  4.455696e-05  0.000000e+00  2.787899e-06  0.000000e+00  1.954792e-05  0.000000e+00  0.000000e+00  0.000000e+00  1.752442e-05  0.000000e+00  4.603915e-05  0.000000e+00  1.954792e-05
2.375304e+04  0.000000e+00  0.000000e+00  0.000000e+00  6.566180e-07  0.000000e+00  2.930770e-05  3.592859e-06  1.005750e-05  0.000000e+00  1.204515e-05  1.760878e-05  1.847446e-06  0.000000e+00  0.000000e+00  0.000000e+00  4.407730e-05
2.665135e+04  0.000000e+00  3.202139e-06  0.000000e+00  1.418548e-05  0.000000e+00  0.000000e+00  0.000000e+00  0.000000e+00  0.000000e+00  2.290638e-06  0.000000e+00  0.000000e+00  0.000000e+00  0.000000e+00  0.000000e+00  3.202139e-06
2.990330e+04  0.000000e+00  0.000000e+00  0.000000e+00  1.105117e-05  0.000000e+00  0.000000e+00  0.000000e+00  0.000000e+00  0.000000e+00  0.000000e+00  0.000000e+00  1.904012e-05  0.000000e+00  2.197611e-05  0.000000e+00  1.454547e-05
3.355206e+04  0.000000e+00  0.000000e+00  0.000000e+00  0.000000e+00  0.000000e+00  0.000000e+00  0.000000e+00  0.000000e+00  0.000000e+00  0.000000e+00  0.000000e+00  9.199641e-07  0.000000e+00  3.694166e-06  0.000000e+00  3.639037e-06
3.764603e+04  0.000000e+00  0.000000e+00  0.000000e+00  4.241948e-06  0.000000e+00  0.000000e+00  0.000000e+00  0.000000e+00  0.000000e+00  0.000000e+00  0.000000e+00  8.778255e-06  0.000000e+00  4.241948e-06  0.000000e+00  4.142980e-07
4.223954e+04  0.000000e+00  0.000000e+00  0.000000e+00  2.796904e-06  0.000000e+00  0.000000e+00  0.000000e+00  1.628757e-05  0.000000e+00  0.000000e+00  0.000000e+00  1.212372e-05  0.000000e+00  0.000000e+00  0.000000e+00  0.000000e+00
4.739354e+04  0.000000e+00  0.000000e+00  0.000000e+00  0.000000e+00  0.000000e+00  0.000000e+00  0.000000e+00  3.290886e-07  0.000000e+00  0.000000e+00  0.000000e+00  2.821832e-06  0.000000e+00  6.972816e-06  0.000000e+00  0.000000e+00
5.317643e+04  0.000000e+00  0.000000e+00  0.000000e+00  0.000000e+00  0.000000e+00  0.000000e+00  0.000000e+00  0.000000e+00  0.000000e+00  0.000000e+00  0.000000e+00  0.000000e+00  0.000000e+00  0.000000e+00  0.000000e+00  0.000000e+00
5.966493e+04  0.000000e+00  0.000000e+00  0.000000e+00  0.000000e+00  0.000000e+00  0.000000e+00  0.000000e+00  0.000000e+00  0.000000e+00  0.000000e+00  0.000000e+00  0.000000e+00  0.000000e+00  0.000000e+00  0.000000e+00  0.000000e+00
6.694516e+04  0.000000e+00  0.000000e+00  0.000000e+00  0.000000e+00  0.000000e+00  0.000000e+00  0.000000e+00  0.000000e+00  0.000000e+00  0.000000e+00  0.000000e+00  0.000000e+00  0.000000e+00  0.000000e+00  0.000000e+00  3.801512e-06
7.511370e+04  0.000000e+00  0.000000e+00  0.000000e+00  0.000000e+00  0.000000e+00  0.000000e+00  0.000000e+00  0.000000e+00  0.000000e+00  0.000000e+00  0.000000e+00  0.000000e+00  0.000000e+00  0.000000e+00  0.000000e+00  4.741092e-06
8.427896e+04  0.000000e+00  0.000000e+00  0.000000e+00  0.000000e+00  0.000000e+00  0.000000e+00  0.000000e+00  0.000000e+00  0.000000e+00  0.000000e+00  0.000000e+00  0.000000e+00  0.000000e+00  0.000000e+00  0.000000e+00  0.000000e+00
9.456255e+04  0.000000e+00  0.000000e+00  0.000000e+00  0.000000e+00  0.000000e+00  0.000000e+00  0.000000e+00  0.000000e+00  0.000000e+00  0.000000e+00  0.000000e+00  0.000000e+00  0.000000e+00  0.000000e+00  0.000000e+00  0.000000e+00
1.061009e+05  0.000000e+00  0.000000e+00  0.000000e+00  0.000000e+00  0.000000e+00  0.000000e+00  0.000000e+00  0.000000e+00  0.000000e+00  0.000000e+00  0.000000e+00  0.000000e+00  0.000000e+00  0.000000e+00  0.000000e+00  0.000000e+00
1.190472e+05  0.000000e+00  0.000000e+00  0.000000e+00  0.000000e+00  0.000000e+00  0.000000e+00  0.000000e+00  0.000000e+00  0.000000e+00  0.000000e+00  0.000000e+00  0.000000e+00  0.000000e+00  0.000000e+00  0.000000e+00  0.000000e+00
1.335731e+05  0.000000e+00  0.000000e+00  0.000000e+00  0.000000e+00  0.000000e+00  0.000000e+00  0.000000e+00  0.000000e+00  0.000000e+00  0.000000e+00  0.000000e+00  0.000000e+00  0.000000e+00  0.000000e+00  0.000000e+00  0.000000e+00
1.498715e+05  0.000000e+00  0.000000e+00  0.000000e+00  0.000000e+00  0.000000e+00  0.000000e+00  0.000000e+00  0.000000e+00  0.000000e+00  0.000000e+00  0.000000e+00  0.000000e+00  0.000000e+00  0.000000e+00  0.000000e+00  0.000000e+00
1.681586e+05  0.000000e+00  0.000000e+00  0.000000e+00  0.000000e+00  0.000000e+00  0.000000e+00  0.000000e+00  0.000000e+00  0.000000e+00  0.000000e+00  0.000000e+00  0.000000e+00  0.000000e+00  0.000000e+00  0.000000e+00  0.000000e+00
1.886771e+05  0.000000e+00  0.000000e+00  0.000000e+00  0.000000e+00  0.000000e+00  0.000000e+00  0.000000e+00  0.000000e+00  0.000000e+00  0.000000e+00  0.000000e+00  0.000000e+00  0.000000e+00  0.000000e+00  0.000000e+00  0.000000e+00
2.116992e+05  0.000000e+00  0.000000e+00  0.000000e+00  0.000000e+00  0.000000e+00  0.000000e+00  0.000000e+00  0.000000e+00  0.000000e+00  0.000000e+00  0.000000e+00  0.000000e+00  0.000000e+00  0.000000e+00  0.000000e+00  0.000000e+00
2.375304e+05  0.000000e+00  0.000000e+00  0.000000e+00  0.000000e+00  0.000000e+00  0.000000e+00  0.000000e+00  0.000000e+00  0.000000e+00  0.000000e+00  0.000000e+00  0.000000e+00  0.000000e+00  0.000000e+00  0.000000e+00  0.000000e+00
2.665135e+05  0.000000e+00  0.000000e+00  0.000000e+00  0.000000e+00  0.000000e+00  0.000000e+00  0.000000e+00  0.000000e+00  0.000000e+00  0.000000e+00  0.000000e+00  0.000000e+00  0.000000e+00  0.000000e+00  0.000000e+00  0.000000e+00
2.990330e+05  0.000000e+00  0.000000e+00  0.000000e+00  0.000000e+00  0.000000e+00  0.000000e+00  0.000000e+00  0.000000e+00  0.000000e+00  0.000000e+00  0.000000e+00  0.000000e+00  0.000000e+00  0.000000e+00  0.000000e+00  0.000000e+00
3.355206e+05  0.000000e+00  0.000000e+00  0.000000e+00  0.000000e+00  0.000000e+00  0.000000e+00  0.000000e+00  0.000000e+00  0.000000e+00  0.000000e+00  0.000000e+00  0.000000e+00  0.000000e+00  0.000000e+00  0.000000e+00  0.000000e+00
3.764603e+05  0.000000e+00  0.000000e+00  0.000000e+00  0.000000e+00  0.000000e+00  0.000000e+00  0.000000e+00  0.000000e+00  0.000000e+00  0.000000e+00  0.000000e+00  0.000000e+00  0.000000e+00  0.000000e+00  0.000000e+00  0.000000e+00
4.223954e+05  0.000000e+00  0.000000e+00  0.000000e+00  0.000000e+00  0.000000e+00  0.000000e+00  0.000000e+00  0.000000e+00  0.000000e+00  0.000000e+00  0.000000e+00  0.000000e+00  0.000000e+00  0.000000e+00  0.000000e+00  0.000000e+00
4.739354e+05  0.000000e+00  0.000000e+00  0.000000e+00  0.000000e+00  0.000000e+00  0.000000e+00  0.000000e+00  0.000000e+00  0.000000e+00  0.000000e+00  0.000000e+00  0.000000e+00  0.000000e+00  0.000000e+00  0.000000e+00  0.000000e+00
5.317643e+05  0.000000e+00  0.000000e+00  0.000000e+00  0.000000e+00  0.000000e+00  0.000000e+00  0.000000e+00  0.000000e+00  0.000000e+00  0.000000e+00  0.000000e+00  0.000000e+00  0.000000e+00  0.000000e+00  0.000000e+00  0.000000e+00
5.966493e+05  0.000000e+00  0.000000e+00  0.000000e+00  0.000000e+00  0.000000e+00  0.000000e+00  0.000000e+00  0.000000e+00  0.000000e+00  0.000000e+00  0.000000e+00  0.000000e+00  0.000000e+00  0.000000e+00  0.000000e+00  0.000000e+00
6.694516e+05  0.000000e+00  0.000000e+00  0.000000e+00  0.000000e+00  0.000000e+00  0.000000e+00  0.000000e+00  0.000000e+00  0.000000e+00  0.000000e+00  0.000000e+00  0.000000e+00  0.000000e+00  0.000000e+00  0.000000e+00  0.000000e+00
7.511370e+05  0.000000e+00  0.000000e+00  0.000000e+00  0.000000e+00  0.000000e+00  0.000000e+00  0.000000e+00  0.000000e+00  0.000000e+00  0.000000e+00  0.000000e+00  0.000000e+00  0.000000e+00  0.000000e+00  0.000000e+00  0.000000e+00
8.427896e+05  0.000000e+00  0.000000e+00  0.000000e+00  0.000000e+00  0.000000e+00  0.000000e+00  0.000000e+00  0.000000e+00  0.000000e+00  0.000000e+00  0.000000e+00  0.000000e+00  0.000000e+00  0.000000e+00  0.000000e+00  0.000000e+00
9.456255e+05  0.000000e+00  0.000000e+00  0.000000e+00  0.000000e+00  0.000000e+00  0.000000e+00  0.000000e+00  0.000000e+00  0.000000e+00  0.000000e+00  0.000000e+00  0.000000e+00  0.000000e+00  0.000000e+00  0.000000e+00  0.000000e+00
