# dR/dEr [1/keV/kg/Myr]
# Er [keV], S, F, Ne, Cl, Na, Si, O, P, N, C, Al, Mg, Be, B, Ar, Li
1.061009e+01  1.754448e-02  1.687480e-02  0.000000e+00  0.000000e+00  1.044248e-02  0.000000e+00  1.846093e-03  0.000000e+00  0.000000e+00  0.000000e+00  0.000000e+00  0.000000e+00  4.981747e-03  0.000000e+00  0.000000e+00  0.000000e+00
1.190472e+01  2.638780e-03  4.375905e-03  0.000000e+00  0.000000e+00  8.500353e-04  0.000000e+00  0.000000e+00  0.000000e+00  0.000000e+00  0.000000e+00  0.000000e+00  0.000000e+00  0.000000e+00  0.000000e+00  0.000000e+00  0.000000e+00
1.335731e+01  4.866352e-03  2.749556e-03  0.000000e+00  0.000000e+00  0.000000e+00  0.000000e+00  0.000000e+00  0.000000e+00  0.000000e+00  0.000000e+00  0.000000e+00  0.000000e+00  0.000000e+00  0.000000e+00  0.000000e+00  0.000000e+00
1.498715e+01  9.721825e-04  3.810523e-03  0.000000e+00  0.000000e+00  2.248654e-03  0.000000e+00  1.533892e-04  0.000000e+00  0.000000e+00  0.000000e+00  0.000000e+00  0.000000e+00  0.000000e+00  0.000000e+00  0.000000e+00  0.000000e+00
1.681586e+01  2.405350e-03  2.015678e-03  3.431486e-04  0.000000e+00  6.944391e-04  1.367083e-04  0.000000e+00  0.000000e+00  0.000000e+00  0.000000e+00  0.000000e+00  0.000000e+00  0.000000e+00  0.000000e+00  0.000000e+00  0.000000e+00
1.886771e+01  1.635919e-03  1.843225e-03  0.000000e+00  0.000000e+00  3.058315e-04  0.000000e+00  0.000000e+00  0.000000e+00  0.000000e+00  0.000000e+00  0.000000e+00  0.000000e+00  0.000000e+00  0.000000e+00  0.000000e+00  0.000000e+00
2.116992e+01  2.938221e-03  3.392190e-03  0.000000e+00  0.000000e+00  3.349027e-04  0.000000e+00  1.440738e-04  0.000000e+00  0.000000e+00  0.000000e+00  2.241099e-03  0.000000e+00  0.000000e+00  0.000000e+00  0.000000e+00  0.000000e+00
2.375304e+01  4.867393e-03  6.099846e-04  8.254901e-04  0.000000e+00  1.934615e-03  0.000000e+00  2.429306e-04  0.000000e+00  0.000000e+00  0.000000e+00  0.000000e+00  0.000000e+00  0.000000e+00  0.000000e+00  0.000000e+00  0.000000e+00
2.665135e+01  4.412412e-03  4.820212e-03  1.144419e-04  1.047999e-03  1.793732e-04  0.000000e+00  0.000000e+00  1.285691e-03  0.000000e+00  0.000000e+00  0.000000e+00  0.000000e+00  0.000000e+00  0.000000e+00  0.000000e+00  0.000000e+00
2.990330e+01  6.484818e-03  1.537051e-03  1.347468e-04  0.000000e+00  3.187701e-03  0.000000e+00  1.788732e-04  0.000000e+00  0.000000e+00  0.000000e+00  1.904459e-03  0.000000e+00  1.513510e-03  0.000000e+00  0.000000e+00  0.000000e+00
3.355206e+01  5.310303e-03  2.402659e-03  1.591227e-04  0.000000e+00  3.022138e-04  0.000000e+00  9.702963e-04  0.000000e+00  0.000000e+00  0.000000e+00  2.019936e-03  0.000000e+00  3.974509e-03  0.000000e+00  0.000000e+00  0.000000e+00
3.764603e+01  8.944296e-03  5.202819e-03  4.849942e-04  8.101867e-05  2.884127e-03  0.000000e+00  8.190660e-04  0.000000e+00  0.000000e+00  0.000000e+00  0.000000e+00  0.000000e+00  5.980459e-04  0.000000e+00  0.000000e+00  0.000000e+00
4.223954e+01  7.186304e-03  3.886536e-03  1.137657e-03  0.000000e+00  1.212739e-03  0.000000e+00  6.418581e-04  0.000000e+00  0.000000e+00  0.000000e+00  1.808087e-03  0.000000e+00  3.803784e-03  0.000000e+00  0.000000e+00  0.000000e+00
4.739354e+01  7.849931e-03  2.558390e-03  6.435541e-05  1.770056e-04  8.359404e-04  0.000000e+00  2.307579e-04  0.000000e+00  0.000000e+00  0.000000e+00  0.000000e+00  0.000000e+00  3.039190e-03  0.000000e+00  0.000000e+00  0.000000e+00
5.317643e+01  7.330611e-03  1.438997e-03  1.579446e-04  0.000000e+00  2.976361e-03  0.000000e+00  3.052010e-04  0.000000e+00  0.000000e+00  0.000000e+00  8.921976e-04  0.000000e+00  0.000000e+00  0.000000e+00  0.000000e+00  0.000000e+00
5.966493e+01  8.605322e-03  4.692324e-03  1.768355e-04  8.964895e-05  2.392714e-03  0.000000e+00  2.600229e-03  0.000000e+00  0.000000e+00  0.000000e+00  7.924792e-04  0.000000e+00  7.148158e-04  0.000000e+00  0.000000e+00  0.000000e+00
6.694516e+01  1.004995e-02  4.375469e-03  2.997389e-04  0.000000e+00  1.539273e-03  0.000000e+00  5.034109e-04  0.000000e+00  6.802311e-04  0.000000e+00  4.065498e-04  0.000000e+00  9.217894e-03  0.000000e+00  0.000000e+00  0.000000e+00
7.511370e+01  1.108463e-02  4.630271e-03  1.018809e-03  1.016827e-04  1.168084e-03  0.000000e+00  2.365434e-04  0.000000e+00  0.000000e+00  0.000000e+00  6.397513e-04  0.000000e+00  3.249519e+00  0.000000e+00  0.000000e+00  0.000000e+00
8.427896e+01  1.218069e-02  4.330303e-03  1.710791e-04  7.680099e-04  1.323951e-03  0.000000e+00  9.802792e-04  0.000000e+00  0.000000e+00  0.000000e+00  0.000000e+00  0.000000e+00  3.865168e+00  0.000000e+00  0.000000e+00  0.000000e+00
9.456255e+01  1.285934e-02  3.531308e-03  4.996737e-04  1.176967e-04  2.556544e-03  0.000000e+00  3.555666e-04  0.000000e+00  6.085483e-04  0.000000e+00  1.269816e-04  0.000000e+00  2.977229e+00  0.000000e+00  0.000000e+00  0.000000e+00
1.061009e+02  1.348225e-02  5.298542e-03  9.000653e-04  1.511492e-04  1.560521e-03  0.000000e+00  4.361630e-04  0.000000e+00  0.000000e+00  4.456438e-04  5.994143e-04  0.000000e+00  2.194113e+00  0.000000e+00  0.000000e+00  0.000000e+00
1.190472e+02  1.362423e-02  7.069681e-03  5.752105e-04  3.185665e-04  3.110921e-03  0.000000e+00  4.194076e-04  0.000000e+00  1.931056e-05  2.286198e-04  1.900043e+00  0.000000e+00  1.651110e+00  0.000000e+00  5.229066e-04  0.000000e+00
1.335731e+02  1.606708e-02  6.673143e-03  9.617957e-04  1.366899e-04  2.114662e-03  0.000000e+00  3.559629e-04  0.000000e+00  0.000000e+00  0.000000e+00  1.626656e+00  0.000000e+00  1.234841e+00  0.000000e+00  0.000000e+00  0.000000e+00
1.498715e+02  3.547511e-02  7.241673e-03  3.320385e-04  1.918572e-04  1.397101e-03  0.000000e+00  1.329382e-03  0.000000e+00  2.364179e-04  4.049721e-04  1.218029e+00  0.000000e+00  9.294329e-01  0.000000e+00  0.000000e+00  0.000000e+00
1.681586e+02  4.965398e-02  9.744737e-03  5.405195e-04  6.944391e-05  1.655902e-03  7.140697e-05  1.125952e-03  0.000000e+00  3.849573e-04  0.000000e+00  9.519692e-01  0.000000e+00  6.663208e-01  0.000000e+00  0.000000e+00  0.000000e+00
1.886771e+02  3.175684e-02  8.071606e-03  5.296829e-04  6.592619e-05  1.961526e-03  2.834949e-05  1.304678e-03  2.141136e-05  2.141136e-05  0.000000e+00  6.964639e-01  0.000000e+00  4.770436e-01  0.000000e+00  0.000000e+00  0.000000e+00
2.116992e+02  1.597717e-02  1.055881e-02  5.087626e-04  3.522551e-04  1.568544e-03  1.908289e-05  6.090375e-04  0.000000e+00  0.000000e+00  5.672058e-05  5.502822e-01  0.000000e+00  3.376939e-01  0.000000e+00  8.624552e-05  0.000000e+00
2.375304e+02  1.175465e-02  3.926364e-02  8.867324e-04  3.261673e-04  1.995564e-03  7.285415e-06  1.153128e-03  1.301012e-04  0.000000e+00  9.678205e-06  4.090408e-01  0.000000e+00  2.556337e-01  0.000000e+00  3.887152e-05  0.000000e+00
2.665135e+02  1.006571e-02  3.319290e-02  8.888009e-04  3.776096e-04  2.495229e-03  2.003236e-05  8.864690e-04  0.000000e+00  1.515808e-05  1.437282e-04  2.929223e-01  0.000000e+00  1.664759e-01  0.000000e+00  0.000000e+00  0.000000e+00
2.990330e+02  8.186510e-03  7.059846e-03  3.491838e-04  1.865808e-04  2.035397e-03  1.293888e-04  1.095453e-03  4.951521e-05  7.528952e-05  1.924399e-04  2.278819e-01  0.000000e+00  1.233937e-01  0.000000e+00  0.000000e+00  0.000000e+00
3.355206e+02  7.306129e-03  7.421214e-03  3.993580e-04  3.319520e-04  1.863122e-03  1.204049e-05  7.013297e-04  1.031536e-05  9.090444e-06  1.643629e-04  1.680314e-01  1.271142e-04  8.964560e-02  0.000000e+00  0.000000e+00  7.852916e-05
3.764603e+02  5.495333e-03  5.447385e-03  9.247488e-04  4.200821e-04  1.635925e-03  3.887015e-04  6.189494e-04  0.000000e+00  1.418182e-05  0.000000e+00  1.127082e-01  0.000000e+00  6.173950e-02  0.000000e+00  0.000000e+00  0.000000e+00
4.223954e+02  3.656860e-03  5.344295e-03  3.638654e-04  3.610383e-04  1.730075e-03  4.227488e-05  6.544202e-04  1.934468e-04  4.461818e-05  1.076590e-04  8.050502e-02  0.000000e+00  3.502838e-02  0.000000e+00  4.322516e-05  0.000000e+00
4.739354e+02  3.347593e-03  4.630613e-03  5.610943e-04  3.824081e-04  1.406819e-03  1.062028e-04  1.166269e-03  7.777829e-05  7.229972e-05  0.000000e+00  5.544132e-02  0.000000e+00  2.488224e-02  7.229972e-05  0.000000e+00  0.000000e+00
5.317643e+02  3.165114e-03  4.441789e-03  1.014787e-03  1.868060e-04  1.109673e-03  6.321002e-05  5.103381e-04  1.575756e-04  8.102418e-05  1.493412e-04  4.796856e-02  0.000000e+00  1.723300e-02  2.258087e-05  1.736327e-05  0.000000e+00
5.966493e+02  3.060963e-03  3.854164e-03  8.607819e-04  7.636057e-04  1.115007e-03  1.267685e-04  9.727893e-04  9.737495e-05  6.035412e-05  7.585521e-05  3.129831e-02  0.000000e+00  1.156744e-02  0.000000e+00  3.773415e-05  0.000000e+00
6.694516e+02  2.410680e-03  3.709076e-03  1.143742e-03  7.342643e-04  1.230498e-03  1.103428e-04  8.212733e-04  5.469890e-05  1.659453e-05  7.145707e-05  2.124387e-02  0.000000e+00  7.326836e-03  0.000000e+00  0.000000e+00  0.000000e+00
7.511370e+02  1.953218e-03  2.574319e-03  7.468227e-04  5.024489e-04  8.892251e-04  1.262737e-04  6.040021e-04  9.389058e-05  9.808386e-05  5.908369e-05  1.389184e-02  0.000000e+00  5.508700e-03  0.000000e+00  0.000000e+00  0.000000e+00
8.427896e+02  1.684515e-03  2.564288e-03  7.166227e-04  3.173483e-04  9.935713e-04  1.319337e-05  6.055032e-04  9.953759e-06  7.624157e-05  1.964074e-04  8.101750e-03  0.000000e+00  2.953502e-03  0.000000e+00  2.754848e-05  0.000000e+00
9.456255e+02  1.372094e-03  1.964936e-03  8.368129e-04  3.405185e-04  9.117998e-04  8.602159e-05  5.856604e-04  6.793226e-05  0.000000e+00  1.782400e-04  6.670006e-03  2.953662e-05  1.942975e-03  0.000000e+00  0.000000e+00  0.000000e+00
1.061009e+03  1.299137e-03  1.399287e-03  8.710370e-04  6.025815e-04  7.972759e-04  5.905431e-05  5.749573e-04  6.076000e-05  1.356822e-04  7.489127e-05  4.827384e-03  0.000000e+00  1.011549e-03  6.924422e-05  4.019705e-05  0.000000e+00
1.190472e+03  9.736198e-04  1.131702e-03  7.485798e-04  5.792558e-04  3.866304e-04  5.059552e-05  4.060818e-04  1.979184e-04  4.661108e-05  2.692696e-04  3.153899e-03  0.000000e+00  5.470141e-04  0.000000e+00  0.000000e+00  0.000000e+00
1.335731e+03  9.169451e-04  1.270841e-03  6.922694e-04  4.472851e-04  3.338460e-04  1.297157e-04  3.314977e-04  7.865479e-05  1.509348e-04  9.707008e-05  1.666097e-03  0.000000e+00  3.625893e-04  1.738192e-05  0.000000e+00  0.000000e+00
1.498715e+03  4.930059e-04  1.021769e-03  6.062343e-04  5.378111e-04  5.436995e-04  2.905228e-04  4.632536e-04  1.495259e-04  1.617047e-04  1.337309e-04  7.192519e-04  2.057401e-05  2.932813e-04  0.000000e+00  0.000000e+00  4.083869e-05
1.681586e+03  3.861418e-04  8.823475e-04  5.342058e-04  3.660473e-04  4.046682e-04  1.091379e-04  2.636311e-04  1.611798e-04  9.997412e-05  8.867103e-05  8.125589e-04  0.000000e+00  1.703290e-04  3.213456e-05  0.000000e+00  1.566863e-05
1.886771e+03  4.793704e-04  7.686293e-04  5.584052e-04  3.919112e-04  4.281479e-04  1.362376e-04  2.443852e-04  1.353759e-04  6.342768e-05  1.471777e-04  4.037029e-04  2.560406e-05  2.829646e-06  7.165238e-05  1.400721e-05  0.000000e+00
2.116992e+03  2.398510e-04  6.387114e-04  3.377865e-04  3.090750e-04  2.736219e-04  6.775262e-05  2.407218e-04  1.172188e-04  7.749451e-05  9.725199e-05  2.730579e-04  2.322843e-05  9.450797e-05  8.624552e-06  0.000000e+00  8.624552e-06
2.375304e+03  2.466978e-04  3.729078e-04  4.057939e-04  4.853364e-04  2.658219e-04  1.764963e-04  1.993385e-04  8.084600e-05  2.656865e-05  8.323972e-05  2.678562e-04  6.233595e-06  0.000000e+00  1.997382e-05  0.000000e+00  2.496140e-05
2.665135e+03  1.387607e-04  3.587936e-04  2.906163e-04  4.962740e-04  1.752206e-04  6.997396e-05  1.602286e-04  1.278358e-04  4.547823e-05  6.587163e-05  1.935950e-04  3.728764e-05  4.546562e-05  1.698187e-05  0.000000e+00  2.178168e-05
2.990330e+03  1.139483e-04  2.548583e-04  2.414173e-04  3.064298e-04  1.349284e-04  1.370278e-04  1.200453e-04  1.388957e-04  1.224045e-04  1.147188e-04  1.239846e-04  4.790030e-05  0.000000e+00  2.266406e-05  0.000000e+00  2.944026e-05
3.355206e+03  6.172035e-05  2.865736e-04  2.717902e-04  4.221246e-04  8.043490e-05  1.485169e-04  3.962350e-05  1.278324e-04  6.573519e-05  8.709237e-05  6.831228e-05  2.197179e-05  4.894330e-06  1.697351e-05  0.000000e+00  9.020551e-06
3.764603e+03  4.837391e-05  1.580184e-04  2.517542e-04  2.637332e-04  5.557952e-05  1.567243e-04  2.626019e-05  6.235485e-05  1.016020e-04  1.012046e-04  9.602539e-05  3.084879e-05  3.189632e-06  1.964799e-05  0.000000e+00  5.438988e-05
4.223954e+03  3.064197e-05  5.802306e-05  1.189988e-04  2.160685e-04  4.924050e-05  6.660931e-05  4.950011e-05  1.116601e-04  7.274595e-05  1.016330e-04  5.200725e-05  4.884030e-05  0.000000e+00  2.674226e-05  0.000000e+00  4.345147e-05
4.739354e+03  1.013938e-05  1.048512e-04  1.324058e-04  2.365529e-04  3.764294e-05  1.201303e-04  1.820804e-05  7.129352e-05  4.985693e-05  5.293268e-05  4.175773e-05  1.682115e-05  5.576372e-06  1.076041e-05  0.000000e+00  3.513074e-05
5.317643e+03  8.334913e-06  9.496667e-05  1.260898e-04  1.402020e-04  3.046427e-05  1.152041e-04  1.637029e-05  8.865742e-05  4.490980e-05  8.328487e-05  6.228929e-05  2.905235e-05  0.000000e+00  2.718687e-05  0.000000e+00  2.482291e-05
5.966493e+03  2.018112e-05  4.858684e-05  8.407506e-05  1.376195e-04  2.044700e-05  6.210145e-05  3.310440e-05  6.488338e-05  4.615126e-05  5.222082e-05  6.484800e-06  2.219231e-05  0.000000e+00  1.235426e-05  0.000000e+00  1.311386e-05
6.694516e+03  2.211763e-06  5.035048e-05  5.876333e-05  9.100769e-05  1.954816e-05  1.339994e-04  2.200922e-05  7.300299e-05  4.423289e-05  4.346575e-05  3.909105e-05  1.024913e-05  0.000000e+00  1.332567e-05  0.000000e+00  3.935781e-06
7.511370e+03  9.783038e-06  4.349473e-05  4.802117e-05  5.866297e-05  8.242050e-06  9.208744e-05  1.615822e-05  7.064074e-05  4.196703e-06  3.401486e-05  2.169039e-05  1.397050e-05  0.000000e+00  8.700987e-06  0.000000e+00  3.056084e-05
8.427896e+03  5.610323e-06  3.812264e-05  2.020235e-05  6.130054e-05  1.020121e-05  9.344336e-05  1.299829e-05  6.452485e-05  1.266470e-05  1.939500e-05  6.458680e-06  2.522121e-05  0.000000e+00  5.985436e-06  0.000000e+00  2.983194e-05
9.456255e+03  0.000000e+00  1.183104e-05  1.779500e-05  6.976162e-05  7.244437e-06  5.756946e-05  1.930797e-06  3.752679e-05  1.725470e-05  1.120160e-05  2.981124e-05  3.985264e-05  0.000000e+00  1.241538e-05  0.000000e+00  6.022429e-06
1.061009e+04  0.000000e+00  2.142349e-05  9.889011e-06  4.049920e-05  6.192405e-06  4.377924e-05  2.290693e-05  1.846963e-05  7.489442e-06  2.390812e-05  1.927538e-05  5.536194e-06  0.000000e+00  1.395528e-06  0.000000e+00  1.720830e-05
1.190472e+04  0.000000e+00  4.997446e-06  2.213252e-06  2.683135e-05  0.000000e+00  2.778510e-05  1.008650e-06  1.340580e-05  2.487532e-06  1.822651e-05  1.270148e-05  2.655720e-06  0.000000e+00  7.650441e-06  0.000000e+00  2.095100e-05
1.335731e+04  0.000000e+00  1.139997e-05  7.245859e-06  2.375242e-05  0.000000e+00  1.679005e-05  1.685522e-06  8.867770e-06  3.795614e-06  8.885606e-06  1.363045e-05  1.010794e-05  0.000000e+00  0.000000e+00  0.000000e+00  1.482307e-05
1.498715e+04  0.000000e+00  2.904533e-06  2.057401e-06  9.951220e-06  0.000000e+00  1.463381e-05  0.000000e+00  6.249927e-06  2.845733e-06  4.918320e-06  2.436501e-06  3.131572e-06  0.000000e+00  2.206209e-06  0.000000e+00  1.328065e-05
1.681586e+04  0.000000e+00  5.328287e-06  8.805187e-07  6.817636e-06  0.000000e+00  1.876677e-05  7.140697e-07  6.090265e-06  0.000000e+00  1.833660e-06  1.660966e-06  2.905721e-06  0.000000e+00  1.301103e-05  0.000000e+00  1.052930e-05
1.886771e+04  0.000000e+00  5.104281e-06  0.000000e+00  3.645761e-06  0.000000e+00  1.067138e-05  0.000000e+00  5.311733e-06  0.000000e+00  0.000000e+00  6.412800e-06  4.235101e-06  0.000000e+00  5.897534e-06  0.000000e+00  1.647925e-05
2.116992e+04  0.000000e+00  5.672058e-07  0.000000e+00  5.980180e-06  0.000000e+00  1.630698e-06  0.000000e+00  2.233510e-06  0.000000e+00  0.000000e+00  0.000000e+00  1.618589e-06  0.000000e+00  5.927211e-06  0.000000e+00  2.233510e-06
2.375304e+04  0.000000e+00  0.000000e+00  0.000000e+00  5.055227e-07  0.000000e+00  4.567365e-06  1.109254e-06  1.628908e-06  0.000000e+00  1.795536e-06  1.905397e-06  1.246719e-06  0.000000e+00  0.000000e+00  0.000000e+00  6.329714e-06
2.665135e+04  0.000000e+00  9.886235e-07  0.000000e+00  1.738361e-06  0.000000e+00  0.000000e+00  0.000000e+00  0.000000e+00  0.000000e+00  9.916347e-07  0.000000e+00  0.000000e+00  0.000000e+00  0.000000e+00  0.000000e+00  9.886235e-07
2.990330e+04  0.000000e+00  0.000000e+00  0.000000e+00  1.522848e-06  0.000000e+00  0.000000e+00  0.000000e+00  0.000000e+00  0.000000e+00  0.000000e+00  0.000000e+00  2.816736e-06  0.000000e+00  2.807398e-06  0.000000e+00  2.503686e-06
3.355206e+04  0.000000e+00  0.000000e+00  0.000000e+00  0.000000e+00  0.000000e+00  0.000000e+00  0.000000e+00  0.000000e+00  0.000000e+00  0.000000e+00  0.000000e+00  5.441725e-07  0.000000e+00  2.751893e-07  0.000000e+00  1.575367e-06
3.764603e+04  0.000000e+00  0.000000e+00  0.000000e+00  8.190660e-07  0.000000e+00  0.000000e+00  0.000000e+00  0.000000e+00  0.000000e+00  0.000000e+00  0.000000e+00  1.209641e-06  0.000000e+00  8.190660e-07  0.000000e+00  3.189632e-07
4.223954e+04  0.000000e+00  0.000000e+00  0.000000e+00  6.612425e-07  0.000000e+00  0.000000e+00  0.000000e+00  1.767548e-06  0.000000e+00  0.000000e+00  0.000000e+00  2.158628e-06  0.000000e+00  0.000000e+00  0.000000e+00  0.000000e+00
4.739354e+04  0.000000e+00  0.000000e+00  0.000000e+00  0.000000e+00  0.000000e+00  0.000000e+00  0.000000e+00  2.533615e-07  0.000000e+00  0.000000e+00  0.000000e+00  8.426945e-07  0.000000e+00  9.608520e-07  0.000000e+00  0.000000e+00
5.317643e+04  0.000000e+00  0.000000e+00  0.000000e+00  0.000000e+00  0.000000e+00  0.000000e+00  0.000000e+00  0.000000e+00  0.000000e+00  0.000000e+00  0.000000e+00  0.000000e+00  0.000000e+00  0.000000e+00  0.000000e+00  0.000000e+00
5.966493e+04  0.000000e+00  0.000000e+00  0.000000e+00  0.000000e+00  0.000000e+00  0.000000e+00  0.000000e+00  0.000000e+00  0.000000e+00  0.000000e+00  0.000000e+00  0.000000e+00  0.000000e+00  0.000000e+00  0.000000e+00  0.000000e+00
6.694516e+04  0.000000e+00  0.000000e+00  0.000000e+00  0.000000e+00  0.000000e+00  0.000000e+00  0.000000e+00  0.000000e+00  0.000000e+00  0.000000e+00  0.000000e+00  0.000000e+00  0.000000e+00  0.000000e+00  0.000000e+00  7.573246e-07
7.511370e+04  0.000000e+00  0.000000e+00  0.000000e+00  0.000000e+00  0.000000e+00  0.000000e+00  0.000000e+00  0.000000e+00  0.000000e+00  0.000000e+00  0.000000e+00  0.000000e+00  0.000000e+00  0.000000e+00  0.000000e+00  4.196703e-07
8.427896e+04  0.000000e+00  0.000000e+00  0.000000e+00  0.000000e+00  0.000000e+00  0.000000e+00  0.000000e+00  0.000000e+00  0.000000e+00  0.000000e+00  0.000000e+00  0.000000e+00  0.000000e+00  0.000000e+00  0.000000e+00  0.000000e+00
9.456255e+04  0.000000e+00  0.000000e+00  0.000000e+00  0.000000e+00  0.000000e+00  0.000000e+00  0.000000e+00  0.000000e+00  0.000000e+00  0.000000e+00  0.000000e+00  0.000000e+00  0.000000e+00  0.000000e+00  0.000000e+00  0.000000e+00
1.061009e+05  0.000000e+00  0.000000e+00  0.000000e+00  0.000000e+00  0.000000e+00  0.000000e+00  0.000000e+00  0.000000e+00  0.000000e+00  0.000000e+00  0.000000e+00  0.000000e+00  0.000000e+00  0.000000e+00  0.000000e+00  0.000000e+00
1.190472e+05  0.000000e+00  0.000000e+00  0.000000e+00  0.000000e+00  0.000000e+00  0.000000e+00  0.000000e+00  0.000000e+00  0.000000e+00  0.000000e+00  0.000000e+00  0.000000e+00  0.000000e+00  0.000000e+00  0.000000e+00  0.000000e+00
1.335731e+05  0.000000e+00  0.000000e+00  0.000000e+00  0.000000e+00  0.000000e+00  0.000000e+00  0.000000e+00  0.000000e+00  0.000000e+00  0.000000e+00  0.000000e+00  0.000000e+00  0.000000e+00  0.000000e+00  0.000000e+00  0.000000e+00
1.498715e+05  0.000000e+00  0.000000e+00  0.000000e+00  0.000000e+00  0.000000e+00  0.000000e+00  0.000000e+00  0.000000e+00  0.000000e+00  0.000000e+00  0.000000e+00  0.000000e+00  0.000000e+00  0.000000e+00  0.000000e+00  0.000000e+00
1.681586e+05  0.000000e+00  0.000000e+00  0.000000e+00  0.000000e+00  0.000000e+00  0.000000e+00  0.000000e+00  0.000000e+00  0.000000e+00  0.000000e+00  0.000000e+00  0.000000e+00  0.000000e+00  0.000000e+00  0.000000e+00  0.000000e+00
1.886771e+05  0.000000e+00  0.000000e+00  0.000000e+00  0.000000e+00  0.000000e+00  0.000000e+00  0.000000e+00  0.000000e+00  0.000000e+00  0.000000e+00  0.000000e+00  0.000000e+00  0.000000e+00  0.000000e+00  0.000000e+00  0.000000e+00
2.116992e+05  0.000000e+00  0.000000e+00  0.000000e+00  0.000000e+00  0.000000e+00  0.000000e+00  0.000000e+00  0.000000e+00  0.000000e+00  0.000000e+00  0.000000e+00  0.000000e+00  0.000000e+00  0.000000e+00  0.000000e+00  0.000000e+00
2.375304e+05  0.000000e+00  0.000000e+00  0.000000e+00  0.000000e+00  0.000000e+00  0.000000e+00  0.000000e+00  0.000000e+00  0.000000e+00  0.000000e+00  0.000000e+00  0.000000e+00  0.000000e+00  0.000000e+00  0.000000e+00  0.000000e+00
2.665135e+05  0.000000e+00  0.000000e+00  0.000000e+00  0.000000e+00  0.000000e+00  0.000000e+00  0.000000e+00  0.000000e+00  0.000000e+00  0.000000e+00  0.000000e+00  0.000000e+00  0.000000e+00  0.000000e+00  0.000000e+00  0.000000e+00
2.990330e+05  0.000000e+00  0.000000e+00  0.000000e+00  0.000000e+00  0.000000e+00  0.000000e+00  0.000000e+00  0.000000e+00  0.000000e+00  0.000000e+00  0.000000e+00  0.000000e+00  0.000000e+00  0.000000e+00  0.000000e+00  0.000000e+00
3.355206e+05  0.000000e+00  0.000000e+00  0.000000e+00  0.000000e+00  0.000000e+00  0.000000e+00  0.000000e+00  0.000000e+00  0.000000e+00  0.000000e+00  0.000000e+00  0.000000e+00  0.000000e+00  0.000000e+00  0.000000e+00  0.000000e+00
3.764603e+05  0.000000e+00  0.000000e+00  0.000000e+00  0.000000e+00  0.000000e+00  0.000000e+00  0.000000e+00  0.000000e+00  0.000000e+00  0.000000e+00  0.000000e+00  0.000000e+00  0.000000e+00  0.000000e+00  0.000000e+00  0.000000e+00
4.223954e+05  0.000000e+00  0.000000e+00  0.000000e+00  0.000000e+00  0.000000e+00  0.000000e+00  0.000000e+00  0.000000e+00  0.000000e+00  0.000000e+00  0.000000e+00  0.000000e+00  0.000000e+00  0.000000e+00  0.000000e+00  0.000000e+00
4.739354e+05  0.000000e+00  0.000000e+00  0.000000e+00  0.000000e+00  0.000000e+00  0.000000e+00  0.000000e+00  0.000000e+00  0.000000e+00  0.000000e+00  0.000000e+00  0.000000e+00  0.000000e+00  0.000000e+00  0.000000e+00  0.000000e+00
5.317643e+05  0.000000e+00  0.000000e+00  0.000000e+00  0.000000e+00  0.000000e+00  0.000000e+00  0.000000e+00  0.000000e+00  0.000000e+00  0.000000e+00  0.000000e+00  0.000000e+00  0.000000e+00  0.000000e+00  0.000000e+00  0.000000e+00
5.966493e+05  0.000000e+00  0.000000e+00  0.000000e+00  0.000000e+00  0.000000e+00  0.000000e+00  0.000000e+00  0.000000e+00  0.000000e+00  0.000000e+00  0.000000e+00  0.000000e+00  0.000000e+00  0.000000e+00  0.000000e+00  0.000000e+00
6.694516e+05  0.000000e+00  0.000000e+00  0.000000e+00  0.000000e+00  0.000000e+00  0.000000e+00  0.000000e+00  0.000000e+00  0.000000e+00  0.000000e+00  0.000000e+00  0.000000e+00  0.000000e+00  0.000000e+00  0.000000e+00  0.000000e+00
7.511370e+05  0.000000e+00  0.000000e+00  0.000000e+00  0.000000e+00  0.000000e+00  0.000000e+00  0.000000e+00  0.000000e+00  0.000000e+00  0.000000e+00  0.000000e+00  0.000000e+00  0.000000e+00  0.000000e+00  0.000000e+00  0.000000e+00
8.427896e+05  0.000000e+00  0.000000e+00  0.000000e+00  0.000000e+00  0.000000e+00  0.000000e+00  0.000000e+00  0.000000e+00  0.000000e+00  0.000000e+00  0.000000e+00  0.000000e+00  0.000000e+00  0.000000e+00  0.000000e+00  0.000000e+00
9.456255e+05  0.000000e+00  0.000000e+00  0.000000e+00  0.000000e+00  0.000000e+00  0.000000e+00  0.000000e+00  0.000000e+00  0.000000e+00  0.000000e+00  0.000000e+00  0.000000e+00  0.000000e+00  0.000000e+00  0.000000e+00  0.000000e+00
