# dR/dEr [1/keV/kg/Myr]
# Er [keV], S, F, Ne, Cl, Na, Si, O, P, N, C, Al, Mg, Be, B, Ar, Li
1.061009e+01  1.104768e+01  9.168796e+00  0.000000e+00  0.000000e+00  4.569660e+00  0.000000e+00  6.700081e-01  0.000000e+00  0.000000e+00  0.000000e+00  0.000000e+00  0.000000e+00  1.495840e-01  0.000000e+00  0.000000e+00  0.000000e+00
1.190472e+01  3.733823e+00  1.516908e+00  0.000000e+00  0.000000e+00  1.196331e+00  0.000000e+00  0.000000e+00  0.000000e+00  0.000000e+00  0.000000e+00  0.000000e+00  0.000000e+00  0.000000e+00  0.000000e+00  0.000000e+00  0.000000e+00
1.335731e+01  5.540490e+00  1.189752e+00  0.000000e+00  0.000000e+00  0.000000e+00  0.000000e+00  0.000000e+00  0.000000e+00  0.000000e+00  0.000000e+00  0.000000e+00  0.000000e+00  0.000000e+00  0.000000e+00  0.000000e+00  0.000000e+00
1.498715e+01  1.376277e+00  2.232535e+00  0.000000e+00  0.000000e+00  6.659345e-01  0.000000e+00  2.223261e-01  0.000000e+00  0.000000e+00  0.000000e+00  0.000000e+00  0.000000e+00  0.000000e+00  0.000000e+00  0.000000e+00  0.000000e+00
1.681586e+01  3.404630e+00  2.066319e+00  4.885882e-01  0.000000e+00  9.729073e-01  1.981484e-01  0.000000e+00  0.000000e+00  0.000000e+00  0.000000e+00  0.000000e+00  0.000000e+00  0.000000e+00  0.000000e+00  0.000000e+00  0.000000e+00
1.886771e+01  2.322524e+00  2.119342e+00  0.000000e+00  0.000000e+00  4.354547e-01  0.000000e+00  0.000000e+00  0.000000e+00  0.000000e+00  0.000000e+00  0.000000e+00  0.000000e+00  0.000000e+00  0.000000e+00  0.000000e+00  0.000000e+00
2.116992e+01  2.413241e+00  2.528299e+00  0.000000e+00  0.000000e+00  4.746158e-01  0.000000e+00  2.061552e-01  0.000000e+00  0.000000e+00  0.000000e+00  4.835669e-01  0.000000e+00  0.000000e+00  0.000000e+00  0.000000e+00  0.000000e+00
2.375304e+01  4.458270e+00  8.604295e-01  7.819199e-01  0.000000e+00  1.572313e+00  0.000000e+00  3.458940e-01  0.000000e+00  0.000000e+00  0.000000e+00  0.000000e+00  0.000000e+00  0.000000e+00  0.000000e+00  0.000000e+00  0.000000e+00
2.665135e+01  4.148948e+00  2.612836e+00  1.637549e-01  6.620414e-02  2.587874e-01  0.000000e+00  0.000000e+00  7.742781e-01  0.000000e+00  0.000000e+00  0.000000e+00  0.000000e+00  0.000000e+00  0.000000e+00  0.000000e+00  0.000000e+00
2.990330e+01  4.540594e+00  2.066194e+00  1.961248e-01  0.000000e+00  7.707185e-01  0.000000e+00  2.573737e-01  0.000000e+00  0.000000e+00  0.000000e+00  1.678832e-01  0.000000e+00  5.579525e-01  0.000000e+00  0.000000e+00  0.000000e+00
3.355206e+01  5.859148e+00  1.796426e+00  2.189121e-01  0.000000e+00  4.295374e-01  0.000000e+00  8.493122e-01  0.000000e+00  0.000000e+00  0.000000e+00  5.125226e-01  0.000000e+00  7.419854e-01  0.000000e+00  0.000000e+00  0.000000e+00
3.764603e+01  7.077824e+00  1.883458e+00  8.744002e-03  1.159296e-01  1.261638e+00  0.000000e+00  6.830090e-02  0.000000e+00  0.000000e+00  0.000000e+00  0.000000e+00  0.000000e+00  1.358881e-02  0.000000e+00  0.000000e+00  0.000000e+00
4.223954e+01  6.137575e+00  3.034201e+00  2.929736e-01  0.000000e+00  1.488962e+00  0.000000e+00  1.698796e-01  0.000000e+00  0.000000e+00  0.000000e+00  2.535651e-01  0.000000e+00  1.829689e+00  0.000000e+00  0.000000e+00  0.000000e+00
4.739354e+01  8.137236e+00  3.255141e+00  9.208614e-02  2.470640e-01  3.898438e-01  0.000000e+00  3.308340e-01  0.000000e+00  0.000000e+00  0.000000e+00  0.000000e+00  0.000000e+00  7.566174e-01  0.000000e+00  0.000000e+00  0.000000e+00
5.317643e+01  7.473072e+00  1.717565e+00  2.268037e-01  0.000000e+00  1.269493e+00  0.000000e+00  4.385765e-01  0.000000e+00  0.000000e+00  0.000000e+00  1.925114e-01  0.000000e+00  0.000000e+00  0.000000e+00  0.000000e+00  0.000000e+00
5.966493e+01  9.414312e+00  3.602539e+00  2.532990e-01  1.289924e-01  1.022699e+00  0.000000e+00  7.522447e-01  0.000000e+00  0.000000e+00  0.000000e+00  2.434011e-01  0.000000e+00  1.049198e-01  0.000000e+00  0.000000e+00  0.000000e+00
6.694516e+01  1.060342e+01  3.024616e+00  4.272509e-01  0.000000e+00  1.352693e+00  0.000000e+00  1.490842e-01  0.000000e+00  1.215803e-01  0.000000e+00  3.159485e-01  0.000000e+00  4.466022e+00  0.000000e+00  0.000000e+00  0.000000e+00
7.511370e+01  1.114066e+01  4.240796e+00  5.673625e-01  1.421443e-01  9.356285e-01  0.000000e+00  3.293338e-01  0.000000e+00  0.000000e+00  0.000000e+00  1.647512e-01  0.000000e+00  1.279113e+03  0.000000e+00  0.000000e+00  0.000000e+00
8.427896e+01  1.407832e+01  4.392107e+00  2.418386e-01  4.160798e-01  1.201990e+00  0.000000e+00  7.736820e-01  0.000000e+00  0.000000e+00  0.000000e+00  0.000000e+00  0.000000e+00  1.546225e+03  0.000000e+00  0.000000e+00  0.000000e+00
9.456255e+01  1.366864e+01  3.474464e+00  4.666225e-01  1.663541e-01  1.377494e+00  0.000000e+00  1.699674e-01  0.000000e+00  8.751362e-02  0.000000e+00  1.441344e-03  0.000000e+00  1.185218e+03  0.000000e+00  0.000000e+00  0.000000e+00
1.061009e+02  1.575236e+01  4.669037e+00  3.529589e-01  5.656009e-02  1.503750e+00  0.000000e+00  2.815004e-01  0.000000e+00  0.000000e+00  1.368745e-01  2.790589e-01  0.000000e+00  8.872401e+02  0.000000e+00  0.000000e+00  0.000000e+00
1.190472e+02  1.695208e+01  5.953050e+00  5.857707e-01  1.059986e-01  1.785375e+00  0.000000e+00  2.339845e-01  0.000000e+00  2.798920e-02  1.776709e-01  7.739213e+02  0.000000e+00  6.577918e+02  0.000000e+00  8.777096e-02  0.000000e+00
1.335731e+02  1.913875e+01  6.141214e+00  5.401488e-01  2.464395e-03  1.675236e+00  0.000000e+00  2.471962e-01  0.000000e+00  0.000000e+00  0.000000e+00  6.548519e+02  0.000000e+00  4.882571e+02  0.000000e+00  0.000000e+00  0.000000e+00
1.498715e+02  4.607612e+01  7.268481e+00  3.002911e-01  9.871000e-02  8.858287e-01  0.000000e+00  7.013372e-01  0.000000e+00  6.162164e-02  1.429831e-01  4.894845e+02  0.000000e+00  3.657305e+02  0.000000e+00  0.000000e+00  0.000000e+00
1.681586e+02  6.578982e+01  7.536653e+00  4.771188e-01  9.729073e-02  9.442687e-01  8.105275e-04  6.405945e-01  0.000000e+00  1.229412e-01  0.000000e+00  3.721583e+02  0.000000e+00  2.687917e+02  0.000000e+00  0.000000e+00  0.000000e+00
1.886771e+02  3.892862e+01  8.429595e+00  3.718995e-01  9.404375e-02  1.805017e+00  4.079099e-02  6.973970e-01  3.012177e-02  3.012177e-02  0.000000e+00  2.706249e+02  0.000000e+00  1.930117e+02  0.000000e+00  0.000000e+00  0.000000e+00
2.116992e+02  1.725746e+01  1.080375e+01  4.329294e-01  3.025028e-01  9.061123e-01  2.684606e-02  4.272679e-01  0.000000e+00  0.000000e+00  6.438249e-04  2.172293e+02  0.000000e+00  1.334971e+02  0.000000e+00  1.554928e-03  0.000000e+00
2.375304e+02  1.266337e+01  5.176119e+01  6.399961e-01  2.260183e-01  1.202509e+00  1.066282e-02  6.087556e-01  5.144944e-02  0.000000e+00  1.402783e-02  1.621595e+02  0.000000e+00  9.921104e+01  0.000000e+00  4.999514e-02  0.000000e+00
2.665135e+02  1.049190e+01  4.337271e+01  6.137117e-01  2.488149e-01  1.767304e+00  2.755940e-02  4.304710e-01  0.000000e+00  2.132458e-02  7.459313e-02  1.173568e+02  0.000000e+00  6.663268e+01  0.000000e+00  0.000000e+00  0.000000e+00
2.990330e+02  6.705322e+00  6.876641e+00  3.443103e-01  1.261227e-01  1.310931e+00  1.568752e-02  8.077014e-01  7.083355e-04  1.710730e-03  2.767424e-02  8.949016e+01  0.000000e+00  4.930526e+01  0.000000e+00  0.000000e+00  0.000000e+00
3.355206e+02  6.061145e+00  6.357787e+00  4.196104e-01  1.887368e-01  1.338907e+00  1.693872e-02  5.625287e-01  1.509740e-02  1.300751e-02  6.829879e-02  6.691852e+01  1.865767e-02  3.587322e+01  0.000000e+00  0.000000e+00  3.556496e-03
3.764603e+02  4.039833e+00  4.733526e+00  5.932299e-01  2.548798e-01  1.460277e+00  5.700231e-02  3.990588e-01  0.000000e+00  1.951056e-02  0.000000e+00  4.284395e+01  0.000000e+00  2.552890e+01  0.000000e+00  0.000000e+00  0.000000e+00
4.223954e+02  2.613083e+00  4.209785e+00  3.279195e-01  2.065746e-01  1.293220e+00  1.083370e-02  5.048086e-01  6.411615e-02  1.395637e-02  5.085377e-02  3.290332e+01  0.000000e+00  1.318939e+01  0.000000e+00  7.793100e-04  0.000000e+00
4.739354e+02  2.264013e+00  3.534337e+00  4.826849e-01  2.694784e-01  1.157121e+00  3.985100e-02  6.349237e-01  6.134809e-02  4.354086e-02  0.000000e+00  2.148034e+01  0.000000e+00  9.334485e+00  4.354086e-02  0.000000e+00  0.000000e+00
5.317643e+02  1.873871e+00  2.433738e+00  5.681638e-01  1.470995e-01  1.074479e+00  3.056625e-02  4.066461e-01  6.103221e-02  6.246353e-02  3.325682e-02  1.794860e+01  0.000000e+00  6.973713e+00  2.563113e-04  2.233201e-02  0.000000e+00
5.966493e+02  1.687392e+00  2.229897e+00  5.828771e-01  3.348783e-01  1.042639e+00  5.971227e-02  4.977590e-01  5.828944e-02  2.200791e-02  2.796387e-02  1.218093e+01  0.000000e+00  4.862940e+00  0.000000e+00  8.573961e-04  0.000000e+00
6.694516e+02  1.364234e+00  1.930110e+00  6.778262e-01  4.228846e-01  1.041351e+00  4.914015e-02  5.318739e-01  2.955914e-02  2.324438e-02  1.713529e-02  8.429913e+00  0.000000e+00  3.040116e+00  0.000000e+00  0.000000e+00  0.000000e+00
7.511370e+02  1.084972e+00  1.490533e+00  4.515896e-01  3.318884e-01  6.737023e-01  1.616633e-02  3.988241e-01  3.855422e-02  3.913506e-02  1.170596e-02  5.884818e+00  0.000000e+00  1.994546e+00  0.000000e+00  0.000000e+00  0.000000e+00
8.427896e+02  7.216931e-01  1.322431e+00  4.180601e-01  3.007534e-01  7.993862e-01  1.888058e-02  4.473221e-01  1.389343e-02  1.135152e-02  5.630068e-02  3.058605e+00  0.000000e+00  1.074818e+00  0.000000e+00  2.379838e-02  0.000000e+00
9.456255e+02  7.292640e-01  9.903008e-01  5.572744e-01  2.524744e-01  6.565467e-01  4.457582e-02  4.710461e-01  4.077061e-02  0.000000e+00  3.598011e-02  2.669185e+00  1.865886e-03  7.480299e-01  0.000000e+00  0.000000e+00  0.000000e+00
1.061009e+03  6.429198e-01  6.916438e-01  5.389743e-01  3.492416e-01  5.625214e-01  4.021860e-02  4.142537e-01  3.490278e-02  7.496190e-02  2.006125e-02  1.822597e+00  0.000000e+00  3.180470e-01  9.334173e-03  5.900073e-03  0.000000e+00
1.190472e+03  4.501260e-01  5.995939e-01  4.810142e-01  3.607819e-01  3.503772e-01  4.923864e-02  2.788581e-01  5.577720e-02  2.045723e-02  6.459200e-02  1.110054e+00  0.000000e+00  2.831509e-01  0.000000e+00  0.000000e+00  0.000000e+00
1.335731e+03  4.373148e-01  5.881087e-01  4.106983e-01  2.579312e-01  3.050134e-01  3.287374e-02  3.187556e-01  2.368187e-02  4.173245e-02  1.611083e-02  5.168321e-01  0.000000e+00  1.329378e-01  1.501576e-02  0.000000e+00  0.000000e+00
1.498715e+03  2.749144e-01  4.317398e-01  3.126185e-01  3.159856e-01  2.423371e-01  8.687797e-02  3.158148e-01  6.962393e-02  6.805740e-02  3.019369e-02  2.755808e-01  1.715641e-03  1.639514e-01  0.000000e+00  0.000000e+00  3.471407e-03
1.681586e+03  1.466463e-01  4.338524e-01  2.704439e-01  2.553861e-01  2.967084e-01  3.691905e-02  2.100356e-01  5.730918e-02  5.162164e-02  4.514143e-02  3.233763e-01  0.000000e+00  7.525904e-02  1.322658e-02  0.000000e+00  7.096142e-04
1.886771e+03  1.912786e-01  2.907139e-01  2.863811e-01  2.950486e-01  2.494433e-01  4.840426e-02  1.888721e-01  5.400240e-02  3.222881e-02  4.354601e-02  1.614151e-01  1.115605e-02  3.892869e-03  1.985783e-02  4.205864e-04  0.000000e+00
2.116992e+03  1.270027e-01  3.012741e-01  1.716315e-01  1.897514e-01  1.070671e-01  3.881425e-02  1.561296e-01  4.546071e-02  1.537456e-02  2.898140e-02  9.485763e-02  6.032057e-03  3.292103e-02  1.554928e-04  0.000000e+00  1.554928e-04
2.375304e+03  7.406448e-02  1.638270e-01  1.844082e-01  2.954644e-01  1.250738e-01  7.853588e-02  1.437162e-01  3.513019e-02  1.924773e-02  1.221606e-02  9.931237e-02  8.917416e-05  0.000000e+00  4.309794e-03  0.000000e+00  6.171340e-03
2.665135e+03  6.654104e-02  1.399407e-01  1.379211e-01  2.774517e-01  6.182325e-02  3.370595e-02  9.150789e-02  6.945226e-02  1.834539e-02  3.800576e-02  6.301701e-02  1.595168e-02  8.612872e-03  6.260331e-03  0.000000e+00  8.901043e-03
2.990330e+03  2.616933e-02  9.804284e-02  9.769393e-02  2.032181e-01  4.835383e-02  5.651999e-02  6.782503e-02  3.955433e-02  3.199240e-02  3.259242e-02  5.054174e-02  7.550472e-03  0.000000e+00  5.750598e-03  0.000000e+00  1.389240e-02
3.355206e+03  2.131441e-02  1.187301e-01  1.165177e-01  2.210553e-01  2.604181e-02  5.227445e-02  3.371426e-02  2.966540e-02  1.606856e-02  2.271542e-02  1.624096e-02  8.190974e-03  5.016853e-03  1.496261e-03  0.000000e+00  1.387319e-04
3.764603e+03  8.015350e-03  4.888772e-02  8.484658e-02  1.336877e-01  2.121932e-02  5.535347e-02  2.314139e-02  2.124226e-02  1.759564e-02  2.924934e-02  2.466879e-02  4.008742e-03  3.620494e-05  5.613063e-03  0.000000e+00  1.279285e-02
4.223954e+03  2.727433e-03  2.884054e-02  4.152309e-02  1.028962e-01  1.288212e-02  2.155411e-02  2.231434e-02  2.953596e-02  2.005351e-02  2.343505e-02  1.684498e-02  5.893277e-03  0.000000e+00  7.095267e-03  0.000000e+00  7.972792e-03
4.739354e+03  2.611130e-03  2.928494e-02  4.362022e-02  1.045876e-01  1.117526e-02  2.777709e-02  7.725999e-03  2.355291e-02  1.024542e-02  1.564428e-02  1.414786e-02  5.384915e-03  1.674385e-04  8.158196e-04  0.000000e+00  3.493555e-03
5.317643e+03  4.643989e-03  2.957658e-02  3.752648e-02  6.189864e-02  3.483224e-03  2.473983e-02  4.209791e-03  3.880351e-02  1.771778e-02  1.924974e-02  1.005909e-02  6.078091e-03  0.000000e+00  8.172702e-03  0.000000e+00  6.858043e-03
5.966493e+03  4.231542e-03  1.586888e-02  2.252842e-02  4.541128e-02  4.694961e-03  2.477907e-02  5.825695e-03  2.502074e-02  1.006901e-02  1.453774e-02  7.862384e-04  2.205806e-03  0.000000e+00  2.567012e-03  0.000000e+00  3.650520e-03
6.694516e+03  3.164018e-05  1.204119e-02  1.687967e-02  3.679979e-02  2.589858e-03  4.124133e-02  3.127077e-03  1.457769e-02  1.188775e-02  1.383228e-02  1.132587e-02  7.466512e-03  0.000000e+00  2.058426e-03  0.000000e+00  1.782470e-04
7.511370e+03  1.175723e-03  1.026632e-02  1.204624e-02  1.701626e-02  3.294754e-03  2.464879e-02  5.356711e-03  1.397578e-02  2.892958e-03  7.925940e-03  1.130898e-03  4.148969e-03  0.000000e+00  4.285662e-04  0.000000e+00  1.016945e-02
8.427896e+03  1.723148e-03  1.018859e-02  6.084705e-03  1.147122e-02  2.279762e-03  3.177639e-02  4.057904e-03  2.721498e-02  4.510855e-03  4.843402e-03  5.019336e-03  6.344304e-03  0.000000e+00  2.700549e-04  0.000000e+00  3.491307e-03
9.456255e+03  0.000000e+00  2.583219e-03  6.156922e-03  1.874391e-02  2.048497e-03  1.960031e-02  3.481050e-05  1.062175e-02  5.801247e-03  3.732813e-03  8.538764e-03  8.551071e-03  0.000000e+00  3.478861e-03  0.000000e+00  5.308934e-04
1.061009e+04  0.000000e+00  4.805822e-03  2.065224e-03  1.131909e-02  9.958676e-04  1.594364e-02  3.760088e-03  5.446743e-03  5.213741e-04  5.189270e-03  6.204730e-03  4.041558e-03  0.000000e+00  1.996361e-05  0.000000e+00  3.161280e-03
1.190472e+04  0.000000e+00  1.121020e-04  1.002357e-04  6.732414e-03  0.000000e+00  6.085277e-03  1.144901e-05  1.184766e-03  3.558517e-05  5.481889e-03  5.473020e-03  1.571584e-03  0.000000e+00  1.367393e-03  0.000000e+00  2.371687e-03
1.335731e+04  0.000000e+00  2.473184e-03  2.964567e-03  7.411818e-03  0.000000e+00  3.842732e-03  3.829847e-05  2.192659e-03  3.614037e-04  4.367473e-03  2.968219e-03  1.146145e-03  0.000000e+00  0.000000e+00  0.000000e+00  2.107498e-03
1.498715e+04  0.000000e+00  1.459008e-03  1.715641e-04  1.263143e-03  0.000000e+00  3.059610e-03  0.000000e+00  2.810858e-03  4.176932e-04  1.021946e-03  4.392788e-05  1.535689e-03  0.000000e+00  3.609709e-05  0.000000e+00  2.699143e-03
1.681586e+04  0.000000e+00  4.107398e-04  1.259618e-05  7.059621e-04  0.000000e+00  4.892830e-03  8.105275e-06  8.880336e-04  0.000000e+00  1.529067e-04  1.049265e-04  1.013830e-04  0.000000e+00  2.446762e-03  0.000000e+00  2.271304e-03
1.886771e+04  0.000000e+00  6.329286e-04  0.000000e+00  1.128034e-03  0.000000e+00  2.955493e-03  0.000000e+00  2.261474e-03  0.000000e+00  0.000000e+00  1.581462e-03  1.241201e-03  0.000000e+00  1.877296e-03  0.000000e+00  2.749452e-03
2.116992e+04  0.000000e+00  6.438249e-06  0.000000e+00  1.305425e-03  0.000000e+00  3.060295e-05  0.000000e+00  6.859975e-04  0.000000e+00  0.000000e+00  0.000000e+00  9.747584e-04  0.000000e+00  2.426469e-03  0.000000e+00  6.859975e-04
2.375304e+04  0.000000e+00  0.000000e+00  0.000000e+00  5.738096e-06  0.000000e+00  8.304269e-04  5.023684e-05  1.974941e-04  0.000000e+00  2.635466e-04  7.024206e-04  1.783483e-05  0.000000e+00  0.000000e+00  0.000000e+00  1.624093e-03
2.665135e+04  0.000000e+00  4.477363e-05  0.000000e+00  8.232940e-04  0.000000e+00  0.000000e+00  0.000000e+00  0.000000e+00  0.000000e+00  2.977524e-05  0.000000e+00  0.000000e+00  0.000000e+00  0.000000e+00  0.000000e+00  4.477363e-05
2.990330e+04  0.000000e+00  0.000000e+00  0.000000e+00  2.721844e-04  0.000000e+00  0.000000e+00  0.000000e+00  0.000000e+00  0.000000e+00  0.000000e+00  0.000000e+00  4.290596e-04  0.000000e+00  7.148277e-04  0.000000e+00  4.254775e-04
3.355206e+04  0.000000e+00  0.000000e+00  0.000000e+00  0.000000e+00  0.000000e+00  0.000000e+00  0.000000e+00  0.000000e+00  0.000000e+00  0.000000e+00  0.000000e+00  9.810932e-06  0.000000e+00  3.539385e-04  0.000000e+00  4.730262e-05
3.764603e+04  0.000000e+00  0.000000e+00  0.000000e+00  6.830090e-05  0.000000e+00  0.000000e+00  0.000000e+00  0.000000e+00  0.000000e+00  0.000000e+00  0.000000e+00  2.162038e-04  0.000000e+00  6.830090e-05  0.000000e+00  3.620494e-06
4.223954e+04  0.000000e+00  0.000000e+00  0.000000e+00  4.177199e-05  0.000000e+00  0.000000e+00  0.000000e+00  7.431022e-04  0.000000e+00  0.000000e+00  0.000000e+00  2.585797e-04  0.000000e+00  0.000000e+00  0.000000e+00  0.000000e+00
4.739354e+04  0.000000e+00  0.000000e+00  0.000000e+00  0.000000e+00  0.000000e+00  0.000000e+00  0.000000e+00  2.875860e-06  0.000000e+00  0.000000e+00  0.000000e+00  4.010518e-05  0.000000e+00  1.717368e-04  0.000000e+00  0.000000e+00
5.317643e+04  0.000000e+00  0.000000e+00  0.000000e+00  0.000000e+00  0.000000e+00  0.000000e+00  0.000000e+00  0.000000e+00  0.000000e+00  0.000000e+00  0.000000e+00  0.000000e+00  0.000000e+00  0.000000e+00  0.000000e+00  0.000000e+00
5.966493e+04  0.000000e+00  0.000000e+00  0.000000e+00  0.000000e+00  0.000000e+00  0.000000e+00  0.000000e+00  0.000000e+00  0.000000e+00  0.000000e+00  0.000000e+00  0.000000e+00  0.000000e+00  0.000000e+00  0.000000e+00  0.000000e+00
6.694516e+04  0.000000e+00  0.000000e+00  0.000000e+00  0.000000e+00  0.000000e+00  0.000000e+00  0.000000e+00  0.000000e+00  0.000000e+00  0.000000e+00  0.000000e+00  0.000000e+00  0.000000e+00  0.000000e+00  0.000000e+00  7.210952e-05
7.511370e+04  0.000000e+00  0.000000e+00  0.000000e+00  0.000000e+00  0.000000e+00  0.000000e+00  0.000000e+00  0.000000e+00  0.000000e+00  0.000000e+00  0.000000e+00  0.000000e+00  0.000000e+00  0.000000e+00  0.000000e+00  2.892958e-04
8.427896e+04  0.000000e+00  0.000000e+00  0.000000e+00  0.000000e+00  0.000000e+00  0.000000e+00  0.000000e+00  0.000000e+00  0.000000e+00  0.000000e+00  0.000000e+00  0.000000e+00  0.000000e+00  0.000000e+00  0.000000e+00  0.000000e+00
9.456255e+04  0.000000e+00  0.000000e+00  0.000000e+00  0.000000e+00  0.000000e+00  0.000000e+00  0.000000e+00  0.000000e+00  0.000000e+00  0.000000e+00  0.000000e+00  0.000000e+00  0.000000e+00  0.000000e+00  0.000000e+00  0.000000e+00
1.061009e+05  0.000000e+00  0.000000e+00  0.000000e+00  0.000000e+00  0.000000e+00  0.000000e+00  0.000000e+00  0.000000e+00  0.000000e+00  0.000000e+00  0.000000e+00  0.000000e+00  0.000000e+00  0.000000e+00  0.000000e+00  0.000000e+00
1.190472e+05  0.000000e+00  0.000000e+00  0.000000e+00  0.000000e+00  0.000000e+00  0.000000e+00  0.000000e+00  0.000000e+00  0.000000e+00  0.000000e+00  0.000000e+00  0.000000e+00  0.000000e+00  0.000000e+00  0.000000e+00  0.000000e+00
1.335731e+05  0.000000e+00  0.000000e+00  0.000000e+00  0.000000e+00  0.000000e+00  0.000000e+00  0.000000e+00  0.000000e+00  0.000000e+00  0.000000e+00  0.000000e+00  0.000000e+00  0.000000e+00  0.000000e+00  0.000000e+00  0.000000e+00
1.498715e+05  0.000000e+00  0.000000e+00  0.000000e+00  0.000000e+00  0.000000e+00  0.000000e+00  0.000000e+00  0.000000e+00  0.000000e+00  0.000000e+00  0.000000e+00  0.000000e+00  0.000000e+00  0.000000e+00  0.000000e+00  0.000000e+00
1.681586e+05  0.000000e+00  0.000000e+00  0.000000e+00  0.000000e+00  0.000000e+00  0.000000e+00  0.000000e+00  0.000000e+00  0.000000e+00  0.000000e+00  0.000000e+00  0.000000e+00  0.000000e+00  0.000000e+00  0.000000e+00  0.000000e+00
1.886771e+05  0.000000e+00  0.000000e+00  0.000000e+00  0.000000e+00  0.000000e+00  0.000000e+00  0.000000e+00  0.000000e+00  0.000000e+00  0.000000e+00  0.000000e+00  0.000000e+00  0.000000e+00  0.000000e+00  0.000000e+00  0.000000e+00
2.116992e+05  0.000000e+00  0.000000e+00  0.000000e+00  0.000000e+00  0.000000e+00  0.000000e+00  0.000000e+00  0.000000e+00  0.000000e+00  0.000000e+00  0.000000e+00  0.000000e+00  0.000000e+00  0.000000e+00  0.000000e+00  0.000000e+00
2.375304e+05  0.000000e+00  0.000000e+00  0.000000e+00  0.000000e+00  0.000000e+00  0.000000e+00  0.000000e+00  0.000000e+00  0.000000e+00  0.000000e+00  0.000000e+00  0.000000e+00  0.000000e+00  0.000000e+00  0.000000e+00  0.000000e+00
2.665135e+05  0.000000e+00  0.000000e+00  0.000000e+00  0.000000e+00  0.000000e+00  0.000000e+00  0.000000e+00  0.000000e+00  0.000000e+00  0.000000e+00  0.000000e+00  0.000000e+00  0.000000e+00  0.000000e+00  0.000000e+00  0.000000e+00
2.990330e+05  0.000000e+00  0.000000e+00  0.000000e+00  0.000000e+00  0.000000e+00  0.000000e+00  0.000000e+00  0.000000e+00  0.000000e+00  0.000000e+00  0.000000e+00  0.000000e+00  0.000000e+00  0.000000e+00  0.000000e+00  0.000000e+00
3.355206e+05  0.000000e+00  0.000000e+00  0.000000e+00  0.000000e+00  0.000000e+00  0.000000e+00  0.000000e+00  0.000000e+00  0.000000e+00  0.000000e+00  0.000000e+00  0.000000e+00  0.000000e+00  0.000000e+00  0.000000e+00  0.000000e+00
3.764603e+05  0.000000e+00  0.000000e+00  0.000000e+00  0.000000e+00  0.000000e+00  0.000000e+00  0.000000e+00  0.000000e+00  0.000000e+00  0.000000e+00  0.000000e+00  0.000000e+00  0.000000e+00  0.000000e+00  0.000000e+00  0.000000e+00
4.223954e+05  0.000000e+00  0.000000e+00  0.000000e+00  0.000000e+00  0.000000e+00  0.000000e+00  0.000000e+00  0.000000e+00  0.000000e+00  0.000000e+00  0.000000e+00  0.000000e+00  0.000000e+00  0.000000e+00  0.000000e+00  0.000000e+00
4.739354e+05  0.000000e+00  0.000000e+00  0.000000e+00  0.000000e+00  0.000000e+00  0.000000e+00  0.000000e+00  0.000000e+00  0.000000e+00  0.000000e+00  0.000000e+00  0.000000e+00  0.000000e+00  0.000000e+00  0.000000e+00  0.000000e+00
5.317643e+05  0.000000e+00  0.000000e+00  0.000000e+00  0.000000e+00  0.000000e+00  0.000000e+00  0.000000e+00  0.000000e+00  0.000000e+00  0.000000e+00  0.000000e+00  0.000000e+00  0.000000e+00  0.000000e+00  0.000000e+00  0.000000e+00
5.966493e+05  0.000000e+00  0.000000e+00  0.000000e+00  0.000000e+00  0.000000e+00  0.000000e+00  0.000000e+00  0.000000e+00  0.000000e+00  0.000000e+00  0.000000e+00  0.000000e+00  0.000000e+00  0.000000e+00  0.000000e+00  0.000000e+00
6.694516e+05  0.000000e+00  0.000000e+00  0.000000e+00  0.000000e+00  0.000000e+00  0.000000e+00  0.000000e+00  0.000000e+00  0.000000e+00  0.000000e+00  0.000000e+00  0.000000e+00  0.000000e+00  0.000000e+00  0.000000e+00  0.000000e+00
7.511370e+05  0.000000e+00  0.000000e+00  0.000000e+00  0.000000e+00  0.000000e+00  0.000000e+00  0.000000e+00  0.000000e+00  0.000000e+00  0.000000e+00  0.000000e+00  0.000000e+00  0.000000e+00  0.000000e+00  0.000000e+00  0.000000e+00
8.427896e+05  0.000000e+00  0.000000e+00  0.000000e+00  0.000000e+00  0.000000e+00  0.000000e+00  0.000000e+00  0.000000e+00  0.000000e+00  0.000000e+00  0.000000e+00  0.000000e+00  0.000000e+00  0.000000e+00  0.000000e+00  0.000000e+00
9.456255e+05  0.000000e+00  0.000000e+00  0.000000e+00  0.000000e+00  0.000000e+00  0.000000e+00  0.000000e+00  0.000000e+00  0.000000e+00  0.000000e+00  0.000000e+00  0.000000e+00  0.000000e+00  0.000000e+00  0.000000e+00  0.000000e+00
