# dR/dEr [1/keV/kg/Myr]
# Er [keV], S, F, Ne, Cl, Na, Si, O, P, N, C, Al, Mg, Be, B, Ar, Li
1.061009e+01  1.141039e-01  1.094021e-01  0.000000e+00  0.000000e+00  7.762746e-02  0.000000e+00  6.605673e-03  0.000000e+00  0.000000e+00  0.000000e+00  0.000000e+00  0.000000e+00  1.021140e-02  0.000000e+00  0.000000e+00  0.000000e+00
1.190472e+01  2.762998e-02  3.089357e-02  0.000000e+00  0.000000e+00  8.890851e-03  0.000000e+00  0.000000e+00  0.000000e+00  0.000000e+00  0.000000e+00  0.000000e+00  0.000000e+00  0.000000e+00  0.000000e+00  0.000000e+00  0.000000e+00
1.335731e+01  4.248325e-02  1.375303e-02  0.000000e+00  0.000000e+00  0.000000e+00  0.000000e+00  0.000000e+00  0.000000e+00  0.000000e+00  0.000000e+00  0.000000e+00  0.000000e+00  0.000000e+00  0.000000e+00  0.000000e+00  0.000000e+00
1.498715e+01  1.018010e-02  3.078741e-02  0.000000e+00  0.000000e+00  1.086654e-02  0.000000e+00  1.613803e-03  0.000000e+00  0.000000e+00  0.000000e+00  0.000000e+00  0.000000e+00  0.000000e+00  0.000000e+00  0.000000e+00  0.000000e+00
1.681586e+01  2.518990e-02  1.952005e-02  3.597755e-03  0.000000e+00  7.257280e-03  1.438304e-03  0.000000e+00  0.000000e+00  0.000000e+00  0.000000e+00  0.000000e+00  0.000000e+00  0.000000e+00  0.000000e+00  0.000000e+00  0.000000e+00
1.886771e+01  1.714148e-02  1.835599e-02  0.000000e+00  0.000000e+00  3.206502e-03  0.000000e+00  0.000000e+00  0.000000e+00  0.000000e+00  0.000000e+00  0.000000e+00  0.000000e+00  0.000000e+00  0.000000e+00  0.000000e+00  0.000000e+00
2.116992e+01  2.023042e-02  2.901624e-02  0.000000e+00  0.000000e+00  3.508332e-03  0.000000e+00  1.512127e-03  0.000000e+00  0.000000e+00  0.000000e+00  1.437426e-02  0.000000e+00  0.000000e+00  0.000000e+00  0.000000e+00  0.000000e+00
2.375304e+01  3.676338e-02  6.383455e-03  7.895637e-03  0.000000e+00  1.742060e-02  0.000000e+00  2.547015e-03  0.000000e+00  0.000000e+00  0.000000e+00  0.000000e+00  0.000000e+00  0.000000e+00  0.000000e+00  0.000000e+00  0.000000e+00
2.665135e+01  3.952562e-02  3.389728e-02  1.201125e-03  3.840672e-03  1.885513e-03  0.000000e+00  0.000000e+00  1.092434e-02  0.000000e+00  0.000000e+00  0.000000e+00  0.000000e+00  0.000000e+00  0.000000e+00  0.000000e+00  0.000000e+00
2.990330e+01  3.950540e-02  1.591176e-02  1.418779e-03  0.000000e+00  2.070096e-02  0.000000e+00  1.879322e-03  0.000000e+00  0.000000e+00  0.000000e+00  7.700260e-03  0.000000e+00  1.128078e-02  0.000000e+00  0.000000e+00  0.000000e+00
3.355206e+01  4.924764e-02  1.774798e-02  1.656876e-03  0.000000e+00  3.167696e-03  0.000000e+00  9.037561e-03  0.000000e+00  0.000000e+00  0.000000e+00  1.121022e-02  0.000000e+00  2.400948e-02  0.000000e+00  0.000000e+00  0.000000e+00
3.764603e+01  6.957722e-02  3.541642e-02  7.368502e-04  8.503317e-04  1.909560e-02  0.000000e+00  3.656351e-03  0.000000e+00  0.000000e+00  0.000000e+00  0.000000e+00  0.000000e+00  1.030477e-03  0.000000e+00  0.000000e+00  0.000000e+00
4.223954e+01  6.042461e-02  2.917498e-02  7.706518e-03  0.000000e+00  1.226382e-02  0.000000e+00  2.063611e-03  0.000000e+00  0.000000e+00  0.000000e+00  9.775549e-03  0.000000e+00  2.514491e-02  0.000000e+00  0.000000e+00  0.000000e+00
4.739354e+01  6.880755e-02  2.600352e-02  6.754425e-04  1.848421e-03  4.747542e-03  0.000000e+00  2.422660e-03  0.000000e+00  0.000000e+00  0.000000e+00  0.000000e+00  0.000000e+00  1.894097e-02  0.000000e+00  0.000000e+00  0.000000e+00
5.317643e+01  6.814753e-02  1.296754e-02  1.658809e-03  0.000000e+00  2.049425e-02  0.000000e+00  3.205793e-03  0.000000e+00  0.000000e+00  0.000000e+00  5.722495e-03  0.000000e+00  0.000000e+00  0.000000e+00  0.000000e+00  0.000000e+00
5.966493e+01  7.672414e-02  3.693680e-02  1.856213e-03  9.418921e-04  1.547000e-02  0.000000e+00  1.277089e-02  0.000000e+00  0.000000e+00  0.000000e+00  5.642846e-03  0.000000e+00  4.022863e-03  0.000000e+00  0.000000e+00  0.000000e+00
6.694516e+01  9.217260e-02  3.250338e-02  3.143075e-03  0.000000e+00  1.139501e-02  0.000000e+00  2.432714e-03  0.000000e+00  4.111837e-03  0.000000e+00  3.699105e-03  0.000000e+00  6.708604e-02  0.000000e+00  0.000000e+00  0.000000e+00
7.511370e+01  9.813869e-02  3.818992e-02  6.869375e-03  1.062096e-03  9.144523e-03  0.000000e+00  2.468981e-03  0.000000e+00  0.000000e+00  0.000000e+00  4.333693e-03  0.000000e+00  2.113293e+01  0.000000e+00  0.000000e+00  0.000000e+00
8.427896e+01  1.172284e-01  3.710270e-02  1.791251e-03  5.646457e-03  1.059560e-02  0.000000e+00  8.552113e-03  0.000000e+00  0.000000e+00  0.000000e+00  0.000000e+00  0.000000e+00  2.521583e+01  0.000000e+00  0.000000e+00  0.000000e+00
9.456255e+01  1.139358e-01  3.027273e-02  4.681412e-03  1.232312e-03  1.928521e-02  0.000000e+00  1.637903e-03  0.000000e+00  3.060947e-03  0.000000e+00  1.499896e-04  0.000000e+00  1.941117e+01  0.000000e+00  0.000000e+00  0.000000e+00
1.061009e+02  1.248926e-01  4.487356e-02  5.868652e-03  5.335447e-04  1.398908e-02  0.000000e+00  2.680214e-03  0.000000e+00  0.000000e+00  3.173205e-03  3.895080e-03  0.000000e+00  1.439008e+01  0.000000e+00  0.000000e+00  0.000000e+00
1.190472e+02  1.323605e-01  5.653532e-02  4.628589e-03  1.780119e-03  2.412816e-02  0.000000e+00  2.425052e-03  0.000000e+00  2.031658e-04  2.080160e-03  1.239026e+01  0.000000e+00  1.077057e+01  0.000000e+00  2.722762e-03  0.000000e+00
1.335731e+02  1.539744e-01  5.504746e-02  6.622859e-03  2.076726e-04  1.629158e-02  0.000000e+00  2.215449e-03  0.000000e+00  0.000000e+00  0.000000e+00  1.055563e+01  0.000000e+00  8.052104e+00  0.000000e+00  0.000000e+00  0.000000e+00
1.498715e+02  3.555766e-01  6.423665e-02  2.387164e-03  9.142766e-04  7.767682e-03  0.000000e+00  1.048083e-02  0.000000e+00  1.241194e-03  2.304109e-03  7.922440e+00  0.000000e+00  6.048832e+00  0.000000e+00  0.000000e+00  0.000000e+00
1.681586e+02  5.003713e-01  7.427764e-02  4.376768e-03  7.257280e-04  1.176462e-02  8.434538e-05  8.128993e-03  0.000000e+00  2.181864e-03  0.000000e+00  6.182555e+00  0.000000e+00  4.371388e+00  0.000000e+00  0.000000e+00  0.000000e+00
1.886771e+02  3.079148e-01  7.108239e-02  3.895847e-03  6.914938e-04  1.667863e-02  2.978524e-04  9.021843e-03  2.239779e-04  2.239779e-04  0.000000e+00  4.451300e+00  0.000000e+00  3.105719e+00  0.000000e+00  0.000000e+00  0.000000e+00
2.116992e+02  1.441801e-01  9.561819e-02  4.293755e-03  3.157245e-03  1.115522e-02  1.996205e-04  4.587158e-03  0.000000e+00  0.000000e+00  6.699791e-05  3.587910e+00  0.000000e+00  2.204821e+00  0.000000e+00  1.310326e-04  0.000000e+00
2.375304e+02  1.062540e-01  3.936284e-01  6.100952e-03  2.568951e-03  1.402144e-02  7.678960e-05  8.697898e-03  5.321281e-04  0.000000e+00  1.018241e-04  2.668889e+00  0.000000e+00  1.671182e+00  0.000000e+00  3.990672e-04  0.000000e+00
2.665135e+02  9.006537e-02  3.317268e-01  5.755988e-03  2.940928e-03  1.956326e-02  2.085884e-04  5.879126e-03  0.000000e+00  1.585642e-04  1.173401e-03  1.907074e+00  0.000000e+00  1.094945e+00  0.000000e+00  0.000000e+00  0.000000e+00
2.990330e+02  6.502542e-02  6.041458e-02  3.014056e-03  1.333486e-03  1.500327e-02  6.772621e-04  8.677977e-03  6.633157e-05  1.297293e-04  9.679566e-04  1.481977e+00  0.000000e+00  8.005328e-01  0.000000e+00  0.000000e+00  0.000000e+00
3.355206e+02  5.981442e-02  5.931244e-02  3.766215e-03  2.235466e-03  1.397966e-02  1.259520e-04  5.550928e-03  1.087257e-04  9.540879e-05  1.043144e-03  1.095959e+00  7.153774e-04  5.861004e-01  0.000000e+00  0.000000e+00  2.235280e-04
3.764603e+02  4.157967e-02  4.307271e-02  6.589529e-03  3.047144e-03  1.350697e-02  2.008206e-03  4.710807e-03  0.000000e+00  1.476693e-04  0.000000e+00  7.091300e-01  0.000000e+00  4.084435e-01  0.000000e+00  0.000000e+00  0.000000e+00
4.223954e+02  2.694465e-02  4.266168e-02  2.877557e-03  2.547036e-03  1.356817e-02  1.227450e-04  5.136126e-03  1.174722e-03  1.470064e-04  6.519405e-04  5.277749e-01  0.000000e+00  2.134129e-01  0.000000e+00  6.567185e-05  0.000000e+00
4.739354e+02  2.512527e-02  3.655197e-02  4.538475e-03  2.707201e-03  1.169129e-02  7.779364e-04  8.950003e-03  7.034179e-04  6.143208e-04  0.000000e+00  3.587525e-01  0.000000e+00  1.578337e-01  6.143208e-04  0.000000e+00  0.000000e+00
5.317643e+02  2.235682e-02  2.977340e-02  7.005256e-03  1.555699e-03  9.467199e-03  2.915785e-04  4.026296e-03  9.491377e-04  7.214838e-04  8.442094e-04  3.052034e-01  0.000000e+00  1.123355e-01  2.667235e-05  1.782568e-04  0.000000e+00
5.966493e+02  2.082797e-02  2.726277e-02  6.355389e-03  4.957867e-03  9.511949e-03  9.187312e-04  6.581480e-03  7.905204e-04  3.132126e-04  5.653784e-04  2.002461e-01  0.000000e+00  7.791620e-02  0.000000e+00  6.501869e-05  0.000000e+00
6.694516e+02  1.743001e-02  2.552355e-02  7.660742e-03  5.273797e-03  9.917499e-03  5.647942e-04  5.876812e-03  2.769874e-04  1.734120e-04  4.473123e-04  1.364941e-01  0.000000e+00  4.982062e-02  0.000000e+00  0.000000e+00  0.000000e+00
7.511370e+02  1.360112e-02  1.814691e-02  5.145939e-03  3.908495e-03  6.378790e-03  5.178815e-04  4.470803e-03  5.333174e-04  4.785732e-04  3.438304e-04  9.457763e-02  0.000000e+00  3.510966e-02  0.000000e+00  0.000000e+00  0.000000e+00
8.427896e+02  1.083856e-02  1.746043e-02  5.010702e-03  2.613972e-03  7.967810e-03  1.384655e-04  4.623428e-03  1.039444e-04  3.243143e-04  1.195243e-03  5.161660e-02  0.000000e+00  2.006526e-02  0.000000e+00  2.575533e-04  0.000000e+00
9.456255e+02  9.944739e-03  1.276202e-02  6.192885e-03  2.844593e-03  6.828701e-03  6.311562e-04  4.595584e-03  3.596750e-04  0.000000e+00  8.205325e-04  4.500502e-02  1.082448e-04  1.230683e-02  0.000000e+00  0.000000e+00  0.000000e+00
1.061009e+03  8.740677e-03  8.480999e-03  6.349854e-03  3.934749e-03  6.218088e-03  4.356674e-04  4.223905e-03  4.414137e-04  9.869289e-04  3.841256e-04  3.087985e-02  0.000000e+00  5.569607e-03  3.559127e-04  2.262222e-04  0.000000e+00
1.190472e+03  6.447256e-03  7.496319e-03  5.402280e-03  4.032903e-03  3.083451e-03  4.833880e-04  2.985268e-03  1.144162e-03  3.144591e-04  1.618300e-03  2.049399e-02  0.000000e+00  3.829736e-03  0.000000e+00  0.000000e+00  0.000000e+00
1.335731e+03  5.877097e-03  8.262177e-03  4.986442e-03  2.943348e-03  2.800415e-03  7.207248e-04  2.866265e-03  3.345590e-04  6.682525e-04  4.730114e-04  9.130430e-03  0.000000e+00  2.380722e-03  1.625051e-04  0.000000e+00  0.000000e+00
1.498715e+03  3.611370e-03  6.183027e-03  3.868180e-03  3.894288e-03  3.213212e-03  1.592649e-03  3.451159e-03  8.767697e-04  9.159916e-04  7.490254e-04  4.406536e-03  9.184338e-05  2.372995e-03  0.000000e+00  0.000000e+00  1.610160e-04
1.681586e+03  2.517326e-03  5.745783e-03  3.626291e-03  2.658648e-03  3.220138e-03  6.149644e-04  1.920933e-03  9.882586e-04  6.979050e-04  6.561254e-04  5.139056e-03  0.000000e+00  1.117940e-03  1.882606e-04  0.000000e+00  4.459970e-05
1.886771e+03  2.939998e-03  4.631043e-03  3.779176e-03  2.830446e-03  2.973171e-03  8.027145e-04  1.947290e-03  8.332565e-04  3.743897e-04  8.109081e-04  2.513883e-03  1.957547e-04  2.946389e-05  4.844449e-04  2.871147e-05  0.000000e+00
2.116992e+03  1.727637e-03  4.373426e-03  2.102805e-03  2.129167e-03  1.634490e-03  4.391443e-04  1.690715e-03  6.496390e-04  3.638976e-04  5.610677e-04  1.742227e-03  1.523585e-04  5.541828e-04  1.310326e-05  0.000000e+00  1.310326e-05
2.375304e+03  1.556975e-03  2.384248e-03  2.616228e-03  3.455842e-03  1.848646e-03  1.218333e-03  1.514293e-03  3.914621e-04  1.935303e-04  3.445899e-04  1.705684e-03  8.350650e-06  0.000000e+00  1.281107e-04  0.000000e+00  1.477131e-04
2.665135e+03  9.489950e-04  2.219890e-03  1.819601e-03  3.490362e-03  1.048575e-03  3.882542e-04  1.082996e-03  8.761662e-04  2.603776e-04  4.386154e-04  1.212568e-03  2.092448e-04  1.867882e-04  1.265725e-04  0.000000e+00  1.445646e-04
2.990330e+03  6.545506e-04  1.427367e-03  1.395065e-03  2.285417e-03  7.740105e-04  8.738731e-04  8.138889e-04  6.936343e-04  7.019822e-04  7.618384e-04  8.050431e-04  2.444622e-04  0.000000e+00  1.257808e-04  0.000000e+00  2.003651e-04
3.355206e+03  3.331305e-04  1.816668e-03  1.804993e-03  2.962082e-03  4.788674e-04  8.794467e-04  2.746600e-04  6.158553e-04  2.672315e-04  4.867880e-04  3.840315e-04  1.415615e-04  4.771267e-05  6.862864e-05  0.000000e+00  1.249488e-05
3.764603e+03  2.198457e-04  8.911475e-04  1.450494e-03  1.770706e-03  3.280149e-04  9.767288e-04  1.968542e-04  3.274809e-04  4.966603e-04  6.090352e-04  5.006899e-04  1.640797e-04  3.767570e-06  9.139780e-05  0.000000e+00  3.373326e-04
4.223954e+03  1.165485e-04  3.879723e-04  7.501527e-04  1.404659e-03  2.668414e-04  3.475396e-04  3.144785e-04  5.510000e-04  3.649762e-04  5.748972e-04  3.057436e-04  1.908074e-04  0.000000e+00  1.490959e-04  0.000000e+00  2.202521e-04
4.739354e+03  6.868441e-05  5.667818e-04  7.736456e-04  1.515738e-03  2.254241e-04  5.946094e-04  9.801144e-05  3.898994e-04  2.369667e-04  3.298102e-04  2.680855e-04  9.879511e-05  1.143024e-05  4.137565e-05  0.000000e+00  1.521431e-04
5.317643e+03  5.484739e-05  5.617415e-04  7.650615e-04  8.552128e-04  1.357856e-04  5.833843e-04  6.488950e-05  5.634029e-04  3.015645e-04  4.641988e-04  3.275736e-04  1.255533e-04  0.000000e+00  1.769215e-04  0.000000e+00  1.501146e-04
5.966493e+03  1.093223e-04  3.315724e-04  4.690836e-04  7.246238e-04  1.118605e-04  3.774696e-04  1.527294e-04  4.477249e-04  2.469862e-04  2.575590e-04  3.394351e-05  8.353835e-05  0.000000e+00  6.550782e-05  0.000000e+00  7.194674e-05
6.694516e+03  2.962922e-06  2.775907e-04  3.741076e-04  5.604527e-04  9.124760e-05  7.883561e-04  1.099557e-04  3.773436e-04  2.303557e-04  2.479636e-04  2.363979e-04  9.023230e-05  0.000000e+00  6.279070e-05  0.000000e+00  1.120294e-05
7.511370e+03  5.027990e-05  2.446660e-04  2.389734e-04  2.968859e-04  5.586024e-05  5.197038e-04  9.287491e-05  3.879309e-04  3.698167e-05  1.725284e-04  6.170015e-05  8.976230e-05  0.000000e+00  2.537804e-05  0.000000e+00  1.910829e-04
8.427896e+03  3.994829e-05  2.438756e-04  1.204520e-04  3.216490e-04  6.397845e-05  5.790697e-04  6.097195e-05  4.644116e-04  8.505351e-05  1.142935e-04  5.876607e-05  1.366012e-04  0.000000e+00  1.674824e-05  0.000000e+00  1.263430e-04
9.456255e+03  0.000000e+00  6.054921e-05  9.166002e-05  3.851532e-04  4.050808e-05  3.464310e-04  2.933454e-06  2.289238e-04  9.859535e-05  7.173041e-05  1.494266e-04  2.113060e-04  0.000000e+00  6.878413e-05  0.000000e+00  2.435036e-05
1.061009e+04  0.000000e+00  9.387469e-05  4.884586e-05  2.344492e-04  3.129486e-05  2.990858e-04  1.144746e-04  1.011618e-04  2.535855e-05  1.103126e-04  1.226417e-04  4.952080e-05  0.000000e+00  1.869478e-06  0.000000e+00  7.465784e-05
1.190472e+04  0.000000e+00  8.546760e-06  6.299875e-06  1.413213e-04  0.000000e+00  1.477686e-04  1.191410e-06  5.752037e-05  3.332347e-06  1.096082e-04  7.992071e-05  1.694528e-05  0.000000e+00  4.624512e-05  0.000000e+00  8.736568e-05
1.335731e+04  0.000000e+00  6.965718e-05  5.176015e-05  1.334175e-04  0.000000e+00  8.942061e-05  2.904278e-06  5.553492e-05  1.622385e-05  7.144679e-05  7.378227e-05  3.909103e-05  0.000000e+00  0.000000e+00  0.000000e+00  6.683057e-05
1.498715e+04  0.000000e+00  1.948111e-05  9.184338e-06  4.784783e-05  0.000000e+00  6.774703e-05  0.000000e+00  3.785459e-05  1.601531e-05  2.607913e-05  3.701768e-06  2.017572e-05  0.000000e+00  3.174373e-06  0.000000e+00  6.858165e-05
1.681586e+04  0.000000e+00  2.245815e-05  1.179561e-06  2.527415e-05  0.000000e+00  9.986526e-05  8.434538e-07  2.866643e-05  0.000000e+00  8.185550e-06  6.087055e-06  6.766920e-06  0.000000e+00  6.422132e-05  0.000000e+00  5.125369e-05
1.886771e+04  0.000000e+00  2.215920e-05  0.000000e+00  1.823884e-05  0.000000e+00  6.156555e-05  0.000000e+00  3.341190e-05  0.000000e+00  0.000000e+00  3.855964e-05  2.377770e-05  0.000000e+00  3.287501e-05  0.000000e+00  8.242059e-05
2.116992e+04  0.000000e+00  6.699791e-07  0.000000e+00  3.683908e-05  0.000000e+00  2.502455e-06  0.000000e+00  1.590370e-05  0.000000e+00  0.000000e+00  0.000000e+00  1.375293e-05  0.000000e+00  3.676021e-05  0.000000e+00  1.590370e-05
2.375304e+04  0.000000e+00  0.000000e+00  0.000000e+00  5.971195e-07  0.000000e+00  2.433361e-05  3.157417e-06  8.526224e-06  0.000000e+00  1.010497e-05  1.420166e-05  1.670130e-06  0.000000e+00  0.000000e+00  0.000000e+00  3.610032e-05
2.665135e+04  0.000000e+00  2.814051e-06  0.000000e+00  1.116710e-05  0.000000e+00  0.000000e+00  0.000000e+00  0.000000e+00  0.000000e+00  2.032617e-06  0.000000e+00  0.000000e+00  0.000000e+00  0.000000e+00  0.000000e+00  2.814051e-06
2.990330e+04  0.000000e+00  0.000000e+00  0.000000e+00  9.205257e-06  0.000000e+00  0.000000e+00  0.000000e+00  0.000000e+00  0.000000e+00  0.000000e+00  0.000000e+00  1.597788e-05  0.000000e+00  1.805340e-05  0.000000e+00  1.202337e-05
3.355206e+04  0.000000e+00  0.000000e+00  0.000000e+00  0.000000e+00  0.000000e+00  0.000000e+00  0.000000e+00  0.000000e+00  0.000000e+00  0.000000e+00  0.000000e+00  8.267596e-07  0.000000e+00  2.825180e-06  0.000000e+00  3.229129e-06
3.764603e+04  0.000000e+00  0.000000e+00  0.000000e+00  3.656351e-06  0.000000e+00  0.000000e+00  0.000000e+00  0.000000e+00  0.000000e+00  0.000000e+00  0.000000e+00  7.311995e-06  0.000000e+00  3.656351e-06  0.000000e+00  3.767570e-07
4.223954e+04  0.000000e+00  0.000000e+00  0.000000e+00  2.423300e-06  0.000000e+00  0.000000e+00  0.000000e+00  1.306688e-05  0.000000e+00  0.000000e+00  0.000000e+00  1.024514e-05  0.000000e+00  0.000000e+00  0.000000e+00  0.000000e+00
4.739354e+04  0.000000e+00  0.000000e+00  0.000000e+00  0.000000e+00  0.000000e+00  0.000000e+00  0.000000e+00  2.992687e-07  0.000000e+00  0.000000e+00  0.000000e+00  2.459037e-06  0.000000e+00  5.808124e-06  0.000000e+00  0.000000e+00
5.317643e+04  0.000000e+00  0.000000e+00  0.000000e+00  0.000000e+00  0.000000e+00  0.000000e+00  0.000000e+00  0.000000e+00  0.000000e+00  0.000000e+00  0.000000e+00  0.000000e+00  0.000000e+00  0.000000e+00  0.000000e+00  0.000000e+00
5.966493e+04  0.000000e+00  0.000000e+00  0.000000e+00  0.000000e+00  0.000000e+00  0.000000e+00  0.000000e+00  0.000000e+00  0.000000e+00  0.000000e+00  0.000000e+00  0.000000e+00  0.000000e+00  0.000000e+00  0.000000e+00  0.000000e+00
6.694516e+04  0.000000e+00  0.000000e+00  0.000000e+00  0.000000e+00  0.000000e+00  0.000000e+00  0.000000e+00  0.000000e+00  0.000000e+00  0.000000e+00  0.000000e+00  0.000000e+00  0.000000e+00  0.000000e+00  0.000000e+00  3.237085e-06
7.511370e+04  0.000000e+00  0.000000e+00  0.000000e+00  0.000000e+00  0.000000e+00  0.000000e+00  0.000000e+00  0.000000e+00  0.000000e+00  0.000000e+00  0.000000e+00  0.000000e+00  0.000000e+00  0.000000e+00  0.000000e+00  3.698167e-06
8.427896e+04  0.000000e+00  0.000000e+00  0.000000e+00  0.000000e+00  0.000000e+00  0.000000e+00  0.000000e+00  0.000000e+00  0.000000e+00  0.000000e+00  0.000000e+00  0.000000e+00  0.000000e+00  0.000000e+00  0.000000e+00  0.000000e+00
9.456255e+04  0.000000e+00  0.000000e+00  0.000000e+00  0.000000e+00  0.000000e+00  0.000000e+00  0.000000e+00  0.000000e+00  0.000000e+00  0.000000e+00  0.000000e+00  0.000000e+00  0.000000e+00  0.000000e+00  0.000000e+00  0.000000e+00
1.061009e+05  0.000000e+00  0.000000e+00  0.000000e+00  0.000000e+00  0.000000e+00  0.000000e+00  0.000000e+00  0.000000e+00  0.000000e+00  0.000000e+00  0.000000e+00  0.000000e+00  0.000000e+00  0.000000e+00  0.000000e+00  0.000000e+00
1.190472e+05  0.000000e+00  0.000000e+00  0.000000e+00  0.000000e+00  0.000000e+00  0.000000e+00  0.000000e+00  0.000000e+00  0.000000e+00  0.000000e+00  0.000000e+00  0.000000e+00  0.000000e+00  0.000000e+00  0.000000e+00  0.000000e+00
1.335731e+05  0.000000e+00  0.000000e+00  0.000000e+00  0.000000e+00  0.000000e+00  0.000000e+00  0.000000e+00  0.000000e+00  0.000000e+00  0.000000e+00  0.000000e+00  0.000000e+00  0.000000e+00  0.000000e+00  0.000000e+00  0.000000e+00
1.498715e+05  0.000000e+00  0.000000e+00  0.000000e+00  0.000000e+00  0.000000e+00  0.000000e+00  0.000000e+00  0.000000e+00  0.000000e+00  0.000000e+00  0.000000e+00  0.000000e+00  0.000000e+00  0.000000e+00  0.000000e+00  0.000000e+00
1.681586e+05  0.000000e+00  0.000000e+00  0.000000e+00  0.000000e+00  0.000000e+00  0.000000e+00  0.000000e+00  0.000000e+00  0.000000e+00  0.000000e+00  0.000000e+00  0.000000e+00  0.000000e+00  0.000000e+00  0.000000e+00  0.000000e+00
1.886771e+05  0.000000e+00  0.000000e+00  0.000000e+00  0.000000e+00  0.000000e+00  0.000000e+00  0.000000e+00  0.000000e+00  0.000000e+00  0.000000e+00  0.000000e+00  0.000000e+00  0.000000e+00  0.000000e+00  0.000000e+00  0.000000e+00
2.116992e+05  0.000000e+00  0.000000e+00  0.000000e+00  0.000000e+00  0.000000e+00  0.000000e+00  0.000000e+00  0.000000e+00  0.000000e+00  0.000000e+00  0.000000e+00  0.000000e+00  0.000000e+00  0.000000e+00  0.000000e+00  0.000000e+00
2.375304e+05  0.000000e+00  0.000000e+00  0.000000e+00  0.000000e+00  0.000000e+00  0.000000e+00  0.000000e+00  0.000000e+00  0.000000e+00  0.000000e+00  0.000000e+00  0.000000e+00  0.000000e+00  0.000000e+00  0.000000e+00  0.000000e+00
2.665135e+05  0.000000e+00  0.000000e+00  0.000000e+00  0.000000e+00  0.000000e+00  0.000000e+00  0.000000e+00  0.000000e+00  0.000000e+00  0.000000e+00  0.000000e+00  0.000000e+00  0.000000e+00  0.000000e+00  0.000000e+00  0.000000e+00
2.990330e+05  0.000000e+00  0.000000e+00  0.000000e+00  0.000000e+00  0.000000e+00  0.000000e+00  0.000000e+00  0.000000e+00  0.000000e+00  0.000000e+00  0.000000e+00  0.000000e+00  0.000000e+00  0.000000e+00  0.000000e+00  0.000000e+00
3.355206e+05  0.000000e+00  0.000000e+00  0.000000e+00  0.000000e+00  0.000000e+00  0.000000e+00  0.000000e+00  0.000000e+00  0.000000e+00  0.000000e+00  0.000000e+00  0.000000e+00  0.000000e+00  0.000000e+00  0.000000e+00  0.000000e+00
3.764603e+05  0.000000e+00  0.000000e+00  0.000000e+00  0.000000e+00  0.000000e+00  0.000000e+00  0.000000e+00  0.000000e+00  0.000000e+00  0.000000e+00  0.000000e+00  0.000000e+00  0.000000e+00  0.000000e+00  0.000000e+00  0.000000e+00
4.223954e+05  0.000000e+00  0.000000e+00  0.000000e+00  0.000000e+00  0.000000e+00  0.000000e+00  0.000000e+00  0.000000e+00  0.000000e+00  0.000000e+00  0.000000e+00  0.000000e+00  0.000000e+00  0.000000e+00  0.000000e+00  0.000000e+00
4.739354e+05  0.000000e+00  0.000000e+00  0.000000e+00  0.000000e+00  0.000000e+00  0.000000e+00  0.000000e+00  0.000000e+00  0.000000e+00  0.000000e+00  0.000000e+00  0.000000e+00  0.000000e+00  0.000000e+00  0.000000e+00  0.000000e+00
5.317643e+05  0.000000e+00  0.000000e+00  0.000000e+00  0.000000e+00  0.000000e+00  0.000000e+00  0.000000e+00  0.000000e+00  0.000000e+00  0.000000e+00  0.000000e+00  0.000000e+00  0.000000e+00  0.000000e+00  0.000000e+00  0.000000e+00
5.966493e+05  0.000000e+00  0.000000e+00  0.000000e+00  0.000000e+00  0.000000e+00  0.000000e+00  0.000000e+00  0.000000e+00  0.000000e+00  0.000000e+00  0.000000e+00  0.000000e+00  0.000000e+00  0.000000e+00  0.000000e+00  0.000000e+00
6.694516e+05  0.000000e+00  0.000000e+00  0.000000e+00  0.000000e+00  0.000000e+00  0.000000e+00  0.000000e+00  0.000000e+00  0.000000e+00  0.000000e+00  0.000000e+00  0.000000e+00  0.000000e+00  0.000000e+00  0.000000e+00  0.000000e+00
7.511370e+05  0.000000e+00  0.000000e+00  0.000000e+00  0.000000e+00  0.000000e+00  0.000000e+00  0.000000e+00  0.000000e+00  0.000000e+00  0.000000e+00  0.000000e+00  0.000000e+00  0.000000e+00  0.000000e+00  0.000000e+00  0.000000e+00
8.427896e+05  0.000000e+00  0.000000e+00  0.000000e+00  0.000000e+00  0.000000e+00  0.000000e+00  0.000000e+00  0.000000e+00  0.000000e+00  0.000000e+00  0.000000e+00  0.000000e+00  0.000000e+00  0.000000e+00  0.000000e+00  0.000000e+00
9.456255e+05  0.000000e+00  0.000000e+00  0.000000e+00  0.000000e+00  0.000000e+00  0.000000e+00  0.000000e+00  0.000000e+00  0.000000e+00  0.000000e+00  0.000000e+00  0.000000e+00  0.000000e+00  0.000000e+00  0.000000e+00  0.000000e+00
