# dR/dEr [1/keV/kg/Myr]
# Er [keV], S, F, Ne, Cl, Na, Si, O, P, N, C, Al, Mg, Be, B, Ar, Li
1.061009e+01  1.514225e-02  1.486630e-02  0.000000e+00  0.000000e+00  9.478478e-03  0.000000e+00  7.581615e-04  0.000000e+00  0.000000e+00  0.000000e+00  0.000000e+00  0.000000e+00  4.692868e-03  0.000000e+00  0.000000e+00  0.000000e+00
1.190472e+01  2.380026e-03  3.977380e-03  0.000000e+00  0.000000e+00  7.667424e-04  0.000000e+00  0.000000e+00  0.000000e+00  0.000000e+00  0.000000e+00  0.000000e+00  0.000000e+00  0.000000e+00  0.000000e+00  0.000000e+00  0.000000e+00
1.335731e+01  3.721286e-03  2.639625e-03  0.000000e+00  0.000000e+00  0.000000e+00  0.000000e+00  0.000000e+00  0.000000e+00  0.000000e+00  0.000000e+00  0.000000e+00  0.000000e+00  0.000000e+00  0.000000e+00  0.000000e+00  0.000000e+00
1.498715e+01  8.768473e-04  3.452025e-03  0.000000e+00  0.000000e+00  2.137998e-03  0.000000e+00  1.382996e-04  0.000000e+00  0.000000e+00  0.000000e+00  0.000000e+00  0.000000e+00  0.000000e+00  0.000000e+00  0.000000e+00  0.000000e+00
1.681586e+01  2.169468e-03  1.823524e-03  3.094714e-04  0.000000e+00  6.264324e-04  1.232596e-04  0.000000e+00  0.000000e+00  0.000000e+00  0.000000e+00  0.000000e+00  0.000000e+00  0.000000e+00  0.000000e+00  0.000000e+00  0.000000e+00
1.886771e+01  1.475430e-03  1.665864e-03  0.000000e+00  0.000000e+00  2.758167e-04  0.000000e+00  0.000000e+00  0.000000e+00  0.000000e+00  0.000000e+00  0.000000e+00  0.000000e+00  0.000000e+00  0.000000e+00  0.000000e+00  0.000000e+00
2.116992e+01  2.700268e-03  3.070614e-03  0.000000e+00  0.000000e+00  3.020544e-04  0.000000e+00  1.299245e-04  0.000000e+00  0.000000e+00  0.000000e+00  2.043256e-03  0.000000e+00  0.000000e+00  0.000000e+00  0.000000e+00  0.000000e+00
2.375304e+01  4.075195e-03  5.501941e-04  7.472146e-04  0.000000e+00  1.753936e-03  0.000000e+00  2.190890e-04  0.000000e+00  0.000000e+00  0.000000e+00  0.000000e+00  0.000000e+00  0.000000e+00  0.000000e+00  0.000000e+00  0.000000e+00
2.665135e+01  3.993450e-03  4.406411e-03  1.032027e-04  1.007022e-03  1.617383e-04  0.000000e+00  0.000000e+00  1.167723e-03  0.000000e+00  0.000000e+00  0.000000e+00  0.000000e+00  0.000000e+00  0.000000e+00  0.000000e+00  0.000000e+00
2.990330e+01  4.895619e-03  1.387208e-03  1.214839e-04  0.000000e+00  2.911203e-03  0.000000e+00  1.612935e-04  0.000000e+00  0.000000e+00  0.000000e+00  1.440104e-03  0.000000e+00  1.372695e-03  0.000000e+00  0.000000e+00  0.000000e+00
3.355206e+01  4.829164e-03  1.996904e-03  1.435771e-04  0.000000e+00  2.725602e-04  0.000000e+00  8.788706e-04  0.000000e+00  0.000000e+00  0.000000e+00  1.653575e-03  0.000000e+00  3.642135e-03  0.000000e+00  0.000000e+00  0.000000e+00
3.764603e+01  8.014510e-03  4.755615e-03  1.949934e-04  7.306191e-05  2.639831e-03  0.000000e+00  7.714093e-04  0.000000e+00  0.000000e+00  0.000000e+00  0.000000e+00  0.000000e+00  3.833796e-04  0.000000e+00  0.000000e+00  0.000000e+00
4.223954e+01  6.312201e-03  3.163607e-03  1.034709e-03  0.000000e+00  1.095412e-03  0.000000e+00  4.398285e-04  0.000000e+00  0.000000e+00  0.000000e+00  1.676851e-03  0.000000e+00  2.764046e-03  0.000000e+00  0.000000e+00  0.000000e+00
4.739354e+01  6.920823e-03  2.310096e-03  5.803514e-05  1.596800e-04  7.886809e-04  0.000000e+00  2.080901e-04  0.000000e+00  0.000000e+00  0.000000e+00  0.000000e+00  0.000000e+00  2.784380e-03  0.000000e+00  0.000000e+00  0.000000e+00
5.317643e+01  6.630814e-03  1.129950e-03  1.424259e-04  0.000000e+00  2.719770e-03  0.000000e+00  2.752109e-04  0.000000e+00  0.000000e+00  0.000000e+00  8.134347e-04  0.000000e+00  0.000000e+00  0.000000e+00  0.000000e+00  0.000000e+00
5.966493e+01  7.645271e-03  4.126633e-03  1.594668e-04  8.083824e-05  1.851484e-03  0.000000e+00  2.316391e-03  0.000000e+00  0.000000e+00  0.000000e+00  7.192960e-04  0.000000e+00  6.578026e-04  0.000000e+00  0.000000e+00  0.000000e+00
6.694516e+01  8.968147e-03  3.857777e-03  2.703182e-04  0.000000e+00  1.109206e-03  0.000000e+00  4.786382e-04  0.000000e+00  6.242261e-04  0.000000e+00  3.685197e-04  0.000000e+00  7.838647e-03  0.000000e+00  0.000000e+00  0.000000e+00
7.511370e+01  1.000368e-02  3.958928e-03  8.444810e-04  9.172795e-05  9.349725e-04  0.000000e+00  2.133976e-04  0.000000e+00  0.000000e+00  0.000000e+00  5.818595e-04  0.000000e+00  2.841421e+00  0.000000e+00  0.000000e+00  0.000000e+00
8.427896e+01  1.078500e-02  3.862181e-03  1.543047e-04  7.012213e-04  9.841802e-04  0.000000e+00  8.872312e-04  0.000000e+00  0.000000e+00  0.000000e+00  0.000000e+00  0.000000e+00  3.382654e+00  0.000000e+00  0.000000e+00  0.000000e+00
9.456255e+01  1.153734e-02  2.897639e-03  4.524446e-04  1.061566e-04  2.224919e-03  0.000000e+00  2.586019e-04  0.000000e+00  4.620000e-04  0.000000e+00  2.008176e-05  0.000000e+00  2.597185e+00  0.000000e+00  0.000000e+00  0.000000e+00
1.061009e+02  1.192794e-02  4.728425e-03  8.277427e-04  5.213671e-05  1.416264e-03  0.000000e+00  4.134572e-04  0.000000e+00  0.000000e+00  4.044898e-04  4.573345e-04  0.000000e+00  1.911873e+00  0.000000e+00  0.000000e+00  0.000000e+00
1.190472e+02  1.227208e-02  6.082545e-03  4.422730e-04  2.976547e-04  2.831428e-03  0.000000e+00  3.875403e-04  0.000000e+00  1.741089e-05  2.072338e-04  1.657577e+00  0.000000e+00  1.444249e+00  0.000000e+00  3.947105e-04  0.000000e+00
1.335731e+02  1.426129e-02  5.842809e-03  8.816505e-04  5.495661e-05  1.862603e-03  0.000000e+00  2.772585e-04  0.000000e+00  0.000000e+00  0.000000e+00  1.415533e+00  0.000000e+00  1.083123e+00  0.000000e+00  0.000000e+00  0.000000e+00
1.498715e+02  3.173942e-02  6.444640e-03  2.385744e-04  1.121702e-04  1.004169e-03  0.000000e+00  1.206989e-03  0.000000e+00  2.214292e-04  3.737687e-04  1.065804e+00  0.000000e+00  8.152313e-01  0.000000e+00  0.000000e+00  0.000000e+00
1.681586e+02  4.459276e-02  8.671100e-03  4.342432e-04  6.264324e-05  1.401037e-03  1.129280e-05  1.033677e-03  0.000000e+00  3.551913e-04  0.000000e+00  8.307862e-01  0.000000e+00  5.822081e-01  0.000000e+00  0.000000e+00  0.000000e+00
1.886771e+02  2.845445e-02  6.985371e-03  4.848728e-04  5.945435e-05  1.795987e-03  2.556330e-05  1.159848e-03  1.931329e-05  1.931329e-05  0.000000e+00  6.073975e-01  0.000000e+00  4.159928e-01  0.000000e+00  0.000000e+00  0.000000e+00
2.116992e+02  1.424488e-02  9.538699e-03  4.627853e-04  3.193610e-04  1.311092e-03  1.721299e-05  5.611221e-04  0.000000e+00  0.000000e+00  8.970192e-06  4.816108e-01  0.000000e+00  2.947159e-01  0.000000e+00  3.467528e-05  0.000000e+00
2.375304e+02  1.028024e-02  3.523038e-02  7.073767e-04  2.971848e-04  1.805110e-03  6.567807e-06  1.049087e-03  9.262192e-05  0.000000e+00  8.726115e-06  3.566081e-01  0.000000e+00  2.242728e-01  0.000000e+00  3.510914e-05  0.000000e+00
2.665135e+02  8.983166e-03  2.984109e-02  7.901767e-04  3.060908e-04  2.203083e-03  1.807529e-05  7.481663e-04  0.000000e+00  1.367276e-05  1.306973e-04  2.559406e-01  0.000000e+00  1.466516e-01  0.000000e+00  0.000000e+00  0.000000e+00
2.990330e+02  7.302477e-03  6.231463e-03  3.191433e-04  1.724017e-04  1.831519e-03  1.194622e-04  9.704207e-04  1.248564e-05  4.826463e-05  1.460972e-04  1.998497e-01  0.000000e+00  1.069221e-01  0.000000e+00  0.000000e+00  0.000000e+00
3.355206e+02  6.483426e-03  6.428462e-03  3.609036e-04  3.039616e-04  1.650561e-03  1.086066e-05  5.501096e-04  9.299303e-06  8.197681e-06  1.535199e-04  1.464660e-01  1.169757e-04  7.765828e-02  0.000000e+00  0.000000e+00  7.718643e-05
3.764603e+02  4.809443e-03  4.698700e-03  7.698285e-04  3.594861e-04  1.419417e-03  3.413844e-04  5.676871e-04  0.000000e+00  1.279633e-05  0.000000e+00  9.762240e-02  0.000000e+00  5.427439e-02  0.000000e+00  0.000000e+00  0.000000e+00
4.223954e+02  3.221484e-03  4.674873e-03  3.173063e-04  2.841815e-04  1.534409e-03  1.535081e-05  5.972821e-04  1.801685e-04  1.746609e-05  7.578524e-05  7.079315e-02  0.000000e+00  2.985527e-02  0.000000e+00  1.737881e-05  0.000000e+00
4.739354e+02  3.000104e-03  4.030274e-03  5.137266e-04  3.114585e-04  1.247723e-03  9.635751e-05  1.060757e-03  7.051118e-05  6.566592e-05  0.000000e+00  4.848652e-02  0.000000e+00  2.178379e-02  6.566592e-05  0.000000e+00  0.000000e+00
5.317643e+02  2.744425e-03  3.902267e-03  8.750666e-04  1.699135e-04  9.873107e-04  4.596558e-05  4.498079e-04  1.263667e-04  7.348354e-05  1.386667e-04  4.172641e-02  0.000000e+00  1.522073e-02  3.571098e-06  1.568267e-05  0.000000e+00
5.966493e+02  2.645156e-03  3.405207e-03  7.450299e-04  6.899762e-04  9.646467e-04  1.158509e-04  8.392685e-04  8.820846e-05  5.719680e-05  6.879774e-05  2.713978e-02  0.000000e+00  1.018132e-02  0.000000e+00  2.418962e-05  0.000000e+00
6.694516e+02  2.076036e-03  3.239374e-03  1.003846e-03  6.730683e-04  1.099042e-03  5.864984e-05  6.957094e-04  4.057106e-05  1.496947e-05  6.551876e-05  1.847776e-02  0.000000e+00  6.400071e-03  0.000000e+00  0.000000e+00  0.000000e+00
7.511370e+02  1.683761e-03  2.193492e-03  6.201362e-04  4.456842e-04  7.511029e-04  1.206684e-04  5.399749e-04  7.297466e-05  7.784219e-05  5.432804e-05  1.222443e-02  0.000000e+00  4.842092e-03  0.000000e+00  0.000000e+00  0.000000e+00
8.427896e+02  1.489156e-03  2.180356e-03  6.238719e-04  2.795196e-04  8.870477e-04  1.189768e-05  5.188169e-04  8.979465e-06  6.277528e-05  1.607376e-04  6.990192e-03  0.000000e+00  2.674251e-03  0.000000e+00  2.495227e-05  0.000000e+00
9.456255e+02  1.228573e-03  1.696454e-03  7.283974e-04  3.094350e-04  8.275542e-04  7.863792e-05  4.925490e-04  4.488764e-05  0.000000e+00  1.546085e-04  5.889460e-03  2.838172e-05  1.650782e-03  0.000000e+00  0.000000e+00  0.000000e+00
1.061009e+03  1.154347e-03  1.155129e-03  7.714346e-04  5.071653e-04  6.932009e-04  5.445777e-05  5.041714e-04  5.553836e-05  1.174491e-04  6.075711e-05  4.246972e-03  0.000000e+00  8.434619e-04  6.468124e-05  3.699096e-05  0.000000e+00
1.190472e+03  8.501671e-04  9.648473e-04  6.465944e-04  4.808374e-04  3.234735e-04  4.579132e-05  3.668780e-04  1.738433e-04  4.269663e-05  2.302519e-04  2.843349e-03  0.000000e+00  4.659097e-04  0.000000e+00  0.000000e+00  0.000000e+00
1.335731e+03  7.894464e-04  1.090105e-03  5.913677e-04  3.780052e-04  2.973767e-04  1.131079e-04  2.884785e-04  5.964088e-05  1.112531e-04  7.481687e-05  1.364839e-03  0.000000e+00  3.081189e-04  1.574382e-05  0.000000e+00  0.000000e+00
1.498715e+03  4.443825e-04  8.642558e-04  5.070984e-04  4.680668e-04  4.545596e-04  2.638626e-04  4.045793e-04  1.187798e-04  1.234352e-04  1.097481e-04  5.920670e-04  1.937693e-05  2.662314e-04  0.000000e+00  0.000000e+00  3.346590e-05
1.681586e+03  3.306242e-04  7.497496e-04  4.679947e-04  3.008196e-04  3.705581e-04  9.502336e-05  2.181577e-04  1.368719e-04  8.607287e-05  8.172519e-05  6.678804e-04  0.000000e+00  1.563876e-04  2.559081e-05  0.000000e+00  1.540072e-05
1.886771e+03  4.176307e-04  6.633086e-04  4.830856e-04  3.519677e-04  3.681573e-04  1.119198e-04  2.235186e-04  1.211482e-04  4.970400e-05  1.315706e-04  3.545444e-04  2.321353e-05  2.553203e-06  6.530344e-05  1.319497e-05  0.000000e+00
2.116992e+03  2.001904e-04  5.829870e-04  3.023440e-04  2.669458e-04  2.337619e-04  4.811336e-05  2.132497e-04  8.548115e-05  6.380471e-05  8.157120e-05  2.521047e-04  2.116948e-05  7.907559e-05  3.467528e-06  0.000000e+00  3.467528e-06
2.375304e+03  2.178691e-04  3.227130e-04  3.527226e-04  4.212009e-04  2.412831e-04  1.535850e-04  1.771975e-04  5.635201e-05  2.467343e-05  6.171210e-05  2.264371e-04  1.571849e-06  0.000000e+00  1.821054e-05  0.000000e+00  1.886737e-05
2.665135e+03  1.204958e-04  3.215511e-04  2.520038e-04  4.349235e-04  1.438928e-04  5.562083e-05  1.364769e-04  1.077866e-04  3.060861e-05  5.442893e-05  1.699545e-04  3.190410e-05  3.875582e-05  1.540190e-05  0.000000e+00  2.015324e-05
2.990330e+03  9.844007e-05  2.088392e-04  1.969041e-04  2.653966e-04  1.165757e-04  1.196577e-04  1.089831e-04  1.206219e-04  1.033565e-04  1.048432e-04  1.052977e-04  4.433499e-05  0.000000e+00  1.855342e-05  0.000000e+00  2.472500e-05
3.355206e+03  4.811550e-05  2.546538e-04  2.389124e-04  3.792563e-04  7.179142e-05  1.249204e-04  3.052650e-05  1.047026e-04  5.036528e-05  7.437896e-05  5.708028e-05  1.727333e-05  4.427878e-06  1.283494e-05  0.000000e+00  2.753843e-06
3.764603e+03  4.007721e-05  1.308144e-04  2.100918e-04  2.238528e-04  4.695860e-05  1.258318e-04  1.890798e-05  4.804819e-05  8.267821e-05  9.070768e-05  7.323266e-05  2.856503e-05  5.044310e-07  1.845692e-05  0.000000e+00  5.007287e-05
4.223954e+03  2.414616e-05  5.200728e-05  1.009656e-04  1.880053e-04  4.322722e-05  5.735710e-05  4.083614e-05  9.065160e-05  6.139348e-05  8.342143e-05  4.792185e-05  3.691778e-05  0.000000e+00  2.237080e-05  0.000000e+00  3.386741e-05
4.739354e+03  9.221852e-06  9.027862e-05  1.153032e-04  1.973669e-04  3.253611e-05  1.020427e-04  1.475682e-05  5.692562e-05  4.041866e-05  4.678278e-05  3.864840e-05  1.351405e-05  5.253011e-06  7.866485e-06  0.000000e+00  2.895576e-05
5.317643e+03  5.731288e-06  8.671127e-05  1.131875e-04  1.192375e-04  2.574160e-05  1.004339e-04  1.076975e-05  7.827220e-05  4.149465e-05  7.180195e-05  5.500380e-05  2.403973e-05  0.000000e+00  2.290793e-05  0.000000e+00  2.299693e-05
5.966493e+03  1.513524e-05  4.270234e-05  7.017271e-05  1.166241e-04  1.771224e-05  5.080240e-05  2.610734e-05  5.944782e-05  3.931002e-05  4.402852e-05  5.987293e-06  1.690414e-05  0.000000e+00  1.136557e-05  0.000000e+00  1.065451e-05
6.694516e+03  5.577131e-07  4.258624e-05  5.105773e-05  8.165665e-05  1.557644e-05  1.180256e-04  2.043148e-05  6.043289e-05  3.548589e-05  3.936244e-05  3.470383e-05  9.299639e-06  0.000000e+00  1.095477e-05  0.000000e+00  3.868485e-06
7.511370e+03  9.091317e-06  3.901611e-05  4.084614e-05  5.102585e-05  7.555566e-06  7.799166e-05  1.308440e-05  6.021400e-05  3.807619e-06  2.663242e-05  1.867542e-05  1.141391e-05  0.000000e+00  6.040469e-06  0.000000e+00  2.623795e-05
8.427896e+03  5.092225e-06  3.506794e-05  1.746106e-05  5.462879e-05  9.330904e-06  8.181821e-05  1.230676e-05  5.683137e-05  1.167025e-05  1.549419e-05  5.854512e-06  1.987703e-05  0.000000e+00  4.896975e-06  0.000000e+00  2.332804e-05
9.456255e+03  0.000000e+00  9.987590e-06  1.279598e-05  6.106080e-05  6.682431e-06  4.915175e-05  7.762827e-07  3.357841e-05  1.171318e-05  1.038505e-05  2.321343e-05  3.323779e-05  0.000000e+00  1.043234e-05  0.000000e+00  4.554009e-06
1.061009e+04  0.000000e+00  1.593110e-05  8.565150e-06  3.554288e-05  4.768694e-06  3.813074e-05  2.064998e-05  1.543154e-05  5.419047e-06  1.905062e-05  1.582387e-05  5.020790e-06  0.000000e+00  3.518932e-07  0.000000e+00  1.129777e-05
1.190472e+04  0.000000e+00  3.021510e-06  2.175409e-06  2.290158e-05  0.000000e+00  2.427028e-05  1.595151e-07  1.268580e-05  6.272502e-07  1.510571e-05  1.006968e-05  1.650404e-06  0.000000e+00  7.020563e-06  0.000000e+00  1.757293e-05
1.335731e+04  0.000000e+00  9.722029e-06  6.621087e-06  1.987561e-05  0.000000e+00  1.323750e-05  1.080511e-06  8.169629e-06  2.816593e-06  8.082470e-06  1.254827e-05  7.460951e-06  0.000000e+00  0.000000e+00  0.000000e+00  1.157343e-05
1.498715e+04  0.000000e+00  2.035037e-06  1.937693e-06  7.884068e-06  0.000000e+00  1.171754e-05  0.000000e+00  5.151301e-06  2.618759e-06  4.524717e-06  9.796026e-07  2.907942e-06  0.000000e+00  7.389226e-07  0.000000e+00  1.181798e-05
1.681586e+04  0.000000e+00  5.049962e-06  2.220296e-07  5.347622e-06  0.000000e+00  1.523405e-05  1.129280e-07  5.675592e-06  0.000000e+00  1.726970e-06  1.596022e-06  2.398352e-06  0.000000e+00  1.087193e-05  0.000000e+00  8.048902e-06
1.886771e+04  0.000000e+00  4.430104e-06  0.000000e+00  2.515043e-06  0.000000e+00  8.758694e-06  0.000000e+00  4.384370e-06  0.000000e+00  0.000000e+00  5.868724e-06  3.386501e-06  0.000000e+00  4.543196e-06  0.000000e+00  1.363377e-05
2.116992e+04  0.000000e+00  8.970192e-08  0.000000e+00  5.480372e-06  0.000000e+00  7.714580e-07  0.000000e+00  2.027251e-06  0.000000e+00  0.000000e+00  0.000000e+00  1.470077e-06  0.000000e+00  4.634155e-06  0.000000e+00  2.027251e-06
2.375304e+04  0.000000e+00  0.000000e+00  0.000000e+00  7.994692e-08  0.000000e+00  3.918345e-06  1.090287e-06  1.503940e-06  0.000000e+00  1.652326e-06  1.728121e-06  3.143698e-07  0.000000e+00  0.000000e+00  0.000000e+00  5.476521e-06
2.665135e+04  0.000000e+00  9.717196e-07  0.000000e+00  1.213224e-06  0.000000e+00  0.000000e+00  0.000000e+00  0.000000e+00  0.000000e+00  9.341321e-07  0.000000e+00  0.000000e+00  0.000000e+00  0.000000e+00  0.000000e+00  9.717196e-07
2.990330e+04  0.000000e+00  0.000000e+00  0.000000e+00  1.397468e-06  0.000000e+00  0.000000e+00  0.000000e+00  0.000000e+00  0.000000e+00  0.000000e+00  0.000000e+00  2.592090e-06  0.000000e+00  2.567317e-06  0.000000e+00  1.649925e-06
3.355206e+04  0.000000e+00  0.000000e+00  0.000000e+00  0.000000e+00  0.000000e+00  0.000000e+00  0.000000e+00  0.000000e+00  0.000000e+00  0.000000e+00  0.000000e+00  2.187862e-07  0.000000e+00  2.485536e-07  0.000000e+00  1.484015e-06
3.764603e+04  0.000000e+00  0.000000e+00  0.000000e+00  7.714093e-07  0.000000e+00  0.000000e+00  0.000000e+00  0.000000e+00  0.000000e+00  0.000000e+00  0.000000e+00  1.110048e-06  0.000000e+00  7.714093e-07  0.000000e+00  5.044310e-08
4.223954e+04  0.000000e+00  0.000000e+00  0.000000e+00  6.353876e-07  0.000000e+00  0.000000e+00  0.000000e+00  1.608118e-06  0.000000e+00  0.000000e+00  0.000000e+00  1.765243e-06  0.000000e+00  0.000000e+00  0.000000e+00  0.000000e+00
4.739354e+04  0.000000e+00  0.000000e+00  0.000000e+00  0.000000e+00  0.000000e+00  0.000000e+00  0.000000e+00  4.006838e-08  0.000000e+00  0.000000e+00  0.000000e+00  6.063582e-07  0.000000e+00  8.817429e-07  0.000000e+00  0.000000e+00
5.317643e+04  0.000000e+00  0.000000e+00  0.000000e+00  0.000000e+00  0.000000e+00  0.000000e+00  0.000000e+00  0.000000e+00  0.000000e+00  0.000000e+00  0.000000e+00  0.000000e+00  0.000000e+00  0.000000e+00  0.000000e+00  0.000000e+00
5.966493e+04  0.000000e+00  0.000000e+00  0.000000e+00  0.000000e+00  0.000000e+00  0.000000e+00  0.000000e+00  0.000000e+00  0.000000e+00  0.000000e+00  0.000000e+00  0.000000e+00  0.000000e+00  0.000000e+00  0.000000e+00  0.000000e+00
6.694516e+04  0.000000e+00  0.000000e+00  0.000000e+00  0.000000e+00  0.000000e+00  0.000000e+00  0.000000e+00  0.000000e+00  0.000000e+00  0.000000e+00  0.000000e+00  0.000000e+00  0.000000e+00  0.000000e+00  0.000000e+00  5.619843e-07
7.511370e+04  0.000000e+00  0.000000e+00  0.000000e+00  0.000000e+00  0.000000e+00  0.000000e+00  0.000000e+00  0.000000e+00  0.000000e+00  0.000000e+00  0.000000e+00  0.000000e+00  0.000000e+00  0.000000e+00  0.000000e+00  3.807619e-07
8.427896e+04  0.000000e+00  0.000000e+00  0.000000e+00  0.000000e+00  0.000000e+00  0.000000e+00  0.000000e+00  0.000000e+00  0.000000e+00  0.000000e+00  0.000000e+00  0.000000e+00  0.000000e+00  0.000000e+00  0.000000e+00  0.000000e+00
9.456255e+04  0.000000e+00  0.000000e+00  0.000000e+00  0.000000e+00  0.000000e+00  0.000000e+00  0.000000e+00  0.000000e+00  0.000000e+00  0.000000e+00  0.000000e+00  0.000000e+00  0.000000e+00  0.000000e+00  0.000000e+00  0.000000e+00
1.061009e+05  0.000000e+00  0.000000e+00  0.000000e+00  0.000000e+00  0.000000e+00  0.000000e+00  0.000000e+00  0.000000e+00  0.000000e+00  0.000000e+00  0.000000e+00  0.000000e+00  0.000000e+00  0.000000e+00  0.000000e+00  0.000000e+00
1.190472e+05  0.000000e+00  0.000000e+00  0.000000e+00  0.000000e+00  0.000000e+00  0.000000e+00  0.000000e+00  0.000000e+00  0.000000e+00  0.000000e+00  0.000000e+00  0.000000e+00  0.000000e+00  0.000000e+00  0.000000e+00  0.000000e+00
1.335731e+05  0.000000e+00  0.000000e+00  0.000000e+00  0.000000e+00  0.000000e+00  0.000000e+00  0.000000e+00  0.000000e+00  0.000000e+00  0.000000e+00  0.000000e+00  0.000000e+00  0.000000e+00  0.000000e+00  0.000000e+00  0.000000e+00
1.498715e+05  0.000000e+00  0.000000e+00  0.000000e+00  0.000000e+00  0.000000e+00  0.000000e+00  0.000000e+00  0.000000e+00  0.000000e+00  0.000000e+00  0.000000e+00  0.000000e+00  0.000000e+00  0.000000e+00  0.000000e+00  0.000000e+00
1.681586e+05  0.000000e+00  0.000000e+00  0.000000e+00  0.000000e+00  0.000000e+00  0.000000e+00  0.000000e+00  0.000000e+00  0.000000e+00  0.000000e+00  0.000000e+00  0.000000e+00  0.000000e+00  0.000000e+00  0.000000e+00  0.000000e+00
1.886771e+05  0.000000e+00  0.000000e+00  0.000000e+00  0.000000e+00  0.000000e+00  0.000000e+00  0.000000e+00  0.000000e+00  0.000000e+00  0.000000e+00  0.000000e+00  0.000000e+00  0.000000e+00  0.000000e+00  0.000000e+00  0.000000e+00
2.116992e+05  0.000000e+00  0.000000e+00  0.000000e+00  0.000000e+00  0.000000e+00  0.000000e+00  0.000000e+00  0.000000e+00  0.000000e+00  0.000000e+00  0.000000e+00  0.000000e+00  0.000000e+00  0.000000e+00  0.000000e+00  0.000000e+00
2.375304e+05  0.000000e+00  0.000000e+00  0.000000e+00  0.000000e+00  0.000000e+00  0.000000e+00  0.000000e+00  0.000000e+00  0.000000e+00  0.000000e+00  0.000000e+00  0.000000e+00  0.000000e+00  0.000000e+00  0.000000e+00  0.000000e+00
2.665135e+05  0.000000e+00  0.000000e+00  0.000000e+00  0.000000e+00  0.000000e+00  0.000000e+00  0.000000e+00  0.000000e+00  0.000000e+00  0.000000e+00  0.000000e+00  0.000000e+00  0.000000e+00  0.000000e+00  0.000000e+00  0.000000e+00
2.990330e+05  0.000000e+00  0.000000e+00  0.000000e+00  0.000000e+00  0.000000e+00  0.000000e+00  0.000000e+00  0.000000e+00  0.000000e+00  0.000000e+00  0.000000e+00  0.000000e+00  0.000000e+00  0.000000e+00  0.000000e+00  0.000000e+00
3.355206e+05  0.000000e+00  0.000000e+00  0.000000e+00  0.000000e+00  0.000000e+00  0.000000e+00  0.000000e+00  0.000000e+00  0.000000e+00  0.000000e+00  0.000000e+00  0.000000e+00  0.000000e+00  0.000000e+00  0.000000e+00  0.000000e+00
3.764603e+05  0.000000e+00  0.000000e+00  0.000000e+00  0.000000e+00  0.000000e+00  0.000000e+00  0.000000e+00  0.000000e+00  0.000000e+00  0.000000e+00  0.000000e+00  0.000000e+00  0.000000e+00  0.000000e+00  0.000000e+00  0.000000e+00
4.223954e+05  0.000000e+00  0.000000e+00  0.000000e+00  0.000000e+00  0.000000e+00  0.000000e+00  0.000000e+00  0.000000e+00  0.000000e+00  0.000000e+00  0.000000e+00  0.000000e+00  0.000000e+00  0.000000e+00  0.000000e+00  0.000000e+00
4.739354e+05  0.000000e+00  0.000000e+00  0.000000e+00  0.000000e+00  0.000000e+00  0.000000e+00  0.000000e+00  0.000000e+00  0.000000e+00  0.000000e+00  0.000000e+00  0.000000e+00  0.000000e+00  0.000000e+00  0.000000e+00  0.000000e+00
5.317643e+05  0.000000e+00  0.000000e+00  0.000000e+00  0.000000e+00  0.000000e+00  0.000000e+00  0.000000e+00  0.000000e+00  0.000000e+00  0.000000e+00  0.000000e+00  0.000000e+00  0.000000e+00  0.000000e+00  0.000000e+00  0.000000e+00
5.966493e+05  0.000000e+00  0.000000e+00  0.000000e+00  0.000000e+00  0.000000e+00  0.000000e+00  0.000000e+00  0.000000e+00  0.000000e+00  0.000000e+00  0.000000e+00  0.000000e+00  0.000000e+00  0.000000e+00  0.000000e+00  0.000000e+00
6.694516e+05  0.000000e+00  0.000000e+00  0.000000e+00  0.000000e+00  0.000000e+00  0.000000e+00  0.000000e+00  0.000000e+00  0.000000e+00  0.000000e+00  0.000000e+00  0.000000e+00  0.000000e+00  0.000000e+00  0.000000e+00  0.000000e+00
7.511370e+05  0.000000e+00  0.000000e+00  0.000000e+00  0.000000e+00  0.000000e+00  0.000000e+00  0.000000e+00  0.000000e+00  0.000000e+00  0.000000e+00  0.000000e+00  0.000000e+00  0.000000e+00  0.000000e+00  0.000000e+00  0.000000e+00
8.427896e+05  0.000000e+00  0.000000e+00  0.000000e+00  0.000000e+00  0.000000e+00  0.000000e+00  0.000000e+00  0.000000e+00  0.000000e+00  0.000000e+00  0.000000e+00  0.000000e+00  0.000000e+00  0.000000e+00  0.000000e+00  0.000000e+00
9.456255e+05  0.000000e+00  0.000000e+00  0.000000e+00  0.000000e+00  0.000000e+00  0.000000e+00  0.000000e+00  0.000000e+00  0.000000e+00  0.000000e+00  0.000000e+00  0.000000e+00  0.000000e+00  0.000000e+00  0.000000e+00  0.000000e+00
