# dR/dEr [1/keV/kg/Myr]
# Er [keV], S, F, Ne, Cl, Na, Si, O, P, N, C, Al, Mg, Be, B, Ar, Li
1.061009e+01  2.066109e-02  1.915848e-02  0.000000e+00  0.000000e+00  1.194192e-02  0.000000e+00  3.193837e-03  0.000000e+00  0.000000e+00  0.000000e+00  0.000000e+00  0.000000e+00  5.129728e-03  0.000000e+00  0.000000e+00  0.000000e+00
1.190472e+01  3.054989e-03  4.996589e-03  0.000000e+00  0.000000e+00  9.840631e-04  0.000000e+00  0.000000e+00  0.000000e+00  0.000000e+00  0.000000e+00  0.000000e+00  0.000000e+00  0.000000e+00  0.000000e+00  0.000000e+00  0.000000e+00
1.335731e+01  6.743789e-03  2.937442e-03  0.000000e+00  0.000000e+00  0.000000e+00  0.000000e+00  0.000000e+00  0.000000e+00  0.000000e+00  0.000000e+00  0.000000e+00  0.000000e+00  0.000000e+00  0.000000e+00  0.000000e+00  0.000000e+00
1.498715e+01  1.125526e-03  4.350580e-03  0.000000e+00  0.000000e+00  2.415294e-03  0.000000e+00  1.776205e-04  0.000000e+00  0.000000e+00  0.000000e+00  0.000000e+00  0.000000e+00  0.000000e+00  0.000000e+00  0.000000e+00  0.000000e+00
1.681586e+01  2.784753e-03  2.320060e-03  3.972948e-04  0.000000e+00  8.039028e-04  1.583045e-04  0.000000e+00  0.000000e+00  0.000000e+00  0.000000e+00  0.000000e+00  0.000000e+00  0.000000e+00  0.000000e+00  0.000000e+00  0.000000e+00
1.886771e+01  1.894005e-03  2.126058e-03  0.000000e+00  0.000000e+00  3.540893e-04  0.000000e+00  0.000000e+00  0.000000e+00  0.000000e+00  0.000000e+00  0.000000e+00  0.000000e+00  0.000000e+00  0.000000e+00  0.000000e+00  0.000000e+00
2.116992e+01  3.241728e-03  3.883818e-03  0.000000e+00  0.000000e+00  3.877326e-04  0.000000e+00  1.668150e-04  0.000000e+00  0.000000e+00  0.000000e+00  2.547843e-03  0.000000e+00  0.000000e+00  0.000000e+00  0.000000e+00  0.000000e+00
2.375304e+01  5.968542e-03  7.061778e-04  9.494347e-04  0.000000e+00  2.218996e-03  0.000000e+00  2.812632e-04  0.000000e+00  0.000000e+00  0.000000e+00  0.000000e+00  0.000000e+00  0.000000e+00  0.000000e+00  0.000000e+00  0.000000e+00
2.665135e+01  5.077276e-03  5.410237e-03  1.325059e-04  1.107543e-03  2.077009e-04  0.000000e+00  0.000000e+00  1.469928e-03  0.000000e+00  0.000000e+00  0.000000e+00  0.000000e+00  0.000000e+00  0.000000e+00  0.000000e+00  0.000000e+00
2.990330e+01  8.487034e-03  1.778290e-03  1.560387e-04  0.000000e+00  3.620467e-03  0.000000e+00  2.071171e-04  0.000000e+00  0.000000e+00  0.000000e+00  2.381563e-03  0.000000e+00  1.721675e-03  0.000000e+00  0.000000e+00  0.000000e+00
3.355206e+01  6.086950e-03  2.815564e-03  1.841761e-04  0.000000e+00  3.498959e-04  0.000000e+00  1.114252e-03  0.000000e+00  0.000000e+00  0.000000e+00  2.357059e-03  0.000000e+00  4.485242e-03  0.000000e+00  0.000000e+00  0.000000e+00
3.764603e+01  1.016546e-02  5.894673e-03  7.430634e-04  9.380699e-05  3.221566e-03  0.000000e+00  9.001820e-04  0.000000e+00  0.000000e+00  0.000000e+00  0.000000e+00  0.000000e+00  7.331559e-04  0.000000e+00  0.000000e+00  0.000000e+00
4.223954e+01  8.592346e-03  4.867419e-03  1.297509e-03  0.000000e+00  1.400434e-03  0.000000e+00  7.794702e-04  0.000000e+00  0.000000e+00  0.000000e+00  2.020428e-03  0.000000e+00  5.162542e-03  0.000000e+00  0.000000e+00  0.000000e+00
4.739354e+01  9.210059e-03  2.955529e-03  7.451354e-05  2.049002e-04  9.083483e-04  0.000000e+00  2.671859e-04  0.000000e+00  0.000000e+00  0.000000e+00  0.000000e+00  0.000000e+00  3.432200e-03  0.000000e+00  0.000000e+00  0.000000e+00
5.317643e+01  8.441032e-03  1.944892e-03  1.828808e-04  0.000000e+00  3.373938e-03  0.000000e+00  3.533881e-04  0.000000e+00  0.000000e+00  0.000000e+00  1.014314e-03  0.000000e+00  0.000000e+00  0.000000e+00  0.000000e+00  0.000000e+00
5.966493e+01  1.001721e-02  5.603163e-03  2.047495e-04  1.038045e-04  3.041913e-03  0.000000e+00  2.893520e-03  0.000000e+00  0.000000e+00  0.000000e+00  9.051255e-04  0.000000e+00  8.018354e-04  0.000000e+00  0.000000e+00  0.000000e+00
6.694516e+01  1.165245e-02  5.078235e-03  3.470383e-04  0.000000e+00  2.049403e-03  0.000000e+00  5.407169e-04  0.000000e+00  7.685945e-04  0.000000e+00  4.661421e-04  0.000000e+00  1.129492e-02  0.000000e+00  0.000000e+00  0.000000e+00
7.511370e+01  1.270328e-02  5.630332e-03  1.191569e-03  1.177084e-04  1.436694e-03  0.000000e+00  2.738148e-04  0.000000e+00  0.000000e+00  0.000000e+00  7.296430e-04  0.000000e+00  3.808894e+00  0.000000e+00  0.000000e+00  0.000000e+00
8.427896e+01  1.436389e-02  4.964900e-03  1.980618e-04  8.740928e-04  1.880029e-03  0.000000e+00  1.123376e-03  0.000000e+00  0.000000e+00  0.000000e+00  0.000000e+00  0.000000e+00  4.527799e+00  0.000000e+00  0.000000e+00  0.000000e+00
9.456255e+01  1.477684e-02  4.419723e-03  5.742717e-04  1.362598e-04  3.084018e-03  0.000000e+00  4.278729e-04  0.000000e+00  8.479912e-04  0.000000e+00  3.038679e-04  0.000000e+00  3.496385e+00  0.000000e+00  0.000000e+00  0.000000e+00
1.061009e+02  1.575808e-02  6.208371e-03  1.015667e-03  3.148003e-04  1.788992e-03  0.000000e+00  4.740451e-04  0.000000e+00  0.000000e+00  5.089895e-04  7.524161e-04  0.000000e+00  2.579275e+00  0.000000e+00  0.000000e+00  0.000000e+00
1.190472e+02  1.568267e-02  8.526946e-03  7.232521e-04  3.536122e-04  3.549284e-03  0.000000e+00  4.563623e-04  0.000000e+00  2.236110e-05  2.621310e-04  2.231912e+00  0.000000e+00  1.936303e+00  0.000000e+00  6.912302e-04  0.000000e+00
1.335731e+02  1.887880e-02  7.876094e-03  1.076443e-03  2.094237e-04  2.442359e-03  0.000000e+00  4.233517e-04  0.000000e+00  0.000000e+00  0.000000e+00  1.914024e+00  0.000000e+00  1.443595e+00  0.000000e+00  0.000000e+00  0.000000e+00
1.498715e+02  4.145329e-02  8.395124e-03  4.300238e-04  2.677079e-04  1.834694e-03  0.000000e+00  1.520076e-03  0.000000e+00  2.616396e-04  4.429728e-04  1.424502e+00  0.000000e+00  1.085790e+00  0.000000e+00  0.000000e+00  0.000000e+00
1.681586e+02  5.756269e-02  1.126888e-02  6.640472e-04  8.039028e-05  2.014455e-03  1.708775e-04  1.270197e-03  0.000000e+00  4.218147e-04  0.000000e+00  1.118692e+00  0.000000e+00  7.804147e-01  0.000000e+00  0.000000e+00  0.000000e+00
1.886771e+02  3.678707e-02  9.595559e-03  5.919504e-04  7.633017e-05  2.225190e-03  3.282586e-05  1.482803e-03  2.478736e-05  2.478736e-05  0.000000e+00  8.176074e-01  0.000000e+00  5.596836e-01  0.000000e+00  0.000000e+00  0.000000e+00
2.116992e+02  1.858321e-02  1.218281e-02  5.813056e-04  4.040811e-04  1.905525e-03  2.209176e-05  6.856730e-04  0.000000e+00  0.000000e+00  1.357328e-04  6.452517e-01  0.000000e+00  3.972402e-01  0.000000e+00  1.321374e-04  0.000000e+00
2.375304e+02  1.393261e-02  4.549760e-02  1.125560e-03  3.722892e-04  2.300978e-03  8.437016e-06  1.315436e-03  1.570804e-04  0.000000e+00  1.120710e-05  4.807686e-01  0.000000e+00  2.985713e-01  0.000000e+00  4.496469e-05  0.000000e+00
2.665135e+02  1.166055e-02  3.843240e-02  1.026896e-03  4.755271e-04  2.925353e-03  2.318640e-05  1.060606e-03  0.000000e+00  1.754811e-05  1.640380e-04  3.441062e-01  0.000000e+00  1.939490e-01  0.000000e+00  0.000000e+00  0.000000e+00
2.990330e+02  9.474895e-03  8.281605e-03  3.980312e-04  2.099537e-04  2.338392e-03  1.446102e-04  1.281023e-03  9.481027e-05  9.229886e-05  2.681584e-04  2.656338e-01  0.000000e+00  1.461536e-01  0.000000e+00  0.000000e+00  0.000000e+00
3.355206e+02  8.490899e-03  8.810208e-03  4.595559e-04  3.712604e-04  2.173432e-03  1.393896e-05  9.183147e-04  1.194590e-05  1.052532e-05  1.809829e-04  1.973429e-01  1.425887e-04  1.053821e-01  0.000000e+00  0.000000e+00  8.112974e-05
3.764603e+02  6.476117e-03  6.480045e-03  1.148883e-03  5.132954e-04  1.914405e-03  4.432871e-04  7.004881e-04  0.000000e+00  1.641471e-05  0.000000e+00  1.327419e-01  0.000000e+00  7.186257e-02  0.000000e+00  0.000000e+00  0.000000e+00
4.223954e+02  4.219896e-03  6.311968e-03  4.204046e-04  4.660584e-04  2.013156e-03  7.548109e-05  7.407576e-04  2.144402e-04  7.819264e-05  1.401041e-04  9.391635e-02  0.000000e+00  4.186144e-02  0.000000e+00  6.622559e-05  0.000000e+00
4.739354e+02  3.846915e-03  5.471133e-03  6.331366e-04  4.982636e-04  1.625435e-03  1.213999e-04  1.330873e-03  8.919983e-05  8.266015e-05  0.000000e+00  6.499692e-02  0.000000e+00  2.919670e-02  8.266015e-05  0.000000e+00  0.000000e+00
5.317643e+02  3.757852e-03  5.195863e-03  1.199366e-03  2.137158e-04  1.275039e-03  7.606757e-05  6.079083e-04  1.927940e-04  9.287553e-05  1.657350e-04  5.636282e-02  0.000000e+00  1.995139e-02  5.403621e-05  2.008499e-05  0.000000e+00
5.966493e+02  3.593556e-03  4.510943e-03  1.012085e-03  8.614993e-04  1.329336e-03  1.436828e-04  1.159076e-03  1.112013e-04  6.514905e-05  8.628815e-05  3.684548e-02  0.000000e+00  1.347392e-02  0.000000e+00  4.625901e-05  0.000000e+00
6.694516e+02  2.868981e-03  4.372952e-03  1.319582e-03  8.254459e-04  1.416207e-03  1.883533e-04  9.995733e-04  6.561230e-05  1.921026e-05  8.083588e-05  2.493526e-02  0.000000e+00  8.571495e-03  0.000000e+00  0.000000e+00  0.000000e+00
7.511370e+02  2.313063e-03  3.107373e-03  9.124242e-04  5.931414e-04  1.067785e-03  1.353850e-04  6.932959e-04  1.215576e-04  1.178514e-04  6.636007e-05  1.625086e-02  0.000000e+00  6.439248e-03  0.000000e+00  0.000000e+00  0.000000e+00
8.427896e+02  1.946092e-03  3.068363e-03  8.635690e-04  3.683418e-04  1.147098e-03  1.527587e-05  7.341003e-04  1.152239e-05  8.824871e-05  2.438030e-04  9.585680e-03  0.000000e+00  3.357212e-03  0.000000e+00  3.162691e-05  0.000000e+00
9.456255e+02  1.580908e-03  2.315248e-03  9.829846e-04  3.892032e-04  1.037027e-03  9.752673e-05  7.156776e-04  9.212255e-05  0.000000e+00  2.039102e-04  7.805038e-03  3.121481e-05  2.325319e-03  0.000000e+00  0.000000e+00  0.000000e+00
1.061009e+03  1.498203e-03  1.687149e-03  1.024287e-03  7.221124e-04  9.516630e-04  6.660522e-05  6.801102e-04  6.889620e-05  1.571430e-04  9.358113e-05  5.607910e-03  0.000000e+00  1.249842e-03  7.631527e-05  4.509052e-05  0.000000e+00
1.190472e+03  1.152300e-03  1.368697e-03  8.738723e-04  6.959764e-04  4.785897e-04  5.819565e-05  4.584001e-04  2.324313e-04  5.267310e-05  3.239696e-04  3.604416e-03  0.000000e+00  6.558464e-04  0.000000e+00  0.000000e+00  0.000000e+00
1.335731e+03  1.085807e-03  1.497797e-03  8.261673e-04  5.400467e-04  3.888642e-04  1.502919e-04  3.911852e-04  1.085170e-04  1.985139e-04  1.207258e-04  2.036226e-03  0.000000e+00  4.379521e-04  1.995523e-05  0.000000e+00  0.000000e+00
1.498715e+03  5.634592e-04  1.234234e-03  7.334131e-04  6.378233e-04  6.611703e-04  3.253265e-04  5.498761e-04  1.878525e-04  2.044786e-04  1.658954e-04  8.903794e-04  2.261155e-05  3.351950e-04  0.000000e+00  0.000000e+00  4.726957e-05
1.681586e+03  4.618743e-04  1.052514e-03  6.302955e-04  4.604158e-04  4.587477e-04  1.279219e-04  3.249973e-04  1.902639e-04  1.194061e-04  9.960113e-05  9.822403e-04  0.000000e+00  1.901929e-04  3.787845e-05  0.000000e+00  1.618751e-05
1.886771e+03  5.568820e-04  9.100513e-04  6.598886e-04  4.478933e-04  5.028539e-04  1.688683e-04  2.776854e-04  1.529323e-04  7.909966e-05  1.705831e-04  4.623380e-04  2.915841e-05  3.275166e-06  8.126555e-05  1.442329e-05  0.000000e+00
2.116992e+03  2.936208e-04  7.221820e-04  3.832901e-04  3.692826e-04  3.306010e-04  8.979720e-05  2.754701e-04  1.589296e-04  9.100137e-05  1.146443e-04  3.050345e-04  2.642508e-05  1.193738e-04  1.321374e-05  0.000000e+00  1.321374e-05
2.375304e+03  2.867083e-04  4.410411e-04  4.694455e-04  5.728718e-04  3.009473e-04  2.092157e-04  2.277521e-04  1.074378e-04  2.953488e-05  1.132381e-04  3.240807e-04  1.193591e-05  0.000000e+00  2.270767e-05  0.000000e+00  3.483293e-05
2.665135e+03  1.648026e-04  4.138843e-04  3.396783e-04  5.795291e-04  2.146676e-04  8.725817e-05  1.906633e-04  1.539480e-04  6.627512e-05  8.073329e-05  2.236240e-04  4.227728e-05  5.506587e-05  1.931751e-05  0.000000e+00  2.442437e-05
2.990330e+03  1.358660e-04  3.138301e-04  3.021995e-04  3.650244e-04  1.602754e-04  1.627726e-04  1.350643e-04  1.603672e-04  1.486625e-04  1.298799e-04  1.479428e-04  5.295375e-05  0.000000e+00  2.644664e-05  0.000000e+00  3.428541e-05
3.355206e+03  8.005904e-05  3.302823e-04  3.173956e-04  4.838874e-04  9.172179e-05  1.783559e-04  5.262482e-05  1.597784e-04  8.303290e-05  1.030035e-04  8.139981e-05  2.959455e-05  5.638306e-06  2.122570e-05  0.000000e+00  1.690147e-05
3.764603e+03  5.740631e-05  1.900866e-04  3.070193e-04  3.165146e-04  6.687810e-05  1.972399e-04  3.611848e-05  8.177584e-05  1.213680e-04  1.150781e-04  1.204044e-04  3.441829e-05  7.632817e-06  2.106010e-05  0.000000e+00  6.111690e-05
4.223954e+03  3.903800e-05  6.564636e-05  1.418825e-04  2.538348e-04  5.729169e-05  7.963828e-05  6.151197e-05  1.398757e-04  8.531656e-05  1.270077e-04  5.759511e-05  6.283974e-05  0.000000e+00  3.189357e-05  0.000000e+00  5.504411e-05
4.739354e+03  1.156406e-05  1.234949e-04  1.549030e-04  2.889887e-04  4.406060e-05  1.417810e-04  2.172323e-05  8.843266e-05  6.314241e-05  6.098327e-05  4.662424e-05  2.215849e-05  5.742015e-06  1.446154e-05  0.000000e+00  4.520889e-05
5.317643e+03  1.170056e-05  1.080481e-04  1.431506e-04  1.654954e-04  3.502867e-05  1.378469e-04  2.158065e-05  1.031180e-04  5.020850e-05  1.007190e-04  7.069322e-05  3.380582e-05  0.000000e+00  3.314829e-05  0.000000e+00  2.772282e-05
5.966493e+03  2.675613e-05  5.791723e-05  1.015098e-04  1.660995e-04  2.345416e-05  7.742764e-05  4.175572e-05  7.303805e-05  5.413707e-05  6.312736e-05  7.247678e-06  2.805509e-05  0.000000e+00  1.361230e-05  0.000000e+00  1.709051e-05
6.694516e+03  4.235019e-06  5.969333e-05  7.098465e-05  1.027010e-04  2.350474e-05  1.561450e-04  2.421718e-05  8.846897e-05  5.597856e-05  4.849468e-05  4.530031e-05  1.173818e-05  0.000000e+00  1.648787e-05  0.000000e+00  4.066119e-06
7.511370e+03  1.088080e-05  4.998562e-05  5.707537e-05  6.699773e-05  9.305633e-06  1.119785e-04  1.894501e-05  8.682281e-05  4.805444e-06  4.362947e-05  2.397587e-05  1.745144e-05  0.000000e+00  1.201155e-05  0.000000e+00  3.523974e-05
8.427896e+03  6.407798e-06  4.285066e-05  2.404666e-05  7.017853e-05  1.153876e-05  1.083723e-04  1.390431e-05  7.468953e-05  1.419301e-05  2.471572e-05  7.405397e-06  3.335583e-05  0.000000e+00  6.777247e-06  0.000000e+00  3.807935e-05
9.456255e+03  0.000000e+00  1.432655e-05  2.463260e-05  8.018752e-05  7.946070e-06  6.846358e-05  2.958189e-06  4.361326e-05  2.531230e-05  1.249145e-05  3.716146e-05  4.978291e-05  0.000000e+00  1.543751e-05  0.000000e+00  7.531164e-06
1.061009e+04  0.000000e+00  2.800677e-05  1.123420e-05  4.702697e-05  7.720103e-06  5.228051e-05  2.551570e-05  2.166221e-05  9.313492e-06  2.915898e-05  2.327709e-05  6.343152e-06  0.000000e+00  2.672116e-06  0.000000e+00  2.480653e-05
1.190472e+04  0.000000e+00  7.017236e-06  2.286547e-06  3.093560e-05  0.000000e+00  3.302623e-05  2.413709e-06  1.451040e-05  4.763052e-06  2.247778e-05  1.697629e-05  4.308080e-06  0.000000e+00  8.644249e-06  0.000000e+00  2.420027e-05
1.335731e+04  0.000000e+00  1.408442e-05  8.213294e-06  2.956519e-05  0.000000e+00  2.182421e-05  2.066314e-06  9.977198e-06  5.388639e-06  1.013402e-05  1.502081e-05  1.256771e-05  0.000000e+00  0.000000e+00  0.000000e+00  1.849393e-05
1.498715e+04  0.000000e+00  4.325704e-06  2.261155e-06  1.297469e-05  0.000000e+00  1.796365e-05  0.000000e+00  7.473300e-06  3.192164e-06  5.419154e-06  3.732982e-06  3.503304e-06  0.000000e+00  3.758204e-06  0.000000e+00  1.494660e-05
1.681586e+04  0.000000e+00  5.785851e-06  1.685991e-06  8.130707e-06  0.000000e+00  2.346385e-05  1.708775e-06  6.632853e-06  0.000000e+00  2.015256e-06  1.755338e-06  3.260083e-06  0.000000e+00  1.577804e-05  0.000000e+00  1.399714e-05
1.886771e+04  0.000000e+00  5.764278e-06  0.000000e+00  5.062115e-06  0.000000e+00  1.307657e-05  0.000000e+00  6.556139e-06  0.000000e+00  0.000000e+00  7.166846e-06  5.375070e-06  0.000000e+00  7.220425e-06  0.000000e+00  2.023199e-05
2.116992e+04  0.000000e+00  1.357328e-06  0.000000e+00  6.734483e-06  0.000000e+00  2.661084e-06  0.000000e+00  2.550990e-06  0.000000e+00  0.000000e+00  0.000000e+00  1.850530e-06  0.000000e+00  7.412268e-06  0.000000e+00  2.550990e-06
2.375304e+04  0.000000e+00  0.000000e+00  0.000000e+00  1.209720e-06  0.000000e+00  5.256081e-06  1.145988e-06  1.820534e-06  0.000000e+00  2.014119e-06  2.167460e-06  2.387181e-06  0.000000e+00  0.000000e+00  0.000000e+00  7.706045e-06
2.665135e+04  0.000000e+00  1.021363e-06  0.000000e+00  2.418147e-06  0.000000e+00  0.000000e+00  0.000000e+00  0.000000e+00  0.000000e+00  1.021091e-06  0.000000e+00  0.000000e+00  0.000000e+00  0.000000e+00  0.000000e+00  1.021363e-06
2.990330e+04  0.000000e+00  0.000000e+00  0.000000e+00  1.720669e-06  0.000000e+00  0.000000e+00  0.000000e+00  0.000000e+00  0.000000e+00  0.000000e+00  0.000000e+00  3.166771e-06  0.000000e+00  3.167777e-06  0.000000e+00  3.741798e-06
3.355206e+04  0.000000e+00  0.000000e+00  0.000000e+00  0.000000e+00  0.000000e+00  0.000000e+00  0.000000e+00  0.000000e+00  0.000000e+00  0.000000e+00  0.000000e+00  8.337308e-07  0.000000e+00  3.183256e-07  0.000000e+00  1.622162e-06
3.764603e+04  0.000000e+00  0.000000e+00  0.000000e+00  9.001820e-07  0.000000e+00  0.000000e+00  0.000000e+00  0.000000e+00  0.000000e+00  0.000000e+00  0.000000e+00  1.366776e-06  0.000000e+00  9.001820e-07  0.000000e+00  7.632817e-07
4.223954e+04  0.000000e+00  0.000000e+00  0.000000e+00  6.988126e-07  0.000000e+00  0.000000e+00  0.000000e+00  2.015732e-06  0.000000e+00  0.000000e+00  0.000000e+00  2.691634e-06  0.000000e+00  0.000000e+00  0.000000e+00  0.000000e+00
4.739354e+04  0.000000e+00  0.000000e+00  0.000000e+00  0.000000e+00  0.000000e+00  0.000000e+00  0.000000e+00  6.062962e-07  0.000000e+00  0.000000e+00  0.000000e+00  1.229114e-06  0.000000e+00  1.085669e-06  0.000000e+00  0.000000e+00
5.317643e+04  0.000000e+00  0.000000e+00  0.000000e+00  0.000000e+00  0.000000e+00  0.000000e+00  0.000000e+00  0.000000e+00  0.000000e+00  0.000000e+00  0.000000e+00  0.000000e+00  0.000000e+00  0.000000e+00  0.000000e+00  0.000000e+00
5.966493e+04  0.000000e+00  0.000000e+00  0.000000e+00  0.000000e+00  0.000000e+00  0.000000e+00  0.000000e+00  0.000000e+00  0.000000e+00  0.000000e+00  0.000000e+00  0.000000e+00  0.000000e+00  0.000000e+00  0.000000e+00  0.000000e+00
6.694516e+04  0.000000e+00  0.000000e+00  0.000000e+00  0.000000e+00  0.000000e+00  0.000000e+00  0.000000e+00  0.000000e+00  0.000000e+00  0.000000e+00  0.000000e+00  0.000000e+00  0.000000e+00  0.000000e+00  0.000000e+00  1.075175e-06
7.511370e+04  0.000000e+00  0.000000e+00  0.000000e+00  0.000000e+00  0.000000e+00  0.000000e+00  0.000000e+00  0.000000e+00  0.000000e+00  0.000000e+00  0.000000e+00  0.000000e+00  0.000000e+00  0.000000e+00  0.000000e+00  4.805444e-07
8.427896e+04  0.000000e+00  0.000000e+00  0.000000e+00  0.000000e+00  0.000000e+00  0.000000e+00  0.000000e+00  0.000000e+00  0.000000e+00  0.000000e+00  0.000000e+00  0.000000e+00  0.000000e+00  0.000000e+00  0.000000e+00  0.000000e+00
9.456255e+04  0.000000e+00  0.000000e+00  0.000000e+00  0.000000e+00  0.000000e+00  0.000000e+00  0.000000e+00  0.000000e+00  0.000000e+00  0.000000e+00  0.000000e+00  0.000000e+00  0.000000e+00  0.000000e+00  0.000000e+00  0.000000e+00
1.061009e+05  0.000000e+00  0.000000e+00  0.000000e+00  0.000000e+00  0.000000e+00  0.000000e+00  0.000000e+00  0.000000e+00  0.000000e+00  0.000000e+00  0.000000e+00  0.000000e+00  0.000000e+00  0.000000e+00  0.000000e+00  0.000000e+00
1.190472e+05  0.000000e+00  0.000000e+00  0.000000e+00  0.000000e+00  0.000000e+00  0.000000e+00  0.000000e+00  0.000000e+00  0.000000e+00  0.000000e+00  0.000000e+00  0.000000e+00  0.000000e+00  0.000000e+00  0.000000e+00  0.000000e+00
1.335731e+05  0.000000e+00  0.000000e+00  0.000000e+00  0.000000e+00  0.000000e+00  0.000000e+00  0.000000e+00  0.000000e+00  0.000000e+00  0.000000e+00  0.000000e+00  0.000000e+00  0.000000e+00  0.000000e+00  0.000000e+00  0.000000e+00
1.498715e+05  0.000000e+00  0.000000e+00  0.000000e+00  0.000000e+00  0.000000e+00  0.000000e+00  0.000000e+00  0.000000e+00  0.000000e+00  0.000000e+00  0.000000e+00  0.000000e+00  0.000000e+00  0.000000e+00  0.000000e+00  0.000000e+00
1.681586e+05  0.000000e+00  0.000000e+00  0.000000e+00  0.000000e+00  0.000000e+00  0.000000e+00  0.000000e+00  0.000000e+00  0.000000e+00  0.000000e+00  0.000000e+00  0.000000e+00  0.000000e+00  0.000000e+00  0.000000e+00  0.000000e+00
1.886771e+05  0.000000e+00  0.000000e+00  0.000000e+00  0.000000e+00  0.000000e+00  0.000000e+00  0.000000e+00  0.000000e+00  0.000000e+00  0.000000e+00  0.000000e+00  0.000000e+00  0.000000e+00  0.000000e+00  0.000000e+00  0.000000e+00
2.116992e+05  0.000000e+00  0.000000e+00  0.000000e+00  0.000000e+00  0.000000e+00  0.000000e+00  0.000000e+00  0.000000e+00  0.000000e+00  0.000000e+00  0.000000e+00  0.000000e+00  0.000000e+00  0.000000e+00  0.000000e+00  0.000000e+00
2.375304e+05  0.000000e+00  0.000000e+00  0.000000e+00  0.000000e+00  0.000000e+00  0.000000e+00  0.000000e+00  0.000000e+00  0.000000e+00  0.000000e+00  0.000000e+00  0.000000e+00  0.000000e+00  0.000000e+00  0.000000e+00  0.000000e+00
2.665135e+05  0.000000e+00  0.000000e+00  0.000000e+00  0.000000e+00  0.000000e+00  0.000000e+00  0.000000e+00  0.000000e+00  0.000000e+00  0.000000e+00  0.000000e+00  0.000000e+00  0.000000e+00  0.000000e+00  0.000000e+00  0.000000e+00
2.990330e+05  0.000000e+00  0.000000e+00  0.000000e+00  0.000000e+00  0.000000e+00  0.000000e+00  0.000000e+00  0.000000e+00  0.000000e+00  0.000000e+00  0.000000e+00  0.000000e+00  0.000000e+00  0.000000e+00  0.000000e+00  0.000000e+00
3.355206e+05  0.000000e+00  0.000000e+00  0.000000e+00  0.000000e+00  0.000000e+00  0.000000e+00  0.000000e+00  0.000000e+00  0.000000e+00  0.000000e+00  0.000000e+00  0.000000e+00  0.000000e+00  0.000000e+00  0.000000e+00  0.000000e+00
3.764603e+05  0.000000e+00  0.000000e+00  0.000000e+00  0.000000e+00  0.000000e+00  0.000000e+00  0.000000e+00  0.000000e+00  0.000000e+00  0.000000e+00  0.000000e+00  0.000000e+00  0.000000e+00  0.000000e+00  0.000000e+00  0.000000e+00
4.223954e+05  0.000000e+00  0.000000e+00  0.000000e+00  0.000000e+00  0.000000e+00  0.000000e+00  0.000000e+00  0.000000e+00  0.000000e+00  0.000000e+00  0.000000e+00  0.000000e+00  0.000000e+00  0.000000e+00  0.000000e+00  0.000000e+00
4.739354e+05  0.000000e+00  0.000000e+00  0.000000e+00  0.000000e+00  0.000000e+00  0.000000e+00  0.000000e+00  0.000000e+00  0.000000e+00  0.000000e+00  0.000000e+00  0.000000e+00  0.000000e+00  0.000000e+00  0.000000e+00  0.000000e+00
5.317643e+05  0.000000e+00  0.000000e+00  0.000000e+00  0.000000e+00  0.000000e+00  0.000000e+00  0.000000e+00  0.000000e+00  0.000000e+00  0.000000e+00  0.000000e+00  0.000000e+00  0.000000e+00  0.000000e+00  0.000000e+00  0.000000e+00
5.966493e+05  0.000000e+00  0.000000e+00  0.000000e+00  0.000000e+00  0.000000e+00  0.000000e+00  0.000000e+00  0.000000e+00  0.000000e+00  0.000000e+00  0.000000e+00  0.000000e+00  0.000000e+00  0.000000e+00  0.000000e+00  0.000000e+00
6.694516e+05  0.000000e+00  0.000000e+00  0.000000e+00  0.000000e+00  0.000000e+00  0.000000e+00  0.000000e+00  0.000000e+00  0.000000e+00  0.000000e+00  0.000000e+00  0.000000e+00  0.000000e+00  0.000000e+00  0.000000e+00  0.000000e+00
7.511370e+05  0.000000e+00  0.000000e+00  0.000000e+00  0.000000e+00  0.000000e+00  0.000000e+00  0.000000e+00  0.000000e+00  0.000000e+00  0.000000e+00  0.000000e+00  0.000000e+00  0.000000e+00  0.000000e+00  0.000000e+00  0.000000e+00
8.427896e+05  0.000000e+00  0.000000e+00  0.000000e+00  0.000000e+00  0.000000e+00  0.000000e+00  0.000000e+00  0.000000e+00  0.000000e+00  0.000000e+00  0.000000e+00  0.000000e+00  0.000000e+00  0.000000e+00  0.000000e+00  0.000000e+00
9.456255e+05  0.000000e+00  0.000000e+00  0.000000e+00  0.000000e+00  0.000000e+00  0.000000e+00  0.000000e+00  0.000000e+00  0.000000e+00  0.000000e+00  0.000000e+00  0.000000e+00  0.000000e+00  0.000000e+00  0.000000e+00  0.000000e+00
