# dR/dEr [1/keV/kg/Myr]
# Er [keV], S, F, Ne, Cl, Na, Si, O, P, N, C, Al, Mg, Be, B, Ar, Li
1.061009e+01  8.764764e-01  8.273052e-01  0.000000e+00  0.000000e+00  5.674708e-01  0.000000e+00  4.965077e-02  0.000000e+00  0.000000e+00  0.000000e+00  0.000000e+00  0.000000e+00  6.182816e-02  0.000000e+00  0.000000e+00  0.000000e+00
1.190472e+01  2.267556e-01  2.213321e-01  0.000000e+00  0.000000e+00  7.294802e-02  0.000000e+00  0.000000e+00  0.000000e+00  0.000000e+00  0.000000e+00  0.000000e+00  0.000000e+00  0.000000e+00  0.000000e+00  0.000000e+00  0.000000e+00
1.335731e+01  3.456835e-01  1.013526e-01  0.000000e+00  0.000000e+00  0.000000e+00  0.000000e+00  0.000000e+00  0.000000e+00  0.000000e+00  0.000000e+00  0.000000e+00  0.000000e+00  0.000000e+00  0.000000e+00  0.000000e+00  0.000000e+00
1.498715e+01  8.354993e-02  2.325958e-01  0.000000e+00  0.000000e+00  7.636824e-02  0.000000e+00  1.326001e-02  0.000000e+00  0.000000e+00  0.000000e+00  0.000000e+00  0.000000e+00  0.000000e+00  0.000000e+00  0.000000e+00  0.000000e+00
1.681586e+01  2.067208e-01  1.566685e-01  2.953365e-02  0.000000e+00  5.953002e-02  1.181800e-02  0.000000e+00  0.000000e+00  0.000000e+00  0.000000e+00  0.000000e+00  0.000000e+00  0.000000e+00  0.000000e+00  0.000000e+00  0.000000e+00
1.886771e+01  1.406961e-01  1.485087e-01  0.000000e+00  0.000000e+00  2.632189e-02  0.000000e+00  0.000000e+00  0.000000e+00  0.000000e+00  0.000000e+00  0.000000e+00  0.000000e+00  0.000000e+00  0.000000e+00  0.000000e+00  0.000000e+00
2.116992e+01  1.604755e-01  2.238202e-01  0.000000e+00  0.000000e+00  2.879169e-02  0.000000e+00  1.241555e-02  0.000000e+00  0.000000e+00  0.000000e+00  9.960764e-02  0.000000e+00  0.000000e+00  0.000000e+00  0.000000e+00  0.000000e+00
2.375304e+01  2.930719e-01  5.237839e-02  6.311350e-02  0.000000e+00  1.371039e-01  0.000000e+00  2.090822e-02  0.000000e+00  0.000000e+00  0.000000e+00  0.000000e+00  0.000000e+00  0.000000e+00  0.000000e+00  0.000000e+00  0.000000e+00
2.665135e+01  3.099733e-01  2.560488e-01  9.862023e-03  2.431055e-02  1.548847e-02  0.000000e+00  0.000000e+00  8.441065e-02  0.000000e+00  0.000000e+00  0.000000e+00  0.000000e+00  0.000000e+00  0.000000e+00  0.000000e+00  0.000000e+00
2.990330e+01  3.113349e-01  1.301893e-01  1.166032e-02  0.000000e+00  1.442584e-01  0.000000e+00  1.543529e-02  0.000000e+00  0.000000e+00  0.000000e+00  5.006526e-02  0.000000e+00  8.251832e-02  0.000000e+00  0.000000e+00  0.000000e+00
3.355206e+01  3.946389e-01  1.397516e-01  1.358001e-02  0.000000e+00  2.600001e-02  0.000000e+00  7.171031e-02  0.000000e+00  0.000000e+00  0.000000e+00  8.042250e-02  0.000000e+00  1.641290e-01  0.000000e+00  0.000000e+00  0.000000e+00
3.764603e+01  5.448813e-01  2.547377e-01  4.308672e-03  6.981778e-03  1.420423e-01  0.000000e+00  2.319623e-02  0.000000e+00  0.000000e+00  0.000000e+00  0.000000e+00  0.000000e+00  6.129993e-03  0.000000e+00  0.000000e+00  0.000000e+00
4.223954e+01  4.711543e-01  2.274088e-01  5.417234e-02  0.000000e+00  9.966791e-02  0.000000e+00  1.487302e-02  0.000000e+00  0.000000e+00  0.000000e+00  6.507843e-02  0.000000e+00  1.921511e-01  0.000000e+00  0.000000e+00  0.000000e+00
4.739354e+01  5.505294e-01  2.116765e-01  5.545823e-03  1.515973e-02  3.491797e-02  0.000000e+00  1.989450e-02  0.000000e+00  0.000000e+00  0.000000e+00  0.000000e+00  0.000000e+00  1.318070e-01  0.000000e+00  0.000000e+00  0.000000e+00
5.317643e+01  5.404116e-01  1.057348e-01  1.362262e-02  0.000000e+00  1.485979e-01  0.000000e+00  2.632796e-02  0.000000e+00  0.000000e+00  0.000000e+00  3.965451e-02  0.000000e+00  0.000000e+00  0.000000e+00  0.000000e+00  0.000000e+00
5.966493e+01  6.174763e-01  2.849054e-01  1.524216e-02  7.735968e-03  1.149585e-01  0.000000e+00  9.152521e-02  0.000000e+00  0.000000e+00  0.000000e+00  4.036944e-02  0.000000e+00  2.697273e-02  0.000000e+00  0.000000e+00  0.000000e+00
6.694516e+01  7.355024e-01  2.478567e-01  2.580398e-02  0.000000e+00  9.121852e-02  0.000000e+00  1.709672e-02  0.000000e+00  2.801751e-02  0.000000e+00  2.913416e-02  0.000000e+00  5.042900e-01  0.000000e+00  0.000000e+00  0.000000e+00
7.511370e+01  7.801997e-01  3.033821e-01  5.275318e-02  8.711687e-03  7.229489e-02  0.000000e+00  2.024654e-02  0.000000e+00  0.000000e+00  0.000000e+00  3.046335e-02  0.000000e+00  1.551653e+02  0.000000e+00  0.000000e+00  0.000000e+00
8.427896e+01  9.452047e-01  2.965801e-01  1.469850e-02  4.178114e-02  8.476880e-02  0.000000e+00  6.641333e-02  0.000000e+00  0.000000e+00  0.000000e+00  0.000000e+00  0.000000e+00  1.854643e+02  0.000000e+00  0.000000e+00  0.000000e+00
9.456255e+01  9.128417e-01  2.417414e-01  3.724150e-02  1.011182e-02  1.443595e-01  0.000000e+00  1.251067e-02  0.000000e+00  2.068232e-02  0.000000e+00  8.474430e-04  0.000000e+00  1.427650e+02  0.000000e+00  0.000000e+00  0.000000e+00
1.061009e+02  1.010943e+00  3.505423e-01  4.209015e-02  4.041609e-03  1.105250e-01  0.000000e+00  2.055945e-02  0.000000e+00  0.000000e+00  2.270140e-02  2.959636e-02  0.000000e+00  1.059250e+02  0.000000e+00  0.000000e+00  0.000000e+00
1.190472e+02  1.075857e+00  4.426756e-01  3.739673e-02  1.245526e-02  1.811200e-01  0.000000e+00  1.870389e-02  0.000000e+00  1.669336e-03  1.638334e-02  9.131720e+01  0.000000e+00  7.917428e+01  0.000000e+00  1.867072e-02  0.000000e+00
1.335731e+02  1.243584e+00  4.342577e-01  5.001020e-02  1.214349e-03  1.275826e-01  0.000000e+00  1.744568e-02  0.000000e+00  0.000000e+00  0.000000e+00  7.774800e+01  0.000000e+00  5.915748e+01  0.000000e+00  0.000000e+00  0.000000e+00
1.498715e+02  2.894991e+00  5.104713e-01  1.915617e-02  7.060179e-03  6.077515e-02  0.000000e+00  7.854579e-02  0.000000e+00  8.478632e-03  1.719912e-02  5.831310e+01  0.000000e+00  4.442268e+01  0.000000e+00  0.000000e+00  0.000000e+00
1.681586e+02  4.083566e+00  5.761558e-01  3.486598e-02  5.953002e-03  8.863072e-02  4.765522e-04  6.091564e-02  0.000000e+00  1.611566e-02  0.000000e+00  4.536606e+01  0.000000e+00  3.220146e+01  0.000000e+00  0.000000e+00  0.000000e+00
1.886771e+02  2.494808e+00  5.681925e-01  3.037180e-02  5.676809e-03  1.316117e-01  2.446328e-03  6.836376e-02  1.837433e-03  1.837433e-03  0.000000e+00  3.265815e+01  0.000000e+00  2.288402e+01  0.000000e+00  0.000000e+00  0.000000e+00
2.116992e+02  1.154951e+00  7.593864e-01  3.340522e-02  2.476077e-02  8.457568e-02  1.637614e-03  3.510519e-02  0.000000e+00  0.000000e+00  3.785389e-04  2.634214e+01  0.000000e+00  1.619490e+01  0.000000e+00  7.662023e-04  0.000000e+00
2.375304e+02  8.519889e-01  3.212158e+00  4.767523e-02  1.947285e-02  1.059898e-01  6.312972e-04  6.463167e-02  3.996303e-03  0.000000e+00  8.366501e-04  1.960781e+01  0.000000e+00  1.224950e+01  0.000000e+00  3.261319e-03  0.000000e+00
2.665135e+02  7.189097e-01  2.704727e+00  4.449012e-02  2.290777e-02  1.504446e-01  1.709622e-03  4.354707e-02  0.000000e+00  1.300803e-03  8.937582e-03  1.403125e+01  0.000000e+00  8.044404e+00  0.000000e+00  0.000000e+00  0.000000e+00
2.990330e+02  5.069260e-01  4.790124e-01  2.382689e-02  1.008422e-02  1.140759e-01  4.464096e-03  6.740661e-02  3.812650e-04  7.717204e-04  6.540325e-03  1.087954e+01  0.000000e+00  5.888242e+00  0.000000e+00  0.000000e+00  0.000000e+00
3.355206e+02  4.667309e-01  4.654680e-01  2.999216e-02  1.683343e-02  1.077423e-01  1.033265e-03  4.372576e-02  8.938484e-04  7.833683e-04  7.744085e-03  8.059174e+00  4.796505e-03  4.317979e+00  0.000000e+00  0.000000e+00  1.376088e-03
3.764603e+02  3.210422e-01  3.398880e-01  5.054880e-02  2.363169e-02  1.067215e-01  1.351627e-02  3.580897e-02  0.000000e+00  1.210320e-03  0.000000e+00  5.195488e+00  0.000000e+00  3.015454e+00  0.000000e+00  0.000000e+00  0.000000e+00
4.223954e+02  2.077511e-01  3.316041e-01  2.273996e-02  1.938975e-02  1.046524e-01  8.921666e-04  3.978509e-02  8.436903e-03  1.090666e-03  5.001465e-03  3.890149e+00  0.000000e+00  1.565229e+00  0.000000e+00  3.840108e-04  0.000000e+00
4.739354e+02  1.925097e-01  2.836638e-01  3.569476e-02  2.076336e-02  9.158494e-02  5.636794e-03  6.684534e-02  5.535837e-03  4.746760e-03  0.000000e+00  2.631894e+00  0.000000e+00  1.154560e+00  4.746760e-03  0.000000e+00  0.000000e+00
5.317643e+02  1.697854e-01  2.239780e-01  5.252896e-02  1.199802e-02  7.523838e-02  2.228509e-03  3.126141e-02  6.913161e-03  5.658762e-03  5.835811e-03  2.231881e+00  0.000000e+00  8.266186e-01  1.506990e-04  1.456778e-03  0.000000e+00
5.966493e+02  1.570800e-01  2.059603e-01  4.895483e-02  3.653517e-02  7.505985e-02  6.798551e-03  4.916967e-02  5.983068e-03  2.248007e-03  4.135713e-03  1.469133e+00  0.000000e+00  5.757205e-01  0.000000e+00  3.867764e-04  0.000000e+00
6.694516e+02  1.314623e-01  1.903950e-01  5.810498e-02  3.985250e-02  7.783781e-02  4.332351e-03  4.477781e-02  2.139617e-03  1.422464e-03  3.098606e-03  1.003247e+00  0.000000e+00  3.680210e-01  0.000000e+00  0.000000e+00  0.000000e+00
7.511370e+02  1.025201e-01  1.375336e-01  3.896906e-02  2.977350e-02  4.978350e-02  3.405808e-03  3.408683e-02  3.876174e-03  3.607971e-03  2.342154e-03  7.001767e-01  0.000000e+00  2.555957e-01  0.000000e+00  0.000000e+00  0.000000e+00
8.427896e+02  7.937416e-02  1.309338e-01  3.779332e-02  2.078230e-02  6.201841e-02  1.136938e-03  3.570757e-02  8.524944e-04  2.169602e-03  8.625104e-03  3.780856e-01  0.000000e+00  1.456387e-01  0.000000e+00  2.044687e-03  0.000000e+00
9.456255e+02  7.452511e-02  9.522897e-02  4.749215e-02  2.192998e-02  5.268530e-02  4.715507e-03  3.603046e-02  2.806694e-03  0.000000e+00  5.666659e-03  3.307112e-01  6.851643e-04  9.053377e-02  0.000000e+00  0.000000e+00  0.000000e+00
1.061009e+03  6.512595e-02  6.363064e-02  4.817186e-02  2.986850e-02  4.777568e-02  3.316065e-03  3.259003e-02  3.282468e-03  7.485752e-03  2.787631e-03  2.261977e-01  0.000000e+00  4.047276e-02  2.378439e-03  1.516788e-03  0.000000e+00
1.190472e+03  4.779603e-02  5.627339e-02  4.132186e-02  3.086788e-02  2.435370e-02  3.864459e-03  2.304865e-02  7.988615e-03  2.277710e-03  1.138024e-02  1.480488e-01  0.000000e+00  2.902530e-02  0.000000e+00  0.000000e+00  0.000000e+00
1.335731e+03  4.384142e-02  6.118837e-02  3.772988e-02  2.221169e-02  2.206286e-02  5.062616e-03  2.271454e-02  2.430757e-03  4.778686e-03  3.223145e-03  6.577081e-02  0.000000e+00  1.745793e-02  1.290111e-03  0.000000e+00  0.000000e+00
1.498715e+03  2.715485e-02  4.555648e-02  2.891005e-02  2.939935e-02  2.366674e-02  1.138894e-02  2.648165e-02  6.555979e-03  6.840937e-03  5.241845e-03  3.231156e-02  5.826630e-04  1.797643e-02  0.000000e+00  0.000000e+00  1.044683e-03
1.681586e+03  1.831441e-02  4.302834e-02  2.694619e-02  2.060766e-02  2.482911e-02  4.447121e-03  1.509758e-02  7.171592e-03  5.284250e-03  4.960872e-03  3.795624e-02  0.000000e+00  8.313739e-03  1.426488e-03  0.000000e+00  2.745657e-04
1.886771e+03  2.162876e-02  3.372690e-02  2.825458e-02  2.204345e-02  2.260459e-02  5.845847e-03  1.497847e-02  6.097532e-03  2.829284e-03  5.816617e-03  1.862562e-02  1.447132e-03  2.414905e-04  3.437374e-03  1.738427e-04  0.000000e+00
2.116992e+03  1.297744e-02  3.250034e-02  1.575752e-02  1.618835e-02  1.186100e-02  3.407978e-03  1.296466e-02  4.810847e-03  2.521857e-03  3.992984e-03  1.262791e-02  1.066909e-03  4.059099e-03  7.662023e-05  0.000000e+00  7.662023e-05
2.375304e+03  1.107146e-02  1.761214e-02  1.940529e-02  2.624567e-02  1.368987e-02  9.030997e-03  1.171533e-02  2.975546e-03  1.496874e-03  2.319267e-03  1.252517e-02  4.799842e-05  0.000000e+00  8.877540e-04  0.000000e+00  1.047772e-03
2.665135e+03  7.098655e-03  1.623266e-02  1.359298e-02  2.639595e-02  7.578078e-03  2.939746e-03  8.179641e-03  6.651980e-03  1.930040e-03  3.398944e-03  8.751118e-03  1.588064e-03  1.290135e-03  9.258708e-04  0.000000e+00  1.059473e-03
2.990330e+03  4.549888e-03  1.053408e-02  1.030993e-02  1.757902e-02  5.588464e-03  6.427103e-03  6.144476e-03  4.909568e-03  4.984999e-03  5.417865e-03  6.000945e-03  1.653596e-03  0.000000e+00  9.023553e-04  0.000000e+00  1.525968e-03
3.355206e+03  2.486314e-03  1.337039e-02  1.332415e-02  2.213370e-02  3.454262e-03  6.354824e-03  2.193332e-03  4.282252e-03  1.928346e-03  3.443840e-03  2.710152e-03  1.031612e-03  3.836207e-04  4.462071e-04  0.000000e+00  7.222829e-05
3.764603e+03  1.496363e-03  6.405008e-03  1.050170e-02  1.322753e-02  2.422594e-03  7.103320e-03  1.577137e-03  2.381296e-03  3.398262e-03  4.351060e-03  3.597299e-03  1.086940e-03  2.128681e-05  6.574525e-04  0.000000e+00  2.361432e-03
4.223954e+03  7.607264e-04  2.907147e-03  5.470829e-03  1.039813e-02  1.895631e-03  2.509682e-03  2.303550e-03  3.898347e-03  2.635905e-03  4.030608e-03  2.219471e-03  1.275853e-03  0.000000e+00  1.049079e-03  0.000000e+00  1.520754e-03
4.739354e+03  4.828115e-04  4.039404e-03  5.569532e-03  1.119185e-02  1.598137e-03  4.144361e-03  7.420937e-04  2.831249e-03  1.651654e-03  2.372061e-03  1.940761e-03  7.134584e-04  6.920801e-05  2.631613e-04  0.000000e+00  9.946243e-04
5.317643e+03  4.255893e-04  4.032702e-03  5.475296e-03  6.321206e-03  8.985905e-04  4.041570e-03  4.750116e-04  4.194746e-03  2.213164e-03  3.256732e-03  2.226643e-03  8.808867e-04  0.000000e+00  1.271347e-03  0.000000e+00  1.057431e-03
5.966493e+03  7.661500e-04  2.379851e-03  3.347610e-03  5.251361e-03  7.768713e-04  2.785060e-03  1.055090e-03  3.289801e-03  1.722424e-03  1.842917e-03  2.237348e-04  5.527988e-04  0.000000e+00  4.586683e-04  0.000000e+00  5.212494e-04
6.694516e+03  1.703048e-05  1.954636e-03  2.662669e-03  4.144775e-03  6.140826e-04  5.632131e-03  7.409397e-04  2.611938e-03  1.659651e-03  1.793344e-03  1.699052e-03  7.042698e-04  0.000000e+00  4.278026e-04  0.000000e+00  6.896777e-05
7.511370e+03  3.305085e-04  1.708062e-03  1.685011e-03  2.117142e-03  4.071366e-04  3.689279e-03  6.880709e-04  2.672328e-03  2.886280e-04  1.208002e-03  3.879665e-04  6.469370e-04  0.000000e+00  1.576480e-04  0.000000e+00  1.393283e-03
8.427896e+03  2.857937e-04  1.727998e-03  8.588439e-04  2.214417e-03  4.441858e-04  4.202820e-03  4.403728e-04  3.440548e-03  6.199104e-04  8.117919e-04  4.628418e-04  9.669947e-04  0.000000e+00  1.042584e-04  0.000000e+00  8.399009e-04
9.456255e+03  0.000000e+00  4.248142e-04  6.835217e-04  2.742957e-03  2.945309e-04  2.525121e-03  1.715313e-05  1.636899e-03  7.271968e-04  5.200698e-04  1.075582e-03  1.465244e-03  0.000000e+00  4.954197e-04  0.000000e+00  1.583202e-04
1.061009e+04  0.000000e+00  6.597114e-04  3.377327e-04  1.668645e-03  2.140311e-04  2.176523e-03  7.828849e-04  7.266603e-04  1.628531e-04  7.846620e-04  8.950297e-04  3.881572e-04  0.000000e+00  1.074551e-05  0.000000e+00  5.184920e-04
1.190472e+04  0.000000e+00  5.075437e-05  3.878343e-05  1.007015e-03  0.000000e+00  1.031076e-03  6.731479e-06  3.718985e-04  1.915389e-05  7.911992e-04  5.873406e-04  1.326595e-04  0.000000e+00  3.151081e-04  0.000000e+00  5.813088e-04
1.335731e+04  0.000000e+00  4.846108e-04  3.791155e-04  9.675697e-04  0.000000e+00  6.211041e-04  1.727667e-05  3.897520e-04  1.059381e-04  5.406124e-04  5.185215e-04  2.613775e-04  0.000000e+00  0.000000e+00  0.000000e+00  4.519225e-04
1.498715e+04  0.000000e+00  1.500037e-04  5.826630e-05  3.183359e-04  0.000000e+00  4.758246e-04  0.000000e+00  2.848943e-04  1.073804e-04  1.825991e-04  2.164579e-05  1.479539e-04  0.000000e+00  1.843013e-05  0.000000e+00  4.738650e-04
1.681586e+04  0.000000e+00  1.423894e-04  6.779958e-06  1.682733e-04  0.000000e+00  7.074682e-04  4.765522e-06  1.941099e-04  0.000000e+00  5.192989e-05  3.852962e-05  4.117991e-05  0.000000e+00  4.471583e-04  0.000000e+00  3.603848e-04
1.886771e+04  0.000000e+00  1.484632e-04  0.000000e+00  1.357114e-04  0.000000e+00  4.363146e-04  0.000000e+00  2.509483e-04  0.000000e+00  0.000000e+00  2.727030e-04  1.715584e-04  0.000000e+00  2.398201e-04  0.000000e+00  5.634810e-04
2.116992e+04  0.000000e+00  3.785389e-06  0.000000e+00  2.556367e-04  0.000000e+00  1.468623e-05  0.000000e+00  1.137765e-04  0.000000e+00  0.000000e+00  0.000000e+00  1.062667e-04  0.000000e+00  2.738193e-04  0.000000e+00  1.137765e-04
2.375304e+04  0.000000e+00  0.000000e+00  0.000000e+00  3.373731e-06  0.000000e+00  1.673185e-04  1.943776e-05  5.619964e-05  0.000000e+00  6.775243e-05  1.038844e-04  9.599685e-06  0.000000e+00  0.000000e+00  0.000000e+00  2.550199e-04
2.665135e+04  0.000000e+00  1.732392e-05  0.000000e+00  8.562430e-05  0.000000e+00  0.000000e+00  0.000000e+00  0.000000e+00  0.000000e+00  1.230712e-05  0.000000e+00  0.000000e+00  0.000000e+00  0.000000e+00  0.000000e+00  1.732392e-05
2.990330e+04  0.000000e+00  0.000000e+00  0.000000e+00  6.272340e-05  0.000000e+00  0.000000e+00  0.000000e+00  0.000000e+00  0.000000e+00  0.000000e+00  0.000000e+00  1.073644e-04  0.000000e+00  1.271593e-04  0.000000e+00  8.301297e-05
3.355206e+04  0.000000e+00  0.000000e+00  0.000000e+00  0.000000e+00  0.000000e+00  0.000000e+00  0.000000e+00  0.000000e+00  0.000000e+00  0.000000e+00  0.000000e+00  4.834410e-06  0.000000e+00  2.308837e-05  0.000000e+00  1.955178e-05
3.764603e+04  0.000000e+00  0.000000e+00  0.000000e+00  2.319623e-05  0.000000e+00  0.000000e+00  0.000000e+00  0.000000e+00  0.000000e+00  0.000000e+00  0.000000e+00  4.982296e-05  0.000000e+00  2.319623e-05  0.000000e+00  2.128681e-06
4.223954e+04  0.000000e+00  0.000000e+00  0.000000e+00  1.533892e-05  0.000000e+00  0.000000e+00  0.000000e+00  9.609661e-05  0.000000e+00  0.000000e+00  0.000000e+00  6.777758e-05  0.000000e+00  0.000000e+00  0.000000e+00  0.000000e+00
4.739354e+04  0.000000e+00  0.000000e+00  0.000000e+00  0.000000e+00  0.000000e+00  0.000000e+00  0.000000e+00  1.690871e-06  0.000000e+00  0.000000e+00  0.000000e+00  1.536170e-05  0.000000e+00  3.957579e-05  0.000000e+00  0.000000e+00
5.317643e+04  0.000000e+00  0.000000e+00  0.000000e+00  0.000000e+00  0.000000e+00  0.000000e+00  0.000000e+00  0.000000e+00  0.000000e+00  0.000000e+00  0.000000e+00  0.000000e+00  0.000000e+00  0.000000e+00  0.000000e+00  0.000000e+00
5.966493e+04  0.000000e+00  0.000000e+00  0.000000e+00  0.000000e+00  0.000000e+00  0.000000e+00  0.000000e+00  0.000000e+00  0.000000e+00  0.000000e+00  0.000000e+00  0.000000e+00  0.000000e+00  0.000000e+00  0.000000e+00  0.000000e+00
6.694516e+04  0.000000e+00  0.000000e+00  0.000000e+00  0.000000e+00  0.000000e+00  0.000000e+00  0.000000e+00  0.000000e+00  0.000000e+00  0.000000e+00  0.000000e+00  0.000000e+00  0.000000e+00  0.000000e+00  0.000000e+00  2.113743e-05
7.511370e+04  0.000000e+00  0.000000e+00  0.000000e+00  0.000000e+00  0.000000e+00  0.000000e+00  0.000000e+00  0.000000e+00  0.000000e+00  0.000000e+00  0.000000e+00  0.000000e+00  0.000000e+00  0.000000e+00  0.000000e+00  2.886280e-05
8.427896e+04  0.000000e+00  0.000000e+00  0.000000e+00  0.000000e+00  0.000000e+00  0.000000e+00  0.000000e+00  0.000000e+00  0.000000e+00  0.000000e+00  0.000000e+00  0.000000e+00  0.000000e+00  0.000000e+00  0.000000e+00  0.000000e+00
9.456255e+04  0.000000e+00  0.000000e+00  0.000000e+00  0.000000e+00  0.000000e+00  0.000000e+00  0.000000e+00  0.000000e+00  0.000000e+00  0.000000e+00  0.000000e+00  0.000000e+00  0.000000e+00  0.000000e+00  0.000000e+00  0.000000e+00
1.061009e+05  0.000000e+00  0.000000e+00  0.000000e+00  0.000000e+00  0.000000e+00  0.000000e+00  0.000000e+00  0.000000e+00  0.000000e+00  0.000000e+00  0.000000e+00  0.000000e+00  0.000000e+00  0.000000e+00  0.000000e+00  0.000000e+00
1.190472e+05  0.000000e+00  0.000000e+00  0.000000e+00  0.000000e+00  0.000000e+00  0.000000e+00  0.000000e+00  0.000000e+00  0.000000e+00  0.000000e+00  0.000000e+00  0.000000e+00  0.000000e+00  0.000000e+00  0.000000e+00  0.000000e+00
1.335731e+05  0.000000e+00  0.000000e+00  0.000000e+00  0.000000e+00  0.000000e+00  0.000000e+00  0.000000e+00  0.000000e+00  0.000000e+00  0.000000e+00  0.000000e+00  0.000000e+00  0.000000e+00  0.000000e+00  0.000000e+00  0.000000e+00
1.498715e+05  0.000000e+00  0.000000e+00  0.000000e+00  0.000000e+00  0.000000e+00  0.000000e+00  0.000000e+00  0.000000e+00  0.000000e+00  0.000000e+00  0.000000e+00  0.000000e+00  0.000000e+00  0.000000e+00  0.000000e+00  0.000000e+00
1.681586e+05  0.000000e+00  0.000000e+00  0.000000e+00  0.000000e+00  0.000000e+00  0.000000e+00  0.000000e+00  0.000000e+00  0.000000e+00  0.000000e+00  0.000000e+00  0.000000e+00  0.000000e+00  0.000000e+00  0.000000e+00  0.000000e+00
1.886771e+05  0.000000e+00  0.000000e+00  0.000000e+00  0.000000e+00  0.000000e+00  0.000000e+00  0.000000e+00  0.000000e+00  0.000000e+00  0.000000e+00  0.000000e+00  0.000000e+00  0.000000e+00  0.000000e+00  0.000000e+00  0.000000e+00
2.116992e+05  0.000000e+00  0.000000e+00  0.000000e+00  0.000000e+00  0.000000e+00  0.000000e+00  0.000000e+00  0.000000e+00  0.000000e+00  0.000000e+00  0.000000e+00  0.000000e+00  0.000000e+00  0.000000e+00  0.000000e+00  0.000000e+00
2.375304e+05  0.000000e+00  0.000000e+00  0.000000e+00  0.000000e+00  0.000000e+00  0.000000e+00  0.000000e+00  0.000000e+00  0.000000e+00  0.000000e+00  0.000000e+00  0.000000e+00  0.000000e+00  0.000000e+00  0.000000e+00  0.000000e+00
2.665135e+05  0.000000e+00  0.000000e+00  0.000000e+00  0.000000e+00  0.000000e+00  0.000000e+00  0.000000e+00  0.000000e+00  0.000000e+00  0.000000e+00  0.000000e+00  0.000000e+00  0.000000e+00  0.000000e+00  0.000000e+00  0.000000e+00
2.990330e+05  0.000000e+00  0.000000e+00  0.000000e+00  0.000000e+00  0.000000e+00  0.000000e+00  0.000000e+00  0.000000e+00  0.000000e+00  0.000000e+00  0.000000e+00  0.000000e+00  0.000000e+00  0.000000e+00  0.000000e+00  0.000000e+00
3.355206e+05  0.000000e+00  0.000000e+00  0.000000e+00  0.000000e+00  0.000000e+00  0.000000e+00  0.000000e+00  0.000000e+00  0.000000e+00  0.000000e+00  0.000000e+00  0.000000e+00  0.000000e+00  0.000000e+00  0.000000e+00  0.000000e+00
3.764603e+05  0.000000e+00  0.000000e+00  0.000000e+00  0.000000e+00  0.000000e+00  0.000000e+00  0.000000e+00  0.000000e+00  0.000000e+00  0.000000e+00  0.000000e+00  0.000000e+00  0.000000e+00  0.000000e+00  0.000000e+00  0.000000e+00
4.223954e+05  0.000000e+00  0.000000e+00  0.000000e+00  0.000000e+00  0.000000e+00  0.000000e+00  0.000000e+00  0.000000e+00  0.000000e+00  0.000000e+00  0.000000e+00  0.000000e+00  0.000000e+00  0.000000e+00  0.000000e+00  0.000000e+00
4.739354e+05  0.000000e+00  0.000000e+00  0.000000e+00  0.000000e+00  0.000000e+00  0.000000e+00  0.000000e+00  0.000000e+00  0.000000e+00  0.000000e+00  0.000000e+00  0.000000e+00  0.000000e+00  0.000000e+00  0.000000e+00  0.000000e+00
5.317643e+05  0.000000e+00  0.000000e+00  0.000000e+00  0.000000e+00  0.000000e+00  0.000000e+00  0.000000e+00  0.000000e+00  0.000000e+00  0.000000e+00  0.000000e+00  0.000000e+00  0.000000e+00  0.000000e+00  0.000000e+00  0.000000e+00
5.966493e+05  0.000000e+00  0.000000e+00  0.000000e+00  0.000000e+00  0.000000e+00  0.000000e+00  0.000000e+00  0.000000e+00  0.000000e+00  0.000000e+00  0.000000e+00  0.000000e+00  0.000000e+00  0.000000e+00  0.000000e+00  0.000000e+00
6.694516e+05  0.000000e+00  0.000000e+00  0.000000e+00  0.000000e+00  0.000000e+00  0.000000e+00  0.000000e+00  0.000000e+00  0.000000e+00  0.000000e+00  0.000000e+00  0.000000e+00  0.000000e+00  0.000000e+00  0.000000e+00  0.000000e+00
7.511370e+05  0.000000e+00  0.000000e+00  0.000000e+00  0.000000e+00  0.000000e+00  0.000000e+00  0.000000e+00  0.000000e+00  0.000000e+00  0.000000e+00  0.000000e+00  0.000000e+00  0.000000e+00  0.000000e+00  0.000000e+00  0.000000e+00
8.427896e+05  0.000000e+00  0.000000e+00  0.000000e+00  0.000000e+00  0.000000e+00  0.000000e+00  0.000000e+00  0.000000e+00  0.000000e+00  0.000000e+00  0.000000e+00  0.000000e+00  0.000000e+00  0.000000e+00  0.000000e+00  0.000000e+00
9.456255e+05  0.000000e+00  0.000000e+00  0.000000e+00  0.000000e+00  0.000000e+00  0.000000e+00  0.000000e+00  0.000000e+00  0.000000e+00  0.000000e+00  0.000000e+00  0.000000e+00  0.000000e+00  0.000000e+00  0.000000e+00  0.000000e+00
