# dR/dEr [1/keV/kg/Myr]
# Er [keV], S, F, Ne, Cl, Na, Si, O, P, N, C, Al, Mg, Be, B, Ar, Li
1.061009e+01  5.038553e+00  4.342711e+00  0.000000e+00  0.000000e+00  2.479657e+00  0.000000e+00  2.917370e-01  0.000000e+00  0.000000e+00  0.000000e+00  0.000000e+00  0.000000e+00  1.206486e-01  0.000000e+00  0.000000e+00  0.000000e+00
1.190472e+01  1.589244e+00  8.759848e-01  0.000000e+00  0.000000e+00  5.101203e-01  0.000000e+00  0.000000e+00  0.000000e+00  0.000000e+00  0.000000e+00  0.000000e+00  0.000000e+00  0.000000e+00  0.000000e+00  0.000000e+00  0.000000e+00
1.335731e+01  2.374670e+00  5.400151e-01  0.000000e+00  0.000000e+00  0.000000e+00  0.000000e+00  0.000000e+00  0.000000e+00  0.000000e+00  0.000000e+00  0.000000e+00  0.000000e+00  0.000000e+00  0.000000e+00  0.000000e+00  0.000000e+00
1.498715e+01  5.856843e-01  1.137645e+00  0.000000e+00  0.000000e+00  3.252966e-01  0.000000e+00  9.387091e-02  0.000000e+00  0.000000e+00  0.000000e+00  0.000000e+00  0.000000e+00  0.000000e+00  0.000000e+00  0.000000e+00  0.000000e+00
1.681586e+01  1.449034e+00  9.614021e-01  2.075300e-01  0.000000e+00  4.155029e-01  8.366254e-02  0.000000e+00  0.000000e+00  0.000000e+00  0.000000e+00  0.000000e+00  0.000000e+00  0.000000e+00  0.000000e+00  0.000000e+00  0.000000e+00
1.886771e+01  9.874592e-01  9.559041e-01  0.000000e+00  0.000000e+00  1.849613e-01  0.000000e+00  0.000000e+00  0.000000e+00  0.000000e+00  0.000000e+00  0.000000e+00  0.000000e+00  0.000000e+00  0.000000e+00  0.000000e+00  0.000000e+00
2.116992e+01  1.043642e+00  1.213778e+00  0.000000e+00  0.000000e+00  2.019228e-01  0.000000e+00  8.742342e-02  0.000000e+00  0.000000e+00  0.000000e+00  3.211529e-01  0.000000e+00  0.000000e+00  0.000000e+00  0.000000e+00  0.000000e+00
2.375304e+01  1.925559e+00  3.666259e-01  3.752424e-01  0.000000e+00  7.613664e-01  0.000000e+00  1.469200e-01  0.000000e+00  0.000000e+00  0.000000e+00  0.000000e+00  0.000000e+00  0.000000e+00  0.000000e+00  0.000000e+00  0.000000e+00
2.665135e+01  1.869745e+00  1.301552e+00  6.944289e-02  5.198516e-02  1.094353e-01  0.000000e+00  0.000000e+00  4.126005e-01  0.000000e+00  0.000000e+00  0.000000e+00  0.000000e+00  0.000000e+00  0.000000e+00  0.000000e+00  0.000000e+00
2.990330e+01  1.984260e+00  8.938259e-01  8.269021e-02  0.000000e+00  4.895683e-01  0.000000e+00  1.089379e-01  0.000000e+00  0.000000e+00  0.000000e+00  1.241777e-01  0.000000e+00  3.314475e-01  0.000000e+00  0.000000e+00  0.000000e+00
3.355206e+01  2.567721e+00  8.289313e-01  9.406993e-02  0.000000e+00  1.825651e-01  0.000000e+00  4.119786e-01  0.000000e+00  0.000000e+00  0.000000e+00  3.078803e-01  0.000000e+00  5.021034e-01  0.000000e+00  0.000000e+00  0.000000e+00
3.764603e+01  3.227437e+00  1.030243e+00  7.266675e-03  4.916180e-02  6.653264e-01  0.000000e+00  5.248833e-02  0.000000e+00  0.000000e+00  0.000000e+00  0.000000e+00  0.000000e+00  1.112053e-02  0.000000e+00  0.000000e+00  0.000000e+00
4.223954e+01  2.775029e+00  1.363447e+00  1.895004e-01  0.000000e+00  6.590507e-01  0.000000e+00  7.652450e-02  0.000000e+00  0.000000e+00  0.000000e+00  1.786341e-01  0.000000e+00  9.500999e-01  0.000000e+00  0.000000e+00  0.000000e+00
4.739354e+01  3.559616e+00  1.420442e+00  3.905061e-02  1.056470e-01  1.787982e-01  0.000000e+00  1.401988e-01  0.000000e+00  0.000000e+00  0.000000e+00  0.000000e+00  0.000000e+00  4.556259e-01  0.000000e+00  0.000000e+00  0.000000e+00
5.317643e+01  3.346922e+00  7.324011e-01  9.606420e-02  0.000000e+00  6.547371e-01  0.000000e+00  1.857157e-01  0.000000e+00  0.000000e+00  0.000000e+00  1.278533e-01  0.000000e+00  0.000000e+00  0.000000e+00  0.000000e+00  0.000000e+00
5.966493e+01  4.087302e+00  1.639680e+00  1.073729e-01  5.459831e-02  5.332740e-01  0.000000e+00  3.911860e-01  0.000000e+00  0.000000e+00  0.000000e+00  1.521145e-01  0.000000e+00  7.409873e-02  0.000000e+00  0.000000e+00  0.000000e+00
6.694516e+01  4.687318e+00  1.384857e+00  1.814046e-01  0.000000e+00  5.937837e-01  0.000000e+00  7.282483e-02  0.000000e+00  8.319416e-02  0.000000e+00  1.593317e-01  0.000000e+00  2.360760e+00  0.000000e+00  0.000000e+00  0.000000e+00
7.511370e+01  4.924751e+00  1.897400e+00  2.768097e-01  6.074920e-02  4.304664e-01  0.000000e+00  1.409486e-01  0.000000e+00  0.000000e+00  0.000000e+00  1.065639e-01  0.000000e+00  6.857627e+02  0.000000e+00  0.000000e+00  0.000000e+00
8.427896e+01  6.177350e+00  1.920491e+00  1.029757e-01  2.024629e-01  5.369565e-01  0.000000e+00  3.690475e-01  0.000000e+00  0.000000e+00  0.000000e+00  0.000000e+00  0.000000e+00  8.259334e+02  0.000000e+00  0.000000e+00  0.000000e+00
9.456255e+01  5.961156e+00  1.536230e+00  2.197429e-01  7.083811e-02  6.983636e-01  0.000000e+00  7.470906e-02  0.000000e+00  6.013221e-02  0.000000e+00  1.235253e-03  0.000000e+00  6.343973e+02  0.000000e+00  0.000000e+00  0.000000e+00
1.061009e+02  6.800133e+00  2.098288e+00  1.811827e-01  2.440619e-02  6.763797e-01  0.000000e+00  1.234213e-01  0.000000e+00  0.000000e+00  8.554025e-02  1.438814e-01  0.000000e+00  4.734814e+02  0.000000e+00  0.000000e+00  0.000000e+00
1.190472e+02  7.308166e+00  2.669708e+00  2.523859e-01  5.250579e-02  8.912605e-01  0.000000e+00  1.081678e-01  0.000000e+00  1.181765e-02  8.959883e-02  4.109232e+02  0.000000e+00  3.517656e+02  0.000000e+00  5.861154e-02  0.000000e+00
1.335731e+02  8.289044e+00  2.708452e+00  2.597109e-01  2.048027e-03  7.595693e-01  0.000000e+00  1.095728e-01  0.000000e+00  0.000000e+00  0.000000e+00  3.485846e+02  0.000000e+00  2.617602e+02  0.000000e+00  0.000000e+00  0.000000e+00
1.498715e+02  1.978581e+01  3.216940e+00  1.286132e-01  4.326274e-02  3.846889e-01  0.000000e+00  3.683334e-01  0.000000e+00  3.195865e-02  7.764253e-02  2.607766e+02  0.000000e+00  1.962175e+02  0.000000e+00  0.000000e+00  0.000000e+00
1.681586e+02  2.815686e+01  3.397223e+00  2.158724e-01  4.155029e-02  4.568145e-01  6.946339e-04  3.095346e-01  0.000000e+00  6.870805e-02  0.000000e+00  1.999425e+02  0.000000e+00  1.436802e+02  0.000000e+00  0.000000e+00  0.000000e+00
1.886771e+02  1.679826e+01  3.681878e+00  1.731351e-01  3.992161e-02  8.080737e-01  1.726550e-02  3.451656e-01  1.284704e-02  1.284704e-02  0.000000e+00  1.445985e+02  0.000000e+00  1.026929e+02  0.000000e+00  0.000000e+00  0.000000e+00
2.116992e+02  7.524802e+00  4.779988e+00  1.962829e-01  1.414863e-01  4.384414e-01  1.144994e-02  1.971056e-01  0.000000e+00  0.000000e+00  5.517673e-04  1.164216e+02  0.000000e+00  7.164626e+01  0.000000e+00  1.292218e-03  0.000000e+00
2.375304e+02  5.539428e+00  2.214859e+01  2.868207e-01  1.048493e-01  5.666899e-01  4.487227e-03  3.076415e-01  2.284184e-02  0.000000e+00  5.922854e-03  8.690439e+01  0.000000e+00  5.358606e+01  0.000000e+00  2.196970e-02  0.000000e+00
2.665135e+02  4.610626e+00  1.858640e+01  2.699329e-01  1.226566e-01  8.308584e-01  1.184270e-02  2.118931e-01  0.000000e+00  9.095010e-03  4.095029e-02  6.261804e+01  0.000000e+00  3.565494e+01  0.000000e+00  0.000000e+00  0.000000e+00
2.990330e+02  3.019083e+00  3.027459e+00  1.510121e-01  5.671512e-02  6.141551e-01  1.150295e-02  3.797758e-01  5.977861e-04  1.399992e-03  1.901547e-02  4.801516e+01  0.000000e+00  2.626767e+01  0.000000e+00  0.000000e+00  0.000000e+00
3.355206e+02  2.752610e+00  2.839442e+00  1.874894e-01  8.884202e-02  6.131582e-01  7.224423e-03  2.596135e-01  6.353426e-03  5.516045e-03  3.592019e-02  3.581810e+01  1.317682e-02  1.923279e+01  0.000000e+00  0.000000e+00  2.856481e-03
3.764603e+02  1.844260e+00  2.104158e+00  2.776307e-01  1.261018e-01  6.552690e-01  3.921489e-02  1.898471e-01  0.000000e+00  8.383991e-03  0.000000e+00  2.291223e+01  0.000000e+00  1.358913e+01  0.000000e+00  0.000000e+00  0.000000e+00
4.223954e+02  1.194098e+00  1.928024e+00  1.440817e-01  1.008589e-01  5.956603e-01  4.804750e-03  2.298392e-01  3.523285e-02  6.161764e-03  2.590002e-02  1.748665e+01  0.000000e+00  6.991628e+00  0.000000e+00  6.476431e-04  0.000000e+00
4.739354e+02  1.060714e+00  1.629442e+00  2.172718e-01  1.204773e-01  5.345921e-01  2.305514e-02  3.211228e-01  3.043313e-02  2.320223e-02  0.000000e+00  1.156462e+01  0.000000e+00  5.035870e+00  2.320223e-02  0.000000e+00  0.000000e+00
5.317643e+02  8.966648e-01  1.162172e+00  2.706960e-01  6.788076e-02  4.757471e-01  1.337707e-02  1.840801e-01  3.119426e-02  3.072207e-02  1.994906e-02  9.701048e+00  0.000000e+00  3.703248e+00  2.196625e-04  9.813505e-03  0.000000e+00
5.966493e+02  8.131894e-01  1.071137e+00  2.721275e-01  1.696580e-01  4.641908e-01  3.113618e-02  2.446162e-01  2.953705e-02  1.044728e-02  1.661172e-02  6.508344e+00  0.000000e+00  2.595445e+00  0.000000e+00  7.016582e-04  0.000000e+00
6.694516e+02  6.688398e-01  9.443812e-01  3.158080e-01  2.047574e-01  4.690174e-01  2.367044e-02  2.461525e-01  1.302458e-02  9.927582e-03  1.042092e-02  4.482376e+00  0.000000e+00  1.638710e+00  0.000000e+00  0.000000e+00  0.000000e+00
7.511370e+02  5.268459e-01  7.180587e-01  2.105869e-01  1.584483e-01  3.008661e-01  9.969263e-03  1.862258e-01  1.845624e-02  1.898153e-02  7.304857e-03  3.150673e+00  0.000000e+00  1.088182e+00  0.000000e+00  0.000000e+00  0.000000e+00
8.427896e+02  3.651027e-01  6.531730e-01  1.981564e-01  1.322553e-01  3.642572e-01  8.006031e-03  2.048138e-01  5.940968e-03  6.774113e-03  3.341215e-02  1.650428e+00  0.000000e+00  6.016383e-01  0.000000e+00  1.169251e-02  0.000000e+00
9.456255e+02  3.651303e-01  4.788893e-01  2.615521e-01  1.199636e-01  3.006038e-01  2.263633e-02  2.142650e-01  1.769920e-02  0.000000e+00  2.052786e-02  1.448684e+00  1.465141e-03  4.024730e-01  0.000000e+00  0.000000e+00  0.000000e+00
1.061009e+03  3.184375e-01  3.297992e-01  2.563427e-01  1.625916e-01  2.633659e-01  1.853648e-02  1.883060e-01  1.652537e-02  3.773594e-02  1.135803e-02  9.847398e-01  0.000000e+00  1.728467e-01  6.555005e-03  4.166878e-03  0.000000e+00
1.190472e+03  2.271946e-01  2.883585e-01  2.259868e-01  1.692680e-01  1.535663e-01  2.321141e-02  1.297593e-01  3.041966e-02  1.019174e-02  3.997346e-02  6.129177e-01  0.000000e+00  1.442670e-01  0.000000e+00  0.000000e+00  0.000000e+00
1.335731e+03  2.162605e-01  2.931837e-01  1.971127e-01  1.196775e-01  1.357755e-01  1.873017e-02  1.416313e-01  1.160094e-02  2.104141e-02  1.019497e-02  2.782057e-01  0.000000e+00  7.380601e-02  7.377476e-03  0.000000e+00  0.000000e+00
1.498715e+03  1.360798e-01  2.157074e-01  1.484942e-01  1.523113e-01  1.167547e-01  4.680926e-02  1.473287e-01  3.367736e-02  3.380275e-02  1.848312e-02  1.450060e-01  1.318447e-03  8.615966e-02  0.000000e+00  0.000000e+00  2.574475e-03
1.681586e+03  7.876084e-02  2.145702e-01  1.325481e-01  1.180680e-01  1.387443e-01  1.933091e-02  9.325142e-02  3.060852e-02  2.618594e-02  2.369664e-02  1.720831e-01  0.000000e+00  3.868784e-02  6.949237e-03  0.000000e+00  5.699428e-04
1.886771e+03  9.882977e-02  1.502098e-01  1.404650e-01  1.323153e-01  1.195845e-01  2.555421e-02  8.578398e-02  2.770982e-02  1.525524e-02  2.401807e-02  8.534381e-02  6.233996e-03  1.672826e-03  1.240658e-02  3.392284e-04  0.000000e+00
2.116992e+03  6.394193e-02  1.536333e-01  8.150398e-02  8.851798e-02  5.376011e-02  1.880026e-02  7.235639e-02  2.284002e-02  9.018768e-03  1.597978e-02  5.282607e-02  3.715005e-03  1.785568e-02  1.292218e-04  0.000000e+00  1.292218e-04
2.375304e+03  4.245978e-02  8.295790e-02  9.255898e-02  1.402047e-01  6.385579e-02  4.135917e-02  6.649063e-02  1.642738e-02  8.739799e-03  7.505751e-03  5.398926e-02  7.525682e-05  0.000000e+00  2.862279e-03  0.000000e+00  3.870119e-03
2.665135e+03  3.409265e-02  7.275885e-02  6.779630e-02  1.352273e-01  3.262058e-02  1.590190e-02  4.317927e-02  3.412748e-02  9.318487e-03  1.855219e-02  3.571605e-02  8.096966e-03  4.777313e-03  3.718902e-03  0.000000e+00  4.743650e-03
2.990330e+03  1.583134e-02  4.978968e-02  4.899642e-02  9.642526e-02  2.464194e-02  2.922914e-02  3.229867e-02  2.052659e-02  1.882478e-02  1.973874e-02  2.734975e-02  5.060205e-03  0.000000e+00  3.454474e-03  0.000000e+00  7.356692e-03
3.355206e+03  1.137061e-02  6.148011e-02  6.090956e-02  1.092070e-01  1.432104e-02  2.741093e-02  1.451806e-02  1.620615e-02  8.433703e-03  1.309378e-02  9.744266e-03  4.481217e-03  2.358595e-03  1.106735e-03  0.000000e+00  1.163476e-04
3.764603e+03  4.930907e-03  2.650541e-02  4.529037e-02  6.558669e-02  1.111270e-02  3.029067e-02  1.023048e-02  1.079658e-02  1.103976e-02  1.690882e-02  1.419611e-02  2.873655e-03  3.102815e-05  2.905663e-03  0.000000e+00  8.031910e-03
4.223954e+03  1.958081e-03  1.431754e-02  2.311545e-02  5.065319e-02  7.319167e-03  1.113869e-02  1.093125e-02  1.586774e-02  1.104801e-02  1.431150e-02  9.293109e-03  3.849770e-03  0.000000e+00  4.015643e-03  0.000000e+00  5.138999e-03
4.739354e+03  1.688924e-03  1.616700e-02  2.336284e-02  5.281887e-02  6.231059e-03  1.555189e-02  3.821204e-03  1.243949e-02  6.008324e-03  9.206101e-03  7.972183e-03  2.981416e-03  1.350493e-04  6.171383e-04  0.000000e+00  2.534142e-03
5.317643e+03  2.304048e-03  1.640643e-02  2.137923e-02  3.063723e-02  2.454435e-03  1.444418e-02  2.196939e-03  1.989711e-02  9.601856e-03  1.164578e-02  6.732867e-03  3.437753e-03  0.000000e+00  4.885305e-03  0.000000e+00  3.972481e-03
5.966493e+03  2.654547e-03  9.322505e-03  1.298468e-02  2.345125e-02  2.742303e-03  1.283213e-02  3.653469e-03  1.397255e-02  6.058917e-03  7.754097e-03  5.765130e-04  1.531612e-03  0.000000e+00  1.628418e-03  0.000000e+00  2.080969e-03
6.694516e+03  2.670213e-05  7.160205e-03  1.002786e-02  1.910307e-02  1.779379e-03  2.263370e-02  2.150081e-03  8.926215e-03  6.731460e-03  7.522189e-03  6.644200e-03  3.740797e-03  0.000000e+00  1.365532e-03  0.000000e+00  1.431632e-04
7.511370e+03  8.516519e-04  6.111589e-03  6.626318e-03  8.890274e-03  1.769862e-03  1.422068e-02  2.976985e-03  8.833360e-03  1.500006e-03  4.520188e-03  8.674249e-04  2.490991e-03  0.000000e+00  3.343504e-04  0.000000e+00  5.745579e-03
8.427896e+03  1.076888e-03  6.249714e-03  3.392079e-03  7.251183e-03  1.485028e-03  1.757591e-02  2.030821e-03  1.504657e-02  2.578161e-03  2.954680e-03  2.531234e-03  3.660246e-03  0.000000e+00  2.140651e-04  0.000000e+00  2.400898e-03
9.456255e+03  0.000000e+00  1.528514e-03  3.212066e-03  1.069014e-02  1.180978e-03  1.070263e-02  2.892915e-05  6.228441e-03  3.199828e-03  2.139316e-03  4.573718e-03  5.139616e-03  0.000000e+00  1.990506e-03  0.000000e+00  3.926843e-04
1.061009e+04  0.000000e+00  2.626885e-03  1.195229e-03  6.467646e-03  6.665675e-04  9.011686e-03  2.460793e-03  3.012488e-03  3.894374e-04  3.006225e-03  3.589558e-03  2.067238e-03  0.000000e+00  1.684790e-05  0.000000e+00  1.860414e-03
1.190472e+04  0.000000e+00  9.175903e-05  8.050656e-05  3.883731e-03  0.000000e+00  3.656403e-03  9.811964e-06  8.911491e-04  3.003142e-05  3.166762e-03  2.756436e-03  7.585189e-04  0.000000e+00  9.356703e-04  0.000000e+00  1.642702e-03
1.335731e+04  0.000000e+00  1.614167e-03  1.612648e-03  4.071127e-03  0.000000e+00  2.228802e-03  3.134192e-05  1.353042e-03  2.662638e-04  2.422283e-03  1.837390e-03  7.752795e-04  0.000000e+00  0.000000e+00  0.000000e+00  1.379005e-03
1.498715e+04  0.000000e+00  7.595776e-04  1.318447e-04  8.861047e-04  0.000000e+00  1.791139e-03  0.000000e+00  1.417693e-03  2.949924e-04  6.482849e-04  3.650612e-05  7.334207e-04  0.000000e+00  3.018046e-05  0.000000e+00  1.624279e-03
1.681586e+04  0.000000e+00  3.174044e-04  1.063031e-05  4.835335e-04  0.000000e+00  2.760535e-03  6.946339e-06  5.964565e-04  0.000000e+00  1.175067e-04  8.239093e-05  8.189006e-05  0.000000e+00  1.532595e-03  0.000000e+00  1.339020e-03
1.886771e+04  0.000000e+00  4.333241e-04  0.000000e+00  6.111930e-04  0.000000e+00  1.677480e-03  0.000000e+00  1.188004e-03  0.000000e+00  0.000000e+00  9.959792e-04  6.970160e-04  0.000000e+00  1.040001e-03  0.000000e+00  1.809109e-03
2.116992e+04  0.000000e+00  5.517673e-06  0.000000e+00  8.395041e-04  0.000000e+00  2.529309e-05  0.000000e+00  4.287168e-04  0.000000e+00  0.000000e+00  0.000000e+00  5.194333e-04  0.000000e+00  1.287392e-03  0.000000e+00  4.287168e-04
2.375304e+04  0.000000e+00  0.000000e+00  0.000000e+00  4.917631e-06  0.000000e+00  5.445327e-04  4.034886e-05  1.448135e-04  0.000000e+00  1.861276e-04  4.172677e-04  1.505136e-05  0.000000e+00  0.000000e+00  0.000000e+00  9.577625e-04
2.665135e+04  0.000000e+00  3.596096e-05  0.000000e+00  4.294663e-04  0.000000e+00  0.000000e+00  0.000000e+00  0.000000e+00  0.000000e+00  2.401553e-05  0.000000e+00  0.000000e+00  0.000000e+00  0.000000e+00  0.000000e+00  3.596096e-05
2.990330e+04  0.000000e+00  0.000000e+00  0.000000e+00  1.862485e-04  0.000000e+00  0.000000e+00  0.000000e+00  0.000000e+00  0.000000e+00  0.000000e+00  0.000000e+00  3.012780e-04  0.000000e+00  4.464770e-04  0.000000e+00  2.775605e-04
3.355206e+04  0.000000e+00  0.000000e+00  0.000000e+00  0.000000e+00  0.000000e+00  0.000000e+00  0.000000e+00  0.000000e+00  0.000000e+00  0.000000e+00  0.000000e+00  8.153343e-06  0.000000e+00  1.555336e-04  0.000000e+00  3.815243e-05
3.764603e+04  0.000000e+00  0.000000e+00  0.000000e+00  5.248833e-05  0.000000e+00  0.000000e+00  0.000000e+00  0.000000e+00  0.000000e+00  0.000000e+00  0.000000e+00  1.479425e-04  0.000000e+00  5.248833e-05  0.000000e+00  3.102815e-06
4.223954e+04  0.000000e+00  0.000000e+00  0.000000e+00  3.280042e-05  0.000000e+00  0.000000e+00  0.000000e+00  4.134816e-04  0.000000e+00  0.000000e+00  0.000000e+00  1.828661e-04  0.000000e+00  0.000000e+00  0.000000e+00  0.000000e+00
4.739354e+04  0.000000e+00  0.000000e+00  0.000000e+00  0.000000e+00  0.000000e+00  0.000000e+00  0.000000e+00  2.464654e-06  0.000000e+00  0.000000e+00  0.000000e+00  3.169806e-05  0.000000e+00  1.175149e-04  0.000000e+00  0.000000e+00
5.317643e+04  0.000000e+00  0.000000e+00  0.000000e+00  0.000000e+00  0.000000e+00  0.000000e+00  0.000000e+00  0.000000e+00  0.000000e+00  0.000000e+00  0.000000e+00  0.000000e+00  0.000000e+00  0.000000e+00  0.000000e+00  0.000000e+00
5.966493e+04  0.000000e+00  0.000000e+00  0.000000e+00  0.000000e+00  0.000000e+00  0.000000e+00  0.000000e+00  0.000000e+00  0.000000e+00  0.000000e+00  0.000000e+00  0.000000e+00  0.000000e+00  0.000000e+00  0.000000e+00  0.000000e+00
6.694516e+04  0.000000e+00  0.000000e+00  0.000000e+00  0.000000e+00  0.000000e+00  0.000000e+00  0.000000e+00  0.000000e+00  0.000000e+00  0.000000e+00  0.000000e+00  0.000000e+00  0.000000e+00  0.000000e+00  0.000000e+00  5.312662e-05
7.511370e+04  0.000000e+00  0.000000e+00  0.000000e+00  0.000000e+00  0.000000e+00  0.000000e+00  0.000000e+00  0.000000e+00  0.000000e+00  0.000000e+00  0.000000e+00  0.000000e+00  0.000000e+00  0.000000e+00  0.000000e+00  1.500006e-04
8.427896e+04  0.000000e+00  0.000000e+00  0.000000e+00  0.000000e+00  0.000000e+00  0.000000e+00  0.000000e+00  0.000000e+00  0.000000e+00  0.000000e+00  0.000000e+00  0.000000e+00  0.000000e+00  0.000000e+00  0.000000e+00  0.000000e+00
9.456255e+04  0.000000e+00  0.000000e+00  0.000000e+00  0.000000e+00  0.000000e+00  0.000000e+00  0.000000e+00  0.000000e+00  0.000000e+00  0.000000e+00  0.000000e+00  0.000000e+00  0.000000e+00  0.000000e+00  0.000000e+00  0.000000e+00
1.061009e+05  0.000000e+00  0.000000e+00  0.000000e+00  0.000000e+00  0.000000e+00  0.000000e+00  0.000000e+00  0.000000e+00  0.000000e+00  0.000000e+00  0.000000e+00  0.000000e+00  0.000000e+00  0.000000e+00  0.000000e+00  0.000000e+00
1.190472e+05  0.000000e+00  0.000000e+00  0.000000e+00  0.000000e+00  0.000000e+00  0.000000e+00  0.000000e+00  0.000000e+00  0.000000e+00  0.000000e+00  0.000000e+00  0.000000e+00  0.000000e+00  0.000000e+00  0.000000e+00  0.000000e+00
1.335731e+05  0.000000e+00  0.000000e+00  0.000000e+00  0.000000e+00  0.000000e+00  0.000000e+00  0.000000e+00  0.000000e+00  0.000000e+00  0.000000e+00  0.000000e+00  0.000000e+00  0.000000e+00  0.000000e+00  0.000000e+00  0.000000e+00
1.498715e+05  0.000000e+00  0.000000e+00  0.000000e+00  0.000000e+00  0.000000e+00  0.000000e+00  0.000000e+00  0.000000e+00  0.000000e+00  0.000000e+00  0.000000e+00  0.000000e+00  0.000000e+00  0.000000e+00  0.000000e+00  0.000000e+00
1.681586e+05  0.000000e+00  0.000000e+00  0.000000e+00  0.000000e+00  0.000000e+00  0.000000e+00  0.000000e+00  0.000000e+00  0.000000e+00  0.000000e+00  0.000000e+00  0.000000e+00  0.000000e+00  0.000000e+00  0.000000e+00  0.000000e+00
1.886771e+05  0.000000e+00  0.000000e+00  0.000000e+00  0.000000e+00  0.000000e+00  0.000000e+00  0.000000e+00  0.000000e+00  0.000000e+00  0.000000e+00  0.000000e+00  0.000000e+00  0.000000e+00  0.000000e+00  0.000000e+00  0.000000e+00
2.116992e+05  0.000000e+00  0.000000e+00  0.000000e+00  0.000000e+00  0.000000e+00  0.000000e+00  0.000000e+00  0.000000e+00  0.000000e+00  0.000000e+00  0.000000e+00  0.000000e+00  0.000000e+00  0.000000e+00  0.000000e+00  0.000000e+00
2.375304e+05  0.000000e+00  0.000000e+00  0.000000e+00  0.000000e+00  0.000000e+00  0.000000e+00  0.000000e+00  0.000000e+00  0.000000e+00  0.000000e+00  0.000000e+00  0.000000e+00  0.000000e+00  0.000000e+00  0.000000e+00  0.000000e+00
2.665135e+05  0.000000e+00  0.000000e+00  0.000000e+00  0.000000e+00  0.000000e+00  0.000000e+00  0.000000e+00  0.000000e+00  0.000000e+00  0.000000e+00  0.000000e+00  0.000000e+00  0.000000e+00  0.000000e+00  0.000000e+00  0.000000e+00
2.990330e+05  0.000000e+00  0.000000e+00  0.000000e+00  0.000000e+00  0.000000e+00  0.000000e+00  0.000000e+00  0.000000e+00  0.000000e+00  0.000000e+00  0.000000e+00  0.000000e+00  0.000000e+00  0.000000e+00  0.000000e+00  0.000000e+00
3.355206e+05  0.000000e+00  0.000000e+00  0.000000e+00  0.000000e+00  0.000000e+00  0.000000e+00  0.000000e+00  0.000000e+00  0.000000e+00  0.000000e+00  0.000000e+00  0.000000e+00  0.000000e+00  0.000000e+00  0.000000e+00  0.000000e+00
3.764603e+05  0.000000e+00  0.000000e+00  0.000000e+00  0.000000e+00  0.000000e+00  0.000000e+00  0.000000e+00  0.000000e+00  0.000000e+00  0.000000e+00  0.000000e+00  0.000000e+00  0.000000e+00  0.000000e+00  0.000000e+00  0.000000e+00
4.223954e+05  0.000000e+00  0.000000e+00  0.000000e+00  0.000000e+00  0.000000e+00  0.000000e+00  0.000000e+00  0.000000e+00  0.000000e+00  0.000000e+00  0.000000e+00  0.000000e+00  0.000000e+00  0.000000e+00  0.000000e+00  0.000000e+00
4.739354e+05  0.000000e+00  0.000000e+00  0.000000e+00  0.000000e+00  0.000000e+00  0.000000e+00  0.000000e+00  0.000000e+00  0.000000e+00  0.000000e+00  0.000000e+00  0.000000e+00  0.000000e+00  0.000000e+00  0.000000e+00  0.000000e+00
5.317643e+05  0.000000e+00  0.000000e+00  0.000000e+00  0.000000e+00  0.000000e+00  0.000000e+00  0.000000e+00  0.000000e+00  0.000000e+00  0.000000e+00  0.000000e+00  0.000000e+00  0.000000e+00  0.000000e+00  0.000000e+00  0.000000e+00
5.966493e+05  0.000000e+00  0.000000e+00  0.000000e+00  0.000000e+00  0.000000e+00  0.000000e+00  0.000000e+00  0.000000e+00  0.000000e+00  0.000000e+00  0.000000e+00  0.000000e+00  0.000000e+00  0.000000e+00  0.000000e+00  0.000000e+00
6.694516e+05  0.000000e+00  0.000000e+00  0.000000e+00  0.000000e+00  0.000000e+00  0.000000e+00  0.000000e+00  0.000000e+00  0.000000e+00  0.000000e+00  0.000000e+00  0.000000e+00  0.000000e+00  0.000000e+00  0.000000e+00  0.000000e+00
7.511370e+05  0.000000e+00  0.000000e+00  0.000000e+00  0.000000e+00  0.000000e+00  0.000000e+00  0.000000e+00  0.000000e+00  0.000000e+00  0.000000e+00  0.000000e+00  0.000000e+00  0.000000e+00  0.000000e+00  0.000000e+00  0.000000e+00
8.427896e+05  0.000000e+00  0.000000e+00  0.000000e+00  0.000000e+00  0.000000e+00  0.000000e+00  0.000000e+00  0.000000e+00  0.000000e+00  0.000000e+00  0.000000e+00  0.000000e+00  0.000000e+00  0.000000e+00  0.000000e+00  0.000000e+00
9.456255e+05  0.000000e+00  0.000000e+00  0.000000e+00  0.000000e+00  0.000000e+00  0.000000e+00  0.000000e+00  0.000000e+00  0.000000e+00  0.000000e+00  0.000000e+00  0.000000e+00  0.000000e+00  0.000000e+00  0.000000e+00  0.000000e+00
