# dR/dEr [1/keV/kg/Myr]
# Er [keV], S, F, Ne, Cl, Na, Si, O, P, N, C, Al, Mg, Be, B, Ar, Li
1.061009e+01  7.305383e-01  6.940421e-01  0.000000e+00  0.000000e+00  4.822833e-01  0.000000e+00  4.169413e-02  0.000000e+00  0.000000e+00  0.000000e+00  0.000000e+00  0.000000e+00  5.671018e-02  0.000000e+00  0.000000e+00  0.000000e+00
1.190472e+01  1.844728e-01  1.897210e-01  0.000000e+00  0.000000e+00  5.934665e-02  0.000000e+00  0.000000e+00  0.000000e+00  0.000000e+00  0.000000e+00  0.000000e+00  0.000000e+00  0.000000e+00  0.000000e+00  0.000000e+00  0.000000e+00
1.335731e+01  2.820033e-01  8.579106e-02  0.000000e+00  0.000000e+00  0.000000e+00  0.000000e+00  0.000000e+00  0.000000e+00  0.000000e+00  0.000000e+00  0.000000e+00  0.000000e+00  0.000000e+00  0.000000e+00  0.000000e+00  0.000000e+00
1.498715e+01  6.797035e-02  1.949303e-01  0.000000e+00  0.000000e+00  6.592286e-02  0.000000e+00  1.078649e-02  0.000000e+00  0.000000e+00  0.000000e+00  0.000000e+00  0.000000e+00  0.000000e+00  0.000000e+00  0.000000e+00  0.000000e+00
1.681586e+01  1.681737e-01  1.286796e-01  2.402602e-02  0.000000e+00  4.843128e-02  9.613468e-03  0.000000e+00  0.000000e+00  0.000000e+00  0.000000e+00  0.000000e+00  0.000000e+00  0.000000e+00  0.000000e+00  0.000000e+00  0.000000e+00
1.886771e+01  1.144593e-01  1.215417e-01  0.000000e+00  0.000000e+00  2.141321e-02  0.000000e+00  0.000000e+00  0.000000e+00  0.000000e+00  0.000000e+00  0.000000e+00  0.000000e+00  0.000000e+00  0.000000e+00  0.000000e+00  0.000000e+00
2.116992e+01  1.321612e-01  1.861307e-01  0.000000e+00  0.000000e+00  2.342284e-02  0.000000e+00  1.010004e-02  0.000000e+00  0.000000e+00  0.000000e+00  8.663480e-02  0.000000e+00  0.000000e+00  0.000000e+00  0.000000e+00  0.000000e+00
2.375304e+01  2.408891e-01  4.261196e-02  5.192047e-02  0.000000e+00  1.133989e-01  0.000000e+00  1.700912e-02  0.000000e+00  0.000000e+00  0.000000e+00  0.000000e+00  0.000000e+00  0.000000e+00  0.000000e+00  0.000000e+00  0.000000e+00
2.665135e+01  2.564893e-01  2.150703e-01  8.022746e-03  2.191176e-02  1.259946e-02  0.000000e+00  0.000000e+00  7.033009e-02  0.000000e+00  0.000000e+00  0.000000e+00  0.000000e+00  0.000000e+00  0.000000e+00  0.000000e+00  0.000000e+00
2.990330e+01  2.569738e-01  1.060133e-01  9.485055e-03  0.000000e+00  1.250063e-01  0.000000e+00  1.255633e-02  0.000000e+00  0.000000e+00  0.000000e+00  4.460665e-02  0.000000e+00  6.999123e-02  0.000000e+00  0.000000e+00  0.000000e+00
3.355206e+01  3.239932e-01  1.156182e-01  1.104888e-02  0.000000e+00  2.115150e-02  0.000000e+00  5.922277e-02  0.000000e+00  0.000000e+00  0.000000e+00  6.872820e-02  0.000000e+00  1.434102e-01  0.000000e+00  0.000000e+00  0.000000e+00
3.764603e+01  4.509640e-01  2.180109e-01  4.002434e-03  5.679669e-03  1.200030e-01  0.000000e+00  2.090348e-02  0.000000e+00  0.000000e+00  0.000000e+00  0.000000e+00  0.000000e+00  5.658061e-03  0.000000e+00  0.000000e+00  0.000000e+00
4.223954e+01  3.905876e-01  1.885677e-01  4.679342e-02  0.000000e+00  8.140848e-02  0.000000e+00  1.269713e-02  0.000000e+00  0.000000e+00  0.000000e+00  5.744680e-02  0.000000e+00  1.606129e-01  0.000000e+00  0.000000e+00  0.000000e+00
4.739354e+01  4.521338e-01  1.728305e-01  4.511522e-03  1.233353e-02  2.960646e-02  0.000000e+00  1.618404e-02  0.000000e+00  0.000000e+00  0.000000e+00  0.000000e+00  0.000000e+00  1.143651e-01  0.000000e+00  0.000000e+00  0.000000e+00
5.317643e+01  4.452384e-01  8.621080e-02  1.108184e-02  0.000000e+00  1.267069e-01  0.000000e+00  2.141743e-02  0.000000e+00  0.000000e+00  0.000000e+00  3.448994e-02  0.000000e+00  0.000000e+00  0.000000e+00  0.000000e+00  0.000000e+00
5.966493e+01  5.059813e-01  2.373432e-01  1.239943e-02  6.293073e-03  9.693478e-02  0.000000e+00  7.842929e-02  0.000000e+00  0.000000e+00  0.000000e+00  3.458179e-02  0.000000e+00  2.375914e-02  0.000000e+00  0.000000e+00  0.000000e+00
6.694516e+01  6.045743e-01  2.071548e-01  2.099179e-02  0.000000e+00  7.489920e-02  0.000000e+00  1.475829e-02  0.000000e+00  2.449159e-02  0.000000e+00  2.414414e-02  0.000000e+00  4.241583e-01  0.000000e+00  0.000000e+00  0.000000e+00
7.511370e+01  6.423213e-01  2.499349e-01  4.398859e-02  7.087539e-03  5.965335e-02  0.000000e+00  1.647216e-02  0.000000e+00  0.000000e+00  0.000000e+00  2.631387e-02  0.000000e+00  1.317026e+02  0.000000e+00  0.000000e+00  0.000000e+00
8.427896e+01  7.739970e-01  2.436081e-01  1.195775e-02  3.533989e-02  6.967208e-02  0.000000e+00  5.510646e-02  0.000000e+00  0.000000e+00  0.000000e+00  0.000000e+00  0.000000e+00  1.573278e+02  0.000000e+00  0.000000e+00  0.000000e+00
9.456255e+01  7.492320e-01  1.986038e-01  3.071383e-02  8.226323e-03  1.215811e-01  0.000000e+00  1.044530e-02  0.000000e+00  1.813604e-02  0.000000e+00  7.973283e-04  0.000000e+00  1.211043e+02  0.000000e+00  0.000000e+00  0.000000e+00
1.061009e+02  8.265404e-01  2.904733e-01  3.607992e-02  3.383871e-03  9.124426e-02  0.000000e+00  1.714514e-02  0.000000e+00  0.000000e+00  1.944677e-02  2.477584e-02  0.000000e+00  8.982188e+01  0.000000e+00  0.000000e+00  0.000000e+00
1.190472e+02  8.782617e-01  3.664318e-01  3.058396e-02  1.077550e-02  1.523706e-01  0.000000e+00  1.557482e-02  0.000000e+00  1.357939e-03  1.357725e-02  7.739896e+01  0.000000e+00  6.717625e+01  0.000000e+00  1.630141e-02  0.000000e+00
1.335731e+02  1.017683e+00  3.584447e-01  4.201171e-02  1.128039e-03  1.055855e-01  0.000000e+00  1.440373e-02  0.000000e+00  0.000000e+00  0.000000e+00  6.591413e+01  0.000000e+00  5.020248e+01  0.000000e+00  0.000000e+00  0.000000e+00
1.498715e+02  2.362032e+00  4.202955e-01  1.570893e-02  5.869009e-03  5.029321e-02  0.000000e+00  6.612351e-02  0.000000e+00  7.408015e-03  1.451404e-02  4.945216e+01  0.000000e+00  3.770333e+01  0.000000e+00  0.000000e+00  0.000000e+00
1.681586e+02  3.328952e+00  4.786287e-01  2.871035e-02  4.843128e-03  7.442369e-02  4.483706e-04  5.131059e-02  0.000000e+00  1.364155e-02  0.000000e+00  3.851748e+01  0.000000e+00  2.729975e+01  0.000000e+00  0.000000e+00  0.000000e+00
1.886771e+02  2.039251e+00  4.667543e-01  2.518193e-02  4.618130e-03  1.086464e-01  1.990044e-03  5.732047e-02  1.494843e-03  1.494843e-03  0.000000e+00  2.772906e+01  0.000000e+00  1.939947e+01  0.000000e+00  0.000000e+00  0.000000e+00
2.116992e+02  9.480092e-01  6.254012e-01  2.772941e-02  2.047610e-02  7.088728e-02  1.332280e-03  2.931322e-02  0.000000e+00  0.000000e+00  3.561535e-04  2.236046e+01  0.000000e+00  1.374576e+01  0.000000e+00  7.117446e-04  0.000000e+00
2.375304e+02  6.991899e-01  2.618597e+00  3.947648e-02  1.632020e-02  8.891348e-02  5.135162e-04  5.463733e-02  3.357604e-03  0.000000e+00  6.805814e-04  1.664022e+01  0.000000e+00  1.040510e+01  0.000000e+00  2.654500e-03  0.000000e+00
2.665135e+02  5.908719e-01  2.205627e+00  3.699600e-02  1.901974e-02  1.253941e-01  1.390971e-03  3.681632e-02  0.000000e+00  1.058267e-03  7.478399e-03  1.190167e+01  0.000000e+00  6.826721e+00  0.000000e+00  0.000000e+00  0.000000e+00
2.990330e+02  4.203783e-01  3.947024e-01  1.965704e-02  8.459825e-03  9.552333e-02  3.956789e-03  5.598841e-02  3.564353e-04  7.123077e-04  5.735121e-03  9.234961e+00  0.000000e+00  4.994360e+00  0.000000e+00  0.000000e+00  0.000000e+00
3.355206e+02  3.868847e-01  3.850209e-01  2.466243e-02  1.414970e-02  8.974544e-02  8.406117e-04  3.612397e-02  7.270832e-04  6.372694e-04  6.557902e-03  6.836760e+00  4.225038e-03  3.660562e+00  0.000000e+00  0.000000e+00  1.252365e-03
3.764603e+02  2.672022e-01  2.805627e-01  4.218453e-02  1.965711e-02  8.806218e-02  1.188328e-02  2.998904e-02  0.000000e+00  9.847321e-04  0.000000e+00  4.413629e+00  0.000000e+00  2.554293e+00  0.000000e+00  0.000000e+00  0.000000e+00
4.223954e+02  1.730030e-01  2.752587e-01  1.875975e-02  1.621905e-02  8.715444e-02  7.585379e-04  3.307139e-02  7.215039e-03  9.200585e-04  4.183306e-03  3.297102e+00  0.000000e+00  1.329157e+00  0.000000e+00  3.567173e-04  0.000000e+00
4.739354e+02  1.607348e-01  2.356645e-01  2.950672e-02  1.732473e-02  7.580122e-02  4.804741e-03  5.636750e-02  4.586851e-03  3.954952e-03  0.000000e+00  2.234663e+00  0.000000e+00  9.813721e-01  3.954952e-03  0.000000e+00  0.000000e+00
5.317643e+02  1.422219e-01  1.882765e-01  4.421591e-02  9.990861e-03  6.193349e-02  1.860460e-03  2.597387e-02  5.882973e-03  4.686714e-03  5.077573e-03  1.897520e+00  0.000000e+00  7.010617e-01  1.417872e-04  1.185722e-03  0.000000e+00
5.966493e+02  1.319246e-01  1.729040e-01  4.078845e-02  3.096995e-02  6.196094e-02  5.762076e-03  4.142649e-02  5.010775e-03  1.924184e-03  3.507871e-03  1.247398e+00  0.000000e+00  4.874477e-01  0.000000e+00  3.569995e-04  0.000000e+00
6.694516e+02  1.104147e-01  1.605879e-01  4.868211e-02  3.344118e-02  6.437728e-02  3.619864e-03  3.746468e-02  1.778563e-03  1.157262e-03  2.690638e-03  8.512969e-01  0.000000e+00  3.118424e-01  0.000000e+00  0.000000e+00  0.000000e+00
7.511370e+02  8.610515e-02  1.152865e-01  3.266415e-02  2.492342e-02  4.125581e-02  3.018824e-03  2.851143e-02  3.301243e-03  3.032705e-03  2.049643e-03  5.925137e-01  0.000000e+00  2.176882e-01  0.000000e+00  0.000000e+00  0.000000e+00
8.427896e+02  6.742322e-02  1.101857e-01  3.174860e-02  1.711127e-02  5.147044e-02  9.248975e-04  2.971572e-02  6.935652e-04  1.910359e-03  7.366626e-03  3.212150e-01  0.000000e+00  1.241490e-01  0.000000e+00  1.687767e-03  0.000000e+00
9.456255e+02  6.273322e-02  8.030416e-02  3.962860e-02  1.826369e-02  4.385664e-02  3.980721e-03  2.982141e-02  2.324731e-03  0.000000e+00  4.926165e-03  2.806893e-01  6.175572e-04  7.678565e-02  0.000000e+00  0.000000e+00  0.000000e+00
1.061009e+03  5.495583e-02  5.354269e-02  4.037366e-02  2.502287e-02  3.983013e-02  2.774896e-03  2.712525e-02  2.772528e-03  6.276692e-03  2.374979e-03  1.921550e-01  0.000000e+00  3.451374e-02  2.095713e-03  1.336074e-03  0.000000e+00
1.190472e+03  4.040111e-02  4.734138e-02  3.450671e-02  2.577532e-02  2.009491e-02  3.180244e-03  1.919128e-02  6.916385e-03  1.944014e-03  9.824545e-03  1.264592e-01  0.000000e+00  2.435515e-02  0.000000e+00  0.000000e+00  0.000000e+00
1.335731e+03  3.698422e-02  5.176271e-02  3.164285e-02  1.864233e-02  1.821983e-02  4.370182e-03  1.872289e-02  2.071032e-03  4.098120e-03  2.820033e-03  5.624026e-02  0.000000e+00  1.482885e-02  1.064909e-03  0.000000e+00  0.000000e+00
1.498715e+03  2.283623e-02  3.860269e-02  2.436262e-02  2.467996e-02  2.005647e-02  9.769982e-03  2.209024e-02  5.522672e-03  5.767032e-03  4.530466e-03  2.744013e-02  5.250717e-04  1.506957e-02  0.000000e+00  0.000000e+00  9.316072e-04
1.681586e+03  1.559075e-02  3.624418e-02  2.275656e-02  1.712919e-02  2.068981e-02  3.794199e-03  1.248220e-02  6.110766e-03  4.429551e-03  4.161252e-03  3.214452e-02  0.000000e+00  7.018494e-03  1.198964e-03  0.000000e+00  2.498797e-04
1.886771e+03  1.834597e-02  2.872480e-02  2.381264e-02  1.828214e-02  1.892786e-02  4.976813e-03  1.248261e-02  5.186788e-03  2.374841e-03  4.984354e-03  1.576692e-02  1.222610e-03  1.964799e-04  2.954188e-03  1.594524e-04  0.000000e+00
2.116992e+03  1.091172e-02  2.745987e-02  1.326157e-02  1.355391e-02  1.011504e-02  2.835383e-03  1.081810e-02  4.070451e-03  2.188643e-03  3.431382e-03  1.078105e-02  9.239655e-04  3.442996e-03  7.117446e-05  0.000000e+00  7.117446e-05
2.375304e+03  9.513037e-03  1.490714e-02  1.640517e-02  2.198416e-02  1.157843e-02  7.631611e-03  9.740560e-03  2.491715e-03  1.245329e-03  2.036013e-03  1.062453e-02  4.487254e-05  0.000000e+00  7.721335e-04  0.000000e+00  9.003974e-04
2.665135e+03  5.980652e-03  1.379912e-02  1.145810e-02  2.214010e-02  6.470182e-03  2.466224e-03  6.865395e-03  5.570976e-03  1.631397e-03  2.827861e-03  7.481835e-03  1.332998e-03  1.121545e-03  7.853145e-04  0.000000e+00  9.017429e-04
2.990330e+03  3.945856e-03  8.921603e-03  8.725447e-03  1.466324e-02  4.774096e-03  5.451628e-03  5.157494e-03  4.225541e-03  4.285652e-03  4.657447e-03  5.062268e-03  1.449443e-03  0.000000e+00  7.711430e-04  0.000000e+00  1.278264e-03
3.355206e+03  2.097089e-03  1.133677e-02  1.128817e-02  1.865609e-02  2.954532e-03  5.426561e-03  1.801688e-03  3.711139e-03  1.646526e-03  2.963683e-03  2.335824e-03  8.781323e-04  3.146861e-04  3.975572e-04  0.000000e+00  6.737981e-05
3.764603e+03  1.307646e-03  5.479688e-03  8.964305e-03  1.115254e-02  2.049373e-03  6.052293e-03  1.294430e-03  2.029893e-03  2.964632e-03  3.730547e-03  3.074381e-03  9.621487e-04  2.002798e-05  5.626348e-04  0.000000e+00  2.042794e-03
4.223954e+03  6.763656e-04  2.448567e-03  4.651580e-03  8.796162e-03  1.630945e-03  2.143067e-03  1.956728e-03  3.357922e-03  2.252701e-03  3.485604e-03  1.893402e-03  1.122051e-03  0.000000e+00  9.061408e-04  0.000000e+00  1.320752e-03
4.739354e+03  4.170468e-04  3.469060e-03  4.762735e-03  9.475687e-03  1.375445e-03  3.589117e-03  6.231802e-04  2.412095e-03  1.429578e-03  2.028047e-03  1.657848e-03  6.101323e-04  6.347914e-05  2.362480e-04  0.000000e+00  8.847401e-04
5.317643e+03  3.544010e-04  3.453422e-03  4.693714e-03  5.351410e-03  7.955032e-04  3.507460e-03  4.041126e-04  3.540744e-03  1.877970e-03  2.814027e-03  1.948346e-03  7.601918e-04  0.000000e+00  1.089122e-03  0.000000e+00  9.119561e-04
5.966493e+03  6.613154e-04  2.038688e-03  2.873899e-03  4.479698e-03  6.739513e-04  2.359091e-03  9.160746e-04  2.790571e-03  1.491816e-03  1.580190e-03  1.983092e-04  4.893048e-04  0.000000e+00  3.962411e-04  0.000000e+00  4.445608e-04
6.694516e+03  1.592138e-05  1.684977e-03  2.286995e-03  3.509231e-03  5.400418e-04  4.833373e-03  6.510512e-04  2.269010e-03  1.418405e-03  1.531946e-03  1.454017e-03  5.842672e-04  0.000000e+00  3.739348e-04  0.000000e+00  6.276695e-05
7.511370e+03  2.934911e-04  1.480183e-03  1.452698e-03  1.816357e-03  3.468932e-04  3.172703e-03  5.817390e-04  2.326932e-03  2.400572e-04  1.044747e-03  3.502839e-04  5.528121e-04  0.000000e+00  1.431608e-04  0.000000e+00  1.184410e-03
8.427896e+03  2.448203e-04  1.487716e-03  7.376227e-04  1.927378e-03  3.852124e-04  3.583959e-03  3.759913e-04  2.910930e-03  5.280626e-04  6.985457e-04  3.835674e-04  8.329673e-04  0.000000e+00  9.456469e-05  0.000000e+00  7.410202e-04
9.456255e+03  0.000000e+00  3.670154e-04  5.766024e-04  2.355544e-03  2.506392e-04  2.148951e-03  1.593398e-05  1.404142e-03  6.166526e-04  4.441383e-04  9.201431e-04  1.273245e-03  0.000000e+00  4.244236e-04  0.000000e+00  1.410586e-04
1.061009e+04  0.000000e+00  5.697274e-04  2.936829e-04  1.433894e-03  1.870603e-04  1.853445e-03  6.831630e-04  6.223100e-04  1.457942e-04  6.742126e-04  7.608374e-04  3.222867e-04  0.000000e+00  1.004571e-05  0.000000e+00  4.500918e-04
1.190472e+04  0.000000e+00  4.688156e-05  3.529645e-05  8.645139e-04  0.000000e+00  8.921211e-04  6.333404e-06  3.321851e-04  1.790650e-05  6.764861e-04  4.982049e-04  1.099284e-04  0.000000e+00  2.754526e-04  0.000000e+00  5.131943e-04
1.335731e+04  0.000000e+00  4.201714e-04  3.219197e-04  8.257541e-04  0.000000e+00  5.385855e-04  1.594658e-05  3.365785e-04  9.422612e-05  4.533431e-04  4.470096e-04  2.302008e-04  0.000000e+00  0.000000e+00  0.000000e+00  3.959931e-04
1.498715e+04  0.000000e+00  1.253444e-04  5.250717e-05  2.810622e-04  0.000000e+00  4.109196e-04  0.000000e+00  2.397957e-04  9.458683e-05  1.577464e-04  2.010732e-05  1.255817e-04  0.000000e+00  1.716548e-05  0.000000e+00  4.121314e-04
1.681586e+04  0.000000e+00  1.283219e-04  6.338415e-06  1.485848e-04  0.000000e+00  6.092310e-04  4.483706e-06  1.701584e-04  0.000000e+00  4.679706e-05  3.472779e-05  3.765479e-05  0.000000e+00  3.873222e-04  0.000000e+00  3.113855e-04
1.886771e+04  0.000000e+00  1.307657e-04  0.000000e+00  1.146293e-04  0.000000e+00  3.756118e-04  0.000000e+00  2.113340e-04  0.000000e+00  0.000000e+00  2.346597e-04  1.467009e-04  0.000000e+00  2.040222e-04  0.000000e+00  4.917344e-04
2.116992e+04  0.000000e+00  3.561535e-06  0.000000e+00  2.217187e-04  0.000000e+00  1.362315e-05  0.000000e+00  9.746471e-05  0.000000e+00  0.000000e+00  0.000000e+00  8.854034e-05  0.000000e+00  2.311595e-04  0.000000e+00  9.746471e-05
2.375304e+04  0.000000e+00  0.000000e+00  0.000000e+00  3.174221e-06  0.000000e+00  1.456460e-04  1.769013e-05  4.981302e-05  0.000000e+00  5.968025e-05  8.811373e-05  8.974508e-06  0.000000e+00  0.000000e+00  0.000000e+00  2.200139e-04
2.665135e+04  0.000000e+00  1.576635e-05  0.000000e+00  7.165659e-05  0.000000e+00  0.000000e+00  0.000000e+00  0.000000e+00  0.000000e+00  1.128836e-05  0.000000e+00  0.000000e+00  0.000000e+00  0.000000e+00  0.000000e+00  1.576635e-05
2.990330e+04  0.000000e+00  0.000000e+00  0.000000e+00  5.482983e-05  0.000000e+00  0.000000e+00  0.000000e+00  0.000000e+00  0.000000e+00  0.000000e+00  0.000000e+00  9.439772e-05  0.000000e+00  1.095591e-04  0.000000e+00  7.218318e-05
3.355206e+04  0.000000e+00  0.000000e+00  0.000000e+00  0.000000e+00  0.000000e+00  0.000000e+00  0.000000e+00  0.000000e+00  0.000000e+00  0.000000e+00  0.000000e+00  4.490805e-06  0.000000e+00  1.879242e-05  0.000000e+00  1.793333e-05
3.764603e+04  0.000000e+00  0.000000e+00  0.000000e+00  2.090348e-05  0.000000e+00  0.000000e+00  0.000000e+00  0.000000e+00  0.000000e+00  0.000000e+00  0.000000e+00  4.355289e-05  0.000000e+00  2.090348e-05  0.000000e+00  2.002798e-06
4.223954e+04  0.000000e+00  0.000000e+00  0.000000e+00  1.382538e-05  0.000000e+00  0.000000e+00  0.000000e+00  8.168614e-05  0.000000e+00  0.000000e+00  0.000000e+00  5.997016e-05  0.000000e+00  0.000000e+00  0.000000e+00  0.000000e+00
4.739354e+04  0.000000e+00  0.000000e+00  0.000000e+00  0.000000e+00  0.000000e+00  0.000000e+00  0.000000e+00  1.590879e-06  0.000000e+00  0.000000e+00  0.000000e+00  1.391276e-05  0.000000e+00  3.459529e-05  0.000000e+00  0.000000e+00
5.317643e+04  0.000000e+00  0.000000e+00  0.000000e+00  0.000000e+00  0.000000e+00  0.000000e+00  0.000000e+00  0.000000e+00  0.000000e+00  0.000000e+00  0.000000e+00  0.000000e+00  0.000000e+00  0.000000e+00  0.000000e+00  0.000000e+00
5.966493e+04  0.000000e+00  0.000000e+00  0.000000e+00  0.000000e+00  0.000000e+00  0.000000e+00  0.000000e+00  0.000000e+00  0.000000e+00  0.000000e+00  0.000000e+00  0.000000e+00  0.000000e+00  0.000000e+00  0.000000e+00  0.000000e+00
6.694516e+04  0.000000e+00  0.000000e+00  0.000000e+00  0.000000e+00  0.000000e+00  0.000000e+00  0.000000e+00  0.000000e+00  0.000000e+00  0.000000e+00  0.000000e+00  0.000000e+00  0.000000e+00  0.000000e+00  0.000000e+00  1.880058e-05
7.511370e+04  0.000000e+00  0.000000e+00  0.000000e+00  0.000000e+00  0.000000e+00  0.000000e+00  0.000000e+00  0.000000e+00  0.000000e+00  0.000000e+00  0.000000e+00  0.000000e+00  0.000000e+00  0.000000e+00  0.000000e+00  2.400572e-05
8.427896e+04  0.000000e+00  0.000000e+00  0.000000e+00  0.000000e+00  0.000000e+00  0.000000e+00  0.000000e+00  0.000000e+00  0.000000e+00  0.000000e+00  0.000000e+00  0.000000e+00  0.000000e+00  0.000000e+00  0.000000e+00  0.000000e+00
9.456255e+04  0.000000e+00  0.000000e+00  0.000000e+00  0.000000e+00  0.000000e+00  0.000000e+00  0.000000e+00  0.000000e+00  0.000000e+00  0.000000e+00  0.000000e+00  0.000000e+00  0.000000e+00  0.000000e+00  0.000000e+00  0.000000e+00
1.061009e+05  0.000000e+00  0.000000e+00  0.000000e+00  0.000000e+00  0.000000e+00  0.000000e+00  0.000000e+00  0.000000e+00  0.000000e+00  0.000000e+00  0.000000e+00  0.000000e+00  0.000000e+00  0.000000e+00  0.000000e+00  0.000000e+00
1.190472e+05  0.000000e+00  0.000000e+00  0.000000e+00  0.000000e+00  0.000000e+00  0.000000e+00  0.000000e+00  0.000000e+00  0.000000e+00  0.000000e+00  0.000000e+00  0.000000e+00  0.000000e+00  0.000000e+00  0.000000e+00  0.000000e+00
1.335731e+05  0.000000e+00  0.000000e+00  0.000000e+00  0.000000e+00  0.000000e+00  0.000000e+00  0.000000e+00  0.000000e+00  0.000000e+00  0.000000e+00  0.000000e+00  0.000000e+00  0.000000e+00  0.000000e+00  0.000000e+00  0.000000e+00
1.498715e+05  0.000000e+00  0.000000e+00  0.000000e+00  0.000000e+00  0.000000e+00  0.000000e+00  0.000000e+00  0.000000e+00  0.000000e+00  0.000000e+00  0.000000e+00  0.000000e+00  0.000000e+00  0.000000e+00  0.000000e+00  0.000000e+00
1.681586e+05  0.000000e+00  0.000000e+00  0.000000e+00  0.000000e+00  0.000000e+00  0.000000e+00  0.000000e+00  0.000000e+00  0.000000e+00  0.000000e+00  0.000000e+00  0.000000e+00  0.000000e+00  0.000000e+00  0.000000e+00  0.000000e+00
1.886771e+05  0.000000e+00  0.000000e+00  0.000000e+00  0.000000e+00  0.000000e+00  0.000000e+00  0.000000e+00  0.000000e+00  0.000000e+00  0.000000e+00  0.000000e+00  0.000000e+00  0.000000e+00  0.000000e+00  0.000000e+00  0.000000e+00
2.116992e+05  0.000000e+00  0.000000e+00  0.000000e+00  0.000000e+00  0.000000e+00  0.000000e+00  0.000000e+00  0.000000e+00  0.000000e+00  0.000000e+00  0.000000e+00  0.000000e+00  0.000000e+00  0.000000e+00  0.000000e+00  0.000000e+00
2.375304e+05  0.000000e+00  0.000000e+00  0.000000e+00  0.000000e+00  0.000000e+00  0.000000e+00  0.000000e+00  0.000000e+00  0.000000e+00  0.000000e+00  0.000000e+00  0.000000e+00  0.000000e+00  0.000000e+00  0.000000e+00  0.000000e+00
2.665135e+05  0.000000e+00  0.000000e+00  0.000000e+00  0.000000e+00  0.000000e+00  0.000000e+00  0.000000e+00  0.000000e+00  0.000000e+00  0.000000e+00  0.000000e+00  0.000000e+00  0.000000e+00  0.000000e+00  0.000000e+00  0.000000e+00
2.990330e+05  0.000000e+00  0.000000e+00  0.000000e+00  0.000000e+00  0.000000e+00  0.000000e+00  0.000000e+00  0.000000e+00  0.000000e+00  0.000000e+00  0.000000e+00  0.000000e+00  0.000000e+00  0.000000e+00  0.000000e+00  0.000000e+00
3.355206e+05  0.000000e+00  0.000000e+00  0.000000e+00  0.000000e+00  0.000000e+00  0.000000e+00  0.000000e+00  0.000000e+00  0.000000e+00  0.000000e+00  0.000000e+00  0.000000e+00  0.000000e+00  0.000000e+00  0.000000e+00  0.000000e+00
3.764603e+05  0.000000e+00  0.000000e+00  0.000000e+00  0.000000e+00  0.000000e+00  0.000000e+00  0.000000e+00  0.000000e+00  0.000000e+00  0.000000e+00  0.000000e+00  0.000000e+00  0.000000e+00  0.000000e+00  0.000000e+00  0.000000e+00
4.223954e+05  0.000000e+00  0.000000e+00  0.000000e+00  0.000000e+00  0.000000e+00  0.000000e+00  0.000000e+00  0.000000e+00  0.000000e+00  0.000000e+00  0.000000e+00  0.000000e+00  0.000000e+00  0.000000e+00  0.000000e+00  0.000000e+00
4.739354e+05  0.000000e+00  0.000000e+00  0.000000e+00  0.000000e+00  0.000000e+00  0.000000e+00  0.000000e+00  0.000000e+00  0.000000e+00  0.000000e+00  0.000000e+00  0.000000e+00  0.000000e+00  0.000000e+00  0.000000e+00  0.000000e+00
5.317643e+05  0.000000e+00  0.000000e+00  0.000000e+00  0.000000e+00  0.000000e+00  0.000000e+00  0.000000e+00  0.000000e+00  0.000000e+00  0.000000e+00  0.000000e+00  0.000000e+00  0.000000e+00  0.000000e+00  0.000000e+00  0.000000e+00
5.966493e+05  0.000000e+00  0.000000e+00  0.000000e+00  0.000000e+00  0.000000e+00  0.000000e+00  0.000000e+00  0.000000e+00  0.000000e+00  0.000000e+00  0.000000e+00  0.000000e+00  0.000000e+00  0.000000e+00  0.000000e+00  0.000000e+00
6.694516e+05  0.000000e+00  0.000000e+00  0.000000e+00  0.000000e+00  0.000000e+00  0.000000e+00  0.000000e+00  0.000000e+00  0.000000e+00  0.000000e+00  0.000000e+00  0.000000e+00  0.000000e+00  0.000000e+00  0.000000e+00  0.000000e+00
7.511370e+05  0.000000e+00  0.000000e+00  0.000000e+00  0.000000e+00  0.000000e+00  0.000000e+00  0.000000e+00  0.000000e+00  0.000000e+00  0.000000e+00  0.000000e+00  0.000000e+00  0.000000e+00  0.000000e+00  0.000000e+00  0.000000e+00
8.427896e+05  0.000000e+00  0.000000e+00  0.000000e+00  0.000000e+00  0.000000e+00  0.000000e+00  0.000000e+00  0.000000e+00  0.000000e+00  0.000000e+00  0.000000e+00  0.000000e+00  0.000000e+00  0.000000e+00  0.000000e+00  0.000000e+00
9.456255e+05  0.000000e+00  0.000000e+00  0.000000e+00  0.000000e+00  0.000000e+00  0.000000e+00  0.000000e+00  0.000000e+00  0.000000e+00  0.000000e+00  0.000000e+00  0.000000e+00  0.000000e+00  0.000000e+00  0.000000e+00  0.000000e+00
