# dR/dEr [1/keV/kg/Myr]
# Er [keV], S, F, Ne, Cl, Na, Si, O, P, N, C, Al, Mg, Be, B, Ar, Li
1.061009e+01  8.248524e-01  7.801423e-01  0.000000e+00  0.000000e+00  5.372096e-01  0.000000e+00  4.688115e-02  0.000000e+00  0.000000e+00  0.000000e+00  0.000000e+00  0.000000e+00  6.006580e-02  0.000000e+00  0.000000e+00  0.000000e+00
1.190472e+01  2.117930e-01  2.101473e-01  0.000000e+00  0.000000e+00  6.812765e-02  0.000000e+00  0.000000e+00  0.000000e+00  0.000000e+00  0.000000e+00  0.000000e+00  0.000000e+00  0.000000e+00  0.000000e+00  0.000000e+00  0.000000e+00
1.335731e+01  3.230990e-01  9.586859e-02  0.000000e+00  0.000000e+00  0.000000e+00  0.000000e+00  0.000000e+00  0.000000e+00  0.000000e+00  0.000000e+00  0.000000e+00  0.000000e+00  0.000000e+00  0.000000e+00  0.000000e+00  0.000000e+00
1.498715e+01  7.803264e-02  2.191922e-01  0.000000e+00  0.000000e+00  7.270689e-02  0.000000e+00  1.239044e-02  0.000000e+00  0.000000e+00  0.000000e+00  0.000000e+00  0.000000e+00  0.000000e+00  0.000000e+00  0.000000e+00  0.000000e+00
1.681586e+01  1.930863e-01  1.466140e-01  2.758690e-02  0.000000e+00  5.559416e-02  1.104299e-02  0.000000e+00  0.000000e+00  0.000000e+00  0.000000e+00  0.000000e+00  0.000000e+00  0.000000e+00  0.000000e+00  0.000000e+00  0.000000e+00
1.886771e+01  1.314209e-01  1.388607e-01  0.000000e+00  0.000000e+00  2.458685e-02  0.000000e+00  0.000000e+00  0.000000e+00  0.000000e+00  0.000000e+00  0.000000e+00  0.000000e+00  0.000000e+00  0.000000e+00  0.000000e+00  0.000000e+00
2.116992e+01  1.504549e-01  2.103982e-01  0.000000e+00  0.000000e+00  2.689421e-02  0.000000e+00  1.159937e-02  0.000000e+00  0.000000e+00  0.000000e+00  9.505538e-02  0.000000e+00  0.000000e+00  0.000000e+00  0.000000e+00  0.000000e+00
2.375304e+01  2.745983e-01  4.892212e-02  5.906843e-02  0.000000e+00  1.287083e-01  0.000000e+00  1.953003e-02  0.000000e+00  0.000000e+00  0.000000e+00  0.000000e+00  0.000000e+00  0.000000e+00  0.000000e+00  0.000000e+00  0.000000e+00
2.665135e+01  2.910412e-01  2.414065e-01  9.213709e-03  2.347993e-02  1.447074e-02  0.000000e+00  0.000000e+00  7.941325e-02  0.000000e+00  0.000000e+00  0.000000e+00  0.000000e+00  0.000000e+00  0.000000e+00  0.000000e+00  0.000000e+00
2.990330e+01  2.920569e-01  1.215755e-01  1.089527e-02  0.000000e+00  1.374659e-01  0.000000e+00  1.442166e-02  0.000000e+00  0.000000e+00  0.000000e+00  4.816830e-02  0.000000e+00  7.804891e-02  0.000000e+00  0.000000e+00  0.000000e+00
3.355206e+01  3.695748e-01  1.311912e-01  1.267808e-02  0.000000e+00  2.428781e-02  0.000000e+00  6.722154e-02  0.000000e+00  0.000000e+00  0.000000e+00  7.626141e-02  0.000000e+00  1.568454e-01  0.000000e+00  0.000000e+00  0.000000e+00
3.764603e+01  5.115402e-01  2.417617e-01  4.210239e-03  6.522806e-03  1.341741e-01  0.000000e+00  2.240276e-02  0.000000e+00  0.000000e+00  0.000000e+00  0.000000e+00  0.000000e+00  5.971596e-03  0.000000e+00  0.000000e+00  0.000000e+00
4.223954e+01  4.426503e-01  2.136729e-01  5.156198e-02  0.000000e+00  9.315048e-02  0.000000e+00  1.411478e-02  0.000000e+00  0.000000e+00  0.000000e+00  6.240595e-02  0.000000e+00  1.808378e-01  0.000000e+00  0.000000e+00  0.000000e+00
4.739354e+01  5.157166e-01  1.978881e-01  5.181249e-03  1.415665e-02  3.305335e-02  0.000000e+00  1.858656e-02  0.000000e+00  0.000000e+00  0.000000e+00  0.000000e+00  0.000000e+00  1.256547e-01  0.000000e+00  0.000000e+00  0.000000e+00
5.317643e+01  5.066769e-01  9.883046e-02  1.272769e-02  0.000000e+00  1.408636e-01  0.000000e+00  2.459803e-02  0.000000e+00  0.000000e+00  0.000000e+00  3.784223e-02  0.000000e+00  0.000000e+00  0.000000e+00  0.000000e+00  0.000000e+00
5.966493e+01  5.779670e-01  2.680990e-01  1.423889e-02  7.227952e-03  1.085555e-01  0.000000e+00  8.691326e-02  0.000000e+00  0.000000e+00  0.000000e+00  3.830513e-02  0.000000e+00  2.584878e-02  0.000000e+00  0.000000e+00  0.000000e+00
6.694516e+01  6.890845e-01  2.334685e-01  2.410467e-02  0.000000e+00  8.542814e-02  0.000000e+00  1.627704e-02  0.000000e+00  2.677750e-02  0.000000e+00  2.733649e-02  0.000000e+00  4.756591e-01  0.000000e+00  0.000000e+00  0.000000e+00
7.511370e+01  7.313597e-01  2.843815e-01  4.963196e-02  8.135311e-03  6.781493e-02  0.000000e+00  1.890600e-02  0.000000e+00  0.000000e+00  0.000000e+00  2.899543e-02  0.000000e+00  1.468017e+02  0.000000e+00  0.000000e+00  0.000000e+00
8.427896e+01  8.845220e-01  2.778192e-01  1.372904e-02  3.950545e-02  7.941878e-02  0.000000e+00  6.237885e-02  0.000000e+00  0.000000e+00  0.000000e+00  0.000000e+00  0.000000e+00  1.754318e+02  0.000000e+00  0.000000e+00  0.000000e+00
9.456255e+01  8.548739e-01  2.264661e-01  3.491867e-02  9.444953e-03  1.362820e-01  0.000000e+00  1.178141e-02  0.000000e+00  1.979020e-02  0.000000e+00  8.331813e-04  0.000000e+00  1.350411e+02  0.000000e+00  0.000000e+00  0.000000e+00
1.061009e+02  9.456372e-01  3.292647e-01  3.998040e-02  3.813277e-03  1.036725e-01  0.000000e+00  1.935789e-02  0.000000e+00  0.000000e+00  2.154056e-02  2.787143e-02  0.000000e+00  1.001811e+02  0.000000e+00  0.000000e+00  0.000000e+00
1.190472e+02  1.005813e+00  4.156634e-01  3.497495e-02  1.186692e-02  1.709048e-01  0.000000e+00  1.758506e-02  0.000000e+00  1.559864e-03  1.537244e-02  8.635197e+01  0.000000e+00  7.489598e+01  0.000000e+00  1.784219e-02  0.000000e+00
1.335731e+02  1.163592e+00  4.074510e-01  4.717368e-02  1.186607e-03  1.197910e-01  0.000000e+00  1.636084e-02  0.000000e+00  0.000000e+00  0.000000e+00  7.352681e+01  0.000000e+00  5.596484e+01  0.000000e+00  0.000000e+00  0.000000e+00
1.498715e+02  2.706314e+00  4.785512e-01  1.793990e-02  6.637903e-03  5.707229e-02  0.000000e+00  7.413142e-02  0.000000e+00  8.105407e-03  1.624806e-02  5.515272e+01  0.000000e+00  4.202730e+01  0.000000e+00  0.000000e+00  0.000000e+00
1.681586e+02  3.816473e+00  5.416398e-01  3.268163e-02  5.559416e-03  8.359979e-02  4.685323e-04  5.750400e-02  0.000000e+00  1.523096e-02  0.000000e+00  4.292475e+01  0.000000e+00  3.045339e+01  0.000000e+00  0.000000e+00  0.000000e+00
1.886771e+02  2.333527e+00  5.322815e-01  2.852542e-02  5.303259e-03  1.234485e-01  2.285679e-03  6.443474e-02  1.716109e-03  1.716109e-03  0.000000e+00  3.090089e+01  0.000000e+00  2.164116e+01  0.000000e+00  0.000000e+00  0.000000e+00
2.116992e+02  1.081711e+00  7.119277e-01  3.139084e-02  2.323579e-02  7.972812e-02  1.529484e-03  3.305594e-02  0.000000e+00  0.000000e+00  3.721684e-04  2.492245e+01  0.000000e+00  1.532162e+01  0.000000e+00  7.486982e-04  0.000000e+00
2.375304e+02  7.978880e-01  3.002090e+00  4.477383e-02  1.836114e-02  9.993409e-02  5.898485e-04  6.109580e-02  3.771056e-03  0.000000e+00  7.817842e-04  1.854963e+01  0.000000e+00  1.159220e+01  0.000000e+00  3.041347e-03  0.000000e+00
2.665135e+02  6.735629e-01  2.528048e+00  4.184164e-02  2.153135e-02  1.415521e-01  1.596076e-03  4.116168e-02  0.000000e+00  1.214912e-03  8.414454e-03  1.327193e+01  0.000000e+00  7.610245e+00  0.000000e+00  0.000000e+00  0.000000e+00
2.990330e+02  4.762878e-01  4.491775e-01  2.235012e-02  9.511079e-03  1.075109e-01  4.286792e-03  6.334315e-02  3.737001e-04  7.517794e-04  6.258210e-03  1.029316e+01  0.000000e+00  5.569461e+00  0.000000e+00  0.000000e+00  0.000000e+00
3.355206e+02  4.384371e-01  4.369808e-01  2.810276e-02  1.588471e-02  1.013738e-01  9.650393e-04  4.101893e-02  8.351616e-04  7.318709e-04  7.319423e-03  7.623259e+00  4.596635e-03  4.083519e+00  0.000000e+00  0.000000e+00  1.333058e-03
3.764603e+02  3.019803e-01  3.188810e-01  4.759032e-02  2.221551e-02  1.001038e-01  1.294458e-02  3.374852e-02  0.000000e+00  1.129935e-03  0.000000e+00  4.916893e+00  0.000000e+00  2.850860e+00  0.000000e+00  0.000000e+00  0.000000e+00
4.223954e+02  1.954440e-01  3.116209e-01  2.132812e-02  1.826420e-02  9.844805e-02  8.459051e-04  3.740587e-02  8.002745e-03  1.031117e-03  4.707779e-03  3.678545e+00  0.000000e+00  1.481073e+00  0.000000e+00  3.752380e-04  0.000000e+00
4.739354e+02  1.812363e-01  2.666318e-01  3.350177e-02  1.955108e-02  8.597318e-02  5.340455e-03  6.312891e-02  5.196574e-03  4.465735e-03  0.000000e+00  2.490281e+00  0.000000e+00  1.092849e+00  4.465735e-03  0.000000e+00  0.000000e+00
5.317643e+02  1.599999e-01  2.113388e-01  4.958660e-02  1.128591e-02  7.051788e-02  2.098851e-03  2.939069e-02  6.547300e-03  5.314244e-03  5.569906e-03  2.112753e+00  0.000000e+00  7.818443e-01  1.481629e-04  1.358520e-03  0.000000e+00
5.966493e+02  1.481602e-01  1.942424e-01  4.606341e-02  3.456464e-02  7.042217e-02  6.429586e-03  4.642204e-02  5.636980e-03  2.134173e-03  3.911712e-03  1.390069e+00  0.000000e+00  5.442238e-01  0.000000e+00  3.767822e-04  0.000000e+00
6.694516e+02  1.239952e-01  1.798301e-01  5.476741e-02  3.757852e-02  7.306437e-02  4.078849e-03  4.219425e-02  2.011213e-03  1.328361e-03  2.955137e-03  9.490494e-01  0.000000e+00  3.480103e-01  0.000000e+00  0.000000e+00  0.000000e+00
7.511370e+02  9.668794e-02  1.296438e-01  3.674168e-02  2.805380e-02  4.676495e-02  3.270566e-03  3.211526e-02  3.674110e-03  3.402491e-03  2.239768e-03  6.617716e-01  0.000000e+00  2.421108e-01  0.000000e+00  0.000000e+00  0.000000e+00
8.427896e+02  7.514287e-02  1.235683e-01  3.565418e-02  1.948216e-02  5.827344e-02  1.062131e-03  3.358428e-02  7.960867e-04  2.079116e-03  8.178073e-03  3.578351e-01  0.000000e+00  1.379950e-01  0.000000e+00  1.915886e-03  0.000000e+00
9.456255e+02  7.033442e-02  8.994111e-02  4.470126e-02  2.062511e-02  4.956085e-02  4.454719e-03  3.382694e-02  2.636698e-03  0.000000e+00  5.406242e-03  3.128791e-01  6.617544e-04  8.563066e-02  0.000000e+00  0.000000e+00  0.000000e+00
1.061009e+03  6.151722e-02  6.005341e-02  4.540660e-02  2.815138e-02  4.495969e-02  3.123105e-03  3.065511e-02  3.102740e-03  7.055884e-03  2.640488e-03  2.140745e-01  0.000000e+00  3.835065e-02  2.279335e-03  1.453584e-03  0.000000e+00
1.190472e+03  4.517065e-02  5.310811e-02  3.890283e-02  2.906345e-02  2.285020e-02  3.618792e-03  2.168212e-02  7.612295e-03  2.160190e-03  1.082991e-02  1.403664e-01  0.000000e+00  2.735468e-02  0.000000e+00  0.000000e+00  0.000000e+00
1.335731e+03  4.140410e-02  5.785166e-02  3.557138e-02  2.095045e-02  2.070320e-02  4.818292e-03  2.130175e-02  2.303170e-03  4.538696e-03  3.082308e-03  6.238078e-02  0.000000e+00  1.652428e-02  1.208843e-03  0.000000e+00  0.000000e+00
1.498715e+03  2.561851e-02  4.309540e-02  2.730331e-02  2.772563e-02  2.239241e-02  1.081567e-02  2.492407e-02  6.187750e-03  6.457781e-03  4.990655e-03  3.057782e-02  5.627318e-04  1.693461e-02  0.000000e+00  0.000000e+00  1.005327e-03
1.681586e+03  1.734842e-02  4.061619e-02  2.546195e-02  1.937514e-02  2.335933e-02  4.216511e-03  1.417233e-02  6.795840e-03  4.979329e-03  4.674173e-03  3.588061e-02  0.000000e+00  7.851784e-03  1.345320e-03  0.000000e+00  2.659800e-04
1.886771e+03  2.046200e-02  3.195713e-02  2.668002e-02  2.070939e-02  2.130161e-02  5.537612e-03  1.409625e-02  5.774716e-03  2.667300e-03  5.520467e-03  1.760834e-02  1.367139e-03  2.254518e-04  3.265717e-03  1.688874e-04  0.000000e+00
2.116992e+03  1.224227e-02  3.071031e-02  1.487167e-02  1.525633e-02  1.124464e-02  3.203673e-03  1.220434e-02  4.548595e-03  2.404414e-03  3.793776e-03  1.196957e-02  1.016736e-03  3.838857e-03  7.486982e-05  0.000000e+00  7.486982e-05
2.375304e+03  1.052088e-02  1.665175e-02  1.834250e-02  2.473391e-02  1.294170e-02  8.532257e-03  1.101421e-02  2.803533e-03  1.407537e-03  2.219796e-03  1.184753e-02  4.704605e-05  0.000000e+00  8.471819e-04  0.000000e+00  9.953509e-04
2.665135e+03  6.699821e-03  1.536807e-02  1.283624e-02  2.488325e-02  7.186477e-03  2.771319e-03  7.714372e-03  6.266780e-03  1.823486e-03  3.194361e-03  8.299328e-03  1.496432e-03  1.230469e-03  8.757232e-04  0.000000e+00  1.003109e-03
2.990330e+03  4.336544e-03  9.960440e-03  9.747960e-03  1.654348e-02  5.300281e-03  6.081402e-03  5.794215e-03  4.668756e-03  4.737141e-03  5.148529e-03  5.665888e-03  1.581562e-03  0.000000e+00  8.556671e-04  0.000000e+00  1.437105e-03
3.355206e+03  2.348289e-03  1.264596e-02  1.259948e-02  2.089852e-02  3.277508e-03  6.026585e-03  2.054762e-03  4.081495e-03  1.828173e-03  3.273559e-03  2.577429e-03  9.769152e-04  3.586778e-04  4.293004e-04  0.000000e+00  7.072190e-05
3.764603e+03  1.429840e-03  6.077349e-03  9.955596e-03  1.249206e-02  2.289014e-03  6.730207e-03  1.476463e-03  2.257404e-03  3.245563e-03  4.130827e-03  3.411294e-03  1.043379e-03  2.092857e-05  6.235660e-04  0.000000e+00  2.248816e-03
4.223954e+03  7.313435e-04  2.744077e-03  5.178960e-03  9.830524e-03  1.801982e-03  2.379362e-03  2.181509e-03  3.707584e-03  2.499621e-03  3.838297e-03  2.103284e-03  1.221865e-03  0.000000e+00  9.985019e-04  0.000000e+00  1.449909e-03
4.739354e+03  4.595467e-04  3.837696e-03  5.283246e-03  1.058372e-02  1.519056e-03  3.948626e-03  6.997352e-04  2.681929e-03  1.572992e-03  2.249708e-03  1.840202e-03  6.767934e-04  6.723529e-05  2.538446e-04  0.000000e+00  9.564067e-04
5.317643e+03  4.000817e-04  3.826676e-03  5.197755e-03  5.977279e-03  8.626370e-04  3.852937e-03  4.497120e-04  3.961354e-03  2.093730e-03  3.100166e-03  2.128818e-03  8.379104e-04  0.000000e+00  1.207017e-03  0.000000e+00  1.005793e-03
5.966493e+03  7.290784e-04  2.258844e-03  3.179967e-03  4.977300e-03  7.404801e-04  2.633537e-03  1.005846e-03  3.111560e-03  1.640923e-03  1.749576e-03  2.148486e-04  5.307117e-04  0.000000e+00  4.364582e-04  0.000000e+00  4.939459e-04
6.694516e+03  1.669257e-05  1.858922e-03  2.529430e-03  3.918317e-03  5.882257e-04  5.349675e-03  7.094407e-04  2.491104e-03  1.573945e-03  1.700287e-03  1.612208e-03  6.612282e-04  0.000000e+00  4.088379e-04  0.000000e+00  6.681116e-05
7.511370e+03  3.176039e-04  1.627492e-03  1.602477e-03  2.010955e-03  3.856263e-04  3.506597e-03  6.502888e-04  2.550811e-03  2.712507e-04  1.150229e-03  3.749087e-04  6.134938e-04  0.000000e+00  1.526978e-04  0.000000e+00  1.318776e-03
8.427896e+03  2.711795e-04  1.643036e-03  8.157701e-04  2.113328e-03  4.232807e-04  3.983053e-03  4.173235e-04  3.251956e-03  5.871821e-04  7.717799e-04  4.342828e-04  9.194578e-04  0.000000e+00  1.009242e-04  0.000000e+00  8.052203e-04
9.456255e+03  0.000000e+00  4.043314e-04  6.455981e-04  2.605357e-03  2.788766e-04  2.391433e-03  1.676126e-05  1.554338e-03  6.879619e-04  4.930797e-04  1.020540e-03  1.397490e-03  0.000000e+00  4.702939e-04  0.000000e+00  1.523215e-04
1.061009e+04  0.000000e+00  6.278314e-04  3.222416e-04  1.585246e-03  2.045989e-04  2.061531e-03  7.477655e-04  6.895596e-04  1.569447e-04  7.456647e-04  8.472253e-04  3.645124e-04  0.000000e+00  1.053230e-05  0.000000e+00  4.944345e-04
1.190472e+04  0.000000e+00  4.946772e-05  3.757068e-05  9.564518e-04  0.000000e+00  9.818797e-04  6.618195e-06  3.580594e-04  1.877384e-05  7.504289e-04  5.555237e-04  1.244752e-04  0.000000e+00  3.011619e-04  0.000000e+00  5.574696e-04
1.335731e+04  0.000000e+00  4.618592e-04  3.587055e-04  9.171943e-04  0.000000e+00  5.919855e-04  1.683024e-05  3.709185e-04  1.018678e-04  5.093544e-04  4.931408e-04  2.504643e-04  0.000000e+00  0.000000e+00  0.000000e+00  4.322784e-04
1.498715e+04  0.000000e+00  1.412044e-04  5.627318e-05  3.053318e-04  0.000000e+00  4.528178e-04  0.000000e+00  2.687930e-04  1.029058e-04  1.737571e-04  2.115129e-05  1.399709e-04  0.000000e+00  1.803194e-05  0.000000e+00  4.520491e-04
1.681586e+04  0.000000e+00  1.375202e-04  6.645431e-06  1.614114e-04  0.000000e+00  6.726983e-04  4.685323e-06  1.856805e-04  0.000000e+00  5.015352e-05  3.721318e-05  3.996674e-05  0.000000e+00  4.260052e-04  0.000000e+00  3.430837e-04
1.886771e+04  0.000000e+00  1.422743e-04  0.000000e+00  1.282649e-04  0.000000e+00  4.147725e-04  0.000000e+00  2.368427e-04  0.000000e+00  0.000000e+00  2.591516e-04  1.627963e-04  0.000000e+00  2.270264e-04  0.000000e+00  5.381595e-04
2.116992e+04  0.000000e+00  3.721684e-06  0.000000e+00  2.436513e-04  0.000000e+00  1.434085e-05  0.000000e+00  1.079585e-04  0.000000e+00  0.000000e+00  0.000000e+00  9.997536e-05  0.000000e+00  2.585312e-04  0.000000e+00  1.079585e-04
2.375304e+04  0.000000e+00  0.000000e+00  0.000000e+00  3.316955e-06  0.000000e+00  1.596500e-04  1.882994e-05  5.396752e-05  0.000000e+00  6.492920e-05  9.825776e-05  9.409210e-06  0.000000e+00  0.000000e+00  0.000000e+00  2.426365e-04
2.665135e+04  0.000000e+00  1.678220e-05  0.000000e+00  8.064183e-05  0.000000e+00  0.000000e+00  0.000000e+00  0.000000e+00  0.000000e+00  1.195631e-05  0.000000e+00  0.000000e+00  0.000000e+00  0.000000e+00  0.000000e+00  1.678220e-05
2.990330e+04  0.000000e+00  0.000000e+00  0.000000e+00  5.994735e-05  0.000000e+00  0.000000e+00  0.000000e+00  0.000000e+00  0.000000e+00  0.000000e+00  0.000000e+00  1.028153e-04  0.000000e+00  1.209168e-04  0.000000e+00  7.920499e-05
3.355206e+04  0.000000e+00  0.000000e+00  0.000000e+00  0.000000e+00  0.000000e+00  0.000000e+00  0.000000e+00  0.000000e+00  0.000000e+00  0.000000e+00  0.000000e+00  4.723966e-06  0.000000e+00  2.153109e-05  0.000000e+00  1.899447e-05
3.764603e+04  0.000000e+00  0.000000e+00  0.000000e+00  2.240276e-05  0.000000e+00  0.000000e+00  0.000000e+00  0.000000e+00  0.000000e+00  0.000000e+00  0.000000e+00  4.761787e-05  0.000000e+00  2.240276e-05  0.000000e+00  2.092857e-06
4.223954e+04  0.000000e+00  0.000000e+00  0.000000e+00  1.481484e-05  0.000000e+00  0.000000e+00  0.000000e+00  9.096595e-05  0.000000e+00  0.000000e+00  0.000000e+00  6.505155e-05  0.000000e+00  0.000000e+00  0.000000e+00  0.000000e+00
4.739354e+04  0.000000e+00  0.000000e+00  0.000000e+00  0.000000e+00  0.000000e+00  0.000000e+00  0.000000e+00  1.662415e-06  0.000000e+00  0.000000e+00  0.000000e+00  1.486615e-05  0.000000e+00  3.782422e-05  0.000000e+00  0.000000e+00
5.317643e+04  0.000000e+00  0.000000e+00  0.000000e+00  0.000000e+00  0.000000e+00  0.000000e+00  0.000000e+00  0.000000e+00  0.000000e+00  0.000000e+00  0.000000e+00  0.000000e+00  0.000000e+00  0.000000e+00  0.000000e+00  0.000000e+00
5.966493e+04  0.000000e+00  0.000000e+00  0.000000e+00  0.000000e+00  0.000000e+00  0.000000e+00  0.000000e+00  0.000000e+00  0.000000e+00  0.000000e+00  0.000000e+00  0.000000e+00  0.000000e+00  0.000000e+00  0.000000e+00  0.000000e+00
6.694516e+04  0.000000e+00  0.000000e+00  0.000000e+00  0.000000e+00  0.000000e+00  0.000000e+00  0.000000e+00  0.000000e+00  0.000000e+00  0.000000e+00  0.000000e+00  0.000000e+00  0.000000e+00  0.000000e+00  0.000000e+00  2.032530e-05
7.511370e+04  0.000000e+00  0.000000e+00  0.000000e+00  0.000000e+00  0.000000e+00  0.000000e+00  0.000000e+00  0.000000e+00  0.000000e+00  0.000000e+00  0.000000e+00  0.000000e+00  0.000000e+00  0.000000e+00  0.000000e+00  2.712507e-05
8.427896e+04  0.000000e+00  0.000000e+00  0.000000e+00  0.000000e+00  0.000000e+00  0.000000e+00  0.000000e+00  0.000000e+00  0.000000e+00  0.000000e+00  0.000000e+00  0.000000e+00  0.000000e+00  0.000000e+00  0.000000e+00  0.000000e+00
9.456255e+04  0.000000e+00  0.000000e+00  0.000000e+00  0.000000e+00  0.000000e+00  0.000000e+00  0.000000e+00  0.000000e+00  0.000000e+00  0.000000e+00  0.000000e+00  0.000000e+00  0.000000e+00  0.000000e+00  0.000000e+00  0.000000e+00
1.061009e+05  0.000000e+00  0.000000e+00  0.000000e+00  0.000000e+00  0.000000e+00  0.000000e+00  0.000000e+00  0.000000e+00  0.000000e+00  0.000000e+00  0.000000e+00  0.000000e+00  0.000000e+00  0.000000e+00  0.000000e+00  0.000000e+00
1.190472e+05  0.000000e+00  0.000000e+00  0.000000e+00  0.000000e+00  0.000000e+00  0.000000e+00  0.000000e+00  0.000000e+00  0.000000e+00  0.000000e+00  0.000000e+00  0.000000e+00  0.000000e+00  0.000000e+00  0.000000e+00  0.000000e+00
1.335731e+05  0.000000e+00  0.000000e+00  0.000000e+00  0.000000e+00  0.000000e+00  0.000000e+00  0.000000e+00  0.000000e+00  0.000000e+00  0.000000e+00  0.000000e+00  0.000000e+00  0.000000e+00  0.000000e+00  0.000000e+00  0.000000e+00
1.498715e+05  0.000000e+00  0.000000e+00  0.000000e+00  0.000000e+00  0.000000e+00  0.000000e+00  0.000000e+00  0.000000e+00  0.000000e+00  0.000000e+00  0.000000e+00  0.000000e+00  0.000000e+00  0.000000e+00  0.000000e+00  0.000000e+00
1.681586e+05  0.000000e+00  0.000000e+00  0.000000e+00  0.000000e+00  0.000000e+00  0.000000e+00  0.000000e+00  0.000000e+00  0.000000e+00  0.000000e+00  0.000000e+00  0.000000e+00  0.000000e+00  0.000000e+00  0.000000e+00  0.000000e+00
1.886771e+05  0.000000e+00  0.000000e+00  0.000000e+00  0.000000e+00  0.000000e+00  0.000000e+00  0.000000e+00  0.000000e+00  0.000000e+00  0.000000e+00  0.000000e+00  0.000000e+00  0.000000e+00  0.000000e+00  0.000000e+00  0.000000e+00
2.116992e+05  0.000000e+00  0.000000e+00  0.000000e+00  0.000000e+00  0.000000e+00  0.000000e+00  0.000000e+00  0.000000e+00  0.000000e+00  0.000000e+00  0.000000e+00  0.000000e+00  0.000000e+00  0.000000e+00  0.000000e+00  0.000000e+00
2.375304e+05  0.000000e+00  0.000000e+00  0.000000e+00  0.000000e+00  0.000000e+00  0.000000e+00  0.000000e+00  0.000000e+00  0.000000e+00  0.000000e+00  0.000000e+00  0.000000e+00  0.000000e+00  0.000000e+00  0.000000e+00  0.000000e+00
2.665135e+05  0.000000e+00  0.000000e+00  0.000000e+00  0.000000e+00  0.000000e+00  0.000000e+00  0.000000e+00  0.000000e+00  0.000000e+00  0.000000e+00  0.000000e+00  0.000000e+00  0.000000e+00  0.000000e+00  0.000000e+00  0.000000e+00
2.990330e+05  0.000000e+00  0.000000e+00  0.000000e+00  0.000000e+00  0.000000e+00  0.000000e+00  0.000000e+00  0.000000e+00  0.000000e+00  0.000000e+00  0.000000e+00  0.000000e+00  0.000000e+00  0.000000e+00  0.000000e+00  0.000000e+00
3.355206e+05  0.000000e+00  0.000000e+00  0.000000e+00  0.000000e+00  0.000000e+00  0.000000e+00  0.000000e+00  0.000000e+00  0.000000e+00  0.000000e+00  0.000000e+00  0.000000e+00  0.000000e+00  0.000000e+00  0.000000e+00  0.000000e+00
3.764603e+05  0.000000e+00  0.000000e+00  0.000000e+00  0.000000e+00  0.000000e+00  0.000000e+00  0.000000e+00  0.000000e+00  0.000000e+00  0.000000e+00  0.000000e+00  0.000000e+00  0.000000e+00  0.000000e+00  0.000000e+00  0.000000e+00
4.223954e+05  0.000000e+00  0.000000e+00  0.000000e+00  0.000000e+00  0.000000e+00  0.000000e+00  0.000000e+00  0.000000e+00  0.000000e+00  0.000000e+00  0.000000e+00  0.000000e+00  0.000000e+00  0.000000e+00  0.000000e+00  0.000000e+00
4.739354e+05  0.000000e+00  0.000000e+00  0.000000e+00  0.000000e+00  0.000000e+00  0.000000e+00  0.000000e+00  0.000000e+00  0.000000e+00  0.000000e+00  0.000000e+00  0.000000e+00  0.000000e+00  0.000000e+00  0.000000e+00  0.000000e+00
5.317643e+05  0.000000e+00  0.000000e+00  0.000000e+00  0.000000e+00  0.000000e+00  0.000000e+00  0.000000e+00  0.000000e+00  0.000000e+00  0.000000e+00  0.000000e+00  0.000000e+00  0.000000e+00  0.000000e+00  0.000000e+00  0.000000e+00
5.966493e+05  0.000000e+00  0.000000e+00  0.000000e+00  0.000000e+00  0.000000e+00  0.000000e+00  0.000000e+00  0.000000e+00  0.000000e+00  0.000000e+00  0.000000e+00  0.000000e+00  0.000000e+00  0.000000e+00  0.000000e+00  0.000000e+00
6.694516e+05  0.000000e+00  0.000000e+00  0.000000e+00  0.000000e+00  0.000000e+00  0.000000e+00  0.000000e+00  0.000000e+00  0.000000e+00  0.000000e+00  0.000000e+00  0.000000e+00  0.000000e+00  0.000000e+00  0.000000e+00  0.000000e+00
7.511370e+05  0.000000e+00  0.000000e+00  0.000000e+00  0.000000e+00  0.000000e+00  0.000000e+00  0.000000e+00  0.000000e+00  0.000000e+00  0.000000e+00  0.000000e+00  0.000000e+00  0.000000e+00  0.000000e+00  0.000000e+00  0.000000e+00
8.427896e+05  0.000000e+00  0.000000e+00  0.000000e+00  0.000000e+00  0.000000e+00  0.000000e+00  0.000000e+00  0.000000e+00  0.000000e+00  0.000000e+00  0.000000e+00  0.000000e+00  0.000000e+00  0.000000e+00  0.000000e+00  0.000000e+00
9.456255e+05  0.000000e+00  0.000000e+00  0.000000e+00  0.000000e+00  0.000000e+00  0.000000e+00  0.000000e+00  0.000000e+00  0.000000e+00  0.000000e+00  0.000000e+00  0.000000e+00  0.000000e+00  0.000000e+00  0.000000e+00  0.000000e+00
