# dR/dEr [1/keV/kg/Myr]
# Er [keV], S, F, Ne, Cl, Na, Si, O, P, N, C, Al, Mg, Be, B, Ar, Li
1.061009e+01  4.561834e+02  3.368005e+02  0.000000e+00  0.000000e+00  1.132912e+02  0.000000e+00  3.125350e+01  0.000000e+00  0.000000e+00  0.000000e+00  0.000000e+00  0.000000e+00  3.602421e-01  0.000000e+00  0.000000e+00  0.000000e+00
1.190472e+01  1.739805e+02  2.965510e+01  0.000000e+00  0.000000e+00  5.527425e+01  0.000000e+00  0.000000e+00  0.000000e+00  0.000000e+00  0.000000e+00  0.000000e+00  0.000000e+00  0.000000e+00  0.000000e+00  0.000000e+00  0.000000e+00
1.335731e+01  2.513616e+02  5.152741e+01  0.000000e+00  0.000000e+00  0.000000e+00  0.000000e+00  0.000000e+00  0.000000e+00  0.000000e+00  0.000000e+00  0.000000e+00  0.000000e+00  0.000000e+00  0.000000e+00  0.000000e+00  0.000000e+00
1.498715e+01  6.420356e+01  6.349385e+01  0.000000e+00  0.000000e+00  2.613132e+01  0.000000e+00  1.075385e+01  0.000000e+00  0.000000e+00  0.000000e+00  0.000000e+00  0.000000e+00  0.000000e+00  0.000000e+00  0.000000e+00  0.000000e+00
1.681586e+01  1.585924e+02  6.653743e+01  2.298047e+01  0.000000e+00  4.459707e+01  9.584382e+00  0.000000e+00  0.000000e+00  0.000000e+00  0.000000e+00  0.000000e+00  0.000000e+00  0.000000e+00  0.000000e+00  0.000000e+00  0.000000e+00
1.886771e+01  1.087503e+02  7.837969e+01  0.000000e+00  0.000000e+00  2.048137e+01  0.000000e+00  0.000000e+00  0.000000e+00  0.000000e+00  0.000000e+00  0.000000e+00  0.000000e+00  0.000000e+00  0.000000e+00  0.000000e+00  0.000000e+00
2.116992e+01  1.096358e+02  8.658694e+01  0.000000e+00  0.000000e+00  2.213843e+01  0.000000e+00  9.764748e+00  0.000000e+00  0.000000e+00  0.000000e+00  3.058381e+00  0.000000e+00  0.000000e+00  0.000000e+00  0.000000e+00  0.000000e+00
2.375304e+01  2.023579e+02  3.986756e+01  2.047220e+01  0.000000e+00  4.658200e+01  0.000000e+00  1.626893e+01  0.000000e+00  0.000000e+00  0.000000e+00  0.000000e+00  0.000000e+00  0.000000e+00  0.000000e+00  0.000000e+00  0.000000e+00
2.665135e+01  1.744981e+02  7.543848e+01  7.756415e+00  1.950238e-01  1.242735e+01  0.000000e+00  0.000000e+00  1.183640e+01  0.000000e+00  0.000000e+00  0.000000e+00  0.000000e+00  0.000000e+00  0.000000e+00  0.000000e+00  0.000000e+00
2.990330e+01  1.978877e+02  8.993801e+01  9.552669e+00  0.000000e+00  8.721070e+00  0.000000e+00  1.230261e+01  0.000000e+00  0.000000e+00  0.000000e+00  6.939153e-01  0.000000e+00  5.654258e+00  0.000000e+00  0.000000e+00  0.000000e+00
3.355206e+01  2.520565e+02  6.519365e+01  9.740649e+00  0.000000e+00  2.012954e+01  0.000000e+00  2.252849e+01  0.000000e+00  0.000000e+00  0.000000e+00  5.073104e+00  0.000000e+00  4.527364e+00  0.000000e+00  0.000000e+00  0.000000e+00
3.764603e+01  2.780546e+02  4.524323e+01  1.780574e-02  5.491122e+00  2.885109e+01  0.000000e+00  2.265945e-01  0.000000e+00  0.000000e+00  0.000000e+00  0.000000e+00  0.000000e+00  3.007227e-02  0.000000e+00  0.000000e+00  0.000000e+00
4.223954e+01  2.547751e+02  1.286760e+02  2.156413e+00  0.000000e+00  5.963416e+01  0.000000e+00  7.658024e+00  0.000000e+00  0.000000e+00  0.000000e+00  1.272424e+00  0.000000e+00  3.514586e+01  0.000000e+00  0.000000e+00  0.000000e+00
4.739354e+01  3.573278e+02  1.399743e+02  4.361753e+00  1.125760e+01  1.679988e+01  0.000000e+00  1.572912e+01  0.000000e+00  0.000000e+00  0.000000e+00  0.000000e+00  0.000000e+00  1.214605e+01  0.000000e+00  0.000000e+00  0.000000e+00
5.317643e+01  3.125060e+02  7.978306e+01  1.080568e+01  0.000000e+00  4.024039e+01  0.000000e+00  2.092153e+01  0.000000e+00  0.000000e+00  0.000000e+00  1.217563e+00  0.000000e+00  0.000000e+00  0.000000e+00  0.000000e+00  0.000000e+00
5.966493e+01  4.191177e+02  1.475664e+02  1.202787e+01  6.165909e+00  2.681794e+01  0.000000e+00  2.006154e+01  0.000000e+00  0.000000e+00  0.000000e+00  2.113494e+00  0.000000e+00  5.096505e-01  0.000000e+00  0.000000e+00  0.000000e+00
6.694516e+01  4.548613e+02  1.241037e+02  2.013965e+01  0.000000e+00  5.716734e+01  0.000000e+00  5.850074e+00  0.000000e+00  6.754219e-01  0.000000e+00  6.409101e+00  0.000000e+00  8.949439e+01  0.000000e+00  0.000000e+00  0.000000e+00
7.511370e+01  4.769712e+02  1.704203e+02  1.733292e+01  6.496664e+00  3.427880e+01  0.000000e+00  1.494143e+01  0.000000e+00  0.000000e+00  0.000000e+00  1.212640e+00  0.000000e+00  2.676677e+04  0.000000e+00  0.000000e+00  0.000000e+00
8.427896e+01  6.072310e+02  1.922111e+02  1.123672e+01  1.521579e+01  4.836708e+01  0.000000e+00  2.620926e+01  0.000000e+00  0.000000e+00  0.000000e+00  0.000000e+00  0.000000e+00  3.262115e+04  0.000000e+00  0.000000e+00  0.000000e+00
9.456255e+01  6.037298e+02  1.487648e+02  1.517791e+01  7.726298e+00  4.191379e+01  0.000000e+00  7.554654e+00  0.000000e+00  4.806472e-01  0.000000e+00  2.485122e-03  0.000000e+00  2.471145e+04  0.000000e+00  0.000000e+00  0.000000e+00
1.061009e+02  7.105807e+02  1.958753e+02  1.169678e+01  2.694523e+00  6.056161e+01  0.000000e+00  1.295357e+01  0.000000e+00  0.000000e+00  1.188505e+00  6.274068e+00  0.000000e+00  1.888347e+04  0.000000e+00  0.000000e+00  0.000000e+00
1.190472e+02  7.643250e+02  2.488151e+02  2.622930e+01  4.008486e+00  5.514962e+01  0.000000e+00  8.248561e+00  0.000000e+00  1.353830e+00  3.604102e+00  1.671892e+04  0.000000e+00  1.384734e+04  0.000000e+00  5.471995e-01  0.000000e+00
1.335731e+02  8.597141e+02  2.698776e+02  1.859322e+01  5.018340e-03  6.722923e+01  0.000000e+00  1.012659e+01  0.000000e+00  0.000000e+00  0.000000e+00  1.394579e+04  0.000000e+00  1.017285e+04  0.000000e+00  0.000000e+00  0.000000e+00
1.498715e+02  2.105848e+03  3.123746e+02  1.393980e+01  4.333344e+00  3.997522e+01  0.000000e+00  1.712134e+01  0.000000e+00  2.207689e+00  2.117595e+00  1.042932e+04  0.000000e+00  7.604686e+03  0.000000e+00  0.000000e+00  0.000000e+00
1.681586e+02  3.028633e+03  3.155897e+02  1.839716e+01  4.459707e+00  3.374609e+01  1.397487e-03  2.196940e+01  0.000000e+00  1.588524e+00  0.000000e+00  7.708899e+03  0.000000e+00  5.592746e+03  0.000000e+00  0.000000e+00  0.000000e+00
1.886771e+02  1.761816e+03  3.734049e+02  1.351257e+01  4.433804e+00  7.378495e+01  1.949832e+00  2.062346e+01  1.388350e+00  1.388350e+00  0.000000e+00  5.760167e+03  0.000000e+00  4.116263e+03  0.000000e+00  0.000000e+00  0.000000e+00
2.116992e+02  7.667584e+02  4.639512e+02  1.744110e+01  1.083715e+01  3.059818e+01  1.237368e+00  1.726822e+01  0.000000e+00  0.000000e+00  1.110063e-03  4.540166e+03  0.000000e+00  2.753717e+03  0.000000e+00  3.166358e-03  0.000000e+00
2.375304e+02  5.556134e+02  2.385928e+03  2.667967e+01  9.233947e+00  4.518499e+01  5.240875e-01  1.887683e+01  2.250953e+00  0.000000e+00  6.785223e-01  3.383113e+03  0.000000e+00  2.006779e+03  0.000000e+00  2.007055e+00  0.000000e+00
2.665135e+02  4.570778e+02  1.990021e+03  2.732300e+01  6.807630e+00  6.491525e+01  1.226275e+00  1.469462e+01  0.000000e+00  9.828762e-01  9.951202e-01  2.482006e+03  0.000000e+00  1.409999e+03  0.000000e+00  0.000000e+00  0.000000e+00
2.990330e+02  2.785812e+02  3.011400e+02  1.507916e+01  5.457998e+00  5.013808e+01  6.714992e-02  2.800088e+01  1.327254e-03  3.785875e-03  1.519940e-01  1.871003e+03  0.000000e+00  1.057948e+03  0.000000e+00  0.000000e+00  0.000000e+00
3.355206e+02  2.449279e+02  2.688416e+02  1.757069e+01  7.288488e+00  5.313813e+01  7.807263e-01  2.050414e+01  7.420511e-01  6.161140e-01  1.294275e+00  1.397817e+03  9.063009e-02  7.303143e+02  0.000000e+00  0.000000e+00  9.533658e-03
3.764603e+02  1.631281e+02  2.000209e+02  2.215053e+01  6.628881e+00  5.975240e+01  3.177610e-01  1.437294e+01  0.000000e+00  8.681362e-01  0.000000e+00  9.162404e+02  0.000000e+00  5.349039e+02  0.000000e+00  0.000000e+00  0.000000e+00
4.223954e+02  1.053301e+02  1.669874e+02  1.417225e+01  6.798359e+00  5.075152e+01  4.903363e-01  2.040688e+01  1.546418e+00  6.210926e-01  1.017361e+00  7.077471e+02  0.000000e+00  2.897939e+02  0.000000e+00  1.586938e-03  0.000000e+00
4.739354e+02  8.376153e+01  1.360274e+02  1.987959e+01  1.176197e+01  4.325194e+01  7.022484e-01  1.918765e+01  1.496245e+00  6.656100e-01  0.000000e+00  4.376973e+02  0.000000e+00  1.932979e+02  6.656100e-01  0.000000e+00  0.000000e+00
5.317643e+02  6.498217e+01  8.832230e+01  2.093652e+01  5.717683e+00  4.563574e+01  1.388010e+00  1.674612e+01  1.774831e+00  1.708673e+00  6.241357e-01  3.619634e+02  0.000000e+00  1.520105e+02  4.419241e-04  8.965186e-01  0.000000e+00
5.966493e+02  5.794789e+01  7.738705e+01  2.145679e+01  9.940920e+00  4.430440e+01  1.417756e+00  1.666021e+01  1.687462e+00  8.867808e-01  2.833842e-01  2.604011e+02  0.000000e+00  1.019789e+02  0.000000e+00  1.897432e-03  0.000000e+00
6.694516e+02  4.440560e+01  6.503871e+01  2.613790e+01  1.441897e+01  4.264824e+01  1.445735e+00  2.092260e+01  1.273040e+00  1.065432e+00  3.082910e-01  1.822007e+02  0.000000e+00  5.822626e+01  0.000000e+00  0.000000e+00  0.000000e+00
7.511370e+02  3.619260e+01  5.071389e+01  1.787783e+01  1.170104e+01  2.847131e+01  3.667120e-01  1.548726e+01  1.515441e+00  1.137295e+00  2.062140e-01  1.178047e+02  0.000000e+00  3.946891e+01  0.000000e+00  0.000000e+00  0.000000e+00
8.427896e+02  2.238597e+01  4.206304e+01  1.545363e+01  1.296707e+01  3.171694e+01  8.950336e-01  1.778441e+01  6.330616e-01  2.704484e-01  5.937504e-01  6.216881e+01  0.000000e+00  1.931853e+01  0.000000e+00  5.520319e-01  0.000000e+00
9.456255e+02  2.204318e+01  3.455616e+01  2.067522e+01  8.725744e+00  2.620357e+01  1.198152e+00  1.843062e+01  1.844274e+00  0.000000e+00  8.569628e-01  5.151710e+01  5.496517e-03  1.532764e+01  0.000000e+00  0.000000e+00  0.000000e+00
1.061009e+03  2.021752e+01  2.450704e+01  1.945689e+01  1.325754e+01  2.108329e+01  1.520944e+00  1.700555e+01  1.372028e+00  2.034014e+00  2.533518e-01  3.658043e+01  0.000000e+00  5.774186e+00  4.751502e-02  2.865975e-02  0.000000e+00
1.190472e+03  1.340968e+01  2.104979e+01  1.779750e+01  1.336337e+01  1.566689e+01  1.503404e+00  1.040637e+01  1.626256e+00  7.292488e-01  5.971726e-01  2.202350e+01  0.000000e+00  6.602049e+00  0.000000e+00  0.000000e+00  0.000000e+00
1.335731e+03  1.347739e+01  1.852556e+01  1.451958e+01  1.017350e+01  1.296721e+01  6.609581e-01  1.351497e+01  7.383453e-01  1.297642e+00  2.270018e-01  1.109116e+01  0.000000e+00  2.150990e+00  3.483086e-01  0.000000e+00  0.000000e+00
1.498715e+03  8.462597e+00  1.369712e+01  1.175810e+01  1.105398e+01  8.977503e+00  2.061318e+00  1.191985e+01  2.293377e+00  1.941267e+00  3.983617e-01  6.587209e+00  5.691796e-03  3.481091e+00  0.000000e+00  0.000000e+00  1.415355e-02
1.681586e+03  3.556173e+00  1.322071e+01  9.230092e+00  9.592176e+00  1.079241e+01  1.058232e+00  8.975706e+00  1.439795e+00  1.344146e+00  8.909578e-01  6.568402e+00  0.000000e+00  1.948916e+00  2.280208e-01  0.000000e+00  1.902215e-03
1.886771e+03  4.932475e+00  8.053906e+00  9.444490e+00  1.226746e+01  8.587668e+00  1.202189e+00  7.933830e+00  1.486386e+00  1.074478e+00  8.367515e-01  3.336861e+00  1.991762e-01  1.732160e-01  1.725650e-01  1.012895e-03  0.000000e+00
2.116992e+03  3.750932e+00  8.401380e+00  6.190384e+00  7.385052e+00  3.493118e+00  1.104745e+00  6.006718e+00  1.311649e+00  3.108987e-01  6.393121e-01  1.609700e+00  8.938739e-02  6.237118e-01  3.166358e-04  0.000000e+00  3.166358e-04
2.375304e+03  1.467747e+00  4.907676e+00  5.575946e+00  1.069854e+01  3.558383e+00  1.817287e+00  5.454390e+00  1.231292e+00  7.577848e-01  1.998553e-01  1.923115e+00  1.670913e-04  0.000000e+00  2.725785e-02  0.000000e+00  5.318750e-02
2.665135e+03  1.705367e+00  3.624930e+00  4.440153e+00  9.014491e+00  1.708089e+00  1.155071e+00  3.404635e+00  2.107046e+00  5.011765e-01  1.023823e+00  1.032049e+00  3.366990e-01  1.910789e-01  6.344182e-02  0.000000e+00  1.641901e-01
2.990330e+03  3.741413e-01  2.617724e+00  2.862377e+00  6.916362e+00  1.490811e+00  1.476261e+00  2.435754e+00  1.267665e+00  4.290055e-01  3.581760e-01  8.597695e-01  5.237648e-02  0.000000e+00  5.692117e-02  0.000000e+00  2.325507e-01
3.355206e+03  3.837060e-01  3.046204e+00  2.802347e+00  7.054093e+00  5.289911e-01  1.453566e+00  1.538390e+00  8.294436e-01  3.642711e-01  4.037466e-01  1.764442e-01  1.687248e-01  1.453507e-01  6.184527e-03  0.000000e+00  2.698240e-04
3.764603e+03  1.282306e-01  1.129852e+00  1.973690e+00  4.338209e+00  4.771684e-01  1.163651e+00  9.414805e-01  6.394537e-01  2.097432e-01  4.434325e-01  3.371541e-01  1.842078e-02  6.242344e-05  1.310592e-01  0.000000e+00  1.130501e-01
4.223954e+03  1.288044e-02  8.597324e-01  7.441766e-01  3.457875e+00  1.985573e-01  5.951404e-01  8.195419e-01  7.541980e-01  3.473621e-01  2.838264e-01  2.788328e-01  4.633640e-02  0.000000e+00  1.329626e-01  0.000000e+00  6.344917e-02
4.739354e+03  1.921905e-02  5.926806e-01  1.009101e+00  3.194665e+00  2.231185e-01  6.554849e-01  2.091859e-01  5.585066e-01  1.509393e-01  1.851557e-01  2.017044e-01  8.362016e-02  4.032408e-04  2.988367e-03  0.000000e+00  1.540624e-02
5.317643e+03  1.110689e-01  5.525205e-01  6.261518e-01  1.990609e+00  1.798171e-02  4.735068e-01  8.118623e-02  9.730890e-01  3.560483e-01  2.321297e-01  6.714875e-02  1.142986e-01  0.000000e+00  8.870181e-02  0.000000e+00  1.295101e-01
5.966493e+03  3.604982e-02  2.373058e-01  3.121621e-01  1.189435e+00  8.829959e-02  6.287717e-01  6.447049e-02  3.971527e-01  1.413739e-01  3.136380e-01  3.365468e-03  1.214156e-02  0.000000e+00  2.145524e-02  0.000000e+00  4.536091e-02
6.694516e+03  5.928624e-05  1.667569e-01  2.320382e-01  8.738644e-01  1.448295e-02  8.873933e-01  1.748755e-02  2.046837e-01  1.746188e-01  2.659818e-01  1.343047e-01  1.791210e-01  0.000000e+00  1.414314e-02  0.000000e+00  4.778148e-04
7.511370e+03  5.183960e-03  1.380384e-01  2.420859e-01  4.925913e-01  6.461228e-02  4.275368e-01  7.095546e-02  1.562280e-01  5.089678e-02  1.493373e-01  3.909432e-03  4.083611e-02  0.000000e+00  1.317667e-03  0.000000e+00  1.477243e-01
8.427896e+03  1.496239e-02  9.886660e-02  1.188697e-01  1.172594e-01  1.734496e-02  5.722745e-01  1.154880e-01  4.426573e-01  6.094091e-02  4.694049e-02  1.018186e-01  8.825792e-02  0.000000e+00  7.510472e-04  0.000000e+00  2.184407e-02
9.456255e+03  0.000000e+00  2.954001e-02  1.253454e-01  3.127098e-01  2.296506e-02  3.728221e-01  7.088594e-05  1.395999e-01  8.849847e-02  5.039935e-02  1.702486e-01  1.072340e-01  0.000000e+00  4.750256e-02  0.000000e+00  2.194353e-03
1.061009e+04  0.000000e+00  9.931360e-02  4.438006e-02  1.886626e-01  6.165449e-03  2.591330e-01  2.756634e-02  1.056171e-01  2.062420e-03  6.851331e-02  6.995929e-02  7.647085e-02  0.000000e+00  3.740709e-05  0.000000e+00  4.129532e-02
1.190472e+04  0.000000e+00  2.501789e-04  2.686950e-04  9.675901e-02  0.000000e+00  8.009964e-02  1.974003e-05  4.515362e-03  6.667820e-05  7.174426e-02  1.628710e-01  4.086716e-02  0.000000e+00  7.596353e-03  0.000000e+00  1.343558e-02
1.335731e+04  0.000000e+00  1.769056e-02  5.950660e-02  1.275115e-01  0.000000e+00  8.144399e-02  8.475518e-05  2.013870e-02  1.520893e-03  5.582546e-02  2.710606e-02  7.393421e-03  0.000000e+00  0.000000e+00  0.000000e+00  1.609267e-02
1.498715e+04  0.000000e+00  2.552449e-02  5.691796e-04  6.620580e-03  0.000000e+00  4.556384e-02  0.000000e+00  6.833370e-02  2.028955e-03  8.541486e-03  8.945201e-05  5.469136e-02  0.000000e+00  7.120819e-05  0.000000e+00  3.763186e-02
1.681586e+04  0.000000e+00  1.323656e-03  2.360228e-05  4.071108e-03  0.000000e+00  8.333808e-02  1.397487e-05  5.839404e-03  0.000000e+00  5.072819e-04  3.090918e-04  2.575449e-04  0.000000e+00  2.118725e-02  0.000000e+00  2.883078e-02
1.886771e+04  0.000000e+00  3.661097e-03  0.000000e+00  1.679182e-02  0.000000e+00  5.250878e-02  0.000000e+00  4.167424e-02  0.000000e+00  0.000000e+00  1.346820e-02  1.719252e-02  0.000000e+00  3.143734e-02  0.000000e+00  2.015076e-02
2.116992e+04  0.000000e+00  1.110063e-05  0.000000e+00  1.037176e-02  0.000000e+00  6.457754e-05  0.000000e+00  5.956634e-03  0.000000e+00  0.000000e+00  0.000000e+00  1.490115e-02  0.000000e+00  4.872359e-02  0.000000e+00  5.956634e-03
2.375304e+04  0.000000e+00  0.000000e+00  0.000000e+00  9.893449e-06  0.000000e+00  6.201885e-03  1.346665e-04  8.453674e-04  0.000000e+00  1.280184e-03  7.118289e-03  3.341826e-05  0.000000e+00  0.000000e+00  0.000000e+00  2.051752e-02
2.665135e+04  0.000000e+00  1.200216e-04  0.000000e+00  1.435955e-02  0.000000e+00  0.000000e+00  0.000000e+00  0.000000e+00  0.000000e+00  7.170748e-05  0.000000e+00  0.000000e+00  0.000000e+00  0.000000e+00  0.000000e+00  1.200216e-04
2.990330e+04  0.000000e+00  0.000000e+00  0.000000e+00  1.512081e-03  0.000000e+00  0.000000e+00  0.000000e+00  0.000000e+00  0.000000e+00  0.000000e+00  0.000000e+00  2.183581e-03  0.000000e+00  6.325757e-03  0.000000e+00  3.067145e-03
3.355206e+04  0.000000e+00  0.000000e+00  0.000000e+00  0.000000e+00  0.000000e+00  0.000000e+00  0.000000e+00  0.000000e+00  0.000000e+00  0.000000e+00  0.000000e+00  1.997837e-05  0.000000e+00  1.420886e-02  0.000000e+00  1.139186e-04
3.764603e+04  0.000000e+00  0.000000e+00  0.000000e+00  2.265945e-04  0.000000e+00  0.000000e+00  0.000000e+00  0.000000e+00  0.000000e+00  0.000000e+00  0.000000e+00  1.201089e-03  0.000000e+00  2.265945e-04  0.000000e+00  6.242344e-06
4.223954e+04  0.000000e+00  0.000000e+00  0.000000e+00  1.230517e-04  0.000000e+00  0.000000e+00  0.000000e+00  1.169056e-02  0.000000e+00  0.000000e+00  0.000000e+00  1.281820e-03  0.000000e+00  0.000000e+00  0.000000e+00  0.000000e+00
4.739354e+04  0.000000e+00  0.000000e+00  0.000000e+00  0.000000e+00  0.000000e+00  0.000000e+00  0.000000e+00  4.958470e-06  0.000000e+00  0.000000e+00  0.000000e+00  1.146284e-04  0.000000e+00  9.540588e-04  0.000000e+00  0.000000e+00
5.317643e+04  0.000000e+00  0.000000e+00  0.000000e+00  0.000000e+00  0.000000e+00  0.000000e+00  0.000000e+00  0.000000e+00  0.000000e+00  0.000000e+00  0.000000e+00  0.000000e+00  0.000000e+00  0.000000e+00  0.000000e+00  0.000000e+00
5.966493e+04  0.000000e+00  0.000000e+00  0.000000e+00  0.000000e+00  0.000000e+00  0.000000e+00  0.000000e+00  0.000000e+00  0.000000e+00  0.000000e+00  0.000000e+00  0.000000e+00  0.000000e+00  0.000000e+00  0.000000e+00  0.000000e+00
6.694516e+04  0.000000e+00  0.000000e+00  0.000000e+00  0.000000e+00  0.000000e+00  0.000000e+00  0.000000e+00  0.000000e+00  0.000000e+00  0.000000e+00  0.000000e+00  0.000000e+00  0.000000e+00  0.000000e+00  0.000000e+00  3.034580e-04
7.511370e+04  0.000000e+00  0.000000e+00  0.000000e+00  0.000000e+00  0.000000e+00  0.000000e+00  0.000000e+00  0.000000e+00  0.000000e+00  0.000000e+00  0.000000e+00  0.000000e+00  0.000000e+00  0.000000e+00  0.000000e+00  5.089678e-03
8.427896e+04  0.000000e+00  0.000000e+00  0.000000e+00  0.000000e+00  0.000000e+00  0.000000e+00  0.000000e+00  0.000000e+00  0.000000e+00  0.000000e+00  0.000000e+00  0.000000e+00  0.000000e+00  0.000000e+00  0.000000e+00  0.000000e+00
9.456255e+04  0.000000e+00  0.000000e+00  0.000000e+00  0.000000e+00  0.000000e+00  0.000000e+00  0.000000e+00  0.000000e+00  0.000000e+00  0.000000e+00  0.000000e+00  0.000000e+00  0.000000e+00  0.000000e+00  0.000000e+00  0.000000e+00
1.061009e+05  0.000000e+00  0.000000e+00  0.000000e+00  0.000000e+00  0.000000e+00  0.000000e+00  0.000000e+00  0.000000e+00  0.000000e+00  0.000000e+00  0.000000e+00  0.000000e+00  0.000000e+00  0.000000e+00  0.000000e+00  0.000000e+00
1.190472e+05  0.000000e+00  0.000000e+00  0.000000e+00  0.000000e+00  0.000000e+00  0.000000e+00  0.000000e+00  0.000000e+00  0.000000e+00  0.000000e+00  0.000000e+00  0.000000e+00  0.000000e+00  0.000000e+00  0.000000e+00  0.000000e+00
1.335731e+05  0.000000e+00  0.000000e+00  0.000000e+00  0.000000e+00  0.000000e+00  0.000000e+00  0.000000e+00  0.000000e+00  0.000000e+00  0.000000e+00  0.000000e+00  0.000000e+00  0.000000e+00  0.000000e+00  0.000000e+00  0.000000e+00
1.498715e+05  0.000000e+00  0.000000e+00  0.000000e+00  0.000000e+00  0.000000e+00  0.000000e+00  0.000000e+00  0.000000e+00  0.000000e+00  0.000000e+00  0.000000e+00  0.000000e+00  0.000000e+00  0.000000e+00  0.000000e+00  0.000000e+00
1.681586e+05  0.000000e+00  0.000000e+00  0.000000e+00  0.000000e+00  0.000000e+00  0.000000e+00  0.000000e+00  0.000000e+00  0.000000e+00  0.000000e+00  0.000000e+00  0.000000e+00  0.000000e+00  0.000000e+00  0.000000e+00  0.000000e+00
1.886771e+05  0.000000e+00  0.000000e+00  0.000000e+00  0.000000e+00  0.000000e+00  0.000000e+00  0.000000e+00  0.000000e+00  0.000000e+00  0.000000e+00  0.000000e+00  0.000000e+00  0.000000e+00  0.000000e+00  0.000000e+00  0.000000e+00
2.116992e+05  0.000000e+00  0.000000e+00  0.000000e+00  0.000000e+00  0.000000e+00  0.000000e+00  0.000000e+00  0.000000e+00  0.000000e+00  0.000000e+00  0.000000e+00  0.000000e+00  0.000000e+00  0.000000e+00  0.000000e+00  0.000000e+00
2.375304e+05  0.000000e+00  0.000000e+00  0.000000e+00  0.000000e+00  0.000000e+00  0.000000e+00  0.000000e+00  0.000000e+00  0.000000e+00  0.000000e+00  0.000000e+00  0.000000e+00  0.000000e+00  0.000000e+00  0.000000e+00  0.000000e+00
2.665135e+05  0.000000e+00  0.000000e+00  0.000000e+00  0.000000e+00  0.000000e+00  0.000000e+00  0.000000e+00  0.000000e+00  0.000000e+00  0.000000e+00  0.000000e+00  0.000000e+00  0.000000e+00  0.000000e+00  0.000000e+00  0.000000e+00
2.990330e+05  0.000000e+00  0.000000e+00  0.000000e+00  0.000000e+00  0.000000e+00  0.000000e+00  0.000000e+00  0.000000e+00  0.000000e+00  0.000000e+00  0.000000e+00  0.000000e+00  0.000000e+00  0.000000e+00  0.000000e+00  0.000000e+00
3.355206e+05  0.000000e+00  0.000000e+00  0.000000e+00  0.000000e+00  0.000000e+00  0.000000e+00  0.000000e+00  0.000000e+00  0.000000e+00  0.000000e+00  0.000000e+00  0.000000e+00  0.000000e+00  0.000000e+00  0.000000e+00  0.000000e+00
3.764603e+05  0.000000e+00  0.000000e+00  0.000000e+00  0.000000e+00  0.000000e+00  0.000000e+00  0.000000e+00  0.000000e+00  0.000000e+00  0.000000e+00  0.000000e+00  0.000000e+00  0.000000e+00  0.000000e+00  0.000000e+00  0.000000e+00
4.223954e+05  0.000000e+00  0.000000e+00  0.000000e+00  0.000000e+00  0.000000e+00  0.000000e+00  0.000000e+00  0.000000e+00  0.000000e+00  0.000000e+00  0.000000e+00  0.000000e+00  0.000000e+00  0.000000e+00  0.000000e+00  0.000000e+00
4.739354e+05  0.000000e+00  0.000000e+00  0.000000e+00  0.000000e+00  0.000000e+00  0.000000e+00  0.000000e+00  0.000000e+00  0.000000e+00  0.000000e+00  0.000000e+00  0.000000e+00  0.000000e+00  0.000000e+00  0.000000e+00  0.000000e+00
5.317643e+05  0.000000e+00  0.000000e+00  0.000000e+00  0.000000e+00  0.000000e+00  0.000000e+00  0.000000e+00  0.000000e+00  0.000000e+00  0.000000e+00  0.000000e+00  0.000000e+00  0.000000e+00  0.000000e+00  0.000000e+00  0.000000e+00
5.966493e+05  0.000000e+00  0.000000e+00  0.000000e+00  0.000000e+00  0.000000e+00  0.000000e+00  0.000000e+00  0.000000e+00  0.000000e+00  0.000000e+00  0.000000e+00  0.000000e+00  0.000000e+00  0.000000e+00  0.000000e+00  0.000000e+00
6.694516e+05  0.000000e+00  0.000000e+00  0.000000e+00  0.000000e+00  0.000000e+00  0.000000e+00  0.000000e+00  0.000000e+00  0.000000e+00  0.000000e+00  0.000000e+00  0.000000e+00  0.000000e+00  0.000000e+00  0.000000e+00  0.000000e+00
7.511370e+05  0.000000e+00  0.000000e+00  0.000000e+00  0.000000e+00  0.000000e+00  0.000000e+00  0.000000e+00  0.000000e+00  0.000000e+00  0.000000e+00  0.000000e+00  0.000000e+00  0.000000e+00  0.000000e+00  0.000000e+00  0.000000e+00
8.427896e+05  0.000000e+00  0.000000e+00  0.000000e+00  0.000000e+00  0.000000e+00  0.000000e+00  0.000000e+00  0.000000e+00  0.000000e+00  0.000000e+00  0.000000e+00  0.000000e+00  0.000000e+00  0.000000e+00  0.000000e+00  0.000000e+00
9.456255e+05  0.000000e+00  0.000000e+00  0.000000e+00  0.000000e+00  0.000000e+00  0.000000e+00  0.000000e+00  0.000000e+00  0.000000e+00  0.000000e+00  0.000000e+00  0.000000e+00  0.000000e+00  0.000000e+00  0.000000e+00  0.000000e+00
