# dR/dEr [1/keV/kg/Myr]
# Er [keV], S, F, Ne, Cl, Na, Si, O, P, N, C, Al, Mg, Be, B, Ar, Li
1.061009e+01  1.631022e+01  1.236713e+01  0.000000e+00  0.000000e+00  4.607298e+00  0.000000e+00  1.085517e+00  0.000000e+00  0.000000e+00  0.000000e+00  0.000000e+00  0.000000e+00  4.524335e-02  0.000000e+00  0.000000e+00  0.000000e+00
1.190472e+01  6.079993e+00  1.293149e+00  0.000000e+00  0.000000e+00  1.937361e+00  0.000000e+00  0.000000e+00  0.000000e+00  0.000000e+00  0.000000e+00  0.000000e+00  0.000000e+00  0.000000e+00  0.000000e+00  0.000000e+00  0.000000e+00
1.335731e+01  8.866544e+00  1.820376e+00  0.000000e+00  0.000000e+00  0.000000e+00  0.000000e+00  0.000000e+00  0.000000e+00  0.000000e+00  0.000000e+00  0.000000e+00  0.000000e+00  0.000000e+00  0.000000e+00  0.000000e+00  0.000000e+00
1.498715e+01  2.242624e+00  2.490694e+00  0.000000e+00  0.000000e+00  9.363929e-01  0.000000e+00  3.708827e-01  0.000000e+00  0.000000e+00  0.000000e+00  0.000000e+00  0.000000e+00  0.000000e+00  0.000000e+00  0.000000e+00  0.000000e+00
1.681586e+01  5.543819e+00  2.606168e+00  8.005427e-01  0.000000e+00  1.567760e+00  3.305496e-01  0.000000e+00  0.000000e+00  0.000000e+00  0.000000e+00  0.000000e+00  0.000000e+00  0.000000e+00  0.000000e+00  0.000000e+00  0.000000e+00
1.886771e+01  3.794177e+00  2.932947e+00  0.000000e+00  0.000000e+00  7.134845e-01  0.000000e+00  0.000000e+00  0.000000e+00  0.000000e+00  0.000000e+00  0.000000e+00  0.000000e+00  0.000000e+00  0.000000e+00  0.000000e+00  0.000000e+00
2.116992e+01  3.853992e+00  3.248011e+00  0.000000e+00  0.000000e+00  7.735892e-01  0.000000e+00  3.393306e-01  0.000000e+00  0.000000e+00  0.000000e+00  2.201413e-01  0.000000e+00  0.000000e+00  0.000000e+00  0.000000e+00  0.000000e+00
2.375304e+01  7.119620e+00  1.396130e+00  8.661939e-01  0.000000e+00  1.835077e+00  0.000000e+00  5.667409e-01  0.000000e+00  0.000000e+00  0.000000e+00  0.000000e+00  0.000000e+00  0.000000e+00  0.000000e+00  0.000000e+00  0.000000e+00
2.665135e+01  6.219232e+00  3.005017e+00  2.695399e-01  2.146413e-02  4.297043e-01  0.000000e+00  0.000000e+00  6.039051e-01  0.000000e+00  0.000000e+00  0.000000e+00  0.000000e+00  0.000000e+00  0.000000e+00  0.000000e+00  0.000000e+00
2.990330e+01  7.047786e+00  3.212399e+00  3.286284e-01  0.000000e+00  4.663551e-01  0.000000e+00  4.261094e-01  0.000000e+00  0.000000e+00  0.000000e+00  6.276577e-02  0.000000e+00  3.342804e-01  0.000000e+00  0.000000e+00  0.000000e+00
3.355206e+01  8.988466e+00  2.427138e+00  3.460752e-01  0.000000e+00  7.022050e-01  0.000000e+00  9.397933e-01  0.000000e+00  0.000000e+00  0.000000e+00  3.025627e-01  0.000000e+00  3.350129e-01  0.000000e+00  0.000000e+00  0.000000e+00
3.764603e+01  1.009852e+01  1.847198e+00  2.675470e-03  1.908196e-01  1.234347e+00  0.000000e+00  2.307100e-02  0.000000e+00  0.000000e+00  0.000000e+00  0.000000e+00  0.000000e+00  4.130935e-03  0.000000e+00  0.000000e+00  0.000000e+00
4.223954e+01  9.099833e+00  4.578143e+00  1.468141e-01  0.000000e+00  2.178596e+00  0.000000e+00  2.668700e-01  0.000000e+00  0.000000e+00  0.000000e+00  1.028452e-01  0.000000e+00  1.633635e+00  0.000000e+00  0.000000e+00  0.000000e+00
4.739354e+01  1.264709e+01  4.995474e+00  1.515734e-01  3.965759e-01  5.921866e-01  0.000000e+00  5.458264e-01  0.000000e+00  0.000000e+00  0.000000e+00  0.000000e+00  0.000000e+00  5.724191e-01  0.000000e+00  0.000000e+00  0.000000e+00
5.317643e+01  1.116636e+01  2.790503e+00  3.747089e-01  0.000000e+00  1.520643e+00  0.000000e+00  7.251612e-01  0.000000e+00  0.000000e+00  0.000000e+00  8.763984e-02  0.000000e+00  0.000000e+00  0.000000e+00  0.000000e+00  0.000000e+00
5.966493e+01  1.480800e+01  5.292733e+00  4.175655e-01  2.135606e-01  1.076877e+00  0.000000e+00  8.074815e-01  0.000000e+00  0.000000e+00  0.000000e+00  1.342033e-01  0.000000e+00  4.222759e-02  0.000000e+00  0.000000e+00  0.000000e+00
6.694516e+01  1.618840e+01  4.443189e+00  7.009135e-01  0.000000e+00  2.051338e+00  0.000000e+00  2.096323e-01  0.000000e+00  5.191714e-02  0.000000e+00  2.975639e-01  0.000000e+00  4.035316e+00  0.000000e+00  0.000000e+00  0.000000e+00
7.511370e+01  1.698631e+01  6.194143e+00  6.717125e-01  2.285869e-01  1.273011e+00  0.000000e+00  5.271993e-01  0.000000e+00  0.000000e+00  0.000000e+00  8.255961e-02  0.000000e+00  1.182669e+03  0.000000e+00  0.000000e+00  0.000000e+00
8.427896e+01  2.160360e+01  6.815792e+00  3.931958e-01  5.569052e-01  1.753988e+00  0.000000e+00  9.916213e-01  0.000000e+00  0.000000e+00  0.000000e+00  0.000000e+00  0.000000e+00  1.439181e+03  0.000000e+00  0.000000e+00  0.000000e+00
9.456255e+01  2.135906e+01  5.287547e+00  5.850455e-01  2.704035e-01  1.608068e+00  0.000000e+00  2.667955e-01  0.000000e+00  3.720131e-02  0.000000e+00  4.467902e-04  0.000000e+00  1.094377e+03  0.000000e+00  0.000000e+00  0.000000e+00
1.061009e+02  2.502155e+01  6.998572e+00  4.344920e-01  9.301826e-02  2.196158e+00  0.000000e+00  4.510196e-01  0.000000e+00  0.000000e+00  7.546808e-02  2.696355e-01  0.000000e+00  8.302555e+02  0.000000e+00  0.000000e+00  0.000000e+00
1.190472e+02  2.693464e+01  8.898526e+00  9.279287e-01  1.448615e-01  2.122565e+00  0.000000e+00  3.128097e-01  0.000000e+00  4.669137e-02  1.673325e-01  7.320944e+02  0.000000e+00  6.111005e+02  0.000000e+00  3.969524e-02  0.000000e+00
1.335731e+02  3.028919e+01  9.532454e+00  6.976830e-01  7.540500e-04  2.428997e+00  0.000000e+00  3.677559e-01  0.000000e+00  0.000000e+00  0.000000e+00  6.137348e+02  0.000000e+00  4.503101e+02  0.000000e+00  0.000000e+00  0.000000e+00
1.498715e+02  7.392221e+01  1.110292e+01  4.870987e-01  1.537102e-01  1.407766e+00  0.000000e+00  7.063686e-01  0.000000e+00  7.997171e-02  1.089927e-01  4.587681e+02  0.000000e+00  3.367364e+02  0.000000e+00  0.000000e+00  0.000000e+00
1.681586e+02  1.061449e+02  1.127362e+01  6.747303e-01  1.567760e-01  1.244643e+00  2.512486e-04  8.275721e-01  0.000000e+00  8.533022e-02  0.000000e+00  3.418442e+02  0.000000e+00  2.480083e+02  0.000000e+00  0.000000e+00  0.000000e+00
1.886771e+02  6.196542e+01  1.319006e+01  5.003671e-01  1.543319e-01  2.663145e+00  6.753378e-02  8.082401e-01  4.872462e-02  4.872462e-02  0.000000e+00  2.531423e+02  0.000000e+00  1.810601e+02  0.000000e+00  0.000000e+00  0.000000e+00
2.116992e+02  2.706151e+01  1.649867e+01  6.315341e-01  4.023878e-01  1.151143e+00  4.342586e-02  6.201931e-01  0.000000e+00  0.000000e+00  1.995739e-04  2.008286e+02  0.000000e+00  1.224713e+02  0.000000e+00  4.757734e-04  0.000000e+00
2.375304e+02  1.967523e+01  8.358199e+01  9.536711e-01  3.293363e-01  1.655917e+00  1.797075e-02  7.226772e-01  7.978201e-02  0.000000e+00  2.340112e-02  1.498137e+02  0.000000e+00  8.973483e+01  0.000000e+00  7.358987e-02  0.000000e+00
2.665135e+02  1.620587e+01  6.979994e+01  9.634747e-01  2.749366e-01  2.395654e+00  4.356829e-02  5.503186e-01  0.000000e+00  3.449439e-02  5.293915e-02  1.094574e+02  0.000000e+00  6.204345e+01  0.000000e+00  0.000000e+00  0.000000e+00
2.990330e+02  9.977307e+00  1.065699e+01  5.347412e-01  1.932567e-01  1.824725e+00  5.939755e-03  1.054222e+00  2.181483e-04  5.200539e-04  1.176409e-02  8.263115e+01  0.000000e+00  4.636606e+01  0.000000e+00  0.000000e+00  0.000000e+00
3.355206e+02  8.830495e+00  9.593190e+00  6.274791e-01  2.645241e-01  1.924971e+00  2.739987e-02  7.638619e-01  2.544463e-02  2.141032e-02  6.107677e-02  6.187121e+01  7.509245e-03  3.265982e+01  0.000000e+00  0.000000e+00  1.104027e-03
3.764603e+02  5.874728e+00  7.142700e+00  8.123473e-01  2.747147e-01  2.151786e+00  2.433197e-02  5.320235e-01  0.000000e+00  3.084399e-02  0.000000e+00  4.015319e+01  0.000000e+00  2.371027e+01  0.000000e+00  0.000000e+00  0.000000e+00
4.223954e+02  3.797801e+00  6.045236e+00  5.049681e-01  2.567239e-01  1.843508e+00  1.716126e-02  7.350617e-01  6.336266e-02  2.191892e-02  4.739916e-02  3.102360e+01  0.000000e+00  1.262420e+01  0.000000e+00  2.384515e-04  0.000000e+00
4.739354e+02  3.088670e+00  4.966064e+00  7.135886e-01  4.152645e-01  1.592754e+00  3.205254e-02  7.406166e-01  6.382291e-02  3.396008e-02  0.000000e+00  1.953190e+01  0.000000e+00  8.552052e+00  3.396008e-02  0.000000e+00  0.000000e+00
5.317643e+02  2.434783e+00  3.256964e+00  7.697071e-01  2.083108e-01  1.630176e+00  4.863569e-02  6.005089e-01  7.003116e-02  6.909133e-02  2.712789e-02  1.620171e+01  0.000000e+00  6.630599e+00  7.945179e-05  3.287139e-02  0.000000e+00
5.966493e+02  2.174743e+00  2.896374e+00  7.918872e-01  3.870569e-01  1.578995e+00  6.017234e-02  6.269494e-01  6.593159e-02  3.177492e-02  1.675371e-02  1.142694e+01  0.000000e+00  4.506556e+00  0.000000e+00  2.606444e-04  0.000000e+00
6.694516e+02  1.688695e+00  2.445836e+00  9.521815e-01  5.401774e-01  1.533440e+00  5.781747e-02  7.578469e-01  4.546186e-02  3.745357e-02  1.349474e-02  7.978585e+00  0.000000e+00  2.671418e+00  0.000000e+00  0.000000e+00  0.000000e+00
7.511370e+02  1.370316e+00  1.908444e+00  6.442374e-01  4.358784e-01  1.016744e+00  1.471666e-02  5.613700e-01  5.451299e-02  4.580315e-02  9.037105e-03  5.306602e+00  0.000000e+00  1.773939e+00  0.000000e+00  0.000000e+00  0.000000e+00
8.427896e+02  8.585092e-01  1.609765e+00  5.679124e-01  4.616778e-01  1.151230e+00  3.109186e-02  6.437889e-01  2.230110e-02  1.081563e-02  3.436590e-02  2.772686e+00  0.000000e+00  8.905606e-01  0.000000e+00  2.444488e-02  0.000000e+00
9.456255e+02  8.549840e-01  1.288588e+00  7.607054e-01  3.281063e-01  9.456936e-01  4.862668e-02  6.719120e-01  6.490037e-02  0.000000e+00  3.480438e-02  2.346346e+00  6.049414e-04  6.819066e-01  0.000000e+00  0.000000e+00  0.000000e+00
1.061009e+03  7.776361e-01  9.145921e-01  7.209383e-01  4.858493e-01  7.723247e-01  5.631383e-02  6.098604e-01  4.942762e-02  8.236655e-02  1.370832e-02  1.637867e+00  0.000000e+00  2.712815e-01  3.814904e-03  2.374632e-03  0.000000e+00
1.190472e+03  5.217852e-01  7.844133e-01  6.550421e-01  4.914782e-01  5.509681e-01  5.974692e-02  3.827962e-01  6.214241e-02  2.676372e-02  3.633848e-02  9.838598e-01  0.000000e+00  2.848821e-01  0.000000e+00  0.000000e+00  0.000000e+00
1.335731e+03  5.232891e-01  7.095046e-01  5.395942e-01  3.679773e-01  4.618526e-01  2.844835e-02  4.820974e-01  2.880967e-02  5.007505e-02  1.090408e-02  4.862850e-01  0.000000e+00  1.045376e-01  1.542367e-02  0.000000e+00  0.000000e+00
1.498715e+03  3.279549e-01  5.222168e-01  4.291806e-01  4.121330e-01  3.285251e-01  8.593373e-02  4.371253e-01  8.794339e-02  7.771228e-02  2.015235e-02  2.773788e-01  5.795173e-04  1.531771e-01  0.000000e+00  0.000000e+00  1.288901e-03
1.681586e+03  1.465026e-01  5.153300e-01  3.453828e-01  3.530822e-01  4.007410e-01  4.110148e-02  3.196237e-01  5.837804e-02  5.493410e-02  4.057468e-02  2.959555e-01  0.000000e+00  7.939434e-02  1.117511e-02  0.000000e+00  2.202823e-04
1.886771e+03  2.022514e-01  3.199876e-01  3.575428e-01  4.400776e-01  3.221128e-01  4.942572e-02  2.823358e-01  5.952890e-02  4.131659e-02  3.809691e-02  1.494132e-01  9.105339e-03  6.154184e-03  1.087722e-02  1.272110e-04  0.000000e+00
2.116992e+03  1.466218e-01  3.340275e-01  2.295482e-01  2.678585e-01  1.318765e-01  4.467139e-02  2.190512e-01  5.175681e-02  1.327232e-02  2.744830e-02  7.749291e-02  4.217764e-03  2.871734e-02  4.757734e-05  0.000000e+00  4.757734e-05
2.375304e+03  6.357459e-02  1.905624e-01  2.160439e-01  3.961887e-01  1.400514e-01  7.717073e-02  1.997012e-01  4.648186e-02  2.765910e-02  9.252168e-03  8.640940e-02  2.746325e-05  0.000000e+00  1.962012e-03  0.000000e+00  3.388822e-03
2.665135e+03  7.029416e-02  1.478893e-01  1.696126e-01  3.435248e-01  6.734200e-02  4.388458e-02  1.249800e-01  8.218826e-02  2.034489e-02  4.231275e-02  4.993401e-02  1.535303e-02  8.237425e-03  3.750687e-03  0.000000e+00  7.800355e-03
2.990330e+03  1.858266e-02  1.066239e-01  1.124158e-01  2.620205e-01  5.734183e-02  5.998647e-02  9.029953e-02  4.765481e-02  2.230534e-02  2.003407e-02  4.158725e-02  3.642395e-03  0.000000e+00  3.394809e-03  0.000000e+00  1.143184e-02
3.355206e+03  1.800585e-02  1.252965e-01  1.178395e-01  2.698474e-01  2.332050e-02  5.743175e-02  5.405265e-02  3.219411e-02  1.565306e-02  1.851895e-02  1.005839e-02  7.497502e-03  5.957436e-03  5.594005e-04  0.000000e+00  4.261153e-05
3.764603e+03  5.987050e-03  4.736167e-02  8.357400e-02  1.651456e-01  2.063967e-02  5.063330e-02  3.424835e-02  2.477613e-02  1.105546e-02  2.186498e-02  1.741885e-02  1.569234e-03  1.122286e-05  5.681025e-03  0.000000e+00  6.984168e-03
4.223954e+03  1.076844e-03  3.370898e-02  3.443770e-02  1.300787e-01  9.912457e-03  2.386171e-02  2.987964e-02  3.063769e-02  1.653186e-02  1.515777e-02  1.357793e-02  3.021244e-03  0.000000e+00  6.064945e-03  0.000000e+00  4.168178e-03
4.739354e+03  1.308482e-03  2.614208e-02  4.264906e-02  1.232732e-01  9.992670e-03  2.698114e-02  8.558045e-03  2.360675e-02  7.534912e-03  1.011808e-02  1.046092e-02  4.214054e-03  5.064362e-05  2.866373e-04  0.000000e+00  1.342476e-03
5.317643e+03  4.803665e-03  2.527574e-02  2.952671e-02  7.611265e-02  1.432235e-03  2.086082e-02  3.816865e-03  4.041488e-02  1.582491e-02  1.249418e-02  4.717693e-03  5.225241e-03  0.000000e+00  5.081547e-03  0.000000e+00  5.777587e-03
5.966493e+03  2.279757e-03  1.166017e-02  1.619755e-02  4.867011e-02  3.952104e-03  2.589184e-02  3.564506e-03  1.938498e-02  7.041710e-03  1.382891e-02  2.976929e-04  9.361777e-04  0.000000e+00  1.382261e-03  0.000000e+00  2.467663e-03
6.694516e+03  9.744328e-06  8.425457e-03  1.178430e-02  3.702090e-02  1.110777e-03  3.828289e-02  1.336623e-03  1.007699e-02  8.854525e-03  1.215851e-02  7.466651e-03  7.631277e-03  0.000000e+00  9.914109e-04  0.000000e+00  5.533241e-05
7.511370e+03  4.510546e-04  7.206552e-03  1.081569e-02  1.912421e-02  2.979226e-03  1.975957e-02  3.786838e-03  8.466424e-03  2.481092e-03  6.795182e-03  3.910963e-04  2.436976e-03  0.000000e+00  1.419574e-04  0.000000e+00  7.475146e-03
8.427896e+03  9.500868e-04  5.910859e-03  5.338079e-03  6.702662e-03  1.160837e-03  2.662545e-02  4.655617e-03  2.154229e-02  3.229238e-03  2.796987e-03  4.727269e-03  4.580039e-03  0.000000e+00  8.632775e-05  0.000000e+00  1.592460e-03
9.456255e+03  0.000000e+00  1.651268e-03  5.661988e-03  1.486310e-02  1.298448e-03  1.691715e-02  1.065124e-05  7.248961e-03  4.487154e-03  2.665768e-03  7.738179e-03  5.764409e-03  0.000000e+00  2.493487e-03  0.000000e+00  1.984828e-04
1.061009e+04  0.000000e+00  4.424677e-03  1.864904e-03  8.981648e-03  4.487326e-04  1.250538e-02  1.854054e-03  4.792114e-03  1.915551e-04  3.581149e-03  3.945574e-03  3.633980e-03  0.000000e+00  6.148255e-06  0.000000e+00  2.197833e-03
1.190472e+04  0.000000e+00  3.410181e-05  3.111570e-05  4.889546e-03  0.000000e+00  4.129117e-03  3.548981e-06  4.256199e-04  1.095928e-05  3.812949e-03  6.412573e-03  1.731833e-03  0.000000e+00  5.839030e-04  0.000000e+00  1.030059e-03
1.335731e+04  0.000000e+00  1.211730e-03  2.637783e-03  6.127521e-03  0.000000e+00  3.451207e-03  1.164256e-05  1.226487e-03  1.361376e-04  3.013811e-03  1.665634e-03  5.338170e-04  0.000000e+00  0.000000e+00  0.000000e+00  1.064798e-03
1.498715e+04  0.000000e+00  1.246311e-03  5.795173e-05  5.229333e-04  0.000000e+00  2.269167e-03  0.000000e+00  2.921149e-03  1.681111e-04  5.502880e-04  1.344096e-05  2.050924e-03  0.000000e+00  1.107311e-05  0.000000e+00  1.919558e-03
1.681586e+04  0.000000e+00  1.373174e-04  3.879287e-06  3.066525e-04  0.000000e+00  3.982373e-03  2.512486e-06  4.170719e-04  0.000000e+00  5.164953e-05  3.401836e-05  3.127624e-05  0.000000e+00  1.328412e-03  0.000000e+00  1.555351e-03
1.886771e+04  0.000000e+00  2.748776e-04  0.000000e+00  8.635202e-04  0.000000e+00  2.450928e-03  0.000000e+00  1.978727e-03  0.000000e+00  0.000000e+00  8.614975e-04  9.025287e-04  0.000000e+00  1.529881e-03  0.000000e+00  1.371036e-03
2.116992e+04  0.000000e+00  1.995739e-06  0.000000e+00  6.750984e-04  0.000000e+00  9.341695e-06  0.000000e+00  3.782364e-04  0.000000e+00  0.000000e+00  0.000000e+00  7.602715e-04  0.000000e+00  2.222989e-03  0.000000e+00  3.782364e-04
2.375304e+04  0.000000e+00  0.000000e+00  0.000000e+00  1.778704e-06  0.000000e+00  4.184277e-04  1.559479e-05  7.477708e-05  0.000000e+00  1.060709e-04  4.208341e-04  5.492650e-06  0.000000e+00  0.000000e+00  0.000000e+00  1.108094e-03
2.665135e+04  0.000000e+00  1.389887e-05  0.000000e+00  7.017145e-04  0.000000e+00  0.000000e+00  0.000000e+00  0.000000e+00  0.000000e+00  9.005851e-06  0.000000e+00  0.000000e+00  0.000000e+00  0.000000e+00  0.000000e+00  1.389887e-05
2.990330e+04  0.000000e+00  0.000000e+00  0.000000e+00  1.162280e-04  0.000000e+00  0.000000e+00  0.000000e+00  0.000000e+00  0.000000e+00  0.000000e+00  0.000000e+00  1.756255e-04  0.000000e+00  3.936779e-04  0.000000e+00  2.109747e-04
3.355206e+04  0.000000e+00  0.000000e+00  0.000000e+00  0.000000e+00  0.000000e+00  0.000000e+00  0.000000e+00  0.000000e+00  0.000000e+00  0.000000e+00  0.000000e+00  3.001927e-06  0.000000e+00  5.209764e-04  0.000000e+00  1.430720e-05
3.764603e+04  0.000000e+00  0.000000e+00  0.000000e+00  2.307100e-05  0.000000e+00  0.000000e+00  0.000000e+00  0.000000e+00  0.000000e+00  0.000000e+00  0.000000e+00  9.232317e-05  0.000000e+00  2.307100e-05  0.000000e+00  1.122286e-06
4.223954e+04  0.000000e+00  0.000000e+00  0.000000e+00  1.354295e-05  0.000000e+00  0.000000e+00  0.000000e+00  5.819391e-04  0.000000e+00  0.000000e+00  0.000000e+00  1.043895e-04  0.000000e+00  0.000000e+00  0.000000e+00  0.000000e+00
4.739354e+04  0.000000e+00  0.000000e+00  0.000000e+00  0.000000e+00  0.000000e+00  0.000000e+00  0.000000e+00  8.914637e-07  0.000000e+00  0.000000e+00  0.000000e+00  1.296163e-05  0.000000e+00  7.333490e-05  0.000000e+00  0.000000e+00
5.317643e+04  0.000000e+00  0.000000e+00  0.000000e+00  0.000000e+00  0.000000e+00  0.000000e+00  0.000000e+00  0.000000e+00  0.000000e+00  0.000000e+00  0.000000e+00  0.000000e+00  0.000000e+00  0.000000e+00  0.000000e+00  0.000000e+00
5.966493e+04  0.000000e+00  0.000000e+00  0.000000e+00  0.000000e+00  0.000000e+00  0.000000e+00  0.000000e+00  0.000000e+00  0.000000e+00  0.000000e+00  0.000000e+00  0.000000e+00  0.000000e+00  0.000000e+00  0.000000e+00  0.000000e+00
6.694516e+04  0.000000e+00  0.000000e+00  0.000000e+00  0.000000e+00  0.000000e+00  0.000000e+00  0.000000e+00  0.000000e+00  0.000000e+00  0.000000e+00  0.000000e+00  0.000000e+00  0.000000e+00  0.000000e+00  0.000000e+00  2.716302e-05
7.511370e+04  0.000000e+00  0.000000e+00  0.000000e+00  0.000000e+00  0.000000e+00  0.000000e+00  0.000000e+00  0.000000e+00  0.000000e+00  0.000000e+00  0.000000e+00  0.000000e+00  0.000000e+00  0.000000e+00  0.000000e+00  2.481092e-04
8.427896e+04  0.000000e+00  0.000000e+00  0.000000e+00  0.000000e+00  0.000000e+00  0.000000e+00  0.000000e+00  0.000000e+00  0.000000e+00  0.000000e+00  0.000000e+00  0.000000e+00  0.000000e+00  0.000000e+00  0.000000e+00  0.000000e+00
9.456255e+04  0.000000e+00  0.000000e+00  0.000000e+00  0.000000e+00  0.000000e+00  0.000000e+00  0.000000e+00  0.000000e+00  0.000000e+00  0.000000e+00  0.000000e+00  0.000000e+00  0.000000e+00  0.000000e+00  0.000000e+00  0.000000e+00
1.061009e+05  0.000000e+00  0.000000e+00  0.000000e+00  0.000000e+00  0.000000e+00  0.000000e+00  0.000000e+00  0.000000e+00  0.000000e+00  0.000000e+00  0.000000e+00  0.000000e+00  0.000000e+00  0.000000e+00  0.000000e+00  0.000000e+00
1.190472e+05  0.000000e+00  0.000000e+00  0.000000e+00  0.000000e+00  0.000000e+00  0.000000e+00  0.000000e+00  0.000000e+00  0.000000e+00  0.000000e+00  0.000000e+00  0.000000e+00  0.000000e+00  0.000000e+00  0.000000e+00  0.000000e+00
1.335731e+05  0.000000e+00  0.000000e+00  0.000000e+00  0.000000e+00  0.000000e+00  0.000000e+00  0.000000e+00  0.000000e+00  0.000000e+00  0.000000e+00  0.000000e+00  0.000000e+00  0.000000e+00  0.000000e+00  0.000000e+00  0.000000e+00
1.498715e+05  0.000000e+00  0.000000e+00  0.000000e+00  0.000000e+00  0.000000e+00  0.000000e+00  0.000000e+00  0.000000e+00  0.000000e+00  0.000000e+00  0.000000e+00  0.000000e+00  0.000000e+00  0.000000e+00  0.000000e+00  0.000000e+00
1.681586e+05  0.000000e+00  0.000000e+00  0.000000e+00  0.000000e+00  0.000000e+00  0.000000e+00  0.000000e+00  0.000000e+00  0.000000e+00  0.000000e+00  0.000000e+00  0.000000e+00  0.000000e+00  0.000000e+00  0.000000e+00  0.000000e+00
1.886771e+05  0.000000e+00  0.000000e+00  0.000000e+00  0.000000e+00  0.000000e+00  0.000000e+00  0.000000e+00  0.000000e+00  0.000000e+00  0.000000e+00  0.000000e+00  0.000000e+00  0.000000e+00  0.000000e+00  0.000000e+00  0.000000e+00
2.116992e+05  0.000000e+00  0.000000e+00  0.000000e+00  0.000000e+00  0.000000e+00  0.000000e+00  0.000000e+00  0.000000e+00  0.000000e+00  0.000000e+00  0.000000e+00  0.000000e+00  0.000000e+00  0.000000e+00  0.000000e+00  0.000000e+00
2.375304e+05  0.000000e+00  0.000000e+00  0.000000e+00  0.000000e+00  0.000000e+00  0.000000e+00  0.000000e+00  0.000000e+00  0.000000e+00  0.000000e+00  0.000000e+00  0.000000e+00  0.000000e+00  0.000000e+00  0.000000e+00  0.000000e+00
2.665135e+05  0.000000e+00  0.000000e+00  0.000000e+00  0.000000e+00  0.000000e+00  0.000000e+00  0.000000e+00  0.000000e+00  0.000000e+00  0.000000e+00  0.000000e+00  0.000000e+00  0.000000e+00  0.000000e+00  0.000000e+00  0.000000e+00
2.990330e+05  0.000000e+00  0.000000e+00  0.000000e+00  0.000000e+00  0.000000e+00  0.000000e+00  0.000000e+00  0.000000e+00  0.000000e+00  0.000000e+00  0.000000e+00  0.000000e+00  0.000000e+00  0.000000e+00  0.000000e+00  0.000000e+00
3.355206e+05  0.000000e+00  0.000000e+00  0.000000e+00  0.000000e+00  0.000000e+00  0.000000e+00  0.000000e+00  0.000000e+00  0.000000e+00  0.000000e+00  0.000000e+00  0.000000e+00  0.000000e+00  0.000000e+00  0.000000e+00  0.000000e+00
3.764603e+05  0.000000e+00  0.000000e+00  0.000000e+00  0.000000e+00  0.000000e+00  0.000000e+00  0.000000e+00  0.000000e+00  0.000000e+00  0.000000e+00  0.000000e+00  0.000000e+00  0.000000e+00  0.000000e+00  0.000000e+00  0.000000e+00
4.223954e+05  0.000000e+00  0.000000e+00  0.000000e+00  0.000000e+00  0.000000e+00  0.000000e+00  0.000000e+00  0.000000e+00  0.000000e+00  0.000000e+00  0.000000e+00  0.000000e+00  0.000000e+00  0.000000e+00  0.000000e+00  0.000000e+00
4.739354e+05  0.000000e+00  0.000000e+00  0.000000e+00  0.000000e+00  0.000000e+00  0.000000e+00  0.000000e+00  0.000000e+00  0.000000e+00  0.000000e+00  0.000000e+00  0.000000e+00  0.000000e+00  0.000000e+00  0.000000e+00  0.000000e+00
5.317643e+05  0.000000e+00  0.000000e+00  0.000000e+00  0.000000e+00  0.000000e+00  0.000000e+00  0.000000e+00  0.000000e+00  0.000000e+00  0.000000e+00  0.000000e+00  0.000000e+00  0.000000e+00  0.000000e+00  0.000000e+00  0.000000e+00
5.966493e+05  0.000000e+00  0.000000e+00  0.000000e+00  0.000000e+00  0.000000e+00  0.000000e+00  0.000000e+00  0.000000e+00  0.000000e+00  0.000000e+00  0.000000e+00  0.000000e+00  0.000000e+00  0.000000e+00  0.000000e+00  0.000000e+00
6.694516e+05  0.000000e+00  0.000000e+00  0.000000e+00  0.000000e+00  0.000000e+00  0.000000e+00  0.000000e+00  0.000000e+00  0.000000e+00  0.000000e+00  0.000000e+00  0.000000e+00  0.000000e+00  0.000000e+00  0.000000e+00  0.000000e+00
7.511370e+05  0.000000e+00  0.000000e+00  0.000000e+00  0.000000e+00  0.000000e+00  0.000000e+00  0.000000e+00  0.000000e+00  0.000000e+00  0.000000e+00  0.000000e+00  0.000000e+00  0.000000e+00  0.000000e+00  0.000000e+00  0.000000e+00
8.427896e+05  0.000000e+00  0.000000e+00  0.000000e+00  0.000000e+00  0.000000e+00  0.000000e+00  0.000000e+00  0.000000e+00  0.000000e+00  0.000000e+00  0.000000e+00  0.000000e+00  0.000000e+00  0.000000e+00  0.000000e+00  0.000000e+00
9.456255e+05  0.000000e+00  0.000000e+00  0.000000e+00  0.000000e+00  0.000000e+00  0.000000e+00  0.000000e+00  0.000000e+00  0.000000e+00  0.000000e+00  0.000000e+00  0.000000e+00  0.000000e+00  0.000000e+00  0.000000e+00  0.000000e+00
