# dR/dEr [1/keV/kg/Myr]
# Er [keV], S, F, Ne, Cl, Na, Si, O, P, N, C, Al, Mg, Be, B, Ar, Li
1.061009e+01  1.008455e+01  7.800608e+00  0.000000e+00  0.000000e+00  3.107531e+00  0.000000e+00  6.568754e-01  0.000000e+00  0.000000e+00  0.000000e+00  0.000000e+00  0.000000e+00  4.234110e-02  0.000000e+00  0.000000e+00  0.000000e+00
1.190472e+01  3.693096e+00  9.069825e-01  0.000000e+00  0.000000e+00  1.178950e+00  0.000000e+00  0.000000e+00  0.000000e+00  0.000000e+00  0.000000e+00  0.000000e+00  0.000000e+00  0.000000e+00  0.000000e+00  0.000000e+00  0.000000e+00
1.335731e+01  5.414921e+00  1.114491e+00  0.000000e+00  0.000000e+00  0.000000e+00  0.000000e+00  0.000000e+00  0.000000e+00  0.000000e+00  0.000000e+00  0.000000e+00  0.000000e+00  0.000000e+00  0.000000e+00  0.000000e+00  0.000000e+00
1.498715e+01  1.361878e+00  1.647116e+00  0.000000e+00  0.000000e+00  5.797024e-01  0.000000e+00  2.235118e-01  0.000000e+00  0.000000e+00  0.000000e+00  0.000000e+00  0.000000e+00  0.000000e+00  0.000000e+00  0.000000e+00  0.000000e+00
1.681586e+01  3.367400e+00  1.703602e+00  4.852536e-01  0.000000e+00  9.555863e-01  1.992051e-01  0.000000e+00  0.000000e+00  0.000000e+00  0.000000e+00  0.000000e+00  0.000000e+00  0.000000e+00  0.000000e+00  0.000000e+00  0.000000e+00
1.886771e+01  2.302172e+00  1.868241e+00  0.000000e+00  0.000000e+00  4.324827e-01  0.000000e+00  0.000000e+00  0.000000e+00  0.000000e+00  0.000000e+00  0.000000e+00  0.000000e+00  0.000000e+00  0.000000e+00  0.000000e+00  0.000000e+00
2.116992e+01  2.349915e+00  2.080070e+00  0.000000e+00  0.000000e+00  4.697380e-01  0.000000e+00  2.053943e-01  0.000000e+00  0.000000e+00  0.000000e+00  1.891693e-01  0.000000e+00  0.000000e+00  0.000000e+00  0.000000e+00  0.000000e+00
2.375304e+01  4.342792e+00  8.490538e-01  5.941488e-01  0.000000e+00  1.209682e+00  0.000000e+00  3.435333e-01  0.000000e+00  0.000000e+00  0.000000e+00  0.000000e+00  0.000000e+00  0.000000e+00  0.000000e+00  0.000000e+00  0.000000e+00
2.665135e+01  3.834141e+00  1.991219e+00  1.631505e-01  1.981625e-02  2.593491e-01  0.000000e+00  0.000000e+00  4.536243e-01  0.000000e+00  0.000000e+00  0.000000e+00  0.000000e+00  0.000000e+00  0.000000e+00  0.000000e+00  0.000000e+00
2.990330e+01  4.334324e+00  1.979587e+00  1.977584e-01  0.000000e+00  3.613186e-01  0.000000e+00  2.574293e-01  0.000000e+00  0.000000e+00  0.000000e+00  5.615103e-02  0.000000e+00  2.704279e-01  0.000000e+00  0.000000e+00  0.000000e+00
3.355206e+01  5.543613e+00  1.541432e+00  2.122990e-01  0.000000e+00  4.259797e-01  0.000000e+00  6.379514e-01  0.000000e+00  0.000000e+00  0.000000e+00  2.452899e-01  0.000000e+00  2.878673e-01  0.000000e+00  0.000000e+00  0.000000e+00
3.764603e+01  6.314347e+00  1.251739e+00  2.411265e-03  1.155017e-01  8.544259e-01  0.000000e+00  2.113872e-02  0.000000e+00  0.000000e+00  0.000000e+00  0.000000e+00  0.000000e+00  3.806274e-03  0.000000e+00  0.000000e+00  0.000000e+00
4.223954e+01  5.623886e+00  2.818677e+00  1.231367e-01  0.000000e+00  1.364966e+00  0.000000e+00  1.620023e-01  0.000000e+00  0.000000e+00  0.000000e+00  9.079998e-02  0.000000e+00  1.179456e+00  0.000000e+00  0.000000e+00  0.000000e+00
4.739354e+01  7.755789e+00  3.080089e+00  9.174625e-02  2.420424e-01  3.623290e-01  0.000000e+00  3.301199e-01  0.000000e+00  0.000000e+00  0.000000e+00  0.000000e+00  0.000000e+00  4.170891e-01  0.000000e+00  0.000000e+00  0.000000e+00
5.317643e+01  6.902001e+00  1.695791e+00  2.265320e-01  0.000000e+00  9.788262e-01  0.000000e+00  4.382834e-01  0.000000e+00  0.000000e+00  0.000000e+00  7.530966e-02  0.000000e+00  0.000000e+00  0.000000e+00  0.000000e+00  0.000000e+00
5.966493e+01  9.067205e+00  3.278727e+00  2.526100e-01  1.290203e-01  7.226095e-01  0.000000e+00  5.390902e-01  0.000000e+00  0.000000e+00  0.000000e+00  1.108158e-01  0.000000e+00  3.735278e-02  0.000000e+00  0.000000e+00  0.000000e+00
6.694516e+01  9.968571e+00  2.749264e+00  4.247158e-01  0.000000e+00  1.270100e+00  0.000000e+00  1.297792e-01  0.000000e+00  4.540374e-02  0.000000e+00  2.133315e-01  0.000000e+00  2.875005e+00  0.000000e+00  0.000000e+00  0.000000e+00
7.511370e+01  1.046182e+01  3.867307e+00  4.396823e-01  1.394269e-01  8.067755e-01  0.000000e+00  3.220511e-01  0.000000e+00  0.000000e+00  0.000000e+00  6.924485e-02  0.000000e+00  8.326846e+02  0.000000e+00  0.000000e+00  0.000000e+00
8.427896e+01  1.329598e+01  4.183745e+00  2.389471e-01  3.502043e-01  1.093567e+00  0.000000e+00  6.377036e-01  0.000000e+00  0.000000e+00  0.000000e+00  0.000000e+00  0.000000e+00  1.012147e+03  0.000000e+00  0.000000e+00  0.000000e+00
9.456255e+01  1.309250e+01  3.255494e+00  3.797117e-01  1.643404e-01  1.047335e+00  0.000000e+00  1.631335e-01  0.000000e+00  3.252863e-02  0.000000e+00  3.852430e-04  0.000000e+00  7.714100e+02  0.000000e+00  0.000000e+00  0.000000e+00
1.061009e+02  1.528219e+01  4.321526e+00  2.766686e-01  5.607923e-02  1.369218e+00  0.000000e+00  2.735896e-01  0.000000e+00  0.000000e+00  6.231629e-02  1.878168e-01  0.000000e+00  5.829377e+02  0.000000e+00  0.000000e+00  0.000000e+00
1.190472e+02  1.645875e+01  5.500095e+00  5.683470e-01  9.021719e-02  1.382542e+00  0.000000e+00  2.010271e-01  0.000000e+00  2.813847e-02  1.199651e-01  5.127896e+02  0.000000e+00  4.299065e+02  0.000000e+00  3.412264e-02  0.000000e+00
1.335731e+02  1.850789e+01  5.838131e+00  4.460736e-01  6.795868e-04  1.512170e+00  0.000000e+00  2.292216e-01  0.000000e+00  0.000000e+00  0.000000e+00  4.310417e+02  0.000000e+00  3.173443e+02  0.000000e+00  0.000000e+00  0.000000e+00
1.498715e+02  4.504559e+01  6.831283e+00  2.958725e-01  9.444720e-02  8.592138e-01  0.000000e+00  4.806755e-01  0.000000e+00  5.001216e-02  8.216584e-02  3.221334e+02  0.000000e+00  2.373898e+02  0.000000e+00  0.000000e+00  0.000000e+00
1.681586e+02  6.460558e+01  6.960398e+00  4.239782e-01  9.555863e-02  7.877463e-01  2.166380e-04  5.295923e-01  0.000000e+00  6.615692e-02  0.000000e+00  2.411436e+02  0.000000e+00  1.749196e+02  0.000000e+00  0.000000e+00  0.000000e+00
1.886771e+02  3.781613e+01  8.076324e+00  3.172710e-01  9.350526e-02  1.655811e+00  4.079979e-02  5.320048e-01  2.965986e-02  2.965986e-02  0.000000e+00  1.776924e+02  0.000000e+00  1.271150e+02  0.000000e+00  0.000000e+00  0.000000e+00
2.116992e+02  1.656099e+01  1.015469e+01  3.934881e-01  2.558486e-01  7.378603e-01  2.643438e-02  3.845054e-01  0.000000e+00  0.000000e+00  1.720817e-04  1.414616e+02  0.000000e+00  8.650482e+01  0.000000e+00  4.287903e-04  0.000000e+00
2.375304e+02  1.206856e+01  5.085755e+01  5.896256e-01  2.034626e-01  1.041877e+00  1.079366e-02  4.687955e-01  4.889707e-02  0.000000e+00  1.410264e-02  1.055724e+02  0.000000e+00  6.357391e+01  0.000000e+00  4.626761e-02  0.000000e+00
2.665135e+02  9.951408e+00  4.250806e+01  5.888264e-01  1.839842e-01  1.514174e+00  2.672686e-02  3.513100e-01  0.000000e+00  2.099757e-02  4.089938e-02  7.694653e+01  0.000000e+00  4.358977e+01  0.000000e+00  0.000000e+00  0.000000e+00
2.990330e+02  6.171403e+00  6.534476e+00  3.282705e-01  1.184854e-01  1.142641e+00  5.311543e-03  6.753828e-01  1.923047e-04  4.791814e-04  1.028646e-02  5.818523e+01  0.000000e+00  3.250478e+01  0.000000e+00  0.000000e+00  0.000000e+00
3.355206e+02  5.489293e+00  5.917602e+00  3.878794e-01  1.651870e-01  1.199861e+00  1.667896e-02  4.852418e-01  1.528266e-02  1.295950e-02  4.413930e-02  4.360013e+01  6.642368e-03  2.313422e+01  0.000000e+00  0.000000e+00  1.026867e-03
3.764603e+02  3.649609e+00  4.409216e+00  5.113755e-01  1.862856e-01  1.336376e+00  2.120633e-02  3.369764e-01  0.000000e+00  1.892117e-02  0.000000e+00  2.814209e+01  0.000000e+00  1.671480e+01  0.000000e+00  0.000000e+00  0.000000e+00
4.223954e+02  2.360511e+00  3.769926e+00  3.109537e-01  1.652737e-01  1.151751e+00  1.043024e-02  4.567382e-01  4.296596e-02  1.338471e-02  3.402568e-02  2.174717e+01  0.000000e+00  8.812028e+00  0.000000e+00  2.149042e-04  0.000000e+00
4.739354e+02  1.950618e+00  3.115197e+00  4.422041e-01  2.542394e-01  1.005435e+00  2.312551e-02  4.832626e-01  4.386570e-02  2.550917e-02  0.000000e+00  1.382412e+01  0.000000e+00  6.027628e+00  2.550917e-02  0.000000e+00  0.000000e+00
5.317643e+02  1.555336e+00  2.058699e+00  4.852012e-01  1.305040e-01  1.006234e+00  2.960675e-02  3.718635e-01  4.614224e-02  4.625703e-02  1.904785e-02  1.148496e+01  0.000000e+00  4.634132e+00  6.850697e-05  2.066698e-02  0.000000e+00
5.966493e+02  1.390660e+00  1.848235e+00  5.004088e-01  2.535144e-01  9.732517e-01  4.134778e-02  4.020574e-01  4.346529e-02  1.964370e-02  1.355350e-02  8.013445e+00  0.000000e+00  3.174195e+00  0.000000e+00  2.401596e-04  0.000000e+00
6.694516e+02  1.089900e+00  1.566764e+00  5.961481e-01  3.454908e-01  9.516662e-01  3.834790e-02  4.725595e-01  2.803296e-02  2.282917e-02  9.544180e-03  5.586662e+00  0.000000e+00  1.914603e+00  0.000000e+00  0.000000e+00  0.000000e+00
7.511370e+02  8.812006e-01  1.222466e+00  4.006866e-01  2.774115e-01  6.273091e-01  9.858445e-03  3.505427e-01  3.383248e-02  3.045618e-02  6.380293e-03  3.772924e+00  0.000000e+00  1.259779e+00  0.000000e+00  0.000000e+00  0.000000e+00
8.427896e+02  5.573688e-01  1.043246e+00  3.579809e-01  2.841232e-01  7.187534e-01  1.881602e-02  4.013005e-01  1.361105e-02  7.213897e-03  2.749363e-02  1.961851e+00  0.000000e+00  6.436023e-01  0.000000e+00  1.708779e-02  0.000000e+00
9.456255e+02  5.593583e-01  8.204166e-01  4.798047e-01  2.100721e-01  5.887508e-01  3.256598e-02  4.206736e-01  3.958839e-02  0.000000e+00  2.342432e-02  1.677646e+00  5.584979e-04  4.821472e-01  0.000000e+00  0.000000e+00  0.000000e+00
1.061009e+03  5.052823e-01  5.818858e-01  4.567007e-01  3.053755e-01  4.860737e-01  3.556358e-02  3.777720e-01  3.071618e-02  5.519157e-02  1.065238e-02  1.161542e+00  0.000000e+00  1.965802e-01  3.362544e-03  2.100501e-03  0.000000e+00
1.190472e+03  3.419821e-01  4.992293e-01  4.135108e-01  3.100192e-01  3.363759e-01  3.950297e-02  2.413397e-01  4.030927e-02  1.686348e-02  2.956823e-02  6.974266e-01  0.000000e+00  1.975456e-01  0.000000e+00  0.000000e+00  0.000000e+00
1.335731e+03  3.418526e-01  4.599173e-01  3.428327e-01  2.292870e-01  2.845825e-01  1.993124e-02  2.973980e-01  1.886626e-02  3.253202e-02  8.057816e-03  3.404725e-01  0.000000e+00  7.721779e-02  1.078167e-02  0.000000e+00  0.000000e+00
1.498715e+03  2.142779e-01  3.377709e-01  2.692918e-01  2.624402e-01  2.064552e-01  5.865019e-02  2.749945e-01  5.688143e-02  5.166878e-02  1.526925e-02  1.901669e-01  5.309805e-04  1.078315e-01  0.000000e+00  0.000000e+00  1.155401e-03
1.681586e+03  9.959799e-02  3.374145e-01  2.206016e-01  2.225942e-01  2.541746e-01  2.697715e-02  1.968046e-01  3.936034e-02  3.711141e-02  2.906830e-02  2.101970e-01  0.000000e+00  5.355358e-02  8.212324e-03  0.000000e+00  2.048869e-04
1.886771e+03  1.365982e-01  2.122616e-01  2.300397e-01  2.724525e-01  2.059424e-01  3.350366e-02  1.739632e-01  3.961225e-02  2.678925e-02  2.719548e-02  1.055857e-01  6.590556e-03  3.775269e-03  8.971495e-03  1.190508e-04  0.000000e+00
2.116992e+03  9.641139e-02  2.218406e-01  1.455475e-01  1.672726e-01  8.472082e-02  2.979120e-02  1.372681e-01  3.417485e-02  9.236903e-03  1.900780e-02  5.673387e-02  3.102762e-03  2.070196e-02  4.287903e-05  0.000000e+00  4.287903e-05
2.375304e+03  4.459669e-02  1.247295e-01  1.411620e-01  2.508989e-01  9.254812e-02  5.323981e-02  1.255986e-01  2.975377e-02  1.734373e-02  6.690570e-03  6.168947e-02  2.420972e-05  0.000000e+00  1.685973e-03  0.000000e+00  2.798903e-03
2.665135e+03  4.765301e-02  9.968070e-02  1.096884e-01  2.220172e-01  4.452591e-02  2.822392e-02  7.869820e-02  5.389894e-02  1.363821e-02  2.858822e-02  3.673096e-02  1.090033e-02  5.693836e-03  3.034251e-03  0.000000e+00  5.657238e-03
2.990330e+03  1.389607e-02  7.170498e-02  7.403396e-02  1.683254e-01  3.724432e-02  4.032138e-02  5.726771e-02  3.054479e-02  1.698572e-02  1.581497e-02  3.060551e-02  3.083457e-03  0.000000e+00  2.752198e-03  0.000000e+00  8.468977e-03
3.355206e+03  1.306634e-02  8.475925e-02  8.072269e-02  1.747974e-01  1.640093e-02  3.798160e-02  3.294417e-02  2.109314e-02  1.085770e-02  1.334818e-02  7.971791e-03  5.274843e-03  4.007289e-03  5.004466e-04  0.000000e+00  3.791246e-05
3.764603e+03  4.350373e-03  3.248509e-02  5.746965e-02  1.066415e-01  1.437151e-02  3.542728e-02  2.138805e-02  1.616187e-02  8.523111e-03  1.629820e-02  1.330246e-02  1.395390e-03  9.676866e-06  3.948780e-03  0.000000e+00  5.714331e-03
4.223954e+03  9.534281e-04  2.215114e-02  2.492114e-02  8.332026e-02  7.367113e-03  1.591084e-02  1.874505e-02  2.058383e-02  1.205279e-02  1.169343e-02  1.001559e-02  2.511388e-03  0.000000e+00  4.341085e-03  0.000000e+00  3.472343e-03
4.739354e+03  1.097457e-03  1.840953e-02  2.934709e-02  8.034496e-02  7.072835e-03  1.830291e-02  5.753219e-03  1.621705e-02  5.647957e-03  7.920567e-03  7.920758e-03  3.138773e-03  4.739496e-05  2.596120e-04  0.000000e+00  1.196468e-03
5.317643e+03  3.326441e-03  1.813860e-02  2.157129e-02  4.922554e-02  1.255330e-03  1.473662e-02  2.750392e-03  2.753688e-02  1.121069e-02  9.678247e-03  4.015118e-03  3.737663e-03  0.000000e+00  4.015527e-03  0.000000e+00  4.097091e-03
5.966493e+03  1.884065e-03  8.661228e-03  1.228758e-02  3.278297e-02  2.801785e-03  1.754956e-02  2.798043e-03  1.439699e-02  5.280852e-03  9.685571e-03  2.662078e-04  8.138517e-04  0.000000e+00  1.145805e-03  0.000000e+00  1.921530e-03
6.694516e+03  8.589934e-06  6.370660e-03  8.915243e-03  2.546467e-02  9.660767e-04  2.661497e-02  1.164686e-03  7.526940e-03  6.674249e-03  8.700636e-03  5.832375e-03  5.264901e-03  0.000000e+00  8.369952e-04  0.000000e+00  5.146526e-05
7.511370e+03  4.026482e-04  5.463807e-03  7.669011e-03  1.253556e-02  2.128738e-03  1.427720e-02  2.919783e-03  6.587392e-03  1.819434e-03  4.844282e-03  3.552863e-04  1.972214e-03  0.000000e+00  1.298710e-04  0.000000e+00  5.660413e-03
8.427896e+03  7.845157e-04  4.763702e-03  3.789348e-03  5.313271e-03  9.729763e-04  1.923990e-02  3.108734e-03  1.592322e-02  2.468752e-03  2.258789e-03  3.389105e-03  3.474717e-03  0.000000e+00  7.966649e-05  0.000000e+00  1.362227e-03
9.456255e+03  0.000000e+00  1.298787e-03  4.018411e-03  1.086499e-02  1.034227e-03  1.211526e-02  9.599418e-06  5.543407e-03  3.358657e-03  2.031694e-03  5.498198e-03  4.425974e-03  0.000000e+00  1.896331e-03  0.000000e+00  1.775652e-04
1.061009e+04  0.000000e+00  3.123551e-03  1.282990e-03  6.575192e-03  3.859979e-04  9.216185e-03  1.560318e-03  3.415425e-03  1.717603e-04  2.740460e-03  3.132105e-03  2.634092e-03  0.000000e+00  5.419882e-06  0.000000e+00  1.677790e-03
1.190472e+04  0.000000e+00  3.132384e-05  2.894104e-05  3.681221e-03  0.000000e+00  3.148422e-03  3.060094e-06  3.845070e-04  9.660950e-06  2.927178e-03  4.221558e-03  1.188543e-03  0.000000e+00  5.106480e-04  0.000000e+00  8.908276e-04
1.335731e+04  0.000000e+00  1.025094e-03  1.870546e-03  4.477318e-03  0.000000e+00  2.384827e-03  1.072754e-05  1.002495e-03  1.216380e-04  2.347460e-03  1.363369e-03  4.532503e-04  0.000000e+00  0.000000e+00  0.000000e+00  8.892740e-04
1.498715e+04  0.000000e+00  9.143077e-04  5.309805e-05  4.577152e-04  0.000000e+00  1.697247e-03  0.000000e+00  2.008098e-03  1.487041e-04  4.561532e-04  1.211365e-05  1.307350e-03  0.000000e+00  9.893806e-06  0.000000e+00  1.442960e-03
1.681586e+04  0.000000e+00  1.260540e-04  3.419714e-06  2.654271e-04  0.000000e+00  2.901781e-03  2.166380e-06  3.540697e-04  0.000000e+00  4.732369e-05  3.140664e-05  2.900987e-05  0.000000e+00  1.092572e-03  0.000000e+00  1.193836e-03
1.886771e+04  0.000000e+00  2.381066e-04  0.000000e+00  6.502867e-04  0.000000e+00  1.770357e-03  0.000000e+00  1.435084e-03  0.000000e+00  0.000000e+00  7.127656e-04  6.859865e-04  0.000000e+00  1.126119e-03  0.000000e+00  1.151929e-03
2.116992e+04  0.000000e+00  1.720817e-06  0.000000e+00  5.622916e-04  0.000000e+00  8.489435e-06  0.000000e+00  3.123213e-04  0.000000e+00  0.000000e+00  0.000000e+00  5.710792e-04  0.000000e+00  1.585015e-03  0.000000e+00  3.123213e-04
2.375304e+04  0.000000e+00  0.000000e+00  0.000000e+00  1.533680e-06  0.000000e+00  3.512576e-04  1.450488e-05  6.686837e-05  0.000000e+00  9.382594e-05  3.404486e-04  4.841945e-06  0.000000e+00  0.000000e+00  0.000000e+00  8.515974e-04
2.665135e+04  0.000000e+00  1.292749e-05  0.000000e+00  5.149438e-04  0.000000e+00  0.000000e+00  0.000000e+00  0.000000e+00  0.000000e+00  8.428148e-06  0.000000e+00  0.000000e+00  0.000000e+00  0.000000e+00  0.000000e+00  1.292749e-05
2.990330e+04  0.000000e+00  0.000000e+00  0.000000e+00  1.016463e-04  0.000000e+00  0.000000e+00  0.000000e+00  0.000000e+00  0.000000e+00  0.000000e+00  0.000000e+00  1.547617e-04  0.000000e+00  3.235434e-04  0.000000e+00  1.770765e-04
3.355206e+04  0.000000e+00  0.000000e+00  0.000000e+00  0.000000e+00  0.000000e+00  0.000000e+00  0.000000e+00  0.000000e+00  0.000000e+00  0.000000e+00  0.000000e+00  2.705484e-06  0.000000e+00  3.275496e-04  0.000000e+00  1.338943e-05
3.764603e+04  0.000000e+00  0.000000e+00  0.000000e+00  2.113872e-05  0.000000e+00  0.000000e+00  0.000000e+00  0.000000e+00  0.000000e+00  0.000000e+00  0.000000e+00  8.074054e-05  0.000000e+00  2.113872e-05  0.000000e+00  9.676866e-07
4.223954e+04  0.000000e+00  0.000000e+00  0.000000e+00  1.250321e-05  0.000000e+00  0.000000e+00  0.000000e+00  4.329170e-04  0.000000e+00  0.000000e+00  0.000000e+00  9.216139e-05  0.000000e+00  0.000000e+00  0.000000e+00  0.000000e+00
4.739354e+04  0.000000e+00  0.000000e+00  0.000000e+00  0.000000e+00  0.000000e+00  0.000000e+00  0.000000e+00  7.686608e-07  0.000000e+00  0.000000e+00  0.000000e+00  1.191216e-05  0.000000e+00  6.413449e-05  0.000000e+00  0.000000e+00
5.317643e+04  0.000000e+00  0.000000e+00  0.000000e+00  0.000000e+00  0.000000e+00  0.000000e+00  0.000000e+00  0.000000e+00  0.000000e+00  0.000000e+00  0.000000e+00  0.000000e+00  0.000000e+00  0.000000e+00  0.000000e+00  0.000000e+00
5.966493e+04  0.000000e+00  0.000000e+00  0.000000e+00  0.000000e+00  0.000000e+00  0.000000e+00  0.000000e+00  0.000000e+00  0.000000e+00  0.000000e+00  0.000000e+00  0.000000e+00  0.000000e+00  0.000000e+00  0.000000e+00  0.000000e+00
6.694516e+04  0.000000e+00  0.000000e+00  0.000000e+00  0.000000e+00  0.000000e+00  0.000000e+00  0.000000e+00  0.000000e+00  0.000000e+00  0.000000e+00  0.000000e+00  0.000000e+00  0.000000e+00  0.000000e+00  0.000000e+00  2.426996e-05
7.511370e+04  0.000000e+00  0.000000e+00  0.000000e+00  0.000000e+00  0.000000e+00  0.000000e+00  0.000000e+00  0.000000e+00  0.000000e+00  0.000000e+00  0.000000e+00  0.000000e+00  0.000000e+00  0.000000e+00  0.000000e+00  1.819434e-04
8.427896e+04  0.000000e+00  0.000000e+00  0.000000e+00  0.000000e+00  0.000000e+00  0.000000e+00  0.000000e+00  0.000000e+00  0.000000e+00  0.000000e+00  0.000000e+00  0.000000e+00  0.000000e+00  0.000000e+00  0.000000e+00  0.000000e+00
9.456255e+04  0.000000e+00  0.000000e+00  0.000000e+00  0.000000e+00  0.000000e+00  0.000000e+00  0.000000e+00  0.000000e+00  0.000000e+00  0.000000e+00  0.000000e+00  0.000000e+00  0.000000e+00  0.000000e+00  0.000000e+00  0.000000e+00
1.061009e+05  0.000000e+00  0.000000e+00  0.000000e+00  0.000000e+00  0.000000e+00  0.000000e+00  0.000000e+00  0.000000e+00  0.000000e+00  0.000000e+00  0.000000e+00  0.000000e+00  0.000000e+00  0.000000e+00  0.000000e+00  0.000000e+00
1.190472e+05  0.000000e+00  0.000000e+00  0.000000e+00  0.000000e+00  0.000000e+00  0.000000e+00  0.000000e+00  0.000000e+00  0.000000e+00  0.000000e+00  0.000000e+00  0.000000e+00  0.000000e+00  0.000000e+00  0.000000e+00  0.000000e+00
1.335731e+05  0.000000e+00  0.000000e+00  0.000000e+00  0.000000e+00  0.000000e+00  0.000000e+00  0.000000e+00  0.000000e+00  0.000000e+00  0.000000e+00  0.000000e+00  0.000000e+00  0.000000e+00  0.000000e+00  0.000000e+00  0.000000e+00
1.498715e+05  0.000000e+00  0.000000e+00  0.000000e+00  0.000000e+00  0.000000e+00  0.000000e+00  0.000000e+00  0.000000e+00  0.000000e+00  0.000000e+00  0.000000e+00  0.000000e+00  0.000000e+00  0.000000e+00  0.000000e+00  0.000000e+00
1.681586e+05  0.000000e+00  0.000000e+00  0.000000e+00  0.000000e+00  0.000000e+00  0.000000e+00  0.000000e+00  0.000000e+00  0.000000e+00  0.000000e+00  0.000000e+00  0.000000e+00  0.000000e+00  0.000000e+00  0.000000e+00  0.000000e+00
1.886771e+05  0.000000e+00  0.000000e+00  0.000000e+00  0.000000e+00  0.000000e+00  0.000000e+00  0.000000e+00  0.000000e+00  0.000000e+00  0.000000e+00  0.000000e+00  0.000000e+00  0.000000e+00  0.000000e+00  0.000000e+00  0.000000e+00
2.116992e+05  0.000000e+00  0.000000e+00  0.000000e+00  0.000000e+00  0.000000e+00  0.000000e+00  0.000000e+00  0.000000e+00  0.000000e+00  0.000000e+00  0.000000e+00  0.000000e+00  0.000000e+00  0.000000e+00  0.000000e+00  0.000000e+00
2.375304e+05  0.000000e+00  0.000000e+00  0.000000e+00  0.000000e+00  0.000000e+00  0.000000e+00  0.000000e+00  0.000000e+00  0.000000e+00  0.000000e+00  0.000000e+00  0.000000e+00  0.000000e+00  0.000000e+00  0.000000e+00  0.000000e+00
2.665135e+05  0.000000e+00  0.000000e+00  0.000000e+00  0.000000e+00  0.000000e+00  0.000000e+00  0.000000e+00  0.000000e+00  0.000000e+00  0.000000e+00  0.000000e+00  0.000000e+00  0.000000e+00  0.000000e+00  0.000000e+00  0.000000e+00
2.990330e+05  0.000000e+00  0.000000e+00  0.000000e+00  0.000000e+00  0.000000e+00  0.000000e+00  0.000000e+00  0.000000e+00  0.000000e+00  0.000000e+00  0.000000e+00  0.000000e+00  0.000000e+00  0.000000e+00  0.000000e+00  0.000000e+00
3.355206e+05  0.000000e+00  0.000000e+00  0.000000e+00  0.000000e+00  0.000000e+00  0.000000e+00  0.000000e+00  0.000000e+00  0.000000e+00  0.000000e+00  0.000000e+00  0.000000e+00  0.000000e+00  0.000000e+00  0.000000e+00  0.000000e+00
3.764603e+05  0.000000e+00  0.000000e+00  0.000000e+00  0.000000e+00  0.000000e+00  0.000000e+00  0.000000e+00  0.000000e+00  0.000000e+00  0.000000e+00  0.000000e+00  0.000000e+00  0.000000e+00  0.000000e+00  0.000000e+00  0.000000e+00
4.223954e+05  0.000000e+00  0.000000e+00  0.000000e+00  0.000000e+00  0.000000e+00  0.000000e+00  0.000000e+00  0.000000e+00  0.000000e+00  0.000000e+00  0.000000e+00  0.000000e+00  0.000000e+00  0.000000e+00  0.000000e+00  0.000000e+00
4.739354e+05  0.000000e+00  0.000000e+00  0.000000e+00  0.000000e+00  0.000000e+00  0.000000e+00  0.000000e+00  0.000000e+00  0.000000e+00  0.000000e+00  0.000000e+00  0.000000e+00  0.000000e+00  0.000000e+00  0.000000e+00  0.000000e+00
5.317643e+05  0.000000e+00  0.000000e+00  0.000000e+00  0.000000e+00  0.000000e+00  0.000000e+00  0.000000e+00  0.000000e+00  0.000000e+00  0.000000e+00  0.000000e+00  0.000000e+00  0.000000e+00  0.000000e+00  0.000000e+00  0.000000e+00
5.966493e+05  0.000000e+00  0.000000e+00  0.000000e+00  0.000000e+00  0.000000e+00  0.000000e+00  0.000000e+00  0.000000e+00  0.000000e+00  0.000000e+00  0.000000e+00  0.000000e+00  0.000000e+00  0.000000e+00  0.000000e+00  0.000000e+00
6.694516e+05  0.000000e+00  0.000000e+00  0.000000e+00  0.000000e+00  0.000000e+00  0.000000e+00  0.000000e+00  0.000000e+00  0.000000e+00  0.000000e+00  0.000000e+00  0.000000e+00  0.000000e+00  0.000000e+00  0.000000e+00  0.000000e+00
7.511370e+05  0.000000e+00  0.000000e+00  0.000000e+00  0.000000e+00  0.000000e+00  0.000000e+00  0.000000e+00  0.000000e+00  0.000000e+00  0.000000e+00  0.000000e+00  0.000000e+00  0.000000e+00  0.000000e+00  0.000000e+00  0.000000e+00
8.427896e+05  0.000000e+00  0.000000e+00  0.000000e+00  0.000000e+00  0.000000e+00  0.000000e+00  0.000000e+00  0.000000e+00  0.000000e+00  0.000000e+00  0.000000e+00  0.000000e+00  0.000000e+00  0.000000e+00  0.000000e+00  0.000000e+00
9.456255e+05  0.000000e+00  0.000000e+00  0.000000e+00  0.000000e+00  0.000000e+00  0.000000e+00  0.000000e+00  0.000000e+00  0.000000e+00  0.000000e+00  0.000000e+00  0.000000e+00  0.000000e+00  0.000000e+00  0.000000e+00  0.000000e+00
