# dR/dEr [1/keV/kg/Myr]
# Er [keV], S, F, Ne, Cl, Na, Si, O, P, N, C, Al, Mg, Be, B, Ar, Li
1.061009e+01  3.272108e+02  2.371367e+02  0.000000e+00  0.000000e+00  7.487405e+01  0.000000e+00  2.324089e+01  0.000000e+00  0.000000e+00  0.000000e+00  0.000000e+00  0.000000e+00  2.382332e-01  0.000000e+00  0.000000e+00  0.000000e+00
1.190472e+01  1.260335e+02  1.912468e+01  0.000000e+00  0.000000e+00  3.974767e+01  0.000000e+00  0.000000e+00  0.000000e+00  0.000000e+00  0.000000e+00  0.000000e+00  0.000000e+00  0.000000e+00  0.000000e+00  0.000000e+00  0.000000e+00
1.335731e+01  1.778414e+02  3.724573e+01  0.000000e+00  0.000000e+00  0.000000e+00  0.000000e+00  0.000000e+00  0.000000e+00  0.000000e+00  0.000000e+00  0.000000e+00  0.000000e+00  0.000000e+00  0.000000e+00  0.000000e+00  0.000000e+00
1.498715e+01  4.658893e+01  4.262100e+01  0.000000e+00  0.000000e+00  1.902691e+01  0.000000e+00  8.046441e+00  0.000000e+00  0.000000e+00  0.000000e+00  0.000000e+00  0.000000e+00  0.000000e+00  0.000000e+00  0.000000e+00  0.000000e+00
1.681586e+01  1.147135e+02  4.048231e+01  1.677460e+01  0.000000e+00  3.181464e+01  7.171399e+00  0.000000e+00  0.000000e+00  0.000000e+00  0.000000e+00  0.000000e+00  0.000000e+00  0.000000e+00  0.000000e+00  0.000000e+00  0.000000e+00
1.886771e+01  7.907569e+01  5.084740e+01  0.000000e+00  0.000000e+00  1.495037e+01  0.000000e+00  0.000000e+00  0.000000e+00  0.000000e+00  0.000000e+00  0.000000e+00  0.000000e+00  0.000000e+00  0.000000e+00  0.000000e+00  0.000000e+00
2.116992e+01  7.865043e+01  5.875784e+01  0.000000e+00  0.000000e+00  1.601839e+01  0.000000e+00  7.163061e+00  0.000000e+00  0.000000e+00  0.000000e+00  1.372856e+00  0.000000e+00  0.000000e+00  0.000000e+00  0.000000e+00  0.000000e+00
2.375304e+01  1.447223e+02  2.870601e+01  1.032848e+01  0.000000e+00  3.035209e+01  0.000000e+00  1.187550e+01  0.000000e+00  0.000000e+00  0.000000e+00  0.000000e+00  0.000000e+00  0.000000e+00  0.000000e+00  0.000000e+00  0.000000e+00
2.665135e+01  1.250012e+02  4.686165e+01  5.689822e+00  1.155640e-01  9.239838e+00  0.000000e+00  0.000000e+00  5.277774e+00  0.000000e+00  0.000000e+00  0.000000e+00  0.000000e+00  0.000000e+00  0.000000e+00  0.000000e+00  0.000000e+00
2.990330e+01  1.386401e+02  6.236485e+01  7.196729e+00  0.000000e+00  5.197498e+00  0.000000e+00  9.103833e+00  0.000000e+00  0.000000e+00  0.000000e+00  3.550268e-01  0.000000e+00  2.373312e+00  0.000000e+00  0.000000e+00  0.000000e+00
3.355206e+01  1.781862e+02  4.481154e+01  6.763541e+00  0.000000e+00  1.462651e+01  0.000000e+00  1.279941e+01  0.000000e+00  0.000000e+00  0.000000e+00  2.139387e+00  0.000000e+00  2.069279e+00  0.000000e+00  0.000000e+00  0.000000e+00
3.764603e+01  1.950315e+02  2.993673e+01  1.382104e-02  4.028085e+00  1.728483e+01  0.000000e+00  1.256068e-01  0.000000e+00  0.000000e+00  0.000000e+00  0.000000e+00  0.000000e+00  2.154209e-02  0.000000e+00  0.000000e+00  0.000000e+00
4.223954e+01  1.824468e+02  9.227623e+01  9.518893e-01  0.000000e+00  4.013573e+01  0.000000e+00  5.729170e+00  0.000000e+00  0.000000e+00  0.000000e+00  5.996955e-01  0.000000e+00  1.695596e+01  0.000000e+00  0.000000e+00  0.000000e+00
4.739354e+01  2.561919e+02  9.907531e+01  3.199622e+00  7.987843e+00  1.230915e+01  0.000000e+00  1.158905e+01  0.000000e+00  0.000000e+00  0.000000e+00  0.000000e+00  0.000000e+00  6.785229e+00  0.000000e+00  0.000000e+00  0.000000e+00
5.317643e+01  2.231594e+02  5.769783e+01  7.971127e+00  0.000000e+00  2.825387e+01  0.000000e+00  1.545368e+01  0.000000e+00  0.000000e+00  0.000000e+00  5.465439e-01  0.000000e+00  0.000000e+00  0.000000e+00  0.000000e+00  0.000000e+00
5.966493e+01  2.990624e+02  1.054423e+02  8.855007e+00  4.562725e+00  1.767330e+01  0.000000e+00  1.299540e+01  0.000000e+00  0.000000e+00  0.000000e+00  9.066909e-01  0.000000e+00  2.448776e-01  0.000000e+00  0.000000e+00  0.000000e+00
6.694516e+01  3.242054e+02  8.858481e+01  1.473753e+01  0.000000e+00  3.989908e+01  0.000000e+00  4.259595e+00  0.000000e+00  3.077484e-01  0.000000e+00  3.025098e+00  0.000000e+00  4.778542e+01  0.000000e+00  0.000000e+00  0.000000e+00
7.511370e+01  3.394867e+02  1.177101e+02  1.153056e+01  4.626639e+00  2.331425e+01  0.000000e+00  1.055692e+01  0.000000e+00  0.000000e+00  0.000000e+00  5.352867e-01  0.000000e+00  1.470999e+04  0.000000e+00  0.000000e+00  0.000000e+00
8.427896e+01  4.317586e+02  1.369700e+02  8.103956e+00  1.073276e+01  3.380039e+01  0.000000e+00  1.745256e+01  0.000000e+00  0.000000e+00  0.000000e+00  0.000000e+00  0.000000e+00  1.789256e+04  0.000000e+00  0.000000e+00  0.000000e+00
9.456255e+01  4.315121e+02  1.067666e+02  9.972201e+00  5.568532e+00  2.906949e+01  0.000000e+00  5.391363e+00  0.000000e+00  2.201341e-01  0.000000e+00  2.264888e-03  0.000000e+00  1.351495e+04  0.000000e+00  0.000000e+00  0.000000e+00
1.061009e+02  5.100380e+02  1.392739e+02  8.401328e+00  2.030332e+00  4.199790e+01  0.000000e+00  9.592287e+00  0.000000e+00  0.000000e+00  5.098698e-01  3.613521e+00  0.000000e+00  1.039309e+04  0.000000e+00  0.000000e+00  0.000000e+00
1.190472e+02  5.469034e+02  1.768166e+02  1.846501e+01  2.888238e+00  3.690125e+01  0.000000e+00  5.260494e+00  0.000000e+00  1.012987e+00  1.701138e+00  9.214149e+03  0.000000e+00  7.601355e+03  0.000000e+00  2.469363e-01  0.000000e+00
1.335731e+02  6.171682e+02  1.942744e+02  1.280221e+01  3.895298e-03  4.731271e+01  0.000000e+00  6.849501e+00  0.000000e+00  0.000000e+00  0.000000e+00  7.645729e+03  0.000000e+00  5.576784e+03  0.000000e+00  0.000000e+00  0.000000e+00
1.498715e+02  1.516738e+03  2.233707e+02  1.012427e+01  3.052800e+00  2.858975e+01  0.000000e+00  1.097304e+01  0.000000e+00  1.640839e+00  9.469684e-01  5.722245e+03  0.000000e+00  4.173921e+03  0.000000e+00  0.000000e+00  0.000000e+00
1.681586e+02  2.185455e+03  2.247092e+02  1.272304e+01  3.181464e+00  2.382607e+01  1.273640e-03  1.463670e+01  0.000000e+00  6.919616e-01  0.000000e+00  4.224586e+03  0.000000e+00  3.050309e+03  0.000000e+00  0.000000e+00  0.000000e+00
1.886771e+02  1.267814e+03  2.677220e+02  9.297038e+00  3.240153e+00  5.139128e+01  1.442860e+00  1.348610e+01  9.935842e-01  9.935842e-01  0.000000e+00  3.176279e+03  0.000000e+00  2.261279e+03  0.000000e+00  0.000000e+00  0.000000e+00
2.116992e+02  5.509594e+02  3.310733e+02  1.208173e+01  7.421800e+00  2.107180e+01  8.855329e-01  1.231833e+01  0.000000e+00  0.000000e+00  1.011688e-03  2.483204e+03  0.000000e+00  1.495408e+03  0.000000e+00  2.457767e-03  0.000000e+00
2.375304e+02  3.978776e+02  1.723159e+03  1.902622e+01  6.704702e+00  3.142762e+01  3.983184e-01  1.294482e+01  1.597198e+00  0.000000e+00  5.076961e-01  1.847683e+03  0.000000e+00  1.087927e+03  0.000000e+00  1.286438e+00  0.000000e+00
2.665135e+02  3.267997e+02  1.434532e+03  1.958652e+01  4.336106e+00  4.475536e+01  8.514794e-01  1.005808e+01  0.000000e+00  7.034038e-01  4.318561e-01  1.361892e+03  0.000000e+00  7.786416e+02  0.000000e+00  0.000000e+00  0.000000e+00
2.990330e+02  1.978080e+02  2.160672e+02  1.074850e+01  3.915123e+00  3.527303e+01  3.376272e-02  1.878588e+01  1.116333e-03  2.711988e-03  6.961251e-02  1.029995e+03  0.000000e+00  5.837395e+02  0.000000e+00  0.000000e+00  0.000000e+00
3.355206e+02  1.726378e+02  1.911218e+02  1.258130e+01  5.113414e+00  3.727151e+01  5.587335e-01  1.379469e+01  5.639756e-01  4.519586e-01  6.127660e-01  7.636680e+02  4.354608e-02  3.938161e+02  0.000000e+00  0.000000e+00  5.890782e-03
3.764603e+02  1.154406e+02  1.421290e+02  1.549210e+01  3.924752e+00  4.204647e+01  1.466425e-01  9.915557e+00  0.000000e+00  6.028013e-01  0.000000e+00  5.097439e+02  0.000000e+00  2.889667e+02  0.000000e+00  0.000000e+00  0.000000e+00
4.223954e+02  7.441587e+01  1.173539e+02  9.999351e+00  4.709540e+00  3.540201e+01  3.597938e-01  1.441776e+01  1.020388e+00  4.446081e-01  4.806776e-01  3.901047e+02  0.000000e+00  1.600993e+02  0.000000e+00  1.231802e-03  0.000000e+00
4.739354e+02  5.778053e+01  9.477204e+01  1.414501e+01  8.510940e+00  2.984529e+01  4.341078e-01  1.299609e+01  8.485679e-01  2.967910e-01  0.000000e+00  2.382248e+02  0.000000e+00  1.073320e+02  2.967910e-01  0.000000e+00  0.000000e+00
5.317643e+02  4.429052e+01  6.170191e+01  1.454988e+01  3.970899e+00  3.222289e+01  1.010900e+00  1.195313e+01  1.116097e+00  1.080141e+00  4.129833e-01  1.962877e+02  0.000000e+00  8.450554e+01  4.027603e-04  5.746308e-01  0.000000e+00
5.966493e+02  3.949531e+01  5.287198e+01  1.484689e+01  6.587088e+00  3.156116e+01  8.366817e-01  1.140722e+01  1.130635e+00  6.335599e-01  1.189474e-01  1.440735e+02  0.000000e+00  5.587414e+01  0.000000e+00  1.359214e-03  0.000000e+00
6.694516e+02  2.998946e+01  4.432811e+01  1.828856e+01  9.944404e+00  3.009397e+01  8.980088e-01  1.475513e+01  8.815224e-01  7.603388e-01  2.109122e-01  1.000722e+02  0.000000e+00  3.045768e+01  0.000000e+00  0.000000e+00  0.000000e+00
7.511370e+02  2.432554e+01  3.447187e+01  1.278131e+01  8.055495e+00  2.018053e+01  2.706225e-01  1.100472e+01  1.088557e+00  6.799650e-01  1.454107e-01  6.316944e+01  0.000000e+00  2.153286e+01  0.000000e+00  0.000000e+00  0.000000e+00
8.427896e+02  1.511497e+01  2.826490e+01  1.077118e+01  9.203538e+00  2.206603e+01  6.577134e-01  1.249755e+01  4.491894e-01  1.928697e-01  2.564742e-01  3.405890e+01  0.000000e+00  1.057563e+01  0.000000e+00  2.692054e-01  0.000000e+00
9.456255e+02  1.459872e+01  2.376209e+01  1.434648e+01  5.866764e+00  1.855151e+01  7.528418e-01  1.277189e+01  1.320860e+00  0.000000e+00  5.842873e-01  2.742641e+01  3.257036e-03  8.420022e+00  0.000000e+00  0.000000e+00  0.000000e+00
1.061009e+03  1.337434e+01  1.662075e+01  1.338515e+01  9.185283e+00  1.473339e+01  1.002257e+00  1.206685e+01  9.805293e-01  1.255557e+00  1.106548e-01  2.005386e+01  0.000000e+00  2.890543e+00  2.232045e-02  1.377048e-02  0.000000e+00
1.190472e+03  8.902032e+00  1.442084e+01  1.229760e+01  9.315060e+00  1.134699e+01  9.050627e-01  7.235792e+00  1.167224e+00  5.193179e-01  2.621214e-01  1.217560e+01  0.000000e+00  3.581947e+00  0.000000e+00  0.000000e+00  0.000000e+00
1.335731e+03  8.761921e+00  1.250121e+01  1.002413e+01  7.182858e+00  9.261578e+00  4.319064e-01  9.614961e+00  4.618834e-01  8.627871e-01  1.470025e-01  6.065379e+00  0.000000e+00  1.097526e+00  1.698571e-01  0.000000e+00  0.000000e+00
1.498715e+03  5.563037e+00  9.340484e+00  8.292531e+00  7.568826e+00  6.319979e+00  1.278481e+00  8.257905e+00  1.461462e+00  1.190339e+00  2.340225e-01  3.821076e+00  3.155099e-03  1.917138e+00  0.000000e+00  0.000000e+00  7.277661e-03
1.681586e+03  2.266368e+00  8.588733e+00  6.338587e+00  6.622293e+00  7.366382e+00  7.256963e-01  6.401041e+00  9.376102e-01  8.373467e-01  4.584753e-01  3.444630e+00  0.000000e+00  1.210261e+00  1.046908e-01  0.000000e+00  1.175366e-03
1.886771e+03  3.004577e+00  5.259420e+00  6.428385e+00  8.645978e+00  5.877847e+00  7.521377e-01  5.712003e+00  9.573997e-01  6.743405e-01  4.599129e-01  1.787000e+00  1.179853e-01  1.202747e-01  7.403026e-02  6.698417e-04  0.000000e+00
2.116992e+03  2.457197e+00  5.450100e+00  4.226987e+00  5.228885e+00  2.404878e+00  6.651451e-01  4.201089e+00  8.545137e-01  2.124497e-01  3.682839e-01  7.981188e-01  5.842062e-02  3.129879e-01  2.457767e-04  0.000000e+00  2.457767e-04
2.375304e+03  9.484990e-01  3.243877e+00  3.724970e+00  7.345616e+00  2.354291e+00  1.073125e+00  3.790320e+00  8.091829e-01  5.203954e-01  1.236661e-01  1.079818e+00  1.405380e-04  0.000000e+00  1.223559e-02  0.000000e+00  2.286521e-02
2.665135e+03  1.027081e+00  2.259650e+00  2.983839e+00  6.032549e+00  1.152109e+00  7.554217e-01  2.374341e+00  1.366485e+00  2.951964e-01  5.836872e-01  5.194585e-01  1.618957e-01  1.056873e-01  2.662900e-02  0.000000e+00  7.776128e-02
2.990330e+03  2.002632e-01  1.592762e+00  1.865423e+00  4.596099e+00  9.934125e-01  9.295960e-01  1.677645e+00  8.953187e-01  2.079041e-01  1.736256e-01  4.099025e-01  2.347107e-02  0.000000e+00  2.400432e-02  0.000000e+00  1.064839e-01
3.355206e+03  2.032376e-01  1.839243e+00  1.655570e+00  4.729632e+00  3.159820e-01  9.562549e-01  1.103429e+00  5.791426e-01  2.094399e-01  2.298333e-01  7.794457e-02  9.082598e-02  7.693592e-02  3.164180e-03  0.000000e+00  2.189078e-04
3.764603e+03  7.895164e-02  6.980255e-01  1.176886e+00  2.930283e+00  2.611053e-01  6.962932e-01  6.396408e-01  4.302350e-01  1.195049e-01  2.283041e-01  1.603820e-01  9.018165e-03  5.689140e-05  6.632214e-02  0.000000e+00  5.005659e-02
4.223954e+03  6.232625e-03  5.553238e-01  4.140712e-01  2.370354e+00  9.397063e-02  3.690437e-01  5.894515e-01  4.817450e-01  1.789547e-01  1.456741e-01  1.321946e-01  2.036745e-02  0.000000e+00  6.923561e-02  0.000000e+00  2.768268e-02
4.739354e+03  8.483722e-03  3.473355e-01  5.999343e-01  2.140887e+00  1.172059e-01  4.262959e-01  1.258491e-01  3.232888e-01  7.296827e-02  8.855600e-02  9.156908e-02  3.853677e-02  2.666688e-04  1.587435e-03  0.000000e+00  7.670799e-03
5.317643e+03  6.082446e-02  2.980194e-01  3.473291e-01  1.326981e+00  8.558297e-03  2.948201e-01  3.845152e-02  5.810128e-01  2.020174e-01  1.136710e-01  3.011489e-02  6.073886e-02  0.000000e+00  3.954087e-02  0.000000e+00  7.496892e-02
5.966493e+03  1.545963e-02  1.315964e-01  1.449170e-01  7.222136e-01  5.016605e-02  3.850472e-01  3.486399e-02  2.013764e-01  7.799068e-02  1.659694e-01  1.692144e-03  5.695022e-03  0.000000e+00  9.278731e-03  0.000000e+00  1.984241e-02
6.694516e+03  4.986476e-05  8.735505e-02  1.205415e-01  5.093836e-01  6.722688e-03  5.284962e-01  8.067692e-03  1.222558e-01  8.154056e-02  1.389078e-01  5.961424e-02  1.017380e-01  0.000000e+00  6.351119e-03  0.000000e+00  2.952385e-04
7.511370e+03  2.574657e-03  6.546911e-02  1.277763e-01  3.339489e-01  3.154946e-02  2.493496e-01  3.113535e-02  8.704039e-02  2.332939e-02  7.943364e-02  2.159695e-03  1.759048e-02  0.000000e+00  7.660044e-04  0.000000e+00  6.976073e-02
8.427896e+03  6.418880e-03  4.372234e-02  6.558008e-02  5.959053e-02  7.616826e-03  3.085020e-01  6.611628e-02  2.181801e-01  2.757666e-02  2.064056e-02  4.805842e-02  4.073309e-02  0.000000e+00  4.616704e-04  0.000000e+00  1.001866e-02
9.456255e+03  0.000000e+00  1.303241e-02  6.564343e-02  1.665761e-01  9.819031e-03  2.083113e-01  5.502255e-05  7.187208e-02  4.065868e-02  2.299214e-02  8.745732e-02  5.007685e-02  0.000000e+00  2.176093e-02  0.000000e+00  1.122693e-03
1.061009e+04  0.000000e+00  5.105900e-02  2.834436e-02  9.736377e-02  2.788247e-03  1.348700e-01  1.214599e-02  5.480789e-02  1.077036e-03  3.400604e-02  3.015178e-02  3.560302e-02  0.000000e+00  3.146253e-05  0.000000e+00  1.906698e-02
1.190472e+04  0.000000e+00  1.779097e-04  1.660248e-04  4.912746e-02  0.000000e+00  4.058809e-02  1.799064e-05  2.379618e-03  5.608203e-05  3.272029e-02  9.889415e-02  2.062601e-02  0.000000e+00  3.461193e-03  0.000000e+00  6.284159e-03
1.335731e+04  0.000000e+00  7.784300e-03  3.309571e-02  6.221433e-02  0.000000e+00  5.230343e-02  6.071385e-05  8.753128e-03  7.718873e-04  2.409005e-02  1.157146e-02  3.379338e-03  0.000000e+00  0.000000e+00  0.000000e+00  7.094498e-03
1.498715e+04  0.000000e+00  1.170668e-02  3.155099e-04  3.129147e-03  0.000000e+00  2.218566e-02  0.000000e+00  3.761538e-02  9.748753e-04  3.693929e-03  6.943377e-05  3.523464e-02  0.000000e+00  5.699065e-05  0.000000e+00  1.830016e-02
1.681586e+04  0.000000e+00  7.455535e-04  1.985152e-05  1.882649e-03  0.000000e+00  4.168144e-02  1.273640e-05  2.649352e-03  0.000000e+00  2.811985e-04  1.831566e-04  1.657633e-04  0.000000e+00  9.256688e-03  0.000000e+00  1.323064e-02
1.886771e+04  0.000000e+00  1.688107e-03  0.000000e+00  7.509387e-03  0.000000e+00  2.745230e-02  0.000000e+00  1.966095e-02  0.000000e+00  0.000000e+00  5.801401e-03  7.723364e-03  0.000000e+00  1.496273e-02  0.000000e+00  8.934453e-03
2.116992e+04  0.000000e+00  1.011688e-05  0.000000e+00  4.519463e-03  0.000000e+00  4.842473e-05  0.000000e+00  2.555402e-03  0.000000e+00  0.000000e+00  0.000000e+00  6.644323e-03  0.000000e+00  2.466124e-02  0.000000e+00  2.555402e-03
2.375304e+04  0.000000e+00  0.000000e+00  0.000000e+00  9.016680e-06  0.000000e+00  2.736694e-03  8.320951e-05  4.250474e-04  0.000000e+00  6.151048e-04  2.987823e-03  2.810760e-05  0.000000e+00  0.000000e+00  0.000000e+00  9.407879e-03
2.665135e+04  0.000000e+00  7.416055e-05  0.000000e+00  6.587640e-03  0.000000e+00  0.000000e+00  0.000000e+00  0.000000e+00  0.000000e+00  4.742116e-05  0.000000e+00  0.000000e+00  0.000000e+00  0.000000e+00  0.000000e+00  7.416055e-05
2.990330e+04  0.000000e+00  0.000000e+00  0.000000e+00  6.889629e-04  0.000000e+00  0.000000e+00  0.000000e+00  0.000000e+00  0.000000e+00  0.000000e+00  0.000000e+00  1.026590e-03  0.000000e+00  2.710939e-03  0.000000e+00  1.362905e-03
3.355206e+04  0.000000e+00  0.000000e+00  0.000000e+00  0.000000e+00  0.000000e+00  0.000000e+00  0.000000e+00  0.000000e+00  0.000000e+00  0.000000e+00  0.000000e+00  1.550746e-05  0.000000e+00  9.107284e-03  0.000000e+00  7.533594e-05
3.764603e+04  0.000000e+00  0.000000e+00  0.000000e+00  1.256068e-04  0.000000e+00  0.000000e+00  0.000000e+00  0.000000e+00  0.000000e+00  0.000000e+00  0.000000e+00  5.472627e-04  0.000000e+00  1.256068e-04  0.000000e+00  5.689140e-06
4.223954e+04  0.000000e+00  0.000000e+00  0.000000e+00  7.291594e-05  0.000000e+00  0.000000e+00  0.000000e+00  5.482516e-03  0.000000e+00  0.000000e+00  0.000000e+00  6.075985e-04  0.000000e+00  0.000000e+00  0.000000e+00  0.000000e+00
4.739354e+04  0.000000e+00  0.000000e+00  0.000000e+00  0.000000e+00  0.000000e+00  0.000000e+00  0.000000e+00  4.519045e-06  0.000000e+00  0.000000e+00  0.000000e+00  6.950545e-05  0.000000e+00  4.347062e-04  0.000000e+00  0.000000e+00
5.317643e+04  0.000000e+00  0.000000e+00  0.000000e+00  0.000000e+00  0.000000e+00  0.000000e+00  0.000000e+00  0.000000e+00  0.000000e+00  0.000000e+00  0.000000e+00  0.000000e+00  0.000000e+00  0.000000e+00  0.000000e+00  0.000000e+00
5.966493e+04  0.000000e+00  0.000000e+00  0.000000e+00  0.000000e+00  0.000000e+00  0.000000e+00  0.000000e+00  0.000000e+00  0.000000e+00  0.000000e+00  0.000000e+00  0.000000e+00  0.000000e+00  0.000000e+00  0.000000e+00  0.000000e+00
6.694516e+04  0.000000e+00  0.000000e+00  0.000000e+00  0.000000e+00  0.000000e+00  0.000000e+00  0.000000e+00  0.000000e+00  0.000000e+00  0.000000e+00  0.000000e+00  0.000000e+00  0.000000e+00  0.000000e+00  0.000000e+00  1.540118e-04
7.511370e+04  0.000000e+00  0.000000e+00  0.000000e+00  0.000000e+00  0.000000e+00  0.000000e+00  0.000000e+00  0.000000e+00  0.000000e+00  0.000000e+00  0.000000e+00  0.000000e+00  0.000000e+00  0.000000e+00  0.000000e+00  2.332939e-03
8.427896e+04  0.000000e+00  0.000000e+00  0.000000e+00  0.000000e+00  0.000000e+00  0.000000e+00  0.000000e+00  0.000000e+00  0.000000e+00  0.000000e+00  0.000000e+00  0.000000e+00  0.000000e+00  0.000000e+00  0.000000e+00  0.000000e+00
9.456255e+04  0.000000e+00  0.000000e+00  0.000000e+00  0.000000e+00  0.000000e+00  0.000000e+00  0.000000e+00  0.000000e+00  0.000000e+00  0.000000e+00  0.000000e+00  0.000000e+00  0.000000e+00  0.000000e+00  0.000000e+00  0.000000e+00
1.061009e+05  0.000000e+00  0.000000e+00  0.000000e+00  0.000000e+00  0.000000e+00  0.000000e+00  0.000000e+00  0.000000e+00  0.000000e+00  0.000000e+00  0.000000e+00  0.000000e+00  0.000000e+00  0.000000e+00  0.000000e+00  0.000000e+00
1.190472e+05  0.000000e+00  0.000000e+00  0.000000e+00  0.000000e+00  0.000000e+00  0.000000e+00  0.000000e+00  0.000000e+00  0.000000e+00  0.000000e+00  0.000000e+00  0.000000e+00  0.000000e+00  0.000000e+00  0.000000e+00  0.000000e+00
1.335731e+05  0.000000e+00  0.000000e+00  0.000000e+00  0.000000e+00  0.000000e+00  0.000000e+00  0.000000e+00  0.000000e+00  0.000000e+00  0.000000e+00  0.000000e+00  0.000000e+00  0.000000e+00  0.000000e+00  0.000000e+00  0.000000e+00
1.498715e+05  0.000000e+00  0.000000e+00  0.000000e+00  0.000000e+00  0.000000e+00  0.000000e+00  0.000000e+00  0.000000e+00  0.000000e+00  0.000000e+00  0.000000e+00  0.000000e+00  0.000000e+00  0.000000e+00  0.000000e+00  0.000000e+00
1.681586e+05  0.000000e+00  0.000000e+00  0.000000e+00  0.000000e+00  0.000000e+00  0.000000e+00  0.000000e+00  0.000000e+00  0.000000e+00  0.000000e+00  0.000000e+00  0.000000e+00  0.000000e+00  0.000000e+00  0.000000e+00  0.000000e+00
1.886771e+05  0.000000e+00  0.000000e+00  0.000000e+00  0.000000e+00  0.000000e+00  0.000000e+00  0.000000e+00  0.000000e+00  0.000000e+00  0.000000e+00  0.000000e+00  0.000000e+00  0.000000e+00  0.000000e+00  0.000000e+00  0.000000e+00
2.116992e+05  0.000000e+00  0.000000e+00  0.000000e+00  0.000000e+00  0.000000e+00  0.000000e+00  0.000000e+00  0.000000e+00  0.000000e+00  0.000000e+00  0.000000e+00  0.000000e+00  0.000000e+00  0.000000e+00  0.000000e+00  0.000000e+00
2.375304e+05  0.000000e+00  0.000000e+00  0.000000e+00  0.000000e+00  0.000000e+00  0.000000e+00  0.000000e+00  0.000000e+00  0.000000e+00  0.000000e+00  0.000000e+00  0.000000e+00  0.000000e+00  0.000000e+00  0.000000e+00  0.000000e+00
2.665135e+05  0.000000e+00  0.000000e+00  0.000000e+00  0.000000e+00  0.000000e+00  0.000000e+00  0.000000e+00  0.000000e+00  0.000000e+00  0.000000e+00  0.000000e+00  0.000000e+00  0.000000e+00  0.000000e+00  0.000000e+00  0.000000e+00
2.990330e+05  0.000000e+00  0.000000e+00  0.000000e+00  0.000000e+00  0.000000e+00  0.000000e+00  0.000000e+00  0.000000e+00  0.000000e+00  0.000000e+00  0.000000e+00  0.000000e+00  0.000000e+00  0.000000e+00  0.000000e+00  0.000000e+00
3.355206e+05  0.000000e+00  0.000000e+00  0.000000e+00  0.000000e+00  0.000000e+00  0.000000e+00  0.000000e+00  0.000000e+00  0.000000e+00  0.000000e+00  0.000000e+00  0.000000e+00  0.000000e+00  0.000000e+00  0.000000e+00  0.000000e+00
3.764603e+05  0.000000e+00  0.000000e+00  0.000000e+00  0.000000e+00  0.000000e+00  0.000000e+00  0.000000e+00  0.000000e+00  0.000000e+00  0.000000e+00  0.000000e+00  0.000000e+00  0.000000e+00  0.000000e+00  0.000000e+00  0.000000e+00
4.223954e+05  0.000000e+00  0.000000e+00  0.000000e+00  0.000000e+00  0.000000e+00  0.000000e+00  0.000000e+00  0.000000e+00  0.000000e+00  0.000000e+00  0.000000e+00  0.000000e+00  0.000000e+00  0.000000e+00  0.000000e+00  0.000000e+00
4.739354e+05  0.000000e+00  0.000000e+00  0.000000e+00  0.000000e+00  0.000000e+00  0.000000e+00  0.000000e+00  0.000000e+00  0.000000e+00  0.000000e+00  0.000000e+00  0.000000e+00  0.000000e+00  0.000000e+00  0.000000e+00  0.000000e+00
5.317643e+05  0.000000e+00  0.000000e+00  0.000000e+00  0.000000e+00  0.000000e+00  0.000000e+00  0.000000e+00  0.000000e+00  0.000000e+00  0.000000e+00  0.000000e+00  0.000000e+00  0.000000e+00  0.000000e+00  0.000000e+00  0.000000e+00
5.966493e+05  0.000000e+00  0.000000e+00  0.000000e+00  0.000000e+00  0.000000e+00  0.000000e+00  0.000000e+00  0.000000e+00  0.000000e+00  0.000000e+00  0.000000e+00  0.000000e+00  0.000000e+00  0.000000e+00  0.000000e+00  0.000000e+00
6.694516e+05  0.000000e+00  0.000000e+00  0.000000e+00  0.000000e+00  0.000000e+00  0.000000e+00  0.000000e+00  0.000000e+00  0.000000e+00  0.000000e+00  0.000000e+00  0.000000e+00  0.000000e+00  0.000000e+00  0.000000e+00  0.000000e+00
7.511370e+05  0.000000e+00  0.000000e+00  0.000000e+00  0.000000e+00  0.000000e+00  0.000000e+00  0.000000e+00  0.000000e+00  0.000000e+00  0.000000e+00  0.000000e+00  0.000000e+00  0.000000e+00  0.000000e+00  0.000000e+00  0.000000e+00
8.427896e+05  0.000000e+00  0.000000e+00  0.000000e+00  0.000000e+00  0.000000e+00  0.000000e+00  0.000000e+00  0.000000e+00  0.000000e+00  0.000000e+00  0.000000e+00  0.000000e+00  0.000000e+00  0.000000e+00  0.000000e+00  0.000000e+00
9.456255e+05  0.000000e+00  0.000000e+00  0.000000e+00  0.000000e+00  0.000000e+00  0.000000e+00  0.000000e+00  0.000000e+00  0.000000e+00  0.000000e+00  0.000000e+00  0.000000e+00  0.000000e+00  0.000000e+00  0.000000e+00  0.000000e+00
