# dR/dEr [1/keV/kg/Myr]
# Er [keV], S, F, Ne, Cl, Na, Si, O, P, N, C, Al, Mg, Be, B, Ar, Li
1.061009e+01  1.737536e+03  1.243859e+03  0.000000e+00  0.000000e+00  3.871651e+02  0.000000e+00  1.218354e+02  0.000000e+00  0.000000e+00  0.000000e+00  0.000000e+00  0.000000e+00  1.884853e+00  0.000000e+00  0.000000e+00  0.000000e+00
1.190472e+01  6.643177e+02  1.005729e+02  0.000000e+00  0.000000e+00  2.093660e+02  0.000000e+00  0.000000e+00  0.000000e+00  0.000000e+00  0.000000e+00  0.000000e+00  0.000000e+00  0.000000e+00  0.000000e+00  0.000000e+00  0.000000e+00
1.335731e+01  9.533847e+02  2.006032e+02  0.000000e+00  0.000000e+00  0.000000e+00  0.000000e+00  0.000000e+00  0.000000e+00  0.000000e+00  0.000000e+00  0.000000e+00  0.000000e+00  0.000000e+00  0.000000e+00  0.000000e+00  0.000000e+00
1.498715e+01  2.420891e+02  2.170862e+02  0.000000e+00  0.000000e+00  1.005821e+02  0.000000e+00  4.222920e+01  0.000000e+00  0.000000e+00  0.000000e+00  0.000000e+00  0.000000e+00  0.000000e+00  0.000000e+00  0.000000e+00  0.000000e+00
1.681586e+01  6.133878e+02  1.925220e+02  8.835733e+01  0.000000e+00  1.695710e+02  3.763681e+01  0.000000e+00  0.000000e+00  0.000000e+00  0.000000e+00  0.000000e+00  0.000000e+00  0.000000e+00  0.000000e+00  0.000000e+00  0.000000e+00
1.886771e+01  4.191704e+02  2.539915e+02  0.000000e+00  0.000000e+00  7.874856e+01  0.000000e+00  0.000000e+00  0.000000e+00  0.000000e+00  0.000000e+00  0.000000e+00  0.000000e+00  0.000000e+00  0.000000e+00  0.000000e+00  0.000000e+00
2.116992e+01  4.174935e+02  3.081462e+02  0.000000e+00  0.000000e+00  8.671862e+01  0.000000e+00  3.872955e+01  0.000000e+00  0.000000e+00  0.000000e+00  6.599441e+00  0.000000e+00  0.000000e+00  0.000000e+00  0.000000e+00  0.000000e+00
2.375304e+01  7.694734e+02  1.541852e+02  3.892392e+01  0.000000e+00  1.524637e+02  0.000000e+00  6.255220e+01  0.000000e+00  0.000000e+00  0.000000e+00  0.000000e+00  0.000000e+00  0.000000e+00  0.000000e+00  0.000000e+00  0.000000e+00
2.665135e+01  6.606927e+02  2.227648e+02  3.076397e+01  8.117857e-01  4.839460e+01  0.000000e+00  0.000000e+00  1.950590e+01  0.000000e+00  0.000000e+00  0.000000e+00  0.000000e+00  0.000000e+00  0.000000e+00  0.000000e+00  0.000000e+00
2.990330e+01  7.260505e+02  3.239874e+02  3.687805e+01  0.000000e+00  2.529567e+01  0.000000e+00  4.858315e+01  0.000000e+00  0.000000e+00  0.000000e+00  2.098597e+00  0.000000e+00  9.737394e+00  0.000000e+00  0.000000e+00  0.000000e+00
3.355206e+01  9.133270e+02  2.269579e+02  3.584466e+01  0.000000e+00  7.915244e+01  0.000000e+00  5.774174e+01  0.000000e+00  0.000000e+00  0.000000e+00  8.875980e+00  0.000000e+00  1.010731e+01  0.000000e+00  0.000000e+00  0.000000e+00
3.764603e+01  1.017919e+03  1.544563e+02  1.165233e-01  2.177922e+01  8.133044e+01  0.000000e+00  8.280387e-01  0.000000e+00  0.000000e+00  0.000000e+00  0.000000e+00  0.000000e+00  1.760384e-01  0.000000e+00  0.000000e+00  0.000000e+00
4.223954e+01  9.657323e+02  4.859817e+02  4.293784e+00  0.000000e+00  2.055744e+02  0.000000e+00  3.012387e+01  0.000000e+00  0.000000e+00  0.000000e+00  3.227991e+00  0.000000e+00  6.443907e+01  0.000000e+00  0.000000e+00  0.000000e+00
4.739354e+01  1.345563e+03  5.190558e+02  1.729985e+01  4.267593e+01  6.590038e+01  0.000000e+00  6.149807e+01  0.000000e+00  0.000000e+00  0.000000e+00  0.000000e+00  0.000000e+00  2.968865e+01  0.000000e+00  0.000000e+00  0.000000e+00
5.317643e+01  1.168552e+03  3.049651e+02  4.273882e+01  0.000000e+00  1.501703e+02  0.000000e+00  8.241209e+01  0.000000e+00  0.000000e+00  0.000000e+00  2.627285e+00  0.000000e+00  0.000000e+00  0.000000e+00  0.000000e+00  0.000000e+00
5.966493e+01  1.573658e+03  5.518937e+02  4.651955e+01  2.434926e+01  9.045209e+01  0.000000e+00  6.539246e+01  0.000000e+00  0.000000e+00  0.000000e+00  3.878059e+00  0.000000e+00  1.321996e+00  0.000000e+00  0.000000e+00  0.000000e+00
6.694516e+01  1.701182e+03  4.705722e+02  7.784030e+01  0.000000e+00  2.061658e+02  0.000000e+00  2.251754e+01  0.000000e+00  1.571084e+00  0.000000e+00  1.097454e+01  0.000000e+00  2.048553e+02  0.000000e+00  0.000000e+00  0.000000e+00
7.511370e+01  1.788915e+03  6.036538e+02  5.855037e+01  2.443705e+01  1.211854e+02  0.000000e+00  5.646307e+01  0.000000e+00  0.000000e+00  0.000000e+00  2.414572e+00  0.000000e+00  6.414344e+04  0.000000e+00  0.000000e+00  0.000000e+00
8.427896e+01  2.280274e+03  7.209885e+02  4.367247e+01  5.725620e+01  1.764146e+02  0.000000e+00  8.645546e+01  0.000000e+00  0.000000e+00  0.000000e+00  0.000000e+00  0.000000e+00  7.776508e+04  0.000000e+00  0.000000e+00  0.000000e+00
9.456255e+01  2.265494e+03  5.618350e+02  5.028551e+01  3.015730e+01  1.501279e+02  0.000000e+00  2.850065e+01  0.000000e+00  1.132567e+00  0.000000e+00  2.032470e-02  0.000000e+00  5.868904e+04  0.000000e+00  0.000000e+00  0.000000e+00
1.061009e+02  2.692076e+03  7.321559e+02  4.476197e+01  1.041176e+01  2.166326e+02  0.000000e+00  5.038537e+01  0.000000e+00  0.000000e+00  2.180793e+00  1.695906e+01  0.000000e+00  4.523624e+04  0.000000e+00  0.000000e+00  0.000000e+00
1.190472e+02  2.887450e+03  9.269882e+02  9.685408e+01  1.568284e+01  1.867269e+02  0.000000e+00  2.469309e+01  0.000000e+00  5.316341e+00  6.171437e+00  4.010793e+04  0.000000e+00  3.307729e+04  0.000000e+00  1.197955e+00  0.000000e+00
1.335731e+02  3.264569e+03  1.029393e+03  6.418442e+01  3.284074e-02  2.493714e+02  0.000000e+00  3.437498e+01  0.000000e+00  0.000000e+00  0.000000e+00  3.316382e+04  0.000000e+00  2.426375e+04  0.000000e+00  0.000000e+00  0.000000e+00
1.498715e+02  8.026947e+03  1.178840e+03  5.376526e+01  1.536037e+01  1.518956e+02  0.000000e+00  5.477674e+01  0.000000e+00  8.653834e+00  3.535412e+00  2.484928e+04  0.000000e+00  1.821584e+04  0.000000e+00  0.000000e+00  0.000000e+00
1.681586e+02  1.157257e+04  1.183106e+03  6.547343e+01  1.695710e+01  1.248124e+02  1.142942e-02  7.387580e+01  0.000000e+00  2.658498e+00  0.000000e+00  1.841431e+04  0.000000e+00  1.320381e+04  0.000000e+00  0.000000e+00  0.000000e+00
1.886771e+02  6.703252e+03  1.410796e+03  4.829594e+01  1.742990e+01  2.656703e+02  7.699911e+00  6.812900e+01  5.384463e+00  5.384463e+00  0.000000e+00  1.386799e+04  0.000000e+00  9.839356e+03  0.000000e+00  0.000000e+00  0.000000e+00
2.116992e+02  2.912236e+03  1.740408e+03  6.252164e+01  3.907817e+01  1.077661e+02  4.798908e+00  6.518025e+01  0.000000e+00  0.000000e+00  9.078709e-03  1.076129e+04  0.000000e+00  6.446223e+03  0.000000e+00  2.072111e-02  0.000000e+00
2.375304e+02  2.096291e+03  9.121583e+03  1.008075e+02  3.553994e+01  1.624658e+02  1.978189e+00  6.661603e+01  8.542867e+00  0.000000e+00  2.664482e+00  7.996737e+03  0.000000e+00  4.686882e+03  0.000000e+00  6.153222e+00  0.000000e+00
2.665135e+02  1.722233e+03  7.593310e+03  1.041653e+02  2.096286e+01  2.315859e+02  4.512575e+00  5.202539e+01  0.000000e+00  3.811908e+00  1.639880e+00  5.923020e+03  0.000000e+00  3.405582e+03  0.000000e+00  0.000000e+00  0.000000e+00
2.990330e+02  1.041894e+03  1.140024e+03  5.563962e+01  2.085821e+01  1.857028e+02  1.951903e-01  9.574509e+01  9.709984e-03  2.216192e-02  3.581492e-01  4.500478e+03  0.000000e+00  2.546232e+03  0.000000e+00  0.000000e+00  0.000000e+00
3.355206e+02  9.043431e+02  1.006938e+03  6.532775e+01  2.715454e+01  1.953277e+02  3.027906e+00  7.033465e+01  2.800901e+00  2.443669e+00  2.254191e+00  3.308142e+03  2.350878e-01  1.687393e+03  0.000000e+00  0.000000e+00  4.403748e-02
3.764603e+02  6.064438e+02  7.438470e+02  8.112837e+01  1.837987e+01  2.190883e+02  7.509042e-01  5.149200e+01  0.000000e+00  3.194659e+00  0.000000e+00  2.247515e+03  0.000000e+00  1.232712e+03  0.000000e+00  0.000000e+00  0.000000e+00
4.223954e+02  3.903194e+02  6.134023e+02  5.137258e+01  2.443082e+01  1.851582e+02  1.947950e+00  7.536482e+01  5.393073e+00  2.412025e+00  1.749732e+00  1.700740e+03  0.000000e+00  6.957939e+02  0.000000e+00  1.038515e-02  0.000000e+00
4.739354e+02  2.969915e+02  4.910728e+02  7.390433e+01  4.490108e+01  1.536335e+02  2.218204e+00  6.709041e+01  3.882905e+00  1.096897e+00  0.000000e+00  1.031272e+03  0.000000e+00  4.756651e+02  1.096897e+00  0.000000e+00  0.000000e+00
5.317643e+02  2.271971e+02  3.210768e+02  7.557727e+01  2.027325e+01  1.683995e+02  5.231538e+00  6.226483e+01  5.319900e+00  5.313566e+00  2.213894e+00  8.472501e+02  0.000000e+00  3.704148e+02  3.614299e-03  2.748543e+00  0.000000e+00
5.966493e+02  2.022732e+02  2.717460e+02  7.681096e+01  3.391956e+01  1.654954e+02  3.853811e+00  5.911788e+01  5.781498e+00  3.441695e+00  4.880258e-01  6.319849e+02  0.000000e+00  2.424645e+02  0.000000e+00  1.110727e-02  0.000000e+00
6.694516e+02  1.529800e+02  2.287681e+02  9.557639e+01  5.160873e+01  1.576747e+02  4.258893e+00  7.765290e+01  4.536706e+00  4.015924e+00  1.102502e+00  4.325944e+02  0.000000e+00  1.279251e+02  0.000000e+00  0.000000e+00  0.000000e+00
7.511370e+02  1.248335e+02  1.777492e+02  6.766963e+01  4.134991e+01  1.064207e+02  1.368165e+00  5.783004e+01  5.811924e+00  3.105012e+00  7.305682e-01  2.708910e+02  0.000000e+00  9.379479e+01  0.000000e+00  0.000000e+00  0.000000e+00
8.427896e+02  7.778056e+01  1.451628e+02  5.591201e+01  4.858967e+01  1.138404e+02  3.486756e+00  6.536303e+01  2.399844e+00  1.049962e+00  1.039986e+00  1.488741e+02  0.000000e+00  4.713543e+01  0.000000e+00  9.873147e-01  0.000000e+00
9.456255e+02  7.408820e+01  1.230589e+02  7.499274e+01  2.970452e+01  9.750772e+01  3.751700e+00  6.636974e+01  7.096240e+00  0.000000e+00  3.087459e+00  1.167424e+02  2.287923e-02  3.698460e+01  0.000000e+00  0.000000e+00  0.000000e+00
1.061009e+03  6.757556e+01  8.460168e+01  6.955629e+01  4.747235e+01  7.704144e+01  5.005996e+00  6.348305e+01  5.264880e+00  6.132584e+00  4.285817e-01  8.830559e+01  0.000000e+00  1.158436e+01  1.195199e-01  7.434128e-02  0.000000e+00
1.190472e+03  4.581658e+01  7.426831e+01  6.383701e+01  4.858868e+01  6.032737e+01  4.183732e+00  3.764798e+01  6.163538e+00  2.719278e+00  1.107908e+00  5.372770e+01  0.000000e+00  1.528092e+01  0.000000e+00  0.000000e+00  0.000000e+00
1.335731e+03  4.347122e+01  6.420113e+01  5.207133e+01  3.769668e+01  4.897643e+01  2.164522e+00  5.038849e+01  2.158156e+00  4.257951e+00  7.840355e-01  2.579328e+01  0.000000e+00  4.658604e+00  6.229535e-01  0.000000e+00  0.000000e+00
1.498715e+03  2.799198e+01  4.817948e+01  4.366170e+01  3.924238e+01  3.328329e+01  6.229252e+00  4.298228e+01  7.115967e+00  5.658257e+00  1.139604e+00  1.714760e+01  2.079939e-02  8.468331e+00  0.000000e+00  0.000000e+00  4.336746e-02
1.681586e+03  1.121273e+01  4.273864e+01  3.272462e+01  3.389576e+01  3.757248e+01  3.832657e+00  3.370816e+01  4.860273e+00  4.062434e+00  1.848176e+00  1.431020e+01  0.000000e+00  6.021359e+00  3.830975e-01  0.000000e+00  8.786632e-03
1.886771e+03  1.421382e+01  2.646973e+01  3.291320e+01  4.507204e+01  3.026114e+01  3.706946e+00  3.012022e+01  4.678668e+00  3.222837e+00  2.065103e+00  7.682030e+00  5.888799e-01  6.374182e-01  3.187675e-01  5.299653e-03  0.000000e+00
2.116992e+03  1.253724e+01  2.731048e+01  2.172771e+01  2.726762e+01  1.243407e+01  3.135384e+00  2.185014e+01  4.317708e+00  1.044309e+00  1.645077e+00  3.151345e+00  2.879509e-01  1.242182e+00  2.072111e-03  0.000000e+00  2.072111e-03
2.375304e+03  4.905702e+00  1.656549e+01  1.906031e+01  3.800163e+01  1.203623e+01  5.062994e+00  1.978564e+01  3.985877e+00  2.584826e+00  6.408867e-01  4.923591e+00  1.222415e-03  0.000000e+00  5.881758e-02  0.000000e+00  9.822158e-02
2.665135e+03  4.861138e+00  1.094500e+01  1.518322e+01  3.090697e+01  5.925643e+00  3.752311e+00  1.249832e+01  6.885458e+00  1.320304e+00  2.587092e+00  2.095071e+00  5.941228e-01  4.395075e-01  1.092554e-01  0.000000e+00  2.873643e-01
2.990330e+03  9.112723e-01  7.530627e+00  9.341374e+00  2.311666e+01  5.014308e+00  4.466437e+00  8.601808e+00  4.708272e+00  8.515146e-01  7.670447e-01  1.579921e+00  1.106647e-01  0.000000e+00  9.959013e-02  0.000000e+00  3.940600e-01
3.355206e+03  8.912417e-01  8.656570e+00  7.554226e+00  2.405789e+01  1.494255e+00  4.803836e+00  5.812617e+00  3.049687e+00  9.718574e-01  1.069403e+00  3.153245e-01  3.736995e-01  3.001208e-01  1.870376e-02  0.000000e+00  1.880241e-03
3.764603e+03  4.084358e-01  3.436007e+00  5.509555e+00  1.496366e+01  1.090875e+00  3.357326e+00  3.208387e+00  2.210573e+00  5.877455e-01  9.991278e-01  6.553314e-01  5.018483e-02  5.105333e-04  2.539965e-01  0.000000e+00  2.148295e-01
4.223954e+03  3.489488e-02  2.751553e+00  1.893222e+00  1.217197e+01  3.607379e-01  1.758656e+00  3.154726e+00  2.394065e+00  7.334803e-01  6.625449e-01  5.056710e-01  9.298068e-02  0.000000e+00  2.798884e-01  0.000000e+00  1.231687e-01
4.739354e+03  3.826839e-02  1.645104e+00  2.789174e+00  1.085253e+01  4.730431e-01  2.186040e+00  5.970870e-01  1.447388e+00  2.922541e-01  3.777086e-01  3.482181e-01  1.443364e-01  2.109830e-03  1.001370e-02  0.000000e+00  4.379190e-02
5.317643e+03  2.577254e-01  1.294580e+00  1.603999e+00  6.696495e+00  4.560378e-02  1.445825e+00  1.411998e-01  2.699774e+00  9.337421e-01  4.812329e-01  1.441558e-01  2.515630e-01  0.000000e+00  1.586867e-01  0.000000e+00  3.392748e-01
5.966493e+03  6.740374e-02  6.266254e-01  5.656199e-01  3.397676e+00  2.179283e-01  1.810845e+00  1.630597e-01  8.344709e-01  3.704607e-01  6.774823e-01  9.782686e-03  2.958539e-02  0.000000e+00  4.045649e-02  0.000000e+00  7.719898e-02
6.694516e+03  4.337291e-04  3.950400e-01  5.399534e-01  2.340209e+00  3.429676e-02  2.478214e+00  4.130553e-02  6.073718e-01  3.178464e-01  5.660534e-01  2.345643e-01  4.638087e-01  0.000000e+00  2.973278e-02  0.000000e+00  2.207102e-03
7.511370e+03  1.465101e-02  2.579634e-01  5.276335e-01  1.753835e+00  1.185492e-01  1.197184e+00  1.189390e-01  4.318380e-01  8.488256e-02  3.265222e-01  1.416473e-02  7.249722e-02  0.000000e+00  5.288179e-03  0.000000e+00  2.782894e-01
8.427896e+03  2.745456e-02  1.816624e-01  2.884660e-01  2.794521e-01  3.438017e-02  1.359095e+00  2.886306e-01  8.736721e-01  1.056733e-01  8.576018e-02  1.743477e-01  1.573820e-01  0.000000e+00  3.353426e-03  0.000000e+00  4.948225e-02
9.456255e+03  0.000000e+00  5.210956e-02  2.718508e-01  7.340667e-01  3.915732e-02  9.564291e-01  4.638878e-04  3.216521e-01  1.528691e-01  8.816675e-02  3.487937e-01  1.982582e-01  0.000000e+00  8.345959e-02  0.000000e+00  6.636345e-03
1.061009e+04  0.000000e+00  2.015222e-01  1.438166e-01  4.093283e-01  1.358106e-02  5.905648e-01  5.616945e-02  2.202809e-01  6.539257e-03  1.441356e-01  1.198448e-01  1.293369e-01  0.000000e+00  2.736645e-04  0.000000e+00  7.435869e-02
1.190472e+04  0.000000e+00  1.452321e-03  1.241145e-03  2.173676e-01  0.000000e+00  1.741614e-01  1.614448e-04  1.468178e-02  4.878076e-04  1.271262e-01  4.489186e-01  7.782488e-02  0.000000e+00  1.766971e-02  0.000000e+00  3.204919e-02
1.335731e+04  0.000000e+00  3.580002e-02  1.453872e-01  2.415302e-01  0.000000e+00  2.647318e-01  4.961436e-04  3.718047e-02  4.513653e-03  9.241248e-02  4.946558e-02  1.635082e-02  0.000000e+00  0.000000e+00  0.000000e+00  3.253210e-02
1.498715e+04  0.000000e+00  4.267029e-02  2.079939e-03  1.651137e-02  0.000000e+00  8.861509e-02  0.000000e+00  1.579387e-01  5.262960e-03  1.610602e-02  5.853868e-04  1.701404e-01  0.000000e+00  4.864331e-04  0.000000e+00  7.280546e-02
1.681586e+04  0.000000e+00  4.994089e-03  1.726707e-04  9.557799e-03  0.000000e+00  1.653847e-01  1.142942e-04  1.266672e-02  0.000000e+00  1.853748e-03  1.286594e-03  1.272764e-03  0.000000e+00  4.002967e-02  0.000000e+00  5.173397e-02
1.886771e+04  0.000000e+00  8.539046e-03  0.000000e+00  2.800592e-02  0.000000e+00  1.123767e-01  0.000000e+00  7.295511e-02  0.000000e+00  0.000000e+00  2.505697e-02  2.935886e-02  0.000000e+00  5.694897e-02  0.000000e+00  4.102362e-02
2.116992e+04  0.000000e+00  9.078709e-05  0.000000e+00  2.023746e-02  0.000000e+00  4.038325e-04  0.000000e+00  1.092986e-02  0.000000e+00  0.000000e+00  0.000000e+00  2.455647e-02  0.000000e+00  9.665397e-02  0.000000e+00  1.092986e-02
2.375304e+04  0.000000e+00  0.000000e+00  0.000000e+00  8.091408e-05  0.000000e+00  1.247755e-02  6.220459e-04  2.457300e-03  0.000000e+00  3.320703e-03  1.225865e-02  2.444829e-04  0.000000e+00  0.000000e+00  0.000000e+00  3.678187e-02
2.665135e+04  0.000000e+00  5.543990e-04  0.000000e+00  2.403210e-02  0.000000e+00  0.000000e+00  0.000000e+00  0.000000e+00  0.000000e+00  3.751867e-04  0.000000e+00  0.000000e+00  0.000000e+00  0.000000e+00  0.000000e+00  5.543990e-04
2.990330e+04  0.000000e+00  0.000000e+00  0.000000e+00  3.517220e-03  0.000000e+00  0.000000e+00  0.000000e+00  0.000000e+00  0.000000e+00  0.000000e+00  0.000000e+00  5.469122e-03  0.000000e+00  1.168930e-02  0.000000e+00  6.226503e-03
3.355206e+04  0.000000e+00  0.000000e+00  0.000000e+00  0.000000e+00  0.000000e+00  0.000000e+00  0.000000e+00  0.000000e+00  0.000000e+00  0.000000e+00  0.000000e+00  1.307413e-04  0.000000e+00  4.356147e-02  0.000000e+00  5.960428e-04
3.764603e+04  0.000000e+00  0.000000e+00  0.000000e+00  8.280387e-04  0.000000e+00  0.000000e+00  0.000000e+00  0.000000e+00  0.000000e+00  0.000000e+00  0.000000e+00  2.793827e-03  0.000000e+00  8.280387e-04  0.000000e+00  5.105333e-05
4.223954e+04  0.000000e+00  0.000000e+00  0.000000e+00  5.122022e-04  0.000000e+00  0.000000e+00  0.000000e+00  2.070103e-02  0.000000e+00  0.000000e+00  0.000000e+00  3.296732e-03  0.000000e+00  0.000000e+00  0.000000e+00  0.000000e+00
4.739354e+04  0.000000e+00  0.000000e+00  0.000000e+00  0.000000e+00  0.000000e+00  0.000000e+00  0.000000e+00  4.055310e-05  0.000000e+00  0.000000e+00  0.000000e+00  4.970538e-04  0.000000e+00  2.219216e-03  0.000000e+00  0.000000e+00
5.317643e+04  0.000000e+00  0.000000e+00  0.000000e+00  0.000000e+00  0.000000e+00  0.000000e+00  0.000000e+00  0.000000e+00  0.000000e+00  0.000000e+00  0.000000e+00  0.000000e+00  0.000000e+00  0.000000e+00  0.000000e+00  0.000000e+00
5.966493e+04  0.000000e+00  0.000000e+00  0.000000e+00  0.000000e+00  0.000000e+00  0.000000e+00  0.000000e+00  0.000000e+00  0.000000e+00  0.000000e+00  0.000000e+00  0.000000e+00  0.000000e+00  0.000000e+00  0.000000e+00  0.000000e+00
6.694516e+04  0.000000e+00  0.000000e+00  0.000000e+00  0.000000e+00  0.000000e+00  0.000000e+00  0.000000e+00  0.000000e+00  0.000000e+00  0.000000e+00  0.000000e+00  0.000000e+00  0.000000e+00  0.000000e+00  0.000000e+00  9.005922e-04
7.511370e+04  0.000000e+00  0.000000e+00  0.000000e+00  0.000000e+00  0.000000e+00  0.000000e+00  0.000000e+00  0.000000e+00  0.000000e+00  0.000000e+00  0.000000e+00  0.000000e+00  0.000000e+00  0.000000e+00  0.000000e+00  8.488256e-03
8.427896e+04  0.000000e+00  0.000000e+00  0.000000e+00  0.000000e+00  0.000000e+00  0.000000e+00  0.000000e+00  0.000000e+00  0.000000e+00  0.000000e+00  0.000000e+00  0.000000e+00  0.000000e+00  0.000000e+00  0.000000e+00  0.000000e+00
9.456255e+04  0.000000e+00  0.000000e+00  0.000000e+00  0.000000e+00  0.000000e+00  0.000000e+00  0.000000e+00  0.000000e+00  0.000000e+00  0.000000e+00  0.000000e+00  0.000000e+00  0.000000e+00  0.000000e+00  0.000000e+00  0.000000e+00
1.061009e+05  0.000000e+00  0.000000e+00  0.000000e+00  0.000000e+00  0.000000e+00  0.000000e+00  0.000000e+00  0.000000e+00  0.000000e+00  0.000000e+00  0.000000e+00  0.000000e+00  0.000000e+00  0.000000e+00  0.000000e+00  0.000000e+00
1.190472e+05  0.000000e+00  0.000000e+00  0.000000e+00  0.000000e+00  0.000000e+00  0.000000e+00  0.000000e+00  0.000000e+00  0.000000e+00  0.000000e+00  0.000000e+00  0.000000e+00  0.000000e+00  0.000000e+00  0.000000e+00  0.000000e+00
1.335731e+05  0.000000e+00  0.000000e+00  0.000000e+00  0.000000e+00  0.000000e+00  0.000000e+00  0.000000e+00  0.000000e+00  0.000000e+00  0.000000e+00  0.000000e+00  0.000000e+00  0.000000e+00  0.000000e+00  0.000000e+00  0.000000e+00
1.498715e+05  0.000000e+00  0.000000e+00  0.000000e+00  0.000000e+00  0.000000e+00  0.000000e+00  0.000000e+00  0.000000e+00  0.000000e+00  0.000000e+00  0.000000e+00  0.000000e+00  0.000000e+00  0.000000e+00  0.000000e+00  0.000000e+00
1.681586e+05  0.000000e+00  0.000000e+00  0.000000e+00  0.000000e+00  0.000000e+00  0.000000e+00  0.000000e+00  0.000000e+00  0.000000e+00  0.000000e+00  0.000000e+00  0.000000e+00  0.000000e+00  0.000000e+00  0.000000e+00  0.000000e+00
1.886771e+05  0.000000e+00  0.000000e+00  0.000000e+00  0.000000e+00  0.000000e+00  0.000000e+00  0.000000e+00  0.000000e+00  0.000000e+00  0.000000e+00  0.000000e+00  0.000000e+00  0.000000e+00  0.000000e+00  0.000000e+00  0.000000e+00
2.116992e+05  0.000000e+00  0.000000e+00  0.000000e+00  0.000000e+00  0.000000e+00  0.000000e+00  0.000000e+00  0.000000e+00  0.000000e+00  0.000000e+00  0.000000e+00  0.000000e+00  0.000000e+00  0.000000e+00  0.000000e+00  0.000000e+00
2.375304e+05  0.000000e+00  0.000000e+00  0.000000e+00  0.000000e+00  0.000000e+00  0.000000e+00  0.000000e+00  0.000000e+00  0.000000e+00  0.000000e+00  0.000000e+00  0.000000e+00  0.000000e+00  0.000000e+00  0.000000e+00  0.000000e+00
2.665135e+05  0.000000e+00  0.000000e+00  0.000000e+00  0.000000e+00  0.000000e+00  0.000000e+00  0.000000e+00  0.000000e+00  0.000000e+00  0.000000e+00  0.000000e+00  0.000000e+00  0.000000e+00  0.000000e+00  0.000000e+00  0.000000e+00
2.990330e+05  0.000000e+00  0.000000e+00  0.000000e+00  0.000000e+00  0.000000e+00  0.000000e+00  0.000000e+00  0.000000e+00  0.000000e+00  0.000000e+00  0.000000e+00  0.000000e+00  0.000000e+00  0.000000e+00  0.000000e+00  0.000000e+00
3.355206e+05  0.000000e+00  0.000000e+00  0.000000e+00  0.000000e+00  0.000000e+00  0.000000e+00  0.000000e+00  0.000000e+00  0.000000e+00  0.000000e+00  0.000000e+00  0.000000e+00  0.000000e+00  0.000000e+00  0.000000e+00  0.000000e+00
3.764603e+05  0.000000e+00  0.000000e+00  0.000000e+00  0.000000e+00  0.000000e+00  0.000000e+00  0.000000e+00  0.000000e+00  0.000000e+00  0.000000e+00  0.000000e+00  0.000000e+00  0.000000e+00  0.000000e+00  0.000000e+00  0.000000e+00
4.223954e+05  0.000000e+00  0.000000e+00  0.000000e+00  0.000000e+00  0.000000e+00  0.000000e+00  0.000000e+00  0.000000e+00  0.000000e+00  0.000000e+00  0.000000e+00  0.000000e+00  0.000000e+00  0.000000e+00  0.000000e+00  0.000000e+00
4.739354e+05  0.000000e+00  0.000000e+00  0.000000e+00  0.000000e+00  0.000000e+00  0.000000e+00  0.000000e+00  0.000000e+00  0.000000e+00  0.000000e+00  0.000000e+00  0.000000e+00  0.000000e+00  0.000000e+00  0.000000e+00  0.000000e+00
5.317643e+05  0.000000e+00  0.000000e+00  0.000000e+00  0.000000e+00  0.000000e+00  0.000000e+00  0.000000e+00  0.000000e+00  0.000000e+00  0.000000e+00  0.000000e+00  0.000000e+00  0.000000e+00  0.000000e+00  0.000000e+00  0.000000e+00
5.966493e+05  0.000000e+00  0.000000e+00  0.000000e+00  0.000000e+00  0.000000e+00  0.000000e+00  0.000000e+00  0.000000e+00  0.000000e+00  0.000000e+00  0.000000e+00  0.000000e+00  0.000000e+00  0.000000e+00  0.000000e+00  0.000000e+00
6.694516e+05  0.000000e+00  0.000000e+00  0.000000e+00  0.000000e+00  0.000000e+00  0.000000e+00  0.000000e+00  0.000000e+00  0.000000e+00  0.000000e+00  0.000000e+00  0.000000e+00  0.000000e+00  0.000000e+00  0.000000e+00  0.000000e+00
7.511370e+05  0.000000e+00  0.000000e+00  0.000000e+00  0.000000e+00  0.000000e+00  0.000000e+00  0.000000e+00  0.000000e+00  0.000000e+00  0.000000e+00  0.000000e+00  0.000000e+00  0.000000e+00  0.000000e+00  0.000000e+00  0.000000e+00
8.427896e+05  0.000000e+00  0.000000e+00  0.000000e+00  0.000000e+00  0.000000e+00  0.000000e+00  0.000000e+00  0.000000e+00  0.000000e+00  0.000000e+00  0.000000e+00  0.000000e+00  0.000000e+00  0.000000e+00  0.000000e+00  0.000000e+00
9.456255e+05  0.000000e+00  0.000000e+00  0.000000e+00  0.000000e+00  0.000000e+00  0.000000e+00  0.000000e+00  0.000000e+00  0.000000e+00  0.000000e+00  0.000000e+00  0.000000e+00  0.000000e+00  0.000000e+00  0.000000e+00  0.000000e+00
