# dR/dEr [1/keV/kg/Myr]
# Er [keV], S, F, Ne, Cl, Na, Si, O, P, N, C, Al, Mg, Be, B, Ar, Li
1.061009e+01  2.115498e+01  1.589108e+01  0.000000e+00  0.000000e+00  5.725019e+00  0.000000e+00  1.424227e+00  0.000000e+00  0.000000e+00  0.000000e+00  0.000000e+00  0.000000e+00  4.667922e-02  0.000000e+00  0.000000e+00  0.000000e+00
1.190472e+01  7.947993e+00  1.575466e+00  0.000000e+00  0.000000e+00  2.529210e+00  0.000000e+00  0.000000e+00  0.000000e+00  0.000000e+00  0.000000e+00  0.000000e+00  0.000000e+00  0.000000e+00  0.000000e+00  0.000000e+00  0.000000e+00
1.335731e+01  1.154124e+01  2.371694e+00  0.000000e+00  0.000000e+00  0.000000e+00  0.000000e+00  0.000000e+00  0.000000e+00  0.000000e+00  0.000000e+00  0.000000e+00  0.000000e+00  0.000000e+00  0.000000e+00  0.000000e+00  0.000000e+00
1.498715e+01  2.932331e+00  3.125355e+00  0.000000e+00  0.000000e+00  1.215499e+00  0.000000e+00  4.878119e-01  0.000000e+00  0.000000e+00  0.000000e+00  0.000000e+00  0.000000e+00  0.000000e+00  0.000000e+00  0.000000e+00  0.000000e+00
1.681586e+01  7.245635e+00  3.263621e+00  1.047960e+00  0.000000e+00  2.043814e+00  4.347629e-01  0.000000e+00  0.000000e+00  0.000000e+00  0.000000e+00  0.000000e+00  0.000000e+00  0.000000e+00  0.000000e+00  0.000000e+00  0.000000e+00
1.886771e+01  4.963482e+00  3.735386e+00  0.000000e+00  0.000000e+00  9.339955e-01  0.000000e+00  0.000000e+00  0.000000e+00  0.000000e+00  0.000000e+00  0.000000e+00  0.000000e+00  0.000000e+00  0.000000e+00  0.000000e+00  0.000000e+00
2.116992e+01  5.026239e+00  4.136731e+00  0.000000e+00  0.000000e+00  1.011197e+00  0.000000e+00  4.447111e-01  0.000000e+00  0.000000e+00  0.000000e+00  2.374385e-01  0.000000e+00  0.000000e+00  0.000000e+00  0.000000e+00  0.000000e+00
2.375304e+01  9.280807e+00  1.823288e+00  1.056131e+00  0.000000e+00  2.300923e+00  0.000000e+00  7.418990e-01  0.000000e+00  0.000000e+00  0.000000e+00  0.000000e+00  0.000000e+00  0.000000e+00  0.000000e+00  0.000000e+00  0.000000e+00
2.665135e+01  8.074655e+00  3.756012e+00  3.532466e-01  2.230728e-02  5.644894e-01  0.000000e+00  0.000000e+00  6.988440e-01  0.000000e+00  0.000000e+00  0.000000e+00  0.000000e+00  0.000000e+00  0.000000e+00  0.000000e+00  0.000000e+00
2.990330e+01  9.144201e+00  4.163410e+00  4.327555e-01  0.000000e+00  5.385030e-01  0.000000e+00  5.593165e-01  0.000000e+00  0.000000e+00  0.000000e+00  6.617040e-02  0.000000e+00  3.712210e-01  0.000000e+00  0.000000e+00  0.000000e+00
3.355206e+01  1.166464e+01  3.103066e+00  4.490077e-01  0.000000e+00  9.186157e-01  0.000000e+00  1.154866e+00  0.000000e+00  0.000000e+00  0.000000e+00  3.356205e-01  0.000000e+00  3.610379e-01  0.000000e+00  0.000000e+00  0.000000e+00
3.764603e+01  1.301760e+01  2.292022e+00  2.745849e-03  2.500795e-01  1.508054e+00  0.000000e+00  2.406626e-02  0.000000e+00  0.000000e+00  0.000000e+00  0.000000e+00  0.000000e+00  4.250719e-03  0.000000e+00  0.000000e+00  0.000000e+00
4.223954e+01  1.180404e+01  5.947876e+00  1.601114e-01  0.000000e+00  2.799055e+00  0.000000e+00  3.499529e-01  0.000000e+00  0.000000e+00  0.000000e+00  1.092834e-01  0.000000e+00  1.936694e+00  0.000000e+00  0.000000e+00  0.000000e+00
4.739354e+01  1.646054e+01  6.480349e+00  1.986452e-01  5.165183e-01  7.727486e-01  0.000000e+00  7.158188e-01  0.000000e+00  0.000000e+00  0.000000e+00  0.000000e+00  0.000000e+00  6.819037e-01  0.000000e+00  0.000000e+00  0.000000e+00
5.317643e+01  1.448298e+01  3.646543e+00  4.915695e-01  0.000000e+00  1.937038e+00  0.000000e+00  9.515271e-01  0.000000e+00  0.000000e+00  0.000000e+00  9.452596e-02  0.000000e+00  0.000000e+00  0.000000e+00  0.000000e+00  0.000000e+00
5.966493e+01  1.927876e+01  6.858895e+00  5.475035e-01  2.803223e-01  1.340693e+00  0.000000e+00  1.006577e+00  0.000000e+00  0.000000e+00  0.000000e+00  1.475789e-01  0.000000e+00  4.483817e-02  0.000000e+00  0.000000e+00  0.000000e+00
6.694516e+01  2.102436e+01  5.758850e+00  9.180167e-01  0.000000e+00  2.654910e+00  0.000000e+00  2.721164e-01  0.000000e+00  5.541973e-02  0.000000e+00  3.537671e-01  0.000000e+00  4.840891e+00  0.000000e+00  0.000000e+00  0.000000e+00
7.511370e+01  2.205362e+01  7.980581e+00  8.462858e-01  2.978956e-01  1.627620e+00  0.000000e+00  6.861227e-01  0.000000e+00  0.000000e+00  0.000000e+00  9.003725e-02  0.000000e+00  1.428413e+03  0.000000e+00  0.000000e+00  0.000000e+00
8.427896e+01  2.805291e+01  8.862740e+00  5.136307e-01  7.164596e-01  2.262227e+00  0.000000e+00  1.259115e+00  0.000000e+00  0.000000e+00  0.000000e+00  0.000000e+00  0.000000e+00  1.738860e+03  0.000000e+00  0.000000e+00  0.000000e+00
9.456255e+01  2.779630e+01  6.870177e+00  7.386051e-01  3.531990e-01  2.036588e+00  0.000000e+00  3.473628e-01  0.000000e+00  3.969031e-02  0.000000e+00  4.561471e-04  0.000000e+00  1.320741e+03  0.000000e+00  0.000000e+00  0.000000e+00
1.061009e+02  3.261462e+01  9.077876e+00  5.571046e-01  1.223736e-01  2.832776e+00  0.000000e+00  5.911036e-01  0.000000e+00  0.000000e+00  8.298971e-02  3.279536e-01  0.000000e+00  1.004281e+03  0.000000e+00  0.000000e+00  0.000000e+00
1.190472e+02  3.509584e+01  1.153623e+01  1.207128e+00  1.874294e-01  2.682450e+00  0.000000e+00  3.969915e-01  0.000000e+00  6.141188e-02  1.989379e-01  8.865309e+02  0.000000e+00  7.383091e+02  0.000000e+00  4.278410e-02  0.000000e+00
1.335731e+02  3.947450e+01  1.241429e+01  8.903587e-01  7.738853e-04  3.136816e+00  0.000000e+00  4.739411e-01  0.000000e+00  0.000000e+00  0.000000e+00  7.420253e+02  0.000000e+00  5.435425e+02  0.000000e+00  0.000000e+00  0.000000e+00
1.498715e+02  9.646668e+01  1.442661e+01  6.369073e-01  1.998889e-01  1.834670e+00  0.000000e+00  8.725886e-01  0.000000e+00  1.036076e-01  1.259263e-01  5.547632e+02  0.000000e+00  4.064689e+02  0.000000e+00  0.000000e+00  0.000000e+00
1.681586e+02  1.386020e+02  1.462339e+01  8.667871e-01  2.043814e-01  1.597097e+00  2.565104e-04  1.053513e+00  0.000000e+00  9.720559e-02  0.000000e+00  4.124118e+02  0.000000e+00  2.991776e+02  0.000000e+00  0.000000e+00  0.000000e+00
1.886771e+02  8.080820e+01  1.717577e+01  6.403660e-01  2.021038e-01  3.440188e+00  8.864569e-02  1.014416e+00  6.356071e-02  6.356071e-02  0.000000e+00  3.062365e+02  0.000000e+00  2.189561e+02  0.000000e+00  0.000000e+00  0.000000e+00
2.116992e+02  3.525105e+01  2.143273e+01  8.149289e-01  5.141929e-01  1.466940e+00  5.664854e-02  8.031582e-01  0.000000e+00  0.000000e+00  2.037534e-04  2.424698e+02  0.000000e+00  1.476198e+02  0.000000e+00  4.882886e-04  0.000000e+00
2.375304e+02  2.559681e+01  1.091593e+02  1.236399e+00  4.278114e-01  2.128508e+00  2.370183e-02  9.158799e-01  1.037326e-01  0.000000e+00  3.077885e-02  1.808027e+02  0.000000e+00  1.080027e+02  0.000000e+00  9.452009e-02  0.000000e+00
2.665135e+02  2.107338e+01  9.111453e+01  1.255306e+00  3.419432e-01  3.071059e+00  5.652672e-02  7.021857e-01  0.000000e+00  4.499754e-02  6.040341e-02  1.322674e+02  0.000000e+00  7.503439e+01  0.000000e+00  0.000000e+00  0.000000e+00
2.990330e+02  1.292930e+01  1.386921e+01  6.954327e-01  2.514797e-01  2.351180e+00  6.271359e-03  1.341163e+00  2.233010e-04  5.351339e-04  1.255118e-02  9.982173e+01  0.000000e+00  5.613481e+01  0.000000e+00  0.000000e+00  0.000000e+00
3.355206e+02  1.141378e+01  1.244723e+01  8.141551e-01  3.411203e-01  2.484091e+00  3.574282e-02  9.754200e-01  3.355922e-02  2.805938e-02  7.235775e-02  7.468014e+01  7.973479e-03  3.929106e+01  0.000000e+00  0.000000e+00  1.143442e-03
3.764603e+02  7.598406e+00  9.265267e+00  1.043966e+00  3.385707e-01  2.782487e+00  2.603902e-02  6.817562e-01  0.000000e+00  4.001785e-02  0.000000e+00  4.863202e+01  0.000000e+00  2.859799e+01  0.000000e+00  0.000000e+00  0.000000e+00
4.223954e+02  4.910293e+00  7.802869e+00  6.555305e-01  3.266662e-01  2.376634e+00  2.244644e-02  9.506365e-01  7.853740e-02  2.854961e-02  5.631303e-02  3.755610e+01  0.000000e+00  1.531399e+01  0.000000e+00  2.447240e-04  0.000000e+00
4.739354e+02  3.961748e+00  6.391182e+00  9.240625e-01  5.411161e-01  2.043100e+00  3.844360e-02  9.354217e-01  7.783399e-02  3.929889e-02  0.000000e+00  2.351668e+01  0.000000e+00  1.032845e+01  3.929889e-02  0.000000e+00  0.000000e+00
5.317643e+02  3.105256e+00  4.178688e+00  9.885396e-01  2.683364e-01  2.113591e+00  6.355425e-02  7.782115e-01  8.773448e-02  8.586885e-02  3.312280e-02  1.949293e+01  0.000000e+00  8.039374e+00  8.111570e-05  4.222057e-02  0.000000e+00
5.966493e+02  2.772273e+00  3.696148e+00  1.015507e+00  4.872901e-01  2.049766e+00  7.371267e-02  7.986660e-01  8.282608e-02  4.119575e-02  1.860512e-02  1.383048e+01  0.000000e+00  5.440893e+00  0.000000e+00  2.682023e-04  0.000000e+00
6.694516e+02  2.142924e+00  3.116177e+00  1.226552e+00  6.890723e-01  1.983813e+00  7.214105e-02  9.782910e-01  5.892815e-02  4.882726e-02  1.646272e-02  9.663546e+00  0.000000e+00  3.189228e+00  0.000000e+00  0.000000e+00  0.000000e+00
7.511370e+02  1.740921e+00  2.430116e+00  8.334084e-01  5.572245e-01  1.318670e+00  1.850854e-02  7.246917e-01  7.060765e-02  5.687871e-02  1.105680e-02  6.369445e+00  0.000000e+00  2.132707e+00  0.000000e+00  0.000000e+00  0.000000e+00
8.427896e+02  1.086941e+00  2.038203e+00  7.294816e-01  5.993539e-01  1.484601e+00  4.075485e-02  8.310023e-01  2.904596e-02  1.358567e-02  3.847789e-02  3.339990e+00  0.000000e+00  1.062417e+00  0.000000e+00  2.936717e-02  0.000000e+00
9.456255e+02  1.077495e+00  1.646655e+00  9.762853e-01  4.176938e-01  1.222127e+00  6.038109e-02  8.649266e-01  8.460802e-02  0.000000e+00  4.338669e-02  2.807793e+00  6.287045e-04  8.220979e-01  0.000000e+00  0.000000e+00  0.000000e+00
1.061009e+03  9.827788e-01  1.167981e+00  9.229914e-01  6.244622e-01  9.926784e-01  7.204190e-02  7.898960e-01  6.396288e-02  1.022739e-01  1.559717e-02  1.970306e+00  0.000000e+00  3.216204e-01  4.057082e-03  2.521435e-03  0.000000e+00
1.190472e+03  6.568962e-01  1.002608e+00  8.404538e-01  6.309225e-01  7.188015e-01  7.456514e-02  4.914169e-01  7.904532e-02  3.443396e-02  4.035952e-02  1.185548e+00  0.000000e+00  3.461741e-01  0.000000e+00  0.000000e+00  0.000000e+00
1.335731e+03  6.592553e-01  8.986109e-01  6.901464e-01  4.753228e-01  5.996351e-01  3.474546e-02  6.257039e-01  3.621241e-02  6.326379e-02  1.296897e-02  5.889992e-01  0.000000e+00  1.227649e-01  1.852943e-02  0.000000e+00  0.000000e+00
1.498715e+03  4.134309e-01  6.624947e-01  5.526900e-01  5.264750e-01  4.227566e-01  1.058784e-01  5.616490e-01  1.112084e-01  9.684986e-02  2.351529e-02  3.403382e-01  6.045171e-04  1.850456e-01  0.000000e+00  0.000000e+00  1.358074e-03
1.681586e+03  1.811618e-01  6.483583e-01  4.408960e-01  4.530994e-01  5.126287e-01  5.182634e-02  4.150226e-01  7.249424e-02  6.794704e-02  4.838832e-02  3.549649e-01  0.000000e+00  9.834946e-02  1.307288e-02  0.000000e+00  2.281467e-04
1.886771e+03  2.502173e-01  4.003726e-01  4.546074e-01  5.698622e-01  4.107366e-01  6.107009e-02  3.668440e-01  7.430834e-02  5.216518e-02  4.568071e-02  1.797040e-01  1.087320e-02  7.984611e-03  1.196822e-02  1.312483e-04  0.000000e+00
2.116992e+03  1.842401e-01  4.175455e-01  2.937672e-01  3.457401e-01  1.679558e-01  5.545500e-02  2.820916e-01  6.486920e-02  1.630200e-02  3.352300e-02  9.137975e-02  5.033774e-03  3.418557e-02  4.882886e-05  0.000000e+00  4.882886e-05
2.375304e+03  7.750244e-02  2.401080e-01  2.724778e-01  5.072986e-01  1.756913e-01  9.434118e-02  2.567001e-01  5.912192e-02  3.561007e-02  1.108173e-02  1.038141e-01  2.811194e-05  0.000000e+00  2.116173e-03  0.000000e+00  3.725174e-03
2.665135e+03  8.674597e-02  1.833194e-01  2.149401e-01  4.353942e-01  8.456347e-02  5.567639e-02  1.605769e-01  1.033126e-01  2.527078e-02  5.213957e-02  5.878108e-02  1.832590e-02  1.003736e-02  4.165168e-03  0.000000e+00  9.226173e-03
2.990330e+03  2.176892e-02  1.321553e-01  1.410617e-01  3.327989e-01  7.257494e-02  7.447625e-02  1.156193e-01  6.085133e-02  2.575192e-02  2.270227e-02  4.880733e-02  3.957510e-03  0.000000e+00  3.765724e-03  0.000000e+00  1.335683e-02
3.355206e+03  2.135276e-02  1.548041e-01  1.446084e-01  3.417975e-01  2.827084e-02  7.204176e-02  7.050317e-02  4.068499e-02  1.903912e-02  2.215586e-02  1.133445e-02  9.043682e-03  7.349108e-03  5.897444e-04  0.000000e+00  4.366490e-05
3.764603e+03  7.153655e-03  5.822228e-02  1.023865e-01  2.095155e-01  2.506986e-02  6.153027e-02  4.410223e-02  3.127234e-02  1.277333e-02  2.559260e-02  2.006121e-02  1.661937e-03  1.145790e-05  6.887439e-03  0.000000e+00  7.740408e-03
4.223954e+03  1.141537e-03  4.231291e-02  4.099417e-02  1.657925e-01  1.156145e-02  2.974443e-02  3.853805e-02  3.809642e-02  1.953105e-02  1.742891e-02  1.592199e-02  3.310658e-03  0.000000e+00  7.266578e-03  0.000000e+00  4.562904e-03
4.739354e+03  1.426994e-03  3.164106e-02  5.226686e-02  1.557572e-01  1.202435e-02  3.343156e-02  1.058860e-02  2.890200e-02  8.782643e-03  1.150347e-02  1.205936e-02  4.899968e-03  5.225087e-05  3.002880e-04  0.000000e+00  1.419275e-03
5.317643e+03  5.841062e-03  3.023317e-02  3.502470e-02  9.642161e-02  1.528486e-03  2.530935e-02  4.526407e-03  4.976335e-02  1.908159e-02  1.429707e-02  5.110890e-03  6.250365e-03  0.000000e+00  5.732144e-03  0.000000e+00  6.994604e-03
5.966493e+03  2.504715e-03  1.369788e-02  1.870028e-02  6.024480e-02  4.774348e-03  3.198768e-02  4.065645e-03  2.271038e-02  8.246311e-03  1.672260e-02  3.143125e-04  1.002976e-03  0.000000e+00  1.517293e-03  0.000000e+00  2.804994e-03
6.694516e+03  9.974491e-06  9.808174e-03  1.369970e-02  4.532180e-02  1.189812e-03  4.668077e-02  1.430841e-03  1.186194e-02  1.026727e-02  1.453650e-02  8.471288e-03  9.299495e-03  0.000000e+00  1.077517e-03  0.000000e+00  5.730785e-05
7.511370e+03  4.767792e-04  8.322495e-03  1.302192e-02  2.411057e-02  3.544718e-03  2.361640e-02  4.324002e-03  9.722690e-03  2.905349e-03  8.152947e-03  4.092872e-04  2.711064e-03  0.000000e+00  1.476636e-04  0.000000e+00  8.656462e-03
8.427896e+03  1.044779e-03  6.598428e-03  6.432904e-03  7.588889e-03  1.267295e-03  3.168821e-02  5.785965e-03  2.526607e-02  3.704716e-03  3.120344e-03  5.620144e-03  5.290887e-03  0.000000e+00  8.952907e-05  0.000000e+00  1.720086e-03
9.456255e+03  0.000000e+00  1.868141e-03  6.798149e-03  1.758301e-02  1.457409e-03  2.026645e-02  1.093142e-05  8.372547e-03  5.212526e-03  3.063563e-03  9.265051e-03  6.616568e-03  0.000000e+00  2.870108e-03  0.000000e+00  2.092492e-04
1.061009e+04  0.000000e+00  5.330492e-03  2.297395e-03  1.061959e-02  4.834947e-04  1.472555e-02  2.020158e-03  5.742097e-03  2.015757e-04  4.126016e-03  4.437581e-03  4.288949e-03  0.000000e+00  6.293479e-06  0.000000e+00  2.524583e-03
1.190472e+04  0.000000e+00  3.509365e-05  3.222657e-05  5.683022e-03  0.000000e+00  4.779159e-03  3.623305e-06  4.471649e-04  1.121814e-05  4.375416e-03  8.044914e-03  2.110882e-03  0.000000e+00  6.232961e-04  0.000000e+00  1.106138e-03
1.335731e+04  0.000000e+00  1.316511e-03  3.185319e-03  7.222076e-03  0.000000e+00  4.243990e-03  1.198015e-05  1.358812e-03  1.436275e-04  3.423641e-03  1.839598e-03  5.782834e-04  0.000000e+00  0.000000e+00  0.000000e+00  1.164159e-03
1.498715e+04  0.000000e+00  1.459002e-03  6.045171e-05  5.583583e-04  0.000000e+00  2.649402e-03  0.000000e+00  3.560997e-03  1.785040e-04  6.040453e-04  1.379452e-05  2.618008e-03  0.000000e+00  1.135270e-05  0.000000e+00  2.229822e-03
1.681586e+04  0.000000e+00  1.431099e-04  3.970917e-06  3.293070e-04  0.000000e+00  4.703549e-03  2.565104e-06  4.522626e-04  0.000000e+00  5.387764e-05  3.535465e-05  3.233084e-05  0.000000e+00  1.465812e-03  0.000000e+00  1.781170e-03
1.886771e+04  0.000000e+00  2.952253e-04  0.000000e+00  9.979108e-04  0.000000e+00  2.919771e-03  0.000000e+00  2.333975e-03  0.000000e+00  0.000000e+00  9.464957e-04  1.038701e-03  0.000000e+00  1.792429e-03  0.000000e+00  1.494480e-03
2.116992e+04  0.000000e+00  2.037534e-06  0.000000e+00  7.393200e-04  0.000000e+00  9.596501e-06  0.000000e+00  4.159338e-04  0.000000e+00  0.000000e+00  0.000000e+00  8.797925e-04  0.000000e+00  2.657182e-03  0.000000e+00  4.159338e-04
2.375304e+04  0.000000e+00  0.000000e+00  0.000000e+00  1.815954e-06  0.000000e+00  4.563901e-04  1.615155e-05  7.895173e-05  0.000000e+00  1.126284e-04  4.673396e-04  5.622387e-06  0.000000e+00  0.000000e+00  0.000000e+00  1.268462e-03
2.665135e+04  0.000000e+00  1.439508e-05  0.000000e+00  8.213442e-04  0.000000e+00  0.000000e+00  0.000000e+00  0.000000e+00  0.000000e+00  9.291665e-06  0.000000e+00  0.000000e+00  0.000000e+00  0.000000e+00  0.000000e+00  1.439508e-05
2.990330e+04  0.000000e+00  0.000000e+00  0.000000e+00  1.240693e-04  0.000000e+00  0.000000e+00  0.000000e+00  0.000000e+00  0.000000e+00  0.000000e+00  0.000000e+00  1.867829e-04  0.000000e+00  4.339346e-04  0.000000e+00  2.298388e-04
3.355206e+04  0.000000e+00  0.000000e+00  0.000000e+00  0.000000e+00  0.000000e+00  0.000000e+00  0.000000e+00  0.000000e+00  0.000000e+00  0.000000e+00  0.000000e+00  3.080893e-06  0.000000e+00  6.691510e-04  0.000000e+00  1.476126e-05
3.764603e+04  0.000000e+00  0.000000e+00  0.000000e+00  2.406626e-05  0.000000e+00  0.000000e+00  0.000000e+00  0.000000e+00  0.000000e+00  0.000000e+00  0.000000e+00  9.855177e-05  0.000000e+00  2.406626e-05  0.000000e+00  1.145790e-06
4.223954e+04  0.000000e+00  0.000000e+00  0.000000e+00  1.407494e-05  0.000000e+00  0.000000e+00  0.000000e+00  6.796842e-04  0.000000e+00  0.000000e+00  0.000000e+00  1.108643e-04  0.000000e+00  0.000000e+00  0.000000e+00  0.000000e+00
4.739354e+04  0.000000e+00  0.000000e+00  0.000000e+00  0.000000e+00  0.000000e+00  0.000000e+00  0.000000e+00  9.101331e-07  0.000000e+00  0.000000e+00  0.000000e+00  1.345444e-05  0.000000e+00  7.828245e-05  0.000000e+00  0.000000e+00
5.317643e+04  0.000000e+00  0.000000e+00  0.000000e+00  0.000000e+00  0.000000e+00  0.000000e+00  0.000000e+00  0.000000e+00  0.000000e+00  0.000000e+00  0.000000e+00  0.000000e+00  0.000000e+00  0.000000e+00  0.000000e+00  0.000000e+00
5.966493e+04  0.000000e+00  0.000000e+00  0.000000e+00  0.000000e+00  0.000000e+00  0.000000e+00  0.000000e+00  0.000000e+00  0.000000e+00  0.000000e+00  0.000000e+00  0.000000e+00  0.000000e+00  0.000000e+00  0.000000e+00  0.000000e+00
6.694516e+04  0.000000e+00  0.000000e+00  0.000000e+00  0.000000e+00  0.000000e+00  0.000000e+00  0.000000e+00  0.000000e+00  0.000000e+00  0.000000e+00  0.000000e+00  0.000000e+00  0.000000e+00  0.000000e+00  0.000000e+00  2.865745e-05
7.511370e+04  0.000000e+00  0.000000e+00  0.000000e+00  0.000000e+00  0.000000e+00  0.000000e+00  0.000000e+00  0.000000e+00  0.000000e+00  0.000000e+00  0.000000e+00  0.000000e+00  0.000000e+00  0.000000e+00  0.000000e+00  2.905349e-04
8.427896e+04  0.000000e+00  0.000000e+00  0.000000e+00  0.000000e+00  0.000000e+00  0.000000e+00  0.000000e+00  0.000000e+00  0.000000e+00  0.000000e+00  0.000000e+00  0.000000e+00  0.000000e+00  0.000000e+00  0.000000e+00  0.000000e+00
9.456255e+04  0.000000e+00  0.000000e+00  0.000000e+00  0.000000e+00  0.000000e+00  0.000000e+00  0.000000e+00  0.000000e+00  0.000000e+00  0.000000e+00  0.000000e+00  0.000000e+00  0.000000e+00  0.000000e+00  0.000000e+00  0.000000e+00
1.061009e+05  0.000000e+00  0.000000e+00  0.000000e+00  0.000000e+00  0.000000e+00  0.000000e+00  0.000000e+00  0.000000e+00  0.000000e+00  0.000000e+00  0.000000e+00  0.000000e+00  0.000000e+00  0.000000e+00  0.000000e+00  0.000000e+00
1.190472e+05  0.000000e+00  0.000000e+00  0.000000e+00  0.000000e+00  0.000000e+00  0.000000e+00  0.000000e+00  0.000000e+00  0.000000e+00  0.000000e+00  0.000000e+00  0.000000e+00  0.000000e+00  0.000000e+00  0.000000e+00  0.000000e+00
1.335731e+05  0.000000e+00  0.000000e+00  0.000000e+00  0.000000e+00  0.000000e+00  0.000000e+00  0.000000e+00  0.000000e+00  0.000000e+00  0.000000e+00  0.000000e+00  0.000000e+00  0.000000e+00  0.000000e+00  0.000000e+00  0.000000e+00
1.498715e+05  0.000000e+00  0.000000e+00  0.000000e+00  0.000000e+00  0.000000e+00  0.000000e+00  0.000000e+00  0.000000e+00  0.000000e+00  0.000000e+00  0.000000e+00  0.000000e+00  0.000000e+00  0.000000e+00  0.000000e+00  0.000000e+00
1.681586e+05  0.000000e+00  0.000000e+00  0.000000e+00  0.000000e+00  0.000000e+00  0.000000e+00  0.000000e+00  0.000000e+00  0.000000e+00  0.000000e+00  0.000000e+00  0.000000e+00  0.000000e+00  0.000000e+00  0.000000e+00  0.000000e+00
1.886771e+05  0.000000e+00  0.000000e+00  0.000000e+00  0.000000e+00  0.000000e+00  0.000000e+00  0.000000e+00  0.000000e+00  0.000000e+00  0.000000e+00  0.000000e+00  0.000000e+00  0.000000e+00  0.000000e+00  0.000000e+00  0.000000e+00
2.116992e+05  0.000000e+00  0.000000e+00  0.000000e+00  0.000000e+00  0.000000e+00  0.000000e+00  0.000000e+00  0.000000e+00  0.000000e+00  0.000000e+00  0.000000e+00  0.000000e+00  0.000000e+00  0.000000e+00  0.000000e+00  0.000000e+00
2.375304e+05  0.000000e+00  0.000000e+00  0.000000e+00  0.000000e+00  0.000000e+00  0.000000e+00  0.000000e+00  0.000000e+00  0.000000e+00  0.000000e+00  0.000000e+00  0.000000e+00  0.000000e+00  0.000000e+00  0.000000e+00  0.000000e+00
2.665135e+05  0.000000e+00  0.000000e+00  0.000000e+00  0.000000e+00  0.000000e+00  0.000000e+00  0.000000e+00  0.000000e+00  0.000000e+00  0.000000e+00  0.000000e+00  0.000000e+00  0.000000e+00  0.000000e+00  0.000000e+00  0.000000e+00
2.990330e+05  0.000000e+00  0.000000e+00  0.000000e+00  0.000000e+00  0.000000e+00  0.000000e+00  0.000000e+00  0.000000e+00  0.000000e+00  0.000000e+00  0.000000e+00  0.000000e+00  0.000000e+00  0.000000e+00  0.000000e+00  0.000000e+00
3.355206e+05  0.000000e+00  0.000000e+00  0.000000e+00  0.000000e+00  0.000000e+00  0.000000e+00  0.000000e+00  0.000000e+00  0.000000e+00  0.000000e+00  0.000000e+00  0.000000e+00  0.000000e+00  0.000000e+00  0.000000e+00  0.000000e+00
3.764603e+05  0.000000e+00  0.000000e+00  0.000000e+00  0.000000e+00  0.000000e+00  0.000000e+00  0.000000e+00  0.000000e+00  0.000000e+00  0.000000e+00  0.000000e+00  0.000000e+00  0.000000e+00  0.000000e+00  0.000000e+00  0.000000e+00
4.223954e+05  0.000000e+00  0.000000e+00  0.000000e+00  0.000000e+00  0.000000e+00  0.000000e+00  0.000000e+00  0.000000e+00  0.000000e+00  0.000000e+00  0.000000e+00  0.000000e+00  0.000000e+00  0.000000e+00  0.000000e+00  0.000000e+00
4.739354e+05  0.000000e+00  0.000000e+00  0.000000e+00  0.000000e+00  0.000000e+00  0.000000e+00  0.000000e+00  0.000000e+00  0.000000e+00  0.000000e+00  0.000000e+00  0.000000e+00  0.000000e+00  0.000000e+00  0.000000e+00  0.000000e+00
5.317643e+05  0.000000e+00  0.000000e+00  0.000000e+00  0.000000e+00  0.000000e+00  0.000000e+00  0.000000e+00  0.000000e+00  0.000000e+00  0.000000e+00  0.000000e+00  0.000000e+00  0.000000e+00  0.000000e+00  0.000000e+00  0.000000e+00
5.966493e+05  0.000000e+00  0.000000e+00  0.000000e+00  0.000000e+00  0.000000e+00  0.000000e+00  0.000000e+00  0.000000e+00  0.000000e+00  0.000000e+00  0.000000e+00  0.000000e+00  0.000000e+00  0.000000e+00  0.000000e+00  0.000000e+00
6.694516e+05  0.000000e+00  0.000000e+00  0.000000e+00  0.000000e+00  0.000000e+00  0.000000e+00  0.000000e+00  0.000000e+00  0.000000e+00  0.000000e+00  0.000000e+00  0.000000e+00  0.000000e+00  0.000000e+00  0.000000e+00  0.000000e+00
7.511370e+05  0.000000e+00  0.000000e+00  0.000000e+00  0.000000e+00  0.000000e+00  0.000000e+00  0.000000e+00  0.000000e+00  0.000000e+00  0.000000e+00  0.000000e+00  0.000000e+00  0.000000e+00  0.000000e+00  0.000000e+00  0.000000e+00
8.427896e+05  0.000000e+00  0.000000e+00  0.000000e+00  0.000000e+00  0.000000e+00  0.000000e+00  0.000000e+00  0.000000e+00  0.000000e+00  0.000000e+00  0.000000e+00  0.000000e+00  0.000000e+00  0.000000e+00  0.000000e+00  0.000000e+00
9.456255e+05  0.000000e+00  0.000000e+00  0.000000e+00  0.000000e+00  0.000000e+00  0.000000e+00  0.000000e+00  0.000000e+00  0.000000e+00  0.000000e+00  0.000000e+00  0.000000e+00  0.000000e+00  0.000000e+00  0.000000e+00  0.000000e+00
