# dR/dEr [1/keV/kg/Myr]
# Er [keV], S, F, Ne, Cl, Na, Si, O, P, N, C, Al, Mg, Be, B, Ar, Li
1.061009e+01  3.535612e+02  2.558586e+02  0.000000e+00  0.000000e+00  8.023760e+01  0.000000e+00  2.518184e+01  0.000000e+00  0.000000e+00  0.000000e+00  0.000000e+00  0.000000e+00  2.394722e-01  0.000000e+00  0.000000e+00  0.000000e+00
1.190472e+01  1.362621e+02  2.044314e+01  0.000000e+00  0.000000e+00  4.293813e+01  0.000000e+00  0.000000e+00  0.000000e+00  0.000000e+00  0.000000e+00  0.000000e+00  0.000000e+00  0.000000e+00  0.000000e+00  0.000000e+00  0.000000e+00
1.335731e+01  1.918952e+02  4.027235e+01  0.000000e+00  0.000000e+00  0.000000e+00  0.000000e+00  0.000000e+00  0.000000e+00  0.000000e+00  0.000000e+00  0.000000e+00  0.000000e+00  0.000000e+00  0.000000e+00  0.000000e+00  0.000000e+00
1.498715e+01  5.033984e+01  4.577729e+01  0.000000e+00  0.000000e+00  2.056274e+01  0.000000e+00  8.730267e+00  0.000000e+00  0.000000e+00  0.000000e+00  0.000000e+00  0.000000e+00  0.000000e+00  0.000000e+00  0.000000e+00  0.000000e+00
1.681586e+01  1.240451e+02  4.310143e+01  1.814223e+01  0.000000e+00  3.435518e+01  7.780859e+00  0.000000e+00  0.000000e+00  0.000000e+00  0.000000e+00  0.000000e+00  0.000000e+00  0.000000e+00  0.000000e+00  0.000000e+00  0.000000e+00
1.886771e+01  8.553608e+01  5.451140e+01  0.000000e+00  0.000000e+00  1.616928e+01  0.000000e+00  0.000000e+00  0.000000e+00  0.000000e+00  0.000000e+00  0.000000e+00  0.000000e+00  0.000000e+00  0.000000e+00  0.000000e+00  0.000000e+00
2.116992e+01  8.496502e+01  6.318087e+01  0.000000e+00  0.000000e+00  1.732978e+01  0.000000e+00  7.761940e+00  0.000000e+00  0.000000e+00  0.000000e+00  1.391637e+00  0.000000e+00  0.000000e+00  0.000000e+00  0.000000e+00  0.000000e+00
2.375304e+01  1.562869e+02  3.103934e+01  1.080008e+01  0.000000e+00  3.255525e+01  0.000000e+00  1.284372e+01  0.000000e+00  0.000000e+00  0.000000e+00  0.000000e+00  0.000000e+00  0.000000e+00  0.000000e+00  0.000000e+00  0.000000e+00
2.665135e+01  1.350041e+02  4.994717e+01  6.165528e+00  1.163052e-01  1.001250e+01  0.000000e+00  0.000000e+00  5.430583e+00  0.000000e+00  0.000000e+00  0.000000e+00  0.000000e+00  0.000000e+00  0.000000e+00  0.000000e+00  0.000000e+00
2.990330e+01  1.494840e+02  6.717942e+01  7.804115e+00  0.000000e+00  5.490586e+00  0.000000e+00  9.870531e+00  0.000000e+00  0.000000e+00  0.000000e+00  3.581935e-01  0.000000e+00  2.420400e+00  0.000000e+00  0.000000e+00  0.000000e+00
3.355206e+01  1.922995e+02  4.825907e+01  7.281813e+00  0.000000e+00  1.583180e+01  0.000000e+00  1.354049e+01  0.000000e+00  0.000000e+00  0.000000e+00  2.181468e+00  0.000000e+00  2.096367e+00  0.000000e+00  0.000000e+00  0.000000e+00
3.764603e+01  2.103316e+02  3.209016e+01  1.387994e-02  4.364860e+00  1.838940e+01  0.000000e+00  1.264921e-01  0.000000e+00  0.000000e+00  0.000000e+00  0.000000e+00  0.000000e+00  2.164381e-02  0.000000e+00  0.000000e+00  0.000000e+00
4.223954e+01  1.970906e+02  9.966792e+01  9.663816e-01  0.000000e+00  4.314020e+01  0.000000e+00  6.214521e+00  0.000000e+00  0.000000e+00  0.000000e+00  6.061173e-01  0.000000e+00  1.762790e+01  0.000000e+00  0.000000e+00  0.000000e+00
4.739354e+01  2.767695e+02  1.069370e+02  3.467131e+00  8.622260e+00  1.332784e+01  0.000000e+00  1.255605e+01  0.000000e+00  0.000000e+00  0.000000e+00  0.000000e+00  0.000000e+00  7.128781e+00  0.000000e+00  0.000000e+00  0.000000e+00
5.317643e+01  2.410224e+02  6.237080e+01  8.640691e+00  0.000000e+00  3.046534e+01  0.000000e+00  1.674891e+01  0.000000e+00  0.000000e+00  0.000000e+00  5.540206e-01  0.000000e+00  0.000000e+00  0.000000e+00  0.000000e+00  0.000000e+00
5.966493e+01  3.229841e+02  1.138909e+02  9.585594e+00  4.946984e+00  1.895468e+01  0.000000e+00  1.391379e+01  0.000000e+00  0.000000e+00  0.000000e+00  9.221947e-01  0.000000e+00  2.473639e-01  0.000000e+00  0.000000e+00  0.000000e+00
6.694516e+01  3.500955e+02  9.566701e+01  1.595353e+01  0.000000e+00  4.302238e+01  0.000000e+00  4.603424e+00  0.000000e+00  3.113025e-01  0.000000e+00  3.136768e+00  0.000000e+00  5.020016e+01  0.000000e+00  0.000000e+00  0.000000e+00
7.511370e+01  3.665497e+02  1.267810e+02  1.238083e+01  4.994583e+00  2.507603e+01  0.000000e+00  1.138953e+01  0.000000e+00  0.000000e+00  0.000000e+00  5.434363e-01  0.000000e+00  1.549227e+04  0.000000e+00  0.000000e+00  0.000000e+00
8.427896e+01  4.661621e+02  1.478806e+02  8.762481e+00  1.157273e+01  3.645098e+01  0.000000e+00  1.873567e+01  0.000000e+00  0.000000e+00  0.000000e+00  0.000000e+00  0.000000e+00  1.884148e+04  0.000000e+00  0.000000e+00  0.000000e+00
9.456255e+01  4.660731e+02  1.153595e+02  1.070292e+01  6.021625e+00  3.131873e+01  0.000000e+00  5.818497e+00  0.000000e+00  2.226577e-01  0.000000e+00  2.272452e-03  0.000000e+00  1.422702e+04  0.000000e+00  0.000000e+00  0.000000e+00
1.061009e+02  5.510345e+02  1.503439e+02  9.077214e+00  2.201524e+00  4.524424e+01  0.000000e+00  1.039050e+01  0.000000e+00  0.000000e+00  5.185882e-01  3.823654e+00  0.000000e+00  1.094737e+04  0.000000e+00  0.000000e+00  0.000000e+00
1.190472e+02  5.907575e+02  1.908595e+02  1.991262e+01  3.121719e+00  3.962668e+01  0.000000e+00  5.630127e+00  0.000000e+00  1.099075e+00  1.763934e+00  9.707935e+03  0.000000e+00  8.004506e+03  0.000000e+00  2.502867e-01  0.000000e+00
1.335731e+02  6.668082e+02  2.099376e+02  1.378318e+01  3.911897e-03  5.103897e+01  0.000000e+00  7.362970e+00  0.000000e+00  0.000000e+00  0.000000e+00  8.051112e+03  0.000000e+00  5.871851e+03  0.000000e+00  0.000000e+00  0.000000e+00
1.498715e+02  1.639161e+03  2.412916e+02  1.095267e+01  3.287300e+00  3.087556e+01  0.000000e+00  1.173696e+01  0.000000e+00  1.777827e+00  9.741861e-01  6.026136e+03  0.000000e+00  4.395097e+03  0.000000e+00  0.000000e+00  0.000000e+00
1.681586e+02  2.362328e+03  2.426137e+02  1.370685e+01  3.435518e+00  2.570255e+01  1.277894e-03  1.570608e+01  0.000000e+00  7.097161e-01  0.000000e+00  4.447883e+03  0.000000e+00  3.209985e+03  0.000000e+00  0.000000e+00  0.000000e+00
1.886771e+02  1.370027e+03  2.892305e+02  1.000896e+01  3.508807e+00  5.537316e+01  1.564374e+00  1.445369e+01  1.073529e+00  1.073529e+00  0.000000e+00  3.346473e+03  0.000000e+00  2.381577e+03  0.000000e+00  0.000000e+00  0.000000e+00
2.116992e+02  5.953710e+02  3.575363e+02  1.301578e+01  7.988830e+00  2.268954e+01  9.567836e-01  1.330019e+01  0.000000e+00  0.000000e+00  1.015067e-03  2.613803e+03  0.000000e+00  1.572892e+03  0.000000e+00  2.468240e-03  0.000000e+00
2.375304e+02  4.297908e+02  1.862715e+03  2.054879e+01  7.251991e+00  3.386052e+01  4.316372e-01  1.392868e+01  1.723797e+00  0.000000e+00  5.508426e-01  1.944676e+03  0.000000e+00  1.144019e+03  0.000000e+00  1.375161e+00  0.000000e+00
2.665135e+02  3.529755e+02  1.550469e+03  2.115716e+01  4.637102e+00  4.818088e+01  9.167259e-01  1.082048e+01  0.000000e+00  7.600002e-01  4.430338e-01  1.434159e+03  0.000000e+00  8.204275e+02  0.000000e+00  0.000000e+00  0.000000e+00
2.990330e+02  2.135407e+02  2.334330e+02  1.160835e+01  4.228084e+00  3.803491e+01  3.407197e-02  2.018915e+01  1.120575e-03  2.724795e-03  7.041056e-02  1.084913e+03  0.000000e+00  6.150539e+02  0.000000e+00  0.000000e+00  0.000000e+00
3.355206e+02  1.862295e+02  2.063248e+02  1.359259e+01  5.510929e+00  4.018672e+01  6.036897e-01  1.482453e+01  6.111515e-01  4.897453e-01  6.351060e-01  8.038468e+02  4.398821e-02  4.139572e+02  0.000000e+00  0.000000e+00  5.925152e-03
3.764603e+02  1.245688e+02  1.534385e+02  1.670217e+01  4.169406e+00  4.535448e+01  1.484293e-01  1.067657e+01  0.000000e+00  6.489922e-01  0.000000e+00  5.374679e+02  0.000000e+00  3.038158e+02  0.000000e+00  0.000000e+00  0.000000e+00
4.223954e+02  8.029721e+01  1.265679e+02  1.078918e+01  5.074921e+00  3.815694e+01  3.898118e-01  1.555529e+01  1.094025e+00  4.803210e-01  4.983813e-01  4.110272e+02  0.000000e+00  1.686902e+02  0.000000e+00  1.237051e-03  0.000000e+00
4.739354e+02  6.222584e+01  1.021355e+02  1.526992e+01  9.198118e+00  3.214926e+01  4.628105e-01  1.396695e+01  8.974029e-01  3.053841e-01  0.000000e+00  2.506566e+02  0.000000e+00  1.131512e+02  3.053841e-01  0.000000e+00  0.000000e+00
5.317643e+02  4.764558e+01  6.651483e+01  1.567370e+01  4.278918e+00  3.476735e+01  1.092646e+00  1.290735e+01  1.192282e+00  1.154890e+00  4.421335e-01  2.064099e+02  0.000000e+00  8.911724e+01  4.041055e-04  6.142620e-01  0.000000e+00
5.966493e+02  4.248789e+01  5.688643e+01  1.599208e+01  7.067629e+00  3.407365e+01  8.880051e-01  1.227431e+01  1.213949e+00  6.841544e-01  1.213074e-01  1.518417e+02  0.000000e+00  5.883385e+01  0.000000e+00  1.365632e-03  0.000000e+00
6.694516e+02  3.223263e+01  4.767900e+01  1.971517e+01  1.070887e+01  3.246874e+01  9.588782e-01  1.592053e+01  9.481758e-01  8.206674e-01  2.265766e-01  1.053865e+02  0.000000e+00  3.191946e+01  0.000000e+00  0.000000e+00  0.000000e+00
7.511370e+02  2.613113e+01  3.707493e+01  1.380466e+01  8.674393e+00  2.178012e+01  2.918490e-01  1.187973e+01  1.176080e+00  7.229285e-01  1.561445e-01  6.637316e+01  0.000000e+00  2.265205e+01  0.000000e+00  0.000000e+00  0.000000e+00
8.427896e+02  1.624113e+01  3.036849e+01  1.160770e+01  9.935191e+00  2.377615e+01  7.122047e-01  1.348093e+01  4.848653e-01  2.080271e-01  2.621567e-01  3.585543e+01  0.000000e+00  1.113007e+01  0.000000e+00  2.801982e-01  0.000000e+00
9.456255e+02  1.566473e+01  2.557641e+01  1.545481e+01  6.304190e+00  2.002364e+01  8.043354e-01  1.375716e+01  1.427223e+00  0.000000e+00  6.276827e-01  2.878977e+01  3.277926e-03  8.866797e+00  0.000000e+00  0.000000e+00  0.000000e+00
1.061009e+03  1.434761e+01  1.786811e+01  1.440808e+01  9.894584e+00  1.588195e+01  1.074955e+00  1.302332e+01  1.059049e+00  1.339254e+00  1.134746e-01  2.111444e+01  0.000000e+00  3.015217e+00  2.256331e-02  1.391029e-02  0.000000e+00
1.190472e+03  9.553903e+00  1.551734e+01  1.324412e+01  1.004042e+01  1.227008e+01  9.632860e-01  7.798995e+00  1.260351e+00  5.600157e-01  2.675438e-01  1.281953e+01  0.000000e+00  3.769921e+00  0.000000e+00  0.000000e+00  0.000000e+00
1.335731e+03  9.387489e+00  1.343588e+01  1.079312e+01  7.748794e+00  1.000303e+01  4.626413e-01  1.038284e+01  4.933798e-01  9.256353e-01  1.569061e-01  6.382365e+00  0.000000e+00  1.146758e+00  1.767931e-01  0.000000e+00  0.000000e+00
1.498715e+03  5.967270e+00  1.004677e+01  8.945683e+00  8.143974e+00  6.815484e+00  1.362839e+00  8.896496e+00  1.562225e+00  1.268366e+00  2.476630e-01  4.046013e+00  3.177337e-03  2.019765e+00  0.000000e+00  0.000000e+00  7.341920e-03
1.681586e+03  2.421865e+00  9.201030e+00  6.822248e+00  7.132066e+00  7.926811e+00  7.810018e-01  6.911936e+00  1.003998e+00  8.939845e-01  4.800805e-01  3.611553e+00  0.000000e+00  1.290272e+00  1.081158e-01  0.000000e+00  1.182223e-03
1.886771e+03  3.198707e+00  5.634857e+00  6.913150e+00  9.326695e+00  6.327164e+00  8.025020e-01  6.171637e+00  1.024192e+00  7.208557e-01  4.844207e-01  1.877179e+00  1.254512e-01  1.294910e-01  7.534544e-02  6.733256e-04  0.000000e+00
2.116992e+03  2.634386e+00  5.837678e+00  4.546608e+00  5.642886e+00  2.588192e+00  7.074905e-01  4.529725e+00  9.157310e-01  2.279164e-01  3.894188e-01  8.302867e-01  6.234686e-02  3.267588e-01  2.468240e-04  0.000000e+00  2.468240e-04
2.375304e+03  1.014723e+00  3.479251e+00  3.999845e+00  7.905134e+00  2.526539e+00  1.139230e+00  4.084719e+00  8.676702e-01  5.605398e-01  1.314113e-01  1.140142e+00  1.410721e-04  0.000000e+00  1.240298e-02  0.000000e+00  2.325495e-02
2.665135e+03  1.092648e+00  2.410958e+00  3.206371e+00  6.478579e+00  1.238002e+00  8.099944e-01  2.559483e+00  1.463724e+00  3.130745e-01  6.174413e-01  5.410545e-01  1.681809e-01  1.113538e-01  2.715733e-02  0.000000e+00  8.057880e-02
2.990330e+03  2.099022e-01  1.696251e+00  1.998516e+00  4.933804e+00  1.065566e+00  9.924701e-01  1.806009e+00  9.653052e-01  2.155709e-01  1.799122e-01  4.253355e-01  2.382468e-02  0.000000e+00  2.447648e-02  0.000000e+00  1.099814e-01
3.355206e+03  2.134123e-01  1.956358e+00  1.757296e+00  5.079527e+00  3.357660e-01  1.024788e+00  1.191620e+00  6.235301e-01  2.217968e-01  2.428111e-01  7.980433e-02  9.546142e-02  8.085704e-02  3.192403e-03  0.000000e+00  2.197818e-04
3.764603e+03  8.385051e-02  7.436647e-01  1.250221e+00  3.149733e+00  2.747043e-01  7.398953e-01  6.882959e-01  4.621992e-01  1.259272e-01  2.385865e-01  1.662440e-01  9.105827e-03  5.708142e-05  6.930471e-02  0.000000e+00  5.108517e-02
4.223954e+03  6.296961e-03  5.945378e-01  4.369616e-01  2.550584e+00  9.719171e-02  3.935162e-01  6.370970e-01  5.150761e-01  1.871205e-01  1.518349e-01  1.369613e-01  2.072602e-02  0.000000e+00  7.245280e-02  0.000000e+00  2.813614e-02
4.739354e+03  8.612886e-03  3.684195e-01  6.371808e-01  2.298792e+00  1.228233e-01  4.563047e-01  1.338157e-01  3.425299e-01  7.569078e-02  9.173381e-02  9.431325e-02  3.976371e-02  2.680558e-04  1.600064e-03  0.000000e+00  7.743167e-03
5.317643e+03  6.415782e-02  3.131987e-01  3.660249e-01  1.424598e+00  8.658161e-03  3.140496e-01  3.985904e-02  6.176009e-01  2.134696e-01  1.178572e-01  3.056702e-02  6.372687e-02  0.000000e+00  4.049685e-02  0.000000e+00  7.911726e-02
5.966493e+03  1.573593e-02  1.385064e-01  1.495448e-01  7.686436e-01  5.284400e-02  4.102742e-01  3.650524e-02  2.101748e-01  8.190183e-02  1.740020e-01  1.707644e-03  5.766372e-03  0.000000e+00  9.434871e-03  0.000000e+00  2.034513e-02
6.694516e+03  5.005427e-05  9.135372e-02  1.259635e-01  5.402149e-01  6.805139e-03  5.610953e-01  8.166555e-03  1.295689e-01  8.429086e-02  1.454470e-01  6.111633e-02  1.077139e-01  0.000000e+00  6.444471e-03  0.000000e+00  2.969611e-04
7.511370e+03  2.598843e-03  6.761085e-02  1.339107e-01  3.589275e-01  3.279519e-02  2.639347e-01  3.195817e-02  9.138857e-02  2.409563e-02  8.329869e-02  2.176312e-03  1.795175e-02  0.000000e+00  7.710465e-04  0.000000e+00  7.227224e-02
8.427896e+03  6.528638e-03  4.468013e-02  6.902662e-02  6.193967e-02  7.737557e-03  3.243145e-01  6.995048e-02  2.271309e-01  2.837168e-02  2.108872e-02  4.983247e-02  4.199981e-02  0.000000e+00  4.644688e-04  0.000000e+00  1.015893e-02
9.456255e+03  0.000000e+00  1.335319e-02  6.874836e-02  1.747781e-01  1.004183e-02  2.199527e-01  5.525702e-05  7.511360e-02  4.194507e-02  2.366674e-02  9.149041e-02  5.159638e-02  0.000000e+00  2.241240e-02  0.000000e+00  1.132707e-03
1.061009e+04  0.000000e+00  5.339747e-02  3.020441e-02  1.017387e-01  2.825928e-03  1.411618e-01  1.234330e-02  5.736812e-02  1.086322e-03  3.537346e-02  3.085129e-02  3.685007e-02  0.000000e+00  3.158211e-05  0.000000e+00  1.963565e-02
1.190472e+04  0.000000e+00  1.787547e-04  1.669935e-04  5.127658e-02  0.000000e+00  4.224602e-02  1.805073e-05  2.399442e-03  5.629517e-05  3.368449e-02  1.050947e-01  2.156704e-02  0.000000e+00  3.501165e-03  0.000000e+00  6.362852e-03
1.335731e+04  0.000000e+00  7.901184e-03  3.485103e-02  6.466694e-02  0.000000e+00  5.587394e-02  6.100055e-05  8.930671e-03  7.788641e-04  2.469333e-02  1.179020e-02  3.427265e-03  0.000000e+00  0.000000e+00  0.000000e+00  7.215421e-03
1.498715e+04  0.000000e+00  1.209076e-02  3.177337e-04  3.165887e-03  0.000000e+00  2.302265e-02  0.000000e+00  3.968156e-02  9.847734e-04  3.756090e-03  6.972964e-05  3.765771e-02  0.000000e+00  5.722324e-05  0.000000e+00  1.895097e-02
1.681586e+04  0.000000e+00  7.506922e-04  1.992696e-05  1.907043e-03  0.000000e+00  4.341381e-02  1.277894e-05  2.687321e-03  0.000000e+00  2.831804e-04  1.843313e-04  1.666768e-04  0.000000e+00  9.433093e-03  0.000000e+00  1.361186e-02
1.886771e+04  0.000000e+00  1.709993e-03  0.000000e+00  7.725477e-03  0.000000e+00  2.870500e-02  0.000000e+00  2.036894e-02  0.000000e+00  0.000000e+00  5.899804e-03  7.941047e-03  0.000000e+00  1.550311e-02  0.000000e+00  9.073217e-03
2.116992e+04  0.000000e+00  1.015067e-05  0.000000e+00  4.597351e-03  0.000000e+00  4.863942e-05  0.000000e+00  2.599098e-03  0.000000e+00  0.000000e+00  0.000000e+00  6.836699e-03  0.000000e+00  2.576403e-02  0.000000e+00  2.599098e-03
2.375304e+04  0.000000e+00  0.000000e+00  0.000000e+00  9.046795e-06  0.000000e+00  2.779692e-03  8.369500e-05  4.289407e-04  0.000000e+00  6.213500e-04  3.047103e-03  2.821442e-05  0.000000e+00  0.000000e+00  0.000000e+00  9.678224e-03
2.665135e+04  0.000000e+00  7.459325e-05  0.000000e+00  6.803645e-03  0.000000e+00  0.000000e+00  0.000000e+00  0.000000e+00  0.000000e+00  4.766780e-05  0.000000e+00  0.000000e+00  0.000000e+00  0.000000e+00  0.000000e+00  7.459325e-05
2.990330e+04  0.000000e+00  0.000000e+00  0.000000e+00  6.969194e-04  0.000000e+00  0.000000e+00  0.000000e+00  0.000000e+00  0.000000e+00  0.000000e+00  0.000000e+00  1.037639e-03  0.000000e+00  2.761120e-03  0.000000e+00  1.383442e-03
3.355206e+04  0.000000e+00  0.000000e+00  0.000000e+00  0.000000e+00  0.000000e+00  0.000000e+00  0.000000e+00  0.000000e+00  0.000000e+00  0.000000e+00  0.000000e+00  1.557354e-05  0.000000e+00  9.735397e-03  0.000000e+00  7.572777e-05
3.764603e+04  0.000000e+00  0.000000e+00  0.000000e+00  1.264921e-04  0.000000e+00  0.000000e+00  0.000000e+00  0.000000e+00  0.000000e+00  0.000000e+00  0.000000e+00  5.535828e-04  0.000000e+00  1.264921e-04  0.000000e+00  5.708142e-06
4.223954e+04  0.000000e+00  0.000000e+00  0.000000e+00  7.338363e-05  0.000000e+00  0.000000e+00  0.000000e+00  5.668913e-03  0.000000e+00  0.000000e+00  0.000000e+00  6.140504e-04  0.000000e+00  0.000000e+00  0.000000e+00  0.000000e+00
4.739354e+04  0.000000e+00  0.000000e+00  0.000000e+00  0.000000e+00  0.000000e+00  0.000000e+00  0.000000e+00  4.534138e-06  0.000000e+00  0.000000e+00  0.000000e+00  6.993737e-05  0.000000e+00  4.397264e-04  0.000000e+00  0.000000e+00
5.317643e+04  0.000000e+00  0.000000e+00  0.000000e+00  0.000000e+00  0.000000e+00  0.000000e+00  0.000000e+00  0.000000e+00  0.000000e+00  0.000000e+00  0.000000e+00  0.000000e+00  0.000000e+00  0.000000e+00  0.000000e+00  0.000000e+00
5.966493e+04  0.000000e+00  0.000000e+00  0.000000e+00  0.000000e+00  0.000000e+00  0.000000e+00  0.000000e+00  0.000000e+00  0.000000e+00  0.000000e+00  0.000000e+00  0.000000e+00  0.000000e+00  0.000000e+00  0.000000e+00  0.000000e+00
6.694516e+04  0.000000e+00  0.000000e+00  0.000000e+00  0.000000e+00  0.000000e+00  0.000000e+00  0.000000e+00  0.000000e+00  0.000000e+00  0.000000e+00  0.000000e+00  0.000000e+00  0.000000e+00  0.000000e+00  0.000000e+00  1.554038e-04
7.511370e+04  0.000000e+00  0.000000e+00  0.000000e+00  0.000000e+00  0.000000e+00  0.000000e+00  0.000000e+00  0.000000e+00  0.000000e+00  0.000000e+00  0.000000e+00  0.000000e+00  0.000000e+00  0.000000e+00  0.000000e+00  2.409563e-03
8.427896e+04  0.000000e+00  0.000000e+00  0.000000e+00  0.000000e+00  0.000000e+00  0.000000e+00  0.000000e+00  0.000000e+00  0.000000e+00  0.000000e+00  0.000000e+00  0.000000e+00  0.000000e+00  0.000000e+00  0.000000e+00  0.000000e+00
9.456255e+04  0.000000e+00  0.000000e+00  0.000000e+00  0.000000e+00  0.000000e+00  0.000000e+00  0.000000e+00  0.000000e+00  0.000000e+00  0.000000e+00  0.000000e+00  0.000000e+00  0.000000e+00  0.000000e+00  0.000000e+00  0.000000e+00
1.061009e+05  0.000000e+00  0.000000e+00  0.000000e+00  0.000000e+00  0.000000e+00  0.000000e+00  0.000000e+00  0.000000e+00  0.000000e+00  0.000000e+00  0.000000e+00  0.000000e+00  0.000000e+00  0.000000e+00  0.000000e+00  0.000000e+00
1.190472e+05  0.000000e+00  0.000000e+00  0.000000e+00  0.000000e+00  0.000000e+00  0.000000e+00  0.000000e+00  0.000000e+00  0.000000e+00  0.000000e+00  0.000000e+00  0.000000e+00  0.000000e+00  0.000000e+00  0.000000e+00  0.000000e+00
1.335731e+05  0.000000e+00  0.000000e+00  0.000000e+00  0.000000e+00  0.000000e+00  0.000000e+00  0.000000e+00  0.000000e+00  0.000000e+00  0.000000e+00  0.000000e+00  0.000000e+00  0.000000e+00  0.000000e+00  0.000000e+00  0.000000e+00
1.498715e+05  0.000000e+00  0.000000e+00  0.000000e+00  0.000000e+00  0.000000e+00  0.000000e+00  0.000000e+00  0.000000e+00  0.000000e+00  0.000000e+00  0.000000e+00  0.000000e+00  0.000000e+00  0.000000e+00  0.000000e+00  0.000000e+00
1.681586e+05  0.000000e+00  0.000000e+00  0.000000e+00  0.000000e+00  0.000000e+00  0.000000e+00  0.000000e+00  0.000000e+00  0.000000e+00  0.000000e+00  0.000000e+00  0.000000e+00  0.000000e+00  0.000000e+00  0.000000e+00  0.000000e+00
1.886771e+05  0.000000e+00  0.000000e+00  0.000000e+00  0.000000e+00  0.000000e+00  0.000000e+00  0.000000e+00  0.000000e+00  0.000000e+00  0.000000e+00  0.000000e+00  0.000000e+00  0.000000e+00  0.000000e+00  0.000000e+00  0.000000e+00
2.116992e+05  0.000000e+00  0.000000e+00  0.000000e+00  0.000000e+00  0.000000e+00  0.000000e+00  0.000000e+00  0.000000e+00  0.000000e+00  0.000000e+00  0.000000e+00  0.000000e+00  0.000000e+00  0.000000e+00  0.000000e+00  0.000000e+00
2.375304e+05  0.000000e+00  0.000000e+00  0.000000e+00  0.000000e+00  0.000000e+00  0.000000e+00  0.000000e+00  0.000000e+00  0.000000e+00  0.000000e+00  0.000000e+00  0.000000e+00  0.000000e+00  0.000000e+00  0.000000e+00  0.000000e+00
2.665135e+05  0.000000e+00  0.000000e+00  0.000000e+00  0.000000e+00  0.000000e+00  0.000000e+00  0.000000e+00  0.000000e+00  0.000000e+00  0.000000e+00  0.000000e+00  0.000000e+00  0.000000e+00  0.000000e+00  0.000000e+00  0.000000e+00
2.990330e+05  0.000000e+00  0.000000e+00  0.000000e+00  0.000000e+00  0.000000e+00  0.000000e+00  0.000000e+00  0.000000e+00  0.000000e+00  0.000000e+00  0.000000e+00  0.000000e+00  0.000000e+00  0.000000e+00  0.000000e+00  0.000000e+00
3.355206e+05  0.000000e+00  0.000000e+00  0.000000e+00  0.000000e+00  0.000000e+00  0.000000e+00  0.000000e+00  0.000000e+00  0.000000e+00  0.000000e+00  0.000000e+00  0.000000e+00  0.000000e+00  0.000000e+00  0.000000e+00  0.000000e+00
3.764603e+05  0.000000e+00  0.000000e+00  0.000000e+00  0.000000e+00  0.000000e+00  0.000000e+00  0.000000e+00  0.000000e+00  0.000000e+00  0.000000e+00  0.000000e+00  0.000000e+00  0.000000e+00  0.000000e+00  0.000000e+00  0.000000e+00
4.223954e+05  0.000000e+00  0.000000e+00  0.000000e+00  0.000000e+00  0.000000e+00  0.000000e+00  0.000000e+00  0.000000e+00  0.000000e+00  0.000000e+00  0.000000e+00  0.000000e+00  0.000000e+00  0.000000e+00  0.000000e+00  0.000000e+00
4.739354e+05  0.000000e+00  0.000000e+00  0.000000e+00  0.000000e+00  0.000000e+00  0.000000e+00  0.000000e+00  0.000000e+00  0.000000e+00  0.000000e+00  0.000000e+00  0.000000e+00  0.000000e+00  0.000000e+00  0.000000e+00  0.000000e+00
5.317643e+05  0.000000e+00  0.000000e+00  0.000000e+00  0.000000e+00  0.000000e+00  0.000000e+00  0.000000e+00  0.000000e+00  0.000000e+00  0.000000e+00  0.000000e+00  0.000000e+00  0.000000e+00  0.000000e+00  0.000000e+00  0.000000e+00
5.966493e+05  0.000000e+00  0.000000e+00  0.000000e+00  0.000000e+00  0.000000e+00  0.000000e+00  0.000000e+00  0.000000e+00  0.000000e+00  0.000000e+00  0.000000e+00  0.000000e+00  0.000000e+00  0.000000e+00  0.000000e+00  0.000000e+00
6.694516e+05  0.000000e+00  0.000000e+00  0.000000e+00  0.000000e+00  0.000000e+00  0.000000e+00  0.000000e+00  0.000000e+00  0.000000e+00  0.000000e+00  0.000000e+00  0.000000e+00  0.000000e+00  0.000000e+00  0.000000e+00  0.000000e+00
7.511370e+05  0.000000e+00  0.000000e+00  0.000000e+00  0.000000e+00  0.000000e+00  0.000000e+00  0.000000e+00  0.000000e+00  0.000000e+00  0.000000e+00  0.000000e+00  0.000000e+00  0.000000e+00  0.000000e+00  0.000000e+00  0.000000e+00
8.427896e+05  0.000000e+00  0.000000e+00  0.000000e+00  0.000000e+00  0.000000e+00  0.000000e+00  0.000000e+00  0.000000e+00  0.000000e+00  0.000000e+00  0.000000e+00  0.000000e+00  0.000000e+00  0.000000e+00  0.000000e+00  0.000000e+00
9.456255e+05  0.000000e+00  0.000000e+00  0.000000e+00  0.000000e+00  0.000000e+00  0.000000e+00  0.000000e+00  0.000000e+00  0.000000e+00  0.000000e+00  0.000000e+00  0.000000e+00  0.000000e+00  0.000000e+00  0.000000e+00  0.000000e+00
