# dR/dEr [1/keV/kg/Myr]
# Er [keV], S, F, Ne, Cl, Na, Si, O, P, N, C, Al, Mg, Be, B, Ar, Li
1.061009e+01  3.600571e+01  2.658975e+01  0.000000e+00  0.000000e+00  9.002192e+00  0.000000e+00  2.480694e+00  0.000000e+00  0.000000e+00  0.000000e+00  0.000000e+00  0.000000e+00  4.927758e-02  0.000000e+00  0.000000e+00  0.000000e+00
1.190472e+01  1.370096e+01  2.389646e+00  0.000000e+00  0.000000e+00  4.344969e+00  0.000000e+00  0.000000e+00  0.000000e+00  0.000000e+00  0.000000e+00  0.000000e+00  0.000000e+00  0.000000e+00  0.000000e+00  0.000000e+00  0.000000e+00
1.335731e+01  1.968469e+01  4.068421e+00  0.000000e+00  0.000000e+00  0.000000e+00  0.000000e+00  0.000000e+00  0.000000e+00  0.000000e+00  0.000000e+00  0.000000e+00  0.000000e+00  0.000000e+00  0.000000e+00  0.000000e+00  0.000000e+00
1.498715e+01  5.057897e+00  5.006506e+00  0.000000e+00  0.000000e+00  2.076824e+00  0.000000e+00  8.536746e-01  0.000000e+00  0.000000e+00  0.000000e+00  0.000000e+00  0.000000e+00  0.000000e+00  0.000000e+00  0.000000e+00  0.000000e+00
1.681586e+01  1.248555e+01  5.111934e+00  1.813168e+00  0.000000e+00  3.499050e+00  7.608383e-01  0.000000e+00  0.000000e+00  0.000000e+00  0.000000e+00  0.000000e+00  0.000000e+00  0.000000e+00  0.000000e+00  0.000000e+00  0.000000e+00
1.886771e+01  8.572283e+00  6.064449e+00  0.000000e+00  0.000000e+00  1.615988e+00  0.000000e+00  0.000000e+00  0.000000e+00  0.000000e+00  0.000000e+00  0.000000e+00  0.000000e+00  0.000000e+00  0.000000e+00  0.000000e+00  0.000000e+00
2.116992e+01  8.618848e+00  6.781029e+00  0.000000e+00  0.000000e+00  1.743140e+00  0.000000e+00  7.714491e-01  0.000000e+00  0.000000e+00  0.000000e+00  2.718219e-01  0.000000e+00  0.000000e+00  0.000000e+00  0.000000e+00  0.000000e+00
2.375304e+01  1.589494e+01  3.135148e+00  1.531546e+00  0.000000e+00  3.652269e+00  0.000000e+00  1.283625e+00  0.000000e+00  0.000000e+00  0.000000e+00  0.000000e+00  0.000000e+00  0.000000e+00  0.000000e+00  0.000000e+00  0.000000e+00
2.665135e+01  1.375678e+01  5.857064e+00  6.127838e-01  2.385184e-02  9.849738e-01  0.000000e+00  0.000000e+00  9.103494e-01  0.000000e+00  0.000000e+00  0.000000e+00  0.000000e+00  0.000000e+00  0.000000e+00  0.000000e+00  0.000000e+00
2.990330e+01  1.548967e+01  7.019562e+00  7.595655e-01  0.000000e+00  7.343217e-01  0.000000e+00  9.739949e-01  0.000000e+00  0.000000e+00  0.000000e+00  7.255606e-02  0.000000e+00  4.477188e-01  0.000000e+00  0.000000e+00  0.000000e+00
3.355206e+01  1.979475e+01  5.127167e+00  7.592608e-01  0.000000e+00  1.586599e+00  0.000000e+00  1.728540e+00  0.000000e+00  0.000000e+00  0.000000e+00  4.040411e-01  0.000000e+00  4.119329e-01  0.000000e+00  0.000000e+00  0.000000e+00
3.764603e+01  2.185792e+01  3.598740e+00  2.871880e-03  4.338177e-01  2.261561e+00  0.000000e+00  2.590230e-02  0.000000e+00  0.000000e+00  0.000000e+00  0.000000e+00  0.000000e+00  4.466372e-03  0.000000e+00  0.000000e+00  0.000000e+00
4.223954e+01  2.008825e+01  1.014358e+01  1.864945e-01  0.000000e+00  4.636930e+00  0.000000e+00  6.097710e-01  0.000000e+00  0.000000e+00  0.000000e+00  1.216149e-01  0.000000e+00  2.673483e+00  0.000000e+00  0.000000e+00  0.000000e+00
4.739354e+01  2.812981e+01  1.099567e+01  3.445936e-01  8.821091e-01  1.331956e+00  0.000000e+00  1.243905e+00  0.000000e+00  0.000000e+00  0.000000e+00  0.000000e+00  0.000000e+00  9.662050e-01  0.000000e+00  0.000000e+00  0.000000e+00
5.317643e+01  2.462301e+01  6.280870e+00  8.548370e-01  0.000000e+00  3.199261e+00  0.000000e+00  1.655613e+00  0.000000e+00  0.000000e+00  0.000000e+00  1.082142e-01  0.000000e+00  0.000000e+00  0.000000e+00  0.000000e+00  0.000000e+00
5.966493e+01  3.292959e+01  1.164458e+01  9.509919e-01  4.881538e-01  2.115197e+00  0.000000e+00  1.581491e+00  0.000000e+00  0.000000e+00  0.000000e+00  1.749142e-01  0.000000e+00  4.980945e-02  0.000000e+00  0.000000e+00  0.000000e+00
6.694516e+01  3.578520e+01  9.781905e+00  1.589952e+00  0.000000e+00  4.477064e+00  0.000000e+00  4.649429e-01  0.000000e+00  6.216788e-02  0.000000e+00  4.857904e-01  0.000000e+00  6.901733e+00  0.000000e+00  0.000000e+00  0.000000e+00
7.511370e+01  3.751431e+01  1.334570e+01  1.360858e+00  5.094798e-01  2.683283e+00  0.000000e+00  1.169582e+00  0.000000e+00  0.000000e+00  0.000000e+00  1.048736e-01  0.000000e+00  2.069743e+03  0.000000e+00  0.000000e+00  0.000000e+00
8.427896e+01  4.772280e+01  1.510751e+01  8.840407e-01  1.201579e+00  3.798664e+00  0.000000e+00  2.047474e+00  0.000000e+00  0.000000e+00  0.000000e+00  0.000000e+00  0.000000e+00  2.520445e+03  0.000000e+00  0.000000e+00  0.000000e+00
9.456255e+01  4.747660e+01  1.172295e+01  1.187680e+00  6.077751e-01  3.327835e+00  0.000000e+00  5.936060e-01  0.000000e+00  4.448420e-02  0.000000e+00  4.727039e-04  0.000000e+00  1.909718e+03  0.000000e+00  0.000000e+00  0.000000e+00
1.061009e+02  5.588748e+01  1.541436e+01  9.331516e-01  2.144959e-01  4.744951e+00  0.000000e+00  1.027209e+00  0.000000e+00  0.000000e+00  9.836147e-02  4.853166e-01  0.000000e+00  1.458702e+03  0.000000e+00  0.000000e+00  0.000000e+00
1.190472e+02  6.006534e+01  1.957752e+01  2.051828e+00  3.181701e-01  4.333965e+00  0.000000e+00  6.385425e-01  0.000000e+00  1.074713e-01  2.731800e-01  1.290461e+03  0.000000e+00  1.070076e+03  0.000000e+00  4.892148e-02  0.000000e+00
1.335731e+02  6.763159e+01  2.126336e+01  1.466281e+00  8.094058e-04  5.284579e+00  0.000000e+00  7.875367e-01  0.000000e+00  0.000000e+00  0.000000e+00  1.076514e+03  0.000000e+00  7.865925e+02  0.000000e+00  0.000000e+00  0.000000e+00
1.498715e+02  1.657004e+02  2.459485e+01  1.098844e+00  3.391796e-01  3.140880e+00  0.000000e+00  1.351331e+00  0.000000e+00  1.772413e-01  1.636298e-01  8.052102e+02  0.000000e+00  5.881772e+02  0.000000e+00  0.000000e+00  0.000000e+00
1.681586e+02  2.383709e+02  2.484725e+01  1.444021e+00  3.499050e-01  2.668725e+00  2.658209e-04  1.716660e+00  0.000000e+00  1.234509e-01  0.000000e+00  5.963185e+02  0.000000e+00  4.320382e+02  0.000000e+00  0.000000e+00  0.000000e+00
1.886771e+02  1.386507e+02  2.938296e+01  1.060454e+00  3.499514e-01  5.780858e+00  1.543678e-01  1.616222e+00  1.090256e-01  1.090256e-01  0.000000e+00  4.451505e+02  0.000000e+00  3.178530e+02  0.000000e+00  0.000000e+00  0.000000e+00
2.116992e+02  6.036469e+01  3.650787e+01  1.366435e+00  8.492002e-01  2.412723e+00  9.716913e-02  1.362162e+00  0.000000e+00  0.000000e+00  2.111491e-04  3.508007e+02  0.000000e+00  2.127479e+02  0.000000e+00  5.107005e-04  0.000000e+00
2.375304e+02  4.372724e+01  1.878176e+02  2.100786e+00  7.315042e-01  3.552961e+00  4.176041e-02  1.493985e+00  1.767118e-01  0.000000e+00  5.386322e-02  2.614115e+02  0.000000e+00  1.552467e+02  0.000000e+00  1.536017e-01  0.000000e+00
2.665135e+02  3.596317e+01  1.566004e+02  2.149333e+00  5.335807e-01  5.095992e+00  9.558527e-02  1.156343e+00  0.000000e+00  7.718419e-02  7.691136e-02  1.917705e+02  0.000000e+00  1.090383e+02  0.000000e+00  0.000000e+00  0.000000e+00
2.990330e+02  2.192536e+01  2.371340e+01  1.186029e+00  4.299562e-01  3.948903e+00  6.894057e-03  2.190572e+00  2.324758e-04  5.622829e-04  1.406714e-02  1.447004e+02  0.000000e+00  8.169162e+01  0.000000e+00  0.000000e+00  0.000000e+00
3.355206e+02  1.925848e+01  2.114724e+01  1.385078e+00  5.732593e-01  4.177227e+00  6.130958e-02  1.601096e+00  5.912821e-02  4.867514e-02  9.882254e-02  1.079896e+02  8.857512e-03  5.639775e+01  0.000000e+00  0.000000e+00  1.215343e-03
3.764603e+02  1.284030e+01  1.573342e+01  1.744386e+00  5.126906e-01  4.694120e+00  2.937772e-02  1.129750e+00  0.000000e+00  6.766919e-02  0.000000e+00  7.090377e+01  0.000000e+00  4.122054e+01  0.000000e+00  0.000000e+00  0.000000e+00
4.223954e+02  8.290517e+00  1.313151e+01  1.112169e+00  5.373335e-01  3.985597e+00  3.882862e-02  1.605584e+00  1.230725e-01  4.886451e-02  7.724854e-02  5.464050e+01  0.000000e+00  2.235334e+01  0.000000e+00  2.559566e-04  0.000000e+00
4.739354e+02  6.579014e+00  1.068872e+01  1.566378e+00  9.284763e-01  3.394360e+00  5.647975e-02  1.514885e+00  1.154667e-01  5.119271e-02  0.000000e+00  3.386487e+01  0.000000e+00  1.499223e+01  5.119271e-02  0.000000e+00  0.000000e+00
5.317643e+02  5.103683e+00  6.964626e+00  1.647507e+00  4.490367e-01  3.582666e+00  1.095895e-01  1.320832e+00  1.382482e-01  1.336749e-01  5.070058e-02  2.800534e+01  0.000000e+00  1.174746e+01  8.405996e-05  6.861137e-02  0.000000e+00
5.966493e+02  4.553662e+00  6.082146e+00  1.686579e+00  7.818455e-01  3.486302e+00  1.105895e-01  1.311730e+00  1.328626e-01  7.001924e-02  2.243909e-02  2.013257e+01  0.000000e+00  7.876698e+00  0.000000e+00  2.818090e-04  0.000000e+00
6.694516e+02  3.490452e+00  5.113540e+00  2.055977e+00  1.136056e+00  3.351755e+00  1.124243e-01  1.647843e+00  9.925854e-02  8.359791e-02  2.532818e-02  1.405628e+01  0.000000e+00  4.501570e+00  0.000000e+00  0.000000e+00  0.000000e+00
7.511370e+02  2.837081e+00  3.983254e+00  1.412219e+00  9.207468e-01  2.237984e+00  3.024192e-02  1.222817e+00  1.199465e-01  8.769582e-02  1.716231e-02  9.103474e+00  0.000000e+00  3.062985e+00  0.000000e+00  0.000000e+00  0.000000e+00
8.427896e+02  1.763873e+00  3.305607e+00  1.216862e+00  1.018970e+00  2.488251e+00  7.073611e-02  1.398778e+00  4.960464e-02  2.202353e-02  4.728757e-02  4.816766e+00  0.000000e+00  1.509475e+00  0.000000e+00  4.154305e-02  0.000000e+00
9.456255e+02  1.730301e+00  2.718774e+00  1.625410e+00  6.828609e-01  2.063570e+00  9.388845e-02  1.445051e+00  1.449663e-01  0.000000e+00  6.891774e-02  3.989361e+00  6.722361e-04  1.186905e+00  0.000000e+00  0.000000e+00  0.000000e+00
1.061009e+03  1.584261e+00  1.920785e+00  1.528619e+00  1.041352e+00  1.659053e+00  1.180151e-01  1.338283e+00  1.084298e-01  1.583073e-01  1.976911e-02  2.836458e+00  0.000000e+00  4.454769e-01  4.521659e-03  2.800991e-03  0.000000e+00
1.190472e+03  1.054273e+00  1.654071e+00  1.397156e+00  1.051905e+00  1.235772e+00  1.156340e-01  8.186924e-01  1.307777e-01  5.783924e-02  4.890464e-02  1.711797e+00  0.000000e+00  5.053418e-01  0.000000e+00  0.000000e+00  0.000000e+00
1.335731e+03  1.053466e+00  1.458884e+00  1.142509e+00  8.011065e-01  1.020944e+00  5.310561e-02  1.063371e+00  5.720491e-02  1.020877e-01  1.892152e-02  8.556830e-01  0.000000e+00  1.679651e-01  2.621189e-02  0.000000e+00  0.000000e+00
1.498715e+03  6.629911e-01  1.080828e+00  9.277790e-01  8.684640e-01  7.086320e-01  1.622232e-01  9.362085e-01  1.777218e-01  1.503665e-01  3.263848e-02  5.096938e-01  6.506364e-04  2.682415e-01  0.000000e+00  0.000000e+00  1.487735e-03
1.681586e+03  2.804018e-01  1.033765e+00  7.265806e-01  7.532645e-01  8.465080e-01  8.397366e-02  7.064561e-01  1.136345e-01  1.049690e-01  6.822392e-02  5.052193e-01  0.000000e+00  1.519240e-01  1.749369e-02  0.000000e+00  2.424928e-04
1.886771e+03  3.839440e-01  6.342525e-01  7.434342e-01  9.635960e-01  6.755389e-01  9.425630e-02  6.263054e-01  1.168936e-01  8.303138e-02  6.540138e-02  2.575232e-01  1.575167e-02  1.350178e-02  1.420225e-02  1.385541e-04  0.000000e+00
2.116992e+03  2.941090e-01  6.599267e-01  4.852911e-01  5.826315e-01  2.759114e-01  8.537071e-02  4.725786e-01  1.029760e-01  2.532993e-02  4.982164e-02  1.249654e-01  7.403813e-03  4.775737e-02  5.107005e-05  0.000000e+00  5.107005e-05
2.375304e+03  1.178416e-01  3.852110e-01  4.389094e-01  8.397865e-01  2.802546e-01  1.413918e-01  4.283221e-01  9.583795e-02  5.937105e-02  1.622363e-02  1.498099e-01  2.926697e-05  0.000000e+00  2.422615e-03  0.000000e+00  4.412464e-03
2.665135e+03  1.324362e-01  2.835626e-01  3.490249e-01  7.065768e-01  1.355407e-01  8.996933e-02  2.680389e-01  1.645399e-01  3.860156e-02  7.838020e-02  8.047254e-02  2.550075e-02  1.479104e-02  5.023487e-03  0.000000e+00  1.256838e-02
2.990330e+03  2.989970e-02  2.033225e-01  2.243727e-01  5.406770e-01  1.171513e-01  1.156730e-01  1.914238e-01  1.008932e-01  3.394538e-02  2.899093e-02  6.603553e-02  4.592915e-03  0.000000e+00  4.533416e-03  0.000000e+00  1.778645e-02
3.355206e+03  2.986957e-02  2.367210e-01  2.178271e-01  5.540549e-01  4.183743e-02  1.145890e-01  1.209061e-01  6.633040e-02  2.823830e-02  3.189435e-02  1.412632e-02  1.305519e-02  1.094128e-02  6.466565e-04  0.000000e+00  4.554563e-05
3.764603e+03  1.042135e-02  8.874721e-02  1.542620e-01  3.411300e-01  3.655541e-02  9.162660e-02  7.342153e-02  5.050626e-02  1.733131e-02  3.489239e-02  2.632533e-02  1.837876e-03  1.187378e-05  9.901699e-03  0.000000e+00  9.353369e-03
4.223954e+03  1.265244e-03  6.723790e-02  5.839002e-02  2.724994e-01  1.545333e-02  4.633412e-02  6.510532e-02  5.947072e-02  2.708060e-02  2.299381e-02  2.148975e-02  3.903905e-03  0.000000e+00  1.030975e-02  0.000000e+00  5.366553e-03
4.739354e+03  1.662134e-03  4.662575e-02  7.872056e-02  2.515331e-01  1.720972e-02  5.214025e-02  1.621245e-02  4.328520e-02  1.176759e-02  1.475438e-02  1.571357e-02  6.492094e-03  5.515939e-05  3.258142e-04  0.000000e+00  1.564780e-03
5.317643e+03  8.534793e-03  4.301866e-02  4.949200e-02  1.561966e-01  1.716437e-03  3.787750e-02  6.192051e-03  7.551471e-02  2.774002e-02  1.861606e-02  5.899513e-03  8.887847e-03  0.000000e+00  7.139149e-03  0.000000e+00  1.019671e-02
5.966493e+03  2.964747e-03  1.903455e-02  2.445861e-02  9.252931e-02  6.938000e-03  4.907511e-02  5.341215e-03  3.095908e-02  1.137156e-02  2.407473e-02  3.455213e-04  1.134856e-03  0.000000e+00  1.792956e-03  0.000000e+00  3.549538e-03
6.694516e+03  1.038431e-05  1.325855e-02  1.849524e-02  6.780641e-02  1.344769e-03  6.972525e-02  1.615261e-03  1.675949e-02  1.355451e-02  2.054750e-02  1.066143e-02  1.380415e-02  0.000000e+00  1.247996e-03  0.000000e+00  6.091143e-05
7.511370e+03  5.254696e-04  1.094766e-02  1.861073e-02  3.895437e-02  4.935665e-03  3.404223e-02  5.505065e-03  1.298493e-02  3.893963e-03  1.163565e-02  4.431209e-04  3.288244e-03  0.000000e+00  1.581549e-04  0.000000e+00  1.144942e-02
8.427896e+03  1.238298e-03  8.063321e-03  9.259164e-03  9.718223e-03  1.482908e-03  4.473808e-02  8.800395e-03  3.433283e-02  4.784222e-03  3.815854e-03  7.717540e-03  6.914699e-03  0.000000e+00  9.537668e-05  0.000000e+00  1.975258e-03
9.456255e+03  0.000000e+00  2.345351e-03  9.626891e-03  2.456664e-02  1.799198e-03  2.912835e-02  1.143316e-05  1.116750e-02  6.862043e-03  3.969247e-03  1.309271e-02  8.564087e-03  0.000000e+00  3.733991e-03  0.000000e+00  2.294424e-04
1.061009e+04  0.000000e+00  7.610344e-03  3.529167e-03  1.471737e-02  5.525457e-04  2.030881e-02  2.356764e-03  8.145935e-03  2.203380e-04  5.438223e-03  5.502355e-03  5.821845e-03  0.000000e+00  6.552058e-06  0.000000e+00  3.274932e-03
1.190472e+04  0.000000e+00  3.688056e-05  3.425301e-05  7.647621e-03  0.000000e+00  6.364929e-03  3.754820e-06  4.873900e-04  1.167906e-05  5.644646e-03  1.252133e-02  3.059590e-03  0.000000e+00  6.991914e-04  0.000000e+00  1.254526e-03
1.335731e+04  0.000000e+00  1.527046e-03  4.604186e-03  9.859805e-03  0.000000e+00  6.503033e-03  1.258795e-05  1.638744e-03  1.576852e-04  4.323330e-03  2.198116e-03  6.661141e-04  0.000000e+00  0.000000e+00  0.000000e+00  1.366794e-03
1.498715e+04  0.000000e+00  1.954587e-03  6.506364e-05  6.275272e-04  0.000000e+00  3.563023e-03  0.000000e+00  5.249006e-03  1.982950e-04  7.137888e-04  1.442767e-05  4.225030e-03  0.000000e+00  1.185234e-05  0.000000e+00  2.978343e-03
1.681586e+04  0.000000e+00  1.537787e-04  4.134069e-06  3.741778e-04  0.000000e+00  6.478520e-03  2.658209e-06  5.218016e-04  0.000000e+00  5.798803e-05  3.780261e-05  3.424824e-05  0.000000e+00  1.752345e-03  0.000000e+00  2.294354e-03
1.886771e+04  0.000000e+00  3.355129e-04  0.000000e+00  1.297183e-03  0.000000e+00  4.090473e-03  0.000000e+00  3.178939e-03  0.000000e+00  0.000000e+00  1.120110e-03  1.341269e-03  0.000000e+00  2.423429e-03  0.000000e+00  1.743309e-03
2.116992e+04  0.000000e+00  2.111491e-06  0.000000e+00  8.701828e-04  0.000000e+00  1.005395e-05  0.000000e+00  4.929751e-04  0.000000e+00  0.000000e+00  0.000000e+00  1.146062e-03  0.000000e+00  3.735296e-03  0.000000e+00  4.929751e-04
2.375304e+04  0.000000e+00  0.000000e+00  0.000000e+00  1.881868e-06  0.000000e+00  5.332343e-04  1.716717e-05  8.679104e-05  0.000000e+00  1.251157e-04  5.636445e-04  5.853393e-06  0.000000e+00  0.000000e+00  0.000000e+00  1.632715e-03
2.665135e+04  0.000000e+00  1.530026e-05  0.000000e+00  1.100076e-03  0.000000e+00  0.000000e+00  0.000000e+00  0.000000e+00  0.000000e+00  9.808880e-06  0.000000e+00  0.000000e+00  0.000000e+00  0.000000e+00  0.000000e+00  1.530026e-05
2.990330e+04  0.000000e+00  0.000000e+00  0.000000e+00  1.391766e-04  0.000000e+00  0.000000e+00  0.000000e+00  0.000000e+00  0.000000e+00  0.000000e+00  0.000000e+00  2.081171e-04  0.000000e+00  5.166593e-04  0.000000e+00  2.672500e-04
3.355206e+04  0.000000e+00  0.000000e+00  0.000000e+00  0.000000e+00  0.000000e+00  0.000000e+00  0.000000e+00  0.000000e+00  0.000000e+00  0.000000e+00  0.000000e+00  3.222302e-06  0.000000e+00  1.087417e-03  0.000000e+00  1.558294e-05
3.764603e+04  0.000000e+00  0.000000e+00  0.000000e+00  2.590230e-05  0.000000e+00  0.000000e+00  0.000000e+00  0.000000e+00  0.000000e+00  0.000000e+00  0.000000e+00  1.105519e-04  0.000000e+00  2.590230e-05  0.000000e+00  1.187378e-06
4.223954e+04  0.000000e+00  0.000000e+00  0.000000e+00  1.504949e-05  0.000000e+00  0.000000e+00  0.000000e+00  9.061595e-04  0.000000e+00  0.000000e+00  0.000000e+00  1.232607e-04  0.000000e+00  0.000000e+00  0.000000e+00  0.000000e+00
4.739354e+04  0.000000e+00  0.000000e+00  0.000000e+00  0.000000e+00  0.000000e+00  0.000000e+00  0.000000e+00  9.431682e-07  0.000000e+00  0.000000e+00  0.000000e+00  1.435604e-05  0.000000e+00  8.781447e-05  0.000000e+00  0.000000e+00
5.317643e+04  0.000000e+00  0.000000e+00  0.000000e+00  0.000000e+00  0.000000e+00  0.000000e+00  0.000000e+00  0.000000e+00  0.000000e+00  0.000000e+00  0.000000e+00  0.000000e+00  0.000000e+00  0.000000e+00  0.000000e+00  0.000000e+00
5.966493e+04  0.000000e+00  0.000000e+00  0.000000e+00  0.000000e+00  0.000000e+00  0.000000e+00  0.000000e+00  0.000000e+00  0.000000e+00  0.000000e+00  0.000000e+00  0.000000e+00  0.000000e+00  0.000000e+00  0.000000e+00  0.000000e+00
6.694516e+04  0.000000e+00  0.000000e+00  0.000000e+00  0.000000e+00  0.000000e+00  0.000000e+00  0.000000e+00  0.000000e+00  0.000000e+00  0.000000e+00  0.000000e+00  0.000000e+00  0.000000e+00  0.000000e+00  0.000000e+00  3.146233e-05
7.511370e+04  0.000000e+00  0.000000e+00  0.000000e+00  0.000000e+00  0.000000e+00  0.000000e+00  0.000000e+00  0.000000e+00  0.000000e+00  0.000000e+00  0.000000e+00  0.000000e+00  0.000000e+00  0.000000e+00  0.000000e+00  3.893963e-04
8.427896e+04  0.000000e+00  0.000000e+00  0.000000e+00  0.000000e+00  0.000000e+00  0.000000e+00  0.000000e+00  0.000000e+00  0.000000e+00  0.000000e+00  0.000000e+00  0.000000e+00  0.000000e+00  0.000000e+00  0.000000e+00  0.000000e+00
9.456255e+04  0.000000e+00  0.000000e+00  0.000000e+00  0.000000e+00  0.000000e+00  0.000000e+00  0.000000e+00  0.000000e+00  0.000000e+00  0.000000e+00  0.000000e+00  0.000000e+00  0.000000e+00  0.000000e+00  0.000000e+00  0.000000e+00
1.061009e+05  0.000000e+00  0.000000e+00  0.000000e+00  0.000000e+00  0.000000e+00  0.000000e+00  0.000000e+00  0.000000e+00  0.000000e+00  0.000000e+00  0.000000e+00  0.000000e+00  0.000000e+00  0.000000e+00  0.000000e+00  0.000000e+00
1.190472e+05  0.000000e+00  0.000000e+00  0.000000e+00  0.000000e+00  0.000000e+00  0.000000e+00  0.000000e+00  0.000000e+00  0.000000e+00  0.000000e+00  0.000000e+00  0.000000e+00  0.000000e+00  0.000000e+00  0.000000e+00  0.000000e+00
1.335731e+05  0.000000e+00  0.000000e+00  0.000000e+00  0.000000e+00  0.000000e+00  0.000000e+00  0.000000e+00  0.000000e+00  0.000000e+00  0.000000e+00  0.000000e+00  0.000000e+00  0.000000e+00  0.000000e+00  0.000000e+00  0.000000e+00
1.498715e+05  0.000000e+00  0.000000e+00  0.000000e+00  0.000000e+00  0.000000e+00  0.000000e+00  0.000000e+00  0.000000e+00  0.000000e+00  0.000000e+00  0.000000e+00  0.000000e+00  0.000000e+00  0.000000e+00  0.000000e+00  0.000000e+00
1.681586e+05  0.000000e+00  0.000000e+00  0.000000e+00  0.000000e+00  0.000000e+00  0.000000e+00  0.000000e+00  0.000000e+00  0.000000e+00  0.000000e+00  0.000000e+00  0.000000e+00  0.000000e+00  0.000000e+00  0.000000e+00  0.000000e+00
1.886771e+05  0.000000e+00  0.000000e+00  0.000000e+00  0.000000e+00  0.000000e+00  0.000000e+00  0.000000e+00  0.000000e+00  0.000000e+00  0.000000e+00  0.000000e+00  0.000000e+00  0.000000e+00  0.000000e+00  0.000000e+00  0.000000e+00
2.116992e+05  0.000000e+00  0.000000e+00  0.000000e+00  0.000000e+00  0.000000e+00  0.000000e+00  0.000000e+00  0.000000e+00  0.000000e+00  0.000000e+00  0.000000e+00  0.000000e+00  0.000000e+00  0.000000e+00  0.000000e+00  0.000000e+00
2.375304e+05  0.000000e+00  0.000000e+00  0.000000e+00  0.000000e+00  0.000000e+00  0.000000e+00  0.000000e+00  0.000000e+00  0.000000e+00  0.000000e+00  0.000000e+00  0.000000e+00  0.000000e+00  0.000000e+00  0.000000e+00  0.000000e+00
2.665135e+05  0.000000e+00  0.000000e+00  0.000000e+00  0.000000e+00  0.000000e+00  0.000000e+00  0.000000e+00  0.000000e+00  0.000000e+00  0.000000e+00  0.000000e+00  0.000000e+00  0.000000e+00  0.000000e+00  0.000000e+00  0.000000e+00
2.990330e+05  0.000000e+00  0.000000e+00  0.000000e+00  0.000000e+00  0.000000e+00  0.000000e+00  0.000000e+00  0.000000e+00  0.000000e+00  0.000000e+00  0.000000e+00  0.000000e+00  0.000000e+00  0.000000e+00  0.000000e+00  0.000000e+00
3.355206e+05  0.000000e+00  0.000000e+00  0.000000e+00  0.000000e+00  0.000000e+00  0.000000e+00  0.000000e+00  0.000000e+00  0.000000e+00  0.000000e+00  0.000000e+00  0.000000e+00  0.000000e+00  0.000000e+00  0.000000e+00  0.000000e+00
3.764603e+05  0.000000e+00  0.000000e+00  0.000000e+00  0.000000e+00  0.000000e+00  0.000000e+00  0.000000e+00  0.000000e+00  0.000000e+00  0.000000e+00  0.000000e+00  0.000000e+00  0.000000e+00  0.000000e+00  0.000000e+00  0.000000e+00
4.223954e+05  0.000000e+00  0.000000e+00  0.000000e+00  0.000000e+00  0.000000e+00  0.000000e+00  0.000000e+00  0.000000e+00  0.000000e+00  0.000000e+00  0.000000e+00  0.000000e+00  0.000000e+00  0.000000e+00  0.000000e+00  0.000000e+00
4.739354e+05  0.000000e+00  0.000000e+00  0.000000e+00  0.000000e+00  0.000000e+00  0.000000e+00  0.000000e+00  0.000000e+00  0.000000e+00  0.000000e+00  0.000000e+00  0.000000e+00  0.000000e+00  0.000000e+00  0.000000e+00  0.000000e+00
5.317643e+05  0.000000e+00  0.000000e+00  0.000000e+00  0.000000e+00  0.000000e+00  0.000000e+00  0.000000e+00  0.000000e+00  0.000000e+00  0.000000e+00  0.000000e+00  0.000000e+00  0.000000e+00  0.000000e+00  0.000000e+00  0.000000e+00
5.966493e+05  0.000000e+00  0.000000e+00  0.000000e+00  0.000000e+00  0.000000e+00  0.000000e+00  0.000000e+00  0.000000e+00  0.000000e+00  0.000000e+00  0.000000e+00  0.000000e+00  0.000000e+00  0.000000e+00  0.000000e+00  0.000000e+00
6.694516e+05  0.000000e+00  0.000000e+00  0.000000e+00  0.000000e+00  0.000000e+00  0.000000e+00  0.000000e+00  0.000000e+00  0.000000e+00  0.000000e+00  0.000000e+00  0.000000e+00  0.000000e+00  0.000000e+00  0.000000e+00  0.000000e+00
7.511370e+05  0.000000e+00  0.000000e+00  0.000000e+00  0.000000e+00  0.000000e+00  0.000000e+00  0.000000e+00  0.000000e+00  0.000000e+00  0.000000e+00  0.000000e+00  0.000000e+00  0.000000e+00  0.000000e+00  0.000000e+00  0.000000e+00
8.427896e+05  0.000000e+00  0.000000e+00  0.000000e+00  0.000000e+00  0.000000e+00  0.000000e+00  0.000000e+00  0.000000e+00  0.000000e+00  0.000000e+00  0.000000e+00  0.000000e+00  0.000000e+00  0.000000e+00  0.000000e+00  0.000000e+00
9.456255e+05  0.000000e+00  0.000000e+00  0.000000e+00  0.000000e+00  0.000000e+00  0.000000e+00  0.000000e+00  0.000000e+00  0.000000e+00  0.000000e+00  0.000000e+00  0.000000e+00  0.000000e+00  0.000000e+00  0.000000e+00  0.000000e+00
