# dR/dEr [1/keV/kg/Myr]
# Er [keV], S, F, Ne, Cl, Na, Si, O, P, N, C, Al, Mg, Be, B, Ar, Li
1.061009e+01  1.472352e+01  1.121024e+01  0.000000e+00  0.000000e+00  4.230221e+00  0.000000e+00  9.765780e-01  0.000000e+00  0.000000e+00  0.000000e+00  0.000000e+00  0.000000e+00  4.464689e-02  0.000000e+00  0.000000e+00  0.000000e+00
1.190472e+01  5.468967e+00  1.197306e+00  0.000000e+00  0.000000e+00  1.742853e+00  0.000000e+00  0.000000e+00  0.000000e+00  0.000000e+00  0.000000e+00  0.000000e+00  0.000000e+00  0.000000e+00  0.000000e+00  0.000000e+00  0.000000e+00
1.335731e+01  7.978478e+00  1.639907e+00  0.000000e+00  0.000000e+00  0.000000e+00  0.000000e+00  0.000000e+00  0.000000e+00  0.000000e+00  0.000000e+00  0.000000e+00  0.000000e+00  0.000000e+00  0.000000e+00  0.000000e+00  0.000000e+00
1.498715e+01  2.016782e+00  2.279116e+00  0.000000e+00  0.000000e+00  8.452853e-01  0.000000e+00  3.335330e-01  0.000000e+00  0.000000e+00  0.000000e+00  0.000000e+00  0.000000e+00  0.000000e+00  0.000000e+00  0.000000e+00  0.000000e+00
1.681586e+01  4.986957e+00  2.380406e+00  7.198848e-01  0.000000e+00  1.410547e+00  2.972616e-01  0.000000e+00  0.000000e+00  0.000000e+00  0.000000e+00  0.000000e+00  0.000000e+00  0.000000e+00  0.000000e+00  0.000000e+00  0.000000e+00
1.886771e+01  3.412750e+00  2.665417e+00  0.000000e+00  0.000000e+00  6.415980e-01  0.000000e+00  0.000000e+00  0.000000e+00  0.000000e+00  0.000000e+00  0.000000e+00  0.000000e+00  0.000000e+00  0.000000e+00  0.000000e+00  0.000000e+00
2.116992e+01  3.468263e+00  2.951558e+00  0.000000e+00  0.000000e+00  6.959553e-01  0.000000e+00  3.052834e-01  0.000000e+00  0.000000e+00  0.000000e+00  2.134185e-01  0.000000e+00  0.000000e+00  0.000000e+00  0.000000e+00  0.000000e+00
2.375304e+01  6.406787e+00  1.256211e+00  8.005715e-01  0.000000e+00  1.679606e+00  0.000000e+00  5.096394e-01  0.000000e+00  0.000000e+00  0.000000e+00  0.000000e+00  0.000000e+00  0.000000e+00  0.000000e+00  0.000000e+00  0.000000e+00
2.665135e+01  5.609582e+00  2.751670e+00  2.424952e-01  2.112226e-02  3.863901e-01  0.000000e+00  0.000000e+00  5.690149e-01  0.000000e+00  0.000000e+00  0.000000e+00  0.000000e+00  0.000000e+00  0.000000e+00  0.000000e+00  0.000000e+00
2.990330e+01  6.353129e+00  2.898159e+00  2.954089e-01  0.000000e+00  4.414476e-01  0.000000e+00  3.832866e-01  0.000000e+00  0.000000e+00  0.000000e+00  6.137775e-02  0.000000e+00  3.201754e-01  0.000000e+00  0.000000e+00  0.000000e+00
3.355206e+01  8.113463e+00  2.204869e+00  3.114669e-01  0.000000e+00  6.317389e-01  0.000000e+00  8.651701e-01  0.000000e+00  0.000000e+00  0.000000e+00  2.899194e-01  0.000000e+00  3.248251e-01  0.000000e+00  0.000000e+00  0.000000e+00
3.764603e+01  9.136222e+00  1.697795e+00  2.624542e-03  1.716735e-01  1.141592e+00  0.000000e+00  2.266804e-02  0.000000e+00  0.000000e+00  0.000000e+00  0.000000e+00  0.000000e+00  4.066610e-03  0.000000e+00  0.000000e+00  0.000000e+00
4.223954e+01  8.213158e+00  4.128378e+00  1.416469e-01  0.000000e+00  1.972003e+00  0.000000e+00  2.403083e-01  0.000000e+00  0.000000e+00  0.000000e+00  1.002854e-01  0.000000e+00  1.525653e+00  0.000000e+00  0.000000e+00  0.000000e+00
4.739354e+01  1.139940e+01  4.507451e+00  1.363651e-01  3.568667e-01  5.336945e-01  0.000000e+00  4.909240e-01  0.000000e+00  0.000000e+00  0.000000e+00  0.000000e+00  0.000000e+00  5.349823e-01  0.000000e+00  0.000000e+00  0.000000e+00
5.317643e+01  1.008054e+01  2.510188e+00  3.370734e-01  0.000000e+00  1.383547e+00  0.000000e+00  6.522627e-01  0.000000e+00  0.000000e+00  0.000000e+00  8.496342e-02  0.000000e+00  0.000000e+00  0.000000e+00  0.000000e+00  0.000000e+00
5.966493e+01  1.334212e+01  4.780643e+00  3.754852e-01  1.920983e-01  9.883730e-01  0.000000e+00  7.405062e-01  0.000000e+00  0.000000e+00  0.000000e+00  1.290777e-01  0.000000e+00  4.119212e-02  0.000000e+00  0.000000e+00  0.000000e+00
6.694516e+01  1.460249e+01  4.010652e+00  6.304732e-01  0.000000e+00  1.853003e+00  0.000000e+00  1.892358e-01  0.000000e+00  5.052862e-02  0.000000e+00  2.775090e-01  0.000000e+00  3.754569e+00  0.000000e+00  0.000000e+00  0.000000e+00
7.511370e+01  1.532103e+01  5.603826e+00  6.134777e-01  2.056757e-01  1.154555e+00  0.000000e+00  4.744011e-01  0.000000e+00  0.000000e+00  0.000000e+00  7.965393e-02  0.000000e+00  1.097589e+03  0.000000e+00  0.000000e+00  0.000000e+00
8.427896e+01  1.948189e+01  6.143287e+00  3.537085e-01  5.040341e-01  1.586501e+00  0.000000e+00  9.024506e-01  0.000000e+00  0.000000e+00  0.000000e+00  0.000000e+00  0.000000e+00  1.335383e+03  0.000000e+00  0.000000e+00  0.000000e+00
9.456255e+01  1.924817e+01  4.769564e+00  5.338910e-01  2.432655e-01  1.467449e+00  0.000000e+00  2.401472e-01  0.000000e+00  3.620673e-02  0.000000e+00  4.352067e-04  0.000000e+00  1.015928e+03  0.000000e+00  0.000000e+00  0.000000e+00
1.061009e+02  2.252989e+01  6.315356e+00  3.945685e-01  8.364543e-02  1.985999e+00  0.000000e+00  4.058739e-01  0.000000e+00  0.000000e+00  7.258571e-02  2.494415e-01  0.000000e+00  7.700703e+02  0.000000e+00  0.000000e+00  0.000000e+00
1.190472e+02  2.425551e+01  8.031751e+00  8.357358e-01  1.309286e-01  1.936645e+00  0.000000e+00  2.848335e-01  0.000000e+00  4.198932e-02  1.560548e-01  6.786940e+02  0.000000e+00  5.670615e+02  0.000000e+00  3.848741e-02  0.000000e+00
1.335731e+02  2.727560e+01  8.587647e+00  6.344328e-01  7.396964e-04  2.195283e+00  0.000000e+00  3.327691e-01  0.000000e+00  0.000000e+00  0.000000e+00  5.693074e+02  0.000000e+00  4.180047e+02  0.000000e+00  0.000000e+00  0.000000e+00
1.498715e+02  6.653090e+01  1.001306e+01  4.382549e-01  1.385302e-01  1.267006e+00  0.000000e+00  6.503174e-01  0.000000e+00  7.240056e-02  1.027671e-01  4.255310e+02  0.000000e+00  3.125845e+02  0.000000e+00  0.000000e+00  0.000000e+00
1.681586e+02  9.551607e+01  1.017293e+01  6.112943e-01  1.410547e-01  1.128721e+00  2.447347e-04  7.523005e-01  0.000000e+00  8.094191e-02  0.000000e+00  3.173799e+02  0.000000e+00  2.302696e+02  0.000000e+00  0.000000e+00  0.000000e+00
1.886771e+02  5.578678e+01  1.188350e+01  4.538620e-01  1.388343e-01  2.406405e+00  6.074683e-02  7.389030e-01  4.383411e-02  4.383411e-02  0.000000e+00  2.347800e+02  0.000000e+00  1.679402e+02  0.000000e+00  0.000000e+00  0.000000e+00
2.116992e+02  2.437949e+01  1.488005e+01  5.708939e-01  3.651149e-01  1.047033e+00  3.906719e-02  5.599939e-01  0.000000e+00  0.000000e+00  1.943997e-04  1.864035e+02  0.000000e+00  1.137437e+02  0.000000e+00  4.667169e-04  0.000000e+00
2.375304e+02  1.773243e+01  7.520759e+01  8.608420e-01  2.973132e-01  1.500039e+00  1.614527e-02  6.587428e-01  7.184879e-02  0.000000e+00  2.104451e-02  1.390676e+02  0.000000e+00  8.339192e+01  0.000000e+00  6.663840e-02  0.000000e+00
2.665135e+02  1.460849e+01  6.281574e+01  8.674109e-01  2.524205e-01  2.171872e+00  3.921136e-02  4.998189e-01  0.000000e+00  3.103217e-02  5.018218e-02  1.015554e+02  0.000000e+00  5.755124e+01  0.000000e+00  0.000000e+00  0.000000e+00
2.990330e+02  9.007138e+00  9.603597e+00  4.822215e-01  1.740800e-01  1.650653e+00  5.807364e-03  9.587799e-01  2.132429e-04  5.119559e-04  1.144957e-02  7.668405e+01  0.000000e+00  4.298993e+01  0.000000e+00  0.000000e+00  0.000000e+00
3.355206e+02  7.978734e+00  8.654780e+00  5.667746e-01  2.390360e-01  1.740135e+00  2.464973e-02  6.935019e-01  2.285995e-02  1.926208e-02  5.704812e-02  5.743493e+01  7.325109e-03  3.035342e+01  0.000000e+00  0.000000e+00  1.088027e-03
3.764603e+02  5.307600e+00  6.446224e+00  7.358704e-01  2.528738e-01  1.944174e+00  2.366027e-02  4.826005e-01  0.000000e+00  2.775951e-02  0.000000e+00  3.722556e+01  0.000000e+00  2.201487e+01  0.000000e+00  0.000000e+00  0.000000e+00
4.223954e+02  3.432002e+00  5.466071e+00  4.556966e-01  2.337219e-01  1.667306e+00  1.545138e-02  6.642283e-01  5.825691e-02  1.973094e-02  4.421612e-02  2.876483e+01  0.000000e+00  1.169541e+01  0.000000e+00  2.339126e-04  0.000000e+00
4.739354e+02  2.800721e+00  4.495956e+00  6.445170e-01  3.740740e-01  1.444201e+00  2.988642e-02  6.756977e-01  5.894309e-02  3.199806e-02  0.000000e+00  1.814776e+01  0.000000e+00  7.937574e+00  3.199806e-02  0.000000e+00  0.000000e+00
5.317643e+02  2.212535e+00  2.953379e+00  6.974026e-01  1.885826e-01  1.471004e+00  4.376402e-02  5.423369e-01  6.406527e-02  6.343661e-02  2.510789e-02  1.505919e+01  0.000000e+00  6.143705e+00  7.739190e-05  2.976628e-02  0.000000e+00
5.966493e+02  1.976851e+00  2.631468e+00  7.180450e-01  3.534421e-01  1.424392e+00  5.554534e-02  5.700234e-01  6.027851e-02  2.866662e-02  1.604678e-02  1.059516e+01  0.000000e+00  4.183020e+00  0.000000e+00  2.565857e-04  0.000000e+00
6.694516e+02  1.537693e+00  2.223431e+00  8.616524e-01  4.909402e-01  1.385136e+00  5.300547e-02  6.852666e-01  4.097591e-02  3.369301e-02  1.251974e-02  7.396127e+00  0.000000e+00  2.489577e+00  0.000000e+00  0.000000e+00  0.000000e+00
7.511370e+02  1.246635e+00  1.735029e+00  5.821979e-01  3.958592e-01  9.172452e-01  1.349513e-02  5.077746e-01  4.923396e-02  4.202831e-02  8.377589e-03  4.935837e+00  0.000000e+00  1.649180e+00  0.000000e+00  0.000000e+00  0.000000e+00
8.427896e+02  7.825235e-01  1.467002e+00  5.146210e-01  4.163251e-01  1.041265e+00  2.796311e-02  5.821488e-01  2.006809e-02  9.910551e-03  3.282056e-02  2.575831e+00  0.000000e+00  8.309049e-01  0.000000e+00  2.269591e-02  0.000000e+00
9.456255e+02  7.807624e-01  1.169917e+00  6.892440e-01  2.983745e-01  8.548743e-01  4.465327e-02  6.079575e-01  5.841568e-02  0.000000e+00  3.194087e-02  2.185062e+00  5.953061e-04  6.333710e-01  0.000000e+00  0.000000e+00  0.000000e+00
1.061009e+03  7.090345e-01  8.304685e-01  6.538309e-01  4.400258e-01  6.995185e-01  5.105242e-02  5.506294e-01  4.464940e-02  7.562064e-02  1.300936e-02  1.522422e+00  0.000000e+00  2.534873e-01  3.718708e-03  2.316403e-03  0.000000e+00
1.190472e+03  4.765165e-01  7.121691e-01  5.937010e-01  4.454511e-01  4.961445e-01  5.472488e-02  3.469720e-01  5.664460e-02  2.423287e-02  3.482118e-02  9.141709e-01  0.000000e+00  2.635660e-01  0.000000e+00  0.000000e+00  0.000000e+00
1.335731e+03  4.778358e-01  6.466275e-01  4.896767e-01  3.326480e-01  4.166045e-01  2.635784e-02  4.350788e-01  2.634858e-02  4.569159e-02  1.020879e-02  4.508783e-01  0.000000e+00  9.809001e-02  1.432015e-02  0.000000e+00  0.000000e+00
1.498715e+03  2.994831e-01  4.757222e-01  3.884852e-01  3.741419e-01  2.974480e-01  7.916468e-02  3.959674e-01  8.012966e-02  7.121310e-02  1.899241e-02  2.559019e-01  5.693953e-04  1.421433e-01  0.000000e+00  0.000000e+00  1.260870e-03
1.681586e+03  1.348378e-01  4.708548e-01  3.138099e-01  3.200581e-01  3.637460e-01  3.754581e-02  2.882646e-01  5.359481e-02  5.053806e-02  3.782210e-02  2.753156e-01  0.000000e+00  7.290756e-02  1.048888e-02  0.000000e+00  2.170899e-04
1.886771e+03  1.859962e-01  2.930338e-01  3.253530e-01  3.973936e-01  2.928432e-01  4.546252e-02  2.546568e-01  5.456631e-02  3.769358e-02  3.545013e-02  1.388127e-01  8.499774e-03  5.538751e-03  1.045884e-02  1.255340e-04  0.000000e+00
2.116992e+03  1.339968e-01  3.060090e-01  2.082130e-01  2.423001e-01  1.199480e-01  4.099512e-02  1.983114e-01  4.736848e-02  1.227584e-02  2.537440e-02  7.258052e-02  3.945714e-03  2.678873e-02  4.667169e-05  0.000000e+00  4.667169e-05
2.375304e+03  5.888870e-02  1.739868e-01  1.972146e-01  3.593041e-01  1.281627e-01  7.129146e-02  1.808864e-01  4.228793e-02  2.506149e-02  8.617181e-03  8.042181e-02  2.684569e-05  0.000000e+00  1.902094e-03  0.000000e+00  3.259610e-03
2.665135e+03  6.470385e-02  1.359276e-01  1.545446e-01  3.128483e-01  6.162370e-02  3.995201e-02  1.132201e-01  7.508568e-02  1.868323e-02  3.893708e-02  4.681194e-02  1.429410e-02  7.612957e-03  3.592427e-03  0.000000e+00  7.290904e-03
2.990330e+03  1.746491e-02  9.798607e-02  1.027871e-01  2.384308e-01  5.227234e-02  5.510463e-02  8.194585e-02  4.331735e-02  2.105809e-02  1.906465e-02  3.899866e-02  3.520755e-03  0.000000e+00  3.252949e-03  0.000000e+00  1.073634e-02
3.355206e+03  1.682524e-02  1.152626e-01  1.087397e-01  2.459048e-01  2.163559e-02  5.255371e-02  4.863465e-02  2.938504e-02  1.448095e-02  1.725759e-02  9.583866e-03  6.956719e-03  5.476639e-03  5.470297e-04  0.000000e+00  4.171364e-05
3.764603e+03  5.581985e-03  4.366197e-02  7.714818e-02  1.504059e-01  1.912462e-02  4.690576e-02  3.099482e-02  2.261373e-02  1.045625e-02  2.053607e-02  1.645912e-02  1.532382e-03  1.093190e-05  5.263715e-03  0.000000e+00  6.699381e-03
4.223954e+03  1.050715e-03  3.081451e-02  3.215715e-02  1.182628e-01  9.316098e-03  2.188077e-02  2.705442e-02  2.812817e-02  1.547304e-02  1.434293e-02  1.274209e-02  2.909427e-03  0.000000e+00  5.645295e-03  0.000000e+00  4.016101e-03
4.739354e+03  1.262430e-03  2.426109e-02  3.937620e-02  1.124756e-01  9.285810e-03  2.481086e-02  7.865268e-03  2.179299e-02  7.091543e-03  9.613538e-03  9.877651e-03  3.965513e-03  4.997597e-05  2.809918e-04  0.000000e+00  1.311608e-03
5.317643e+03  4.445646e-03  2.355212e-02  2.760872e-02  6.935557e-02  1.394262e-03  1.935672e-02  3.563201e-03  3.723722e-02  1.470433e-02  1.184191e-02  4.564998e-03  4.865348e-03  0.000000e+00  4.838597e-03  0.000000e+00  5.365963e-03
5.966493e+03  2.192994e-03  1.094114e-02  1.528979e-02  4.473458e-02  3.672956e-03  2.382905e-02  3.386694e-03  1.820913e-02  6.616696e-03  1.282434e-02  2.910577e-04  9.098016e-04  0.000000e+00  1.330474e-03  0.000000e+00  2.342803e-03
6.694516e+03  9.525209e-06  7.936631e-03  1.110057e-02  3.418719e-02  1.079641e-03  3.541934e-02  1.299644e-03  9.463419e-03  8.345639e-03  1.133236e-02  7.093183e-03  7.055839e-03  0.000000e+00  9.577875e-04  0.000000e+00  5.453053e-05
7.511370e+03  4.408099e-04  6.802089e-03  1.005565e-02  1.745812e-02  2.777719e-03  1.842779e-02  3.587803e-03  8.020308e-03  2.327786e-03  6.320483e-03  3.836238e-04  2.333128e-03  0.000000e+00  1.394696e-04  0.000000e+00  7.049122e-03
8.427896e+03  9.137999e-04  5.652170e-03  4.959544e-03  6.381534e-03  1.119853e-03  2.484905e-02  4.272656e-03  2.021208e-02  3.055236e-03  2.675672e-03  4.408664e-03  4.321925e-03  0.000000e+00  8.495932e-05  0.000000e+00  1.542637e-03
9.456255e+03  0.000000e+00  1.570843e-03  5.266114e-03  1.390308e-02  1.238860e-03  1.575540e-02  1.044849e-05  6.849782e-03  4.223219e-03  2.520345e-03  7.198304e-03  5.454191e-03  0.000000e+00  2.356210e-03  0.000000e+00  1.940935e-04
1.061009e+04  0.000000e+00  4.109540e-03  1.717895e-03  8.406311e-03  4.351380e-04  1.171659e-02  1.789882e-03  4.460176e-03  1.874149e-04  3.385081e-03  3.761580e-03  3.398910e-03  0.000000e+00  6.010001e-06  0.000000e+00  2.078411e-03
1.190472e+04  0.000000e+00  3.355174e-05  3.066477e-05  4.605738e-03  0.000000e+00  3.899079e-03  3.456969e-06  4.169872e-04  1.071284e-05  3.607464e-03  5.866300e-03  1.600807e-03  0.000000e+00  5.682867e-04  0.000000e+00  1.000061e-03
1.335731e+04  0.000000e+00  1.171138e-03  2.451040e-03  5.736253e-03  0.000000e+00  3.185918e-03  1.146126e-05  1.176443e-03  1.330917e-04  2.861846e-03  1.599042e-03  5.163266e-04  0.000000e+00  0.000000e+00  0.000000e+00  1.026381e-03
1.498715e+04  0.000000e+00  1.169403e-03  5.693953e-05  5.089371e-04  0.000000e+00  2.134481e-03  0.000000e+00  2.699798e-03  1.639888e-04  5.296712e-04  1.318510e-05  1.863417e-03  0.000000e+00  1.084731e-05  0.000000e+00  1.807868e-03
1.681586e+04  0.000000e+00  1.349713e-04  3.792054e-06  2.977427e-04  0.000000e+00  3.725181e-03  2.447347e-06  4.033627e-04  0.000000e+00  5.074741e-05  3.347652e-05  3.081300e-05  0.000000e+00  1.276029e-03  0.000000e+00  1.472569e-03
1.886771e+04  0.000000e+00  2.669216e-04  0.000000e+00  8.140500e-04  0.000000e+00  2.287694e-03  0.000000e+00  1.850760e-03  0.000000e+00  0.000000e+00  8.289122e-04  8.523632e-04  0.000000e+00  1.435319e-03  0.000000e+00  1.323264e-03
2.116992e+04  0.000000e+00  1.943997e-06  0.000000e+00  6.503861e-04  0.000000e+00  9.175566e-06  0.000000e+00  3.637903e-04  0.000000e+00  0.000000e+00  0.000000e+00  7.163473e-04  0.000000e+00  2.069593e-03  0.000000e+00  3.637903e-04
2.375304e+04  0.000000e+00  0.000000e+00  0.000000e+00  1.732589e-06  0.000000e+00  4.037840e-04  1.536879e-05  7.311039e-05  0.000000e+00  1.034699e-04  4.030769e-04  5.369137e-06  0.000000e+00  0.000000e+00  0.000000e+00  1.049357e-03
2.665135e+04  0.000000e+00  1.369745e-05  0.000000e+00  6.584519e-04  0.000000e+00  0.000000e+00  0.000000e+00  0.000000e+00  0.000000e+00  8.887123e-06  0.000000e+00  0.000000e+00  0.000000e+00  0.000000e+00  0.000000e+00  1.369745e-05
2.990330e+04  0.000000e+00  0.000000e+00  0.000000e+00  1.131195e-04  0.000000e+00  0.000000e+00  0.000000e+00  0.000000e+00  0.000000e+00  0.000000e+00  0.000000e+00  1.711931e-04  0.000000e+00  3.782490e-04  0.000000e+00  2.035903e-04
3.355206e+04  0.000000e+00  0.000000e+00  0.000000e+00  0.000000e+00  0.000000e+00  0.000000e+00  0.000000e+00  0.000000e+00  0.000000e+00  0.000000e+00  0.000000e+00  2.944785e-06  0.000000e+00  4.717638e-04  0.000000e+00  1.411859e-05
3.764603e+04  0.000000e+00  0.000000e+00  0.000000e+00  2.266804e-05  0.000000e+00  0.000000e+00  0.000000e+00  0.000000e+00  0.000000e+00  0.000000e+00  0.000000e+00  8.985401e-05  0.000000e+00  2.266804e-05  0.000000e+00  1.093190e-06
4.223954e+04  0.000000e+00  0.000000e+00  0.000000e+00  1.332724e-05  0.000000e+00  0.000000e+00  0.000000e+00  5.467847e-04  0.000000e+00  0.000000e+00  0.000000e+00  1.017950e-04  0.000000e+00  0.000000e+00  0.000000e+00  0.000000e+00
4.739354e+04  0.000000e+00  0.000000e+00  0.000000e+00  0.000000e+00  0.000000e+00  0.000000e+00  0.000000e+00  8.683514e-07  0.000000e+00  0.000000e+00  0.000000e+00  1.274627e-05  0.000000e+00  7.137358e-05  0.000000e+00  0.000000e+00
5.317643e+04  0.000000e+00  0.000000e+00  0.000000e+00  0.000000e+00  0.000000e+00  0.000000e+00  0.000000e+00  0.000000e+00  0.000000e+00  0.000000e+00  0.000000e+00  0.000000e+00  0.000000e+00  0.000000e+00  0.000000e+00  0.000000e+00
5.966493e+04  0.000000e+00  0.000000e+00  0.000000e+00  0.000000e+00  0.000000e+00  0.000000e+00  0.000000e+00  0.000000e+00  0.000000e+00  0.000000e+00  0.000000e+00  0.000000e+00  0.000000e+00  0.000000e+00  0.000000e+00  0.000000e+00
6.694516e+04  0.000000e+00  0.000000e+00  0.000000e+00  0.000000e+00  0.000000e+00  0.000000e+00  0.000000e+00  0.000000e+00  0.000000e+00  0.000000e+00  0.000000e+00  0.000000e+00  0.000000e+00  0.000000e+00  0.000000e+00  2.655529e-05
7.511370e+04  0.000000e+00  0.000000e+00  0.000000e+00  0.000000e+00  0.000000e+00  0.000000e+00  0.000000e+00  0.000000e+00  0.000000e+00  0.000000e+00  0.000000e+00  0.000000e+00  0.000000e+00  0.000000e+00  0.000000e+00  2.327786e-04
8.427896e+04  0.000000e+00  0.000000e+00  0.000000e+00  0.000000e+00  0.000000e+00  0.000000e+00  0.000000e+00  0.000000e+00  0.000000e+00  0.000000e+00  0.000000e+00  0.000000e+00  0.000000e+00  0.000000e+00  0.000000e+00  0.000000e+00
9.456255e+04  0.000000e+00  0.000000e+00  0.000000e+00  0.000000e+00  0.000000e+00  0.000000e+00  0.000000e+00  0.000000e+00  0.000000e+00  0.000000e+00  0.000000e+00  0.000000e+00  0.000000e+00  0.000000e+00  0.000000e+00  0.000000e+00
1.061009e+05  0.000000e+00  0.000000e+00  0.000000e+00  0.000000e+00  0.000000e+00  0.000000e+00  0.000000e+00  0.000000e+00  0.000000e+00  0.000000e+00  0.000000e+00  0.000000e+00  0.000000e+00  0.000000e+00  0.000000e+00  0.000000e+00
1.190472e+05  0.000000e+00  0.000000e+00  0.000000e+00  0.000000e+00  0.000000e+00  0.000000e+00  0.000000e+00  0.000000e+00  0.000000e+00  0.000000e+00  0.000000e+00  0.000000e+00  0.000000e+00  0.000000e+00  0.000000e+00  0.000000e+00
1.335731e+05  0.000000e+00  0.000000e+00  0.000000e+00  0.000000e+00  0.000000e+00  0.000000e+00  0.000000e+00  0.000000e+00  0.000000e+00  0.000000e+00  0.000000e+00  0.000000e+00  0.000000e+00  0.000000e+00  0.000000e+00  0.000000e+00
1.498715e+05  0.000000e+00  0.000000e+00  0.000000e+00  0.000000e+00  0.000000e+00  0.000000e+00  0.000000e+00  0.000000e+00  0.000000e+00  0.000000e+00  0.000000e+00  0.000000e+00  0.000000e+00  0.000000e+00  0.000000e+00  0.000000e+00
1.681586e+05  0.000000e+00  0.000000e+00  0.000000e+00  0.000000e+00  0.000000e+00  0.000000e+00  0.000000e+00  0.000000e+00  0.000000e+00  0.000000e+00  0.000000e+00  0.000000e+00  0.000000e+00  0.000000e+00  0.000000e+00  0.000000e+00
1.886771e+05  0.000000e+00  0.000000e+00  0.000000e+00  0.000000e+00  0.000000e+00  0.000000e+00  0.000000e+00  0.000000e+00  0.000000e+00  0.000000e+00  0.000000e+00  0.000000e+00  0.000000e+00  0.000000e+00  0.000000e+00  0.000000e+00
2.116992e+05  0.000000e+00  0.000000e+00  0.000000e+00  0.000000e+00  0.000000e+00  0.000000e+00  0.000000e+00  0.000000e+00  0.000000e+00  0.000000e+00  0.000000e+00  0.000000e+00  0.000000e+00  0.000000e+00  0.000000e+00  0.000000e+00
2.375304e+05  0.000000e+00  0.000000e+00  0.000000e+00  0.000000e+00  0.000000e+00  0.000000e+00  0.000000e+00  0.000000e+00  0.000000e+00  0.000000e+00  0.000000e+00  0.000000e+00  0.000000e+00  0.000000e+00  0.000000e+00  0.000000e+00
2.665135e+05  0.000000e+00  0.000000e+00  0.000000e+00  0.000000e+00  0.000000e+00  0.000000e+00  0.000000e+00  0.000000e+00  0.000000e+00  0.000000e+00  0.000000e+00  0.000000e+00  0.000000e+00  0.000000e+00  0.000000e+00  0.000000e+00
2.990330e+05  0.000000e+00  0.000000e+00  0.000000e+00  0.000000e+00  0.000000e+00  0.000000e+00  0.000000e+00  0.000000e+00  0.000000e+00  0.000000e+00  0.000000e+00  0.000000e+00  0.000000e+00  0.000000e+00  0.000000e+00  0.000000e+00
3.355206e+05  0.000000e+00  0.000000e+00  0.000000e+00  0.000000e+00  0.000000e+00  0.000000e+00  0.000000e+00  0.000000e+00  0.000000e+00  0.000000e+00  0.000000e+00  0.000000e+00  0.000000e+00  0.000000e+00  0.000000e+00  0.000000e+00
3.764603e+05  0.000000e+00  0.000000e+00  0.000000e+00  0.000000e+00  0.000000e+00  0.000000e+00  0.000000e+00  0.000000e+00  0.000000e+00  0.000000e+00  0.000000e+00  0.000000e+00  0.000000e+00  0.000000e+00  0.000000e+00  0.000000e+00
4.223954e+05  0.000000e+00  0.000000e+00  0.000000e+00  0.000000e+00  0.000000e+00  0.000000e+00  0.000000e+00  0.000000e+00  0.000000e+00  0.000000e+00  0.000000e+00  0.000000e+00  0.000000e+00  0.000000e+00  0.000000e+00  0.000000e+00
4.739354e+05  0.000000e+00  0.000000e+00  0.000000e+00  0.000000e+00  0.000000e+00  0.000000e+00  0.000000e+00  0.000000e+00  0.000000e+00  0.000000e+00  0.000000e+00  0.000000e+00  0.000000e+00  0.000000e+00  0.000000e+00  0.000000e+00
5.317643e+05  0.000000e+00  0.000000e+00  0.000000e+00  0.000000e+00  0.000000e+00  0.000000e+00  0.000000e+00  0.000000e+00  0.000000e+00  0.000000e+00  0.000000e+00  0.000000e+00  0.000000e+00  0.000000e+00  0.000000e+00  0.000000e+00
5.966493e+05  0.000000e+00  0.000000e+00  0.000000e+00  0.000000e+00  0.000000e+00  0.000000e+00  0.000000e+00  0.000000e+00  0.000000e+00  0.000000e+00  0.000000e+00  0.000000e+00  0.000000e+00  0.000000e+00  0.000000e+00  0.000000e+00
6.694516e+05  0.000000e+00  0.000000e+00  0.000000e+00  0.000000e+00  0.000000e+00  0.000000e+00  0.000000e+00  0.000000e+00  0.000000e+00  0.000000e+00  0.000000e+00  0.000000e+00  0.000000e+00  0.000000e+00  0.000000e+00  0.000000e+00
7.511370e+05  0.000000e+00  0.000000e+00  0.000000e+00  0.000000e+00  0.000000e+00  0.000000e+00  0.000000e+00  0.000000e+00  0.000000e+00  0.000000e+00  0.000000e+00  0.000000e+00  0.000000e+00  0.000000e+00  0.000000e+00  0.000000e+00
8.427896e+05  0.000000e+00  0.000000e+00  0.000000e+00  0.000000e+00  0.000000e+00  0.000000e+00  0.000000e+00  0.000000e+00  0.000000e+00  0.000000e+00  0.000000e+00  0.000000e+00  0.000000e+00  0.000000e+00  0.000000e+00  0.000000e+00
9.456255e+05  0.000000e+00  0.000000e+00  0.000000e+00  0.000000e+00  0.000000e+00  0.000000e+00  0.000000e+00  0.000000e+00  0.000000e+00  0.000000e+00  0.000000e+00  0.000000e+00  0.000000e+00  0.000000e+00  0.000000e+00  0.000000e+00
