# dR/dEr [1/keV/kg/Myr]
# Er [keV], S, F, Ne, Cl, Na, Si, O, P, N, C, Al, Mg, Be, B, Ar, Li
1.061009e+01  8.048753e+02  5.761235e+02  0.000000e+00  0.000000e+00  1.706250e+02  0.000000e+00  5.919683e+01  0.000000e+00  0.000000e+00  0.000000e+00  0.000000e+00  0.000000e+00  2.511612e-01  0.000000e+00  0.000000e+00  0.000000e+00
1.190472e+01  3.122987e+02  4.241689e+01  0.000000e+00  0.000000e+00  9.771466e+01  0.000000e+00  0.000000e+00  0.000000e+00  0.000000e+00  0.000000e+00  0.000000e+00  0.000000e+00  0.000000e+00  0.000000e+00  0.000000e+00  0.000000e+00
1.335731e+01  4.290275e+02  9.190502e+01  0.000000e+00  0.000000e+00  0.000000e+00  0.000000e+00  0.000000e+00  0.000000e+00  0.000000e+00  0.000000e+00  0.000000e+00  0.000000e+00  0.000000e+00  0.000000e+00  0.000000e+00  0.000000e+00
1.498715e+01  1.155690e+02  9.986161e+01  0.000000e+00  0.000000e+00  4.720190e+01  0.000000e+00  2.065939e+01  0.000000e+00  0.000000e+00  0.000000e+00  0.000000e+00  0.000000e+00  0.000000e+00  0.000000e+00  0.000000e+00  0.000000e+00
1.681586e+01  2.837722e+02  8.457550e+01  4.187324e+01  0.000000e+00  7.749201e+01  1.841270e+01  0.000000e+00  0.000000e+00  0.000000e+00  0.000000e+00  0.000000e+00  0.000000e+00  0.000000e+00  0.000000e+00  0.000000e+00  0.000000e+00
1.886771e+01  1.967466e+02  1.144089e+02  0.000000e+00  0.000000e+00  3.731956e+01  0.000000e+00  0.000000e+00  0.000000e+00  0.000000e+00  0.000000e+00  0.000000e+00  0.000000e+00  0.000000e+00  0.000000e+00  0.000000e+00  0.000000e+00
2.116992e+01  1.927458e+02  1.373533e+02  0.000000e+00  0.000000e+00  3.965456e+01  0.000000e+00  1.802289e+01  0.000000e+00  0.000000e+00  0.000000e+00  1.578287e+00  0.000000e+00  0.000000e+00  0.000000e+00  0.000000e+00  0.000000e+00
2.375304e+01  3.533782e+02  7.073444e+01  1.697758e+01  0.000000e+00  6.943544e+01  0.000000e+00  2.964398e+01  0.000000e+00  0.000000e+00  0.000000e+00  0.000000e+00  0.000000e+00  0.000000e+00  0.000000e+00  0.000000e+00  0.000000e+00
2.665135e+01  3.065262e+02  9.961404e+01  1.431609e+01  1.233516e-01  2.355366e+01  0.000000e+00  0.000000e+00  7.150404e+00  0.000000e+00  0.000000e+00  0.000000e+00  0.000000e+00  0.000000e+00  0.000000e+00  0.000000e+00  0.000000e+00
2.990330e+01  3.321067e+02  1.476004e+02  1.858722e+01  0.000000e+00  1.058145e+01  0.000000e+00  2.311345e+01  0.000000e+00  0.000000e+00  0.000000e+00  3.887578e-01  0.000000e+00  2.915459e+00  0.000000e+00  0.000000e+00  0.000000e+00
3.355206e+01  4.342100e+02  1.071671e+02  1.596113e+01  0.000000e+00  3.639201e+01  0.000000e+00  2.487516e+01  0.000000e+00  0.000000e+00  0.000000e+00  2.623763e+00  0.000000e+00  2.366887e+00  0.000000e+00  0.000000e+00  0.000000e+00
3.764603e+01  4.713757e+02  6.843422e+01  1.443170e-02  1.013501e+01  3.627854e+01  0.000000e+00  1.349414e-01  0.000000e+00  0.000000e+00  0.000000e+00  0.000000e+00  0.000000e+00  2.260018e-02  0.000000e+00  0.000000e+00  0.000000e+00
4.223954e+01  4.481249e+02  2.265480e+02  1.113183e+00  0.000000e+00  9.313139e+01  0.000000e+00  1.468060e+01  0.000000e+00  0.000000e+00  0.000000e+00  6.696616e-01  0.000000e+00  2.610019e+01  0.000000e+00  0.000000e+00  0.000000e+00
4.739354e+01  6.296897e+02  2.411248e+02  8.050528e+00  1.935014e+01  3.084855e+01  0.000000e+00  2.926173e+01  0.000000e+00  0.000000e+00  0.000000e+00  0.000000e+00  0.000000e+00  1.197304e+01  0.000000e+00  0.000000e+00  0.000000e+00
5.317643e+01  5.477304e+02  1.426986e+02  2.017269e+01  0.000000e+00  6.817331e+01  0.000000e+00  3.915252e+01  0.000000e+00  0.000000e+00  0.000000e+00  6.283274e-01  0.000000e+00  0.000000e+00  0.000000e+00  0.000000e+00  0.000000e+00
5.966493e+01  7.308866e+02  2.589833e+02  2.232252e+01  1.158417e+01  4.070527e+01  0.000000e+00  2.926220e+01  0.000000e+00  0.000000e+00  0.000000e+00  1.081583e+00  0.000000e+00  2.714626e-01  0.000000e+00  0.000000e+00  0.000000e+00
6.694516e+01  7.928096e+02  2.166023e+02  3.695092e+01  0.000000e+00  9.602924e+01  0.000000e+00  1.056719e+01  0.000000e+00  3.466448e-01  0.000000e+00  4.467596e+00  0.000000e+00  8.558862e+01  0.000000e+00  0.000000e+00  0.000000e+00
7.511370e+01  8.285758e+02  2.804815e+02  2.676547e+01  1.125166e+01  5.470216e+01  0.000000e+00  2.543532e+01  0.000000e+00  0.000000e+00  0.000000e+00  6.259890e-01  0.000000e+00  2.700902e+04  0.000000e+00  0.000000e+00  0.000000e+00
8.427896e+01  1.052760e+03  3.342887e+02  1.997471e+01  2.585166e+01  8.147546e+01  0.000000e+00  4.019447e+01  0.000000e+00  0.000000e+00  0.000000e+00  0.000000e+00  0.000000e+00  3.278831e+04  0.000000e+00  0.000000e+00  0.000000e+00
9.456255e+01  1.057316e+03  2.631760e+02  2.288312e+01  1.372028e+01  7.009859e+01  0.000000e+00  1.311845e+01  0.000000e+00  2.477485e-01  0.000000e+00  2.342764e-03  0.000000e+00  2.468119e+04  0.000000e+00  0.000000e+00  0.000000e+00
1.061009e+02  1.253251e+03  3.393488e+02  2.070558e+01  5.240678e+00  1.000679e+02  0.000000e+00  2.432549e+01  0.000000e+00  0.000000e+00  6.082187e-01  7.137653e+00  0.000000e+00  1.909898e+04  0.000000e+00  0.000000e+00  0.000000e+00
1.190472e+02  1.339728e+03  4.310740e+02  4.434134e+01  7.094361e+00  8.545658e+01  0.000000e+00  1.165575e+01  0.000000e+00  2.600863e+00  2.512314e+00  1.698620e+04  0.000000e+00  1.393580e+04  0.000000e+00  2.835778e-01  0.000000e+00
1.335731e+02  1.516412e+03  4.785790e+02  3.063272e+01  4.067405e-03  1.144302e+02  0.000000e+00  1.580205e+01  0.000000e+00  0.000000e+00  0.000000e+00  1.399873e+04  0.000000e+00  1.020551e+04  0.000000e+00  0.000000e+00  0.000000e+00
1.498715e+02  3.737825e+03  5.479395e+02  2.517385e+01  7.333020e+00  6.982025e+01  0.000000e+00  2.459788e+01  0.000000e+00  4.165773e+00  1.280432e+00  1.048906e+04  0.000000e+00  7.656139e+03  0.000000e+00  0.000000e+00  0.000000e+00
1.681586e+02  5.396157e+03  5.482967e+02  3.042295e+01  7.749201e+00  5.793272e+01  1.317433e-03  3.345042e+01  0.000000e+00  9.040311e-01  0.000000e+00  7.733702e+03  0.000000e+00  5.548703e+03  0.000000e+00  0.000000e+00  0.000000e+00
1.886771e+02  3.122735e+03  6.573960e+02  2.208890e+01  8.112550e+00  1.228543e+02  3.663235e+00  3.065393e+01  2.427114e+00  2.427114e+00  0.000000e+00  5.858409e+03  0.000000e+00  4.151975e+03  0.000000e+00  0.000000e+00  0.000000e+00
2.116992e+02  1.356288e+03  8.103146e+02  2.875678e+01  1.753057e+01  5.035629e+01  2.163168e+00  3.008352e+01  0.000000e+00  0.000000e+00  1.046474e-03  4.525809e+03  0.000000e+00  2.703394e+03  0.000000e+00  2.566359e-03  0.000000e+00
2.375304e+02  9.767036e+02  4.257952e+03  4.658544e+01  1.668886e+01  7.528173e+01  1.036473e+00  3.069756e+01  3.864443e+00  0.000000e+00  1.303519e+00  3.363464e+03  0.000000e+00  1.959908e+03  0.000000e+00  2.762859e+00  0.000000e+00
2.665135e+02  8.009680e+02  3.538370e+03  4.794525e+01  9.724706e+00  1.061335e+02  2.009387e+00  2.361668e+01  0.000000e+00  1.718265e+00  5.654056e-01  2.497319e+03  0.000000e+00  1.437386e+03  0.000000e+00  0.000000e+00  0.000000e+00
2.990330e+02  4.819188e+02  5.310280e+02  2.629948e+01  9.580078e+00  8.511509e+01  3.705894e-02  4.371898e+01  1.160174e-03  2.845194e-03  7.834495e-02  1.894392e+03  0.000000e+00  1.075938e+03  0.000000e+00  0.000000e+00  0.000000e+00
3.355206e+02  4.178590e+02  4.656926e+02  3.099326e+01  1.223919e+01  8.976284e+01  1.364866e+00  3.204033e+01  1.467534e+00  1.137167e+00  9.012008e-01  1.391962e+03  4.827363e-02  7.056452e+02  0.000000e+00  0.000000e+00  6.250590e-03
3.764603e+02  2.802965e+02  3.467588e+02  3.731824e+01  8.029199e+00  1.017534e+02  1.661509e-01  2.352105e+01  0.000000e+00  1.422537e+00  0.000000e+00  9.500719e+02  0.000000e+00  5.180824e+02  0.000000e+00  0.000000e+00  0.000000e+00
4.223954e+02  1.805274e+02  2.833990e+02  2.419850e+01  1.133516e+01  8.477589e+01  9.041054e-01  3.495275e+01  2.326047e+00  1.084973e+00  7.093525e-01  7.195936e+02  0.000000e+00  2.951961e+02  0.000000e+00  1.286226e-03  0.000000e+00
4.739354e+02  1.374482e+02  2.274500e+02  3.459781e+01  2.105093e+01  7.116363e+01  9.412160e-01  3.044030e+01  1.651574e+00  4.020968e-01  0.000000e+00  4.327266e+02  0.000000e+00  2.000932e+02  4.020968e-01  0.000000e+00  0.000000e+00
5.317643e+02  1.043534e+02  1.485974e+02  3.471266e+01  9.512081e+00  7.810097e+01  2.516891e+00  2.932879e+01  2.393472e+00  2.400021e+00  9.301875e-01  3.539568e+02  0.000000e+00  1.575693e+02  4.166088e-04  1.234124e+00  0.000000e+00
5.966493e+02  9.306259e+01  1.247488e+02  3.544674e+01  1.508217e+01  7.709729e+01  1.708567e+00  2.692509e+01  2.636455e+00  1.540552e+00  1.461191e-01  2.667903e+02  0.000000e+00  1.023620e+02  0.000000e+00  1.425975e-03  0.000000e+00
6.694516e+02  7.009480e+01  1.041003e+02  4.395289e+01  2.371835e+01  7.294820e+01  1.955562e+00  3.574707e+01  2.074315e+00  1.851760e+00  4.971706e-01  1.829545e+02  0.000000e+00  5.264121e+01  0.000000e+00  0.000000e+00  0.000000e+00
7.511370e+02  5.638040e+01  8.092427e+01  3.134316e+01  1.918958e+01  4.899707e+01  6.758607e-01  2.687155e+01  2.670208e+00  1.407417e+00  3.493246e-01  1.128674e+02  0.000000e+00  3.900493e+01  0.000000e+00  0.000000e+00  0.000000e+00
8.427896e+02  3.520998e+01  6.572218e+01  2.585350e+01  2.239334e+01  5.276390e+01  1.655577e+00  3.019862e+01  1.088138e+00  4.668730e-01  3.231585e-01  6.238511e+01  0.000000e+00  1.952305e+01  0.000000e+00  4.166551e-01  0.000000e+00
9.456255e+02  3.345478e+01  5.625551e+01  3.425769e+01  1.364746e+01  4.516933e+01  1.645173e+00  3.043190e+01  3.232113e+00  0.000000e+00  1.362069e+00  4.840529e+01  3.476521e-03  1.551072e+01  0.000000e+00  0.000000e+00  0.000000e+00
1.061009e+03  3.057507e+01  3.881142e+01  3.169154e+01  2.192052e+01  3.544282e+01  2.252602e+00  2.933184e+01  2.394247e+00  2.691970e+00  1.443271e-01  3.684975e+01  0.000000e+00  4.678164e+00  2.497026e-02  1.526546e-02  0.000000e+00
1.190472e+03  2.046197e+01  3.401653e+01  2.926050e+01  2.239646e+01  2.812459e+01  1.891386e+00  1.737624e+01  2.872098e+00  1.261730e+00  3.252579e-01  2.239590e+01  0.000000e+00  6.491830e+00  0.000000e+00  0.000000e+00  0.000000e+00
1.335731e+03  1.970774e+01  2.917133e+01  2.384016e+01  1.739188e+01  2.268749e+01  9.906294e-01  2.349116e+01  1.007459e+00  1.988292e+00  3.235969e-01  1.094497e+01  0.000000e+00  1.847158e+00  2.628916e-01  0.000000e+00  0.000000e+00
1.498715e+03  1.270116e+01  2.201797e+01  2.007955e+01  1.784072e+01  1.525545e+01  2.738126e+00  1.968679e+01  3.181330e+00  2.502735e+00  4.785492e-01  7.445256e+00  3.389574e-03  3.548449e+00  0.000000e+00  0.000000e+00  7.961921e-03
1.681586e+03  5.006168e+00  1.933607e+01  1.498904e+01  1.579670e+01  1.739408e+01  1.720694e+00  1.564826e+01  2.109453e+00  1.829777e+00  7.807783e-01  5.956976e+00  0.000000e+00  2.584660e+00  1.475165e-01  0.000000e+00  1.247157e-03
1.886771e+03  6.291855e+00  1.190581e+01  1.512796e+01  2.090657e+01  1.394695e+01  1.627788e+00  1.407970e+01  2.143396e+00  1.468452e+00  8.549220e-01  3.193510e+00  2.484270e-01  2.838335e-01  8.899396e-02  7.061916e-04  0.000000e+00
2.116992e+03  5.575350e+00  1.228556e+01  9.922969e+00  1.272595e+01  5.701040e+00  1.373664e+00  1.010928e+01  1.934972e+00  5.045987e-01  7.034879e-01  1.243849e+00  1.320771e-01  5.086375e-01  2.566359e-04  0.000000e+00  2.566359e-04
2.375304e+03  2.131004e+00  7.393565e+00  8.626942e+00  1.733858e+01  5.420180e+00  2.178540e+00  9.073046e+00  1.827477e+00  1.240327e+00  2.583467e-01  2.058505e+00  1.460572e-04  0.000000e+00  1.406650e-02  0.000000e+00  2.726140e-02
2.665135e+03  2.134805e+00  4.880353e+00  6.947181e+00  1.394686e+01  2.692397e+00  1.714670e+00  5.697594e+00  3.067088e+00  5.849250e-01  1.123613e+00  8.244584e-01  2.447980e-01  1.878067e-01  3.271199e-02  0.000000e+00  1.141270e-01
2.990330e+03  3.530762e-01  3.350528e+00  4.215386e+00  1.057115e+01  2.265380e+00  2.024695e+00  3.981993e+00  2.165477e+00  3.121296e-01  2.703660e-01  6.186790e-01  2.743070e-02  0.000000e+00  2.943911e-02  0.000000e+00  1.506934e-01
3.355206e+03  3.694375e-01  3.810675e+00  3.357119e+00  1.095805e+01  6.580314e-01  2.161983e+00  2.703498e+00  1.384441e+00  4.143447e-01  4.442862e-01  1.000560e-01  1.575727e-01  1.337891e-01  3.464808e-03  0.000000e+00  2.279544e-04
3.764603e+03  1.640583e-01  1.484019e+00  2.417390e+00  6.856789e+00  4.649287e-01  1.443130e+00  1.499243e+00  1.001202e+00  2.317040e-01  3.865825e-01  2.399701e-01  9.954197e-03  5.884756e-05  1.083485e-01  0.000000e+00  6.210490e-02
4.223954e+03  6.933016e-03  1.241429e+00  7.967193e-01  5.605059e+00  1.358836e-01  7.881035e-01  1.453312e+00  1.061399e+00  3.073543e-01  2.417423e-01  1.955506e-01  2.447247e-02  0.000000e+00  1.155140e-01  0.000000e+00  3.278789e-02
4.739354e+03  9.921258e-03  7.042231e-01  1.222526e+00  4.956656e+00  1.974413e-01  9.525954e-01  2.609448e-01  6.365272e-01  1.103849e-01  1.381691e-01  1.255553e-01  5.385675e-02  2.811399e-04  1.721898e-03  0.000000e+00  8.442896e-03
5.317643e+03  1.145350e-01  5.367514e-01  6.550379e-01  3.056009e+00  9.642557e-03  6.346951e-01  5.662894e-02  1.202356e+00  3.902909e-01  1.764376e-01  3.519413e-02  1.035804e-01  0.000000e+00  5.102776e-02  0.000000e+00  1.415775e-01
5.966493e+03  1.861762e-02  2.463259e-01  2.049226e-01  1.510875e+00  9.082267e-02  8.184263e-01  6.381663e-02  3.361884e-01  1.425780e-01  2.853181e-01  1.857347e-03  6.473290e-03  0.000000e+00  1.103915e-02  0.000000e+00  2.584386e-02
6.694516e+03  5.182305e-05  1.496556e-01  2.049174e-01  1.021477e+00  7.618640e-03  1.079004e+00  9.147533e-03  2.511994e-01  1.179749e-01  2.373529e-01  7.773682e-02  2.003617e-01  0.000000e+00  7.388807e-03  0.000000e+00  3.132716e-04
7.511370e+03  2.832613e-03  9.314824e-02  2.195082e-01  7.799390e-01  4.822481e-02  4.962949e-01  4.104407e-02  1.608349e-01  3.291156e-02  1.351025e-01  2.335860e-03  2.175302e-02  0.000000e+00  8.190717e-04  0.000000e+00  1.039638e-01
8.427896e+03  7.657020e-03  5.503505e-02  1.192936e-01  9.684533e-02  8.971920e-03  5.613342e-01  1.265143e-01  3.453669e-01  3.737955e-02  2.589940e-02  7.097475e-02  5.669337e-02  0.000000e+00  4.910234e-04  0.000000e+00  1.158161e-02
9.456255e+03  0.000000e+00  1.685685e-02  1.126671e-01  2.930316e-01  1.241085e-02  4.014608e-01  5.745362e-05  1.245595e-01  5.687337e-02  3.133677e-02  1.440612e-01  6.921912e-02  0.000000e+00  2.984026e-02  0.000000e+00  1.229360e-03
1.061009e+04  0.000000e+00  8.438812e-02  6.066210e-02  1.623478e-01  3.200302e-03  2.327495e-01  1.437862e-02  9.122214e-02  1.175857e-03  5.573306e-02  3.836313e-02  5.148822e-02  0.000000e+00  3.269813e-05  0.000000e+00  2.613575e-02
1.190472e+04  0.000000e+00  1.867031e-04  1.761656e-04  8.257098e-02  0.000000e+00  6.460727e-02  1.860923e-05  2.590222e-03  5.828448e-05  4.477180e-02  1.983030e-01  3.389334e-02  0.000000e+00  3.898654e-03  0.000000e+00  7.147458e-03
1.335731e+04  0.000000e+00  9.086594e-03  6.084752e-02  9.524589e-02  0.000000e+00  1.140317e-01  6.369596e-05  1.080411e-02  8.462318e-04  3.124910e-02  1.408295e-02  3.911358e-03  0.000000e+00  0.000000e+00  0.000000e+00  8.473235e-03
1.498715e+04  0.000000e+00  1.650963e-02  3.389574e-04  3.528106e-03  0.000000e+00  3.372378e-02  0.000000e+00  6.953383e-02  1.080712e-03  4.394763e-03  7.250157e-05  7.630240e-02  0.000000e+00  5.939929e-05  0.000000e+00  2.694445e-02
1.681586e+04  0.000000e+00  7.996913e-04  2.063113e-05  2.149086e-03  0.000000e+00  6.550948e-02  1.317433e-05  3.070925e-03  0.000000e+00  3.020961e-04  1.954992e-04  1.753112e-04  0.000000e+00  1.128006e-02  0.000000e+00  1.794268e-02
1.886771e+04  0.000000e+00  1.927113e-03  0.000000e+00  1.015705e-02  0.000000e+00  4.553321e-02  0.000000e+00  2.890414e-02  0.000000e+00  0.000000e+00  6.911149e-03  1.038785e-02  0.000000e+00  2.210545e-02  0.000000e+00  1.048925e-02
2.116992e+04  0.000000e+00  1.046474e-05  0.000000e+00  5.406752e-03  0.000000e+00  5.065418e-05  0.000000e+00  3.048314e-03  0.000000e+00  0.000000e+00  0.000000e+00  9.001826e-03  0.000000e+00  3.997471e-02  0.000000e+00  3.048314e-03
2.375304e+04  0.000000e+00  0.000000e+00  0.000000e+00  9.326710e-06  0.000000e+00  3.219176e-03  8.829193e-05  4.665444e-04  0.000000e+00  6.818831e-04  3.670345e-03  2.921144e-05  0.000000e+00  0.000000e+00  0.000000e+00  1.274870e-02
2.665135e+04  0.000000e+00  7.869027e-05  0.000000e+00  9.288755e-03  0.000000e+00  0.000000e+00  0.000000e+00  0.000000e+00  0.000000e+00  4.999454e-05  0.000000e+00  0.000000e+00  0.000000e+00  0.000000e+00  0.000000e+00  7.869027e-05
2.990330e+04  0.000000e+00  0.000000e+00  0.000000e+00  7.760410e-04  0.000000e+00  0.000000e+00  0.000000e+00  0.000000e+00  0.000000e+00  0.000000e+00  0.000000e+00  1.146630e-03  0.000000e+00  3.286048e-03  0.000000e+00  1.591424e-03
3.355206e+04  0.000000e+00  0.000000e+00  0.000000e+00  0.000000e+00  0.000000e+00  0.000000e+00  0.000000e+00  0.000000e+00  0.000000e+00  0.000000e+00  0.000000e+00  1.619263e-05  0.000000e+00  1.955954e-02  0.000000e+00  7.942414e-05
3.764603e+04  0.000000e+00  0.000000e+00  0.000000e+00  1.349414e-04  0.000000e+00  0.000000e+00  0.000000e+00  0.000000e+00  0.000000e+00  0.000000e+00  0.000000e+00  6.164313e-04  0.000000e+00  1.349414e-04  0.000000e+00  5.884756e-06
4.223954e+04  0.000000e+00  0.000000e+00  0.000000e+00  7.782962e-05  0.000000e+00  0.000000e+00  0.000000e+00  7.871680e-03  0.000000e+00  0.000000e+00  0.000000e+00  6.778750e-04  0.000000e+00  0.000000e+00  0.000000e+00  0.000000e+00
4.739354e+04  0.000000e+00  0.000000e+00  0.000000e+00  0.000000e+00  0.000000e+00  0.000000e+00  0.000000e+00  4.674428e-06  0.000000e+00  0.000000e+00  0.000000e+00  7.404015e-05  0.000000e+00  4.896488e-04  0.000000e+00  0.000000e+00
5.317643e+04  0.000000e+00  0.000000e+00  0.000000e+00  0.000000e+00  0.000000e+00  0.000000e+00  0.000000e+00  0.000000e+00  0.000000e+00  0.000000e+00  0.000000e+00  0.000000e+00  0.000000e+00  0.000000e+00  0.000000e+00  0.000000e+00
5.966493e+04  0.000000e+00  0.000000e+00  0.000000e+00  0.000000e+00  0.000000e+00  0.000000e+00  0.000000e+00  0.000000e+00  0.000000e+00  0.000000e+00  0.000000e+00  0.000000e+00  0.000000e+00  0.000000e+00  0.000000e+00  0.000000e+00
6.694516e+04  0.000000e+00  0.000000e+00  0.000000e+00  0.000000e+00  0.000000e+00  0.000000e+00  0.000000e+00  0.000000e+00  0.000000e+00  0.000000e+00  0.000000e+00  0.000000e+00  0.000000e+00  0.000000e+00  0.000000e+00  1.688454e-04
7.511370e+04  0.000000e+00  0.000000e+00  0.000000e+00  0.000000e+00  0.000000e+00  0.000000e+00  0.000000e+00  0.000000e+00  0.000000e+00  0.000000e+00  0.000000e+00  0.000000e+00  0.000000e+00  0.000000e+00  0.000000e+00  3.291156e-03
8.427896e+04  0.000000e+00  0.000000e+00  0.000000e+00  0.000000e+00  0.000000e+00  0.000000e+00  0.000000e+00  0.000000e+00  0.000000e+00  0.000000e+00  0.000000e+00  0.000000e+00  0.000000e+00  0.000000e+00  0.000000e+00  0.000000e+00
9.456255e+04  0.000000e+00  0.000000e+00  0.000000e+00  0.000000e+00  0.000000e+00  0.000000e+00  0.000000e+00  0.000000e+00  0.000000e+00  0.000000e+00  0.000000e+00  0.000000e+00  0.000000e+00  0.000000e+00  0.000000e+00  0.000000e+00
1.061009e+05  0.000000e+00  0.000000e+00  0.000000e+00  0.000000e+00  0.000000e+00  0.000000e+00  0.000000e+00  0.000000e+00  0.000000e+00  0.000000e+00  0.000000e+00  0.000000e+00  0.000000e+00  0.000000e+00  0.000000e+00  0.000000e+00
1.190472e+05  0.000000e+00  0.000000e+00  0.000000e+00  0.000000e+00  0.000000e+00  0.000000e+00  0.000000e+00  0.000000e+00  0.000000e+00  0.000000e+00  0.000000e+00  0.000000e+00  0.000000e+00  0.000000e+00  0.000000e+00  0.000000e+00
1.335731e+05  0.000000e+00  0.000000e+00  0.000000e+00  0.000000e+00  0.000000e+00  0.000000e+00  0.000000e+00  0.000000e+00  0.000000e+00  0.000000e+00  0.000000e+00  0.000000e+00  0.000000e+00  0.000000e+00  0.000000e+00  0.000000e+00
1.498715e+05  0.000000e+00  0.000000e+00  0.000000e+00  0.000000e+00  0.000000e+00  0.000000e+00  0.000000e+00  0.000000e+00  0.000000e+00  0.000000e+00  0.000000e+00  0.000000e+00  0.000000e+00  0.000000e+00  0.000000e+00  0.000000e+00
1.681586e+05  0.000000e+00  0.000000e+00  0.000000e+00  0.000000e+00  0.000000e+00  0.000000e+00  0.000000e+00  0.000000e+00  0.000000e+00  0.000000e+00  0.000000e+00  0.000000e+00  0.000000e+00  0.000000e+00  0.000000e+00  0.000000e+00
1.886771e+05  0.000000e+00  0.000000e+00  0.000000e+00  0.000000e+00  0.000000e+00  0.000000e+00  0.000000e+00  0.000000e+00  0.000000e+00  0.000000e+00  0.000000e+00  0.000000e+00  0.000000e+00  0.000000e+00  0.000000e+00  0.000000e+00
2.116992e+05  0.000000e+00  0.000000e+00  0.000000e+00  0.000000e+00  0.000000e+00  0.000000e+00  0.000000e+00  0.000000e+00  0.000000e+00  0.000000e+00  0.000000e+00  0.000000e+00  0.000000e+00  0.000000e+00  0.000000e+00  0.000000e+00
2.375304e+05  0.000000e+00  0.000000e+00  0.000000e+00  0.000000e+00  0.000000e+00  0.000000e+00  0.000000e+00  0.000000e+00  0.000000e+00  0.000000e+00  0.000000e+00  0.000000e+00  0.000000e+00  0.000000e+00  0.000000e+00  0.000000e+00
2.665135e+05  0.000000e+00  0.000000e+00  0.000000e+00  0.000000e+00  0.000000e+00  0.000000e+00  0.000000e+00  0.000000e+00  0.000000e+00  0.000000e+00  0.000000e+00  0.000000e+00  0.000000e+00  0.000000e+00  0.000000e+00  0.000000e+00
2.990330e+05  0.000000e+00  0.000000e+00  0.000000e+00  0.000000e+00  0.000000e+00  0.000000e+00  0.000000e+00  0.000000e+00  0.000000e+00  0.000000e+00  0.000000e+00  0.000000e+00  0.000000e+00  0.000000e+00  0.000000e+00  0.000000e+00
3.355206e+05  0.000000e+00  0.000000e+00  0.000000e+00  0.000000e+00  0.000000e+00  0.000000e+00  0.000000e+00  0.000000e+00  0.000000e+00  0.000000e+00  0.000000e+00  0.000000e+00  0.000000e+00  0.000000e+00  0.000000e+00  0.000000e+00
3.764603e+05  0.000000e+00  0.000000e+00  0.000000e+00  0.000000e+00  0.000000e+00  0.000000e+00  0.000000e+00  0.000000e+00  0.000000e+00  0.000000e+00  0.000000e+00  0.000000e+00  0.000000e+00  0.000000e+00  0.000000e+00  0.000000e+00
4.223954e+05  0.000000e+00  0.000000e+00  0.000000e+00  0.000000e+00  0.000000e+00  0.000000e+00  0.000000e+00  0.000000e+00  0.000000e+00  0.000000e+00  0.000000e+00  0.000000e+00  0.000000e+00  0.000000e+00  0.000000e+00  0.000000e+00
4.739354e+05  0.000000e+00  0.000000e+00  0.000000e+00  0.000000e+00  0.000000e+00  0.000000e+00  0.000000e+00  0.000000e+00  0.000000e+00  0.000000e+00  0.000000e+00  0.000000e+00  0.000000e+00  0.000000e+00  0.000000e+00  0.000000e+00
5.317643e+05  0.000000e+00  0.000000e+00  0.000000e+00  0.000000e+00  0.000000e+00  0.000000e+00  0.000000e+00  0.000000e+00  0.000000e+00  0.000000e+00  0.000000e+00  0.000000e+00  0.000000e+00  0.000000e+00  0.000000e+00  0.000000e+00
5.966493e+05  0.000000e+00  0.000000e+00  0.000000e+00  0.000000e+00  0.000000e+00  0.000000e+00  0.000000e+00  0.000000e+00  0.000000e+00  0.000000e+00  0.000000e+00  0.000000e+00  0.000000e+00  0.000000e+00  0.000000e+00  0.000000e+00
6.694516e+05  0.000000e+00  0.000000e+00  0.000000e+00  0.000000e+00  0.000000e+00  0.000000e+00  0.000000e+00  0.000000e+00  0.000000e+00  0.000000e+00  0.000000e+00  0.000000e+00  0.000000e+00  0.000000e+00  0.000000e+00  0.000000e+00
7.511370e+05  0.000000e+00  0.000000e+00  0.000000e+00  0.000000e+00  0.000000e+00  0.000000e+00  0.000000e+00  0.000000e+00  0.000000e+00  0.000000e+00  0.000000e+00  0.000000e+00  0.000000e+00  0.000000e+00  0.000000e+00  0.000000e+00
8.427896e+05  0.000000e+00  0.000000e+00  0.000000e+00  0.000000e+00  0.000000e+00  0.000000e+00  0.000000e+00  0.000000e+00  0.000000e+00  0.000000e+00  0.000000e+00  0.000000e+00  0.000000e+00  0.000000e+00  0.000000e+00  0.000000e+00
9.456255e+05  0.000000e+00  0.000000e+00  0.000000e+00  0.000000e+00  0.000000e+00  0.000000e+00  0.000000e+00  0.000000e+00  0.000000e+00  0.000000e+00  0.000000e+00  0.000000e+00  0.000000e+00  0.000000e+00  0.000000e+00  0.000000e+00
