# dR/dEr [1/keV/kg/Myr]
# Er [keV], S, F, Ne, Cl, Na, Si, O, P, N, C, Al, Mg, Be, B, Ar, Li
1.061009e+01  1.384169e+01  1.056532e+01  0.000000e+00  0.000000e+00  4.021117e+00  0.000000e+00  9.157057e-01  0.000000e+00  0.000000e+00  0.000000e+00  0.000000e+00  0.000000e+00  4.428530e-02  0.000000e+00  0.000000e+00  0.000000e+00
1.190472e+01  5.130920e+00  1.143614e+00  0.000000e+00  0.000000e+00  1.635566e+00  0.000000e+00  0.000000e+00  0.000000e+00  0.000000e+00  0.000000e+00  0.000000e+00  0.000000e+00  0.000000e+00  0.000000e+00  0.000000e+00  0.000000e+00
1.335731e+01  7.490071e+00  1.539692e+00  0.000000e+00  0.000000e+00  0.000000e+00  0.000000e+00  0.000000e+00  0.000000e+00  0.000000e+00  0.000000e+00  0.000000e+00  0.000000e+00  0.000000e+00  0.000000e+00  0.000000e+00  0.000000e+00
1.498715e+01  1.892483e+00  2.161351e+00  0.000000e+00  0.000000e+00  7.948495e-01  0.000000e+00  3.125343e-01  0.000000e+00  0.000000e+00  0.000000e+00  0.000000e+00  0.000000e+00  0.000000e+00  0.000000e+00  0.000000e+00  0.000000e+00
1.681586e+01  4.678128e+00  2.255295e+00  6.752605e-01  0.000000e+00  1.323878e+00  2.785465e-01  0.000000e+00  0.000000e+00  0.000000e+00  0.000000e+00  0.000000e+00  0.000000e+00  0.000000e+00  0.000000e+00  0.000000e+00  0.000000e+00
1.886771e+01  3.201150e+00  2.516527e+00  0.000000e+00  0.000000e+00  6.018265e-01  0.000000e+00  0.000000e+00  0.000000e+00  0.000000e+00  0.000000e+00  0.000000e+00  0.000000e+00  0.000000e+00  0.000000e+00  0.000000e+00  0.000000e+00
2.116992e+01  3.255289e+00  2.787325e+00  0.000000e+00  0.000000e+00  6.527279e-01  0.000000e+00  2.861623e-01  0.000000e+00  0.000000e+00  0.000000e+00  2.094407e-01  0.000000e+00  0.000000e+00  0.000000e+00  0.000000e+00  0.000000e+00
2.375304e+01  6.013815e+00  1.178464e+00  7.638006e-01  0.000000e+00  1.592139e+00  0.000000e+00  4.780478e-01  0.000000e+00  0.000000e+00  0.000000e+00  0.000000e+00  0.000000e+00  0.000000e+00  0.000000e+00  0.000000e+00  0.000000e+00
2.665135e+01  5.272299e+00  2.611326e+00  2.273068e-01  2.091617e-02  3.621940e-01  0.000000e+00  0.000000e+00  5.490135e-01  0.000000e+00  0.000000e+00  0.000000e+00  0.000000e+00  0.000000e+00  0.000000e+00  0.000000e+00  0.000000e+00
2.990330e+01  5.969716e+00  2.724414e+00  2.768565e-01  0.000000e+00  4.272631e-01  0.000000e+00  3.592256e-01  0.000000e+00  0.000000e+00  0.000000e+00  6.054326e-02  0.000000e+00  3.118929e-01  0.000000e+00  0.000000e+00  0.000000e+00
3.355206e+01  7.627309e+00  2.080482e+00  2.926197e-01  0.000000e+00  5.923997e-01  0.000000e+00  8.236583e-01  0.000000e+00  0.000000e+00  0.000000e+00  2.824916e-01  0.000000e+00  3.187893e-01  0.000000e+00  0.000000e+00  0.000000e+00
3.764603e+01  8.602386e+00  1.614712e+00  2.590689e-03  1.609209e-01  1.089083e+00  0.000000e+00  2.242590e-02  0.000000e+00  0.000000e+00  0.000000e+00  0.000000e+00  0.000000e+00  4.025585e-03  0.000000e+00  0.000000e+00  0.000000e+00
4.223954e+01  7.721241e+00  3.879541e+00  1.385962e-01  0.000000e+00  1.857790e+00  0.000000e+00  2.253705e-01  0.000000e+00  0.000000e+00  0.000000e+00  9.876197e-02  0.000000e+00  1.464374e+00  0.000000e+00  0.000000e+00  0.000000e+00
4.739354e+01  1.070739e+01  4.236725e+00  1.278240e-01  3.349829e-01  5.009889e-01  0.000000e+00  4.602349e-01  0.000000e+00  0.000000e+00  0.000000e+00  0.000000e+00  0.000000e+00  5.139305e-01  0.000000e+00  0.000000e+00  0.000000e+00
5.317643e+01  9.477523e+00  2.355136e+00  3.159307e-01  0.000000e+00  1.307053e+00  0.000000e+00  6.113809e-01  0.000000e+00  0.000000e+00  0.000000e+00  8.337984e-02  0.000000e+00  0.000000e+00  0.000000e+00  0.000000e+00  0.000000e+00
5.966493e+01  1.252977e+01  4.495786e+00  3.521004e-01  1.800393e-01  9.390058e-01  0.000000e+00  7.030780e-01  0.000000e+00  0.000000e+00  0.000000e+00  1.260579e-01  0.000000e+00  4.057488e-02  0.000000e+00  0.000000e+00  0.000000e+00
6.694516e+01  1.372285e+01  3.770931e+00  5.912449e-01  0.000000e+00  1.742835e+00  0.000000e+00  1.779446e-01  0.000000e+00  4.970358e-02  0.000000e+00  2.661498e-01  0.000000e+00  3.596782e+00  0.000000e+00  0.000000e+00  0.000000e+00
7.511370e+01  1.439830e+01  5.276168e+00  5.810262e-01  1.930672e-01  1.089028e+00  0.000000e+00  4.453806e-01  0.000000e+00  0.000000e+00  0.000000e+00  7.793838e-02  0.000000e+00  1.049843e+03  0.000000e+00  0.000000e+00  0.000000e+00
8.427896e+01  1.830682e+01  5.771209e+00  3.318087e-01  4.748614e-01  1.493318e+00  0.000000e+00  8.528993e-01  0.000000e+00  0.000000e+00  0.000000e+00  0.000000e+00  0.000000e+00  1.277123e+03  0.000000e+00  0.000000e+00  0.000000e+00
9.456255e+01  1.807859e+01  4.482081e+00  5.051726e-01  2.281914e-01  1.388629e+00  0.000000e+00  2.255082e-01  0.000000e+00  3.561460e-02  0.000000e+00  4.271574e-04  0.000000e+00  9.718926e+02  0.000000e+00  0.000000e+00  0.000000e+00
1.061009e+02  2.115133e+01  5.936973e+00  3.722048e-01  7.840947e-02  1.869491e+00  0.000000e+00  3.806831e-01  0.000000e+00  0.000000e+00  7.088756e-02  2.382106e-01  0.000000e+00  7.363209e+02  0.000000e+00  0.000000e+00  0.000000e+00
1.190472e+02  2.277263e+01  7.551637e+00  7.849740e-01  1.231650e-01  1.833108e+00  0.000000e+00  2.692087e-01  0.000000e+00  3.934574e-02  1.496670e-01  6.487520e+02  0.000000e+00  5.423484e+02  0.000000e+00  3.777164e-02  0.000000e+00
1.335731e+02  2.560754e+01  8.064511e+00  5.991059e-01  7.301555e-04  2.065803e+00  0.000000e+00  3.133186e-01  0.000000e+00  0.000000e+00  0.000000e+00  5.443811e+02  0.000000e+00  3.998690e+02  0.000000e+00  0.000000e+00  0.000000e+00
1.498715e+02  6.244096e+01  9.408432e+00  4.111025e-01  1.302036e-01  1.189353e+00  0.000000e+00  6.189779e-01  0.000000e+00  6.813999e-02  9.919752e-02  4.068865e+02  0.000000e+00  2.990360e+02  0.000000e+00  0.000000e+00  0.000000e+00
1.681586e+02  8.963033e+01  9.562964e+00  5.760134e-01  1.323878e-01  1.064298e+00  2.402083e-04  7.105858e-01  0.000000e+00  7.841011e-02  0.000000e+00  3.036469e+02  0.000000e+00  2.203102e+02  0.000000e+00  0.000000e+00  0.000000e+00
1.886771e+02  5.236743e+01  1.115967e+01  4.281152e-01  1.301707e-01  2.264474e+00  5.693342e-02  7.003797e-01  4.112934e-02  4.112934e-02  0.000000e+00  2.244805e+02  0.000000e+00  1.605807e+02  0.000000e+00  0.000000e+00  0.000000e+00
2.116992e+02  2.289240e+01  1.398281e+01  5.373195e-01  3.444849e-01  9.889459e-01  3.665656e-02  5.266645e-01  0.000000e+00  0.000000e+00  1.908042e-04  1.783092e+02  0.000000e+00  1.088447e+02  0.000000e+00  4.606970e-04  0.000000e+00
2.375304e+02  1.665632e+01  7.057092e+01  8.093258e-01  2.794571e-01  1.413630e+00  1.513459e-02  6.231110e-01  6.747589e-02  0.000000e+00  1.971958e-02  1.330342e+02  0.000000e+00  7.982930e+01  0.000000e+00  6.283367e-02  0.000000e+00
2.665135e+02  1.372363e+01  5.894956e+01  8.143588e-01  2.398028e-01  2.047914e+00  3.683864e-02  4.718207e-01  0.000000e+00  2.911734e-02  4.859192e-02  9.711971e+01  0.000000e+00  5.503194e+01  0.000000e+00  0.000000e+00  0.000000e+00
2.990330e+02  8.468957e+00  9.020075e+00  4.530052e-01  1.635028e-01  1.554436e+00  5.728177e-03  9.056119e-01  2.098948e-04  5.067912e-04  1.126232e-02  7.334865e+01  0.000000e+00  4.109771e+01  0.000000e+00  0.000000e+00  0.000000e+00
3.355206e+02  7.507061e+00  8.135091e+00  5.329106e-01  2.250239e-01  1.637832e+00  2.312873e-02  6.544182e-01  2.142893e-02  1.805562e-02  5.476529e-02  5.494448e+01  7.215347e-03  2.905685e+01  0.000000e+00  0.000000e+00  1.078409e-03
3.764603e+02  4.993329e+00  6.059882e+00  6.934260e-01  2.406675e-01  1.829099e+00  2.326155e-02  4.551414e-01  0.000000e+00  2.607976e-02  0.000000e+00  3.558490e+01  0.000000e+00  2.106252e+01  0.000000e+00  0.000000e+00  0.000000e+00
4.223954e+02  3.228943e+00  5.144906e+00  4.282940e-01  2.208524e-01  1.569703e+00  1.449068e-02  6.249390e-01  5.540636e-02  1.852039e-02  4.241279e-02  2.749857e+01  0.000000e+00  1.117497e+01  0.000000e+00  2.308954e-04  0.000000e+00
4.739354e+02  2.640556e+00  4.235236e+00  6.062069e-01  3.512893e-01  1.361491e+00  2.865215e-02  6.396415e-01  5.621449e-02  3.087330e-02  0.000000e+00  1.736963e+01  0.000000e+00  7.592959e+00  3.087330e-02  0.000000e+00  0.000000e+00
5.317643e+02  2.089005e+00  2.784476e+00  6.573288e-01  1.776169e-01  1.382894e+00  4.107720e-02  5.100368e-01  6.072652e-02  6.026179e-02  2.397952e-02  1.441714e+01  0.000000e+00  5.870616e+00  7.596053e-05  2.806677e-02  0.000000e+00
5.966493e+02  1.866730e+00  2.484205e+00  6.770172e-01  3.347406e-01  1.338803e+00  5.295141e-02  5.384095e-01  5.714350e-02  2.694677e-02  1.563167e-02  1.012899e+01  0.000000e+00  4.001316e+00  0.000000e+00  2.539973e-04  0.000000e+00
6.694516e+02  1.453713e+00  2.099913e+00  8.114547e-01  4.635479e-01  1.302990e+00  5.029785e-02  6.449428e-01  3.852541e-02  3.162750e-02  1.196713e-02  7.069684e+00  0.000000e+00  2.386823e+00  0.000000e+00  0.000000e+00  0.000000e+00
7.511370e+02  1.178056e+00  1.638652e+00  5.477378e-01  3.735707e-01  8.621784e-01  1.281580e-02  4.779897e-01  4.630296e-02  3.990789e-02  8.008954e-03  4.727146e+00  0.000000e+00  1.579114e+00  0.000000e+00  0.000000e+00  0.000000e+00
8.427896e+02  7.403073e-01  1.387579e+00  4.850457e-01  3.912184e-01  9.803355e-01  2.621902e-02  5.478969e-01  1.883747e-02  9.400323e-03  3.192115e-02  2.465305e+00  0.000000e+00  7.973379e-01  0.000000e+00  2.170024e-02  0.000000e+00
9.456255e+02  7.394059e-01  1.104066e+00  6.496751e-01  2.818322e-01  8.044322e-01  4.242200e-02  5.725802e-01  5.482360e-02  0.000000e+00  3.034455e-02  2.094150e+00  5.894979e-04  6.061563e-01  0.000000e+00  0.000000e+00  0.000000e+00
1.061009e+03  6.709365e-01  7.837630e-01  6.166606e-01  4.146024e-01  6.591670e-01  4.813542e-02  5.178327e-01  4.199707e-02  7.185112e-02  1.260592e-02  1.457505e+00  0.000000e+00  2.433909e-01  3.661474e-03  2.281693e-03  0.000000e+00
1.190472e+03  4.513379e-01  6.720675e-01  5.597043e-01  4.198783e-01  4.657114e-01  5.192655e-02  3.270313e-01  5.355868e-02  2.283876e-02  3.393728e-02  8.751499e-01  0.000000e+00  2.516316e-01  0.000000e+00  0.000000e+00  0.000000e+00
1.335731e+03  4.524953e-01  6.115988e-01  4.619926e-01  3.130668e-01  3.915208e-01  2.517448e-02  4.089482e-01  2.496962e-02  4.324094e-02  9.813223e-03  4.310079e-01  0.000000e+00  9.441159e-02  1.369193e-02  0.000000e+00  0.000000e+00
1.498715e+03  2.835765e-01  4.498256e-01  3.659047e-01  3.530869e-01  2.802219e-01  7.538504e-02  3.731189e-01  7.580334e-02  6.759794e-02  1.832915e-02  2.439078e-01  5.633131e-04  1.359659e-01  0.000000e+00  0.000000e+00  1.244040e-03
1.681586e+03  1.283286e-01  4.460304e-01  2.962617e-01  3.016957e-01  3.431458e-01  3.556024e-02  2.708985e-01  5.094310e-02  4.806693e-02  3.625991e-02  2.636612e-01  0.000000e+00  6.932726e-02  1.009499e-02  0.000000e+00  2.151709e-04
1.886771e+03  1.769102e-01  2.779993e-01  3.074628e-01  3.737282e-01  2.765123e-01  4.325393e-02  2.393235e-01  5.179925e-02  3.566731e-02  3.396061e-02  1.328480e-01  8.153963e-03  5.203596e-03  1.021256e-02  1.245173e-04  0.000000e+00
2.116992e+03  1.269765e-01  2.903574e-01  1.964084e-01  2.280920e-01  1.133141e-01  3.894273e-02  1.867719e-01  4.491229e-02  1.171750e-02  2.421515e-02  6.979142e-02  3.792536e-03  2.570203e-02  4.606970e-05  0.000000e+00  4.606970e-05
2.375304e+03  5.625017e-02  1.647809e-01  1.867310e-01  3.388730e-01  1.215164e-01  6.799309e-02  1.704404e-01  3.995185e-02  2.360793e-02  8.264471e-03  7.704724e-02  2.642419e-05  0.000000e+00  1.866642e-03  0.000000e+00  3.183436e-03
2.665135e+03  6.157754e-02  1.292402e-01  1.461399e-01  2.958282e-01  5.842468e-02  3.776293e-02  1.066875e-01  7.113673e-02  1.775845e-02  3.705232e-02  4.503751e-02  1.369261e-02  7.262016e-03  3.499495e-03  0.000000e+00  7.002154e-03
2.990330e+03  1.683206e-02  9.315225e-02  9.743170e-02  2.253127e-01  4.946417e-02  5.237698e-02  7.730210e-02  4.090445e-02  2.034460e-02  1.850425e-02  3.752560e-02  3.448894e-03  0.000000e+00  3.169608e-03  0.000000e+00  1.033979e-02
3.355206e+03  1.615555e-02  1.096583e-01  1.036296e-01  2.325931e-01  2.068150e-02  4.983704e-02  4.565054e-02  2.782462e-02  1.382169e-02  1.654965e-02  9.309296e-03  6.651671e-03  5.208815e-03  5.395924e-04  0.000000e+00  4.110695e-05
3.764603e+03  5.356866e-03  4.160455e-02  7.354710e-02  1.422024e-01  1.827343e-02  4.481163e-02  2.918291e-02  2.140710e-02  1.011325e-02  1.978467e-02  1.590854e-02  1.510396e-03  1.072971e-05  5.029737e-03  0.000000e+00  6.533629e-03
4.223954e+03  1.035101e-03  2.920262e-02  3.085999e-02  1.116917e-01  8.974919e-03  2.077754e-02  2.547516e-02  2.672582e-02  1.486954e-02  1.387754e-02  1.226641e-02  2.843507e-03  0.000000e+00  5.410160e-03  0.000000e+00  3.926355e-03
4.739354e+03  1.235240e-03  2.319852e-02  3.754094e-02  1.064683e-01  8.888221e-03  2.359930e-02  7.478018e-03  2.077541e-02  6.839740e-03  9.322491e-03  9.541522e-03  3.822723e-03  4.957122e-05  2.775834e-04  0.000000e+00  1.293141e-03
5.317643e+03  4.243272e-03  2.258255e-02  2.652354e-02  6.559036e-02  1.371679e-03  1.851281e-02  3.419428e-03  3.546072e-02  1.407471e-02  1.146667e-02  4.474755e-03  4.661871e-03  0.000000e+00  4.698096e-03  0.000000e+00  5.137107e-03
5.966493e+03  2.141890e-03  1.053449e-02  1.477016e-02  4.253520e-02  3.516506e-03  2.267294e-02  3.284426e-03  1.753913e-02  6.377888e-03  1.226064e-02  2.870889e-04  8.941222e-04  0.000000e+00  1.299955e-03  0.000000e+00  2.270721e-03
6.694516e+03  9.375656e-06  7.660212e-03  1.071374e-02  3.259548e-02  1.061140e-03  3.381036e-02  1.277708e-03  9.114630e-03  8.055317e-03  1.086574e-02  6.877491e-03  6.730485e-03  0.000000e+00  9.379072e-04  0.000000e+00  5.404848e-05
7.511370e+03  4.346935e-04  6.569776e-03  9.630027e-03  1.653324e-02  2.662850e-03  1.767752e-02  3.473113e-03  7.766580e-03  2.239810e-03  6.053581e-03  3.791197e-04  2.272528e-03  0.000000e+00  1.379491e-04  0.000000e+00  6.806330e-03
8.427896e+03  8.924215e-04  5.501891e-03  4.748205e-03  6.196170e-03  1.095665e-03  2.384365e-02  4.060527e-03  1.945499e-02  2.954797e-03  2.605159e-03  4.228205e-03  4.174407e-03  0.000000e+00  8.412438e-05  0.000000e+00  1.513103e-03
9.456255e+03  0.000000e+00  1.524373e-03  5.043714e-03  1.335976e-02  1.204253e-03  1.509963e-02  1.031372e-05  6.620507e-03  4.072431e-03  2.436495e-03  6.892937e-03  5.276269e-03  0.000000e+00  2.277140e-03  0.000000e+00  1.914546e-04
1.061009e+04  0.000000e+00  3.932875e-03  1.637052e-03  8.081496e-03  4.270813e-04  1.127155e-02  1.752035e-03  4.273080e-03  1.849174e-04  3.272770e-03  3.654865e-03  3.264956e-03  0.000000e+00  5.915639e-06  0.000000e+00  2.009589e-03
1.190472e+04  0.000000e+00  3.319946e-05  3.039369e-05  4.443528e-03  0.000000e+00  3.767998e-03  3.393032e-06  4.118153e-04  1.054464e-05  3.489648e-03  5.564184e-03  1.527375e-03  0.000000e+00  5.590076e-04  0.000000e+00  9.822511e-04
1.335731e+04  0.000000e+00  1.147153e-03  2.346842e-03  5.513766e-03  0.000000e+00  3.037651e-03  1.134564e-05  1.147270e-03  1.312620e-04  2.774030e-03  1.559897e-03  5.059617e-04  0.000000e+00  0.000000e+00  0.000000e+00  1.003723e-03
1.498715e+04  0.000000e+00  1.125260e-03  5.633131e-05  5.006098e-04  0.000000e+00  2.058070e-03  0.000000e+00  2.574612e-03  1.615315e-04  5.175213e-04  1.301504e-05  1.760056e-03  0.000000e+00  1.069547e-05  0.000000e+00  1.743923e-03
1.681586e+04  0.000000e+00  1.335606e-04  3.732516e-06  2.924533e-04  0.000000e+00  3.578902e-03  2.402083e-06  3.952589e-04  0.000000e+00  5.020533e-05  3.314990e-05  3.052925e-05  0.000000e+00  1.245386e-03  0.000000e+00  1.424791e-03
1.886771e+04  0.000000e+00  2.622056e-04  0.000000e+00  7.856752e-04  0.000000e+00  2.195647e-03  0.000000e+00  1.777688e-03  0.000000e+00  0.000000e+00  8.097118e-04  8.235744e-04  0.000000e+00  1.381145e-03  0.000000e+00  1.295046e-03
2.116992e+04  0.000000e+00  1.908042e-06  0.000000e+00  6.358286e-04  0.000000e+00  9.066658e-06  0.000000e+00  3.552794e-04  0.000000e+00  0.000000e+00  0.000000e+00  6.911671e-04  0.000000e+00  1.982817e-03  0.000000e+00  3.552794e-04
2.375304e+04  0.000000e+00  0.000000e+00  0.000000e+00  1.700544e-06  0.000000e+00  3.951367e-04  1.523293e-05  7.211348e-05  0.000000e+00  1.019195e-04  3.926498e-04  5.284838e-06  0.000000e+00  0.000000e+00  0.000000e+00  1.015465e-03
2.665135e+04  0.000000e+00  1.357636e-05  0.000000e+00  6.336194e-04  0.000000e+00  0.000000e+00  0.000000e+00  0.000000e+00  0.000000e+00  8.815148e-06  0.000000e+00  0.000000e+00  0.000000e+00  0.000000e+00  0.000000e+00  1.357636e-05
2.990330e+04  0.000000e+00  0.000000e+00  0.000000e+00  1.112725e-04  0.000000e+00  0.000000e+00  0.000000e+00  0.000000e+00  0.000000e+00  0.000000e+00  0.000000e+00  1.685542e-04  0.000000e+00  3.691746e-04  0.000000e+00  1.992221e-04
3.355206e+04  0.000000e+00  0.000000e+00  0.000000e+00  0.000000e+00  0.000000e+00  0.000000e+00  0.000000e+00  0.000000e+00  0.000000e+00  0.000000e+00  0.000000e+00  2.906801e-06  0.000000e+00  4.448283e-04  0.000000e+00  1.400424e-05
3.764603e+04  0.000000e+00  0.000000e+00  0.000000e+00  2.242590e-05  0.000000e+00  0.000000e+00  0.000000e+00  0.000000e+00  0.000000e+00  0.000000e+00  0.000000e+00  8.838685e-05  0.000000e+00  2.242590e-05  0.000000e+00  1.072971e-06
4.223954e+04  0.000000e+00  0.000000e+00  0.000000e+00  1.319721e-05  0.000000e+00  0.000000e+00  0.000000e+00  5.267879e-04  0.000000e+00  0.000000e+00  0.000000e+00  1.002479e-04  0.000000e+00  0.000000e+00  0.000000e+00  0.000000e+00
4.739354e+04  0.000000e+00  0.000000e+00  0.000000e+00  0.000000e+00  0.000000e+00  0.000000e+00  0.000000e+00  8.522911e-07  0.000000e+00  0.000000e+00  0.000000e+00  1.261432e-05  0.000000e+00  7.020817e-05  0.000000e+00  0.000000e+00
5.317643e+04  0.000000e+00  0.000000e+00  0.000000e+00  0.000000e+00  0.000000e+00  0.000000e+00  0.000000e+00  0.000000e+00  0.000000e+00  0.000000e+00  0.000000e+00  0.000000e+00  0.000000e+00  0.000000e+00  0.000000e+00  0.000000e+00
5.966493e+04  0.000000e+00  0.000000e+00  0.000000e+00  0.000000e+00  0.000000e+00  0.000000e+00  0.000000e+00  0.000000e+00  0.000000e+00  0.000000e+00  0.000000e+00  0.000000e+00  0.000000e+00  0.000000e+00  0.000000e+00  0.000000e+00
6.694516e+04  0.000000e+00  0.000000e+00  0.000000e+00  0.000000e+00  0.000000e+00  0.000000e+00  0.000000e+00  0.000000e+00  0.000000e+00  0.000000e+00  0.000000e+00  0.000000e+00  0.000000e+00  0.000000e+00  0.000000e+00  2.619020e-05
7.511370e+04  0.000000e+00  0.000000e+00  0.000000e+00  0.000000e+00  0.000000e+00  0.000000e+00  0.000000e+00  0.000000e+00  0.000000e+00  0.000000e+00  0.000000e+00  0.000000e+00  0.000000e+00  0.000000e+00  0.000000e+00  2.239810e-04
8.427896e+04  0.000000e+00  0.000000e+00  0.000000e+00  0.000000e+00  0.000000e+00  0.000000e+00  0.000000e+00  0.000000e+00  0.000000e+00  0.000000e+00  0.000000e+00  0.000000e+00  0.000000e+00  0.000000e+00  0.000000e+00  0.000000e+00
9.456255e+04  0.000000e+00  0.000000e+00  0.000000e+00  0.000000e+00  0.000000e+00  0.000000e+00  0.000000e+00  0.000000e+00  0.000000e+00  0.000000e+00  0.000000e+00  0.000000e+00  0.000000e+00  0.000000e+00  0.000000e+00  0.000000e+00
1.061009e+05  0.000000e+00  0.000000e+00  0.000000e+00  0.000000e+00  0.000000e+00  0.000000e+00  0.000000e+00  0.000000e+00  0.000000e+00  0.000000e+00  0.000000e+00  0.000000e+00  0.000000e+00  0.000000e+00  0.000000e+00  0.000000e+00
1.190472e+05  0.000000e+00  0.000000e+00  0.000000e+00  0.000000e+00  0.000000e+00  0.000000e+00  0.000000e+00  0.000000e+00  0.000000e+00  0.000000e+00  0.000000e+00  0.000000e+00  0.000000e+00  0.000000e+00  0.000000e+00  0.000000e+00
1.335731e+05  0.000000e+00  0.000000e+00  0.000000e+00  0.000000e+00  0.000000e+00  0.000000e+00  0.000000e+00  0.000000e+00  0.000000e+00  0.000000e+00  0.000000e+00  0.000000e+00  0.000000e+00  0.000000e+00  0.000000e+00  0.000000e+00
1.498715e+05  0.000000e+00  0.000000e+00  0.000000e+00  0.000000e+00  0.000000e+00  0.000000e+00  0.000000e+00  0.000000e+00  0.000000e+00  0.000000e+00  0.000000e+00  0.000000e+00  0.000000e+00  0.000000e+00  0.000000e+00  0.000000e+00
1.681586e+05  0.000000e+00  0.000000e+00  0.000000e+00  0.000000e+00  0.000000e+00  0.000000e+00  0.000000e+00  0.000000e+00  0.000000e+00  0.000000e+00  0.000000e+00  0.000000e+00  0.000000e+00  0.000000e+00  0.000000e+00  0.000000e+00
1.886771e+05  0.000000e+00  0.000000e+00  0.000000e+00  0.000000e+00  0.000000e+00  0.000000e+00  0.000000e+00  0.000000e+00  0.000000e+00  0.000000e+00  0.000000e+00  0.000000e+00  0.000000e+00  0.000000e+00  0.000000e+00  0.000000e+00
2.116992e+05  0.000000e+00  0.000000e+00  0.000000e+00  0.000000e+00  0.000000e+00  0.000000e+00  0.000000e+00  0.000000e+00  0.000000e+00  0.000000e+00  0.000000e+00  0.000000e+00  0.000000e+00  0.000000e+00  0.000000e+00  0.000000e+00
2.375304e+05  0.000000e+00  0.000000e+00  0.000000e+00  0.000000e+00  0.000000e+00  0.000000e+00  0.000000e+00  0.000000e+00  0.000000e+00  0.000000e+00  0.000000e+00  0.000000e+00  0.000000e+00  0.000000e+00  0.000000e+00  0.000000e+00
2.665135e+05  0.000000e+00  0.000000e+00  0.000000e+00  0.000000e+00  0.000000e+00  0.000000e+00  0.000000e+00  0.000000e+00  0.000000e+00  0.000000e+00  0.000000e+00  0.000000e+00  0.000000e+00  0.000000e+00  0.000000e+00  0.000000e+00
2.990330e+05  0.000000e+00  0.000000e+00  0.000000e+00  0.000000e+00  0.000000e+00  0.000000e+00  0.000000e+00  0.000000e+00  0.000000e+00  0.000000e+00  0.000000e+00  0.000000e+00  0.000000e+00  0.000000e+00  0.000000e+00  0.000000e+00
3.355206e+05  0.000000e+00  0.000000e+00  0.000000e+00  0.000000e+00  0.000000e+00  0.000000e+00  0.000000e+00  0.000000e+00  0.000000e+00  0.000000e+00  0.000000e+00  0.000000e+00  0.000000e+00  0.000000e+00  0.000000e+00  0.000000e+00
3.764603e+05  0.000000e+00  0.000000e+00  0.000000e+00  0.000000e+00  0.000000e+00  0.000000e+00  0.000000e+00  0.000000e+00  0.000000e+00  0.000000e+00  0.000000e+00  0.000000e+00  0.000000e+00  0.000000e+00  0.000000e+00  0.000000e+00
4.223954e+05  0.000000e+00  0.000000e+00  0.000000e+00  0.000000e+00  0.000000e+00  0.000000e+00  0.000000e+00  0.000000e+00  0.000000e+00  0.000000e+00  0.000000e+00  0.000000e+00  0.000000e+00  0.000000e+00  0.000000e+00  0.000000e+00
4.739354e+05  0.000000e+00  0.000000e+00  0.000000e+00  0.000000e+00  0.000000e+00  0.000000e+00  0.000000e+00  0.000000e+00  0.000000e+00  0.000000e+00  0.000000e+00  0.000000e+00  0.000000e+00  0.000000e+00  0.000000e+00  0.000000e+00
5.317643e+05  0.000000e+00  0.000000e+00  0.000000e+00  0.000000e+00  0.000000e+00  0.000000e+00  0.000000e+00  0.000000e+00  0.000000e+00  0.000000e+00  0.000000e+00  0.000000e+00  0.000000e+00  0.000000e+00  0.000000e+00  0.000000e+00
5.966493e+05  0.000000e+00  0.000000e+00  0.000000e+00  0.000000e+00  0.000000e+00  0.000000e+00  0.000000e+00  0.000000e+00  0.000000e+00  0.000000e+00  0.000000e+00  0.000000e+00  0.000000e+00  0.000000e+00  0.000000e+00  0.000000e+00
6.694516e+05  0.000000e+00  0.000000e+00  0.000000e+00  0.000000e+00  0.000000e+00  0.000000e+00  0.000000e+00  0.000000e+00  0.000000e+00  0.000000e+00  0.000000e+00  0.000000e+00  0.000000e+00  0.000000e+00  0.000000e+00  0.000000e+00
7.511370e+05  0.000000e+00  0.000000e+00  0.000000e+00  0.000000e+00  0.000000e+00  0.000000e+00  0.000000e+00  0.000000e+00  0.000000e+00  0.000000e+00  0.000000e+00  0.000000e+00  0.000000e+00  0.000000e+00  0.000000e+00  0.000000e+00
8.427896e+05  0.000000e+00  0.000000e+00  0.000000e+00  0.000000e+00  0.000000e+00  0.000000e+00  0.000000e+00  0.000000e+00  0.000000e+00  0.000000e+00  0.000000e+00  0.000000e+00  0.000000e+00  0.000000e+00  0.000000e+00  0.000000e+00
9.456255e+05  0.000000e+00  0.000000e+00  0.000000e+00  0.000000e+00  0.000000e+00  0.000000e+00  0.000000e+00  0.000000e+00  0.000000e+00  0.000000e+00  0.000000e+00  0.000000e+00  0.000000e+00  0.000000e+00  0.000000e+00  0.000000e+00
