# dR/dEr [1/keV/kg/Myr]
# Er [keV], S, F, Ne, Cl, Na, Si, O, P, N, C, Al, Mg, Be, B, Ar, Li
1.061009e+01  1.255016e+01  9.618033e+00  0.000000e+00  0.000000e+00  3.711720e+00  0.000000e+00  8.263535e-01  0.000000e+00  0.000000e+00  0.000000e+00  0.000000e+00  0.000000e+00  4.370097e-02  0.000000e+00  0.000000e+00  0.000000e+00
1.190472e+01  4.635590e+00  1.063979e+00  0.000000e+00  0.000000e+00  1.478365e+00  0.000000e+00  0.000000e+00  0.000000e+00  0.000000e+00  0.000000e+00  0.000000e+00  0.000000e+00  0.000000e+00  0.000000e+00  0.000000e+00  0.000000e+00
1.335731e+01  6.776616e+00  1.393271e+00  0.000000e+00  0.000000e+00  0.000000e+00  0.000000e+00  0.000000e+00  0.000000e+00  0.000000e+00  0.000000e+00  0.000000e+00  0.000000e+00  0.000000e+00  0.000000e+00  0.000000e+00  0.000000e+00
1.498715e+01  1.709670e+00  1.986781e+00  0.000000e+00  0.000000e+00  7.207631e-01  0.000000e+00  2.817785e-01  0.000000e+00  0.000000e+00  0.000000e+00  0.000000e+00  0.000000e+00  0.000000e+00  0.000000e+00  0.000000e+00  0.000000e+00
1.681586e+01  4.226610e+00  2.069162e+00  6.097571e-01  0.000000e+00  1.197167e+00  2.511354e-01  0.000000e+00  0.000000e+00  0.000000e+00  0.000000e+00  0.000000e+00  0.000000e+00  0.000000e+00  0.000000e+00  0.000000e+00  0.000000e+00
1.886771e+01  2.891340e+00  2.297083e+00  0.000000e+00  0.000000e+00  5.434466e-01  0.000000e+00  0.000000e+00  0.000000e+00  0.000000e+00  0.000000e+00  0.000000e+00  0.000000e+00  0.000000e+00  0.000000e+00  0.000000e+00  0.000000e+00
2.116992e+01  2.943667e+00  2.546096e+00  0.000000e+00  0.000000e+00  5.896867e-01  0.000000e+00  2.583041e-01  0.000000e+00  0.000000e+00  0.000000e+00  2.031580e-01  0.000000e+00  0.000000e+00  0.000000e+00  0.000000e+00  0.000000e+00
2.375304e+01  5.438810e+00  1.065035e+00  7.083887e-01  0.000000e+00  1.462649e+00  0.000000e+00  4.316750e-01  0.000000e+00  0.000000e+00  0.000000e+00  0.000000e+00  0.000000e+00  0.000000e+00  0.000000e+00  0.000000e+00  0.000000e+00
2.665135e+01  4.777810e+00  2.402921e+00  2.051782e-01  2.058414e-02  3.266824e-01  0.000000e+00  0.000000e+00  5.182711e-01  0.000000e+00  0.000000e+00  0.000000e+00  0.000000e+00  0.000000e+00  0.000000e+00  0.000000e+00  0.000000e+00
2.990330e+01  5.408213e+00  2.469069e+00  2.495145e-01  0.000000e+00  4.055930e-01  0.000000e+00  3.240891e-01  0.000000e+00  0.000000e+00  0.000000e+00  5.920426e-02  0.000000e+00  2.989111e-01  0.000000e+00  0.000000e+00  0.000000e+00
3.355206e+01  6.912443e+00  1.896717e+00  2.650505e-01  0.000000e+00  5.350460e-01  0.000000e+00  7.616433e-01  0.000000e+00  0.000000e+00  0.000000e+00  2.708473e-01  0.000000e+00  3.092257e-01  0.000000e+00  0.000000e+00  0.000000e+00
3.764603e+01  7.818199e+00  1.491717e+00  2.536300e-03  1.452551e-01  1.010627e+00  0.000000e+00  2.203646e-02  0.000000e+00  0.000000e+00  0.000000e+00  0.000000e+00  0.000000e+00  3.959443e-03  0.000000e+00  0.000000e+00  0.000000e+00
4.223954e+01  7.000254e+00  3.514716e+00  1.337852e-01  0.000000e+00  1.689892e+00  0.000000e+00  2.034865e-01  0.000000e+00  0.000000e+00  0.000000e+00  9.632875e-02  0.000000e+00  1.371094e+00  0.000000e+00  0.000000e+00  0.000000e+00
4.739354e+01  9.692742e+00  3.839579e+00  1.153802e-01  3.030216e-01  4.531911e-01  0.000000e+00  4.153418e-01  0.000000e+00  0.000000e+00  0.000000e+00  0.000000e+00  0.000000e+00  4.818407e-01  0.000000e+00  0.000000e+00  0.000000e+00
5.317643e+01  8.592551e+00  2.128026e+00  2.850814e-01  0.000000e+00  1.194763e+00  0.000000e+00  5.516431e-01  0.000000e+00  0.000000e+00  0.000000e+00  8.087865e-02  0.000000e+00  0.000000e+00  0.000000e+00  0.000000e+00  0.000000e+00
5.966493e+01  1.133957e+01  4.077655e+00  3.177765e-01  1.624293e-01  8.657804e-01  0.000000e+00  6.476080e-01  0.000000e+00  0.000000e+00  0.000000e+00  1.213136e-01  0.000000e+00  3.958888e-02  0.000000e+00  0.000000e+00  0.000000e+00
6.694516e+01  1.243300e+01  3.419836e+00  5.338245e-01  0.000000e+00  1.581028e+00  0.000000e+00  1.613588e-01  0.000000e+00  4.838732e-02  0.000000e+00  2.488860e-01  0.000000e+00  3.358996e+00  0.000000e+00  0.000000e+00  0.000000e+00
7.511370e+01  1.304564e+01  4.793895e+00  5.330155e-01  1.746159e-01  9.926642e-01  0.000000e+00  4.029837e-01  0.000000e+00  0.000000e+00  0.000000e+00  7.523294e-02  0.000000e+00  9.779970e+02  0.000000e+00  0.000000e+00  0.000000e+00
8.427896e+01  1.658540e+01  5.225785e+00  2.998268e-01  4.320956e-01  1.356465e+00  0.000000e+00  7.796271e-01  0.000000e+00  0.000000e+00  0.000000e+00  0.000000e+00  0.000000e+00  1.189448e+03  0.000000e+00  0.000000e+00  0.000000e+00
9.456255e+01  1.636426e+01  4.060347e+00  4.626890e-01  2.062017e-01  1.272216e+00  0.000000e+00  2.040516e-01  0.000000e+00  3.466992e-02  0.000000e+00  4.143180e-04  0.000000e+00  9.056037e+02  0.000000e+00  0.000000e+00  0.000000e+00
1.061009e+02  1.913183e+01  5.382193e+00  3.394118e-01  7.069200e-02  1.698158e+00  0.000000e+00  3.437235e-01  0.000000e+00  0.000000e+00  6.821962e-02  2.214164e-01  0.000000e+00  6.855603e+02  0.000000e+00  0.000000e+00  0.000000e+00
1.190472e+02  2.060109e+01  6.847137e+00  7.106264e-01  1.118313e-01  1.679981e+00  0.000000e+00  2.460663e-01  0.000000e+00  3.547382e-02  1.399589e-01  6.037347e+02  0.000000e+00  5.051592e+02  0.000000e+00  3.664094e-02  0.000000e+00
1.335731e+02  2.316474e+01  7.298305e+00  5.468604e-01  7.148266e-04  1.875917e+00  0.000000e+00  2.845843e-01  0.000000e+00  0.000000e+00  0.000000e+00  5.068778e+02  0.000000e+00  3.725683e+02  0.000000e+00  0.000000e+00  0.000000e+00
1.498715e+02  5.645223e+01  8.522433e+00  3.713980e-01  1.179275e-01  1.075757e+00  0.000000e+00  5.723489e-01  0.000000e+00  6.189102e-02  9.370997e-02  3.788420e+02  0.000000e+00  2.786511e+02  0.000000e+00  0.000000e+00  0.000000e+00
1.681586e+02  8.101329e+01  8.668740e+00  5.240654e-01  1.197167e-01  9.695532e-01  2.329881e-04  6.490505e-01  0.000000e+00  7.449422e-02  0.000000e+00  2.829757e+02  0.000000e+00  2.053089e+02  0.000000e+00  0.000000e+00  0.000000e+00
1.886771e+02  4.735900e+01  1.009910e+01  3.902296e-01  1.175286e-01  2.055964e+00  5.136466e-02  6.433375e-01  3.718174e-02  3.718174e-02  0.000000e+00  2.089926e+02  0.000000e+00  1.495073e+02  0.000000e+00  0.000000e+00  0.000000e+00
2.116992e+02  2.071425e+01  1.266730e+01  4.880355e-01  3.141997e-01  9.032356e-01  3.313826e-02  4.778194e-01  0.000000e+00  0.000000e+00  1.850691e-04  1.661262e+02  0.000000e+00  1.014661e+02  0.000000e+00  4.510251e-04  0.000000e+00
2.375304e+02  1.507885e+01  6.378213e+01  7.338374e-01  2.532998e-01  1.286502e+00  1.363299e-02  5.705225e-01  6.108828e-02  0.000000e+00  1.777902e-02  1.239516e+02  0.000000e+00  7.446131e+01  0.000000e+00  5.723233e-02  0.000000e+00
2.665135e+02  1.242680e+01  5.328873e+01  7.367450e-01  2.209762e-01  1.865475e+00  3.336788e-02  4.306424e-01  0.000000e+00  2.632266e-02  4.613279e-02  9.044499e+01  0.000000e+00  5.124368e+01  0.000000e+00  0.000000e+00  0.000000e+00
2.990330e+02  7.679914e+00  8.165030e+00  4.101218e-01  1.480119e-01  1.413211e+00  5.601125e-03  8.271982e-01  2.045348e-04  4.984644e-04  1.096359e-02  6.833239e+01  0.000000e+00  3.825247e+01  0.000000e+00  0.000000e+00  0.000000e+00
3.355206e+02  6.814808e+00  7.373430e+00  4.830870e-01  2.044941e-01  1.487652e+00  2.090883e-02  5.968249e-01  1.930283e-02  1.629788e-02  5.129433e-02  5.119519e+01  7.040008e-03  2.710149e+01  0.000000e+00  0.000000e+00  1.062887e-03
3.764603e+02  4.532283e+00  5.493036e+00  6.310719e-01  2.224725e-01  1.660146e+00  2.262862e-02  4.147930e-01  0.000000e+00  2.362265e-02  0.000000e+00  3.311904e+01  0.000000e+00  1.962728e+01  0.000000e+00  0.000000e+00  0.000000e+00
4.223954e+02  2.930952e+00  4.673386e+00  3.880038e-01  2.018790e-01  1.426482e+00  1.309067e-02  5.672176e-01  5.119722e-02  1.675327e-02  3.967181e-02  2.559502e+01  0.000000e+00  1.039253e+01  0.000000e+00  2.260480e-04  0.000000e+00
4.739354e+02  2.404745e+00  3.851863e+00  5.499117e-01  3.178726e-01  1.239803e+00  2.681049e-02  5.864125e-01  5.211884e-02  2.914452e-02  0.000000e+00  1.619742e+01  0.000000e+00  7.074803e+00  2.914452e-02  0.000000e+00  0.000000e+00
5.317643e+02  1.906939e+00  2.536050e+00  5.983950e-01  1.614797e-01  1.253634e+00  3.712473e-02  4.625737e-01  5.578672e-02  5.554057e-02  2.231210e-02  1.344894e+01  0.000000e+00  5.460089e+00  7.367732e-05  2.556474e-02  0.000000e+00
5.966493e+02  1.704384e+00  2.267238e+00  6.166549e-01  3.071389e-01  1.213231e+00  4.906964e-02  4.918754e-01  5.249861e-02  2.443526e-02  1.498104e-02  9.428013e+00  0.000000e+00  3.727688e+00  0.000000e+00  2.498240e-04  0.000000e+00
6.694516e+02  1.329791e+00  1.918075e+00  7.377194e-01  4.232177e-01  1.182462e+00  4.627076e-02  5.858048e-01  3.492753e-02  2.860040e-02  1.114697e-02  6.578997e+00  0.000000e+00  2.231523e+00  0.000000e+00  0.000000e+00  0.000000e+00
7.511370e+02  1.076993e+00  1.496683e+00  4.972216e-01  3.407386e-01  7.814983e-01  1.180166e-02  4.342607e-01  4.201472e-02  3.673055e-02  7.455786e-03  4.412342e+00  0.000000e+00  1.473508e+00  0.000000e+00  0.000000e+00  0.000000e+00
8.427896e+02  6.780609e-01  1.270421e+00  4.415580e-01  3.544348e-01  8.907542e-01  2.366537e-02  4.976219e-01  1.704016e-02  8.652521e-03  3.052068e-02  2.298899e+00  0.000000e+00  7.467457e-01  0.000000e+00  2.018151e-02  0.000000e+00
9.456255e+02  6.782807e-01  1.007173e+00  5.915388e-01  2.573968e-01  7.304322e-01  3.910836e-02  5.206046e-01  4.958057e-02  0.000000e+00  2.799144e-02  1.956850e+00  5.801399e-04  5.652487e-01  0.000000e+00  0.000000e+00  0.000000e+00
1.061009e+03  6.146645e-01  7.148786e-01  5.619985e-01  3.772144e-01  5.998777e-01  4.384763e-02  4.697311e-01  3.811970e-02  6.625702e-02  1.198179e-02  1.359734e+00  0.000000e+00  2.280822e-01  3.570084e-03  2.226246e-03  0.000000e+00
1.190472e+03  4.141837e-01  6.130517e-01  5.097360e-01  3.822815e-01  4.211686e-01  4.776067e-02  2.977157e-01  4.901874e-02  2.078747e-02  3.255813e-02  8.164999e-01  0.000000e+00  2.337073e-01  0.000000e+00  0.000000e+00  0.000000e+00
1.335731e+03  4.149976e-01  5.599414e-01  4.212530e-01  2.843381e-01  3.547647e-01  2.340809e-02  3.706407e-01  2.291984e-02  3.959967e-02  9.225016e-03  4.010550e-01  0.000000e+00  8.880202e-02  1.273367e-02  0.000000e+00  0.000000e+00
1.498715e+03  2.600670e-01  4.116254e-01  3.327733e-01  3.221154e-01  2.549412e-01  6.975873e-02  3.395408e-01  6.941108e-02  6.223325e-02  1.732215e-02  2.259509e-01  5.535308e-04  1.266750e-01  0.000000e+00  0.000000e+00  1.217028e-03
1.681586e+03  1.186531e-01  4.092659e-01  2.704291e-01  2.746425e-01  3.127806e-01  3.263576e-02  2.454388e-01  4.702351e-02  4.437990e-02  3.388998e-02  2.460264e-01  0.000000e+00  6.401747e-02  9.489274e-03  0.000000e+00  2.120738e-04
1.886771e+03  1.633653e-01  2.557309e-01  2.810734e-01  3.389820e-01  2.524506e-01  3.996776e-02  2.168391e-01  4.768222e-02  3.267037e-02  3.172150e-02  1.238439e-01  7.635640e-03  4.713339e-03  9.825602e-03  1.228743e-04  0.000000e+00
2.116992e+03  1.166143e-01  2.671693e-01  1.790386e-01  2.072239e-01  1.035478e-01  3.587583e-02  1.698106e-01  4.127887e-02  1.087846e-02  2.247448e-02  6.552998e-02  3.561226e-03  2.405896e-02  4.510251e-05  0.000000e+00  4.510251e-05
2.375304e+03  5.232836e-02  1.511938e-01  1.712488e-01  3.088067e-01  1.116945e-01  6.306781e-02  1.550993e-01  3.649188e-02  2.146503e-02  7.738778e-03  7.196219e-02  2.574941e-05  0.000000e+00  1.810648e-03  0.000000e+00  3.063753e-03
2.665135e+03  5.691308e-02  1.192870e-01  1.337360e-01  2.707183e-01  5.370020e-02  3.452819e-02  9.710224e-02  6.529411e-02  1.638270e-02  3.422607e-02  4.232271e-02  1.277660e-02  6.737791e-03  3.353837e-03  0.000000e+00  6.563006e-03
2.990330e+03  1.587430e-02  8.595987e-02  8.950174e-02  2.059386e-01  4.531893e-02  4.831010e-02  7.046100e-02  3.735659e-02  1.925492e-02  1.764094e-02  3.527793e-02  3.335587e-03  0.000000e+00  3.038957e-03  0.000000e+00  9.733298e-03
3.355206e+03  1.514036e-02  1.013117e-01  9.597529e-02  2.129371e-01  1.925259e-02  4.581998e-02  4.127727e-02  2.552537e-02  1.283288e-02  1.548733e-02  8.883434e-03  6.194078e-03  4.808076e-03  5.276586e-04  0.000000e+00  4.013483e-05
3.764603e+03  5.021049e-03  3.854565e-02  6.816765e-02  1.300963e-01  1.697831e-02  4.168231e-02  2.651709e-02  1.962472e-02  9.592313e-03  1.864483e-02  1.506581e-02  1.475247e-03  1.040720e-05  4.676938e-03  0.000000e+00  6.275041e-03
4.223954e+03  1.010153e-03  2.681486e-02  2.889851e-02  1.020066e-01  8.451789e-03  1.913964e-02  2.316302e-02  2.464945e-02  1.394756e-02  1.316815e-02  1.153963e-02  2.739901e-03  0.000000e+00  5.056398e-03  0.000000e+00  3.785206e-03
4.739354e+03  1.192362e-03  2.160727e-02  3.479883e-02  9.758955e-02  8.290234e-03  2.180750e-02  6.900848e-03  1.925401e-02  6.455730e-03  8.872716e-03  9.022779e-03  3.602947e-03  4.891714e-05  2.721150e-04  0.000000e+00  1.263611e-03
5.317643e+03  3.938950e-03  2.112014e-02  2.488798e-02  6.002486e-02  1.335829e-03  1.725063e-02  3.200852e-03  3.280884e-02  1.312938e-02  1.088857e-02  4.332217e-03  4.355946e-03  0.000000e+00  4.480490e-03  0.000000e+00  4.794635e-03
5.966493e+03  2.061521e-03  9.919733e-03  1.397239e-02  3.925768e-02  3.278573e-03  2.094975e-02  3.127124e-03  1.651289e-02  6.017232e-03  1.141103e-02  2.807212e-04  8.693090e-04  0.000000e+00  1.251992e-03  0.000000e+00  2.159189e-03
6.694516e+03  9.136235e-06  7.240575e-03  1.012641e-02  3.021760e-02  1.031806e-03  3.140538e-02  1.242893e-03  8.588982e-03  7.610839e-03  1.015593e-02  6.543942e-03  6.242034e-03  0.000000e+00  9.065342e-04  0.000000e+00  5.327054e-05
7.511370e+03  4.249095e-04  6.212287e-03  8.988904e-03  1.517176e-02  2.487387e-03  1.654875e-02  3.295974e-03  7.381350e-03  2.104540e-03  5.652578e-03  3.718799e-04  2.177862e-03  0.000000e+00  1.355041e-04  0.000000e+00  6.435129e-03
8.427896e+03  8.588342e-04  5.268045e-03  4.431056e-03  5.911812e-03  1.057570e-03  2.232498e-02  3.744452e-03  1.830266e-02  2.799600e-03  2.495445e-03  3.953943e-03  3.948277e-03  0.000000e+00  8.277895e-05  0.000000e+00  1.466427e-03
9.456255e+03  0.000000e+00  1.452409e-03  4.707959e-03  1.253907e-02  1.150390e-03  1.411312e-02  1.009719e-05  6.270376e-03  3.841483e-03  2.307004e-03  6.432426e-03  5.002721e-03  0.000000e+00  2.155169e-03  0.000000e+00  1.872203e-04
1.061009e+04  0.000000e+00  3.666804e-03  1.517469e-03  7.589067e-03  4.143526e-04  1.059771e-02  1.692412e-03  3.991183e-03  1.809089e-04  3.100322e-03  3.488976e-03  3.060264e-03  0.000000e+00  5.764574e-06  0.000000e+00  1.903377e-03
1.190472e+04  0.000000e+00  3.263243e-05  2.995623e-05  4.196069e-03  0.000000e+00  3.566462e-03  3.291045e-06  4.035083e-04  1.027536e-05  3.308564e-03  5.112701e-03  1.416712e-03  0.000000e+00  5.442038e-04  0.000000e+00  9.540092e-04
1.335731e+04  0.000000e+00  1.109316e-03  2.190397e-03  5.175417e-03  0.000000e+00  2.818122e-03  1.115923e-05  1.101675e-03  1.283267e-04  2.637998e-03  1.498463e-03  4.895924e-04  0.000000e+00  0.000000e+00  0.000000e+00  9.680689e-04
1.498715e+04  0.000000e+00  1.057383e-03  5.535308e-05  4.873899e-04  0.000000e+00  1.941692e-03  0.000000e+00  2.386532e-03  1.576062e-04  4.984269e-04  1.274180e-05  1.607653e-03  0.000000e+00  1.045190e-05  0.000000e+00  1.645806e-03
1.681586e+04  0.000000e+00  1.312906e-04  3.637200e-06  2.840896e-04  0.000000e+00  3.356652e-03  2.329881e-06  3.824636e-04  0.000000e+00  4.933348e-05  3.262366e-05  3.007147e-05  0.000000e+00  1.197393e-03  0.000000e+00  1.350968e-03
1.886771e+04  0.000000e+00  2.547482e-04  0.000000e+00  7.420540e-04  0.000000e+00  2.055524e-03  0.000000e+00  1.665870e-03  0.000000e+00  0.000000e+00  7.795417e-04  7.792875e-04  0.000000e+00  1.298063e-03  0.000000e+00  1.250591e-03
2.116992e+04  0.000000e+00  1.850691e-06  0.000000e+00  6.129177e-04  0.000000e+00  8.891687e-06  0.000000e+00  3.419080e-04  0.000000e+00  0.000000e+00  0.000000e+00  6.524646e-04  0.000000e+00  1.851793e-03  0.000000e+00  3.419080e-04
2.375304e+04  0.000000e+00  0.000000e+00  0.000000e+00  1.649430e-06  0.000000e+00  3.815151e-04  1.501368e-05  7.051399e-05  0.000000e+00  9.944276e-05  3.763067e-04  5.149882e-06  0.000000e+00  0.000000e+00  0.000000e+00  9.630919e-04
2.665135e+04  0.000000e+00  1.338095e-05  0.000000e+00  5.954348e-04  0.000000e+00  0.000000e+00  0.000000e+00  0.000000e+00  0.000000e+00  8.698834e-06  0.000000e+00  0.000000e+00  0.000000e+00  0.000000e+00  0.000000e+00  1.338095e-05
2.990330e+04  0.000000e+00  0.000000e+00  0.000000e+00  1.083257e-04  0.000000e+00  0.000000e+00  0.000000e+00  0.000000e+00  0.000000e+00  0.000000e+00  0.000000e+00  1.643370e-04  0.000000e+00  3.549223e-04  0.000000e+00  1.923321e-04
3.355206e+04  0.000000e+00  0.000000e+00  0.000000e+00  0.000000e+00  0.000000e+00  0.000000e+00  0.000000e+00  0.000000e+00  0.000000e+00  0.000000e+00  0.000000e+00  2.845776e-06  0.000000e+00  4.051739e-04  0.000000e+00  1.381946e-05
3.764603e+04  0.000000e+00  0.000000e+00  0.000000e+00  2.203646e-05  0.000000e+00  0.000000e+00  0.000000e+00  0.000000e+00  0.000000e+00  0.000000e+00  0.000000e+00  8.604618e-05  0.000000e+00  2.203646e-05  0.000000e+00  1.040720e-06
4.223954e+04  0.000000e+00  0.000000e+00  0.000000e+00  1.298771e-05  0.000000e+00  0.000000e+00  0.000000e+00  4.962779e-04  0.000000e+00  0.000000e+00  0.000000e+00  9.777674e-05  0.000000e+00  0.000000e+00  0.000000e+00  0.000000e+00
4.739354e+04  0.000000e+00  0.000000e+00  0.000000e+00  0.000000e+00  0.000000e+00  0.000000e+00  0.000000e+00  8.266731e-07  0.000000e+00  0.000000e+00  0.000000e+00  1.240199e-05  0.000000e+00  6.834891e-05  0.000000e+00  0.000000e+00
5.317643e+04  0.000000e+00  0.000000e+00  0.000000e+00  0.000000e+00  0.000000e+00  0.000000e+00  0.000000e+00  0.000000e+00  0.000000e+00  0.000000e+00  0.000000e+00  0.000000e+00  0.000000e+00  0.000000e+00  0.000000e+00  0.000000e+00
5.966493e+04  0.000000e+00  0.000000e+00  0.000000e+00  0.000000e+00  0.000000e+00  0.000000e+00  0.000000e+00  0.000000e+00  0.000000e+00  0.000000e+00  0.000000e+00  0.000000e+00  0.000000e+00  0.000000e+00  0.000000e+00  0.000000e+00
6.694516e+04  0.000000e+00  0.000000e+00  0.000000e+00  0.000000e+00  0.000000e+00  0.000000e+00  0.000000e+00  0.000000e+00  0.000000e+00  0.000000e+00  0.000000e+00  0.000000e+00  0.000000e+00  0.000000e+00  0.000000e+00  2.560455e-05
7.511370e+04  0.000000e+00  0.000000e+00  0.000000e+00  0.000000e+00  0.000000e+00  0.000000e+00  0.000000e+00  0.000000e+00  0.000000e+00  0.000000e+00  0.000000e+00  0.000000e+00  0.000000e+00  0.000000e+00  0.000000e+00  2.104540e-04
8.427896e+04  0.000000e+00  0.000000e+00  0.000000e+00  0.000000e+00  0.000000e+00  0.000000e+00  0.000000e+00  0.000000e+00  0.000000e+00  0.000000e+00  0.000000e+00  0.000000e+00  0.000000e+00  0.000000e+00  0.000000e+00  0.000000e+00
9.456255e+04  0.000000e+00  0.000000e+00  0.000000e+00  0.000000e+00  0.000000e+00  0.000000e+00  0.000000e+00  0.000000e+00  0.000000e+00  0.000000e+00  0.000000e+00  0.000000e+00  0.000000e+00  0.000000e+00  0.000000e+00  0.000000e+00
1.061009e+05  0.000000e+00  0.000000e+00  0.000000e+00  0.000000e+00  0.000000e+00  0.000000e+00  0.000000e+00  0.000000e+00  0.000000e+00  0.000000e+00  0.000000e+00  0.000000e+00  0.000000e+00  0.000000e+00  0.000000e+00  0.000000e+00
1.190472e+05  0.000000e+00  0.000000e+00  0.000000e+00  0.000000e+00  0.000000e+00  0.000000e+00  0.000000e+00  0.000000e+00  0.000000e+00  0.000000e+00  0.000000e+00  0.000000e+00  0.000000e+00  0.000000e+00  0.000000e+00  0.000000e+00
1.335731e+05  0.000000e+00  0.000000e+00  0.000000e+00  0.000000e+00  0.000000e+00  0.000000e+00  0.000000e+00  0.000000e+00  0.000000e+00  0.000000e+00  0.000000e+00  0.000000e+00  0.000000e+00  0.000000e+00  0.000000e+00  0.000000e+00
1.498715e+05  0.000000e+00  0.000000e+00  0.000000e+00  0.000000e+00  0.000000e+00  0.000000e+00  0.000000e+00  0.000000e+00  0.000000e+00  0.000000e+00  0.000000e+00  0.000000e+00  0.000000e+00  0.000000e+00  0.000000e+00  0.000000e+00
1.681586e+05  0.000000e+00  0.000000e+00  0.000000e+00  0.000000e+00  0.000000e+00  0.000000e+00  0.000000e+00  0.000000e+00  0.000000e+00  0.000000e+00  0.000000e+00  0.000000e+00  0.000000e+00  0.000000e+00  0.000000e+00  0.000000e+00
1.886771e+05  0.000000e+00  0.000000e+00  0.000000e+00  0.000000e+00  0.000000e+00  0.000000e+00  0.000000e+00  0.000000e+00  0.000000e+00  0.000000e+00  0.000000e+00  0.000000e+00  0.000000e+00  0.000000e+00  0.000000e+00  0.000000e+00
2.116992e+05  0.000000e+00  0.000000e+00  0.000000e+00  0.000000e+00  0.000000e+00  0.000000e+00  0.000000e+00  0.000000e+00  0.000000e+00  0.000000e+00  0.000000e+00  0.000000e+00  0.000000e+00  0.000000e+00  0.000000e+00  0.000000e+00
2.375304e+05  0.000000e+00  0.000000e+00  0.000000e+00  0.000000e+00  0.000000e+00  0.000000e+00  0.000000e+00  0.000000e+00  0.000000e+00  0.000000e+00  0.000000e+00  0.000000e+00  0.000000e+00  0.000000e+00  0.000000e+00  0.000000e+00
2.665135e+05  0.000000e+00  0.000000e+00  0.000000e+00  0.000000e+00  0.000000e+00  0.000000e+00  0.000000e+00  0.000000e+00  0.000000e+00  0.000000e+00  0.000000e+00  0.000000e+00  0.000000e+00  0.000000e+00  0.000000e+00  0.000000e+00
2.990330e+05  0.000000e+00  0.000000e+00  0.000000e+00  0.000000e+00  0.000000e+00  0.000000e+00  0.000000e+00  0.000000e+00  0.000000e+00  0.000000e+00  0.000000e+00  0.000000e+00  0.000000e+00  0.000000e+00  0.000000e+00  0.000000e+00
3.355206e+05  0.000000e+00  0.000000e+00  0.000000e+00  0.000000e+00  0.000000e+00  0.000000e+00  0.000000e+00  0.000000e+00  0.000000e+00  0.000000e+00  0.000000e+00  0.000000e+00  0.000000e+00  0.000000e+00  0.000000e+00  0.000000e+00
3.764603e+05  0.000000e+00  0.000000e+00  0.000000e+00  0.000000e+00  0.000000e+00  0.000000e+00  0.000000e+00  0.000000e+00  0.000000e+00  0.000000e+00  0.000000e+00  0.000000e+00  0.000000e+00  0.000000e+00  0.000000e+00  0.000000e+00
4.223954e+05  0.000000e+00  0.000000e+00  0.000000e+00  0.000000e+00  0.000000e+00  0.000000e+00  0.000000e+00  0.000000e+00  0.000000e+00  0.000000e+00  0.000000e+00  0.000000e+00  0.000000e+00  0.000000e+00  0.000000e+00  0.000000e+00
4.739354e+05  0.000000e+00  0.000000e+00  0.000000e+00  0.000000e+00  0.000000e+00  0.000000e+00  0.000000e+00  0.000000e+00  0.000000e+00  0.000000e+00  0.000000e+00  0.000000e+00  0.000000e+00  0.000000e+00  0.000000e+00  0.000000e+00
5.317643e+05  0.000000e+00  0.000000e+00  0.000000e+00  0.000000e+00  0.000000e+00  0.000000e+00  0.000000e+00  0.000000e+00  0.000000e+00  0.000000e+00  0.000000e+00  0.000000e+00  0.000000e+00  0.000000e+00  0.000000e+00  0.000000e+00
5.966493e+05  0.000000e+00  0.000000e+00  0.000000e+00  0.000000e+00  0.000000e+00  0.000000e+00  0.000000e+00  0.000000e+00  0.000000e+00  0.000000e+00  0.000000e+00  0.000000e+00  0.000000e+00  0.000000e+00  0.000000e+00  0.000000e+00
6.694516e+05  0.000000e+00  0.000000e+00  0.000000e+00  0.000000e+00  0.000000e+00  0.000000e+00  0.000000e+00  0.000000e+00  0.000000e+00  0.000000e+00  0.000000e+00  0.000000e+00  0.000000e+00  0.000000e+00  0.000000e+00  0.000000e+00
7.511370e+05  0.000000e+00  0.000000e+00  0.000000e+00  0.000000e+00  0.000000e+00  0.000000e+00  0.000000e+00  0.000000e+00  0.000000e+00  0.000000e+00  0.000000e+00  0.000000e+00  0.000000e+00  0.000000e+00  0.000000e+00  0.000000e+00
8.427896e+05  0.000000e+00  0.000000e+00  0.000000e+00  0.000000e+00  0.000000e+00  0.000000e+00  0.000000e+00  0.000000e+00  0.000000e+00  0.000000e+00  0.000000e+00  0.000000e+00  0.000000e+00  0.000000e+00  0.000000e+00  0.000000e+00
9.456255e+05  0.000000e+00  0.000000e+00  0.000000e+00  0.000000e+00  0.000000e+00  0.000000e+00  0.000000e+00  0.000000e+00  0.000000e+00  0.000000e+00  0.000000e+00  0.000000e+00  0.000000e+00  0.000000e+00  0.000000e+00  0.000000e+00
