# dR/dEr [1/keV/kg/Myr]
# Er [keV], S, F, Ne, Cl, Na, Si, O, P, N, C, Al, Mg, Be, B, Ar, Li
1.061009e+01  8.409916e+02  5.970164e+02  0.000000e+00  0.000000e+00  1.868116e+02  0.000000e+00  5.825103e+01  0.000000e+00  0.000000e+00  0.000000e+00  0.000000e+00  0.000000e+00  1.401159e+00  0.000000e+00  0.000000e+00  0.000000e+00
1.190472e+01  3.208156e+02  4.916440e+01  0.000000e+00  0.000000e+00  1.016115e+02  0.000000e+00  0.000000e+00  0.000000e+00  0.000000e+00  0.000000e+00  0.000000e+00  0.000000e+00  0.000000e+00  0.000000e+00  0.000000e+00  0.000000e+00
1.335731e+01  4.706039e+02  9.844910e+01  0.000000e+00  0.000000e+00  0.000000e+00  0.000000e+00  0.000000e+00  0.000000e+00  0.000000e+00  0.000000e+00  0.000000e+00  0.000000e+00  0.000000e+00  0.000000e+00  0.000000e+00  0.000000e+00
1.498715e+01  1.177779e+02  1.035123e+02  0.000000e+00  0.000000e+00  4.945075e+01  0.000000e+00  1.962664e+01  0.000000e+00  0.000000e+00  0.000000e+00  0.000000e+00  0.000000e+00  0.000000e+00  0.000000e+00  0.000000e+00  0.000000e+00
1.681586e+01  2.996954e+02  8.981198e+01  4.324718e+01  0.000000e+00  8.287072e+01  1.749226e+01  0.000000e+00  0.000000e+00  0.000000e+00  0.000000e+00  0.000000e+00  0.000000e+00  0.000000e+00  0.000000e+00  0.000000e+00  0.000000e+00
1.886771e+01  2.029910e+02  1.204134e+02  0.000000e+00  0.000000e+00  3.854409e+01  0.000000e+00  0.000000e+00  0.000000e+00  0.000000e+00  0.000000e+00  0.000000e+00  0.000000e+00  0.000000e+00  0.000000e+00  0.000000e+00  0.000000e+00
2.116992e+01  2.030392e+02  1.491975e+02  0.000000e+00  0.000000e+00  4.246489e+01  0.000000e+00  1.859524e+01  0.000000e+00  0.000000e+00  0.000000e+00  3.044722e+00  0.000000e+00  0.000000e+00  0.000000e+00  0.000000e+00  0.000000e+00
2.375304e+01  3.765663e+02  7.472962e+01  1.525322e+01  0.000000e+00  7.115942e+01  0.000000e+00  3.061666e+01  0.000000e+00  0.000000e+00  0.000000e+00  0.000000e+00  0.000000e+00  0.000000e+00  0.000000e+00  0.000000e+00  0.000000e+00
2.665135e+01  3.212482e+02  1.023740e+02  1.477072e+01  5.210724e-01  2.309751e+01  0.000000e+00  0.000000e+00  7.616105e+00  0.000000e+00  0.000000e+00  0.000000e+00  0.000000e+00  0.000000e+00  0.000000e+00  0.000000e+00  0.000000e+00
2.990330e+01  3.512436e+02  1.566002e+02  1.725787e+01  0.000000e+00  1.180542e+01  0.000000e+00  2.300104e+01  0.000000e+00  0.000000e+00  0.000000e+00  1.157038e+00  0.000000e+00  4.005518e+00  0.000000e+00  0.000000e+00  0.000000e+00
3.355206e+01  4.326405e+02  1.065673e+02  1.770612e+01  0.000000e+00  3.852634e+01  0.000000e+00  2.616524e+01  0.000000e+00  0.000000e+00  0.000000e+00  3.723666e+00  0.000000e+00  4.767192e+00  0.000000e+00  0.000000e+00  0.000000e+00
3.764603e+01  4.900058e+02  7.419531e+01  9.480081e-02  1.045687e+01  3.643396e+01  0.000000e+00  4.997618e-01  0.000000e+00  0.000000e+00  0.000000e+00  0.000000e+00  0.000000e+00  1.370245e-01  0.000000e+00  0.000000e+00  0.000000e+00
4.223954e+01  4.682771e+02  2.347305e+02  1.893244e+00  0.000000e+00  9.913266e+01  0.000000e+00  1.404971e+01  0.000000e+00  0.000000e+00  0.000000e+00  1.655919e+00  0.000000e+00  2.549293e+01  0.000000e+00  0.000000e+00  0.000000e+00
4.739354e+01  6.487628e+02  2.509662e+02  8.306187e+00  2.084116e+01  3.167437e+01  0.000000e+00  2.928164e+01  0.000000e+00  0.000000e+00  0.000000e+00  0.000000e+00  0.000000e+00  1.284211e+01  0.000000e+00  0.000000e+00  0.000000e+00
5.317643e+01  5.618218e+02  1.479313e+02  2.033733e+01  0.000000e+00  7.267930e+01  0.000000e+00  3.931641e+01  0.000000e+00  0.000000e+00  0.000000e+00  1.212126e+00  0.000000e+00  0.000000e+00  0.000000e+00  0.000000e+00  0.000000e+00
5.966493e+01  7.592206e+02  2.648341e+02  2.250599e+01  1.152783e+01  4.338052e+01  0.000000e+00  3.103311e+01  0.000000e+00  0.000000e+00  0.000000e+00  1.648964e+00  0.000000e+00  6.702376e-01  0.000000e+00  0.000000e+00  0.000000e+00
6.694516e+01  8.198987e+02  2.286513e+02  3.713126e+01  0.000000e+00  9.860467e+01  0.000000e+00  1.107064e+01  0.000000e+00  7.637778e-01  0.000000e+00  4.239603e+00  0.000000e+00  8.806564e+01  0.000000e+00  0.000000e+00  0.000000e+00
7.511370e+01  8.661042e+02  2.889137e+02  2.779300e+01  1.182506e+01  5.877039e+01  0.000000e+00  2.778630e+01  0.000000e+00  0.000000e+00  0.000000e+00  1.064649e+00  0.000000e+00  2.792988e+04  0.000000e+00  0.000000e+00  0.000000e+00
8.427896e+01  1.104420e+03  3.501631e+02  2.147752e+01  2.827614e+01  8.468858e+01  0.000000e+00  4.057407e+01  0.000000e+00  0.000000e+00  0.000000e+00  0.000000e+00  0.000000e+00  3.380289e+04  0.000000e+00  0.000000e+00  0.000000e+00
9.456255e+01  1.091792e+03  2.713293e+02  2.368513e+01  1.485046e+01  7.137708e+01  0.000000e+00  1.402747e+01  0.000000e+00  5.587784e-01  0.000000e+00  1.806508e-02  0.000000e+00  2.549990e+04  0.000000e+00  0.000000e+00  0.000000e+00
1.061009e+02  1.304089e+03  3.539111e+02  2.154209e+01  4.880030e+00  1.035509e+02  0.000000e+00  2.409898e+01  0.000000e+00  0.000000e+00  9.272807e-01  7.757932e+00  0.000000e+00  1.966251e+04  0.000000e+00  0.000000e+00  0.000000e+00
1.190472e+02  1.398476e+03  4.476002e+02  4.707747e+01  7.709483e+00  8.823321e+01  0.000000e+00  1.107726e+01  0.000000e+00  2.470847e+00  2.384104e+00  1.744491e+04  0.000000e+00  1.438356e+04  0.000000e+00  5.621774e-01  0.000000e+00
1.335731e+02  1.583058e+03  4.998867e+02  3.002079e+01  2.671850e-02  1.208265e+02  0.000000e+00  1.605786e+01  0.000000e+00  0.000000e+00  0.000000e+00  1.439852e+04  0.000000e+00  1.055412e+04  0.000000e+00  0.000000e+00  0.000000e+00
1.498715e+02  3.893780e+03  5.698250e+02  2.582694e+01  7.300233e+00  7.401305e+01  0.000000e+00  2.580581e+01  0.000000e+00  4.050862e+00  1.403954e+00  1.079836e+04  0.000000e+00  7.939906e+03  0.000000e+00  0.000000e+00  0.000000e+00
1.681586e+02  5.609765e+03  5.717039e+02  3.116194e+01  8.287072e+00  6.014060e+01  1.015874e-02  3.513313e+01  0.000000e+00  1.072201e+00  0.000000e+00  8.022273e+03  0.000000e+00  5.721971e+03  0.000000e+00  0.000000e+00  0.000000e+00
1.886771e+02  3.250984e+03  6.814743e+02  2.331476e+01  8.410058e+00  1.277682e+02  3.645419e+00  3.246677e+01  2.678219e+00  2.678219e+00  0.000000e+00  6.045759e+03  0.000000e+00  4.283163e+03  0.000000e+00  0.000000e+00  0.000000e+00
2.116992e+02  1.409044e+03  8.403508e+02  3.003626e+01  1.898623e+01  5.104645e+01  2.386965e+00  3.157480e+01  0.000000e+00  0.000000e+00  8.069374e-03  4.666972e+03  0.000000e+00  2.788158e+03  0.000000e+00  1.685823e-02  0.000000e+00
2.375304e+02  1.014608e+03  4.419916e+03  4.894223e+01  1.705654e+01  7.813248e+01  9.342806e-01  3.167485e+01  4.180075e+00  0.000000e+00  1.238357e+00  3.466462e+03  0.000000e+00  2.024323e+03  0.000000e+00  2.802674e+00  0.000000e+00
2.665135e+02  8.333363e+02  3.681728e+03  5.075420e+01  9.758955e+00  1.114355e+02  2.229068e+00  2.510114e+01  0.000000e+00  1.896034e+00  6.486227e-01  2.576579e+03  0.000000e+00  1.485066e+03  0.000000e+00  0.000000e+00  0.000000e+00
2.990330e+02  5.038555e+02  5.514085e+02  2.651910e+01  1.029319e+01  9.036967e+01  1.037691e-01  4.557734e+01  8.257070e-03  1.725036e-02  1.767012e-01  1.960507e+03  0.000000e+00  1.108909e+03  0.000000e+00  0.000000e+00  0.000000e+00
3.355206e+02  4.371218e+02  4.873805e+02  3.116084e+01  1.335304e+01  9.464209e+01  1.506073e+00  3.349477e+01  1.322840e+00  1.173280e+00  8.873023e-01  1.433902e+03  1.191870e-01  7.268739e+02  0.000000e+00  0.000000e+00  3.049293e-02
3.764603e+02  2.931579e+02  3.579074e+02  3.916072e+01  8.372315e+00  1.052905e+02  3.707170e-01  2.470447e+01  0.000000e+00  1.578059e+00  0.000000e+00  9.862955e+02  0.000000e+00  5.287555e+02  0.000000e+00  0.000000e+00  0.000000e+00
4.223954e+02  1.883555e+02  2.957921e+02  2.437741e+01  1.166555e+01  8.944724e+01  9.378151e-01  3.636585e+01  2.649777e+00  1.202162e+00  6.803810e-01  7.405754e+02  0.000000e+00  3.024288e+02  0.000000e+00  8.449131e-03  0.000000e+00
4.739354e+02  1.414839e+02  2.360058e+02  3.568948e+01  2.185507e+01  7.306144e+01  1.038211e+00  3.231203e+01  1.774950e+00  4.282851e-01  0.000000e+00  4.472347e+02  0.000000e+00  2.096741e+02  4.282851e-01  0.000000e+00  0.000000e+00
5.317643e+02  1.085659e+02  1.541601e+02  3.641832e+01  9.628630e+00  8.124818e+01  2.514690e+00  2.991141e+01  2.427345e+00  2.489595e+00  1.097596e+00  3.667474e+02  0.000000e+00  1.617764e+02  3.212476e-03  1.251908e+00  0.000000e+00
5.966493e+02  9.642260e+01  1.299375e+02  3.679364e+01  1.635695e+01  8.004430e+01  1.761586e+00  2.844171e+01  2.787255e+00  1.717130e+00  2.007514e-01  2.767500e+02  0.000000e+00  1.050040e+02  0.000000e+00  8.645660e-03  0.000000e+00
6.694516e+02  7.282231e+01  1.095648e+02  4.618095e+01  2.476937e+01  7.610358e+01  1.940314e+00  3.742104e+01  2.192606e+00  1.973728e+00  5.157634e-01  1.870948e+02  0.000000e+00  5.458402e+01  0.000000e+00  0.000000e+00  0.000000e+00
7.511370e+02  5.988352e+01  8.525714e+01  3.272960e+01  1.963744e+01  5.161027e+01  6.594436e-01  2.788084e+01  2.815531e+00  1.411664e+00  3.486843e-01  1.169103e+02  0.000000e+00  4.090024e+01  0.000000e+00  0.000000e+00  0.000000e+00
8.427896e+02  3.734232e+01  6.941013e+01  2.686000e+01  2.354493e+01  5.448829e+01  1.679002e+00  3.147230e+01  1.171984e+00  5.100306e-01  4.318612e-01  6.504479e+01  0.000000e+00  2.076191e+01  0.000000e+00  3.821981e-01  0.000000e+00
9.456255e+02  3.513348e+01  5.913092e+01  3.632043e+01  1.409292e+01  4.698013e+01  1.779206e+00  3.198942e+01  3.464097e+00  0.000000e+00  1.492472e+00  5.008306e+01  1.468582e-02  1.622587e+01  0.000000e+00  0.000000e+00  0.000000e+00
1.061009e+03  3.217329e+01  4.031413e+01  3.357096e+01  2.275564e+01  3.722511e+01  2.362287e+00  3.066857e+01  2.569412e+00  2.867507e+00  1.748965e-01  3.875536e+01  0.000000e+00  4.798605e+00  6.127987e-02  3.769023e-02  0.000000e+00
1.190472e+03  2.200056e+01  3.559044e+01  3.066628e+01  2.340289e+01  2.926526e+01  1.899746e+00  1.805051e+01  2.940910e+00  1.329914e+00  4.773256e-01  2.359902e+01  0.000000e+00  6.594573e+00  0.000000e+00  0.000000e+00  0.000000e+00
1.335731e+03  2.034726e+01  3.070164e+01  2.506665e+01  1.819931e+01  2.374375e+01  1.000800e+00  2.415482e+01  9.708347e-01  2.011418e+00  3.782524e-01  1.101288e+01  0.000000e+00  1.991475e+00  2.411507e-01  0.000000e+00  0.000000e+00
1.498715e+03  1.321089e+01  2.310200e+01  2.109254e+01  1.891894e+01  1.615736e+01  2.920228e+00  2.070751e+01  3.333403e+00  2.599040e+00  5.242971e-01  7.554745e+00  1.255345e-02  3.710311e+00  0.000000e+00  0.000000e+00  2.414655e-02
1.681586e+03  5.254009e+00  2.007846e+01  1.563565e+01  1.616809e+01  1.790348e+01  1.864531e+00  1.629195e+01  2.352577e+00  1.888424e+00  7.617477e-01  6.045835e+00  0.000000e+00  2.869735e+00  1.500329e-01  0.000000e+00  6.084140e-03
1.886771e+03  6.503595e+00  1.255085e+01  1.571879e+01  2.171757e+01  1.442893e+01  1.745978e+00  1.456760e+01  2.196537e+00  1.468516e+00  9.277833e-01  3.353177e+00  2.721252e-01  3.148642e-01  1.368228e-01  3.939648e-03  0.000000e+00
2.116992e+03  5.990306e+00  1.286637e+01  1.043813e+01  1.307154e+01  5.936560e+00  1.443183e+00  1.049068e+01  2.036637e+00  4.923097e-01  7.273285e-01  1.290054e+00  1.352752e-01  5.038032e-01  1.685823e-03  0.000000e+00  1.685823e-03
2.375304e+03  2.350269e+00  7.924839e+00  9.102276e+00  1.828361e+01  5.728412e+00  2.317195e+00  9.524075e+00  1.849568e+00  1.188561e+00  3.156547e-01  2.183558e+00  1.039503e-03  0.000000e+00  2.713611e-02  0.000000e+00  4.213929e-02
2.665135e+03  2.229947e+00  5.085662e+00  7.195411e+00  1.481484e+01  2.808830e+00  1.771704e+00  6.056428e+00  3.265580e+00  5.758776e-01  1.145355e+00  8.658158e-01  2.320802e-01  1.850464e-01  4.494265e-02  0.000000e+00  1.135533e-01
2.990330e+03  4.124990e-01  3.443309e+00  4.427935e+00  1.093718e+01  2.377129e+00  2.065664e+00  4.093864e+00  2.273189e+00  3.564370e-01  3.342714e-01  6.321224e-01  5.205544e-02  0.000000e+00  4.178021e-02  0.000000e+00  1.544465e-01
3.355206e+03  3.956768e-01  3.946360e+00  3.369208e+00  1.144333e+01  6.766605e-01  2.270540e+00  2.828809e+00  1.486172e+00  4.441126e-01  4.847462e-01  1.329165e-01  1.544726e-01  1.196815e-01  1.031211e-02  0.000000e+00  1.572826e-03
3.764603e+03  2.004855e-01  1.615900e+00  2.515597e+00  7.121598e+00  4.564495e-01  1.557558e+00  1.502249e+00  1.061583e+00  2.762054e-01  4.400412e-01  2.723551e-01  2.624272e-02  4.537742e-04  1.019047e-01  0.000000e+00  9.389382e-02
4.223954e+03  1.898406e-02  1.297545e+00  8.469436e-01  5.812534e+00  1.467586e-01  8.079974e-01  1.525426e+00  1.122235e+00  3.115813e-01  3.003628e-01  2.034206e-01  4.359655e-02  0.000000e+00  1.156252e-01  0.000000e+00  5.502567e-02
4.739354e+03  1.687355e-02  7.530285e-01  1.256971e+00  5.151471e+00  1.950982e-01  1.050246e+00  2.739793e-01  6.438879e-01  1.216798e-01  1.629303e-01  1.404334e-01  5.782704e-02  1.568402e-03  5.842309e-03  0.000000e+00  2.372496e-02
5.317643e+03  1.091531e-01  5.659211e-01  7.252975e-01  3.170318e+00  2.343478e-02  6.792567e-01  5.577789e-02  1.223452e+00  4.232693e-01  2.080881e-01  6.800391e-02  1.055705e-01  0.000000e+00  6.579510e-02  0.000000e+00  1.493691e-01
5.966493e+03  2.947254e-02  2.912371e-01  2.318317e-01  1.557187e+00  9.393737e-02  8.233386e-01  7.508577e-02  3.514059e-01  1.716302e-01  2.829032e-01  5.200773e-03  1.514607e-02  0.000000e+00  1.773547e-02  0.000000e+00  3.158677e-02
6.694516e+03  3.688298e-04  1.761372e-01  2.403133e-01  1.052799e+00  1.690540e-02  1.126790e+00  2.045080e-02  2.852532e-01  1.293076e-01  2.367787e-01  9.662545e-02  2.082238e-01  0.000000e+00  1.384266e-02  0.000000e+00  1.528267e-03
7.511370e+03  7.828629e-03  1.072545e-01  2.220352e-01  8.506220e-01  4.701445e-02  5.565464e-01  4.770530e-02  2.042081e-01  3.290144e-02  1.363009e-01  8.845878e-03  3.028406e-02  0.000000e+00  3.418917e-03  0.000000e+00  1.135283e-01
8.427896e+03  1.167377e-02  7.728111e-02  1.267410e-01  1.284435e-01  1.535564e-02  5.999042e-01  1.257232e-01  3.579950e-01  4.264499e-02  3.643340e-02  6.735273e-02  6.448206e-02  0.000000e+00  2.259841e-03  0.000000e+00  2.431258e-02
9.456255e+03  0.000000e+00  2.199995e-02  1.142306e-01  3.247825e-01  1.612362e-02  4.310986e-01  3.774088e-04  1.409811e-01  6.081953e-02  3.567328e-02  1.432684e-01  8.328730e-02  0.000000e+00  3.391754e-02  0.000000e+00  3.658875e-03
1.061009e+04  0.000000e+00  8.240563e-02  6.882036e-02  1.747913e-01  6.411385e-03  2.604374e-01  2.598772e-02  9.043336e-02  3.747157e-03  6.266226e-02  4.912374e-02  5.004253e-02  0.000000e+00  2.327158e-04  0.000000e+00  3.108029e-02
1.190472e+04  0.000000e+00  1.131587e-03  8.594077e-04  9.734039e-02  0.000000e+00  7.505828e-02  1.434960e-04  8.405601e-03  4.148164e-04  5.176797e-02  1.981347e-01  3.057767e-02  0.000000e+00  8.590077e-03  0.000000e+00  1.608598e-02
1.335731e+04  0.000000e+00  1.614706e-02  6.273603e-02  9.809188e-02  0.000000e+00  1.242856e-01  3.861874e-04  1.609464e-02  2.450991e-03  3.674161e-02  2.137056e-02  7.947196e-03  0.000000e+00  0.000000e+00  0.000000e+00  1.512850e-02
1.498715e+04  0.000000e+00  1.660377e-02  1.255345e-03  8.332732e-03  0.000000e+00  3.670579e-02  0.000000e+00  6.641339e-02  2.668264e-03  7.060617e-03  4.762577e-04  7.854006e-02  0.000000e+00  4.028791e-04  0.000000e+00  3.048314e-02
1.681586e+04  0.000000e+00  3.063499e-03  1.468338e-04  4.794106e-03  0.000000e+00  6.808934e-02  1.015874e-04  6.023493e-03  0.000000e+00  1.118827e-03  8.258441e-04  9.151736e-04  0.000000e+00  1.761910e-02  0.000000e+00  2.149909e-02
1.886771e+04  0.000000e+00  4.231883e-03  0.000000e+00  1.112197e-02  0.000000e+00  4.703004e-02  0.000000e+00  2.869710e-02  0.000000e+00  0.000000e+00  1.082293e-02  1.188606e-02  0.000000e+00  2.274920e-02  0.000000e+00  1.883179e-02
2.116992e+04  0.000000e+00  8.069374e-05  0.000000e+00  9.012708e-03  0.000000e+00  3.243615e-04  0.000000e+00  4.647412e-03  0.000000e+00  0.000000e+00  0.000000e+00  9.588108e-03  0.000000e+00  3.903856e-02  0.000000e+00  4.647412e-03
2.375304e+04  0.000000e+00  0.000000e+00  0.000000e+00  7.191837e-05  0.000000e+00  5.665555e-03  4.307241e-04  1.306375e-03  0.000000e+00  1.683561e-03  5.042648e-03  2.079007e-04  0.000000e+00  0.000000e+00  0.000000e+00  1.521971e-02
2.665135e+04  0.000000e+00  3.838833e-04  0.000000e+00  9.365532e-03  0.000000e+00  0.000000e+00  0.000000e+00  0.000000e+00  0.000000e+00  2.789057e-04  0.000000e+00  0.000000e+00  0.000000e+00  0.000000e+00  0.000000e+00  3.838833e-04
2.990330e+04  0.000000e+00  0.000000e+00  0.000000e+00  1.709886e-03  0.000000e+00  0.000000e+00  0.000000e+00  0.000000e+00  0.000000e+00  0.000000e+00  0.000000e+00  2.747576e-03  0.000000e+00  5.043209e-03  0.000000e+00  2.813975e-03
3.355206e+04  0.000000e+00  0.000000e+00  0.000000e+00  0.000000e+00  0.000000e+00  0.000000e+00  0.000000e+00  0.000000e+00  0.000000e+00  0.000000e+00  0.000000e+00  1.063683e-04  0.000000e+00  1.984141e-02  0.000000e+00  4.430854e-04
3.764603e+04  0.000000e+00  0.000000e+00  0.000000e+00  4.997618e-04  0.000000e+00  0.000000e+00  0.000000e+00  0.000000e+00  0.000000e+00  0.000000e+00  0.000000e+00  1.358210e-03  0.000000e+00  4.997618e-04  0.000000e+00  4.537742e-05
4.223954e+04  0.000000e+00  0.000000e+00  0.000000e+00  3.287745e-04  0.000000e+00  0.000000e+00  0.000000e+00  8.245294e-03  0.000000e+00  0.000000e+00  0.000000e+00  1.714375e-03  0.000000e+00  0.000000e+00  0.000000e+00  0.000000e+00
4.739354e+04  0.000000e+00  0.000000e+00  0.000000e+00  0.000000e+00  0.000000e+00  0.000000e+00  0.000000e+00  3.604457e-05  0.000000e+00  0.000000e+00  0.000000e+00  3.290651e-04  0.000000e+00  1.078865e-03  0.000000e+00  0.000000e+00
5.317643e+04  0.000000e+00  0.000000e+00  0.000000e+00  0.000000e+00  0.000000e+00  0.000000e+00  0.000000e+00  0.000000e+00  0.000000e+00  0.000000e+00  0.000000e+00  0.000000e+00  0.000000e+00  0.000000e+00  0.000000e+00  0.000000e+00
5.966493e+04  0.000000e+00  0.000000e+00  0.000000e+00  0.000000e+00  0.000000e+00  0.000000e+00  0.000000e+00  0.000000e+00  0.000000e+00  0.000000e+00  0.000000e+00  0.000000e+00  0.000000e+00  0.000000e+00  0.000000e+00  0.000000e+00
6.694516e+04  0.000000e+00  0.000000e+00  0.000000e+00  0.000000e+00  0.000000e+00  0.000000e+00  0.000000e+00  0.000000e+00  0.000000e+00  0.000000e+00  0.000000e+00  0.000000e+00  0.000000e+00  0.000000e+00  0.000000e+00  4.890370e-04
7.511370e+04  0.000000e+00  0.000000e+00  0.000000e+00  0.000000e+00  0.000000e+00  0.000000e+00  0.000000e+00  0.000000e+00  0.000000e+00  0.000000e+00  0.000000e+00  0.000000e+00  0.000000e+00  0.000000e+00  0.000000e+00  3.290144e-03
8.427896e+04  0.000000e+00  0.000000e+00  0.000000e+00  0.000000e+00  0.000000e+00  0.000000e+00  0.000000e+00  0.000000e+00  0.000000e+00  0.000000e+00  0.000000e+00  0.000000e+00  0.000000e+00  0.000000e+00  0.000000e+00  0.000000e+00
9.456255e+04  0.000000e+00  0.000000e+00  0.000000e+00  0.000000e+00  0.000000e+00  0.000000e+00  0.000000e+00  0.000000e+00  0.000000e+00  0.000000e+00  0.000000e+00  0.000000e+00  0.000000e+00  0.000000e+00  0.000000e+00  0.000000e+00
1.061009e+05  0.000000e+00  0.000000e+00  0.000000e+00  0.000000e+00  0.000000e+00  0.000000e+00  0.000000e+00  0.000000e+00  0.000000e+00  0.000000e+00  0.000000e+00  0.000000e+00  0.000000e+00  0.000000e+00  0.000000e+00  0.000000e+00
1.190472e+05  0.000000e+00  0.000000e+00  0.000000e+00  0.000000e+00  0.000000e+00  0.000000e+00  0.000000e+00  0.000000e+00  0.000000e+00  0.000000e+00  0.000000e+00  0.000000e+00  0.000000e+00  0.000000e+00  0.000000e+00  0.000000e+00
1.335731e+05  0.000000e+00  0.000000e+00  0.000000e+00  0.000000e+00  0.000000e+00  0.000000e+00  0.000000e+00  0.000000e+00  0.000000e+00  0.000000e+00  0.000000e+00  0.000000e+00  0.000000e+00  0.000000e+00  0.000000e+00  0.000000e+00
1.498715e+05  0.000000e+00  0.000000e+00  0.000000e+00  0.000000e+00  0.000000e+00  0.000000e+00  0.000000e+00  0.000000e+00  0.000000e+00  0.000000e+00  0.000000e+00  0.000000e+00  0.000000e+00  0.000000e+00  0.000000e+00  0.000000e+00
1.681586e+05  0.000000e+00  0.000000e+00  0.000000e+00  0.000000e+00  0.000000e+00  0.000000e+00  0.000000e+00  0.000000e+00  0.000000e+00  0.000000e+00  0.000000e+00  0.000000e+00  0.000000e+00  0.000000e+00  0.000000e+00  0.000000e+00
1.886771e+05  0.000000e+00  0.000000e+00  0.000000e+00  0.000000e+00  0.000000e+00  0.000000e+00  0.000000e+00  0.000000e+00  0.000000e+00  0.000000e+00  0.000000e+00  0.000000e+00  0.000000e+00  0.000000e+00  0.000000e+00  0.000000e+00
2.116992e+05  0.000000e+00  0.000000e+00  0.000000e+00  0.000000e+00  0.000000e+00  0.000000e+00  0.000000e+00  0.000000e+00  0.000000e+00  0.000000e+00  0.000000e+00  0.000000e+00  0.000000e+00  0.000000e+00  0.000000e+00  0.000000e+00
2.375304e+05  0.000000e+00  0.000000e+00  0.000000e+00  0.000000e+00  0.000000e+00  0.000000e+00  0.000000e+00  0.000000e+00  0.000000e+00  0.000000e+00  0.000000e+00  0.000000e+00  0.000000e+00  0.000000e+00  0.000000e+00  0.000000e+00
2.665135e+05  0.000000e+00  0.000000e+00  0.000000e+00  0.000000e+00  0.000000e+00  0.000000e+00  0.000000e+00  0.000000e+00  0.000000e+00  0.000000e+00  0.000000e+00  0.000000e+00  0.000000e+00  0.000000e+00  0.000000e+00  0.000000e+00
2.990330e+05  0.000000e+00  0.000000e+00  0.000000e+00  0.000000e+00  0.000000e+00  0.000000e+00  0.000000e+00  0.000000e+00  0.000000e+00  0.000000e+00  0.000000e+00  0.000000e+00  0.000000e+00  0.000000e+00  0.000000e+00  0.000000e+00
3.355206e+05  0.000000e+00  0.000000e+00  0.000000e+00  0.000000e+00  0.000000e+00  0.000000e+00  0.000000e+00  0.000000e+00  0.000000e+00  0.000000e+00  0.000000e+00  0.000000e+00  0.000000e+00  0.000000e+00  0.000000e+00  0.000000e+00
3.764603e+05  0.000000e+00  0.000000e+00  0.000000e+00  0.000000e+00  0.000000e+00  0.000000e+00  0.000000e+00  0.000000e+00  0.000000e+00  0.000000e+00  0.000000e+00  0.000000e+00  0.000000e+00  0.000000e+00  0.000000e+00  0.000000e+00
4.223954e+05  0.000000e+00  0.000000e+00  0.000000e+00  0.000000e+00  0.000000e+00  0.000000e+00  0.000000e+00  0.000000e+00  0.000000e+00  0.000000e+00  0.000000e+00  0.000000e+00  0.000000e+00  0.000000e+00  0.000000e+00  0.000000e+00
4.739354e+05  0.000000e+00  0.000000e+00  0.000000e+00  0.000000e+00  0.000000e+00  0.000000e+00  0.000000e+00  0.000000e+00  0.000000e+00  0.000000e+00  0.000000e+00  0.000000e+00  0.000000e+00  0.000000e+00  0.000000e+00  0.000000e+00
5.317643e+05  0.000000e+00  0.000000e+00  0.000000e+00  0.000000e+00  0.000000e+00  0.000000e+00  0.000000e+00  0.000000e+00  0.000000e+00  0.000000e+00  0.000000e+00  0.000000e+00  0.000000e+00  0.000000e+00  0.000000e+00  0.000000e+00
5.966493e+05  0.000000e+00  0.000000e+00  0.000000e+00  0.000000e+00  0.000000e+00  0.000000e+00  0.000000e+00  0.000000e+00  0.000000e+00  0.000000e+00  0.000000e+00  0.000000e+00  0.000000e+00  0.000000e+00  0.000000e+00  0.000000e+00
6.694516e+05  0.000000e+00  0.000000e+00  0.000000e+00  0.000000e+00  0.000000e+00  0.000000e+00  0.000000e+00  0.000000e+00  0.000000e+00  0.000000e+00  0.000000e+00  0.000000e+00  0.000000e+00  0.000000e+00  0.000000e+00  0.000000e+00
7.511370e+05  0.000000e+00  0.000000e+00  0.000000e+00  0.000000e+00  0.000000e+00  0.000000e+00  0.000000e+00  0.000000e+00  0.000000e+00  0.000000e+00  0.000000e+00  0.000000e+00  0.000000e+00  0.000000e+00  0.000000e+00  0.000000e+00
8.427896e+05  0.000000e+00  0.000000e+00  0.000000e+00  0.000000e+00  0.000000e+00  0.000000e+00  0.000000e+00  0.000000e+00  0.000000e+00  0.000000e+00  0.000000e+00  0.000000e+00  0.000000e+00  0.000000e+00  0.000000e+00  0.000000e+00
9.456255e+05  0.000000e+00  0.000000e+00  0.000000e+00  0.000000e+00  0.000000e+00  0.000000e+00  0.000000e+00  0.000000e+00  0.000000e+00  0.000000e+00  0.000000e+00  0.000000e+00  0.000000e+00  0.000000e+00  0.000000e+00  0.000000e+00
