# dR/dEr [1/keV/kg/Myr]
# Er [keV], S, F, Ne, Cl, Na, Si, O, P, N, C, Al, Mg, Be, B, Ar, Li
1.061009e+01  1.822578e+01  1.379692e+01  0.000000e+00  0.000000e+00  5.108105e+00  0.000000e+00  1.214975e+00  0.000000e+00  0.000000e+00  0.000000e+00  0.000000e+00  0.000000e+00  4.756593e-02  0.000000e+00  0.000000e+00  0.000000e+00
1.190472e+01  6.803803e+00  1.428299e+00  0.000000e+00  0.000000e+00  2.167469e+00  0.000000e+00  0.000000e+00  0.000000e+00  0.000000e+00  0.000000e+00  0.000000e+00  0.000000e+00  0.000000e+00  0.000000e+00  0.000000e+00  0.000000e+00
1.335731e+01  9.917712e+00  2.035850e+00  0.000000e+00  0.000000e+00  0.000000e+00  0.000000e+00  0.000000e+00  0.000000e+00  0.000000e+00  0.000000e+00  0.000000e+00  0.000000e+00  0.000000e+00  0.000000e+00  0.000000e+00  0.000000e+00
1.498715e+01  2.509580e+00  2.767691e+00  0.000000e+00  0.000000e+00  1.045886e+00  0.000000e+00  4.153158e-01  0.000000e+00  0.000000e+00  0.000000e+00  0.000000e+00  0.000000e+00  0.000000e+00  0.000000e+00  0.000000e+00  0.000000e+00
1.681586e+01  6.204803e+00  2.900208e+00  8.961769e-01  0.000000e+00  1.753909e+00  3.701506e-01  0.000000e+00  0.000000e+00  0.000000e+00  0.000000e+00  0.000000e+00  0.000000e+00  0.000000e+00  0.000000e+00  0.000000e+00  0.000000e+00
1.886771e+01  4.246657e+00  3.271862e+00  0.000000e+00  0.000000e+00  7.987185e-01  0.000000e+00  0.000000e+00  0.000000e+00  0.000000e+00  0.000000e+00  0.000000e+00  0.000000e+00  0.000000e+00  0.000000e+00  0.000000e+00  0.000000e+00
2.116992e+01  4.311156e+00  3.619440e+00  0.000000e+00  0.000000e+00  8.659275e-01  0.000000e+00  3.798985e-01  0.000000e+00  0.000000e+00  0.000000e+00  2.375962e-01  0.000000e+00  0.000000e+00  0.000000e+00  0.000000e+00  0.000000e+00
2.375304e+01  7.964178e+00  1.562206e+00  9.608262e-01  0.000000e+00  2.040533e+00  0.000000e+00  6.344447e-01  0.000000e+00  0.000000e+00  0.000000e+00  0.000000e+00  0.000000e+00  0.000000e+00  0.000000e+00  0.000000e+00  0.000000e+00
2.665135e+01  6.951073e+00  3.339222e+00  3.017641e-01  2.269536e-02  4.811469e-01  0.000000e+00  0.000000e+00  6.636978e-01  0.000000e+00  0.000000e+00  0.000000e+00  0.000000e+00  0.000000e+00  0.000000e+00  0.000000e+00  0.000000e+00
2.990330e+01  7.878478e+00  3.591575e+00  3.680261e-01  0.000000e+00  5.094322e-01  0.000000e+00  4.770985e-01  0.000000e+00  0.000000e+00  0.000000e+00  6.694640e-02  0.000000e+00  3.643716e-01  0.000000e+00  0.000000e+00  0.000000e+00
3.355206e+01  1.004756e+01  2.707064e+00  3.868583e-01  0.000000e+00  7.860631e-01  0.000000e+00  1.042698e+00  0.000000e+00  0.000000e+00  0.000000e+00  3.296006e-01  0.000000e+00  3.610690e-01  0.000000e+00  0.000000e+00  0.000000e+00
3.764603e+01  1.127529e+01  2.047177e+00  2.791029e-03  2.136326e-01  1.366638e+00  0.000000e+00  2.447533e-02  0.000000e+00  0.000000e+00  0.000000e+00  0.000000e+00  0.000000e+00  4.326236e-03  0.000000e+00  0.000000e+00  0.000000e+00
4.223954e+01  1.016940e+01  5.116785e+00  1.589578e-01  0.000000e+00  2.432847e+00  0.000000e+00  2.985750e-01  0.000000e+00  0.000000e+00  0.000000e+00  1.103233e-01  0.000000e+00  1.802630e+00  0.000000e+00  0.000000e+00  0.000000e+00
4.739354e+01  1.414280e+01  5.584592e+00  1.696944e-01  4.435691e-01  6.622269e-01  0.000000e+00  6.111044e-01  0.000000e+00  0.000000e+00  0.000000e+00  0.000000e+00  0.000000e+00  6.297893e-01  0.000000e+00  0.000000e+00  0.000000e+00
5.317643e+01  1.247912e+01  3.122604e+00  4.195325e-01  0.000000e+00  1.693049e+00  0.000000e+00  8.119175e-01  0.000000e+00  0.000000e+00  0.000000e+00  9.458874e-02  0.000000e+00  0.000000e+00  0.000000e+00  0.000000e+00  0.000000e+00
5.966493e+01  1.656147e+01  5.913729e+00  4.674974e-01  2.391157e-01  1.195157e+00  0.000000e+00  8.962623e-01  0.000000e+00  0.000000e+00  0.000000e+00  1.458170e-01  0.000000e+00  4.525526e-02  0.000000e+00  0.000000e+00  0.000000e+00
6.694516e+01  1.809700e+01  4.964428e+00  7.845038e-01  0.000000e+00  2.292611e+00  0.000000e+00  2.341446e-01  0.000000e+00  5.584584e-02  0.000000e+00  3.286987e-01  0.000000e+00  4.456597e+00  0.000000e+00  0.000000e+00  0.000000e+00
7.511370e+01  1.898839e+01  6.917690e+00  7.471937e-01  2.556697e-01  1.419826e+00  0.000000e+00  5.896580e-01  0.000000e+00  0.000000e+00  0.000000e+00  8.938854e-02  0.000000e+00  1.307237e+03  0.000000e+00  0.000000e+00  0.000000e+00
8.427896e+01  2.415135e+01  7.621387e+00  4.401097e-01  6.213517e-01  1.959065e+00  0.000000e+00  1.104712e+00  0.000000e+00  0.000000e+00  0.000000e+00  0.000000e+00  0.000000e+00  1.590986e+03  0.000000e+00  0.000000e+00  0.000000e+00
9.456255e+01  2.388529e+01  5.911073e+00  6.515431e-01  3.026654e-01  1.789268e+00  0.000000e+00  2.983501e-01  0.000000e+00  3.999829e-02  0.000000e+00  4.624584e-04  0.000000e+00  1.209559e+03  0.000000e+00  0.000000e+00  0.000000e+00
1.061009e+02  2.798827e+01  7.821414e+00  4.841894e-01  1.041360e-01  2.452665e+00  0.000000e+00  5.047639e-01  0.000000e+00  0.000000e+00  8.199895e-02  2.983217e-01  0.000000e+00  9.179710e+02  0.000000e+00  0.000000e+00  0.000000e+00
1.190472e+02  3.012821e+01  9.944023e+00  1.037758e+00  1.617259e-01  2.361770e+00  0.000000e+00  3.486287e-01  0.000000e+00  5.228517e-02  1.848408e-01  8.096382e+02  0.000000e+00  6.755378e+02  0.000000e+00  4.282064e-02  0.000000e+00
1.335731e+02  3.388001e+01  1.066008e+01  7.775667e-01  7.866189e-04  2.712863e+00  0.000000e+00  4.107843e-01  0.000000e+00  0.000000e+00  0.000000e+00  6.785759e+02  0.000000e+00  4.977045e+02  0.000000e+00  0.000000e+00  0.000000e+00
1.498715e+02  8.270289e+01  1.241276e+01  5.450570e-01  1.718195e-01  1.574520e+00  0.000000e+00  7.829692e-01  0.000000e+00  8.921109e-02  1.197077e-01  5.072412e+02  0.000000e+00  3.721592e+02  0.000000e+00  0.000000e+00  0.000000e+00
1.681586e+02  1.187661e+02  1.259876e+01  7.531242e-01  1.753909e-01  1.388042e+00  2.600594e-04  9.222110e-01  0.000000e+00  9.345505e-02  0.000000e+00  3.777826e+02  0.000000e+00  2.741007e+02  0.000000e+00  0.000000e+00  0.000000e+00
1.886771e+02  6.931777e+01  1.475094e+01  5.580230e-01  1.727737e-01  2.974827e+00  7.561502e-02  8.985772e-01  5.453336e-02  5.453336e-02  0.000000e+00  2.798871e+02  0.000000e+00  2.001951e+02  0.000000e+00  0.000000e+00  0.000000e+00
2.116992e+02  3.026648e+01  1.844432e+01  7.053384e-01  4.486867e-01  1.282594e+00  4.860290e-02  6.927783e-01  0.000000e+00  0.000000e+00  2.065726e-04  2.219748e+02  0.000000e+00  1.353349e+02  0.000000e+00  4.963229e-04  0.000000e+00
2.375304e+02  2.200125e+01  9.352121e+01  1.065784e+00  3.680041e-01  1.847840e+00  2.012708e-02  8.042427e-01  8.918934e-02  0.000000e+00  2.620466e-02  1.655842e+02  0.000000e+00  9.912690e+01  0.000000e+00  8.214631e-02  0.000000e+00
2.665135e+02  1.812001e+01  7.809549e+01  1.077520e+00  3.053153e-01  2.672323e+00  4.870257e-02  6.132790e-01  0.000000e+00  3.860666e-02  5.801934e-02  1.210087e+02  0.000000e+00  6.859194e+01  0.000000e+00  0.000000e+00  0.000000e+00
2.990330e+02  1.114919e+01  1.191656e+01  5.979536e-01  2.160954e-01  2.036721e+00  6.343270e-03  1.174989e+00  2.266828e-04  5.446409e-04  1.264857e-02  9.133273e+01  0.000000e+00  5.127137e+01  0.000000e+00  0.000000e+00  0.000000e+00
3.355206e+02  9.863517e+00  1.072208e+01  7.013523e-01  2.952861e-01  2.149573e+00  3.066636e-02  8.519116e-01  2.849776e-02  2.396997e-02  6.738676e-02  6.838576e+01  8.047650e-03  3.608187e+01  0.000000e+00  0.000000e+00  1.164455e-03
3.764603e+02  6.562173e+00  7.983087e+00  9.064265e-01  3.047490e-01  2.403776e+00  2.617212e-02  5.933687e-01  0.000000e+00  3.447878e-02  0.000000e+00  4.439905e+01  0.000000e+00  2.620817e+01  0.000000e+00  0.000000e+00  0.000000e+00
4.223954e+02  4.242196e+00  6.750892e+00  5.645384e-01  2.859726e-01  2.058369e+00  1.920051e-02  8.210986e-01  7.024047e-02  2.451963e-02  5.234398e-02  3.430706e+01  0.000000e+00  1.396539e+01  0.000000e+00  2.487507e-04  0.000000e+00
4.739354e+02  3.445868e+00  5.543358e+00  7.973324e-01  4.643657e-01  1.777148e+00  3.532672e-02  8.238371e-01  7.073085e-02  3.732247e-02  0.000000e+00  2.157890e+01  0.000000e+00  9.451207e+00  3.732247e-02  0.000000e+00  0.000000e+00
5.317643e+02  2.713766e+00  3.632921e+00  8.586889e-01  2.325666e-01  1.822003e+00  5.440145e-02  6.709817e-01  7.784940e-02  7.672732e-02  2.994550e-02  1.789665e+01  0.000000e+00  7.334021e+00  8.223802e-05  3.669341e-02  0.000000e+00
5.966493e+02  2.423640e+00  3.228375e+00  8.833768e-01  4.304345e-01  1.764926e+00  6.666382e-02  6.984649e-01  7.328691e-02  3.550369e-02  1.826184e-02  1.263500e+01  0.000000e+00  4.981387e+00  0.000000e+00  2.729670e-04  0.000000e+00
6.694516e+02  1.880427e+00  2.725057e+00  1.062947e+00  6.019695e-01  1.713118e+00  6.427002e-02  8.462319e-01  5.079942e-02  4.189979e-02  1.488235e-02  8.823818e+00  0.000000e+00  2.948338e+00  0.000000e+00  0.000000e+00  0.000000e+00
7.511370e+02  1.526371e+00  2.126558e+00  7.194856e-01  4.859646e-01  1.136335e+00  1.629507e-02  6.267983e-01  6.087430e-02  5.090564e-02  9.959495e-03  5.861014e+00  0.000000e+00  1.958832e+00  0.000000e+00  0.000000e+00  0.000000e+00
8.427896e+02  9.553535e-01  1.791915e+00  6.335886e-01  5.161103e-01  1.285502e+00  3.480917e-02  7.189713e-01  2.494372e-02  1.198654e-02  3.748900e-02  3.063157e+00  0.000000e+00  9.817527e-01  0.000000e+00  2.706454e-02  0.000000e+00
9.456255e+02  9.510120e-01  1.436381e+00  8.486761e-01  3.656791e-01  1.056210e+00  5.399560e-02  7.501046e-01  7.259672e-02  0.000000e+00  3.856454e-02  2.589789e+00  6.396420e-04  7.534593e-01  0.000000e+00  0.000000e+00  0.000000e+00
1.061009e+03  8.654340e-01  1.019648e+00  8.039984e-01  5.421888e-01  8.618109e-01  6.283326e-02  6.813527e-01  5.519997e-02  9.145186e-02  1.500592e-02  1.809074e+00  0.000000e+00  2.990905e-01  4.093716e-03  2.544890e-03  0.000000e+00
1.190472e+03  5.802346e-01  8.744893e-01  7.307493e-01  5.483406e-01  6.163311e-01  6.644559e-02  4.271284e-01  6.910678e-02  2.984600e-02  3.952958e-02  1.086485e+00  0.000000e+00  3.154301e-01  0.000000e+00  0.000000e+00  0.000000e+00
1.335731e+03  5.821813e-01  7.897352e-01  6.015946e-01  4.108996e-01  5.162557e-01  3.143090e-02  5.388669e-01  3.205346e-02  5.572430e-02  1.196543e-02  5.377279e-01  0.000000e+00  1.150303e-01  1.707657e-02  0.000000e+00  0.000000e+00
1.498715e+03  3.648987e-01  5.813393e-01  4.789494e-01  4.594305e-01  3.665558e-01  9.520399e-02  4.878298e-01  9.792987e-02  8.633297e-02  2.208188e-02  3.073014e-01  6.147924e-04  1.693401e-01  0.000000e+00  0.000000e+00  1.374319e-03
1.681586e+03  1.623694e-01  5.732488e-01  3.848944e-01  3.939817e-01  4.469926e-01  4.569556e-02  3.572735e-01  6.473749e-02  6.095733e-02  4.480297e-02  3.269548e-01  0.000000e+00  8.805898e-02  1.231268e-02  0.000000e+00  2.323393e-04
1.886771e+03  2.243670e-01  3.554317e-01  3.982173e-01  4.917488e-01  3.590118e-01  5.479727e-02  3.155500e-01  6.611395e-02  4.601447e-02  4.204599e-02  1.651148e-01  1.003743e-02  6.879422e-03  1.181714e-02  1.337415e-04  0.000000e+00
2.116992e+03  1.630216e-01  3.710702e-01  2.559713e-01  2.990611e-01  1.468588e-01  4.963222e-02  2.445347e-01  5.752252e-02  1.466409e-02  3.036989e-02  8.534130e-02  4.634257e-03  3.168048e-02  4.963229e-05  0.000000e+00  4.963229e-05
2.375304e+03  7.023066e-02  2.119349e-01  2.403053e-01  4.418481e-01  1.556421e-01  8.545532e-02  2.228785e-01  5.180866e-02  3.088119e-02  1.017717e-02  9.537931e-02  2.853767e-05  0.000000e+00  2.117578e-03  0.000000e+00  3.681169e-03
2.665135e+03  7.797223e-02  1.640813e-01  1.888390e-01  3.825005e-01  7.480527e-02  4.889960e-02  1.394538e-01  9.140826e-02  2.258711e-02  4.696234e-02  5.495683e-02  1.697089e-02  9.113542e-03  4.088316e-03  0.000000e+00  8.602260e-03
2.990330e+03  2.039445e-02  1.183482e-01  1.249635e-01  2.919401e-01  6.379828e-02  6.656363e-02  1.006992e-01  5.306577e-02  2.444934e-02  2.187154e-02  4.579647e-02  3.936271e-03  0.000000e+00  3.698180e-03  0.000000e+00  1.258409e-02
3.355206e+03  1.984790e-02  1.389796e-01  1.305746e-01  3.003902e-01  2.576812e-02  6.380280e-02  6.046288e-02  3.577289e-02  1.732466e-02  2.040784e-02  1.097594e-02  8.285123e-03  6.617573e-03  5.966604e-04  0.000000e+00  4.434971e-05
3.764603e+03  6.583060e-03  5.244116e-02  9.255161e-02  1.838892e-01  2.284236e-02  5.598133e-02  3.825325e-02  2.756133e-02  1.208681e-02  2.402204e-02  1.909959e-02  1.679248e-03  1.161643e-05  6.290104e-03  0.000000e+00  7.590417e-03
4.223954e+03  1.152887e-03  3.748290e-02  3.796294e-02  1.449224e-01  1.089504e-02  2.649890e-02  3.334293e-02  3.398566e-02  1.821196e-02  1.658347e-02  1.494472e-02  3.273180e-03  0.000000e+00  6.690338e-03  0.000000e+00  4.519143e-03
4.739354e+03  1.416713e-03  2.888418e-02  4.722558e-02  1.371411e-01  1.103599e-02  2.989279e-02  9.500449e-03  2.614973e-02  8.274130e-03  1.106278e-02  1.148416e-02  4.634039e-03  5.324343e-05  3.047762e-04  0.000000e+00  1.434766e-03
5.317643e+03  5.321337e-03  2.788147e-02  3.250083e-02  8.474119e-02  1.537123e-03  2.302387e-02  4.212073e-03  4.480945e-02  1.748295e-02  1.366718e-02  5.094147e-03  5.764094e-03  0.000000e+00  5.547650e-03  0.000000e+00  6.375373e-03
5.966493e+03  2.475506e-03  1.281095e-02  1.776770e-02  5.400141e-02  4.360916e-03  2.871518e-02  3.891128e-03  2.131940e-02  7.723814e-03  1.529149e-02  3.179166e-04  1.006322e-03  0.000000e+00  1.500463e-03  0.000000e+00  2.700334e-03
6.694516e+03  1.012555e-05  9.239583e-03  1.292288e-02  4.101306e-02  1.194706e-03  4.234038e-02  1.437849e-03  1.105556e-02  9.722897e-03  1.341950e-02  8.164829e-03  8.455318e-03  0.000000e+00  1.071442e-03  0.000000e+00  5.836099e-05
7.511370e+03  4.821425e-04  7.901072e-03  1.194575e-02  2.125759e-02  3.289221e-03  2.176992e-02  4.150171e-03  9.244564e-03  2.734782e-03  7.495998e-03  4.150982e-04  2.654828e-03  0.000000e+00  1.501718e-04  0.000000e+00  8.206281e-03
8.427896e+03  1.032306e-03  6.437499e-03  5.893154e-03  7.305527e-03  1.257373e-03  2.935220e-02  5.171242e-03  2.370379e-02  3.541452e-03  3.046018e-03  5.221892e-03  5.023562e-03  0.000000e+00  9.109360e-05  0.000000e+00  1.716327e-03
9.456255e+03  0.000000e+00  1.803778e-03  6.254489e-03  1.636074e-02  1.418283e-03  1.866779e-02  1.111129e-05  7.942287e-03  4.931187e-03  2.923670e-03  8.544735e-03  6.311110e-03  0.000000e+00  2.735536e-03  0.000000e+00  2.117031e-04
1.061009e+04  0.000000e+00  4.889013e-03  2.062359e-03  9.886545e-03  4.839696e-04  1.375800e-02  2.006518e-03  5.289989e-03  2.040306e-04  3.924343e-03  4.310075e-03  4.010026e-03  0.000000e+00  6.388788e-06  0.000000e+00  2.408474e-03
1.190472e+04  0.000000e+00  3.571661e-05  3.281879e-05  5.367560e-03  0.000000e+00  4.524531e-03  3.673437e-06  4.531074e-04  1.138803e-05  4.178022e-03  7.129457e-03  1.920774e-03  0.000000e+00  6.280885e-04  0.000000e+00  1.107834e-03
1.335731e+04  0.000000e+00  1.311072e-03  2.913595e-03  6.749546e-03  0.000000e+00  3.815916e-03  1.219299e-05  1.334049e-03  1.452821e-04  3.300452e-03  1.811244e-03  5.758773e-04  0.000000e+00  0.000000e+00  0.000000e+00  1.152945e-03
1.498715e+04  0.000000e+00  1.373556e-03  6.147924e-05  5.614750e-04  0.000000e+00  2.492515e-03  0.000000e+00  3.237209e-03  1.801644e-04  5.973451e-04  1.402150e-05  2.286554e-03  0.000000e+00  1.153366e-05  0.000000e+00  2.105838e-03
1.681586e+04  0.000000e+00  1.455566e-04  4.031053e-06  3.300555e-04  0.000000e+00  4.385305e-03  2.600594e-06  4.502597e-04  0.000000e+00  5.479343e-05  3.596971e-05  3.291916e-05  0.000000e+00  1.443024e-03  0.000000e+00  1.703468e-03
1.886771e+04  0.000000e+00  2.959265e-04  0.000000e+00  9.484478e-04  0.000000e+00  2.701412e-03  0.000000e+00  2.182077e-03  0.000000e+00  0.000000e+00  9.356021e-04  9.899254e-04  0.000000e+00  1.684243e-03  0.000000e+00  1.483669e-03
2.116992e+04  0.000000e+00  2.065726e-06  0.000000e+00  7.318362e-04  0.000000e+00  9.758982e-06  0.000000e+00  4.109682e-04  0.000000e+00  0.000000e+00  0.000000e+00  8.355460e-04  0.000000e+00  2.455175e-03  0.000000e+00  4.109682e-04
2.375304e+04  0.000000e+00  0.000000e+00  0.000000e+00  1.841080e-06  0.000000e+00  4.529895e-04  1.644836e-05  7.985704e-05  0.000000e+00  1.136761e-04  4.587166e-04  5.707534e-06  0.000000e+00  0.000000e+00  0.000000e+00  1.213582e-03
2.665135e+04  0.000000e+00  1.465962e-05  0.000000e+00  7.733098e-04  0.000000e+00  0.000000e+00  0.000000e+00  0.000000e+00  0.000000e+00  9.468170e-06  0.000000e+00  0.000000e+00  0.000000e+00  0.000000e+00  0.000000e+00  1.465962e-05
2.990330e+04  0.000000e+00  0.000000e+00  0.000000e+00  1.250233e-04  0.000000e+00  0.000000e+00  0.000000e+00  0.000000e+00  0.000000e+00  0.000000e+00  0.000000e+00  1.884560e-04  0.000000e+00  4.278043e-04  0.000000e+00  2.282631e-04
3.355206e+04  0.000000e+00  0.000000e+00  0.000000e+00  0.000000e+00  0.000000e+00  0.000000e+00  0.000000e+00  0.000000e+00  0.000000e+00  0.000000e+00  0.000000e+00  3.131586e-06  0.000000e+00  5.815514e-04  0.000000e+00  1.504167e-05
3.764603e+04  0.000000e+00  0.000000e+00  0.000000e+00  2.447533e-05  0.000000e+00  0.000000e+00  0.000000e+00  0.000000e+00  0.000000e+00  0.000000e+00  0.000000e+00  9.930951e-05  0.000000e+00  2.447533e-05  0.000000e+00  1.161643e-06
4.223954e+04  0.000000e+00  0.000000e+00  0.000000e+00  1.431980e-05  0.000000e+00  0.000000e+00  0.000000e+00  6.400324e-04  0.000000e+00  0.000000e+00  0.000000e+00  1.119281e-04  0.000000e+00  0.000000e+00  0.000000e+00  0.000000e+00
4.739354e+04  0.000000e+00  0.000000e+00  0.000000e+00  0.000000e+00  0.000000e+00  0.000000e+00  0.000000e+00  9.227257e-07  0.000000e+00  0.000000e+00  0.000000e+00  1.368526e-05  0.000000e+00  7.888435e-05  0.000000e+00  0.000000e+00
5.317643e+04  0.000000e+00  0.000000e+00  0.000000e+00  0.000000e+00  0.000000e+00  0.000000e+00  0.000000e+00  0.000000e+00  0.000000e+00  0.000000e+00  0.000000e+00  0.000000e+00  0.000000e+00  0.000000e+00  0.000000e+00  0.000000e+00
5.966493e+04  0.000000e+00  0.000000e+00  0.000000e+00  0.000000e+00  0.000000e+00  0.000000e+00  0.000000e+00  0.000000e+00  0.000000e+00  0.000000e+00  0.000000e+00  0.000000e+00  0.000000e+00  0.000000e+00  0.000000e+00  0.000000e+00
6.694516e+04  0.000000e+00  0.000000e+00  0.000000e+00  0.000000e+00  0.000000e+00  0.000000e+00  0.000000e+00  0.000000e+00  0.000000e+00  0.000000e+00  0.000000e+00  0.000000e+00  0.000000e+00  0.000000e+00  0.000000e+00  2.898759e-05
7.511370e+04  0.000000e+00  0.000000e+00  0.000000e+00  0.000000e+00  0.000000e+00  0.000000e+00  0.000000e+00  0.000000e+00  0.000000e+00  0.000000e+00  0.000000e+00  0.000000e+00  0.000000e+00  0.000000e+00  0.000000e+00  2.734782e-04
8.427896e+04  0.000000e+00  0.000000e+00  0.000000e+00  0.000000e+00  0.000000e+00  0.000000e+00  0.000000e+00  0.000000e+00  0.000000e+00  0.000000e+00  0.000000e+00  0.000000e+00  0.000000e+00  0.000000e+00  0.000000e+00  0.000000e+00
9.456255e+04  0.000000e+00  0.000000e+00  0.000000e+00  0.000000e+00  0.000000e+00  0.000000e+00  0.000000e+00  0.000000e+00  0.000000e+00  0.000000e+00  0.000000e+00  0.000000e+00  0.000000e+00  0.000000e+00  0.000000e+00  0.000000e+00
1.061009e+05  0.000000e+00  0.000000e+00  0.000000e+00  0.000000e+00  0.000000e+00  0.000000e+00  0.000000e+00  0.000000e+00  0.000000e+00  0.000000e+00  0.000000e+00  0.000000e+00  0.000000e+00  0.000000e+00  0.000000e+00  0.000000e+00
1.190472e+05  0.000000e+00  0.000000e+00  0.000000e+00  0.000000e+00  0.000000e+00  0.000000e+00  0.000000e+00  0.000000e+00  0.000000e+00  0.000000e+00  0.000000e+00  0.000000e+00  0.000000e+00  0.000000e+00  0.000000e+00  0.000000e+00
1.335731e+05  0.000000e+00  0.000000e+00  0.000000e+00  0.000000e+00  0.000000e+00  0.000000e+00  0.000000e+00  0.000000e+00  0.000000e+00  0.000000e+00  0.000000e+00  0.000000e+00  0.000000e+00  0.000000e+00  0.000000e+00  0.000000e+00
1.498715e+05  0.000000e+00  0.000000e+00  0.000000e+00  0.000000e+00  0.000000e+00  0.000000e+00  0.000000e+00  0.000000e+00  0.000000e+00  0.000000e+00  0.000000e+00  0.000000e+00  0.000000e+00  0.000000e+00  0.000000e+00  0.000000e+00
1.681586e+05  0.000000e+00  0.000000e+00  0.000000e+00  0.000000e+00  0.000000e+00  0.000000e+00  0.000000e+00  0.000000e+00  0.000000e+00  0.000000e+00  0.000000e+00  0.000000e+00  0.000000e+00  0.000000e+00  0.000000e+00  0.000000e+00
1.886771e+05  0.000000e+00  0.000000e+00  0.000000e+00  0.000000e+00  0.000000e+00  0.000000e+00  0.000000e+00  0.000000e+00  0.000000e+00  0.000000e+00  0.000000e+00  0.000000e+00  0.000000e+00  0.000000e+00  0.000000e+00  0.000000e+00
2.116992e+05  0.000000e+00  0.000000e+00  0.000000e+00  0.000000e+00  0.000000e+00  0.000000e+00  0.000000e+00  0.000000e+00  0.000000e+00  0.000000e+00  0.000000e+00  0.000000e+00  0.000000e+00  0.000000e+00  0.000000e+00  0.000000e+00
2.375304e+05  0.000000e+00  0.000000e+00  0.000000e+00  0.000000e+00  0.000000e+00  0.000000e+00  0.000000e+00  0.000000e+00  0.000000e+00  0.000000e+00  0.000000e+00  0.000000e+00  0.000000e+00  0.000000e+00  0.000000e+00  0.000000e+00
2.665135e+05  0.000000e+00  0.000000e+00  0.000000e+00  0.000000e+00  0.000000e+00  0.000000e+00  0.000000e+00  0.000000e+00  0.000000e+00  0.000000e+00  0.000000e+00  0.000000e+00  0.000000e+00  0.000000e+00  0.000000e+00  0.000000e+00
2.990330e+05  0.000000e+00  0.000000e+00  0.000000e+00  0.000000e+00  0.000000e+00  0.000000e+00  0.000000e+00  0.000000e+00  0.000000e+00  0.000000e+00  0.000000e+00  0.000000e+00  0.000000e+00  0.000000e+00  0.000000e+00  0.000000e+00
3.355206e+05  0.000000e+00  0.000000e+00  0.000000e+00  0.000000e+00  0.000000e+00  0.000000e+00  0.000000e+00  0.000000e+00  0.000000e+00  0.000000e+00  0.000000e+00  0.000000e+00  0.000000e+00  0.000000e+00  0.000000e+00  0.000000e+00
3.764603e+05  0.000000e+00  0.000000e+00  0.000000e+00  0.000000e+00  0.000000e+00  0.000000e+00  0.000000e+00  0.000000e+00  0.000000e+00  0.000000e+00  0.000000e+00  0.000000e+00  0.000000e+00  0.000000e+00  0.000000e+00  0.000000e+00
4.223954e+05  0.000000e+00  0.000000e+00  0.000000e+00  0.000000e+00  0.000000e+00  0.000000e+00  0.000000e+00  0.000000e+00  0.000000e+00  0.000000e+00  0.000000e+00  0.000000e+00  0.000000e+00  0.000000e+00  0.000000e+00  0.000000e+00
4.739354e+05  0.000000e+00  0.000000e+00  0.000000e+00  0.000000e+00  0.000000e+00  0.000000e+00  0.000000e+00  0.000000e+00  0.000000e+00  0.000000e+00  0.000000e+00  0.000000e+00  0.000000e+00  0.000000e+00  0.000000e+00  0.000000e+00
5.317643e+05  0.000000e+00  0.000000e+00  0.000000e+00  0.000000e+00  0.000000e+00  0.000000e+00  0.000000e+00  0.000000e+00  0.000000e+00  0.000000e+00  0.000000e+00  0.000000e+00  0.000000e+00  0.000000e+00  0.000000e+00  0.000000e+00
5.966493e+05  0.000000e+00  0.000000e+00  0.000000e+00  0.000000e+00  0.000000e+00  0.000000e+00  0.000000e+00  0.000000e+00  0.000000e+00  0.000000e+00  0.000000e+00  0.000000e+00  0.000000e+00  0.000000e+00  0.000000e+00  0.000000e+00
6.694516e+05  0.000000e+00  0.000000e+00  0.000000e+00  0.000000e+00  0.000000e+00  0.000000e+00  0.000000e+00  0.000000e+00  0.000000e+00  0.000000e+00  0.000000e+00  0.000000e+00  0.000000e+00  0.000000e+00  0.000000e+00  0.000000e+00
7.511370e+05  0.000000e+00  0.000000e+00  0.000000e+00  0.000000e+00  0.000000e+00  0.000000e+00  0.000000e+00  0.000000e+00  0.000000e+00  0.000000e+00  0.000000e+00  0.000000e+00  0.000000e+00  0.000000e+00  0.000000e+00  0.000000e+00
8.427896e+05  0.000000e+00  0.000000e+00  0.000000e+00  0.000000e+00  0.000000e+00  0.000000e+00  0.000000e+00  0.000000e+00  0.000000e+00  0.000000e+00  0.000000e+00  0.000000e+00  0.000000e+00  0.000000e+00  0.000000e+00  0.000000e+00
9.456255e+05  0.000000e+00  0.000000e+00  0.000000e+00  0.000000e+00  0.000000e+00  0.000000e+00  0.000000e+00  0.000000e+00  0.000000e+00  0.000000e+00  0.000000e+00  0.000000e+00  0.000000e+00  0.000000e+00  0.000000e+00  0.000000e+00
