# dR/dEr [1/keV/kg/Myr]
# Er [keV], S, F, Ne, Cl, Na, Si, O, P, N, C, Al, Mg, Be, B, Ar, Li
1.061009e+01  2.181843e+01  1.641095e+01  0.000000e+00  0.000000e+00  5.940158e+00  0.000000e+00  1.465590e+00  0.000000e+00  0.000000e+00  0.000000e+00  0.000000e+00  0.000000e+00  4.862143e-02  0.000000e+00  0.000000e+00  0.000000e+00
1.190472e+01  8.189595e+00  1.637933e+00  0.000000e+00  0.000000e+00  2.607067e+00  0.000000e+00  0.000000e+00  0.000000e+00  0.000000e+00  0.000000e+00  0.000000e+00  0.000000e+00  0.000000e+00  0.000000e+00  0.000000e+00  0.000000e+00
1.335731e+01  1.190558e+01  2.444221e+00  0.000000e+00  0.000000e+00  0.000000e+00  0.000000e+00  0.000000e+00  0.000000e+00  0.000000e+00  0.000000e+00  0.000000e+00  0.000000e+00  0.000000e+00  0.000000e+00  0.000000e+00  0.000000e+00
1.498715e+01  3.021275e+00  3.239439e+00  0.000000e+00  0.000000e+00  1.252548e+00  0.000000e+00  5.018103e-01  0.000000e+00  0.000000e+00  0.000000e+00  0.000000e+00  0.000000e+00  0.000000e+00  0.000000e+00  0.000000e+00  0.000000e+00
1.681586e+01  7.466161e+00  3.391715e+00  1.079380e+00  0.000000e+00  2.107507e+00  4.472389e-01  0.000000e+00  0.000000e+00  0.000000e+00  0.000000e+00  0.000000e+00  0.000000e+00  0.000000e+00  0.000000e+00  0.000000e+00  0.000000e+00
1.886771e+01  5.113305e+00  3.867975e+00  0.000000e+00  0.000000e+00  9.619988e-01  0.000000e+00  0.000000e+00  0.000000e+00  0.000000e+00  0.000000e+00  0.000000e+00  0.000000e+00  0.000000e+00  0.000000e+00  0.000000e+00  0.000000e+00
2.116992e+01  5.181605e+00  4.281208e+00  0.000000e+00  0.000000e+00  1.041927e+00  0.000000e+00  4.579117e-01  0.000000e+00  0.000000e+00  0.000000e+00  2.505118e-01  0.000000e+00  0.000000e+00  0.000000e+00  0.000000e+00  0.000000e+00
2.375304e+01  9.569046e+00  1.879218e+00  1.102815e+00  0.000000e+00  2.386824e+00  0.000000e+00  7.641428e-01  0.000000e+00  0.000000e+00  0.000000e+00  0.000000e+00  0.000000e+00  0.000000e+00  0.000000e+00  0.000000e+00  0.000000e+00
2.665135e+01  8.327706e+00  3.899237e+00  3.637322e-01  2.331654e-02  5.808753e-01  0.000000e+00  0.000000e+00  7.352493e-01  0.000000e+00  0.000000e+00  0.000000e+00  0.000000e+00  0.000000e+00  0.000000e+00  0.000000e+00  0.000000e+00
2.990330e+01  9.437285e+00  4.297853e+00  4.450300e-01  0.000000e+00  5.630399e-01  0.000000e+00  5.756776e-01  0.000000e+00  0.000000e+00  0.000000e+00  6.947549e-02  0.000000e+00  3.921443e-01  0.000000e+00  0.000000e+00  0.000000e+00
3.355206e+01  1.203397e+01  3.208741e+00  4.636165e-01  0.000000e+00  9.463342e-01  0.000000e+00  1.203840e+00  0.000000e+00  0.000000e+00  0.000000e+00  3.544522e-01  0.000000e+00  3.805389e-01  0.000000e+00  0.000000e+00  0.000000e+00
3.764603e+01  1.344292e+01  2.377910e+00  2.843208e-03  2.575027e-01  1.570623e+00  0.000000e+00  2.521121e-02  0.000000e+00  0.000000e+00  0.000000e+00  0.000000e+00  0.000000e+00  4.414530e-03  0.000000e+00  0.000000e+00  0.000000e+00
4.223954e+01  1.217494e+01  6.133754e+00  1.689312e-01  0.000000e+00  2.893997e+00  0.000000e+00  3.600325e-01  0.000000e+00  0.000000e+00  0.000000e+00  1.151319e-01  0.000000e+00  2.030380e+00  0.000000e+00  0.000000e+00  0.000000e+00
4.739354e+01  1.697121e+01  6.686471e+00  2.045416e-01  5.327570e-01  7.958962e-01  0.000000e+00  7.369291e-01  0.000000e+00  0.000000e+00  0.000000e+00  0.000000e+00  0.000000e+00  7.113998e-01  0.000000e+00  0.000000e+00  0.000000e+00
5.317643e+01  1.493951e+01  3.757685e+00  5.060252e-01  0.000000e+00  2.001847e+00  0.000000e+00  9.794504e-01  0.000000e+00  0.000000e+00  0.000000e+00  9.973055e-02  0.000000e+00  0.000000e+00  0.000000e+00  0.000000e+00  0.000000e+00
5.966493e+01  1.987988e+01  7.075086e+00  5.636782e-01  2.885222e-01  1.391206e+00  0.000000e+00  1.044506e+00  0.000000e+00  0.000000e+00  0.000000e+00  1.558431e-01  0.000000e+00  4.719929e-02  0.000000e+00  0.000000e+00  0.000000e+00
6.694516e+01  2.168520e+01  5.940650e+00  9.454377e-01  0.000000e+00  2.740484e+00  0.000000e+00  2.804106e-01  0.000000e+00  5.846603e-02  0.000000e+00  3.709908e-01  0.000000e+00  5.059791e+00  0.000000e+00  0.000000e+00  0.000000e+00
7.511370e+01  2.274901e+01  8.244917e+00  8.769379e-01  3.072142e-01  1.683591e+00  0.000000e+00  7.078347e-01  0.000000e+00  0.000000e+00  0.000000e+00  9.499702e-02  0.000000e+00  1.491221e+03  0.000000e+00  0.000000e+00  0.000000e+00
8.427896e+01  2.893894e+01  9.140211e+00  5.293299e-01  7.397710e-01  2.336350e+00  0.000000e+00  1.303713e+00  0.000000e+00  0.000000e+00  0.000000e+00  0.000000e+00  0.000000e+00  1.815368e+03  0.000000e+00  0.000000e+00  0.000000e+00
9.456255e+01  2.866332e+01  7.084729e+00  7.655823e-01  3.640031e-01  2.106833e+00  0.000000e+00  3.581988e-01  0.000000e+00  4.186030e-02  0.000000e+00  4.695229e-04  0.000000e+00  1.379054e+03  0.000000e+00  0.000000e+00  0.000000e+00
1.061009e+02  3.362426e+01  9.364606e+00  5.749780e-01  1.258449e-01  2.925765e+00  0.000000e+00  6.084279e-01  0.000000e+00  0.000000e+00  8.763699e-02  3.421232e-01  0.000000e+00  1.048262e+03  0.000000e+00  0.000000e+00  0.000000e+00
1.190472e+02  3.618599e+01  1.190170e+01  1.245490e+00  1.932562e-01  2.777772e+00  0.000000e+00  4.114194e-01  0.000000e+00  6.317417e-02  2.086234e-01  9.252649e+02  0.000000e+00  7.707856e+02  0.000000e+00  4.512707e-02  0.000000e+00
1.335731e+02  4.069624e+01  1.279798e+01  9.206177e-01  8.013249e-04  3.238499e+00  0.000000e+00  4.896961e-01  0.000000e+00  0.000000e+00  0.000000e+00  7.746413e+02  0.000000e+00  5.674980e+02  0.000000e+00  0.000000e+00  0.000000e+00
1.498715e+02  9.943156e+01  1.487852e+01  6.561800e-01  2.062931e-01  1.891666e+00  0.000000e+00  9.066489e-01  0.000000e+00  1.066948e-01  1.324689e-01  5.791220e+02  0.000000e+00  4.243751e+02  0.000000e+00  0.000000e+00  0.000000e+00
1.681586e+02  1.428454e+02  1.508505e+01  8.957919e-01  2.107507e-01  1.649528e+00  2.640322e-04  1.090225e+00  0.000000e+00  1.023699e-01  0.000000e+00  4.306237e+02  0.000000e+00  3.124160e+02  0.000000e+00  0.000000e+00  0.000000e+00
1.886771e+02  8.329900e+01  1.770872e+01  6.620679e-01  2.081449e-01  3.552290e+00  9.123874e-02  1.052037e+00  6.552760e-02  6.552760e-02  0.000000e+00  3.196349e+02  0.000000e+00  2.285719e+02  0.000000e+00  0.000000e+00  0.000000e+00
2.116992e+02  3.634188e+01  2.210565e+01  8.416620e-01  5.318025e-01  1.517102e+00  5.840153e-02  8.285983e-01  0.000000e+00  0.000000e+00  2.097282e-04  2.531539e+02  0.000000e+00  1.541716e+02  0.000000e+00  5.056018e-04  0.000000e+00
2.375304e+02  2.639506e+01  1.124965e+02  1.275485e+00  4.409756e-01  2.198659e+00  2.436386e-02  9.477281e-01  1.069986e-01  0.000000e+00  3.166209e-02  1.887889e+02  0.000000e+00  1.128100e+02  0.000000e+00  9.790769e-02  0.000000e+00
2.665135e+02  2.173202e+01  9.390969e+01  1.294202e+00  3.551646e-01  3.174130e+00  5.836586e-02  7.261149e-01  0.000000e+00  4.638999e-02  6.362321e-02  1.380871e+02  0.000000e+00  7.831791e+01  0.000000e+00  0.000000e+00  0.000000e+00
2.990330e+02  1.333993e+01  1.430018e+01  7.171402e-01  2.592788e-01  2.427697e+00  6.589611e-03  1.388277e+00  2.305328e-04  5.557565e-04  1.323739e-02  1.042039e+02  0.000000e+00  5.858498e+01  0.000000e+00  0.000000e+00  0.000000e+00
3.355206e+02  1.178175e+01  1.284059e+01  8.396345e-01  3.522315e-01  2.564895e+00  3.684888e-02  1.009192e+00  3.449659e-02  2.889227e-02  7.587449e-02  7.797567e+01  8.393352e-03  4.104957e+01  0.000000e+00  0.000000e+00  1.193413e-03
3.764603e+02  7.841629e+00  9.558394e+00  1.078395e+00  3.525437e-01  2.872223e+00  2.744678e-02  7.045345e-01  0.000000e+00  4.131986e-02  0.000000e+00  5.074564e+01  0.000000e+00  2.986758e+01  0.000000e+00  0.000000e+00  0.000000e+00
4.223954e+02  5.067919e+00  8.055965e+00  6.762527e-01  3.378178e-01  2.454524e+00  2.311315e-02  9.810585e-01  8.150158e-02  2.943331e-02  5.905147e-02  3.919782e+01  0.000000e+00  1.597906e+01  0.000000e+00  2.534012e-04  0.000000e+00
4.739354e+02  4.094249e+00  6.601557e+00  9.534551e-01  5.576897e-01  2.111548e+00  4.007364e-02  9.685943e-01  8.120983e-02  4.134611e-02  0.000000e+00  2.456267e+01  0.000000e+00  1.078104e+01  4.134611e-02  0.000000e+00  0.000000e+00
5.317643e+02  3.211959e+00  4.316917e+00  1.021221e+00  2.771476e-01  2.180927e+00  6.547356e-02  8.027849e-01  9.103158e-02  8.921256e-02  3.439172e-02  2.036152e+01  0.000000e+00  8.388946e+00  8.349430e-05  4.373376e-02  0.000000e+00
5.966493e+02  2.867486e+00  3.822461e+00  1.049437e+00  5.049614e-01  2.114345e+00  7.676685e-02  8.260832e-01  8.584535e-02  4.248480e-02  1.965377e-02  1.443557e+01  0.000000e+00  5.680779e+00  0.000000e+00  2.785380e-04  0.000000e+00
6.694516e+02  2.218118e+00  3.223240e+00  1.266621e+00  7.125301e-01  2.047544e+00  7.494020e-02  1.009881e+00  6.086287e-02  5.034868e-02  1.708074e-02  1.008529e+01  0.000000e+00  3.336183e+00  0.000000e+00  0.000000e+00  0.000000e+00
7.511370e+02  1.802078e+00  2.514248e+00  8.598072e-01  5.760516e-01  1.360549e+00  1.909859e-02  7.479352e-01  7.281449e-02  5.916329e-02  1.145370e-02  6.656852e+00  0.000000e+00  2.227537e+00  0.000000e+00  0.000000e+00  0.000000e+00
8.427896e+02  1.125075e+00  2.110440e+00  7.535546e-01  6.183363e-01  1.533214e+00  4.196228e-02  8.579208e-01  2.995913e-02  1.403749e-02  4.057568e-02  3.487663e+00  0.000000e+00  1.110225e+00  0.000000e+00  3.075981e-02  0.000000e+00
9.456255e+02  1.116406e+00  1.702455e+00  1.008849e+00  4.322407e-01  1.261334e+00  6.273573e-02  8.935592e-01  8.722805e-02  0.000000e+00  4.494269e-02  2.935570e+00  6.571494e-04  8.583322e-01  0.000000e+00  0.000000e+00  0.000000e+00
1.061009e+03  1.018089e+00  1.208015e+00  9.541668e-01  6.451836e-01  1.025443e+00  7.455949e-02  8.150293e-01  6.598166e-02  1.062787e-01  1.642379e-02  2.057968e+00  0.000000e+00  3.368055e-01  4.274642e-03  2.654211e-03  0.000000e+00
1.190472e+03  6.807308e-01  1.036595e+00  8.685589e-01  6.518648e-01  7.407451e-01  7.749695e-02  5.077689e-01  8.162117e-02  3.553994e-02  4.254397e-02  1.237364e+00  0.000000e+00  3.614217e-01  0.000000e+00  0.000000e+00  0.000000e+00
1.335731e+03  6.834176e-01  9.302636e-01  7.134677e-01  4.905847e-01  6.184896e-01  3.610113e-02  6.454125e-01  3.755634e-02  6.551964e-02  1.349634e-02  6.145977e-01  0.000000e+00  1.286659e-01  1.940813e-02  0.000000e+00  0.000000e+00
1.498715e+03  4.284645e-01  6.855047e-01  5.706359e-01  5.444324e-01  4.364944e-01  1.100708e-01  5.803056e-01  1.152477e-01  1.006376e-01  2.458316e-02  3.544648e-01  6.332769e-04  1.932084e-01  0.000000e+00  0.000000e+00  1.425688e-03
1.681586e+03  1.881703e-01  6.722057e-01  4.558603e-01  4.682642e-01  5.300715e-01  5.364759e-02  4.280901e-01  7.525054e-02  7.063726e-02  5.065144e-02  3.712043e-01  0.000000e+00  1.022332e-01  1.373650e-02  0.000000e+00  2.381172e-04
1.886771e+03  2.601478e-01  4.152472e-01  4.703526e-01  5.880774e-01  4.247914e-01  6.347859e-02  3.782457e-01  7.711426e-02  5.409461e-02  4.772359e-02  1.878177e-01  1.135292e-02  8.244396e-03  1.263583e-02  1.367092e-04  0.000000e+00
2.116992e+03  1.910106e-01  4.332135e-01  3.037175e-01  3.568526e-01  1.736839e-01  5.767481e-02  2.913079e-01  6.728463e-02  1.690810e-02  3.490962e-02  9.574863e-02  5.238789e-03  3.579588e-02  5.056018e-05  0.000000e+00  5.056018e-05
2.375304e+03  8.056827e-02  2.487898e-01  2.822549e-01  5.244617e-01  1.821228e-01  9.825773e-02  2.651948e-01  6.122261e-02  3.678900e-02  1.154254e-02  1.083924e-01  2.902236e-05  0.000000e+00  2.232689e-03  0.000000e+00  3.933293e-03
2.665135e+03  9.023728e-02  1.904775e-01  2.225332e-01  4.508378e-01  8.759993e-02  5.766684e-02  1.658797e-01  1.071357e-01  2.626596e-02  5.432335e-02  6.157936e-02  1.920511e-02  1.046043e-02  4.399932e-03  0.000000e+00  9.674984e-03
2.990330e+03  2.277160e-02  1.373722e-01  1.462875e-01  3.445889e-01  7.513968e-02  7.735196e-02  1.195002e-01  6.286045e-02  2.703406e-02  2.386674e-02  5.122595e-02  4.172087e-03  0.000000e+00  3.977019e-03  0.000000e+00  1.403145e-02
3.355206e+03  2.235215e-02  1.609903e-01  1.505489e-01  3.538775e-01  2.945783e-02  7.466256e-02  7.268347e-02  4.207313e-02  1.985399e-02  2.312968e-02  1.193324e-02  9.442640e-03  7.665274e-03  6.192010e-04  0.000000e+00  4.513427e-05
3.764603e+03  7.453659e-03  6.054973e-02  1.065883e-01  2.168638e-01  2.614909e-02  6.410014e-02  4.557818e-02  3.238522e-02  1.336460e-02  2.682015e-02  2.108006e-02  1.748229e-03  1.179388e-05  7.191878e-03  0.000000e+00  8.157357e-03
4.223954e+03  1.201179e-03  4.388720e-02  4.285497e-02  1.714601e-01  1.213422e-02  3.088839e-02  3.975544e-02  3.954301e-02  2.045552e-02  1.828234e-02  1.670034e-02  3.490430e-03  0.000000e+00  7.594312e-03  0.000000e+00  4.814862e-03
4.739354e+03  1.505601e-03  3.297986e-02  5.440034e-02  1.612827e-01  1.255550e-02  3.469130e-02  1.102006e-02  3.009897e-02  9.207779e-03  1.209927e-02  1.268356e-02  5.148535e-03  5.442491e-05  3.148821e-04  0.000000e+00  1.491891e-03
5.317643e+03  6.097754e-03  3.159523e-02  3.660899e-02  9.983571e-02  1.608853e-03  2.633174e-02  4.745966e-03  5.179168e-02  1.991010e-02  1.501667e-02  5.388610e-03  6.531459e-03  0.000000e+00  6.037114e-03  0.000000e+00  7.281788e-03
5.966493e+03  2.644485e-03  1.433259e-02  1.964605e-02  6.263962e-02  4.973860e-03  3.326005e-02  4.264345e-03  2.380566e-02  8.628084e-03  1.746013e-02  3.302629e-04  1.056150e-03  0.000000e+00  1.601662e-03  0.000000e+00  2.953537e-03
6.694516e+03  1.029752e-05  1.027908e-02  1.435921e-02  4.720413e-02  1.253665e-03  4.860354e-02  1.508203e-03  1.238252e-02  1.078194e-02  1.519604e-02  8.920838e-03  9.700179e-03  0.000000e+00  1.135994e-03  0.000000e+00  5.981233e-05
7.511370e+03  5.012726e-04  8.738115e-03  1.359273e-02  2.496522e-02  3.713644e-03  2.464500e-02  4.554206e-03  1.018168e-02  3.053095e-03  8.514870e-03  4.285746e-04  2.860341e-03  0.000000e+00  1.543914e-04  0.000000e+00  9.094080e-03
8.427896e+03  1.103284e-03  6.953962e-03  6.717035e-03  7.968490e-03  1.337093e-03  3.314026e-02  6.019418e-03  2.649747e-02  3.898092e-03  3.288425e-03  5.893769e-03  5.557774e-03  0.000000e+00  9.345236e-05  0.000000e+00  1.811744e-03
9.456255e+03  0.000000e+00  1.966518e-03  7.105038e-03  1.839511e-02  1.537448e-03  2.116794e-02  1.131901e-05  8.781345e-03  5.477186e-03  3.222092e-03  9.690197e-03  6.951007e-03  0.000000e+00  3.017958e-03  0.000000e+00  2.197008e-04
1.061009e+04  0.000000e+00  5.568402e-03  2.387070e-03  1.111540e-02  5.099249e-04  1.542344e-02  2.131056e-03  6.000635e-03  2.114719e-04  4.332301e-03  4.679098e-03  4.502219e-03  0.000000e+00  6.497297e-06  0.000000e+00  2.653539e-03
1.190472e+04  0.000000e+00  3.644868e-05  3.363494e-05  5.960799e-03  0.000000e+00  5.010162e-03  3.729553e-06  4.690805e-04  1.158144e-05  4.600668e-03  8.352573e-03  2.204135e-03  0.000000e+00  6.575573e-04  0.000000e+00  1.164717e-03
1.335731e+04  0.000000e+00  1.389508e-03  3.321674e-03  7.571276e-03  0.000000e+00  4.408203e-03  1.244184e-05  1.433199e-03  1.508470e-04  3.608019e-03  1.941948e-03  6.091985e-04  0.000000e+00  0.000000e+00  0.000000e+00  1.227498e-03
1.498715e+04  0.000000e+00  1.533135e-03  6.332769e-05  5.878743e-04  0.000000e+00  2.776833e-03  0.000000e+00  3.715456e-03  1.879038e-04  6.376330e-04  1.428363e-05  2.707959e-03  0.000000e+00  1.174155e-05  0.000000e+00  2.338592e-03
1.681586e+04  0.000000e+00  1.498360e-04  4.099517e-06  3.469628e-04  0.000000e+00  4.926376e-03  2.640322e-06  4.766294e-04  0.000000e+00  5.644086e-05  3.695422e-05  3.369462e-05  0.000000e+00  1.546009e-03  0.000000e+00  1.872851e-03
1.886771e+04  0.000000e+00  3.111092e-04  0.000000e+00  1.049729e-03  0.000000e+00  3.052342e-03  0.000000e+00  2.449147e-03  0.000000e+00  0.000000e+00  9.993089e-04  1.092524e-03  0.000000e+00  1.881290e-03  0.000000e+00  1.576137e-03
2.116992e+04  0.000000e+00  2.097282e-06  0.000000e+00  7.800250e-04  0.000000e+00  9.947551e-06  0.000000e+00  4.392254e-04  0.000000e+00  0.000000e+00  0.000000e+00  9.256241e-04  0.000000e+00  2.780906e-03  0.000000e+00  4.392254e-04
2.375304e+04  0.000000e+00  0.000000e+00  0.000000e+00  1.869204e-06  0.000000e+00  4.814149e-04  1.685740e-05  8.295828e-05  0.000000e+00  1.185593e-04  4.936805e-04  5.804472e-06  0.000000e+00  0.000000e+00  0.000000e+00  1.333868e-03
2.665135e+04  0.000000e+00  1.502418e-05  0.000000e+00  8.630658e-04  0.000000e+00  0.000000e+00  0.000000e+00  0.000000e+00  0.000000e+00  9.678269e-06  0.000000e+00  0.000000e+00  0.000000e+00  0.000000e+00  0.000000e+00  1.502418e-05
2.990330e+04  0.000000e+00  0.000000e+00  0.000000e+00  1.308891e-04  0.000000e+00  0.000000e+00  0.000000e+00  0.000000e+00  0.000000e+00  0.000000e+00  0.000000e+00  1.967852e-04  0.000000e+00  4.580404e-04  0.000000e+00  2.424118e-04
3.355206e+04  0.000000e+00  0.000000e+00  0.000000e+00  0.000000e+00  0.000000e+00  0.000000e+00  0.000000e+00  0.000000e+00  0.000000e+00  0.000000e+00  0.000000e+00  3.190132e-06  0.000000e+00  6.931334e-04  0.000000e+00  1.537545e-05
3.764603e+04  0.000000e+00  0.000000e+00  0.000000e+00  2.521121e-05  0.000000e+00  0.000000e+00  0.000000e+00  0.000000e+00  0.000000e+00  0.000000e+00  0.000000e+00  1.039689e-04  0.000000e+00  2.521121e-05  0.000000e+00  1.179388e-06
4.223954e+04  0.000000e+00  0.000000e+00  0.000000e+00  1.471174e-05  0.000000e+00  0.000000e+00  0.000000e+00  7.135340e-04  0.000000e+00  0.000000e+00  0.000000e+00  1.167640e-04  0.000000e+00  0.000000e+00  0.000000e+00  0.000000e+00
4.739354e+04  0.000000e+00  0.000000e+00  0.000000e+00  0.000000e+00  0.000000e+00  0.000000e+00  0.000000e+00  9.368214e-07  0.000000e+00  0.000000e+00  0.000000e+00  1.404868e-05  0.000000e+00  8.258546e-05  0.000000e+00  0.000000e+00
5.317643e+04  0.000000e+00  0.000000e+00  0.000000e+00  0.000000e+00  0.000000e+00  0.000000e+00  0.000000e+00  0.000000e+00  0.000000e+00  0.000000e+00  0.000000e+00  0.000000e+00  0.000000e+00  0.000000e+00  0.000000e+00  0.000000e+00
5.966493e+04  0.000000e+00  0.000000e+00  0.000000e+00  0.000000e+00  0.000000e+00  0.000000e+00  0.000000e+00  0.000000e+00  0.000000e+00  0.000000e+00  0.000000e+00  0.000000e+00  0.000000e+00  0.000000e+00  0.000000e+00  0.000000e+00
6.694516e+04  0.000000e+00  0.000000e+00  0.000000e+00  0.000000e+00  0.000000e+00  0.000000e+00  0.000000e+00  0.000000e+00  0.000000e+00  0.000000e+00  0.000000e+00  0.000000e+00  0.000000e+00  0.000000e+00  0.000000e+00  3.009793e-05
7.511370e+04  0.000000e+00  0.000000e+00  0.000000e+00  0.000000e+00  0.000000e+00  0.000000e+00  0.000000e+00  0.000000e+00  0.000000e+00  0.000000e+00  0.000000e+00  0.000000e+00  0.000000e+00  0.000000e+00  0.000000e+00  3.053095e-04
8.427896e+04  0.000000e+00  0.000000e+00  0.000000e+00  0.000000e+00  0.000000e+00  0.000000e+00  0.000000e+00  0.000000e+00  0.000000e+00  0.000000e+00  0.000000e+00  0.000000e+00  0.000000e+00  0.000000e+00  0.000000e+00  0.000000e+00
9.456255e+04  0.000000e+00  0.000000e+00  0.000000e+00  0.000000e+00  0.000000e+00  0.000000e+00  0.000000e+00  0.000000e+00  0.000000e+00  0.000000e+00  0.000000e+00  0.000000e+00  0.000000e+00  0.000000e+00  0.000000e+00  0.000000e+00
1.061009e+05  0.000000e+00  0.000000e+00  0.000000e+00  0.000000e+00  0.000000e+00  0.000000e+00  0.000000e+00  0.000000e+00  0.000000e+00  0.000000e+00  0.000000e+00  0.000000e+00  0.000000e+00  0.000000e+00  0.000000e+00  0.000000e+00
1.190472e+05  0.000000e+00  0.000000e+00  0.000000e+00  0.000000e+00  0.000000e+00  0.000000e+00  0.000000e+00  0.000000e+00  0.000000e+00  0.000000e+00  0.000000e+00  0.000000e+00  0.000000e+00  0.000000e+00  0.000000e+00  0.000000e+00
1.335731e+05  0.000000e+00  0.000000e+00  0.000000e+00  0.000000e+00  0.000000e+00  0.000000e+00  0.000000e+00  0.000000e+00  0.000000e+00  0.000000e+00  0.000000e+00  0.000000e+00  0.000000e+00  0.000000e+00  0.000000e+00  0.000000e+00
1.498715e+05  0.000000e+00  0.000000e+00  0.000000e+00  0.000000e+00  0.000000e+00  0.000000e+00  0.000000e+00  0.000000e+00  0.000000e+00  0.000000e+00  0.000000e+00  0.000000e+00  0.000000e+00  0.000000e+00  0.000000e+00  0.000000e+00
1.681586e+05  0.000000e+00  0.000000e+00  0.000000e+00  0.000000e+00  0.000000e+00  0.000000e+00  0.000000e+00  0.000000e+00  0.000000e+00  0.000000e+00  0.000000e+00  0.000000e+00  0.000000e+00  0.000000e+00  0.000000e+00  0.000000e+00
1.886771e+05  0.000000e+00  0.000000e+00  0.000000e+00  0.000000e+00  0.000000e+00  0.000000e+00  0.000000e+00  0.000000e+00  0.000000e+00  0.000000e+00  0.000000e+00  0.000000e+00  0.000000e+00  0.000000e+00  0.000000e+00  0.000000e+00
2.116992e+05  0.000000e+00  0.000000e+00  0.000000e+00  0.000000e+00  0.000000e+00  0.000000e+00  0.000000e+00  0.000000e+00  0.000000e+00  0.000000e+00  0.000000e+00  0.000000e+00  0.000000e+00  0.000000e+00  0.000000e+00  0.000000e+00
2.375304e+05  0.000000e+00  0.000000e+00  0.000000e+00  0.000000e+00  0.000000e+00  0.000000e+00  0.000000e+00  0.000000e+00  0.000000e+00  0.000000e+00  0.000000e+00  0.000000e+00  0.000000e+00  0.000000e+00  0.000000e+00  0.000000e+00
2.665135e+05  0.000000e+00  0.000000e+00  0.000000e+00  0.000000e+00  0.000000e+00  0.000000e+00  0.000000e+00  0.000000e+00  0.000000e+00  0.000000e+00  0.000000e+00  0.000000e+00  0.000000e+00  0.000000e+00  0.000000e+00  0.000000e+00
2.990330e+05  0.000000e+00  0.000000e+00  0.000000e+00  0.000000e+00  0.000000e+00  0.000000e+00  0.000000e+00  0.000000e+00  0.000000e+00  0.000000e+00  0.000000e+00  0.000000e+00  0.000000e+00  0.000000e+00  0.000000e+00  0.000000e+00
3.355206e+05  0.000000e+00  0.000000e+00  0.000000e+00  0.000000e+00  0.000000e+00  0.000000e+00  0.000000e+00  0.000000e+00  0.000000e+00  0.000000e+00  0.000000e+00  0.000000e+00  0.000000e+00  0.000000e+00  0.000000e+00  0.000000e+00
3.764603e+05  0.000000e+00  0.000000e+00  0.000000e+00  0.000000e+00  0.000000e+00  0.000000e+00  0.000000e+00  0.000000e+00  0.000000e+00  0.000000e+00  0.000000e+00  0.000000e+00  0.000000e+00  0.000000e+00  0.000000e+00  0.000000e+00
4.223954e+05  0.000000e+00  0.000000e+00  0.000000e+00  0.000000e+00  0.000000e+00  0.000000e+00  0.000000e+00  0.000000e+00  0.000000e+00  0.000000e+00  0.000000e+00  0.000000e+00  0.000000e+00  0.000000e+00  0.000000e+00  0.000000e+00
4.739354e+05  0.000000e+00  0.000000e+00  0.000000e+00  0.000000e+00  0.000000e+00  0.000000e+00  0.000000e+00  0.000000e+00  0.000000e+00  0.000000e+00  0.000000e+00  0.000000e+00  0.000000e+00  0.000000e+00  0.000000e+00  0.000000e+00
5.317643e+05  0.000000e+00  0.000000e+00  0.000000e+00  0.000000e+00  0.000000e+00  0.000000e+00  0.000000e+00  0.000000e+00  0.000000e+00  0.000000e+00  0.000000e+00  0.000000e+00  0.000000e+00  0.000000e+00  0.000000e+00  0.000000e+00
5.966493e+05  0.000000e+00  0.000000e+00  0.000000e+00  0.000000e+00  0.000000e+00  0.000000e+00  0.000000e+00  0.000000e+00  0.000000e+00  0.000000e+00  0.000000e+00  0.000000e+00  0.000000e+00  0.000000e+00  0.000000e+00  0.000000e+00
6.694516e+05  0.000000e+00  0.000000e+00  0.000000e+00  0.000000e+00  0.000000e+00  0.000000e+00  0.000000e+00  0.000000e+00  0.000000e+00  0.000000e+00  0.000000e+00  0.000000e+00  0.000000e+00  0.000000e+00  0.000000e+00  0.000000e+00
7.511370e+05  0.000000e+00  0.000000e+00  0.000000e+00  0.000000e+00  0.000000e+00  0.000000e+00  0.000000e+00  0.000000e+00  0.000000e+00  0.000000e+00  0.000000e+00  0.000000e+00  0.000000e+00  0.000000e+00  0.000000e+00  0.000000e+00
8.427896e+05  0.000000e+00  0.000000e+00  0.000000e+00  0.000000e+00  0.000000e+00  0.000000e+00  0.000000e+00  0.000000e+00  0.000000e+00  0.000000e+00  0.000000e+00  0.000000e+00  0.000000e+00  0.000000e+00  0.000000e+00  0.000000e+00
9.456255e+05  0.000000e+00  0.000000e+00  0.000000e+00  0.000000e+00  0.000000e+00  0.000000e+00  0.000000e+00  0.000000e+00  0.000000e+00  0.000000e+00  0.000000e+00  0.000000e+00  0.000000e+00  0.000000e+00  0.000000e+00  0.000000e+00
