# dR/dEr [1/keV/kg/Myr]
# Er [keV], S, F, Ne, Cl, Na, Si, O, P, N, C, Al, Mg, Be, B, Ar, Li
1.061009e+01  2.204811e+02  1.586468e+02  0.000000e+00  0.000000e+00  5.027340e+01  0.000000e+00  1.563521e+01  0.000000e+00  0.000000e+00  0.000000e+00  0.000000e+00  0.000000e+00  1.175436e-01  0.000000e+00  0.000000e+00  0.000000e+00
1.190472e+01  8.496393e+01  1.258937e+01  0.000000e+00  0.000000e+00  2.681654e+01  0.000000e+00  0.000000e+00  0.000000e+00  0.000000e+00  0.000000e+00  0.000000e+00  0.000000e+00  0.000000e+00  0.000000e+00  0.000000e+00  0.000000e+00
1.335731e+01  1.199960e+02  2.505370e+01  0.000000e+00  0.000000e+00  0.000000e+00  0.000000e+00  0.000000e+00  0.000000e+00  0.000000e+00  0.000000e+00  0.000000e+00  0.000000e+00  0.000000e+00  0.000000e+00  0.000000e+00  0.000000e+00
1.498715e+01  3.141204e+01  2.862252e+01  0.000000e+00  0.000000e+00  1.278361e+01  0.000000e+00  5.415619e+00  0.000000e+00  0.000000e+00  0.000000e+00  0.000000e+00  0.000000e+00  0.000000e+00  0.000000e+00  0.000000e+00  0.000000e+00
1.681586e+01  7.727122e+01  2.745914e+01  1.129386e+01  0.000000e+00  2.146103e+01  4.826676e+00  0.000000e+00  0.000000e+00  0.000000e+00  0.000000e+00  0.000000e+00  0.000000e+00  0.000000e+00  0.000000e+00  0.000000e+00  0.000000e+00
1.886771e+01  5.327170e+01  3.535342e+01  0.000000e+00  0.000000e+00  1.006566e+01  0.000000e+00  0.000000e+00  0.000000e+00  0.000000e+00  0.000000e+00  0.000000e+00  0.000000e+00  0.000000e+00  0.000000e+00  0.000000e+00  0.000000e+00
2.116992e+01  5.303768e+01  3.966414e+01  0.000000e+00  0.000000e+00  1.078409e+01  0.000000e+00  4.821354e+00  0.000000e+00  0.000000e+00  0.000000e+00  6.196446e-01  0.000000e+00  0.000000e+00  0.000000e+00  0.000000e+00  0.000000e+00
2.375304e+01  9.759485e+01  1.935304e+01  7.842288e+00  0.000000e+00  1.993401e+01  0.000000e+00  7.995442e+00  0.000000e+00  0.000000e+00  0.000000e+00  0.000000e+00  0.000000e+00  0.000000e+00  0.000000e+00  0.000000e+00  0.000000e+00
2.665135e+01  8.413116e+01  3.163924e+01  3.829737e+00  6.280972e-02  6.219310e+00  0.000000e+00  0.000000e+00  3.109242e+00  0.000000e+00  0.000000e+00  0.000000e+00  0.000000e+00  0.000000e+00  0.000000e+00  0.000000e+00  0.000000e+00
2.990330e+01  9.448385e+01  4.267834e+01  4.843948e+00  0.000000e+00  3.211679e+00  0.000000e+00  6.127496e+00  0.000000e+00  0.000000e+00  0.000000e+00  2.173743e-01  0.000000e+00  1.539677e+00  0.000000e+00  0.000000e+00  0.000000e+00
3.355206e+01  1.217893e+02  2.975270e+01  4.574694e+00  0.000000e+00  9.846372e+00  0.000000e+00  8.296776e+00  0.000000e+00  0.000000e+00  0.000000e+00  1.383483e+00  0.000000e+00  1.145758e+00  0.000000e+00  0.000000e+00  0.000000e+00
3.764603e+01  1.309677e+02  1.974726e+01  6.061768e-03  2.711247e+00  1.134073e+01  0.000000e+00  7.776309e-02  0.000000e+00  0.000000e+00  0.000000e+00  0.000000e+00  0.000000e+00  1.002181e-02  0.000000e+00  0.000000e+00  0.000000e+00
4.223954e+01  1.225680e+02  6.214812e+01  5.597181e-01  0.000000e+00  2.755558e+01  0.000000e+00  3.852000e+00  0.000000e+00  0.000000e+00  0.000000e+00  2.755648e-01  0.000000e+00  1.190043e+01  0.000000e+00  0.000000e+00  0.000000e+00
4.739354e+01  1.726628e+02  6.651657e+01  2.153620e+00  5.392255e+00  8.277536e+00  0.000000e+00  7.801165e+00  0.000000e+00  0.000000e+00  0.000000e+00  0.000000e+00  0.000000e+00  4.735186e+00  0.000000e+00  0.000000e+00  0.000000e+00
5.317643e+01  1.509093e+02  3.889423e+01  5.365160e+00  0.000000e+00  1.898913e+01  0.000000e+00  1.040161e+01  0.000000e+00  0.000000e+00  0.000000e+00  2.466849e-01  0.000000e+00  0.000000e+00  0.000000e+00  0.000000e+00  0.000000e+00
5.966493e+01  2.023046e+02  7.071494e+01  5.961106e+00  3.071023e+00  1.184844e+01  0.000000e+00  8.544027e+00  0.000000e+00  0.000000e+00  0.000000e+00  6.206229e-01  0.000000e+00  1.240285e-01  0.000000e+00  0.000000e+00  0.000000e+00
6.694516e+01  2.189178e+02  5.967601e+01  9.930594e+00  0.000000e+00  2.719339e+01  0.000000e+00  2.861895e+00  0.000000e+00  1.301403e-01  0.000000e+00  1.865460e+00  0.000000e+00  3.235734e+01  0.000000e+00  0.000000e+00  0.000000e+00
7.511370e+01  2.285585e+02  7.970680e+01  7.649343e+00  3.123999e+00  1.556540e+01  0.000000e+00  7.126252e+00  0.000000e+00  0.000000e+00  0.000000e+00  3.147526e-01  0.000000e+00  1.015788e+04  0.000000e+00  0.000000e+00  0.000000e+00
8.427896e+01  2.907010e+02  9.236267e+01  5.456366e+00  7.173559e+00  2.260756e+01  0.000000e+00  1.208590e+01  0.000000e+00  0.000000e+00  0.000000e+00  0.000000e+00  0.000000e+00  1.234986e+04  0.000000e+00  0.000000e+00  0.000000e+00
9.456255e+01  2.917037e+02  7.182493e+01  6.561817e+00  3.749149e+00  1.941685e+01  0.000000e+00  3.635517e+00  0.000000e+00  9.301514e-02  0.000000e+00  8.828873e-04  0.000000e+00  9.306287e+03  0.000000e+00  0.000000e+00  0.000000e+00
1.061009e+02  3.438451e+02  9.384746e+01  5.592119e+00  1.365997e+00  2.836899e+01  0.000000e+00  6.454001e+00  0.000000e+00  0.000000e+00  3.490019e-01  2.377393e+00  0.000000e+00  7.199336e+03  0.000000e+00  0.000000e+00  0.000000e+00
1.190472e+02  3.694009e+02  1.191912e+02  1.251763e+01  1.942304e+00  2.501381e+01  0.000000e+00  3.848161e+00  0.000000e+00  6.817860e-01  1.049025e+00  6.382393e+03  0.000000e+00  5.233926e+03  0.000000e+00  1.113496e-01  0.000000e+00
1.335731e+02  4.159129e+02  1.307864e+02  8.496697e+00  1.708438e-03  3.179196e+01  0.000000e+00  4.758942e+00  0.000000e+00  0.000000e+00  0.000000e+00  5.285588e+03  0.000000e+00  3.848123e+03  0.000000e+00  0.000000e+00  0.000000e+00
1.498715e+02  1.022680e+03  1.504849e+02  6.823571e+00  2.076157e+00  1.928354e+01  0.000000e+00  7.262642e+00  0.000000e+00  1.102657e+00  5.570707e-01  3.959895e+03  0.000000e+00  2.869895e+03  0.000000e+00  0.000000e+00  0.000000e+00
1.681586e+02  1.473128e+03  1.517248e+02  8.491406e+00  2.146103e+00  1.602576e+01  4.964840e-04  9.930590e+00  0.000000e+00  4.108081e-01  0.000000e+00  2.906622e+03  0.000000e+00  2.095098e+03  0.000000e+00  0.000000e+00  0.000000e+00
1.886771e+02  8.540490e+02  1.807386e+02  6.221112e+00  2.181138e+00  3.480975e+01  9.711427e-01  8.940348e+00  6.690304e-01  6.690304e-01  0.000000e+00  2.194438e+03  0.000000e+00  1.553410e+03  0.000000e+00  0.000000e+00  0.000000e+00
2.116992e+02  3.713056e+02  2.232550e+02  8.305964e+00  4.981098e+00  1.402915e+01  5.962740e-01  8.288410e+00  0.000000e+00  0.000000e+00  3.943713e-04  1.716203e+03  0.000000e+00  1.030847e+03  0.000000e+00  1.077952e-03  0.000000e+00
2.375304e+02  2.678050e+02  1.161601e+03  1.279521e+01  4.494452e+00  2.133521e+01  2.681145e-01  8.603524e+00  1.077485e+00  0.000000e+00  3.417025e-01  1.276619e+03  0.000000e+00  7.530380e+02  0.000000e+00  9.007841e-01  0.000000e+00
2.665135e+02  2.204428e+02  9.670161e+02  1.320537e+01  2.830012e+00  3.019705e+01  5.759198e-01  6.860165e+00  0.000000e+00  4.736372e-01  2.568627e-01  9.363948e+02  0.000000e+00  5.380684e+02  0.000000e+00  0.000000e+00  0.000000e+00
2.990330e+02  1.332034e+02  1.456331e+02  7.335519e+00  2.637539e+00  2.364909e+01  2.097430e-02  1.270213e+01  4.615856e-04  1.261672e-03  2.941397e-02  7.101796e+02  0.000000e+00  4.049262e+02  0.000000e+00  0.000000e+00  0.000000e+00
3.355206e+02  1.163839e+02  1.287510e+02  8.521513e+00  3.431221e+00  2.503791e+01  3.762234e-01  9.304795e+00  3.796210e-01  3.042069e-01  3.771974e-01  5.289540e+02  2.205573e-02  2.704380e+02  0.000000e+00  0.000000e+00  3.052054e-03
3.764603e+02  7.765775e+01  9.592343e+01  1.036224e+01  2.571954e+00  2.833576e+01  6.676624e-02  6.660601e+00  0.000000e+00  4.077200e-01  0.000000e+00  3.501334e+02  0.000000e+00  2.001667e+02  0.000000e+00  0.000000e+00  0.000000e+00
4.223954e+02  5.010991e+01  7.938396e+01  6.848831e+00  3.150062e+00  2.389568e+01  2.419669e-01  9.732740e+00  6.877794e-01  2.991717e-01  2.961957e-01  2.696576e+02  0.000000e+00  1.108304e+02  0.000000e+00  5.402556e-04  0.000000e+00
4.739354e+02  3.905850e+01  6.386587e+01  9.501403e+00  5.729735e+00  2.016054e+01  2.934938e-01  8.659707e+00  5.425507e-01  1.748455e-01  0.000000e+00  1.642981e+02  0.000000e+00  7.345634e+01  1.748455e-01  0.000000e+00  0.000000e+00
5.317643e+02  2.984601e+01  4.144459e+01  9.868587e+00  2.733988e+00  2.184619e+01  6.815107e-01  8.024035e+00  7.955109e-01  7.049160e-01  2.651974e-01  1.347849e+02  0.000000e+00  5.846156e+01  1.570020e-04  4.023655e-01  0.000000e+00
5.966493e+02  2.670113e+01  3.557960e+01  9.951380e+00  4.374325e+00  2.128705e+01  5.400152e-01  7.733503e+00  7.594631e-01  4.259376e-01  7.716663e-02  9.906046e+01  0.000000e+00  3.873887e+01  0.000000e+00  6.323337e-04  0.000000e+00
6.694516e+02  2.024384e+01  2.985694e+01  1.231720e+01  6.641350e+00  2.028041e+01  5.870614e-01  9.907658e+00  5.991636e-01  5.129668e-01  1.342546e-01  6.962151e+01  0.000000e+00  2.037203e+01  0.000000e+00  0.000000e+00  0.000000e+00
7.511370e+02  1.640149e+01  2.314565e+01  8.599600e+00  5.411539e+00  1.362717e+01  1.806471e-01  7.373469e+00  7.329265e-01  4.600175e-01  9.463717e-02  4.300346e+01  0.000000e+00  1.473559e+01  0.000000e+00  0.000000e+00  0.000000e+00
8.427896e+02  1.016102e+01  1.894916e+01  7.240129e+00  6.187818e+00  1.497393e+01  4.427539e-01  8.443639e+00  3.032288e-01  1.289966e-01  1.519684e-01  2.335701e+01  0.000000e+00  7.237317e+00  0.000000e+00  1.836382e-01  0.000000e+00
9.456255e+02  9.862007e+00  1.596474e+01  9.622667e+00  3.978687e+00  1.248713e+01  4.911508e-01  8.581670e+00  8.904133e-01  0.000000e+00  3.892792e-01  1.868552e+01  1.770218e-03  5.736490e+00  0.000000e+00  0.000000e+00  0.000000e+00
1.061009e+03  9.086284e+00  1.127590e+01  8.999882e+00  6.199870e+00  9.927500e+00  7.047092e-01  8.142376e+00  6.584787e-01  8.513124e-01  6.561622e-02  1.358644e+01  0.000000e+00  1.916118e+00  9.789004e-03  6.974633e-03  0.000000e+00
1.190472e+03  5.942804e+00  9.761875e+00  8.310096e+00  6.234850e+00  7.634385e+00  6.180178e-01  4.836114e+00  7.811918e-01  3.481744e-01  1.509207e-01  8.357944e+00  0.000000e+00  2.443077e+00  0.000000e+00  0.000000e+00  0.000000e+00
1.335731e+03  5.951842e+00  8.352708e+00  6.729504e+00  4.840487e+00  6.231295e+00  2.822296e-01  6.500256e+00  3.261587e-01  5.797680e-01  9.211585e-02  4.277510e+00  0.000000e+00  6.902184e-01  1.158679e-01  0.000000e+00  0.000000e+00
1.498715e+03  3.762225e+00  6.268679e+00  5.557485e+00  5.129498e+00  4.261695e+00  8.617081e-01  5.607517e+00  1.025977e+00  8.124641e-01  1.502593e-01  2.672235e+00  1.953321e-03  1.295868e+00  0.000000e+00  0.000000e+00  4.436659e-03
1.681586e+03  1.539029e+00  5.772029e+00  4.296153e+00  4.480190e+00  4.979760e+00  4.833444e-01  4.304580e+00  6.230582e-01  5.582951e-01  3.203460e-01  2.388245e+00  0.000000e+00  8.052332e-01  6.185879e-02  0.000000e+00  6.089648e-04
1.886771e+03  2.053331e+00  3.498035e+00  4.309122e+00  5.855900e+00  3.950737e+00  4.991978e-01  3.843738e+00  6.272295e-01  4.843677e-01  2.948683e-01  1.175451e+00  7.849871e-02  8.135084e-02  4.795017e-02  3.304981e-04  0.000000e+00
2.116992e+03  1.673754e+00  3.642447e+00  2.875844e+00  3.524801e+00  1.606310e+00  4.438657e-01  2.840061e+00  5.645162e-01  1.418994e-01  2.703597e-01  5.213421e-01  3.627938e-02  2.434779e-01  1.077952e-04  0.000000e+00  1.077952e-04
2.375304e+03  6.226437e-01  2.189232e+00  2.485448e+00  4.947282e+00  1.575399e+00  7.322115e-01  2.550467e+00  5.502178e-01  3.655997e-01  8.332913e-02  7.238756e-01  5.811019e-05  0.000000e+00  5.522588e-03  0.000000e+00  1.562449e-02
2.665135e+03  7.105039e-01  1.526229e+00  2.015100e+00  4.055812e+00  7.643887e-01  5.120678e-01  1.587895e+00  9.165841e-01  2.172082e-01  3.953967e-01  3.489960e-01  1.053053e-01  8.082863e-02  1.727546e-02  0.000000e+00  4.795667e-02
2.990330e+03  1.380369e-01  1.095512e+00  1.248521e+00  3.104412e+00  6.675456e-01  6.272836e-01  1.132484e+00  5.993356e-01  1.415586e-01  1.041453e-01  2.849589e-01  1.566799e-02  0.000000e+00  1.552293e-02  0.000000e+00  6.478152e-02
3.355206e+03  1.268808e-01  1.267967e+00  1.135248e+00  3.174295e+00  2.024494e-01  6.474926e-01  7.444035e-01  3.861202e-01  1.398680e-01  1.630522e-01  4.655069e-02  6.867362e-02  6.275963e-02  1.937350e-03  0.000000e+00  9.289730e-05
3.764603e+03  5.311217e-02  4.688870e-01  7.981946e-01  1.956326e+00  1.880697e-01  4.615564e-01  4.481439e-01  2.840120e-01  7.669404e-02  1.582220e-01  1.114300e-01  4.709069e-03  2.217713e-05  5.009179e-02  0.000000e+00  2.674217e-02
4.223954e+03  2.766675e-03  3.741792e-01  2.751321e-01  1.600192e+00  6.007205e-02  2.621904e-01  3.952528e-01  3.261964e-01  1.142462e-01  8.873878e-02  8.810947e-02  1.316324e-02  0.000000e+00  5.370441e-02  0.000000e+00  1.892286e-02
4.739354e+03  4.988492e-03  2.297229e-01  4.167115e-01  1.449238e+00  8.768688e-02  2.919070e-01  8.231524e-02  2.320456e-01  5.190625e-02  5.533827e-02  5.504074e-02  2.297962e-02  1.315737e-04  1.122407e-03  0.000000e+00  3.991847e-03
5.317643e+03  3.877399e-02  2.058061e-01  2.281006e-01  8.961346e-01  4.338739e-03  1.998500e-01  2.365260e-02  3.952230e-01  1.339064e-01  7.207283e-02  1.697071e-02  4.625563e-02  0.000000e+00  2.252193e-02  0.000000e+00  5.183251e-02
5.966493e+03  9.223128e-03  8.382086e-02  9.225743e-02  4.960539e-01  3.569748e-02  2.649334e-01  2.352003e-02  1.336325e-01  4.957308e-02  1.182565e-01  1.051205e-03  2.619602e-03  0.000000e+00  6.310742e-03  0.000000e+00  1.176819e-02
6.694516e+03  2.061827e-05  5.753531e-02  8.294027e-02  3.415129e-01  3.155338e-03  3.573153e-01  3.604088e-03  7.814177e-02  5.536415e-02  9.516188e-02  3.658961e-02  6.744686e-02  0.000000e+00  3.705166e-03  0.000000e+00  1.529650e-04
7.511370e+03  1.374932e-03  4.112299e-02  9.212992e-02  2.231549e-01  2.143954e-02  1.647802e-01  1.862266e-02  5.431740e-02  1.379823e-02  6.098930e-02  1.237823e-03  1.065610e-02  0.000000e+00  4.510816e-04  0.000000e+00  5.007911e-02
8.427896e+03  4.393674e-03  2.510586e-02  4.248790e-02  3.569236e-02  5.137870e-03  2.012940e-01  4.788423e-02  1.482703e-01  1.688998e-02  1.127265e-02  2.963575e-02  2.481252e-02  0.000000e+00  2.433876e-04  0.000000e+00  6.658281e-03
9.456255e+03  0.000000e+00  7.740572e-03  4.332429e-02  1.135548e-01  6.015618e-03  1.371123e-01  2.413233e-05  4.411580e-02  2.451650e-02  1.356878e-02  6.230634e-02  2.967553e-02  0.000000e+00  1.242231e-02  0.000000e+00  6.873978e-04
1.061009e+04  0.000000e+00  3.911682e-02  1.873001e-02  6.605174e-02  1.257861e-03  9.038365e-02  6.806753e-03  4.061752e-02  6.482027e-04  2.056944e-02  1.792155e-02  2.153866e-02  0.000000e+00  1.300925e-05  0.000000e+00  1.093385e-02
1.190472e+04  0.000000e+00  8.314392e-05  8.601856e-05  3.040708e-02  0.000000e+00  2.753489e-02  7.013023e-06  1.420946e-03  2.318901e-05  1.943775e-02  7.060075e-02  1.565444e-02  0.000000e+00  1.463665e-03  0.000000e+00  3.450136e-03
1.335731e+04  0.000000e+00  4.412788e-03  2.290206e-02  4.036231e-02  0.000000e+00  3.559338e-02  2.824531e-05  5.083460e-03  4.758064e-04  1.446221e-02  7.456737e-03  1.957720e-03  0.000000e+00  0.000000e+00  0.000000e+00  4.389912e-03
1.498715e+04  0.000000e+00  6.921068e-03  1.953321e-04  1.654270e-03  0.000000e+00  1.590201e-02  0.000000e+00  2.624907e-02  4.937662e-04  2.512351e-03  3.045295e-05  2.478165e-02  0.000000e+00  2.443632e-05  0.000000e+00  1.188709e-02
1.681586e+04  0.000000e+00  4.477264e-04  8.208282e-06  8.531754e-04  0.000000e+00  2.876036e-02  4.964840e-06  1.542577e-03  0.000000e+00  1.740899e-04  9.954669e-05  8.333253e-05  0.000000e+00  5.362494e-03  0.000000e+00  7.789866e-03
1.886771e+04  0.000000e+00  7.695228e-04  0.000000e+00  4.416341e-03  0.000000e+00  1.830881e-02  0.000000e+00  1.269077e-02  0.000000e+00  0.000000e+00  3.958214e-03  4.554394e-03  0.000000e+00  1.019749e-02  0.000000e+00  5.809512e-03
2.116992e+04  0.000000e+00  3.943713e-06  0.000000e+00  2.820681e-03  0.000000e+00  2.176530e-05  0.000000e+00  1.749153e-03  0.000000e+00  0.000000e+00  0.000000e+00  3.914303e-03  0.000000e+00  1.743590e-02  0.000000e+00  1.749153e-03
2.375304e+04  0.000000e+00  0.000000e+00  0.000000e+00  3.514838e-06  0.000000e+00  1.838868e-03  4.311141e-05  2.640508e-04  0.000000e+00  3.115454e-04  1.938338e-03  1.162204e-05  0.000000e+00  0.000000e+00  0.000000e+00  5.555954e-03
2.665135e+04  0.000000e+00  3.842308e-05  0.000000e+00  3.894049e-03  0.000000e+00  0.000000e+00  0.000000e+00  0.000000e+00  0.000000e+00  2.339747e-05  0.000000e+00  0.000000e+00  0.000000e+00  0.000000e+00  0.000000e+00  3.842308e-05
2.990330e+04  0.000000e+00  0.000000e+00  0.000000e+00  2.913477e-04  0.000000e+00  0.000000e+00  0.000000e+00  0.000000e+00  0.000000e+00  0.000000e+00  0.000000e+00  5.010907e-04  0.000000e+00  1.749420e-03  0.000000e+00  7.980306e-04
3.355206e+04  0.000000e+00  0.000000e+00  0.000000e+00  0.000000e+00  0.000000e+00  0.000000e+00  0.000000e+00  0.000000e+00  0.000000e+00  0.000000e+00  0.000000e+00  6.801416e-06  0.000000e+00  6.377063e-03  0.000000e+00  3.717055e-05
3.764603e+04  0.000000e+00  0.000000e+00  0.000000e+00  7.776309e-05  0.000000e+00  0.000000e+00  0.000000e+00  0.000000e+00  0.000000e+00  0.000000e+00  0.000000e+00  2.314257e-04  0.000000e+00  7.776309e-05  0.000000e+00  2.217713e-06
4.223954e+04  0.000000e+00  0.000000e+00  0.000000e+00  3.963025e-05  0.000000e+00  0.000000e+00  0.000000e+00  3.267113e-03  0.000000e+00  0.000000e+00  0.000000e+00  2.788326e-04  0.000000e+00  0.000000e+00  0.000000e+00  0.000000e+00
4.739354e+04  0.000000e+00  0.000000e+00  0.000000e+00  0.000000e+00  0.000000e+00  0.000000e+00  0.000000e+00  1.761592e-06  0.000000e+00  0.000000e+00  0.000000e+00  3.708209e-05  0.000000e+00  1.838280e-04  0.000000e+00  0.000000e+00
5.317643e+04  0.000000e+00  0.000000e+00  0.000000e+00  0.000000e+00  0.000000e+00  0.000000e+00  0.000000e+00  0.000000e+00  0.000000e+00  0.000000e+00  0.000000e+00  0.000000e+00  0.000000e+00  0.000000e+00  0.000000e+00  0.000000e+00
5.966493e+04  0.000000e+00  0.000000e+00  0.000000e+00  0.000000e+00  0.000000e+00  0.000000e+00  0.000000e+00  0.000000e+00  0.000000e+00  0.000000e+00  0.000000e+00  0.000000e+00  0.000000e+00  0.000000e+00  0.000000e+00  0.000000e+00
6.694516e+04  0.000000e+00  0.000000e+00  0.000000e+00  0.000000e+00  0.000000e+00  0.000000e+00  0.000000e+00  0.000000e+00  0.000000e+00  0.000000e+00  0.000000e+00  0.000000e+00  0.000000e+00  0.000000e+00  0.000000e+00  9.493586e-05
7.511370e+04  0.000000e+00  0.000000e+00  0.000000e+00  0.000000e+00  0.000000e+00  0.000000e+00  0.000000e+00  0.000000e+00  0.000000e+00  0.000000e+00  0.000000e+00  0.000000e+00  0.000000e+00  0.000000e+00  0.000000e+00  1.379823e-03
8.427896e+04  0.000000e+00  0.000000e+00  0.000000e+00  0.000000e+00  0.000000e+00  0.000000e+00  0.000000e+00  0.000000e+00  0.000000e+00  0.000000e+00  0.000000e+00  0.000000e+00  0.000000e+00  0.000000e+00  0.000000e+00  0.000000e+00
9.456255e+04  0.000000e+00  0.000000e+00  0.000000e+00  0.000000e+00  0.000000e+00  0.000000e+00  0.000000e+00  0.000000e+00  0.000000e+00  0.000000e+00  0.000000e+00  0.000000e+00  0.000000e+00  0.000000e+00  0.000000e+00  0.000000e+00
1.061009e+05  0.000000e+00  0.000000e+00  0.000000e+00  0.000000e+00  0.000000e+00  0.000000e+00  0.000000e+00  0.000000e+00  0.000000e+00  0.000000e+00  0.000000e+00  0.000000e+00  0.000000e+00  0.000000e+00  0.000000e+00  0.000000e+00
1.190472e+05  0.000000e+00  0.000000e+00  0.000000e+00  0.000000e+00  0.000000e+00  0.000000e+00  0.000000e+00  0.000000e+00  0.000000e+00  0.000000e+00  0.000000e+00  0.000000e+00  0.000000e+00  0.000000e+00  0.000000e+00  0.000000e+00
1.335731e+05  0.000000e+00  0.000000e+00  0.000000e+00  0.000000e+00  0.000000e+00  0.000000e+00  0.000000e+00  0.000000e+00  0.000000e+00  0.000000e+00  0.000000e+00  0.000000e+00  0.000000e+00  0.000000e+00  0.000000e+00  0.000000e+00
1.498715e+05  0.000000e+00  0.000000e+00  0.000000e+00  0.000000e+00  0.000000e+00  0.000000e+00  0.000000e+00  0.000000e+00  0.000000e+00  0.000000e+00  0.000000e+00  0.000000e+00  0.000000e+00  0.000000e+00  0.000000e+00  0.000000e+00
1.681586e+05  0.000000e+00  0.000000e+00  0.000000e+00  0.000000e+00  0.000000e+00  0.000000e+00  0.000000e+00  0.000000e+00  0.000000e+00  0.000000e+00  0.000000e+00  0.000000e+00  0.000000e+00  0.000000e+00  0.000000e+00  0.000000e+00
1.886771e+05  0.000000e+00  0.000000e+00  0.000000e+00  0.000000e+00  0.000000e+00  0.000000e+00  0.000000e+00  0.000000e+00  0.000000e+00  0.000000e+00  0.000000e+00  0.000000e+00  0.000000e+00  0.000000e+00  0.000000e+00  0.000000e+00
2.116992e+05  0.000000e+00  0.000000e+00  0.000000e+00  0.000000e+00  0.000000e+00  0.000000e+00  0.000000e+00  0.000000e+00  0.000000e+00  0.000000e+00  0.000000e+00  0.000000e+00  0.000000e+00  0.000000e+00  0.000000e+00  0.000000e+00
2.375304e+05  0.000000e+00  0.000000e+00  0.000000e+00  0.000000e+00  0.000000e+00  0.000000e+00  0.000000e+00  0.000000e+00  0.000000e+00  0.000000e+00  0.000000e+00  0.000000e+00  0.000000e+00  0.000000e+00  0.000000e+00  0.000000e+00
2.665135e+05  0.000000e+00  0.000000e+00  0.000000e+00  0.000000e+00  0.000000e+00  0.000000e+00  0.000000e+00  0.000000e+00  0.000000e+00  0.000000e+00  0.000000e+00  0.000000e+00  0.000000e+00  0.000000e+00  0.000000e+00  0.000000e+00
2.990330e+05  0.000000e+00  0.000000e+00  0.000000e+00  0.000000e+00  0.000000e+00  0.000000e+00  0.000000e+00  0.000000e+00  0.000000e+00  0.000000e+00  0.000000e+00  0.000000e+00  0.000000e+00  0.000000e+00  0.000000e+00  0.000000e+00
3.355206e+05  0.000000e+00  0.000000e+00  0.000000e+00  0.000000e+00  0.000000e+00  0.000000e+00  0.000000e+00  0.000000e+00  0.000000e+00  0.000000e+00  0.000000e+00  0.000000e+00  0.000000e+00  0.000000e+00  0.000000e+00  0.000000e+00
3.764603e+05  0.000000e+00  0.000000e+00  0.000000e+00  0.000000e+00  0.000000e+00  0.000000e+00  0.000000e+00  0.000000e+00  0.000000e+00  0.000000e+00  0.000000e+00  0.000000e+00  0.000000e+00  0.000000e+00  0.000000e+00  0.000000e+00
4.223954e+05  0.000000e+00  0.000000e+00  0.000000e+00  0.000000e+00  0.000000e+00  0.000000e+00  0.000000e+00  0.000000e+00  0.000000e+00  0.000000e+00  0.000000e+00  0.000000e+00  0.000000e+00  0.000000e+00  0.000000e+00  0.000000e+00
4.739354e+05  0.000000e+00  0.000000e+00  0.000000e+00  0.000000e+00  0.000000e+00  0.000000e+00  0.000000e+00  0.000000e+00  0.000000e+00  0.000000e+00  0.000000e+00  0.000000e+00  0.000000e+00  0.000000e+00  0.000000e+00  0.000000e+00
5.317643e+05  0.000000e+00  0.000000e+00  0.000000e+00  0.000000e+00  0.000000e+00  0.000000e+00  0.000000e+00  0.000000e+00  0.000000e+00  0.000000e+00  0.000000e+00  0.000000e+00  0.000000e+00  0.000000e+00  0.000000e+00  0.000000e+00
5.966493e+05  0.000000e+00  0.000000e+00  0.000000e+00  0.000000e+00  0.000000e+00  0.000000e+00  0.000000e+00  0.000000e+00  0.000000e+00  0.000000e+00  0.000000e+00  0.000000e+00  0.000000e+00  0.000000e+00  0.000000e+00  0.000000e+00
6.694516e+05  0.000000e+00  0.000000e+00  0.000000e+00  0.000000e+00  0.000000e+00  0.000000e+00  0.000000e+00  0.000000e+00  0.000000e+00  0.000000e+00  0.000000e+00  0.000000e+00  0.000000e+00  0.000000e+00  0.000000e+00  0.000000e+00
7.511370e+05  0.000000e+00  0.000000e+00  0.000000e+00  0.000000e+00  0.000000e+00  0.000000e+00  0.000000e+00  0.000000e+00  0.000000e+00  0.000000e+00  0.000000e+00  0.000000e+00  0.000000e+00  0.000000e+00  0.000000e+00  0.000000e+00
8.427896e+05  0.000000e+00  0.000000e+00  0.000000e+00  0.000000e+00  0.000000e+00  0.000000e+00  0.000000e+00  0.000000e+00  0.000000e+00  0.000000e+00  0.000000e+00  0.000000e+00  0.000000e+00  0.000000e+00  0.000000e+00  0.000000e+00
9.456255e+05  0.000000e+00  0.000000e+00  0.000000e+00  0.000000e+00  0.000000e+00  0.000000e+00  0.000000e+00  0.000000e+00  0.000000e+00  0.000000e+00  0.000000e+00  0.000000e+00  0.000000e+00  0.000000e+00  0.000000e+00  0.000000e+00
