# dR/dEr [1/keV/kg/Myr]
# Er [keV], S, F, Ne, Cl, Na, Si, O, P, N, C, Al, Mg, Be, B, Ar, Li
1.061009e+01  2.009858e+02  1.447313e+02  0.000000e+00  0.000000e+00  4.638309e+01  0.000000e+00  1.414338e+01  0.000000e+00  0.000000e+00  0.000000e+00  0.000000e+00  0.000000e+00  1.166775e-01  0.000000e+00  0.000000e+00  0.000000e+00
1.190472e+01  7.742673e+01  1.160717e+01  0.000000e+00  0.000000e+00  2.448202e+01  0.000000e+00  0.000000e+00  0.000000e+00  0.000000e+00  0.000000e+00  0.000000e+00  0.000000e+00  0.000000e+00  0.000000e+00  0.000000e+00  0.000000e+00
1.335731e+01  1.099776e+02  2.282356e+01  0.000000e+00  0.000000e+00  0.000000e+00  0.000000e+00  0.000000e+00  0.000000e+00  0.000000e+00  0.000000e+00  0.000000e+00  0.000000e+00  0.000000e+00  0.000000e+00  0.000000e+00  0.000000e+00
1.498715e+01  2.862448e+01  2.628310e+01  0.000000e+00  0.000000e+00  1.163111e+01  0.000000e+00  4.893757e+00  0.000000e+00  0.000000e+00  0.000000e+00  0.000000e+00  0.000000e+00  0.000000e+00  0.000000e+00  0.000000e+00  0.000000e+00
1.681586e+01  7.037959e+01  2.542430e+01  1.026759e+01  0.000000e+00  1.963152e+01  4.361566e+00  0.000000e+00  0.000000e+00  0.000000e+00  0.000000e+00  0.000000e+00  0.000000e+00  0.000000e+00  0.000000e+00  0.000000e+00  0.000000e+00
1.886771e+01  4.847661e+01  3.236068e+01  0.000000e+00  0.000000e+00  9.151002e+00  0.000000e+00  0.000000e+00  0.000000e+00  0.000000e+00  0.000000e+00  0.000000e+00  0.000000e+00  0.000000e+00  0.000000e+00  0.000000e+00  0.000000e+00
2.116992e+01  4.844874e+01  3.647821e+01  0.000000e+00  0.000000e+00  9.814349e+00  0.000000e+00  4.370253e+00  0.000000e+00  0.000000e+00  0.000000e+00  6.034995e-01  0.000000e+00  0.000000e+00  0.000000e+00  0.000000e+00  0.000000e+00
2.375304e+01  8.921409e+01  1.764322e+01  7.253841e+00  0.000000e+00  1.828688e+01  0.000000e+00  7.268899e+00  0.000000e+00  0.000000e+00  0.000000e+00  0.000000e+00  0.000000e+00  0.000000e+00  0.000000e+00  0.000000e+00  0.000000e+00
2.665135e+01  7.676863e+01  2.936363e+01  3.471416e+00  6.224192e-02  5.625430e+00  0.000000e+00  0.000000e+00  2.998464e+00  0.000000e+00  0.000000e+00  0.000000e+00  0.000000e+00  0.000000e+00  0.000000e+00  0.000000e+00  0.000000e+00
2.990330e+01  8.667401e+01  3.919157e+01  4.372456e+00  0.000000e+00  2.974864e+00  0.000000e+00  5.546591e+00  0.000000e+00  0.000000e+00  0.000000e+00  2.159161e-01  0.000000e+00  1.506519e+00  0.000000e+00  0.000000e+00  0.000000e+00
3.355206e+01  1.109384e+02  2.715431e+01  4.218111e+00  0.000000e+00  8.949879e+00  0.000000e+00  7.733726e+00  0.000000e+00  0.000000e+00  0.000000e+00  1.353856e+00  0.000000e+00  1.121048e+00  0.000000e+00  0.000000e+00  0.000000e+00
3.764603e+01  1.196713e+02  1.818798e+01  6.024865e-03  2.457574e+00  1.046596e+01  0.000000e+00  7.682232e-02  0.000000e+00  0.000000e+00  0.000000e+00  0.000000e+00  0.000000e+00  9.954386e-03  0.000000e+00  0.000000e+00  0.000000e+00
4.223954e+01  1.117547e+02  5.671443e+01  5.428335e-01  0.000000e+00  2.524372e+01  0.000000e+00  3.481613e+00  0.000000e+00  0.000000e+00  0.000000e+00  2.725863e-01  0.000000e+00  1.123331e+01  0.000000e+00  0.000000e+00  0.000000e+00
4.739354e+01  1.574184e+02  6.067445e+01  1.952120e+00  4.938315e+00  7.513994e+00  0.000000e+00  7.074414e+00  0.000000e+00  0.000000e+00  0.000000e+00  0.000000e+00  0.000000e+00  4.492547e+00  0.000000e+00  0.000000e+00  0.000000e+00
5.317643e+01  1.375463e+02  3.545099e+01  4.858906e+00  0.000000e+00  1.735064e+01  0.000000e+00  9.418129e+00  0.000000e+00  0.000000e+00  0.000000e+00  2.402575e-01  0.000000e+00  0.000000e+00  0.000000e+00  0.000000e+00  0.000000e+00
5.966493e+01  1.846165e+02  6.439100e+01  5.406588e+00  2.779881e+00  1.090508e+01  0.000000e+00  7.867724e+00  0.000000e+00  0.000000e+00  0.000000e+00  6.070883e-01  0.000000e+00  1.230574e-01  0.000000e+00  0.000000e+00  0.000000e+00
6.694516e+01  1.997685e+02  5.448558e+01  9.022310e+00  0.000000e+00  2.479450e+01  0.000000e+00  2.603882e+00  0.000000e+00  1.287899e-01  0.000000e+00  1.761981e+00  0.000000e+00  3.046301e+01  0.000000e+00  0.000000e+00  0.000000e+00
7.511370e+01  2.086489e+02  7.283925e+01  7.024128e+00  2.860594e+00  1.429487e+01  0.000000e+00  6.534382e+00  0.000000e+00  0.000000e+00  0.000000e+00  3.052577e-01  0.000000e+00  9.542280e+03  0.000000e+00  0.000000e+00  0.000000e+00
8.427896e+01  2.655140e+02  8.433917e+01  4.972732e+00  6.565206e+00  2.065346e+01  0.000000e+00  1.114016e+01  0.000000e+00  0.000000e+00  0.000000e+00  0.000000e+00  0.000000e+00  1.159710e+04  0.000000e+00  0.000000e+00  0.000000e+00
9.456255e+01  2.661175e+02  6.544495e+01  6.018055e+00  3.415940e+00  1.770688e+01  0.000000e+00  3.326470e+00  0.000000e+00  9.205494e-02  0.000000e+00  8.786443e-04  0.000000e+00  8.742663e+03  0.000000e+00  0.000000e+00  0.000000e+00
1.061009e+02  3.137058e+02  8.570157e+01  5.082177e+00  1.233109e+00  2.597922e+01  0.000000e+00  5.845489e+00  0.000000e+00  0.000000e+00  3.413909e-01  2.231038e+00  0.000000e+00  6.762373e+03  0.000000e+00  0.000000e+00  0.000000e+00
1.190472e+02  3.371536e+02  1.088262e+02  1.147392e+01  1.769559e+00  2.295362e+01  0.000000e+00  3.534422e+00  0.000000e+00  6.160875e-01  9.908347e-01  5.990362e+03  0.000000e+00  4.915969e+03  0.000000e+00  1.084722e-01  0.000000e+00
1.335731e+02  3.794281e+02  1.192563e+02  7.742349e+00  1.698038e-03  2.907240e+01  0.000000e+00  4.385145e+00  0.000000e+00  0.000000e+00  0.000000e+00  4.964196e+03  0.000000e+00  3.616779e+03  0.000000e+00  0.000000e+00  0.000000e+00
1.498715e+02  9.326319e+02  1.372226e+02  6.210578e+00  1.902750e+00  1.762849e+01  0.000000e+00  6.696678e+00  0.000000e+00  9.980483e-01  5.373408e-01  3.717371e+03  0.000000e+00  2.695956e+03  0.000000e+00  0.000000e+00  0.000000e+00
1.681586e+02  1.342742e+03  1.385421e+02  7.766479e+00  1.963152e+00  1.463210e+01  4.940980e-04  9.133891e+00  0.000000e+00  3.983190e-01  0.000000e+00  2.730406e+03  0.000000e+00  1.969146e+03  0.000000e+00  0.000000e+00  0.000000e+00
1.886771e+02  7.788473e+02  1.648694e+02  5.703297e+00  1.980264e+00  3.189313e+01  8.790754e-01  8.239661e+00  6.108376e-01  6.108376e-01  0.000000e+00  2.059502e+03  0.000000e+00  1.458621e+03  0.000000e+00  0.000000e+00  0.000000e+00
2.116992e+02  3.384806e+02  2.036829e+02  7.603628e+00  4.573977e+00  1.281260e+01  5.444096e-01  7.569096e+00  0.000000e+00  0.000000e+00  3.924760e-04  1.612820e+03  0.000000e+00  9.684540e+02  0.000000e+00  1.071389e-03  0.000000e+00
2.375304e+02  2.442596e+02  1.058767e+03  1.167264e+01  4.085019e+00  1.949055e+01  2.416843e-01  7.874512e+00  9.869010e-01  0.000000e+00  3.087752e-01  1.199520e+03  0.000000e+00  7.081595e+02  0.000000e+00  8.396918e-01  0.000000e+00
2.665135e+02  2.011055e+02  8.816727e+02  1.206399e+01  2.601890e+00  2.768190e+01  5.310288e-01  6.304547e+00  0.000000e+00  4.324399e-01  2.489998e-01  8.792136e+02  0.000000e+00  5.055745e+02  0.000000e+00  0.000000e+00  0.000000e+00
2.990330e+02  1.216005e+02  1.328125e+02  6.693448e+00  2.408555e+00  2.163588e+01  2.083312e-02  1.164396e+01  4.590714e-04  1.253183e-03  2.911033e-02  6.673002e+02  0.000000e+00  3.802497e+02  0.000000e+00  0.000000e+00  0.000000e+00
3.355206e+02  1.063828e+02  1.175684e+02  7.757938e+00  3.147361e+00  2.289936e+01  3.434992e-01  8.543664e+00  3.421988e-01  2.757443e-01  3.565055e-01  4.969449e+02  2.188305e-02  2.544449e+02  0.000000e+00  0.000000e+00  3.027528e-03
3.764603e+02  7.094876e+01  8.754601e+01  9.473503e+00  2.392219e+00  2.588298e+01  6.551739e-02  6.101489e+00  0.000000e+00  3.759396e-01  0.000000e+00  3.286799e+02  0.000000e+00  1.883126e+02  0.000000e+00  0.000000e+00  0.000000e+00
4.223954e+02  4.574709e+01  7.256734e+01  6.261212e+00  2.875339e+00  2.186288e+01  2.193565e-01  8.893231e+00  6.338606e-01  2.731761e-01  2.797921e-01  2.531193e+02  0.000000e+00  1.039848e+02  0.000000e+00  5.369667e-04  0.000000e+00
4.739354e+02  3.573288e+01  5.838499e+01  8.666144e+00  5.220322e+00  1.845478e+01  2.716399e-01  7.947084e+00  5.083011e-01  1.686160e-01  0.000000e+00  1.544917e+02  0.000000e+00  6.892758e+01  1.686160e-01  0.000000e+00  0.000000e+00
5.317643e+02  2.734036e+01  3.785013e+01  9.036183e+00  2.496355e+00  1.995781e+01  6.206872e-01  7.309441e+00  7.400953e-01  6.489519e-01  2.438786e-01  1.267038e+02  0.000000e+00  5.485046e+01  1.562475e-04  3.750766e-01  0.000000e+00
5.966493e+02  2.444821e+01  3.257494e+01  9.107186e+00  4.019881e+00  1.942438e+01  4.993833e-01  7.089541e+00  6.983030e-01  3.891079e-01  7.550483e-02  9.296006e+01  0.000000e+00  3.637444e+01  0.000000e+00  6.280793e-04  0.000000e+00
6.694516e+02  1.856240e+01  2.736534e+01  1.126513e+01  6.074805e+00  1.852811e+01  5.388033e-01  9.046477e+00  5.518473e-01  4.693166e-01  1.224366e-01  6.543750e+01  0.000000e+00  1.919343e+01  0.000000e+00  0.000000e+00  0.000000e+00
7.511370e+02  1.507676e+01  2.123184e+01  7.842945e+00  4.942539e+00  1.245847e+01  1.638531e-01  6.725300e+00  6.687852e-01  4.233358e-01  8.620210e-02  4.050334e+01  0.000000e+00  1.388294e+01  0.000000e+00  0.000000e+00  0.000000e+00
8.427896e+02  9.320514e+00  1.739471e+01  6.614826e+00  5.653810e+00  1.370201e+01  4.016659e-01  7.714260e+00  2.777018e-01  1.176123e-01  1.478964e-01  2.196122e+01  0.000000e+00  6.784555e+00  0.000000e+00  1.714295e-01  0.000000e+00
9.456255e+02  9.071563e+00  1.463038e+01  8.811235e+00  3.646797e+00  1.139511e+01  4.532718e-01  7.864210e+00  8.130992e-01  0.000000e+00  3.574473e-01  1.759676e+01  1.754216e-03  5.385138e+00  0.000000e+00  0.000000e+00  0.000000e+00
1.061009e+03  8.354341e+00  1.034468e+01  8.245127e+00  5.670490e+00  9.081582e+00  6.523522e-01  7.442213e+00  6.010786e-01  7.847075e-01  6.363269e-02  1.278222e+01  0.000000e+00  1.808859e+00  9.689543e-03  6.920029e-03  0.000000e+00
1.190472e+03  5.464068e+00  8.947993e+00  7.609188e+00  5.698896e+00  6.950138e+00  5.693415e-01  4.418566e+00  7.103412e-01  3.183060e-01  1.469432e-01  7.838433e+00  0.000000e+00  2.290926e+00  0.000000e+00  0.000000e+00  0.000000e+00
1.335731e+03  5.478060e+00  7.658268e+00  6.161827e+00  4.425169e+00  5.685605e+00  2.587976e-01  5.928724e+00  2.979742e-01  5.296143e-01  8.466505e-02  4.018997e+00  0.000000e+00  6.544481e-01  1.081647e-01  0.000000e+00  0.000000e+00
1.498715e+03  3.451701e+00  5.742753e+00  5.077413e+00  4.702143e+00  3.893710e+00  7.973802e-01  5.133009e+00  9.496505e-01  7.559389e-01  1.396430e-01  2.503568e+00  1.929689e-03  1.218954e+00  0.000000e+00  0.000000e+00  4.406798e-03
1.681586e+03  1.422227e+00  5.309323e+00  3.934570e+00  4.097053e+00  4.554650e+00  4.423627e-01  3.929715e+00  5.760644e-01  5.139782e-01  3.025170e-01  2.243490e+00  0.000000e+00  7.501210e-01  5.931918e-02  0.000000e+00  6.040712e-04
1.886771e+03  1.904188e+00  3.217272e+00  3.946892e+00  5.352523e+00  3.610263e+00  4.612018e-01  3.504079e+00  5.768498e-01  4.445311e-01  2.756185e-01  1.102397e+00  7.291177e-02  7.500981e-02  4.696596e-02  3.280629e-04  0.000000e+00
2.116992e+03  1.540517e+00  3.353446e+00  2.641568e+00  3.216528e+00  1.470402e+00  4.136157e-01  2.596511e+00  5.194461e-01  1.296246e-01  2.530943e-01  4.958532e-01  3.315242e-02  2.295938e-01  1.071389e-04  0.000000e+00  1.071389e-04
2.375304e+03  5.731776e-01  2.014762e+00  2.281445e+00  4.535803e+00  1.445630e+00  6.829339e-01  2.333987e+00  5.074368e-01  3.333294e-01  7.791777e-02  6.805864e-01  5.779366e-05  0.000000e+00  5.378695e-03  0.000000e+00  1.528435e-02
2.665135e+03  6.590893e-01  1.408868e+00  1.849067e+00  3.728916e+00  7.000336e-01  4.690819e-01  1.451588e+00  8.460945e-01  2.025986e-01  3.696293e-01  3.314350e-01  9.884258e-02  7.683524e-02  1.690343e-02  0.000000e+00  4.534410e-02
2.990330e+03  1.290415e-01  1.013693e+00  1.151188e+00  2.851013e+00  6.153613e-01  5.808302e-01  1.036438e+00  5.471815e-01  1.360109e-01  9.951519e-02  2.709551e-01  1.537045e-02  0.000000e+00  1.519051e-02  0.000000e+00  6.176329e-02
3.355206e+03  1.193495e-01  1.177820e+00  1.055090e+00  2.915560e+00  1.869527e-01  5.972837e-01  6.801855e-01  3.533290e-01  1.299618e-01  1.524863e-01  4.526297e-02  6.530900e-02  5.867755e-02  1.924354e-03  0.000000e+00  9.236366e-05
3.764603e+03  4.970146e-02  4.348490e-01  7.400582e-01  1.792505e+00  1.784391e-01  4.275560e-01  4.109718e-01  2.603600e-01  7.182743e-02  1.498364e-01  1.073279e-01  4.668881e-03  2.207055e-05  4.637370e-02  0.000000e+00  2.604269e-02
4.223954e+03  2.739388e-03  3.456115e-01  2.564093e-01  1.464673e+00  5.690857e-02  2.418578e-01  3.596050e-01  3.003605e-01  1.071535e-01  8.382785e-02  8.327167e-02  1.290416e-02  0.000000e+00  5.037227e-02  0.000000e+00  1.852580e-02
4.739354e+03  4.838008e-03  2.128709e-01  3.874785e-01  1.330648e+00  8.246576e-02  2.690309e-01  7.656441e-02  2.167172e-01  4.871810e-02  5.290372e-02  5.301229e-02  2.206680e-02  1.306042e-04  1.110066e-03  0.000000e+00  3.958019e-03
5.317643e+03  3.600032e-02  1.928675e-01  2.144459e-01  8.215265e-01  4.258911e-03  1.843580e-01  2.234878e-02  3.659876e-01  1.256842e-01  6.822376e-02  1.667241e-02  4.411188e-02  0.000000e+00  2.176819e-02  0.000000e+00  4.886365e-02
5.966493e+03  9.041546e-03  7.875093e-02  8.788460e-02  4.590066e-01  3.382155e-02  2.452395e-01  2.219385e-02  1.265109e-01  4.681915e-02  1.112095e-01  1.044130e-03  2.558863e-03  0.000000e+00  6.174626e-03  0.000000e+00  1.141436e-02
6.694516e+03  2.050597e-05  5.475889e-02  7.840363e-02  3.173802e-01  3.095042e-03  3.321730e-01  3.536583e-03  7.259843e-02  5.249497e-02  8.951440e-02  3.545944e-02  6.253025e-02  0.000000e+00  3.597289e-03  0.000000e+00  1.517358e-04
7.511370e+03  1.362504e-03  3.906102e-02  8.619632e-02  2.051134e-01  2.006409e-02  1.540888e-01  1.804055e-02  5.109298e-02  1.323002e-02  5.764500e-02  1.229208e-03  1.037267e-02  0.000000e+00  4.459753e-04  0.000000e+00  4.774066e-02
8.427896e+03  4.297856e-03  2.436355e-02  3.992079e-02  3.395627e-02  5.037043e-03  1.889846e-01  4.450063e-02  1.412443e-01  1.628595e-02  1.094268e-02  2.799182e-02  2.372751e-02  0.000000e+00  2.412908e-04  0.000000e+00  6.544522e-03
9.456255e+03  0.000000e+00  7.513541e-03  4.111490e-02  1.077054e-01  5.865500e-03  1.278730e-01  2.398542e-05  4.167322e-02  2.339605e-02  1.304115e-02  5.943311e-02  2.838513e-02  0.000000e+00  1.193429e-02  0.000000e+00  6.827866e-04
1.061009e+04  0.000000e+00  3.647160e-02  1.743021e-02  6.206881e-02  1.225517e-03  8.537941e-02  6.669046e-03  3.820319e-02  6.438537e-04  1.953240e-02  1.744854e-02  2.048349e-02  0.000000e+00  1.293839e-05  0.000000e+00  1.051935e-02
1.190472e+04  0.000000e+00  8.257812e-05  8.532732e-05  2.885419e-02  0.000000e+00  2.636463e-02  6.979320e-06  1.410621e-03  2.306270e-05  1.859038e-02  6.627549e-02  1.448029e-02  0.000000e+00  1.448478e-03  0.000000e+00  3.378873e-03
1.335731e+04  0.000000e+00  4.319945e-03  2.167065e-02  3.849565e-02  0.000000e+00  3.300584e-02  2.805527e-05  4.968109e-03  4.726159e-04  1.404251e-02  7.304430e-03  1.902795e-03  0.000000e+00  0.000000e+00  0.000000e+00  4.307296e-03
1.498715e+04  0.000000e+00  6.636261e-03  1.929689e-04  1.624719e-03  0.000000e+00  1.489182e-02  0.000000e+00  2.473570e-02  4.899005e-04  2.458163e-03  3.026756e-05  2.304746e-02  0.000000e+00  2.429346e-05  0.000000e+00  1.118735e-02
1.681586e+04  0.000000e+00  4.426143e-04  8.163572e-06  8.323432e-04  0.000000e+00  2.729278e-02  4.940980e-06  1.498992e-03  0.000000e+00  1.719838e-04  9.864680e-05  8.269221e-05  0.000000e+00  5.229909e-03  0.000000e+00  7.491731e-03
1.886771e+04  0.000000e+00  7.508371e-04  0.000000e+00  4.259709e-03  0.000000e+00  1.734450e-02  0.000000e+00  1.198811e-02  0.000000e+00  0.000000e+00  3.872370e-03  4.396000e-03  0.000000e+00  9.609138e-03  0.000000e+00  5.680833e-03
2.116992e+04  0.000000e+00  3.924760e-06  0.000000e+00  2.769114e-03  0.000000e+00  2.162644e-05  0.000000e+00  1.711007e-03  0.000000e+00  0.000000e+00  0.000000e+00  3.774843e-03  0.000000e+00  1.657083e-02  0.000000e+00  1.711007e-03
2.375304e+04  0.000000e+00  0.000000e+00  0.000000e+00  3.497946e-06  0.000000e+00  1.802987e-03  4.276496e-05  2.622735e-04  0.000000e+00  3.091063e-04  1.896596e-03  1.155873e-05  0.000000e+00  0.000000e+00  0.000000e+00  5.344099e-03
2.665135e+04  0.000000e+00  3.811431e-05  0.000000e+00  3.733877e-03  0.000000e+00  0.000000e+00  0.000000e+00  0.000000e+00  0.000000e+00  2.322508e-05  0.000000e+00  0.000000e+00  0.000000e+00  0.000000e+00  0.000000e+00  3.811431e-05
2.990330e+04  0.000000e+00  0.000000e+00  0.000000e+00  2.883248e-04  0.000000e+00  0.000000e+00  0.000000e+00  0.000000e+00  0.000000e+00  0.000000e+00  0.000000e+00  4.966560e-04  0.000000e+00  1.714851e-03  0.000000e+00  7.741419e-04
3.355206e+04  0.000000e+00  0.000000e+00  0.000000e+00  0.000000e+00  0.000000e+00  0.000000e+00  0.000000e+00  0.000000e+00  0.000000e+00  0.000000e+00  0.000000e+00  6.760010e-06  0.000000e+00  5.944563e-03  0.000000e+00  3.689667e-05
3.764603e+04  0.000000e+00  0.000000e+00  0.000000e+00  7.682232e-05  0.000000e+00  0.000000e+00  0.000000e+00  0.000000e+00  0.000000e+00  0.000000e+00  0.000000e+00  2.290245e-04  0.000000e+00  7.682232e-05  0.000000e+00  2.207055e-06
4.223954e+04  0.000000e+00  0.000000e+00  0.000000e+00  3.927200e-05  0.000000e+00  0.000000e+00  0.000000e+00  3.095018e-03  0.000000e+00  0.000000e+00  0.000000e+00  2.758362e-04  0.000000e+00  0.000000e+00  0.000000e+00  0.000000e+00
4.739354e+04  0.000000e+00  0.000000e+00  0.000000e+00  0.000000e+00  0.000000e+00  0.000000e+00  0.000000e+00  1.753126e-06  0.000000e+00  0.000000e+00  0.000000e+00  3.675433e-05  0.000000e+00  1.819206e-04  0.000000e+00  0.000000e+00
5.317643e+04  0.000000e+00  0.000000e+00  0.000000e+00  0.000000e+00  0.000000e+00  0.000000e+00  0.000000e+00  0.000000e+00  0.000000e+00  0.000000e+00  0.000000e+00  0.000000e+00  0.000000e+00  0.000000e+00  0.000000e+00  0.000000e+00
5.966493e+04  0.000000e+00  0.000000e+00  0.000000e+00  0.000000e+00  0.000000e+00  0.000000e+00  0.000000e+00  0.000000e+00  0.000000e+00  0.000000e+00  0.000000e+00  0.000000e+00  0.000000e+00  0.000000e+00  0.000000e+00  0.000000e+00
6.694516e+04  0.000000e+00  0.000000e+00  0.000000e+00  0.000000e+00  0.000000e+00  0.000000e+00  0.000000e+00  0.000000e+00  0.000000e+00  0.000000e+00  0.000000e+00  0.000000e+00  0.000000e+00  0.000000e+00  0.000000e+00  9.429926e-05
7.511370e+04  0.000000e+00  0.000000e+00  0.000000e+00  0.000000e+00  0.000000e+00  0.000000e+00  0.000000e+00  0.000000e+00  0.000000e+00  0.000000e+00  0.000000e+00  0.000000e+00  0.000000e+00  0.000000e+00  0.000000e+00  1.323002e-03
8.427896e+04  0.000000e+00  0.000000e+00  0.000000e+00  0.000000e+00  0.000000e+00  0.000000e+00  0.000000e+00  0.000000e+00  0.000000e+00  0.000000e+00  0.000000e+00  0.000000e+00  0.000000e+00  0.000000e+00  0.000000e+00  0.000000e+00
9.456255e+04  0.000000e+00  0.000000e+00  0.000000e+00  0.000000e+00  0.000000e+00  0.000000e+00  0.000000e+00  0.000000e+00  0.000000e+00  0.000000e+00  0.000000e+00  0.000000e+00  0.000000e+00  0.000000e+00  0.000000e+00  0.000000e+00
1.061009e+05  0.000000e+00  0.000000e+00  0.000000e+00  0.000000e+00  0.000000e+00  0.000000e+00  0.000000e+00  0.000000e+00  0.000000e+00  0.000000e+00  0.000000e+00  0.000000e+00  0.000000e+00  0.000000e+00  0.000000e+00  0.000000e+00
1.190472e+05  0.000000e+00  0.000000e+00  0.000000e+00  0.000000e+00  0.000000e+00  0.000000e+00  0.000000e+00  0.000000e+00  0.000000e+00  0.000000e+00  0.000000e+00  0.000000e+00  0.000000e+00  0.000000e+00  0.000000e+00  0.000000e+00
1.335731e+05  0.000000e+00  0.000000e+00  0.000000e+00  0.000000e+00  0.000000e+00  0.000000e+00  0.000000e+00  0.000000e+00  0.000000e+00  0.000000e+00  0.000000e+00  0.000000e+00  0.000000e+00  0.000000e+00  0.000000e+00  0.000000e+00
1.498715e+05  0.000000e+00  0.000000e+00  0.000000e+00  0.000000e+00  0.000000e+00  0.000000e+00  0.000000e+00  0.000000e+00  0.000000e+00  0.000000e+00  0.000000e+00  0.000000e+00  0.000000e+00  0.000000e+00  0.000000e+00  0.000000e+00
1.681586e+05  0.000000e+00  0.000000e+00  0.000000e+00  0.000000e+00  0.000000e+00  0.000000e+00  0.000000e+00  0.000000e+00  0.000000e+00  0.000000e+00  0.000000e+00  0.000000e+00  0.000000e+00  0.000000e+00  0.000000e+00  0.000000e+00
1.886771e+05  0.000000e+00  0.000000e+00  0.000000e+00  0.000000e+00  0.000000e+00  0.000000e+00  0.000000e+00  0.000000e+00  0.000000e+00  0.000000e+00  0.000000e+00  0.000000e+00  0.000000e+00  0.000000e+00  0.000000e+00  0.000000e+00
2.116992e+05  0.000000e+00  0.000000e+00  0.000000e+00  0.000000e+00  0.000000e+00  0.000000e+00  0.000000e+00  0.000000e+00  0.000000e+00  0.000000e+00  0.000000e+00  0.000000e+00  0.000000e+00  0.000000e+00  0.000000e+00  0.000000e+00
2.375304e+05  0.000000e+00  0.000000e+00  0.000000e+00  0.000000e+00  0.000000e+00  0.000000e+00  0.000000e+00  0.000000e+00  0.000000e+00  0.000000e+00  0.000000e+00  0.000000e+00  0.000000e+00  0.000000e+00  0.000000e+00  0.000000e+00
2.665135e+05  0.000000e+00  0.000000e+00  0.000000e+00  0.000000e+00  0.000000e+00  0.000000e+00  0.000000e+00  0.000000e+00  0.000000e+00  0.000000e+00  0.000000e+00  0.000000e+00  0.000000e+00  0.000000e+00  0.000000e+00  0.000000e+00
2.990330e+05  0.000000e+00  0.000000e+00  0.000000e+00  0.000000e+00  0.000000e+00  0.000000e+00  0.000000e+00  0.000000e+00  0.000000e+00  0.000000e+00  0.000000e+00  0.000000e+00  0.000000e+00  0.000000e+00  0.000000e+00  0.000000e+00
3.355206e+05  0.000000e+00  0.000000e+00  0.000000e+00  0.000000e+00  0.000000e+00  0.000000e+00  0.000000e+00  0.000000e+00  0.000000e+00  0.000000e+00  0.000000e+00  0.000000e+00  0.000000e+00  0.000000e+00  0.000000e+00  0.000000e+00
3.764603e+05  0.000000e+00  0.000000e+00  0.000000e+00  0.000000e+00  0.000000e+00  0.000000e+00  0.000000e+00  0.000000e+00  0.000000e+00  0.000000e+00  0.000000e+00  0.000000e+00  0.000000e+00  0.000000e+00  0.000000e+00  0.000000e+00
4.223954e+05  0.000000e+00  0.000000e+00  0.000000e+00  0.000000e+00  0.000000e+00  0.000000e+00  0.000000e+00  0.000000e+00  0.000000e+00  0.000000e+00  0.000000e+00  0.000000e+00  0.000000e+00  0.000000e+00  0.000000e+00  0.000000e+00
4.739354e+05  0.000000e+00  0.000000e+00  0.000000e+00  0.000000e+00  0.000000e+00  0.000000e+00  0.000000e+00  0.000000e+00  0.000000e+00  0.000000e+00  0.000000e+00  0.000000e+00  0.000000e+00  0.000000e+00  0.000000e+00  0.000000e+00
5.317643e+05  0.000000e+00  0.000000e+00  0.000000e+00  0.000000e+00  0.000000e+00  0.000000e+00  0.000000e+00  0.000000e+00  0.000000e+00  0.000000e+00  0.000000e+00  0.000000e+00  0.000000e+00  0.000000e+00  0.000000e+00  0.000000e+00
5.966493e+05  0.000000e+00  0.000000e+00  0.000000e+00  0.000000e+00  0.000000e+00  0.000000e+00  0.000000e+00  0.000000e+00  0.000000e+00  0.000000e+00  0.000000e+00  0.000000e+00  0.000000e+00  0.000000e+00  0.000000e+00  0.000000e+00
6.694516e+05  0.000000e+00  0.000000e+00  0.000000e+00  0.000000e+00  0.000000e+00  0.000000e+00  0.000000e+00  0.000000e+00  0.000000e+00  0.000000e+00  0.000000e+00  0.000000e+00  0.000000e+00  0.000000e+00  0.000000e+00  0.000000e+00
7.511370e+05  0.000000e+00  0.000000e+00  0.000000e+00  0.000000e+00  0.000000e+00  0.000000e+00  0.000000e+00  0.000000e+00  0.000000e+00  0.000000e+00  0.000000e+00  0.000000e+00  0.000000e+00  0.000000e+00  0.000000e+00  0.000000e+00
8.427896e+05  0.000000e+00  0.000000e+00  0.000000e+00  0.000000e+00  0.000000e+00  0.000000e+00  0.000000e+00  0.000000e+00  0.000000e+00  0.000000e+00  0.000000e+00  0.000000e+00  0.000000e+00  0.000000e+00  0.000000e+00  0.000000e+00
9.456255e+05  0.000000e+00  0.000000e+00  0.000000e+00  0.000000e+00  0.000000e+00  0.000000e+00  0.000000e+00  0.000000e+00  0.000000e+00  0.000000e+00  0.000000e+00  0.000000e+00  0.000000e+00  0.000000e+00  0.000000e+00  0.000000e+00
