# dR/dEr [1/keV/kg/Myr]
# Er [keV], S, F, Ne, Cl, Na, Si, O, P, N, C, Al, Mg, Be, B, Ar, Li
1.061009e+01  3.119302e+02  2.236308e+02  0.000000e+00  0.000000e+00  6.861611e+01  0.000000e+00  2.257691e+01  0.000000e+00  0.000000e+00  0.000000e+00  0.000000e+00  0.000000e+00  1.203808e-01  0.000000e+00  0.000000e+00  0.000000e+00
1.190472e+01  1.206231e+02  1.713487e+01  0.000000e+00  0.000000e+00  3.787259e+01  0.000000e+00  0.000000e+00  0.000000e+00  0.000000e+00  0.000000e+00  0.000000e+00  0.000000e+00  0.000000e+00  0.000000e+00  0.000000e+00  0.000000e+00
1.335731e+01  1.676139e+02  3.552001e+01  0.000000e+00  0.000000e+00  0.000000e+00  0.000000e+00  0.000000e+00  0.000000e+00  0.000000e+00  0.000000e+00  0.000000e+00  0.000000e+00  0.000000e+00  0.000000e+00  0.000000e+00  0.000000e+00
1.498715e+01  4.465259e+01  3.960844e+01  0.000000e+00  0.000000e+00  1.820760e+01  0.000000e+00  7.852598e+00  0.000000e+00  0.000000e+00  0.000000e+00  0.000000e+00  0.000000e+00  0.000000e+00  0.000000e+00  0.000000e+00  0.000000e+00
1.681586e+01  1.096190e+02  3.676715e+01  1.612501e+01  0.000000e+00  3.015036e+01  6.998635e+00  0.000000e+00  0.000000e+00  0.000000e+00  0.000000e+00  0.000000e+00  0.000000e+00  0.000000e+00  0.000000e+00  0.000000e+00  0.000000e+00
1.886771e+01  7.583304e+01  4.874002e+01  0.000000e+00  0.000000e+00  1.437143e+01  0.000000e+00  0.000000e+00  0.000000e+00  0.000000e+00  0.000000e+00  0.000000e+00  0.000000e+00  0.000000e+00  0.000000e+00  0.000000e+00  0.000000e+00
2.116992e+01  7.478527e+01  5.448240e+01  0.000000e+00  0.000000e+00  1.530282e+01  0.000000e+00  6.901445e+00  0.000000e+00  0.000000e+00  0.000000e+00  6.753104e-01  0.000000e+00  0.000000e+00  0.000000e+00  0.000000e+00  0.000000e+00
2.375304e+01  1.373407e+02  2.735519e+01  1.010145e+01  0.000000e+00  2.748395e+01  0.000000e+00  1.141564e+01  0.000000e+00  0.000000e+00  0.000000e+00  0.000000e+00  0.000000e+00  0.000000e+00  0.000000e+00  0.000000e+00  0.000000e+00
2.665135e+01  1.188894e+02  4.189248e+01  5.482013e+00  6.468819e-02  8.982760e+00  0.000000e+00  0.000000e+00  3.507952e+00  0.000000e+00  0.000000e+00  0.000000e+00  0.000000e+00  0.000000e+00  0.000000e+00  0.000000e+00  0.000000e+00
2.990330e+01  1.312440e+02  5.886594e+01  7.055666e+00  0.000000e+00  4.295284e+00  0.000000e+00  8.821471e+00  0.000000e+00  0.000000e+00  0.000000e+00  2.221748e-01  0.000000e+00  1.653851e+00  0.000000e+00  0.000000e+00  0.000000e+00
3.355206e+01  1.717600e+02  4.180510e+01  6.302442e+00  0.000000e+00  1.400994e+01  0.000000e+00  1.084947e+01  0.000000e+00  0.000000e+00  0.000000e+00  1.485489e+00  0.000000e+00  1.231303e+00  0.000000e+00  0.000000e+00  0.000000e+00
3.764603e+01  1.840481e+02  2.709838e+01  6.182394e-03  3.880968e+00  1.525397e+01  0.000000e+00  8.088795e-02  0.000000e+00  0.000000e+00  0.000000e+00  0.000000e+00  0.000000e+00  1.024265e-02  0.000000e+00  0.000000e+00  0.000000e+00
4.223954e+01  1.734133e+02  8.782132e+01  6.186022e-01  0.000000e+00  3.820326e+01  0.000000e+00  5.581543e+00  0.000000e+00  0.000000e+00  0.000000e+00  2.854956e-01  0.000000e+00  1.416940e+01  0.000000e+00  0.000000e+00  0.000000e+00
4.739354e+01  2.441309e+02  9.389751e+01  3.082762e+00  7.544549e+00  1.183831e+01  0.000000e+00  1.120238e+01  0.000000e+00  0.000000e+00  0.000000e+00  0.000000e+00  0.000000e+00  5.695178e+00  0.000000e+00  0.000000e+00  0.000000e+00
5.317643e+01  2.132285e+02  5.515432e+01  7.708193e+00  0.000000e+00  2.663110e+01  0.000000e+00  1.495775e+01  0.000000e+00  0.000000e+00  0.000000e+00  2.688459e-01  0.000000e+00  0.000000e+00  0.000000e+00  0.000000e+00  0.000000e+00
5.966493e+01  2.850819e+02  1.003419e+02  8.557098e+00  4.421209e+00  1.626993e+01  0.000000e+00  1.166934e+01  0.000000e+00  0.000000e+00  0.000000e+00  6.632267e-01  0.000000e+00  1.272378e-01  0.000000e+00  0.000000e+00  0.000000e+00
6.694516e+01  3.086856e+02  8.413286e+01  1.419117e+01  0.000000e+00  3.829432e+01  0.000000e+00  4.076173e+00  0.000000e+00  1.346489e-01  0.000000e+00  2.278912e+00  0.000000e+00  3.988328e+01  0.000000e+00  0.000000e+00  0.000000e+00
7.511370e+01  3.221744e+02  1.114812e+02  1.057453e+01  4.381997e+00  2.155085e+01  0.000000e+00  9.943315e+00  0.000000e+00  0.000000e+00  0.000000e+00  3.478656e-01  0.000000e+00  1.266298e+04  0.000000e+00  0.000000e+00  0.000000e+00
8.427896e+01  4.092432e+02  1.300501e+02  7.727400e+00  1.005403e+01  3.174594e+01  0.000000e+00  1.644177e+01  0.000000e+00  0.000000e+00  0.000000e+00  0.000000e+00  0.000000e+00  1.541030e+04  0.000000e+00  0.000000e+00  0.000000e+00
9.456255e+01  4.117139e+02  1.018123e+02  9.059839e+00  5.306708e+00  2.734473e+01  0.000000e+00  5.107746e+00  0.000000e+00  9.622083e-02  0.000000e+00  8.966957e-04  0.000000e+00  1.159816e+04  0.000000e+00  0.000000e+00  0.000000e+00
1.061009e+02  4.859509e+02  1.321356e+02  7.959352e+00  1.989356e+00  3.952043e+01  0.000000e+00  9.296701e+00  0.000000e+00  0.000000e+00  3.729598e-01  3.022598e+00  0.000000e+00  8.970612e+03  0.000000e+00  0.000000e+00  0.000000e+00
1.190472e+02  5.210242e+02  1.679267e+02  1.739997e+01  2.746848e+00  3.451033e+01  0.000000e+00  5.112568e+00  0.000000e+00  9.885835e-01  1.281526e+00  7.974027e+03  0.000000e+00  6.529744e+03  0.000000e+00  1.212691e-01  0.000000e+00
1.335731e+02  5.878085e+02  1.851504e+02  1.200190e+01  1.742435e-03  4.460776e+01  0.000000e+00  6.454701e+00  0.000000e+00  0.000000e+00  0.000000e+00  6.590453e+03  0.000000e+00  4.789175e+03  0.000000e+00  0.000000e+00  0.000000e+00
1.498715e+02  1.447235e+03  2.126905e+02  9.701165e+00  2.878369e+00  2.712887e+01  0.000000e+00  9.892216e+00  0.000000e+00  1.590838e+00  6.280731e-01  4.944853e+03  0.000000e+00  3.577432e+03  0.000000e+00  0.000000e+00  0.000000e+00
1.681586e+02  2.087431e+03  2.136103e+02  1.188904e+01  3.015036e+00  2.257367e+01  5.042490e-04  1.359121e+01  0.000000e+00  4.552417e-01  0.000000e+00  3.625908e+03  0.000000e+00  2.607086e+03  0.000000e+00  0.000000e+00  0.000000e+00
1.886771e+02  1.208841e+03  2.553429e+02  8.664135e+00  3.115113e+00  4.846265e+01  1.398109e+00  1.222581e+01  9.426497e-01  9.426497e-01  0.000000e+00  2.745808e+03  0.000000e+00  1.941490e+03  0.000000e+00  0.000000e+00  0.000000e+00
2.116992e+02  5.254947e+02  3.150809e+02  1.150772e+01  6.902254e+00  1.969906e+01  8.401374e-01  1.168562e+01  0.000000e+00  0.000000e+00  4.005393e-04  2.135038e+03  0.000000e+00  1.282211e+03  0.000000e+00  1.099402e-03  0.000000e+00
2.375304e+02  3.787066e+02  1.646417e+03  1.806733e+01  6.409311e+00  2.993188e+01  3.927903e-01  1.201659e+01  1.506959e+00  0.000000e+00  4.954654e-01  1.589737e+03  0.000000e+00  9.318586e+02  0.000000e+00  1.157704e+00  0.000000e+00
2.665135e+02  3.113761e+02  1.369373e+03  1.861023e+01  3.878690e+00  4.196589e+01  7.934304e-01  9.448202e+00  0.000000e+00  6.673449e-01  2.848419e-01  1.170222e+03  0.000000e+00  6.704587e+02  0.000000e+00  0.000000e+00  0.000000e+00
2.990330e+02  1.876343e+02  2.059736e+02  1.032061e+01  3.720425e+00  3.316418e+01  2.143916e-02  1.754631e+01  4.697869e-04  1.289474e-03  3.042770e-02  8.846163e+02  0.000000e+00  5.051824e+02  0.000000e+00  0.000000e+00  0.000000e+00
3.355206e+02  1.633747e+02  1.813256e+02  1.206272e+01  4.784599e+00  3.510876e+01  5.300909e-01  1.282731e+01  5.561484e-01  4.354518e-01  4.598411e-01  6.579478e+02  2.262643e-02  3.350535e+02  0.000000e+00  0.000000e+00  3.132693e-03
3.764603e+02  1.091703e+02  1.351380e+02  1.453892e+01  3.369190e+00  3.982565e+01  7.103290e-02  9.251346e+00  0.000000e+00  5.617057e-01  0.000000e+00  4.384012e+02  0.000000e+00  2.476833e+02  0.000000e+00  0.000000e+00  0.000000e+00
4.223954e+02  7.051910e+01  1.111918e+02  9.568469e+00  4.427335e+00  3.337045e+01  3.462242e-01  1.365946e+01  9.383039e-01  4.213987e-01  3.617342e-01  3.371507e+02  0.000000e+00  1.386508e+02  0.000000e+00  5.510065e-04  0.000000e+00
4.739354e+02  5.445415e+01  8.944282e+01  1.342838e+01  8.132807e+00  2.808845e+01  3.917715e-01  1.200331e+01  6.983850e-01  1.972667e-01  0.000000e+00  2.042345e+02  0.000000e+00  9.211806e+01  1.972667e-01  0.000000e+00  0.000000e+00
5.317643e+02  4.145299e+01  5.823434e+01  1.372973e+01  3.805106e+00  3.070131e+01  9.706046e-01  1.137932e+01  1.039383e+00  9.604833e-01  3.645914e-01  1.673835e+02  0.000000e+00  7.330899e+01  1.594575e-04  5.171273e-01  0.000000e+00
5.966493e+02  3.712227e+01  4.952540e+01  1.389124e+01  6.024474e+00  3.003514e+01  7.228865e-01  1.070212e+01  1.048139e+00  5.990735e-01  8.288892e-02  1.241185e+02  0.000000e+00  4.836552e+01  0.000000e+00  6.462678e-04  0.000000e+00
6.694516e+02  2.801308e+01  4.141639e+01  1.724469e+01  9.292613e+00  2.850991e+01  8.042073e-01  1.394395e+01  8.211179e-01  7.209124e-01  1.892627e-01  8.638876e+01  0.000000e+00  2.513589e+01  0.000000e+00  0.000000e+00  0.000000e+00
7.511370e+02  2.256712e+01  3.207188e+01  1.215315e+01  7.592456e+00  1.912304e+01  2.597561e-01  1.041678e+01  1.034894e+00  6.222286e-01  1.343180e-01  5.309371e+01  0.000000e+00  1.824670e+01  0.000000e+00  0.000000e+00  0.000000e+00
8.427896e+02  1.406540e+01  2.618570e+01  1.016522e+01  8.706124e+00  2.087199e+01  6.347339e-01  1.185005e+01  4.242612e-01  1.814209e-01  1.662769e-01  2.907606e+01  0.000000e+00  9.087819e+00  0.000000e+00  2.317916e-01  0.000000e+00
9.456255e+02  1.350617e+01  2.220090e+01  1.344226e+01  5.509303e+00  1.760572e+01  6.638530e-01  1.195584e+01  1.253894e+00  0.000000e+00  5.385869e-01  2.305982e+01  1.823161e-03  7.204128e+00  0.000000e+00  0.000000e+00  0.000000e+00
1.061009e+03  1.243813e+01  1.557696e+01  1.254154e+01  8.662253e+00  1.389111e+01  9.399821e-01  1.143584e+01  9.280395e-01  1.149213e+00  7.267209e-02  1.691342e+01  0.000000e+00  2.343504e+00  1.012067e-02  7.155105e-03  0.000000e+00
1.190472e+03  8.177713e+00  1.351674e+01  1.157971e+01  8.747566e+00  1.084757e+01  8.339603e-01  6.787536e+00  1.110539e+00  4.901478e-01  1.648976e-01  1.051306e+01  0.000000e+00  3.075370e+00  0.000000e+00  0.000000e+00  0.000000e+00
1.335731e+03  8.089021e+00  1.157600e+01  9.393499e+00  6.788664e+00  8.798945e+00  3.904937e-01  9.157524e+00  4.488651e-01  8.093025e-01  1.261155e-01  5.305103e+00  0.000000e+00  8.370771e-01  1.462506e-01  0.000000e+00  0.000000e+00
1.498715e+03  5.167972e+00  8.704816e+00  7.815998e+00  7.105692e+00  5.986555e+00  1.144932e+00  7.799156e+00  1.366618e+00  1.064802e+00  1.985647e-01  3.361470e+00  2.031813e-03  1.618010e+00  0.000000e+00  0.000000e+00  4.534959e-03
1.681586e+03  2.064621e+00  7.884331e+00  5.963619e+00  6.253801e+00  6.937177e+00  6.744218e-01  6.073097e+00  8.453696e-01  7.596741e-01  3.925146e-01  2.944526e+00  0.000000e+00  1.061849e+00  7.131068e-02  0.000000e+00  6.250543e-04
1.886771e+03  2.706389e+00  4.787976e+00  5.996312e+00  8.207050e+00  5.525967e+00  6.747025e-01  5.445313e+00  8.606408e-01  6.509919e-01  3.798717e-01  1.483369e+00  1.036473e-01  1.120750e-01  5.120846e-02  3.384755e-04  0.000000e+00
2.116992e+03  2.281880e+00  4.967398e+00  3.962321e+00  4.966988e+00  2.238802e+00  5.795862e-01  3.972442e+00  7.706530e-01  1.991592e-01  3.359154e-01  6.210156e-01  5.082490e-02  2.848372e-01  1.099402e-04  0.000000e+00  1.099402e-04
2.375304e+03  8.510053e-01  2.994231e+00  3.434898e+00  6.870757e+00  2.173356e+00  9.493051e-01  3.562146e+00  7.429247e-01  5.061202e-01  1.089189e-01  9.065186e-01  5.914266e-05  0.000000e+00  6.018711e-03  0.000000e+00  1.669520e-02
2.665135e+03  9.328311e-01  2.050509e+00  2.777804e+00  5.578102e+00  1.063617e+00  7.080109e-01  2.225989e+00  1.243403e+00  2.726913e-01  5.055112e-01  4.174446e-01  1.309269e-01  9.638120e-02  1.855652e-02  0.000000e+00  5.838625e-02
2.990330e+03  1.754822e-01  1.451834e+00  1.701198e+00  4.268067e+00  9.071577e-01  8.378509e-01  1.578199e+00  8.426759e-01  1.623762e-01  1.234509e-01  3.295626e-01  1.660891e-02  0.000000e+00  1.666746e-02  0.000000e+00  7.653399e-02
3.355206e+03  1.596613e-01  1.662933e+00  1.482064e+00  4.375718e+00  2.718442e-01  8.771836e-01  1.049456e+00  5.403442e-01  1.838602e-01  2.051809e-01  5.112263e-02  8.170273e-02  7.478154e-02  1.980135e-03  0.000000e+00  9.463992e-05
3.764603e+03  6.924579e-02  6.235183e-01  1.053155e+00  2.719565e+00  2.260077e-01  6.144089e-01  6.139864e-01  3.939575e-01  9.848722e-02  1.897923e-01  1.268742e-01  4.842045e-03  2.252398e-05  6.436347e-02  0.000000e+00  2.920964e-02
4.223954e+03  2.857552e-03  5.057091e-01  3.572313e-01  2.226325e+00  7.228984e-02  3.483065e-01  5.611808e-01  4.404003e-01  1.440203e-01  1.098309e-01  1.064129e-01  1.404685e-02  0.000000e+00  6.356168e-02  0.000000e+00  2.016977e-02
4.739354e+03  5.513298e-03  3.038575e-01  5.414119e-01  1.993893e+00  1.078427e-01  3.937624e-01  1.078327e-01  2.972284e-01  6.404820e-02  6.548206e-02  6.252514e-02  2.636742e-02  1.347495e-04  1.158550e-03  0.000000e+00  4.103733e-03
5.317643e+03  5.084785e-02  2.565893e-01  2.873235e-01  1.239467e+00  4.611740e-03  2.698062e-01  2.886124e-02  5.219479e-01  1.694276e-01  8.781858e-02  1.799197e-02  5.449682e-02  0.000000e+00  2.521002e-02  0.000000e+00  6.383430e-02
5.966493e+03  9.846768e-03  1.065793e-01  1.085960e-01  6.584446e-01  4.314535e-02  3.505309e-01  2.934635e-02  1.627620e-01  6.156919e-02  1.438975e-01  1.074503e-03  2.828509e-03  0.000000e+00  6.739302e-03  0.000000e+00  1.302658e-02
6.694516e+03  2.098461e-05  6.874450e-02  1.000708e-01  4.467059e-01  3.361892e-03  4.657466e-01  3.834932e-03  1.033544e-01  6.611413e-02  1.177234e-01  4.054642e-02  8.891235e-02  0.000000e+00  4.081107e-03  0.000000e+00  1.570066e-04
7.511370e+03  1.416085e-03  4.906767e-02  1.152985e-01  3.080571e-01  2.686095e-02  2.124702e-01  2.069898e-02  6.895062e-02  1.591314e-02  7.223859e-02  1.266153e-03  1.164698e-02  0.000000e+00  4.680237e-04  0.000000e+00  5.724322e-02
8.427896e+03  4.695286e-03  2.773217e-02  5.309091e-02  4.304595e-02  5.455976e-03  2.544075e-01  6.150335e-02  1.740561e-01  1.908245e-02  1.243777e-02  3.620408e-02  2.902902e-02  0.000000e+00  2.503143e-04  0.000000e+00  7.016424e-03
9.456255e+03  0.000000e+00  8.547128e-03  5.202730e-02  1.381006e-01  6.541011e-03  1.777438e-01  2.461255e-05  5.463354e-02  2.883105e-02  1.551460e-02  7.331343e-02  3.464873e-02  0.000000e+00  1.422859e-02  0.000000e+00  7.025783e-04
1.061009e+04  0.000000e+00  4.810299e-02  2.459540e-02  8.181340e-02  1.369357e-03  1.105160e-01  7.279697e-03  4.990891e-02  6.625159e-04  2.494496e-02  1.958734e-02  2.564460e-02  0.000000e+00  1.324039e-05  0.000000e+00  1.247187e-02
1.190472e+04  0.000000e+00  8.499571e-05  8.829127e-05  3.703358e-02  0.000000e+00  3.206479e-02  7.122707e-06  1.454984e-03  2.360103e-05  2.269974e-02  8.834537e-02  2.016218e-02  0.000000e+00  1.514373e-03  0.000000e+00  3.696549e-03
1.335731e+04  0.000000e+00  4.714011e-03  2.785439e-02  4.755824e-02  0.000000e+00  4.698150e-02  2.886772e-05  5.485687e-03  4.863111e-04  1.594956e-02  7.980609e-03  2.148978e-03  0.000000e+00  0.000000e+00  0.000000e+00  4.673271e-03
1.498715e+04  0.000000e+00  7.981119e-03  2.031813e-04  1.753692e-03  0.000000e+00  1.973368e-02  0.000000e+00  3.250047e-02  5.065426e-04  2.682965e-03  3.105894e-05  3.230466e-02  0.000000e+00  2.490295e-05  0.000000e+00  1.463870e-02
1.681586e+04  0.000000e+00  4.646950e-04  8.354123e-06  9.249142e-04  0.000000e+00  3.443445e-02  5.042490e-06  1.694360e-03  0.000000e+00  1.810856e-04  1.025239e-04  8.543588e-05  0.000000e+00  5.825047e-03  0.000000e+00  8.888794e-03
1.886771e+04  0.000000e+00  8.338556e-04  0.000000e+00  4.980045e-03  0.000000e+00  2.214417e-02  0.000000e+00  1.540768e-02  0.000000e+00  0.000000e+00  4.228462e-03  5.123953e-03  0.000000e+00  1.248383e-02  0.000000e+00  6.228231e-03
2.116992e+04  0.000000e+00  4.005393e-06  0.000000e+00  2.997568e-03  0.000000e+00  2.221969e-05  0.000000e+00  1.869227e-03  0.000000e+00  0.000000e+00  0.000000e+00  4.416250e-03  0.000000e+00  2.081136e-02  0.000000e+00  1.869227e-03
2.375304e+04  0.000000e+00  0.000000e+00  0.000000e+00  3.569810e-06  0.000000e+00  1.952087e-03  4.425046e-05  2.699030e-04  0.000000e+00  3.196068e-04  2.082076e-03  1.182853e-05  0.000000e+00  0.000000e+00  0.000000e+00  6.336573e-03
2.665135e+04  0.000000e+00  3.943826e-05  0.000000e+00  4.490203e-03  0.000000e+00  0.000000e+00  0.000000e+00  0.000000e+00  0.000000e+00  2.396223e-05  0.000000e+00  0.000000e+00  0.000000e+00  0.000000e+00  0.000000e+00  3.943826e-05
2.990330e+04  0.000000e+00  0.000000e+00  0.000000e+00  3.014414e-04  0.000000e+00  0.000000e+00  0.000000e+00  0.000000e+00  0.000000e+00  0.000000e+00  0.000000e+00  5.158330e-04  0.000000e+00  1.868243e-03  0.000000e+00  8.813323e-04
3.355206e+04  0.000000e+00  0.000000e+00  0.000000e+00  0.000000e+00  0.000000e+00  0.000000e+00  0.000000e+00  0.000000e+00  0.000000e+00  0.000000e+00  0.000000e+00  6.936760e-06  0.000000e+00  8.195916e-03  0.000000e+00  3.806775e-05
3.764603e+04  0.000000e+00  0.000000e+00  0.000000e+00  8.088795e-05  0.000000e+00  0.000000e+00  0.000000e+00  0.000000e+00  0.000000e+00  0.000000e+00  0.000000e+00  2.394434e-04  0.000000e+00  8.088795e-05  0.000000e+00  2.252398e-06
4.223954e+04  0.000000e+00  0.000000e+00  0.000000e+00  4.081549e-05  0.000000e+00  0.000000e+00  0.000000e+00  3.950289e-03  0.000000e+00  0.000000e+00  0.000000e+00  2.888215e-04  0.000000e+00  0.000000e+00  0.000000e+00  0.000000e+00
4.739354e+04  0.000000e+00  0.000000e+00  0.000000e+00  0.000000e+00  0.000000e+00  0.000000e+00  0.000000e+00  1.789143e-06  0.000000e+00  0.000000e+00  0.000000e+00  3.816598e-05  0.000000e+00  1.901967e-04  0.000000e+00  0.000000e+00
5.317643e+04  0.000000e+00  0.000000e+00  0.000000e+00  0.000000e+00  0.000000e+00  0.000000e+00  0.000000e+00  0.000000e+00  0.000000e+00  0.000000e+00  0.000000e+00  0.000000e+00  0.000000e+00  0.000000e+00  0.000000e+00  0.000000e+00
5.966493e+04  0.000000e+00  0.000000e+00  0.000000e+00  0.000000e+00  0.000000e+00  0.000000e+00  0.000000e+00  0.000000e+00  0.000000e+00  0.000000e+00  0.000000e+00  0.000000e+00  0.000000e+00  0.000000e+00  0.000000e+00  0.000000e+00
6.694516e+04  0.000000e+00  0.000000e+00  0.000000e+00  0.000000e+00  0.000000e+00  0.000000e+00  0.000000e+00  0.000000e+00  0.000000e+00  0.000000e+00  0.000000e+00  0.000000e+00  0.000000e+00  0.000000e+00  0.000000e+00  9.703183e-05
7.511370e+04  0.000000e+00  0.000000e+00  0.000000e+00  0.000000e+00  0.000000e+00  0.000000e+00  0.000000e+00  0.000000e+00  0.000000e+00  0.000000e+00  0.000000e+00  0.000000e+00  0.000000e+00  0.000000e+00  0.000000e+00  1.591314e-03
8.427896e+04  0.000000e+00  0.000000e+00  0.000000e+00  0.000000e+00  0.000000e+00  0.000000e+00  0.000000e+00  0.000000e+00  0.000000e+00  0.000000e+00  0.000000e+00  0.000000e+00  0.000000e+00  0.000000e+00  0.000000e+00  0.000000e+00
9.456255e+04  0.000000e+00  0.000000e+00  0.000000e+00  0.000000e+00  0.000000e+00  0.000000e+00  0.000000e+00  0.000000e+00  0.000000e+00  0.000000e+00  0.000000e+00  0.000000e+00  0.000000e+00  0.000000e+00  0.000000e+00  0.000000e+00
1.061009e+05  0.000000e+00  0.000000e+00  0.000000e+00  0.000000e+00  0.000000e+00  0.000000e+00  0.000000e+00  0.000000e+00  0.000000e+00  0.000000e+00  0.000000e+00  0.000000e+00  0.000000e+00  0.000000e+00  0.000000e+00  0.000000e+00
1.190472e+05  0.000000e+00  0.000000e+00  0.000000e+00  0.000000e+00  0.000000e+00  0.000000e+00  0.000000e+00  0.000000e+00  0.000000e+00  0.000000e+00  0.000000e+00  0.000000e+00  0.000000e+00  0.000000e+00  0.000000e+00  0.000000e+00
1.335731e+05  0.000000e+00  0.000000e+00  0.000000e+00  0.000000e+00  0.000000e+00  0.000000e+00  0.000000e+00  0.000000e+00  0.000000e+00  0.000000e+00  0.000000e+00  0.000000e+00  0.000000e+00  0.000000e+00  0.000000e+00  0.000000e+00
1.498715e+05  0.000000e+00  0.000000e+00  0.000000e+00  0.000000e+00  0.000000e+00  0.000000e+00  0.000000e+00  0.000000e+00  0.000000e+00  0.000000e+00  0.000000e+00  0.000000e+00  0.000000e+00  0.000000e+00  0.000000e+00  0.000000e+00
1.681586e+05  0.000000e+00  0.000000e+00  0.000000e+00  0.000000e+00  0.000000e+00  0.000000e+00  0.000000e+00  0.000000e+00  0.000000e+00  0.000000e+00  0.000000e+00  0.000000e+00  0.000000e+00  0.000000e+00  0.000000e+00  0.000000e+00
1.886771e+05  0.000000e+00  0.000000e+00  0.000000e+00  0.000000e+00  0.000000e+00  0.000000e+00  0.000000e+00  0.000000e+00  0.000000e+00  0.000000e+00  0.000000e+00  0.000000e+00  0.000000e+00  0.000000e+00  0.000000e+00  0.000000e+00
2.116992e+05  0.000000e+00  0.000000e+00  0.000000e+00  0.000000e+00  0.000000e+00  0.000000e+00  0.000000e+00  0.000000e+00  0.000000e+00  0.000000e+00  0.000000e+00  0.000000e+00  0.000000e+00  0.000000e+00  0.000000e+00  0.000000e+00
2.375304e+05  0.000000e+00  0.000000e+00  0.000000e+00  0.000000e+00  0.000000e+00  0.000000e+00  0.000000e+00  0.000000e+00  0.000000e+00  0.000000e+00  0.000000e+00  0.000000e+00  0.000000e+00  0.000000e+00  0.000000e+00  0.000000e+00
2.665135e+05  0.000000e+00  0.000000e+00  0.000000e+00  0.000000e+00  0.000000e+00  0.000000e+00  0.000000e+00  0.000000e+00  0.000000e+00  0.000000e+00  0.000000e+00  0.000000e+00  0.000000e+00  0.000000e+00  0.000000e+00  0.000000e+00
2.990330e+05  0.000000e+00  0.000000e+00  0.000000e+00  0.000000e+00  0.000000e+00  0.000000e+00  0.000000e+00  0.000000e+00  0.000000e+00  0.000000e+00  0.000000e+00  0.000000e+00  0.000000e+00  0.000000e+00  0.000000e+00  0.000000e+00
3.355206e+05  0.000000e+00  0.000000e+00  0.000000e+00  0.000000e+00  0.000000e+00  0.000000e+00  0.000000e+00  0.000000e+00  0.000000e+00  0.000000e+00  0.000000e+00  0.000000e+00  0.000000e+00  0.000000e+00  0.000000e+00  0.000000e+00
3.764603e+05  0.000000e+00  0.000000e+00  0.000000e+00  0.000000e+00  0.000000e+00  0.000000e+00  0.000000e+00  0.000000e+00  0.000000e+00  0.000000e+00  0.000000e+00  0.000000e+00  0.000000e+00  0.000000e+00  0.000000e+00  0.000000e+00
4.223954e+05  0.000000e+00  0.000000e+00  0.000000e+00  0.000000e+00  0.000000e+00  0.000000e+00  0.000000e+00  0.000000e+00  0.000000e+00  0.000000e+00  0.000000e+00  0.000000e+00  0.000000e+00  0.000000e+00  0.000000e+00  0.000000e+00
4.739354e+05  0.000000e+00  0.000000e+00  0.000000e+00  0.000000e+00  0.000000e+00  0.000000e+00  0.000000e+00  0.000000e+00  0.000000e+00  0.000000e+00  0.000000e+00  0.000000e+00  0.000000e+00  0.000000e+00  0.000000e+00  0.000000e+00
5.317643e+05  0.000000e+00  0.000000e+00  0.000000e+00  0.000000e+00  0.000000e+00  0.000000e+00  0.000000e+00  0.000000e+00  0.000000e+00  0.000000e+00  0.000000e+00  0.000000e+00  0.000000e+00  0.000000e+00  0.000000e+00  0.000000e+00
5.966493e+05  0.000000e+00  0.000000e+00  0.000000e+00  0.000000e+00  0.000000e+00  0.000000e+00  0.000000e+00  0.000000e+00  0.000000e+00  0.000000e+00  0.000000e+00  0.000000e+00  0.000000e+00  0.000000e+00  0.000000e+00  0.000000e+00
6.694516e+05  0.000000e+00  0.000000e+00  0.000000e+00  0.000000e+00  0.000000e+00  0.000000e+00  0.000000e+00  0.000000e+00  0.000000e+00  0.000000e+00  0.000000e+00  0.000000e+00  0.000000e+00  0.000000e+00  0.000000e+00  0.000000e+00
7.511370e+05  0.000000e+00  0.000000e+00  0.000000e+00  0.000000e+00  0.000000e+00  0.000000e+00  0.000000e+00  0.000000e+00  0.000000e+00  0.000000e+00  0.000000e+00  0.000000e+00  0.000000e+00  0.000000e+00  0.000000e+00  0.000000e+00
8.427896e+05  0.000000e+00  0.000000e+00  0.000000e+00  0.000000e+00  0.000000e+00  0.000000e+00  0.000000e+00  0.000000e+00  0.000000e+00  0.000000e+00  0.000000e+00  0.000000e+00  0.000000e+00  0.000000e+00  0.000000e+00  0.000000e+00
9.456255e+05  0.000000e+00  0.000000e+00  0.000000e+00  0.000000e+00  0.000000e+00  0.000000e+00  0.000000e+00  0.000000e+00  0.000000e+00  0.000000e+00  0.000000e+00  0.000000e+00  0.000000e+00  0.000000e+00  0.000000e+00  0.000000e+00
