# dR/dEr [1/keV/kg/Myr]
# Er [keV], S, F, Ne, Cl, Na, Si, O, P, N, C, Al, Mg, Be, B, Ar, Li
1.061009e+01  1.804214e+04  1.253850e+04  0.000000e+00  0.000000e+00  3.745283e+03  0.000000e+00  1.249905e+03  0.000000e+00  0.000000e+00  0.000000e+00  0.000000e+00  0.000000e+00  3.225954e+00  0.000000e+00  0.000000e+00  0.000000e+00
1.190472e+01  6.994764e+03  1.010617e+03  0.000000e+00  0.000000e+00  2.174822e+03  0.000000e+00  0.000000e+00  0.000000e+00  0.000000e+00  0.000000e+00  0.000000e+00  0.000000e+00  0.000000e+00  0.000000e+00  0.000000e+00  0.000000e+00
1.335731e+01  1.025658e+04  2.188349e+03  0.000000e+00  0.000000e+00  0.000000e+00  0.000000e+00  0.000000e+00  0.000000e+00  0.000000e+00  0.000000e+00  0.000000e+00  0.000000e+00  0.000000e+00  0.000000e+00  0.000000e+00  0.000000e+00
1.498715e+01  2.628708e+03  2.120046e+03  0.000000e+00  0.000000e+00  1.109078e+03  0.000000e+00  4.141913e+02  0.000000e+00  0.000000e+00  0.000000e+00  0.000000e+00  0.000000e+00  0.000000e+00  0.000000e+00  0.000000e+00  0.000000e+00
1.681586e+01  6.601915e+03  1.747950e+03  9.863789e+02  0.000000e+00  1.804219e+03  3.691483e+02  0.000000e+00  0.000000e+00  0.000000e+00  0.000000e+00  0.000000e+00  0.000000e+00  0.000000e+00  0.000000e+00  0.000000e+00  0.000000e+00
1.886771e+01  4.457199e+03  2.553053e+03  0.000000e+00  0.000000e+00  8.791111e+02  0.000000e+00  0.000000e+00  0.000000e+00  0.000000e+00  0.000000e+00  0.000000e+00  0.000000e+00  0.000000e+00  0.000000e+00  0.000000e+00  0.000000e+00
2.116992e+01  4.383310e+03  3.018898e+03  0.000000e+00  0.000000e+00  9.290272e+02  0.000000e+00  3.858737e+02  0.000000e+00  0.000000e+00  0.000000e+00  1.498342e+01  0.000000e+00  0.000000e+00  0.000000e+00  0.000000e+00  0.000000e+00
2.375304e+01  8.211471e+03  1.563597e+03  2.317933e+02  0.000000e+00  1.452743e+03  0.000000e+00  6.983028e+02  0.000000e+00  0.000000e+00  0.000000e+00  0.000000e+00  0.000000e+00  0.000000e+00  0.000000e+00  0.000000e+00  0.000000e+00
2.665135e+01  7.004035e+03  1.897179e+03  3.065103e+02  1.317362e+00  4.974311e+02  0.000000e+00  0.000000e+00  9.097254e+01  0.000000e+00  0.000000e+00  0.000000e+00  0.000000e+00  0.000000e+00  0.000000e+00  0.000000e+00  0.000000e+00
2.990330e+01  7.446008e+03  3.366696e+03  3.777457e+02  0.000000e+00  1.947328e+02  0.000000e+00  4.807650e+02  0.000000e+00  0.000000e+00  0.000000e+00  4.335764e+00  0.000000e+00  2.656912e+01  0.000000e+00  0.000000e+00  0.000000e+00
3.355206e+01  9.170741e+03  2.200227e+03  3.765325e+02  0.000000e+00  8.296464e+02  0.000000e+00  4.696387e+02  0.000000e+00  0.000000e+00  0.000000e+00  2.400398e+01  0.000000e+00  2.529857e+01  0.000000e+00  0.000000e+00  0.000000e+00
3.764603e+01  1.037840e+04  1.485115e+03  1.836823e-01  2.169927e+02  6.483059e+02  0.000000e+00  1.303415e+00  0.000000e+00  0.000000e+00  0.000000e+00  0.000000e+00  0.000000e+00  2.889685e-01  0.000000e+00  0.000000e+00  0.000000e+00
4.223954e+01  1.012721e+04  4.996737e+03  1.260893e+01  0.000000e+00  2.131272e+03  0.000000e+00  2.941788e+02  0.000000e+00  0.000000e+00  0.000000e+00  5.950161e+00  0.000000e+00  3.408857e+02  0.000000e+00  0.000000e+00  0.000000e+00
4.739354e+01  1.398029e+04  5.424134e+03  1.723634e+02  4.389280e+02  6.776796e+02  0.000000e+00  6.355541e+02  0.000000e+00  0.000000e+00  0.000000e+00  0.000000e+00  0.000000e+00  1.819169e+02  0.000000e+00  0.000000e+00  0.000000e+00
5.317643e+01  1.205871e+04  3.221522e+03  4.239731e+02  0.000000e+00  1.515031e+03  0.000000e+00  8.268983e+02  0.000000e+00  0.000000e+00  0.000000e+00  5.965007e+00  0.000000e+00  0.000000e+00  0.000000e+00  0.000000e+00  0.000000e+00
5.966493e+01  1.622914e+04  5.687594e+03  5.001937e+02  2.409533e+02  8.986004e+02  0.000000e+00  6.133632e+02  0.000000e+00  0.000000e+00  0.000000e+00  1.141564e+01  0.000000e+00  2.649996e+00  0.000000e+00  0.000000e+00  0.000000e+00
6.694516e+01  1.758286e+04  4.925071e+03  7.869458e+02  0.000000e+00  2.111876e+03  0.000000e+00  2.482916e+02  0.000000e+00  3.021333e+00  0.000000e+00  4.666366e+01  0.000000e+00  1.365714e+03  0.000000e+00  0.000000e+00  0.000000e+00
7.511370e+01  1.867069e+04  6.151052e+03  5.768561e+02  2.508329e+02  1.255325e+03  0.000000e+00  5.982172e+02  0.000000e+00  0.000000e+00  0.000000e+00  7.090523e+00  0.000000e+00  4.396190e+05  0.000000e+00  0.000000e+00  0.000000e+00
8.427896e+01  2.366786e+04  7.605241e+03  4.829568e+02  6.219767e+02  1.792100e+03  0.000000e+00  8.407492e+02  0.000000e+00  0.000000e+00  0.000000e+00  0.000000e+00  0.000000e+00  5.321064e+05  0.000000e+00  0.000000e+00  0.000000e+00
9.456255e+01  2.342014e+04  5.876065e+03  4.903061e+02  3.295802e+02  1.492298e+03  0.000000e+00  3.091195e+02  0.000000e+00  2.168486e+00  0.000000e+00  2.954616e-02  0.000000e+00  3.984088e+05  0.000000e+00  0.000000e+00  0.000000e+00
1.061009e+02  2.811538e+04  7.589921e+03  4.492644e+02  1.064895e+02  2.156317e+03  0.000000e+00  5.234847e+02  0.000000e+00  0.000000e+00  6.419485e+00  1.209933e+02  0.000000e+00  3.087207e+05  0.000000e+00  0.000000e+00  0.000000e+00
1.190472e+02  3.008381e+04  9.596312e+03  1.000112e+03  1.656192e+02  1.794603e+03  0.000000e+00  2.215423e+02  0.000000e+00  5.214359e+01  2.624090e+01  2.760093e+05  0.000000e+00  2.237269e+05  0.000000e+00  2.701393e+00  0.000000e+00
1.335731e+02  3.420891e+04  1.083959e+04  6.182846e+02  5.176871e-02  2.588098e+03  0.000000e+00  3.232533e+02  0.000000e+00  0.000000e+00  0.000000e+00  2.263526e+05  0.000000e+00  1.663987e+05  0.000000e+00  0.000000e+00  0.000000e+00
1.498715e+02  8.438466e+04  1.230270e+04  5.448692e+02  1.423254e+02  1.583743e+03  0.000000e+00  5.155017e+02  0.000000e+00  8.316566e+01  1.629165e+01  1.701813e+05  0.000000e+00  1.239460e+05  0.000000e+00  0.000000e+00  0.000000e+00
1.681586e+02  1.215420e+05  1.224937e+04  6.526068e+02  1.804219e+02  1.282232e+03  1.661503e-02  7.138814e+02  0.000000e+00  1.011357e+01  0.000000e+00  1.254597e+05  0.000000e+00  8.853077e+04  0.000000e+00  0.000000e+00  0.000000e+00
1.886771e+02  7.049232e+04  1.463598e+04  4.948064e+02  1.804347e+02  2.700071e+03  7.619612e+01  6.588392e+02  6.094283e+01  6.094283e+01  0.000000e+00  9.533513e+04  0.000000e+00  6.722126e+04  0.000000e+00  0.000000e+00  0.000000e+00
2.116992e+02  3.037740e+04  1.806740e+04  6.428068e+02  3.989114e+02  1.055267e+03  5.431536e+01  6.761479e+02  0.000000e+00  0.000000e+00  1.319778e-02  7.238633e+04  0.000000e+00  4.275608e+04  0.000000e+00  3.266385e-02  0.000000e+00
2.375304e+02  2.193957e+04  9.574953e+04  1.056818e+03  3.612553e+02  1.671171e+03  2.142167e+01  6.508734e+02  8.762345e+01  0.000000e+00  2.613370e+01  5.398640e+04  0.000000e+00  3.111018e+04  0.000000e+00  4.465192e+01  0.000000e+00
2.665135e+02  1.797613e+04  7.979216e+04  1.095306e+03  2.041594e+02  2.349687e+03  4.740263e+01  5.341756e+02  0.000000e+00  4.314422e+01  6.317018e+00  4.045267e+04  0.000000e+00  2.340811e+04  0.000000e+00  0.000000e+00  0.000000e+00
2.990330e+02  1.080223e+04  1.188333e+04  5.695981e+02  2.302527e+02  1.939829e+03  4.104522e-01  9.475311e+02  1.469888e-02  3.637898e-02  6.857356e-01  3.057232e+04  0.000000e+00  1.753955e+04  0.000000e+00  0.000000e+00  0.000000e+00
3.355206e+02  9.371133e+03  1.045269e+04  6.707364e+02  2.880880e+02  2.024928e+03  3.427067e+01  6.882043e+02  3.033076e+01  2.434698e+01  9.415266e+00  2.245879e+04  4.712433e-01  1.110504e+04  0.000000e+00  0.000000e+00  7.714272e-02
3.764603e+02  6.258347e+03  7.650150e+03  8.347199e+02  1.516960e+02  2.225942e+03  1.539096e+00  5.141344e+02  0.000000e+00  3.355849e+01  0.000000e+00  1.566112e+04  0.000000e+00  8.099063e+03  0.000000e+00  0.000000e+00  0.000000e+00
4.223954e+02  4.015833e+03  6.305364e+03  5.175125e+02  2.481120e+02  1.894041e+03  1.934990e+01  7.787806e+02  5.611811e+01  2.723257e+01  7.412062e+00  1.171663e+04  0.000000e+00  4.717727e+03  0.000000e+00  1.637070e-02  0.000000e+00
4.739354e+02  2.964656e+03  5.024206e+03  7.754919e+02  4.794110e+02  1.527844e+03  1.867349e+01  6.721195e+02  3.252973e+01  5.115762e+00  0.000000e+00  6.988900e+03  0.000000e+00  3.347373e+03  5.115762e+00  0.000000e+00  0.000000e+00
5.317643e+02  2.270146e+03  3.269628e+03  7.739970e+02  2.059879e+02  1.743811e+03  5.458896e+01  6.463605e+02  4.893205e+01  5.111337e+01  2.228586e+01  5.589499e+03  0.000000e+00  2.607477e+03  5.254132e-03  1.994528e+01  0.000000e+00
5.966493e+02  2.013024e+03  2.721943e+03  7.750946e+02  3.406988e+02  1.726721e+03  3.330068e+01  5.956808e+02  5.883364e+01  3.860248e+01  1.331610e+00  4.370030e+03  0.000000e+00  1.647021e+03  0.000000e+00  1.823268e-02  0.000000e+00
6.694516e+02  1.505041e+03  2.267134e+03  9.856098e+02  5.185903e+02  1.622733e+03  3.668677e+01  7.909552e+02  4.313924e+01  4.364805e+01  9.574721e+00  2.914965e+03  0.000000e+00  8.328542e+02  0.000000e+00  0.000000e+00  0.000000e+00
7.511370e+02  1.233093e+03  1.784642e+03  6.983796e+02  4.118918e+02  1.104897e+03  1.378057e+01  5.984757e+02  5.970029e+01  2.760782e+01  6.984622e+00  1.823941e+03  0.000000e+00  6.368448e+02  0.000000e+00  0.000000e+00  0.000000e+00
8.427896e+02  7.731975e+02  1.427778e+03  5.674830e+02  5.045071e+02  1.148139e+03  3.673903e+01  6.708818e+02  2.468274e+01  9.851250e+00  3.332914e+00  1.037224e+03  0.000000e+00  3.216744e+02  0.000000e+00  4.896135e+00  0.000000e+00
9.456255e+02  7.151925e+02  1.231937e+03  7.706678e+02  2.937988e+02  1.000405e+03  3.603143e+01  6.749970e+02  7.345014e+01  0.000000e+00  2.929953e+01  7.572369e+02  3.712831e-02  2.552705e+02  0.000000e+00  0.000000e+00  0.000000e+00
1.061009e+03  6.616483e+02  8.375632e+02  7.080003e+02  4.795201e+02  7.958654e+02  4.756519e+01  6.519104e+02  5.497969e+01  5.696662e+01  1.615300e+00  6.068212e+02  0.000000e+00  6.575042e+01  2.237239e-01  1.490202e-01  0.000000e+00
1.190472e+03  4.486953e+02  7.459430e+02  6.397685e+02  4.961651e+02  6.358020e+02  3.700843e+01  3.806995e+02  6.045192e+01  2.895210e+01  3.295089e+00  3.549864e+02  0.000000e+00  1.030035e+02  0.000000e+00  0.000000e+00  0.000000e+00
1.335731e+03  4.048809e+02  6.354498e+02  5.266846e+02  3.859926e+02  5.122855e+02  1.872441e+01  5.139460e+02  1.873757e+01  4.183243e+01  6.481881e+00  1.661741e+02  0.000000e+00  2.814312e+01  3.089253e+00  0.000000e+00  0.000000e+00
1.498715e+03  2.674401e+02  4.822908e+02  4.471189e+02  3.987222e+02  3.449872e+02  5.674937e+01  4.420521e+02  6.732127e+01  4.862364e+01  8.586759e+00  1.234333e+02  3.274031e-02  5.656351e+01  0.000000e+00  0.000000e+00  8.915454e-02
1.681586e+03  1.019985e+02  4.007089e+02  3.236885e+02  3.445657e+02  3.802092e+02  3.961612e+01  3.494477e+02  4.681577e+01  3.789398e+01  1.151213e+01  8.978319e+01  0.000000e+00  5.455399e+01  1.661783e+00  0.000000e+00  1.539200e-02
1.886771e+03  1.220794e+02  2.515307e+02  3.269346e+02  4.642176e+02  3.027234e+02  3.342292e+01  3.132972e+02  4.395247e+01  2.897811e+01  1.486429e+01  5.297521e+01  4.750666e+00  6.695800e+00  8.658866e-01  9.070438e-03  0.000000e+00
2.116992e+03  1.225963e+02  2.568434e+02  2.186938e+02  2.772267e+02  1.192491e+02  2.763728e+01  2.242510e+02  3.900175e+01  1.002711e+01  1.286992e+01  1.580858e+01  2.553385e+00  7.288925e+00  3.266385e-03  0.000000e+00  3.266385e-03
2.375304e+03  4.611163e+01  1.608881e+02  1.872452e+02  3.826789e+02  1.162953e+02  4.302180e+01  2.011482e+02  3.604204e+01  2.453237e+01  5.664737e+00  3.396111e+01  1.850479e-03  0.000000e+00  1.335399e-01  0.000000e+00  2.879241e-01
2.665135e+03  4.275725e+01  9.843309e+01  1.476608e+02  3.067682e+02  5.607623e+01  3.680842e+01  1.286013e+02  6.569129e+01  9.729802e+00  1.967332e+01  1.090092e+01  2.730935e+00  3.114366e+00  2.981104e-01  0.000000e+00  1.190549e+00
2.990330e+03  6.337725e+00  6.540364e+01  8.946008e+01  2.255765e+02  4.640305e+01  4.103701e+01  8.476783e+01  4.712672e+01  4.382711e+00  3.826517e+00  8.103060e+00  2.909492e-01  0.000000e+00  2.693291e-01  0.000000e+00  1.611312e+00
3.355206e+03  6.904279e+00  7.275956e+01  6.045586e+01  2.333952e+02  1.202385e+01  4.579861e+01  6.103878e+01  3.102018e+01  7.752602e+00  8.235748e+00  1.117424e+00  2.575240e+00  2.054156e+00  3.864254e-02  0.000000e+00  2.893673e-03
3.764603e+03  3.589254e+00  2.990054e+01  4.661766e+01  1.463134e+02  7.045290e+00  2.898876e+01  3.179301e+01  2.207734e+01  4.135512e+00  6.543963e+00  3.157436e+00  9.703337e-02  7.421659e-04  1.476389e+00  0.000000e+00  6.482503e-01
4.223954e+03  6.440577e-02  2.641202e+01  1.436589e+01  1.208822e+02  1.630800e+00  1.538535e+01  3.249271e+01  2.161333e+01  4.597619e+00  4.074880e+00  2.427257e+00  2.292276e-01  0.000000e+00  1.720023e+00  0.000000e+00  3.469240e-01
4.739354e+03  1.123772e-01  1.357488e+01  2.281258e+01  1.057904e+02  2.975278e+00  2.111785e+01  4.668044e+00  1.214542e+01  1.394100e+00  1.938517e+00  1.370409e+00  6.053406e-01  3.611006e-03  1.835114e-02  0.000000e+00  8.371668e-02
5.317643e+03  1.755637e+00  8.743821e+00  1.174748e+01  6.507814e+01  9.605045e-02  1.266772e+01  5.923787e-01  2.237161e+01  7.178153e+00  2.340628e+00  3.336858e-01  1.663702e+00  0.000000e+00  6.165757e-01  0.000000e+00  2.084902e+00
5.966493e+03  1.685343e-01  4.927428e+00  2.516084e+00  2.939807e+01  1.401077e+00  1.581881e+01  1.092587e+00  4.870541e+00  2.313515e+00  4.038279e+00  2.057134e-02  6.316243e-02  0.000000e+00  1.170247e-01  0.000000e+00  2.885235e-01
6.694516e+03  6.565748e-04  2.119275e+00  3.484256e+00  1.899395e+01  7.365776e-02  2.037758e+01  8.539598e-02  4.904279e+00  1.463252e+00  3.503567e+00  9.442105e-01  3.805714e+00  0.000000e+00  8.407985e-02  0.000000e+00  3.866295e-03
7.511370e+03  2.758222e-02  1.064517e+00  3.032673e+00  1.719643e+01  5.656958e-01  1.000816e+01  4.596743e-01  2.991195e+00  3.705785e-01  2.117267e+00  2.723956e-02  2.054854e-01  0.000000e+00  8.352789e-03  0.000000e+00  1.310558e+00
8.427896e+03  8.081653e-02  6.034600e-01  1.681811e+00  1.537585e+00  9.537992e-02  9.826694e+00  1.921012e+00  5.016830e+00  4.152608e-01  2.761869e-01  7.413252e-01  6.065577e-01  0.000000e+00  5.456640e-03  0.000000e+00  1.244374e-01
9.456255e+03  0.000000e+00  1.874044e-01  1.609712e+00  5.204690e+00  1.082458e-01  7.439060e+00  7.312525e-04  1.964604e+00  6.445914e-01  3.534201e-01  2.246641e+00  7.419389e-01  0.000000e+00  3.300099e-01  0.000000e+00  1.371089e-02
1.061009e+04  0.000000e+00  1.208604e+00  1.084835e+00  2.217528e+00  3.054758e-02  4.008944e+00  1.330975e-01  1.366206e+00  1.324514e-02  8.390327e-01  3.687655e-01  5.567773e-01  0.000000e+00  4.142707e-04  0.000000e+00  2.881954e-01
1.190472e+04  0.000000e+00  2.387641e-03  2.174177e-03  1.441178e+00  0.000000e+00  8.762893e-01  2.346935e-04  2.869278e-02  7.384383e-04  4.781249e-01  3.161303e+00  4.627232e-01  0.000000e+00  3.398041e-02  0.000000e+00  7.732126e-02
1.335731e+04  0.000000e+00  9.009061e-02  8.602493e-01  1.267447e+00  0.000000e+00  2.099247e+00  8.144240e-04  9.416698e-02  9.398050e-03  3.274331e-01  1.307130e-01  4.435123e-02  0.000000e+00  0.000000e+00  0.000000e+00  7.898440e-02
1.498715e+04  0.000000e+00  1.859156e-01  3.274031e-03  3.534381e-02  0.000000e+00  4.375750e-01  0.000000e+00  1.143526e+00  1.054982e-02  4.658837e-02  9.227783e-04  1.459490e+00  0.000000e+00  7.546703e-04  0.000000e+00  3.094329e-01
1.681586e+04  0.000000e+00  7.923846e-03  2.613871e-04  2.093886e-02  0.000000e+00  9.218939e-01  1.661503e-04  3.477780e-02  0.000000e+00  2.917984e-03  2.087878e-03  2.186120e-03  0.000000e+00  1.061665e-01  0.000000e+00  2.020682e-01
1.886771e+04  0.000000e+00  1.876006e-02  0.000000e+00  1.292268e-01  0.000000e+00  6.174965e-01  0.000000e+00  3.492982e-01  0.000000e+00  0.000000e+00  7.310588e-02  1.313357e-01  0.000000e+00  2.557448e-01  0.000000e+00  1.129993e-01
2.116992e+04  0.000000e+00  1.319778e-04  0.000000e+00  5.079637e-02  0.000000e+00  6.458446e-04  0.000000e+00  3.217364e-02  0.000000e+00  0.000000e+00  0.000000e+00  1.145276e-01  0.000000e+00  5.633165e-01  0.000000e+00  3.217364e-02
2.375304e+04  0.000000e+00  0.000000e+00  0.000000e+00  1.176254e-04  0.000000e+00  3.430006e-02  1.089670e-03  5.167287e-03  0.000000e+00  6.656489e-03  3.344854e-02  3.700958e-04  0.000000e+00  0.000000e+00  0.000000e+00  1.432709e-01
2.665135e+04  0.000000e+00  9.711693e-04  0.000000e+00  1.046081e-01  0.000000e+00  0.000000e+00  0.000000e+00  0.000000e+00  0.000000e+00  6.421378e-04  0.000000e+00  0.000000e+00  0.000000e+00  0.000000e+00  0.000000e+00  9.711693e-04
2.990330e+04  0.000000e+00  0.000000e+00  0.000000e+00  6.763923e-03  0.000000e+00  0.000000e+00  0.000000e+00  0.000000e+00  0.000000e+00  0.000000e+00  0.000000e+00  1.086844e-02  0.000000e+00  3.067364e-02  0.000000e+00  1.805101e-02
3.355206e+04  0.000000e+00  0.000000e+00  0.000000e+00  0.000000e+00  0.000000e+00  0.000000e+00  0.000000e+00  0.000000e+00  0.000000e+00  0.000000e+00  0.000000e+00  2.060950e-04  0.000000e+00  3.161114e-01  0.000000e+00  1.020136e-03
3.764603e+04  0.000000e+00  0.000000e+00  0.000000e+00  1.303415e-03  0.000000e+00  0.000000e+00  0.000000e+00  0.000000e+00  0.000000e+00  0.000000e+00  0.000000e+00  5.372775e-03  0.000000e+00  1.303415e-03  0.000000e+00  7.421659e-05
4.223954e+04  0.000000e+00  0.000000e+00  0.000000e+00  8.311994e-04  0.000000e+00  0.000000e+00  0.000000e+00  8.146641e-02  0.000000e+00  0.000000e+00  0.000000e+00  6.054221e-03  0.000000e+00  0.000000e+00  0.000000e+00  0.000000e+00
4.739354e+04  0.000000e+00  0.000000e+00  0.000000e+00  0.000000e+00  0.000000e+00  0.000000e+00  0.000000e+00  5.895234e-05  0.000000e+00  0.000000e+00  0.000000e+00  7.997596e-04  0.000000e+00  4.267747e-03  0.000000e+00  0.000000e+00
5.317643e+04  0.000000e+00  0.000000e+00  0.000000e+00  0.000000e+00  0.000000e+00  0.000000e+00  0.000000e+00  0.000000e+00  0.000000e+00  0.000000e+00  0.000000e+00  0.000000e+00  0.000000e+00  0.000000e+00  0.000000e+00  0.000000e+00
5.966493e+04  0.000000e+00  0.000000e+00  0.000000e+00  0.000000e+00  0.000000e+00  0.000000e+00  0.000000e+00  0.000000e+00  0.000000e+00  0.000000e+00  0.000000e+00  0.000000e+00  0.000000e+00  0.000000e+00  0.000000e+00  0.000000e+00
6.694516e+04  0.000000e+00  0.000000e+00  0.000000e+00  0.000000e+00  0.000000e+00  0.000000e+00  0.000000e+00  0.000000e+00  0.000000e+00  0.000000e+00  0.000000e+00  0.000000e+00  0.000000e+00  0.000000e+00  0.000000e+00  1.875158e-03
7.511370e+04  0.000000e+00  0.000000e+00  0.000000e+00  0.000000e+00  0.000000e+00  0.000000e+00  0.000000e+00  0.000000e+00  0.000000e+00  0.000000e+00  0.000000e+00  0.000000e+00  0.000000e+00  0.000000e+00  0.000000e+00  3.705785e-02
8.427896e+04  0.000000e+00  0.000000e+00  0.000000e+00  0.000000e+00  0.000000e+00  0.000000e+00  0.000000e+00  0.000000e+00  0.000000e+00  0.000000e+00  0.000000e+00  0.000000e+00  0.000000e+00  0.000000e+00  0.000000e+00  0.000000e+00
9.456255e+04  0.000000e+00  0.000000e+00  0.000000e+00  0.000000e+00  0.000000e+00  0.000000e+00  0.000000e+00  0.000000e+00  0.000000e+00  0.000000e+00  0.000000e+00  0.000000e+00  0.000000e+00  0.000000e+00  0.000000e+00  0.000000e+00
1.061009e+05  0.000000e+00  0.000000e+00  0.000000e+00  0.000000e+00  0.000000e+00  0.000000e+00  0.000000e+00  0.000000e+00  0.000000e+00  0.000000e+00  0.000000e+00  0.000000e+00  0.000000e+00  0.000000e+00  0.000000e+00  0.000000e+00
1.190472e+05  0.000000e+00  0.000000e+00  0.000000e+00  0.000000e+00  0.000000e+00  0.000000e+00  0.000000e+00  0.000000e+00  0.000000e+00  0.000000e+00  0.000000e+00  0.000000e+00  0.000000e+00  0.000000e+00  0.000000e+00  0.000000e+00
1.335731e+05  0.000000e+00  0.000000e+00  0.000000e+00  0.000000e+00  0.000000e+00  0.000000e+00  0.000000e+00  0.000000e+00  0.000000e+00  0.000000e+00  0.000000e+00  0.000000e+00  0.000000e+00  0.000000e+00  0.000000e+00  0.000000e+00
1.498715e+05  0.000000e+00  0.000000e+00  0.000000e+00  0.000000e+00  0.000000e+00  0.000000e+00  0.000000e+00  0.000000e+00  0.000000e+00  0.000000e+00  0.000000e+00  0.000000e+00  0.000000e+00  0.000000e+00  0.000000e+00  0.000000e+00
1.681586e+05  0.000000e+00  0.000000e+00  0.000000e+00  0.000000e+00  0.000000e+00  0.000000e+00  0.000000e+00  0.000000e+00  0.000000e+00  0.000000e+00  0.000000e+00  0.000000e+00  0.000000e+00  0.000000e+00  0.000000e+00  0.000000e+00
1.886771e+05  0.000000e+00  0.000000e+00  0.000000e+00  0.000000e+00  0.000000e+00  0.000000e+00  0.000000e+00  0.000000e+00  0.000000e+00  0.000000e+00  0.000000e+00  0.000000e+00  0.000000e+00  0.000000e+00  0.000000e+00  0.000000e+00
2.116992e+05  0.000000e+00  0.000000e+00  0.000000e+00  0.000000e+00  0.000000e+00  0.000000e+00  0.000000e+00  0.000000e+00  0.000000e+00  0.000000e+00  0.000000e+00  0.000000e+00  0.000000e+00  0.000000e+00  0.000000e+00  0.000000e+00
2.375304e+05  0.000000e+00  0.000000e+00  0.000000e+00  0.000000e+00  0.000000e+00  0.000000e+00  0.000000e+00  0.000000e+00  0.000000e+00  0.000000e+00  0.000000e+00  0.000000e+00  0.000000e+00  0.000000e+00  0.000000e+00  0.000000e+00
2.665135e+05  0.000000e+00  0.000000e+00  0.000000e+00  0.000000e+00  0.000000e+00  0.000000e+00  0.000000e+00  0.000000e+00  0.000000e+00  0.000000e+00  0.000000e+00  0.000000e+00  0.000000e+00  0.000000e+00  0.000000e+00  0.000000e+00
2.990330e+05  0.000000e+00  0.000000e+00  0.000000e+00  0.000000e+00  0.000000e+00  0.000000e+00  0.000000e+00  0.000000e+00  0.000000e+00  0.000000e+00  0.000000e+00  0.000000e+00  0.000000e+00  0.000000e+00  0.000000e+00  0.000000e+00
3.355206e+05  0.000000e+00  0.000000e+00  0.000000e+00  0.000000e+00  0.000000e+00  0.000000e+00  0.000000e+00  0.000000e+00  0.000000e+00  0.000000e+00  0.000000e+00  0.000000e+00  0.000000e+00  0.000000e+00  0.000000e+00  0.000000e+00
3.764603e+05  0.000000e+00  0.000000e+00  0.000000e+00  0.000000e+00  0.000000e+00  0.000000e+00  0.000000e+00  0.000000e+00  0.000000e+00  0.000000e+00  0.000000e+00  0.000000e+00  0.000000e+00  0.000000e+00  0.000000e+00  0.000000e+00
4.223954e+05  0.000000e+00  0.000000e+00  0.000000e+00  0.000000e+00  0.000000e+00  0.000000e+00  0.000000e+00  0.000000e+00  0.000000e+00  0.000000e+00  0.000000e+00  0.000000e+00  0.000000e+00  0.000000e+00  0.000000e+00  0.000000e+00
4.739354e+05  0.000000e+00  0.000000e+00  0.000000e+00  0.000000e+00  0.000000e+00  0.000000e+00  0.000000e+00  0.000000e+00  0.000000e+00  0.000000e+00  0.000000e+00  0.000000e+00  0.000000e+00  0.000000e+00  0.000000e+00  0.000000e+00
5.317643e+05  0.000000e+00  0.000000e+00  0.000000e+00  0.000000e+00  0.000000e+00  0.000000e+00  0.000000e+00  0.000000e+00  0.000000e+00  0.000000e+00  0.000000e+00  0.000000e+00  0.000000e+00  0.000000e+00  0.000000e+00  0.000000e+00
5.966493e+05  0.000000e+00  0.000000e+00  0.000000e+00  0.000000e+00  0.000000e+00  0.000000e+00  0.000000e+00  0.000000e+00  0.000000e+00  0.000000e+00  0.000000e+00  0.000000e+00  0.000000e+00  0.000000e+00  0.000000e+00  0.000000e+00
6.694516e+05  0.000000e+00  0.000000e+00  0.000000e+00  0.000000e+00  0.000000e+00  0.000000e+00  0.000000e+00  0.000000e+00  0.000000e+00  0.000000e+00  0.000000e+00  0.000000e+00  0.000000e+00  0.000000e+00  0.000000e+00  0.000000e+00
7.511370e+05  0.000000e+00  0.000000e+00  0.000000e+00  0.000000e+00  0.000000e+00  0.000000e+00  0.000000e+00  0.000000e+00  0.000000e+00  0.000000e+00  0.000000e+00  0.000000e+00  0.000000e+00  0.000000e+00  0.000000e+00  0.000000e+00
8.427896e+05  0.000000e+00  0.000000e+00  0.000000e+00  0.000000e+00  0.000000e+00  0.000000e+00  0.000000e+00  0.000000e+00  0.000000e+00  0.000000e+00  0.000000e+00  0.000000e+00  0.000000e+00  0.000000e+00  0.000000e+00  0.000000e+00
9.456255e+05  0.000000e+00  0.000000e+00  0.000000e+00  0.000000e+00  0.000000e+00  0.000000e+00  0.000000e+00  0.000000e+00  0.000000e+00  0.000000e+00  0.000000e+00  0.000000e+00  0.000000e+00  0.000000e+00  0.000000e+00  0.000000e+00
