# dR/dEr [1/keV/kg/Myr]
# Er [keV], S, F, Ne, Cl, Na, Si, O, P, N, C, Al, Mg, Be, B, Ar, Li
1.061009e+01  5.262944e+03  3.846217e+03  0.000000e+00  0.000000e+00  1.257797e+03  0.000000e+00  3.724022e+02  0.000000e+00  0.000000e+00  0.000000e+00  0.000000e+00  0.000000e+00  9.990537e+00  0.000000e+00  0.000000e+00  0.000000e+00
1.190472e+01  2.010855e+03  3.321136e+02  0.000000e+00  0.000000e+00  6.338025e+02  0.000000e+00  0.000000e+00  0.000000e+00  0.000000e+00  0.000000e+00  0.000000e+00  0.000000e+00  0.000000e+00  0.000000e+00  0.000000e+00  0.000000e+00
1.335731e+01  2.833181e+03  5.977346e+02  0.000000e+00  0.000000e+00  0.000000e+00  0.000000e+00  0.000000e+00  0.000000e+00  0.000000e+00  0.000000e+00  0.000000e+00  0.000000e+00  0.000000e+00  0.000000e+00  0.000000e+00  0.000000e+00
1.498715e+01  7.429340e+02  7.060891e+02  0.000000e+00  0.000000e+00  3.079628e+02  0.000000e+00  1.287642e+02  0.000000e+00  0.000000e+00  0.000000e+00  0.000000e+00  0.000000e+00  0.000000e+00  0.000000e+00  0.000000e+00  0.000000e+00
1.681586e+01  1.830022e+03  6.560800e+02  2.676176e+02  0.000000e+00  5.070894e+02  1.147613e+02  0.000000e+00  0.000000e+00  0.000000e+00  0.000000e+00  0.000000e+00  0.000000e+00  0.000000e+00  0.000000e+00  0.000000e+00  0.000000e+00
1.886771e+01  1.261975e+03  8.183072e+02  0.000000e+00  0.000000e+00  2.385145e+02  0.000000e+00  0.000000e+00  0.000000e+00  0.000000e+00  0.000000e+00  0.000000e+00  0.000000e+00  0.000000e+00  0.000000e+00  0.000000e+00  0.000000e+00
2.116992e+01  1.255666e+03  9.547858e+02  0.000000e+00  0.000000e+00  2.556088e+02  0.000000e+00  1.144725e+02  0.000000e+00  0.000000e+00  0.000000e+00  3.518227e+01  0.000000e+00  0.000000e+00  0.000000e+00  0.000000e+00  0.000000e+00
2.375304e+01  2.309238e+03  4.580302e+02  1.706172e+02  0.000000e+00  5.002831e+02  0.000000e+00  1.894588e+02  0.000000e+00  0.000000e+00  0.000000e+00  0.000000e+00  0.000000e+00  0.000000e+00  0.000000e+00  0.000000e+00  0.000000e+00
2.665135e+01  2.005856e+03  7.694604e+02  9.092871e+01  4.324902e+00  1.476754e+02  0.000000e+00  0.000000e+00  9.802157e+01  0.000000e+00  0.000000e+00  0.000000e+00  0.000000e+00  0.000000e+00  0.000000e+00  0.000000e+00  0.000000e+00
2.990330e+01  2.214067e+03  9.934098e+02  1.151106e+02  0.000000e+00  1.016765e+02  0.000000e+00  1.455753e+02  0.000000e+00  0.000000e+00  0.000000e+00  1.123098e+01  0.000000e+00  5.098597e+01  0.000000e+00  0.000000e+00  0.000000e+00
3.355206e+01  2.854370e+03  7.264838e+02  1.075788e+02  0.000000e+00  2.335055e+02  0.000000e+00  2.120712e+02  0.000000e+00  0.000000e+00  0.000000e+00  4.648927e+01  0.000000e+00  5.404380e+01  0.000000e+00  0.000000e+00  0.000000e+00
3.764603e+01  3.142575e+03  5.057055e+02  6.195232e-01  6.437259e+01  2.939662e+02  0.000000e+00  4.426103e+00  0.000000e+00  0.000000e+00  0.000000e+00  0.000000e+00  0.000000e+00  9.340071e-01  0.000000e+00  0.000000e+00  0.000000e+00
4.223954e+01  2.931747e+03  1.480346e+03  2.286660e+01  0.000000e+00  6.429707e+02  0.000000e+00  9.220699e+01  0.000000e+00  0.000000e+00  0.000000e+00  1.725486e+01  0.000000e+00  2.968192e+02  0.000000e+00  0.000000e+00  0.000000e+00
4.739354e+01  4.100174e+03  1.586426e+03  5.113297e+01  1.272930e+02  1.980460e+02  0.000000e+00  1.851998e+02  0.000000e+00  0.000000e+00  0.000000e+00  0.000000e+00  0.000000e+00  1.217247e+02  0.000000e+00  0.000000e+00  0.000000e+00
5.317643e+01  3.583802e+03  9.205366e+02  1.274353e+02  0.000000e+00  4.641496e+02  0.000000e+00  2.470207e+02  0.000000e+00  0.000000e+00  0.000000e+00  1.400631e+01  0.000000e+00  0.000000e+00  0.000000e+00  0.000000e+00  0.000000e+00
5.966493e+01  4.778662e+03  1.696770e+03  1.413891e+02  7.296048e+01  2.954472e+02  0.000000e+00  2.170634e+02  0.000000e+00  0.000000e+00  0.000000e+00  2.052688e+01  0.000000e+00  7.101375e+00  0.000000e+00  0.000000e+00  0.000000e+00
6.694516e+01  5.194374e+03  1.424567e+03  2.353873e+02  0.000000e+00  6.391548e+02  0.000000e+00  6.894429e+01  0.000000e+00  8.398099e+00  0.000000e+00  5.237023e+01  0.000000e+00  8.272158e+02  0.000000e+00  0.000000e+00  0.000000e+00
7.511370e+01  5.439124e+03  1.890526e+03  1.895777e+02  7.374554e+01  3.766729e+02  0.000000e+00  1.681477e+02  0.000000e+00  0.000000e+00  0.000000e+00  1.285883e+01  0.000000e+00  2.524234e+05  0.000000e+00  0.000000e+00  0.000000e+00
8.427896e+01  6.912454e+03  2.190626e+03  1.292534e+02  1.737992e+02  5.435175e+02  0.000000e+00  2.834446e+02  0.000000e+00  0.000000e+00  0.000000e+00  0.000000e+00  0.000000e+00  3.066308e+05  0.000000e+00  0.000000e+00  0.000000e+00
9.456255e+01  6.901855e+03  1.712501e+03  1.627746e+02  8.882018e+01  4.792570e+02  0.000000e+00  8.613214e+01  0.000000e+00  6.053964e+00  0.000000e+00  1.085651e-01  0.000000e+00  2.320969e+05  0.000000e+00  0.000000e+00  0.000000e+00
1.061009e+02  8.147421e+03  2.234269e+03  1.377140e+02  3.253933e+01  6.740972e+02  0.000000e+00  1.537213e+02  0.000000e+00  0.000000e+00  1.154311e+01  6.140260e+01  0.000000e+00  1.777632e+05  0.000000e+00  0.000000e+00  0.000000e+00
1.190472e+02  8.733244e+03  2.837579e+03  2.942087e+02  4.685404e+01  6.052737e+02  0.000000e+00  8.505286e+01  0.000000e+00  1.621046e+01  2.944994e+01  1.572483e+05  0.000000e+00  1.303025e+05  0.000000e+00  6.386359e+00  0.000000e+00
1.335731e+02  9.861358e+03  3.110089e+03  2.085637e+02  1.746054e-01  7.611013e+02  0.000000e+00  1.092881e+02  0.000000e+00  0.000000e+00  0.000000e+00  1.308033e+05  0.000000e+00  9.576633e+04  0.000000e+00  0.000000e+00  0.000000e+00
1.498715e+02  2.421496e+04  3.580127e+03  1.617225e+02  4.873666e+01  4.565106e+02  0.000000e+00  1.848032e+02  0.000000e+00  2.686464e+01  1.778461e+01  9.789949e+04  0.000000e+00  7.171499e+04  0.000000e+00  0.000000e+00  0.000000e+00
1.681586e+02  3.488345e+04  3.606517e+03  2.051271e+02  5.070894e+01  3.871362e+02  6.105062e-02  2.372799e+02  0.000000e+00  1.360851e+01  0.000000e+00  7.263978e+04  0.000000e+00  5.239354e+04  0.000000e+00  0.000000e+00  0.000000e+00
1.886771e+02  2.025312e+04  4.281859e+03  1.505233e+02  5.175191e+01  8.242519e+02  2.307213e+01  2.221538e+02  1.583576e+01  1.583576e+01  0.000000e+00  5.435685e+04  0.000000e+00  3.867631e+04  0.000000e+00  0.000000e+00  0.000000e+00
2.116992e+02  8.813115e+03  5.304841e+03  1.940075e+02  1.202059e+02  3.437378e+02  1.411363e+01  1.982367e+02  0.000000e+00  0.000000e+00  4.849423e-02  4.261728e+04  0.000000e+00  2.573218e+04  0.000000e+00  1.101685e-01  0.000000e+00
2.375304e+02  6.367574e+03  2.750435e+04  3.056104e+02  1.080587e+02  5.078937e+02  6.367088e+00  2.127132e+02  2.554631e+01  0.000000e+00  8.124475e+00  3.172331e+04  0.000000e+00  1.878433e+04  0.000000e+00  2.039155e+01  0.000000e+00
2.665135e+02  5.231818e+03  2.289931e+04  3.131616e+02  7.202373e+01  7.234212e+02  1.354337e+01  1.635610e+02  0.000000e+00  1.121086e+01  8.387521e+00  2.332991e+04  0.000000e+00  1.333365e+04  0.000000e+00  0.000000e+00  0.000000e+00
2.990330e+02  3.176169e+03  3.459060e+03  1.720139e+02  6.270963e+01  5.693881e+02  1.045104e+00  3.049901e+02  5.174142e-02  1.175845e-01  1.914431e+00  1.767549e+04  0.000000e+00  9.970549e+03  0.000000e+00  0.000000e+00  0.000000e+00
3.355206e+02  2.775444e+03  3.064431e+03  2.020391e+02  8.238389e+01  5.998360e+02  8.905101e+00  2.227369e+02  9.015107e+00  7.222724e+00  1.079277e+01  1.310939e+04  1.262823e+00  6.791378e+03  0.000000e+00  0.000000e+00  2.343518e-01
3.764603e+02  1.856793e+03  2.279495e+03  2.505851e+02  6.531405e+01  6.753574e+02  4.007872e+00  1.605675e+02  0.000000e+00  9.587973e+00  0.000000e+00  8.714762e+03  0.000000e+00  4.955723e+03  0.000000e+00  0.000000e+00  0.000000e+00
4.223954e+02  1.197109e+03  1.888964e+03  1.599170e+02  7.705625e+01  5.698694e+02  5.773844e+00  2.317923e+02  1.723280e+01  7.110204e+00  8.355337e+00  6.662925e+03  0.000000e+00  2.724065e+03  0.000000e+00  5.521507e-02  0.000000e+00
4.739354e+02  9.341871e+02  1.528314e+03  2.273346e+02  1.363912e+02  4.822176e+02  7.697478e+00  2.138554e+02  1.422807e+01  5.512158e+00  0.000000e+00  4.109935e+03  0.000000e+00  1.846066e+03  5.512158e+00  0.000000e+00  0.000000e+00
5.317643e+02  7.197866e+02  1.000725e+03  2.353743e+02  6.399013e+01  5.161840e+02  1.617111e+01  1.922170e+02  1.833843e+01  1.793276e+01  7.236129e+00  3.391620e+03  0.000000e+00  1.440300e+03  1.930590e-02  9.108571e+00  0.000000e+00
5.966493e+02  6.424510e+02  8.592384e+02  2.402320e+02  1.085046e+02  5.059418e+02  1.412866e+01  1.859973e+02  1.868223e+01  1.020860e+01  2.555352e+00  2.463525e+03  0.000000e+00  9.581248e+02  0.000000e+00  5.893187e-02  0.000000e+00
6.694516e+02  4.899098e+02  7.219707e+02  2.949819e+02  1.620312e+02  4.834256e+02  1.478981e+01  2.378416e+02  1.406105e+01  1.211397e+01  3.722482e+00  1.706983e+03  0.000000e+00  5.322053e+02  0.000000e+00  0.000000e+00  0.000000e+00
7.511370e+02  3.961516e+02  5.609214e+02  2.061622e+02  1.308536e+02  3.235012e+02  4.652326e+00  1.776711e+02  1.758444e+01  1.116988e+01  2.577532e+00  1.093404e+03  0.000000e+00  3.732433e+02  0.000000e+00  0.000000e+00  0.000000e+00
8.427896e+02  2.481412e+02  4.626913e+02  1.743593e+02  1.473585e+02  3.547945e+02  1.050488e+01  2.011981e+02  7.158209e+00  3.287956e+00  5.399058e+00  5.876925e+02  0.000000e+00  1.870357e+02  0.000000e+00  4.524936e+00  0.000000e+00
9.456255e+02  2.398806e+02  3.860909e+02  2.319576e+02  9.521071e+01  2.988352e+02  1.252640e+01  2.055149e+02  2.109815e+01  0.000000e+00  9.909200e+00  4.780771e+02  1.218923e-01  1.450914e+02  0.000000e+00  0.000000e+00  0.000000e+00
1.061009e+03  2.189424e+02  2.693172e+02  2.167738e+02  1.482957e+02  2.381729e+02  1.608882e+01  1.938536e+02  1.582026e+01  2.082738e+01  2.195541e+00  3.469967e+02  0.000000e+00  5.128376e+01  6.385208e-01  3.993397e-01  0.000000e+00
1.190472e+03  1.466489e+02  2.340643e+02  1.988266e+02  1.507679e+02  1.815866e+02  1.478248e+01  1.170443e+02  1.939356e+01  8.438496e+00  5.783538e+00  2.108886e+02  0.000000e+00  6.036243e+01  0.000000e+00  0.000000e+00  0.000000e+00
1.335731e+03  1.436063e+02  2.049506e+02  1.626952e+02  1.157428e+02  1.485421e+02  7.513485e+00  1.541909e+02  7.566664e+00  1.416938e+01  2.723995e+00  1.036126e+02  0.000000e+00  1.990591e+01  2.855042e+00  0.000000e+00  0.000000e+00
1.498715e+03  9.129288e+01  1.531480e+02  1.341583e+02  1.228624e+02  1.023547e+02  2.163078e+01  1.333099e+02  2.369974e+01  1.960112e+01  4.431216e+00  6.411329e+01  1.111787e-01  3.276026e+01  0.000000e+00  0.000000e+00  2.319869e-01
1.681586e+03  3.819008e+01  1.409269e+02  1.031750e+02  1.069722e+02  1.192225e+02  1.203239e+01  1.026054e+02  1.573764e+01  1.398419e+01  7.960726e+00  5.948408e+01  0.000000e+00  2.018199e+01  1.884446e+00  0.000000e+00  4.675932e-02
1.886771e+03  5.009685e+01  8.733402e+01  1.049675e+02  1.386859e+02  9.566998e+01  1.262523e+01  9.174890e+01  1.590136e+01  1.095228e+01  8.052487e+00  3.077375e+01  2.092475e+00  1.913052e+00  1.681755e+00  2.809046e-02  0.000000e+00
2.116992e+03  4.046291e+01  9.035897e+01  6.842861e+01  8.438807e+01  3.936141e+01  1.092893e+01  6.777566e+01  1.412805e+01  3.688928e+00  6.255625e+00  1.432003e+01  1.066222e+00  5.498643e+00  1.101685e-02  0.000000e+00  1.101685e-02
2.375304e+03  1.648611e+01  5.334171e+01  6.130683e+01  1.188596e+02  3.900015e+01  1.815278e+01  6.118532e+01  1.308030e+01  8.383242e+00  2.233581e+00  1.879744e+01  6.513858e-03  0.000000e+00  3.135623e-01  0.000000e+00  5.199339e-01
2.665135e+03  1.713882e+01  3.774752e+01  4.881514e+01  9.846796e+01  1.916927e+01  1.226575e+01  3.841583e+01  2.241832e+01  4.862187e+00  9.623543e+00  9.369347e+00  2.779471e+00  1.796721e+00  5.720720e-01  0.000000e+00  1.378001e+00
2.990330e+03  3.746645e+00  2.647742e+01  3.076661e+01  7.466403e+01  1.628463e+01  1.549758e+01  2.718647e+01  1.470371e+01  3.978657e+00  3.536322e+00  7.387346e+00  5.875207e-01  0.000000e+00  5.216182e-01  0.000000e+00  1.931720e+00
3.355206e+03  3.608611e+00  3.067720e+01  2.784634e+01  7.736166e+01  5.478127e+00  1.584721e+01  1.760551e+01  9.641254e+00  3.563545e+00  4.079751e+00  1.625826e+00  1.557185e+00  1.253797e+00  1.000962e-01  0.000000e+00  1.001094e-02
3.764603e+03  1.431037e+00  1.183499e+01  1.993572e+01  4.791343e+01  4.397634e+00  1.197782e+01  1.024874e+01  7.089599e+00  2.337360e+00  4.216025e+00  3.062994e+00  2.693595e-01  2.727031e-03  1.121218e+00  0.000000e+00  1.120937e+00
4.223954e+03  1.863304e-01  9.129685e+00  7.341846e+00  3.865446e+01  1.739114e+00  6.116861e+00  9.575569e+00  8.079887e+00  3.207216e+00  2.854213e+00  2.403625e+00  4.891920e-01  0.000000e+00  1.217224e+00  0.000000e+00  6.524804e-01
4.739354e+03  2.037988e-01  6.029117e+00  1.016277e+01  3.517131e+01  2.030439e+00  7.230490e+00  2.086688e+00  5.450820e+00  1.367622e+00  1.766830e+00  1.738751e+00  7.135551e-01  1.118301e-02  5.344597e-02  0.000000e+00  2.348830e-01
5.317643e+03  1.025119e+00  5.242659e+00  6.252125e+00  2.168552e+01  2.433926e-01  5.167321e+00  6.754363e-01  9.734901e+00  3.493670e+00  2.246446e+00  7.646243e-01  1.065018e+00  0.000000e+00  8.158802e-01  0.000000e+00  1.302813e+00
5.966493e+03  3.549498e-01  2.417814e+00  2.766715e+00  1.204028e+01  8.711698e-01  6.446795e+00  6.999116e-01  3.668953e+00  1.459754e+00  2.835638e+00  5.237930e-02  1.576570e-01  0.000000e+00  2.141518e-01  0.000000e+00  3.956961e-01
6.694516e+03  2.311204e-03  1.646471e+00  2.274547e+00  8.592558e+00  1.832833e-01  9.058494e+00  2.203718e-01  2.280803e+00  1.530547e+00  2.425919e+00  1.200318e+00  1.711875e+00  0.000000e+00  1.583351e-01  0.000000e+00  1.174541e-02
7.511370e+03  7.859129e-02  1.257968e+00  2.214451e+00  5.529638e+00  5.493125e-01  4.436550e+00  6.056816e-01  1.729869e+00  4.171938e-01  1.392582e+00  7.554872e-02  3.791740e-01  0.000000e+00  2.823094e-02  0.000000e+00  1.311049e+00
8.427896e+03  1.453192e-01  9.431146e-01  1.139633e+00  1.237408e+00  1.824009e-01  5.465541e+00  1.084871e+00  3.957518e+00  5.308201e-01  4.459699e-01  8.319830e-01  7.794344e-01  0.000000e+00  1.784860e-02  0.000000e+00  2.630522e-01
9.456255e+03  0.000000e+00  2.678385e-01  1.131081e+00  3.000577e+00  2.030158e-01  3.654298e+00  2.466366e-03  1.379544e+00  7.546002e-01  4.418453e-01  1.517407e+00  9.860015e-01  0.000000e+00  4.168425e-01  0.000000e+00  3.551547e-02
1.061009e+04  0.000000e+00  8.822747e-01  4.855183e-01  1.753999e+00  7.239601e-02  2.444130e+00  2.969208e-01  9.541269e-01  3.496718e-02  6.546853e-01  6.199552e-01  6.257844e-01  0.000000e+00  1.458271e-03  0.000000e+00  3.715840e-01
1.190472e+04  0.000000e+00  7.710828e-03  6.604930e-03  9.224566e-01  0.000000e+00  7.758380e-01  8.623629e-04  7.847310e-02  2.599371e-03  6.351746e-01  1.605967e+00  3.412883e-01  0.000000e+00  9.445196e-02  0.000000e+00  1.712394e-01
1.335731e+04  0.000000e+00  1.903091e-01  5.698489e-01  1.116085e+00  0.000000e+00  8.987621e-01  2.632390e-03  1.943209e-01  2.416555e-02  4.744624e-01  2.596195e-01  8.706435e-02  0.000000e+00  0.000000e+00  0.000000e+00  1.716183e-01
1.498715e+04  0.000000e+00  2.097772e-01  1.111787e-02  8.813495e-02  0.000000e+00  4.133088e-01  0.000000e+00  6.305819e-01  2.827108e-02  8.525535e-02  3.112344e-03  5.655276e-01  0.000000e+00  2.588549e-03  0.000000e+00  3.469749e-01
1.681586e+04  0.000000e+00  2.667213e-02  9.201070e-04  5.092157e-02  0.000000e+00  7.486369e-01  6.105062e-04  6.744461e-02  0.000000e+00  9.908809e-03  6.854508e-03  6.766914e-03  0.000000e+00  2.101852e-01  0.000000e+00  2.599517e-01
1.886771e+04  0.000000e+00  4.550617e-02  0.000000e+00  1.408668e-01  0.000000e+00  4.854021e-01  0.000000e+00  3.475098e-01  0.000000e+00  0.000000e+00  1.326324e-01  1.481104e-01  0.000000e+00  2.701329e-01  0.000000e+00  2.177886e-01
2.116992e+04  0.000000e+00  4.849423e-04  0.000000e+00  1.067965e-01  0.000000e+00  2.145868e-03  0.000000e+00  5.785260e-02  0.000000e+00  0.000000e+00  0.000000e+00  1.234018e-01  0.000000e+00  4.265409e-01  0.000000e+00  5.785260e-02
2.375304e+04  0.000000e+00  0.000000e+00  0.000000e+00  4.322053e-04  0.000000e+00  6.619857e-02  3.310307e-03  1.315708e-02  0.000000e+00  1.783785e-02  6.418754e-02  1.302772e-03  0.000000e+00  0.000000e+00  0.000000e+00  1.848912e-01
2.665135e+04  0.000000e+00  2.950314e-03  0.000000e+00  1.181617e-01  0.000000e+00  0.000000e+00  0.000000e+00  0.000000e+00  0.000000e+00  1.988652e-03  0.000000e+00  0.000000e+00  0.000000e+00  0.000000e+00  0.000000e+00  2.950314e-03
2.990330e+04  0.000000e+00  0.000000e+00  0.000000e+00  1.880100e-02  0.000000e+00  0.000000e+00  0.000000e+00  0.000000e+00  0.000000e+00  0.000000e+00  0.000000e+00  2.925204e-02  0.000000e+00  6.143702e-02  0.000000e+00  3.316066e-02
3.355206e+04  0.000000e+00  0.000000e+00  0.000000e+00  0.000000e+00  0.000000e+00  0.000000e+00  0.000000e+00  0.000000e+00  0.000000e+00  0.000000e+00  0.000000e+00  6.951165e-04  0.000000e+00  1.443611e-01  0.000000e+00  3.159285e-03
3.764603e+04  0.000000e+00  0.000000e+00  0.000000e+00  4.426103e-03  0.000000e+00  0.000000e+00  0.000000e+00  0.000000e+00  0.000000e+00  0.000000e+00  0.000000e+00  1.493417e-02  0.000000e+00  4.426103e-03  0.000000e+00  2.727031e-04
4.223954e+04  0.000000e+00  0.000000e+00  0.000000e+00  2.728829e-03  0.000000e+00  0.000000e+00  0.000000e+00  1.006341e-01  0.000000e+00  0.000000e+00  0.000000e+00  1.762116e-02  0.000000e+00  0.000000e+00  0.000000e+00  0.000000e+00
4.739354e+04  0.000000e+00  0.000000e+00  0.000000e+00  0.000000e+00  0.000000e+00  0.000000e+00  0.000000e+00  2.166158e-04  0.000000e+00  0.000000e+00  0.000000e+00  2.648687e-03  0.000000e+00  1.186263e-02  0.000000e+00  0.000000e+00
5.317643e+04  0.000000e+00  0.000000e+00  0.000000e+00  0.000000e+00  0.000000e+00  0.000000e+00  0.000000e+00  0.000000e+00  0.000000e+00  0.000000e+00  0.000000e+00  0.000000e+00  0.000000e+00  0.000000e+00  0.000000e+00  0.000000e+00
5.966493e+04  0.000000e+00  0.000000e+00  0.000000e+00  0.000000e+00  0.000000e+00  0.000000e+00  0.000000e+00  0.000000e+00  0.000000e+00  0.000000e+00  0.000000e+00  0.000000e+00  0.000000e+00  0.000000e+00  0.000000e+00  0.000000e+00
6.694516e+04  0.000000e+00  0.000000e+00  0.000000e+00  0.000000e+00  0.000000e+00  0.000000e+00  0.000000e+00  0.000000e+00  0.000000e+00  0.000000e+00  0.000000e+00  0.000000e+00  0.000000e+00  0.000000e+00  0.000000e+00  4.821662e-03
7.511370e+04  0.000000e+00  0.000000e+00  0.000000e+00  0.000000e+00  0.000000e+00  0.000000e+00  0.000000e+00  0.000000e+00  0.000000e+00  0.000000e+00  0.000000e+00  0.000000e+00  0.000000e+00  0.000000e+00  0.000000e+00  4.171938e-02
8.427896e+04  0.000000e+00  0.000000e+00  0.000000e+00  0.000000e+00  0.000000e+00  0.000000e+00  0.000000e+00  0.000000e+00  0.000000e+00  0.000000e+00  0.000000e+00  0.000000e+00  0.000000e+00  0.000000e+00  0.000000e+00  0.000000e+00
9.456255e+04  0.000000e+00  0.000000e+00  0.000000e+00  0.000000e+00  0.000000e+00  0.000000e+00  0.000000e+00  0.000000e+00  0.000000e+00  0.000000e+00  0.000000e+00  0.000000e+00  0.000000e+00  0.000000e+00  0.000000e+00  0.000000e+00
1.061009e+05  0.000000e+00  0.000000e+00  0.000000e+00  0.000000e+00  0.000000e+00  0.000000e+00  0.000000e+00  0.000000e+00  0.000000e+00  0.000000e+00  0.000000e+00  0.000000e+00  0.000000e+00  0.000000e+00  0.000000e+00  0.000000e+00
1.190472e+05  0.000000e+00  0.000000e+00  0.000000e+00  0.000000e+00  0.000000e+00  0.000000e+00  0.000000e+00  0.000000e+00  0.000000e+00  0.000000e+00  0.000000e+00  0.000000e+00  0.000000e+00  0.000000e+00  0.000000e+00  0.000000e+00
1.335731e+05  0.000000e+00  0.000000e+00  0.000000e+00  0.000000e+00  0.000000e+00  0.000000e+00  0.000000e+00  0.000000e+00  0.000000e+00  0.000000e+00  0.000000e+00  0.000000e+00  0.000000e+00  0.000000e+00  0.000000e+00  0.000000e+00
1.498715e+05  0.000000e+00  0.000000e+00  0.000000e+00  0.000000e+00  0.000000e+00  0.000000e+00  0.000000e+00  0.000000e+00  0.000000e+00  0.000000e+00  0.000000e+00  0.000000e+00  0.000000e+00  0.000000e+00  0.000000e+00  0.000000e+00
1.681586e+05  0.000000e+00  0.000000e+00  0.000000e+00  0.000000e+00  0.000000e+00  0.000000e+00  0.000000e+00  0.000000e+00  0.000000e+00  0.000000e+00  0.000000e+00  0.000000e+00  0.000000e+00  0.000000e+00  0.000000e+00  0.000000e+00
1.886771e+05  0.000000e+00  0.000000e+00  0.000000e+00  0.000000e+00  0.000000e+00  0.000000e+00  0.000000e+00  0.000000e+00  0.000000e+00  0.000000e+00  0.000000e+00  0.000000e+00  0.000000e+00  0.000000e+00  0.000000e+00  0.000000e+00
2.116992e+05  0.000000e+00  0.000000e+00  0.000000e+00  0.000000e+00  0.000000e+00  0.000000e+00  0.000000e+00  0.000000e+00  0.000000e+00  0.000000e+00  0.000000e+00  0.000000e+00  0.000000e+00  0.000000e+00  0.000000e+00  0.000000e+00
2.375304e+05  0.000000e+00  0.000000e+00  0.000000e+00  0.000000e+00  0.000000e+00  0.000000e+00  0.000000e+00  0.000000e+00  0.000000e+00  0.000000e+00  0.000000e+00  0.000000e+00  0.000000e+00  0.000000e+00  0.000000e+00  0.000000e+00
2.665135e+05  0.000000e+00  0.000000e+00  0.000000e+00  0.000000e+00  0.000000e+00  0.000000e+00  0.000000e+00  0.000000e+00  0.000000e+00  0.000000e+00  0.000000e+00  0.000000e+00  0.000000e+00  0.000000e+00  0.000000e+00  0.000000e+00
2.990330e+05  0.000000e+00  0.000000e+00  0.000000e+00  0.000000e+00  0.000000e+00  0.000000e+00  0.000000e+00  0.000000e+00  0.000000e+00  0.000000e+00  0.000000e+00  0.000000e+00  0.000000e+00  0.000000e+00  0.000000e+00  0.000000e+00
3.355206e+05  0.000000e+00  0.000000e+00  0.000000e+00  0.000000e+00  0.000000e+00  0.000000e+00  0.000000e+00  0.000000e+00  0.000000e+00  0.000000e+00  0.000000e+00  0.000000e+00  0.000000e+00  0.000000e+00  0.000000e+00  0.000000e+00
3.764603e+05  0.000000e+00  0.000000e+00  0.000000e+00  0.000000e+00  0.000000e+00  0.000000e+00  0.000000e+00  0.000000e+00  0.000000e+00  0.000000e+00  0.000000e+00  0.000000e+00  0.000000e+00  0.000000e+00  0.000000e+00  0.000000e+00
4.223954e+05  0.000000e+00  0.000000e+00  0.000000e+00  0.000000e+00  0.000000e+00  0.000000e+00  0.000000e+00  0.000000e+00  0.000000e+00  0.000000e+00  0.000000e+00  0.000000e+00  0.000000e+00  0.000000e+00  0.000000e+00  0.000000e+00
4.739354e+05  0.000000e+00  0.000000e+00  0.000000e+00  0.000000e+00  0.000000e+00  0.000000e+00  0.000000e+00  0.000000e+00  0.000000e+00  0.000000e+00  0.000000e+00  0.000000e+00  0.000000e+00  0.000000e+00  0.000000e+00  0.000000e+00
5.317643e+05  0.000000e+00  0.000000e+00  0.000000e+00  0.000000e+00  0.000000e+00  0.000000e+00  0.000000e+00  0.000000e+00  0.000000e+00  0.000000e+00  0.000000e+00  0.000000e+00  0.000000e+00  0.000000e+00  0.000000e+00  0.000000e+00
5.966493e+05  0.000000e+00  0.000000e+00  0.000000e+00  0.000000e+00  0.000000e+00  0.000000e+00  0.000000e+00  0.000000e+00  0.000000e+00  0.000000e+00  0.000000e+00  0.000000e+00  0.000000e+00  0.000000e+00  0.000000e+00  0.000000e+00
6.694516e+05  0.000000e+00  0.000000e+00  0.000000e+00  0.000000e+00  0.000000e+00  0.000000e+00  0.000000e+00  0.000000e+00  0.000000e+00  0.000000e+00  0.000000e+00  0.000000e+00  0.000000e+00  0.000000e+00  0.000000e+00  0.000000e+00
7.511370e+05  0.000000e+00  0.000000e+00  0.000000e+00  0.000000e+00  0.000000e+00  0.000000e+00  0.000000e+00  0.000000e+00  0.000000e+00  0.000000e+00  0.000000e+00  0.000000e+00  0.000000e+00  0.000000e+00  0.000000e+00  0.000000e+00
8.427896e+05  0.000000e+00  0.000000e+00  0.000000e+00  0.000000e+00  0.000000e+00  0.000000e+00  0.000000e+00  0.000000e+00  0.000000e+00  0.000000e+00  0.000000e+00  0.000000e+00  0.000000e+00  0.000000e+00  0.000000e+00  0.000000e+00
9.456255e+05  0.000000e+00  0.000000e+00  0.000000e+00  0.000000e+00  0.000000e+00  0.000000e+00  0.000000e+00  0.000000e+00  0.000000e+00  0.000000e+00  0.000000e+00  0.000000e+00  0.000000e+00  0.000000e+00  0.000000e+00  0.000000e+00
