# dR/dEr [1/keV/kg/Myr]
# Er [keV], S, F, Ne, Cl, Na, Si, O, P, N, C, Al, Mg, Be, B, Ar, Li
1.061009e+01  2.780215e+00  2.512867e+00  0.000000e+00  0.000000e+00  1.647734e+00  0.000000e+00  1.507469e-01  0.000000e+00  0.000000e+00  0.000000e+00  0.000000e+00  0.000000e+00  9.595923e-02  0.000000e+00  0.000000e+00  0.000000e+00
1.190472e+01  8.016263e-01  6.159854e-01  0.000000e+00  0.000000e+00  2.577115e-01  0.000000e+00  0.000000e+00  0.000000e+00  0.000000e+00  0.000000e+00  0.000000e+00  0.000000e+00  0.000000e+00  0.000000e+00  0.000000e+00  0.000000e+00
1.335731e+01  1.205219e+00  2.954829e-01  0.000000e+00  0.000000e+00  0.000000e+00  0.000000e+00  0.000000e+00  0.000000e+00  0.000000e+00  0.000000e+00  0.000000e+00  0.000000e+00  0.000000e+00  0.000000e+00  0.000000e+00  0.000000e+00
1.498715e+01  2.953814e-01  7.130531e-01  0.000000e+00  0.000000e+00  1.957180e-01  0.000000e+00  4.701876e-02  0.000000e+00  0.000000e+00  0.000000e+00  0.000000e+00  0.000000e+00  0.000000e+00  0.000000e+00  0.000000e+00  0.000000e+00
1.681586e+01  7.308393e-01  5.286991e-01  1.044901e-01  0.000000e+00  2.101904e-01  4.190552e-02  0.000000e+00  0.000000e+00  0.000000e+00  0.000000e+00  0.000000e+00  0.000000e+00  0.000000e+00  0.000000e+00  0.000000e+00  0.000000e+00
1.886771e+01  4.976001e-01  5.097700e-01  0.000000e+00  0.000000e+00  9.312688e-02  0.000000e+00  0.000000e+00  0.000000e+00  0.000000e+00  0.000000e+00  0.000000e+00  0.000000e+00  0.000000e+00  0.000000e+00  0.000000e+00  0.000000e+00
2.116992e+01  5.361757e-01  7.129798e-01  0.000000e+00  0.000000e+00  1.018066e-01  0.000000e+00  4.395405e-02  0.000000e+00  0.000000e+00  0.000000e+00  2.533485e-01  0.000000e+00  0.000000e+00  0.000000e+00  0.000000e+00  0.000000e+00
2.375304e+01  9.885278e-01  1.850977e-01  2.110672e-01  0.000000e+00  4.436827e-01  0.000000e+00  7.397331e-02  0.000000e+00  0.000000e+00  0.000000e+00  0.000000e+00  0.000000e+00  0.000000e+00  0.000000e+00  0.000000e+00  0.000000e+00
2.665135e+01  1.021291e+00  7.822330e-01  3.491394e-02  4.413151e-02  5.488880e-02  0.000000e+00  0.000000e+00  2.616836e-01  0.000000e+00  0.000000e+00  0.000000e+00  0.000000e+00  0.000000e+00  0.000000e+00  0.000000e+00  0.000000e+00
2.990330e+01  1.027773e+00  4.571884e-01  4.136782e-02  0.000000e+00  3.733352e-01  0.000000e+00  5.468229e-02  0.000000e+00  0.000000e+00  0.000000e+00  1.042003e-01  0.000000e+00  2.369737e-01  0.000000e+00  0.000000e+00  0.000000e+00
3.355206e+01  1.340229e+00  4.564967e-01  4.783975e-02  0.000000e+00  9.196875e-02  0.000000e+00  2.361709e-01  0.000000e+00  0.000000e+00  0.000000e+00  2.209634e-01  0.000000e+00  4.003643e-01  0.000000e+00  0.000000e+00  0.000000e+00
3.764603e+01  1.776704e+00  6.991426e-01  5.617771e-03  2.471718e-02  4.215302e-01  0.000000e+00  4.503523e-02  0.000000e+00  0.000000e+00  0.000000e+00  0.000000e+00  0.000000e+00  8.698939e-03  0.000000e+00  0.000000e+00  0.000000e+00
4.223954e+01  1.527430e+00  7.406620e-01  1.446133e-01  0.000000e+00  3.453051e-01  0.000000e+00  4.111871e-02  0.000000e+00  0.000000e+00  0.000000e+00  1.472222e-01  0.000000e+00  5.886562e-01  0.000000e+00  0.000000e+00  0.000000e+00
4.739354e+01  1.862614e+00  7.362040e-01  1.963355e-02  5.350150e-02  1.000296e-01  0.000000e+00  7.044770e-02  0.000000e+00  0.000000e+00  0.000000e+00  0.000000e+00  0.000000e+00  3.345797e-01  0.000000e+00  0.000000e+00  0.000000e+00
5.317643e+01  1.809140e+00  3.700819e-01  4.824853e-02  0.000000e+00  4.190112e-01  0.000000e+00  9.325652e-02  0.000000e+00  0.000000e+00  0.000000e+00  1.008599e-01  0.000000e+00  0.000000e+00  0.000000e+00  0.000000e+00  0.000000e+00
5.966493e+01  2.114553e+00  9.059446e-01  5.396723e-02  2.740606e-02  3.409815e-01  0.000000e+00  2.460544e-01  0.000000e+00  0.000000e+00  0.000000e+00  1.123124e-01  0.000000e+00  6.138152e-02  0.000000e+00  0.000000e+00  0.000000e+00
6.694516e+01  2.485720e+00  7.736941e-01  9.130636e-02  0.000000e+00  3.088800e-01  0.000000e+00  4.381579e-02  0.000000e+00  6.756575e-02  0.000000e+00  9.438919e-02  0.000000e+00  1.506855e+00  0.000000e+00  0.000000e+00  0.000000e+00
7.511370e+01  2.611744e+00  1.012350e+00  1.638594e-01  3.075071e-02  2.375441e-01  0.000000e+00  7.143147e-02  0.000000e+00  0.000000e+00  0.000000e+00  8.132204e-02  0.000000e+00  4.446842e+02  0.000000e+00  0.000000e+00  0.000000e+00
8.427896e+01  3.241683e+00  1.002887e+00  5.195696e-02  1.226271e-01  2.857546e-01  0.000000e+00  2.138496e-01  0.000000e+00  0.000000e+00  0.000000e+00  0.000000e+00  0.000000e+00  5.332081e+02  0.000000e+00  0.000000e+00  0.000000e+00
9.456255e+01  3.102938e+00  8.160076e-01  1.234158e-01  3.574323e-02  4.352736e-01  0.000000e+00  3.901855e-02  0.000000e+00  4.876563e-02  0.000000e+00  9.327379e-04  0.000000e+00  4.103950e+02  0.000000e+00  0.000000e+00  0.000000e+00
1.061009e+02  3.493220e+00  1.140938e+00  1.160409e-01  1.249034e-02  3.653226e-01  0.000000e+00  6.488992e-02  0.000000e+00  0.000000e+00  6.315789e-02  8.965385e-02  0.000000e+00  3.054559e+02  0.000000e+00  0.000000e+00  0.000000e+00
1.190472e+02  3.744765e+00  1.445063e+00  1.287866e-01  3.234545e-02  5.469506e-01  0.000000e+00  5.907799e-02  0.000000e+00  5.919312e-03  5.307894e-02  2.636259e+02  0.000000e+00  2.274131e+02  0.000000e+00  4.619970e-02  0.000000e+00
1.335731e+02  4.283838e+00  1.438977e+00  1.519601e-01  1.583303e-03  4.153566e-01  0.000000e+00  5.740066e-02  0.000000e+00  0.000000e+00  0.000000e+00  2.241437e+02  0.000000e+00  1.697016e+02  0.000000e+00  0.000000e+00  0.000000e+00
1.498715e+02  1.010277e+01  1.711437e+00  6.532351e-02  2.247278e-02  1.982992e-01  0.000000e+00  2.362749e-01  0.000000e+00  2.071609e-02  4.993135e-02  1.678695e+02  0.000000e+00  1.273094e+02  0.000000e+00  0.000000e+00  0.000000e+00
1.681586e+02  1.430782e+01  1.851649e+00  1.164489e-01  2.101904e-02  2.711273e-01  5.245171e-04  1.826142e-01  0.000000e+00  4.589778e-02  0.000000e+00  1.298897e+02  0.000000e+00  9.280337e+01  0.000000e+00  0.000000e+00  0.000000e+00
1.886771e+02  8.635459e+00  1.924432e+00  9.745494e-02  2.008945e-02  4.342150e-01  8.666558e-03  2.077848e-01  6.491164e-03  6.491164e-03  0.000000e+00  9.341297e+01  0.000000e+00  6.599889e+01  0.000000e+00  0.000000e+00  0.000000e+00
2.116992e+02  3.924168e+00  2.542935e+00  1.075717e-01  8.070771e-02  2.591705e-01  5.785256e-03  1.107464e-01  0.000000e+00  0.000000e+00  4.166387e-04  7.545837e+01  0.000000e+00  4.645737e+01  0.000000e+00  9.989967e-04  0.000000e+00
2.375304e+02  2.897745e+00  1.125393e+01  1.549806e-01  6.000839e-02  3.250000e-01  2.241216e-03  1.914292e-01  1.205364e-02  0.000000e+00  2.966683e-03  5.629536e+01  0.000000e+00  3.499032e+01  0.000000e+00  1.139222e-02  0.000000e+00
2.665135e+02  2.428432e+00  9.460160e+00  1.422150e-01  7.267397e-02  4.754073e-01  6.022668e-03  1.282807e-01  0.000000e+00  4.595392e-03  2.704944e-02  4.036391e+01  0.000000e+00  2.308685e+01  0.000000e+00  0.000000e+00  0.000000e+00
2.990330e+02  1.641780e+00  1.600815e+00  7.920843e-02  3.098042e-02  3.520756e-01  9.712791e-03  2.157182e-01  4.567324e-04  1.095132e-03  1.542105e-02  3.117406e+01  0.000000e+00  1.693078e+01  0.000000e+00  0.000000e+00  0.000000e+00
3.355206e+02  1.513446e+00  1.527544e+00  1.010209e-01  5.127602e-02  3.403019e-01  3.650249e-03  1.437389e-01  3.173319e-03  2.773313e-03  2.233861e-02  2.316749e+01  1.091535e-02  1.244891e+01  0.000000e+00  0.000000e+00  2.362637e-03
3.764603e+02  1.021641e+00  1.122854e+00  1.581952e-01  7.447172e-02  3.534349e-01  3.163533e-02  1.104404e-01  0.000000e+00  4.263723e-03  0.000000e+00  1.481570e+01  0.000000e+00  8.731719e+00  0.000000e+00  0.000000e+00  0.000000e+00
4.223954e+02  6.605969e-01  1.070430e+00  7.548729e-02  6.009905e-02  3.330579e-01  2.526263e-03  1.269546e-01  2.354025e-02  3.222838e-03  1.546036e-02  1.123124e+01  0.000000e+00  4.471761e+00  0.000000e+00  5.006844e-04  0.000000e+00
4.739354e+02  6.031915e-01  9.102015e-01  1.175895e-01  6.537323e-02  2.983083e-01  1.610265e-02  1.998302e-01  1.790605e-02  1.471555e-02  0.000000e+00  7.524891e+00  0.000000e+00  3.286126e+00  1.471555e-02  0.000000e+00  0.000000e+00
5.317643e+02  5.221599e-01  6.781187e-01  1.580067e-01  3.810608e-02  2.522823e-01  6.961720e-03  1.006725e-01  1.955781e-02  1.816936e-02  1.460095e-02  6.338734e+00  0.000000e+00  2.377514e+00  1.658669e-04  5.088717e-03  0.000000e+00
5.966493e+02  4.774554e-01  6.272362e-01  1.539638e-01  1.054675e-01  2.488273e-01  1.967372e-02  1.472554e-01  1.840422e-02  6.076654e-03  1.187682e-02  4.204096e+00  0.000000e+00  1.674514e+00  0.000000e+00  5.488659e-04  0.000000e+00
6.694516e+02  4.005766e-01  5.670594e-01  1.787787e-01  1.214566e-01  2.549191e-01  1.348155e-02  1.387886e-01  6.806750e-03  5.022339e-03  7.809194e-03  2.880673e+00  0.000000e+00  1.064328e+00  0.000000e+00  0.000000e+00  0.000000e+00
7.511370e+02  3.116624e-01  4.216205e-01  1.201135e-01  9.228457e-02  1.614796e-01  7.394904e-03  1.062052e-01  1.093108e-02  1.086078e-02  5.584442e-03  2.036327e+00  0.000000e+00  7.185232e-01  0.000000e+00  0.000000e+00  0.000000e+00
8.427896e+02  2.272160e-01  3.939232e-01  1.148529e-01  6.943233e-02  2.003172e-01  4.025052e-03  1.136103e-01  3.008611e-03  4.938871e-03  2.381898e-02  1.077214e+00  0.000000e+00  4.093147e-01  0.000000e+00  6.739864e-03  0.000000e+00
9.456255e+02  2.237931e-01  2.833618e-01  1.492702e-01  6.931852e-02  1.670781e-01  1.392264e-02  1.173552e-01  9.116771e-03  0.000000e+00  1.425805e-02  9.495669e-01  1.243795e-03  2.611540e-01  0.000000e+00  0.000000e+00  0.000000e+00
1.061009e+03  1.926741e-01  1.908492e-01  1.485649e-01  9.173342e-02  1.505672e-01  1.027630e-02  1.038205e-01  9.691337e-03  2.293965e-02  7.670368e-03  6.432115e-01  0.000000e+00  1.123874e-01  5.371644e-03  3.451736e-03  0.000000e+00
1.190472e+03  1.403644e-01  1.694993e-01  1.291851e-01  9.652423e-02  8.092238e-02  1.293544e-02  7.301847e-02  2.062491e-02  6.347814e-03  2.967919e-02  4.111340e-01  0.000000e+00  8.801513e-02  0.000000e+00  0.000000e+00  0.000000e+00
1.335731e+03  1.299330e-01  1.790644e-01  1.157392e-01  6.767093e-02  7.280177e-02  1.310733e-02  7.568907e-02  6.769820e-03  1.286561e-02  7.770400e-03  1.806758e-01  0.000000e+00  4.954242e-02  4.252566e-03  0.000000e+00  0.000000e+00
1.498715e+03  8.206651e-02  1.319959e-01  8.646859e-02  8.990573e-02  6.898970e-02  3.069730e-02  8.343872e-02  1.962808e-02  2.020565e-02  1.361449e-02  9.259536e-02  1.131234e-03  5.480440e-02  0.000000e+00  0.000000e+00  2.156464e-03
1.681586e+03  5.182956e-02  1.286903e-01  7.982811e-02  6.577070e-02  7.850480e-02  1.246115e-02  4.963206e-02  2.013772e-02  1.608790e-02  1.501670e-02  1.101375e-01  0.000000e+00  2.425738e-02  4.286827e-03  0.000000e+00  4.714081e-04
1.886771e+03  6.206098e-02  9.491777e-02  8.423408e-02  7.123847e-02  6.965753e-02  1.650967e-02  4.750143e-02  1.730443e-02  8.612773e-03  1.589604e-02  5.407740e-02  4.248953e-03  8.507245e-04  9.248463e-03  2.698092e-04  0.000000e+00
2.116992e+03  3.932718e-02  9.565703e-02  4.708128e-02  5.025775e-02  3.325408e-02  1.079660e-02  4.064565e-02  1.392400e-02  6.396292e-03  1.073321e-02  3.523313e-02  2.784954e-03  1.164263e-02  9.989967e-05  0.000000e+00  9.989967e-05
2.375304e+03  2.984705e-02  5.144518e-02  5.678782e-02  8.105047e-02  3.998280e-02  2.644565e-02  3.731310e-02  9.121824e-03  4.747628e-03  5.478967e-03  3.570384e-02  5.749921e-05  0.000000e+00  2.257971e-03  0.000000e+00  2.858292e-03
2.665135e+03  2.113584e-02  4.605379e-02  4.050401e-02  8.038358e-02  2.116753e-02  8.944037e-03  2.487443e-02  2.034856e-02  5.711022e-03  1.073226e-02  2.431922e-02  4.816167e-03  3.191099e-03  2.658889e-03  0.000000e+00  3.007089e-03
2.990330e+03  1.155777e-02  3.047458e-02  2.990368e-02  5.520538e-02  1.544283e-02  1.842868e-02  1.874127e-02  1.311768e-02  1.329182e-02  1.443482e-02  1.768851e-02  3.949404e-03  0.000000e+00  2.479250e-03  0.000000e+00  4.633408e-03
3.355206e+03  7.240708e-03  3.863209e-02  3.858722e-02  6.597497e-02  9.514806e-03  1.767040e-02  7.415987e-03  1.091334e-02  5.293894e-03  9.141762e-03  7.020252e-03  2.960369e-03  1.298419e-03  9.286859e-04  0.000000e+00  8.932056e-05
3.764603e+03  3.613271e-03  1.754747e-02  2.927326e-02  3.935562e-02  7.018585e-03  2.011885e-02  5.344689e-03  6.696126e-03  8.284910e-03  1.177889e-02  9.839874e-03  2.396015e-03  2.342932e-05  1.779396e-03  0.000000e+00  6.055080e-03
4.223954e+03  1.601635e-03  8.630983e-03  1.554404e-02  3.053618e-02  4.981846e-03  6.966977e-03  6.636582e-03  1.036137e-02  7.245862e-03  1.049130e-02  6.138974e-03  2.939004e-03  0.000000e+00  2.752567e-03  0.000000e+00  3.880038e-03
4.739354e+03  1.288867e-03  1.081468e-02  1.525100e-02  3.267856e-02  4.230743e-03  1.062556e-02  2.241672e-03  7.934150e-03  4.221684e-03  6.517961e-03  5.362679e-03  1.968433e-03  1.074130e-04  5.267145e-04  0.000000e+00  2.107706e-03
5.317643e+03  1.346490e-03  1.097731e-02  1.476097e-02  1.848009e-02  1.996782e-03  1.020283e-02  1.337141e-03  1.233712e-02  6.323890e-03  8.448846e-03  5.317244e-03  2.308900e-03  0.000000e+00  3.494512e-03  0.000000e+00  2.799780e-03
5.966493e+03  1.991564e-03  6.594955e-03  8.953745e-03  1.462011e-02  1.957918e-03  8.065098e-03  2.686868e-03  9.426248e-03  4.394915e-03  4.950904e-03  4.867927e-04  1.220599e-03  0.000000e+00  1.208445e-03  0.000000e+00  1.420165e-03
6.694516e+03  2.040149e-05  5.122663e-03  7.194906e-03  1.197409e-02  1.428730e-03  1.513408e-02  1.728549e-03  6.567714e-03  4.557029e-03  4.919706e-03  4.633006e-03  2.247297e-03  0.000000e+00  1.051262e-03  0.000000e+00  1.184123e-04
7.511370e+03  7.132816e-04  4.353376e-03  4.401461e-03  5.706759e-03  1.142898e-03  9.888703e-03  1.981585e-03  6.672418e-03  9.161030e-04  3.114021e-03  7.149503e-04  1.797304e-03  0.000000e+00  2.810513e-04  0.000000e+00  3.929062e-03
8.427896e+03  7.951108e-04  4.590132e-03  2.299986e-03  5.461704e-03  1.139734e-03  1.173098e-02  1.209962e-03  1.002844e-02  1.751145e-03  2.163703e-03  1.499520e-03  2.532685e-03  0.000000e+00  1.784128e-04  0.000000e+00  1.906480e-03
9.456255e+03  0.000000e+00  1.080468e-03  1.992918e-03  7.340466e-03  8.210762e-04  7.083927e-03  2.236475e-05  4.403371e-03  2.099254e-03  1.457480e-03  2.926409e-03  3.687262e-03  0.000000e+00  1.358025e-03  0.000000e+00  3.295102e-04
1.061009e+04  0.000000e+00  1.718906e-03  8.443698e-04  4.462463e-03  5.254293e-04  6.147228e-03  1.900242e-03  2.004632e-03  3.245413e-04  2.082731e-03  2.513238e-03  1.244107e-03  0.000000e+00  1.287247e-05  0.000000e+00  1.301516e-03
1.190472e+04  0.000000e+00  7.199943e-05  6.658816e-05  2.687769e-03  0.000000e+00  2.645905e-03  7.409001e-06  7.521330e-04  2.294520e-05  2.189516e-03  1.696303e-03  4.285434e-04  0.000000e+00  7.599003e-04  0.000000e+00  1.310512e-03
1.335731e+04  0.000000e+00  1.248445e-03  1.076675e-03  2.676263e-03  0.000000e+00  1.579710e-03  2.451694e-05  1.008723e-03  2.240456e-04  1.622580e-03  1.354702e-03  6.015444e-04  0.000000e+00  0.000000e+00  0.000000e+00  1.061571e-03
1.498715e+04  0.000000e+00  4.650243e-04  1.131234e-04  7.241069e-04  0.000000e+00  1.247518e-03  0.000000e+00  8.480306e-04  2.443642e-04  4.810906e-04  2.822241e-05  4.259682e-04  0.000000e+00  2.322421e-05  0.000000e+00  1.174793e-03
1.681586e+04  0.000000e+00  2.715864e-04  8.121979e-06  3.812711e-04  0.000000e+00  1.868300e-03  5.245171e-06  4.634690e-04  0.000000e+00  1.008213e-04  6.994373e-05  6.661530e-05  0.000000e+00  1.142056e-03  0.000000e+00  9.338370e-04
1.886771e+04  0.000000e+00  3.436326e-04  0.000000e+00  3.916693e-04  0.000000e+00  1.154709e-03  0.000000e+00  7.402727e-04  0.000000e+00  0.000000e+00  7.373068e-04  4.667337e-04  0.000000e+00  6.847872e-04  0.000000e+00  1.388904e-03
2.116992e+04  0.000000e+00  4.166387e-06  0.000000e+00  6.449277e-04  0.000000e+00  1.963553e-05  0.000000e+00  3.165393e-04  0.000000e+00  0.000000e+00  0.000000e+00  3.294401e-04  0.000000e+00  8.134238e-04  0.000000e+00  3.165393e-04
2.375304e+04  0.000000e+00  0.000000e+00  0.000000e+00  3.713297e-06  0.000000e+00  4.181796e-04  3.337313e-05  1.222768e-04  0.000000e+00  1.541834e-04  2.983322e-04  1.149984e-05  0.000000e+00  0.000000e+00  0.000000e+00  6.714658e-04
2.665135e+04  0.000000e+00  2.974384e-05  0.000000e+00  2.633175e-04  0.000000e+00  0.000000e+00  0.000000e+00  0.000000e+00  0.000000e+00  1.910103e-05  0.000000e+00  0.000000e+00  0.000000e+00  0.000000e+00  0.000000e+00  2.974384e-05
2.990330e+04  0.000000e+00  0.000000e+00  0.000000e+00  1.512609e-04  0.000000e+00  0.000000e+00  0.000000e+00  0.000000e+00  0.000000e+00  0.000000e+00  0.000000e+00  2.483888e-04  0.000000e+00  3.341016e-04  0.000000e+00  2.117886e-04
3.355206e+04  0.000000e+00  0.000000e+00  0.000000e+00  0.000000e+00  0.000000e+00  0.000000e+00  0.000000e+00  0.000000e+00  0.000000e+00  0.000000e+00  0.000000e+00  6.303243e-06  0.000000e+00  8.065072e-05  0.000000e+00  3.034497e-05
3.764603e+04  0.000000e+00  0.000000e+00  0.000000e+00  4.503523e-05  0.000000e+00  0.000000e+00  0.000000e+00  0.000000e+00  0.000000e+00  0.000000e+00  0.000000e+00  1.201508e-04  0.000000e+00  4.503523e-05  0.000000e+00  2.342932e-06
4.223954e+04  0.000000e+00  0.000000e+00  0.000000e+00  2.784510e-05  0.000000e+00  0.000000e+00  0.000000e+00  2.765718e-04  0.000000e+00  0.000000e+00  0.000000e+00  1.504556e-04  0.000000e+00  0.000000e+00  0.000000e+00  0.000000e+00
4.739354e+04  0.000000e+00  0.000000e+00  0.000000e+00  0.000000e+00  0.000000e+00  0.000000e+00  0.000000e+00  1.861057e-06  0.000000e+00  0.000000e+00  0.000000e+00  2.667803e-05  0.000000e+00  9.543916e-05  0.000000e+00  0.000000e+00
5.317643e+04  0.000000e+00  0.000000e+00  0.000000e+00  0.000000e+00  0.000000e+00  0.000000e+00  0.000000e+00  0.000000e+00  0.000000e+00  0.000000e+00  0.000000e+00  0.000000e+00  0.000000e+00  0.000000e+00  0.000000e+00  0.000000e+00
5.966493e+04  0.000000e+00  0.000000e+00  0.000000e+00  0.000000e+00  0.000000e+00  0.000000e+00  0.000000e+00  0.000000e+00  0.000000e+00  0.000000e+00  0.000000e+00  0.000000e+00  0.000000e+00  0.000000e+00  0.000000e+00  0.000000e+00
6.694516e+04  0.000000e+00  0.000000e+00  0.000000e+00  0.000000e+00  0.000000e+00  0.000000e+00  0.000000e+00  0.000000e+00  0.000000e+00  0.000000e+00  0.000000e+00  0.000000e+00  0.000000e+00  0.000000e+00  0.000000e+00  4.470297e-05
7.511370e+04  0.000000e+00  0.000000e+00  0.000000e+00  0.000000e+00  0.000000e+00  0.000000e+00  0.000000e+00  0.000000e+00  0.000000e+00  0.000000e+00  0.000000e+00  0.000000e+00  0.000000e+00  0.000000e+00  0.000000e+00  9.161030e-05
8.427896e+04  0.000000e+00  0.000000e+00  0.000000e+00  0.000000e+00  0.000000e+00  0.000000e+00  0.000000e+00  0.000000e+00  0.000000e+00  0.000000e+00  0.000000e+00  0.000000e+00  0.000000e+00  0.000000e+00  0.000000e+00  0.000000e+00
9.456255e+04  0.000000e+00  0.000000e+00  0.000000e+00  0.000000e+00  0.000000e+00  0.000000e+00  0.000000e+00  0.000000e+00  0.000000e+00  0.000000e+00  0.000000e+00  0.000000e+00  0.000000e+00  0.000000e+00  0.000000e+00  0.000000e+00
1.061009e+05  0.000000e+00  0.000000e+00  0.000000e+00  0.000000e+00  0.000000e+00  0.000000e+00  0.000000e+00  0.000000e+00  0.000000e+00  0.000000e+00  0.000000e+00  0.000000e+00  0.000000e+00  0.000000e+00  0.000000e+00  0.000000e+00
1.190472e+05  0.000000e+00  0.000000e+00  0.000000e+00  0.000000e+00  0.000000e+00  0.000000e+00  0.000000e+00  0.000000e+00  0.000000e+00  0.000000e+00  0.000000e+00  0.000000e+00  0.000000e+00  0.000000e+00  0.000000e+00  0.000000e+00
1.335731e+05  0.000000e+00  0.000000e+00  0.000000e+00  0.000000e+00  0.000000e+00  0.000000e+00  0.000000e+00  0.000000e+00  0.000000e+00  0.000000e+00  0.000000e+00  0.000000e+00  0.000000e+00  0.000000e+00  0.000000e+00  0.000000e+00
1.498715e+05  0.000000e+00  0.000000e+00  0.000000e+00  0.000000e+00  0.000000e+00  0.000000e+00  0.000000e+00  0.000000e+00  0.000000e+00  0.000000e+00  0.000000e+00  0.000000e+00  0.000000e+00  0.000000e+00  0.000000e+00  0.000000e+00
1.681586e+05  0.000000e+00  0.000000e+00  0.000000e+00  0.000000e+00  0.000000e+00  0.000000e+00  0.000000e+00  0.000000e+00  0.000000e+00  0.000000e+00  0.000000e+00  0.000000e+00  0.000000e+00  0.000000e+00  0.000000e+00  0.000000e+00
1.886771e+05  0.000000e+00  0.000000e+00  0.000000e+00  0.000000e+00  0.000000e+00  0.000000e+00  0.000000e+00  0.000000e+00  0.000000e+00  0.000000e+00  0.000000e+00  0.000000e+00  0.000000e+00  0.000000e+00  0.000000e+00  0.000000e+00
2.116992e+05  0.000000e+00  0.000000e+00  0.000000e+00  0.000000e+00  0.000000e+00  0.000000e+00  0.000000e+00  0.000000e+00  0.000000e+00  0.000000e+00  0.000000e+00  0.000000e+00  0.000000e+00  0.000000e+00  0.000000e+00  0.000000e+00
2.375304e+05  0.000000e+00  0.000000e+00  0.000000e+00  0.000000e+00  0.000000e+00  0.000000e+00  0.000000e+00  0.000000e+00  0.000000e+00  0.000000e+00  0.000000e+00  0.000000e+00  0.000000e+00  0.000000e+00  0.000000e+00  0.000000e+00
2.665135e+05  0.000000e+00  0.000000e+00  0.000000e+00  0.000000e+00  0.000000e+00  0.000000e+00  0.000000e+00  0.000000e+00  0.000000e+00  0.000000e+00  0.000000e+00  0.000000e+00  0.000000e+00  0.000000e+00  0.000000e+00  0.000000e+00
2.990330e+05  0.000000e+00  0.000000e+00  0.000000e+00  0.000000e+00  0.000000e+00  0.000000e+00  0.000000e+00  0.000000e+00  0.000000e+00  0.000000e+00  0.000000e+00  0.000000e+00  0.000000e+00  0.000000e+00  0.000000e+00  0.000000e+00
3.355206e+05  0.000000e+00  0.000000e+00  0.000000e+00  0.000000e+00  0.000000e+00  0.000000e+00  0.000000e+00  0.000000e+00  0.000000e+00  0.000000e+00  0.000000e+00  0.000000e+00  0.000000e+00  0.000000e+00  0.000000e+00  0.000000e+00
3.764603e+05  0.000000e+00  0.000000e+00  0.000000e+00  0.000000e+00  0.000000e+00  0.000000e+00  0.000000e+00  0.000000e+00  0.000000e+00  0.000000e+00  0.000000e+00  0.000000e+00  0.000000e+00  0.000000e+00  0.000000e+00  0.000000e+00
4.223954e+05  0.000000e+00  0.000000e+00  0.000000e+00  0.000000e+00  0.000000e+00  0.000000e+00  0.000000e+00  0.000000e+00  0.000000e+00  0.000000e+00  0.000000e+00  0.000000e+00  0.000000e+00  0.000000e+00  0.000000e+00  0.000000e+00
4.739354e+05  0.000000e+00  0.000000e+00  0.000000e+00  0.000000e+00  0.000000e+00  0.000000e+00  0.000000e+00  0.000000e+00  0.000000e+00  0.000000e+00  0.000000e+00  0.000000e+00  0.000000e+00  0.000000e+00  0.000000e+00  0.000000e+00
5.317643e+05  0.000000e+00  0.000000e+00  0.000000e+00  0.000000e+00  0.000000e+00  0.000000e+00  0.000000e+00  0.000000e+00  0.000000e+00  0.000000e+00  0.000000e+00  0.000000e+00  0.000000e+00  0.000000e+00  0.000000e+00  0.000000e+00
5.966493e+05  0.000000e+00  0.000000e+00  0.000000e+00  0.000000e+00  0.000000e+00  0.000000e+00  0.000000e+00  0.000000e+00  0.000000e+00  0.000000e+00  0.000000e+00  0.000000e+00  0.000000e+00  0.000000e+00  0.000000e+00  0.000000e+00
6.694516e+05  0.000000e+00  0.000000e+00  0.000000e+00  0.000000e+00  0.000000e+00  0.000000e+00  0.000000e+00  0.000000e+00  0.000000e+00  0.000000e+00  0.000000e+00  0.000000e+00  0.000000e+00  0.000000e+00  0.000000e+00  0.000000e+00
7.511370e+05  0.000000e+00  0.000000e+00  0.000000e+00  0.000000e+00  0.000000e+00  0.000000e+00  0.000000e+00  0.000000e+00  0.000000e+00  0.000000e+00  0.000000e+00  0.000000e+00  0.000000e+00  0.000000e+00  0.000000e+00  0.000000e+00
8.427896e+05  0.000000e+00  0.000000e+00  0.000000e+00  0.000000e+00  0.000000e+00  0.000000e+00  0.000000e+00  0.000000e+00  0.000000e+00  0.000000e+00  0.000000e+00  0.000000e+00  0.000000e+00  0.000000e+00  0.000000e+00  0.000000e+00
9.456255e+05  0.000000e+00  0.000000e+00  0.000000e+00  0.000000e+00  0.000000e+00  0.000000e+00  0.000000e+00  0.000000e+00  0.000000e+00  0.000000e+00  0.000000e+00  0.000000e+00  0.000000e+00  0.000000e+00  0.000000e+00  0.000000e+00
