# dR/dEr [1/keV/kg/Myr]
# Er [keV], S, F, Ne, Cl, Na, Si, O, P, N, C, Al, Mg, Be, B, Ar, Li
1.061009e+01  1.816699e-01  1.816473e-01  0.000000e+00  0.000000e+00  1.359427e-01  0.000000e+00  9.923317e-03  0.000000e+00  0.000000e+00  0.000000e+00  0.000000e+00  0.000000e+00  1.971449e-02  0.000000e+00  0.000000e+00  0.000000e+00
1.190472e+01  3.995542e-02  5.563361e-02  0.000000e+00  0.000000e+00  1.286678e-02  0.000000e+00  0.000000e+00  0.000000e+00  0.000000e+00  0.000000e+00  0.000000e+00  0.000000e+00  0.000000e+00  0.000000e+00  0.000000e+00  0.000000e+00
1.335731e+01  6.168852e-02  2.301765e-02  0.000000e+00  0.000000e+00  0.000000e+00  0.000000e+00  0.000000e+00  0.000000e+00  0.000000e+00  0.000000e+00  0.000000e+00  0.000000e+00  0.000000e+00  0.000000e+00  0.000000e+00  0.000000e+00
1.498715e+01  1.472076e-02  5.169771e-02  0.000000e+00  0.000000e+00  1.974873e-02  0.000000e+00  2.325910e-03  0.000000e+00  0.000000e+00  0.000000e+00  0.000000e+00  0.000000e+00  0.000000e+00  0.000000e+00  0.000000e+00  0.000000e+00
1.681586e+01  3.642205e-02  2.975678e-02  5.197799e-03  0.000000e+00  1.050882e-02  2.072970e-03  0.000000e+00  0.000000e+00  0.000000e+00  0.000000e+00  0.000000e+00  0.000000e+00  0.000000e+00  0.000000e+00  0.000000e+00  0.000000e+00
1.886771e+01  2.477553e-02  2.746172e-02  0.000000e+00  0.000000e+00  4.632543e-03  0.000000e+00  0.000000e+00  0.000000e+00  0.000000e+00  0.000000e+00  0.000000e+00  0.000000e+00  0.000000e+00  0.000000e+00  0.000000e+00  0.000000e+00
2.116992e+01  3.051737e-02  4.709322e-02  0.000000e+00  0.000000e+00  5.071544e-03  0.000000e+00  2.183007e-03  0.000000e+00  0.000000e+00  0.000000e+00  2.721736e-02  0.000000e+00  0.000000e+00  0.000000e+00  0.000000e+00  0.000000e+00
2.375304e+01  5.515168e-02  9.234533e-03  1.214478e-02  0.000000e+00  2.779837e-02  0.000000e+00  3.679760e-03  0.000000e+00  0.000000e+00  0.000000e+00  0.000000e+00  0.000000e+00  0.000000e+00  0.000000e+00  0.000000e+00  0.000000e+00
2.665135e+01  6.206130e-02  5.639119e-02  1.734024e-03  7.825937e-03  2.719167e-03  0.000000e+00  0.000000e+00  1.813094e-02  0.000000e+00  0.000000e+00  0.000000e+00  0.000000e+00  0.000000e+00  0.000000e+00  0.000000e+00  0.000000e+00
2.990330e+01  5.945151e-02  2.319179e-02  2.043726e-03  0.000000e+00  3.883223e-02  0.000000e+00  2.711167e-03  0.000000e+00  0.000000e+00  0.000000e+00  1.532751e-02  0.000000e+00  1.990986e-02  0.000000e+00  0.000000e+00  0.000000e+00
3.355206e+01  7.434005e-02  2.756368e-02  2.405397e-03  0.000000e+00  4.577312e-03  0.000000e+00  1.413934e-02  0.000000e+00  0.000000e+00  0.000000e+00  1.986602e-02  0.000000e+00  4.638868e-02  0.000000e+00  0.000000e+00  0.000000e+00
3.764603e+01  1.090975e-01  6.423602e-02  1.283809e-03  1.227595e-03  3.244822e-02  0.000000e+00  7.346847e-03  0.000000e+00  0.000000e+00  0.000000e+00  0.000000e+00  0.000000e+00  1.890643e-03  0.000000e+00  0.000000e+00  0.000000e+00
4.223954e+01  9.603402e-02  4.568740e-02  1.423198e-02  0.000000e+00  1.815733e-02  0.000000e+00  3.335565e-03  0.000000e+00  0.000000e+00  0.000000e+00  1.918543e-02  0.000000e+00  4.118556e-02  0.000000e+00  0.000000e+00  0.000000e+00
4.739354e+01  1.042628e-01  3.835090e-02  9.751132e-04  2.678004e-03  8.137258e-03  0.000000e+00  3.496814e-03  0.000000e+00  0.000000e+00  0.000000e+00  0.000000e+00  0.000000e+00  3.587594e-02  0.000000e+00  0.000000e+00  0.000000e+00
5.317643e+01  1.051916e-01  1.878770e-02  2.393672e-03  0.000000e+00  3.655684e-02  0.000000e+00  4.625554e-03  0.000000e+00  0.000000e+00  0.000000e+00  1.083542e-02  0.000000e+00  0.000000e+00  0.000000e+00  0.000000e+00  0.000000e+00
5.966493e+01  1.146008e-01  5.955834e-02  2.679546e-03  1.358802e-03  2.618398e-02  0.000000e+00  2.251769e-02  0.000000e+00  0.000000e+00  0.000000e+00  1.017903e-02  0.000000e+00  8.005400e-03  0.000000e+00  0.000000e+00  0.000000e+00
6.694516e+01  1.403610e-01  5.311408e-02  4.540520e-03  0.000000e+00  1.691653e-02  0.000000e+00  4.421190e-03  0.000000e+00  7.973751e-03  0.000000e+00  5.880901e-03  0.000000e+00  1.138232e-01  0.000000e+00  0.000000e+00  0.000000e+00
7.511370e+01  1.506550e-01  5.850887e-02  1.116383e-02  1.538531e-03  1.417106e-02  0.000000e+00  3.578258e-03  0.000000e+00  0.000000e+00  0.000000e+00  8.003233e-03  0.000000e+00  3.682912e+01  0.000000e+00  0.000000e+00  0.000000e+00
8.427896e+01  1.756821e-01  5.609976e-02  2.590315e-03  9.779614e-03  1.594829e-02  0.000000e+00  1.373412e-02  0.000000e+00  0.000000e+00  0.000000e+00  0.000000e+00  0.000000e+00  4.383900e+01  0.000000e+00  0.000000e+00  0.000000e+00
9.456255e+01  1.715935e-01  4.586757e-02  7.288129e-03  1.782040e-03  3.269567e-02  0.000000e+00  2.530459e-03  0.000000e+00  5.880641e-03  0.000000e+00  2.356579e-04  0.000000e+00  3.374477e+01  0.000000e+00  0.000000e+00  0.000000e+00
1.061009e+02  1.848462e-01  7.114133e-02  1.049638e-02  7.860305e-04  2.184738e-02  0.000000e+00  4.263459e-03  0.000000e+00  0.000000e+00  5.724087e-03  6.447041e-03  0.000000e+00  2.496968e+01  0.000000e+00  0.000000e+00  0.000000e+00
1.190472e+02  1.946513e-01  8.875264e-02  6.784152e-03  3.225139e-03  4.094847e-02  0.000000e+00  3.822365e-03  0.000000e+00  2.928148e-04  3.307073e-03  2.146519e+01  0.000000e+00  1.873960e+01  0.000000e+00  5.115677e-03  0.000000e+00
1.335731e+02  2.294409e-01  8.520827e-02  1.104963e-02  3.618264e-04  2.555014e-02  0.000000e+00  3.353843e-03  0.000000e+00  0.000000e+00  0.000000e+00  1.829601e+01  0.000000e+00  1.402593e+01  0.000000e+00  0.000000e+00  0.000000e+00
1.498715e+02  5.222202e-01  9.854771e-02  3.505871e-03  1.381154e-03  1.171443e-02  0.000000e+00  1.786317e-02  0.000000e+00  2.310627e-03  3.922027e-03  1.375615e+01  0.000000e+00  1.054101e+01  0.000000e+00  0.000000e+00  0.000000e+00
1.681586e+02  7.309073e-01  1.181868e-01  6.670983e-03  1.050882e-03  1.956136e-02  1.325202e-04  1.379681e-02  0.000000e+00  3.771072e-03  0.000000e+00  1.077878e+01  0.000000e+00  7.590310e+00  0.000000e+00  0.000000e+00  0.000000e+00
1.886771e+02  4.561592e-01  1.075908e-01  6.185165e-03  9.987276e-04  2.592451e-02  4.296910e-04  1.505267e-02  3.240992e-04  3.240992e-04  0.000000e+00  7.754613e+00  0.000000e+00  5.384343e+00  0.000000e+00  0.000000e+00  0.000000e+00
2.116992e+02  2.177428e-01  1.470606e-01  6.882420e-03  5.006767e-03  1.849642e-02  2.888537e-04  7.449035e-03  0.000000e+00  0.000000e+00  1.052645e-04  6.255596e+00  0.000000e+00  3.839832e+00  0.000000e+00  2.282970e-04  0.000000e+00
2.375304e+02  1.602746e-01  5.748952e-01  9.476814e-03  4.284098e-03  2.320366e-02  1.105348e-04  1.498736e-02  8.339786e-04  0.000000e+00  1.467550e-04  4.645277e+00  0.000000e+00  2.921987e+00  0.000000e+00  5.851969e-04  0.000000e+00
2.665135e+02  1.369708e-01  4.854629e-01  9.048215e-03  4.733067e-03  3.176714e-02  3.028215e-04  1.005561e-02  0.000000e+00  2.294447e-04  1.986962e-03  3.312687e+00  0.000000e+00  1.907749e+00  0.000000e+00  0.000000e+00  0.000000e+00
2.990330e+02  1.029538e-01  9.282142e-02  4.640303e-03  2.188376e-03  2.479060e-02  1.371129e-03  1.386941e-02  1.097466e-04  2.380178e-04  1.859622e-03  2.582904e+00  0.000000e+00  1.390673e+00  0.000000e+00  0.000000e+00  0.000000e+00
3.355206e+02  9.478769e-02  9.253033e-02  5.775046e-03  3.720082e-03  2.263002e-02  1.822544e-04  8.612982e-03  1.565053e-04  1.377384e-04  1.795030e-03  1.905295e+00  1.423584e-03  1.016662e+00  0.000000e+00  0.000000e+00  4.479458e-04
3.764603e+02  6.679804e-02  6.655448e-02  1.071006e-02  4.911348e-03  2.090208e-02  3.872249e-03  7.820988e-03  0.000000e+00  2.143812e-04  0.000000e+00  1.236416e+00  0.000000e+00  7.067375e-01  0.000000e+00  0.000000e+00  0.000000e+00
4.223954e+02  4.322136e-02  6.785457e-02  4.407819e-03  4.173169e-03  2.188208e-02  1.871042e-04  8.270251e-03  2.083181e-03  2.224644e-04  1.046480e-03  9.149083e-01  0.000000e+00  3.702392e-01  0.000000e+00  1.144196e-04  0.000000e+00
4.739354e+02  4.097887e-02  5.839076e-02  7.063341e-03  4.360916e-03  1.843112e-02  1.378975e-03  1.531609e-02  1.121795e-03  1.019578e-03  0.000000e+00  6.261269e-01  0.000000e+00  2.760015e-01  1.019578e-03  0.000000e+00  0.000000e+00
5.317643e+02  3.694142e-02  4.968703e-02  1.179387e-02  2.525769e-03  1.447024e-02  4.499188e-04  6.395030e-03  1.657517e-03  1.159975e-03  1.590763e-03  5.344726e-01  0.000000e+00  1.952293e-01  4.190655e-05  2.613978e-04  0.000000e+00
5.966493e+02  3.465734e-02  4.546068e-02  1.029994e-02  8.592217e-03  1.474291e-02  1.606882e-03  1.111605e-02  1.323621e-03  5.545501e-04  9.978569e-04  3.486813e-01  0.000000e+00  1.345839e-01  0.000000e+00  1.192915e-04  0.000000e+00
6.694516e+02  2.909735e-02  4.330404e-02  1.259075e-02  8.815815e-03  1.552208e-02  8.809719e-04  9.641671e-03  4.246629e-04  2.511182e-04  8.494458e-04  2.372458e-01  0.000000e+00  8.652111e-02  0.000000e+00  0.000000e+00  0.000000e+00
7.511370e+02  2.265409e-02  3.003126e-02  8.465260e-03  6.458300e-03  9.981194e-03  1.015945e-03  7.334185e-03  9.327440e-04  7.712254e-04  6.708457e-04  1.635242e-01  0.000000e+00  6.204300e-02  0.000000e+00  0.000000e+00  0.000000e+00
8.427896e+02  1.888648e-02  2.934591e-02  8.382587e-03  3.993760e-03  1.264723e-02  1.999055e-04  7.428787e-03  1.505952e-04  6.257816e-04  2.129323e-03  9.021285e-02  0.000000e+00  3.568312e-02  0.000000e+00  4.022047e-04  0.000000e+00
9.456255e+02  1.684467e-02  2.154411e-02  1.005949e-02  4.640552e-03  1.099235e-02  1.088676e-03  7.215671e-03  5.408182e-04  0.000000e+00  1.512699e-03  7.858836e-02  2.205649e-04  2.128518e-02  0.000000e+00  0.000000e+00  0.000000e+00
1.061009e+03  1.489984e-02  1.410887e-02  1.049783e-02  6.451561e-03  1.011928e-02  7.111285e-04  6.761386e-03  7.614776e-04  1.639431e-03  6.716859e-04  5.403969e-02  0.000000e+00  9.759350e-03  6.996883e-04  4.501767e-04  0.000000e+00
1.190472e+03  1.102699e-02  1.254816e-02  8.797326e-03  6.536314e-03  4.740266e-03  7.435232e-04  4.803183e-03  2.127162e-03  5.644892e-04  2.991376e-03  3.665593e-02  0.000000e+00  6.380791e-03  0.000000e+00  0.000000e+00  0.000000e+00
1.335731e+03  9.942535e-03  1.415569e-02  8.274128e-03  4.863357e-03  4.357248e-03  1.322377e-03  4.419660e-03  5.641333e-04  1.164210e-03  8.959177e-04  1.611580e-02  0.000000e+00  4.183594e-03  2.537740e-04  0.000000e+00  0.000000e+00
1.498715e+03  6.077860e-03  1.059365e-02  6.489236e-03  6.489527e-03  5.465229e-03  2.862986e-03  5.591804e-03  1.453867e-03  1.531921e-03  1.378280e-03  7.636858e-03  1.845445e-04  3.997087e-03  0.000000e+00  0.000000e+00  3.210671e-04
1.681586e+03  4.433980e-03  9.645316e-03  6.175788e-03  4.233054e-03  5.228662e-03  1.077071e-03  2.963460e-03  1.742062e-03  1.161218e-03  1.103266e-03  8.828751e-03  0.000000e+00  1.927402e-03  3.104969e-04  0.000000e+00  8.937693e-05
1.886771e+03  5.093408e-03  8.113429e-03  6.398985e-03  4.448324e-03  4.892345e-03  1.400917e-03  3.156034e-03  1.453991e-03  6.078250e-04  1.438321e-03  4.318847e-03  3.400438e-04  4.277467e-05  8.905921e-04  5.543137e-05  0.000000e+00
2.116992e+03  2.899964e-03  7.498907e-03  3.519872e-03  3.482347e-03  2.869693e-03  6.938970e-04  2.744035e-03  1.101169e-03  6.679695e-04  1.015136e-03  3.102149e-03  2.845758e-04  9.552020e-04  2.282970e-05  0.000000e+00  2.282970e-05
2.375304e+03  2.838872e-03  4.088237e-03  4.474722e-03  5.692597e-03  3.190969e-03  2.097649e-03  2.426200e-03  6.185633e-04  3.098859e-04  6.387428e-04  2.980658e-03  1.381628e-05  0.000000e+00  2.425749e-04  0.000000e+00  2.650673e-04
2.665135e+03  1.609356e-03  3.878171e-03  3.057610e-03  5.819272e-03  1.850325e-03  6.290784e-04  1.800627e-03  1.450152e-03  4.350071e-04  6.992535e-04  2.160019e-03  3.408583e-04  3.423332e-04  2.233923e-04  0.000000e+00  2.514985e-04
2.990330e+03  1.226838e-03  2.425374e-03  2.375085e-03  3.709429e-03  1.371194e-03  1.515896e-03  1.351758e-03  1.236621e-03  1.275157e-03  1.406871e-03  1.369376e-03  4.676774e-04  0.000000e+00  2.229004e-04  0.000000e+00  3.325469e-04
3.355206e+03  5.604658e-04  3.136524e-03  3.126903e-03  5.029275e-03  8.519368e-04  1.556562e-03  4.071280e-04  1.126194e-03  4.537677e-04  8.843409e-04  7.110752e-04  2.463939e-04  7.246272e-05  1.366066e-04  0.000000e+00  2.104631e-05
3.764603e+03  4.126803e-04  1.584778e-03  2.548255e-03  2.996092e-03  5.594199e-04  1.711906e-03  2.923008e-04  5.669274e-04  9.323647e-04  1.099769e-03  8.828609e-04  3.272225e-04  5.919458e-06  1.598133e-04  0.000000e+00  6.327151e-04
4.223954e+03  2.268743e-04  6.572902e-04  1.312561e-03  2.402349e-03  4.867047e-04  6.070485e-04  5.464423e-04  9.823339e-04  6.376737e-04  1.059859e-03  5.440822e-04  3.560890e-04  0.000000e+00  2.708899e-04  0.000000e+00  4.046945e-04
4.739354e+03  1.268427e-04  1.020630e-03  1.376481e-03  2.598272e-03  4.138812e-04  1.088155e-03  1.595655e-04  6.800091e-04  4.308625e-04  5.899029e-04  4.766485e-04  1.743266e-04  2.206763e-05  8.139862e-05  0.000000e+00  3.010382e-04
5.317643e+03  8.676296e-05  1.006611e-03  1.385047e-03  1.456873e-03  2.642397e-04  1.079068e-03  1.069771e-04  9.571748e-04  5.285153e-04  8.548457e-04  6.307219e-04  2.228399e-04  0.000000e+00  3.184444e-04  0.000000e+00  2.757218e-04
5.966493e+03  2.002534e-04  5.966126e-04  8.445593e-04  1.261766e-03  2.097440e-04  6.477352e-04  2.782962e-04  7.856382e-04  4.569068e-04  4.554862e-04  6.871925e-05  1.591212e-04  0.000000e+00  1.193192e-04  0.000000e+00  1.274464e-04
6.694516e+03  4.902201e-06  5.070226e-04  6.804781e-04  9.649586e-04  1.752683e-04  1.427986e-03  2.125846e-04  7.021424e-04  4.055545e-04  4.412510e-04  4.241715e-04  1.457746e-04  0.000000e+00  1.171504e-04  0.000000e+00  2.245047e-05
7.511370e+03  1.004106e-04  4.559273e-04  4.295282e-04  5.256758e-04  9.971375e-05  9.373079e-04  1.589308e-04  7.274064e-04  6.003594e-05  3.155876e-04  1.213934e-04  1.600499e-04  0.000000e+00  4.926387e-05  0.000000e+00  3.364643e-04
8.427896e+03  7.206199e-05  4.486148e-04  2.185240e-04  6.073266e-04  1.207115e-04  1.024243e-03  1.057121e-04  8.059383e-04  1.503169e-04  2.079457e-04  9.342731e-05  2.488453e-04  0.000000e+00  3.319298e-05  0.000000e+00  2.425276e-04
9.456255e+03  0.000000e+00  1.107755e-04  1.529383e-04  6.957764e-04  7.114970e-05  6.091202e-04  5.110934e-06  4.151093e-04  1.679596e-04  1.271539e-04  2.605675e-04  3.914441e-04  0.000000e+00  1.220369e-04  0.000000e+00  4.846985e-05
1.061009e+04  0.000000e+00  1.663451e-04  9.067695e-05  4.253697e-04  5.886089e-05  5.307325e-04  2.166116e-04  1.784315e-04  4.990705e-05  1.956646e-04  2.164414e-04  7.960817e-05  0.000000e+00  3.093080e-06  0.000000e+00  1.348154e-04
1.190472e+04  0.000000e+00  1.560175e-05  1.262483e-05  2.542188e-04  0.000000e+00  2.725966e-04  1.871897e-06  1.165474e-04  5.513420e-06  1.945886e-04  1.382986e-04  2.610392e-05  0.000000e+00  8.967940e-05  0.000000e+00  1.681684e-04
1.335731e+04  0.000000e+00  1.302364e-04  9.184508e-05  2.350455e-04  0.000000e+00  1.665266e-04  5.328555e-06  1.032099e-04  3.236409e-05  1.218304e-04  1.355008e-04  7.318537e-05  0.000000e+00  0.000000e+00  0.000000e+00  1.263459e-04
1.498715e+04  0.000000e+00  3.157615e-05  1.845445e-05  9.303057e-05  0.000000e+00  1.213025e-04  0.000000e+00  6.311928e-05  3.187007e-05  4.750183e-05  6.449563e-06  3.460752e-05  0.000000e+00  5.414514e-06  0.000000e+00  1.291902e-04
1.681586e+04  0.000000e+00  4.529836e-05  1.951601e-06  4.759083e-05  0.000000e+00  1.798940e-04  1.325202e-06  5.437191e-05  0.000000e+00  1.644754e-05  1.240327e-05  1.317031e-05  0.000000e+00  1.179224e-04  0.000000e+00  9.260115e-05
1.886771e+04  0.000000e+00  4.227643e-05  0.000000e+00  3.056405e-05  0.000000e+00  1.124292e-04  0.000000e+00  5.637025e-05  0.000000e+00  0.000000e+00  6.992095e-05  4.200888e-05  0.000000e+00  5.648859e-05  0.000000e+00  1.544448e-04
2.116992e+04  0.000000e+00  1.052645e-06  0.000000e+00  7.005343e-05  0.000000e+00  4.414736e-06  0.000000e+00  2.868840e-05  0.000000e+00  0.000000e+00  0.000000e+00  2.282550e-05  0.000000e+00  6.179935e-05  0.000000e+00  2.868840e-05
2.375304e+04  0.000000e+00  0.000000e+00  0.000000e+00  9.381708e-07  0.000000e+00  4.582652e-05  6.327402e-06  1.726150e-05  0.000000e+00  2.010866e-05  2.506503e-05  2.763256e-06  0.000000e+00  0.000000e+00  0.000000e+00  6.565646e-05
2.665135e+04  0.000000e+00  5.639303e-06  0.000000e+00  1.815181e-05  0.000000e+00  0.000000e+00  0.000000e+00  0.000000e+00  0.000000e+00  3.924241e-06  0.000000e+00  0.000000e+00  0.000000e+00  0.000000e+00  0.000000e+00  5.639303e-06
2.990330e+04  0.000000e+00  0.000000e+00  0.000000e+00  1.785101e-05  0.000000e+00  0.000000e+00  0.000000e+00  0.000000e+00  0.000000e+00  0.000000e+00  0.000000e+00  3.156230e-05  0.000000e+00  3.362116e-05  0.000000e+00  2.194589e-05
3.355206e+04  0.000000e+00  0.000000e+00  0.000000e+00  0.000000e+00  0.000000e+00  0.000000e+00  0.000000e+00  0.000000e+00  0.000000e+00  0.000000e+00  0.000000e+00  1.440457e-06  0.000000e+00  4.142877e-06  0.000000e+00  6.234270e-06
3.764603e+04  0.000000e+00  0.000000e+00  0.000000e+00  7.346847e-06  0.000000e+00  0.000000e+00  0.000000e+00  0.000000e+00  0.000000e+00  0.000000e+00  0.000000e+00  1.417956e-05  0.000000e+00  7.346847e-06  0.000000e+00  5.919458e-07
4.223954e+04  0.000000e+00  0.000000e+00  0.000000e+00  4.937833e-06  0.000000e+00  0.000000e+00  0.000000e+00  2.296159e-05  0.000000e+00  0.000000e+00  0.000000e+00  1.996237e-05  0.000000e+00  0.000000e+00  0.000000e+00  0.000000e+00
4.739354e+04  0.000000e+00  0.000000e+00  0.000000e+00  0.000000e+00  0.000000e+00  0.000000e+00  0.000000e+00  4.701992e-07  0.000000e+00  0.000000e+00  0.000000e+00  4.871047e-06  0.000000e+00  1.126322e-05  0.000000e+00  0.000000e+00
5.317643e+04  0.000000e+00  0.000000e+00  0.000000e+00  0.000000e+00  0.000000e+00  0.000000e+00  0.000000e+00  0.000000e+00  0.000000e+00  0.000000e+00  0.000000e+00  0.000000e+00  0.000000e+00  0.000000e+00  0.000000e+00  0.000000e+00
5.966493e+04  0.000000e+00  0.000000e+00  0.000000e+00  0.000000e+00  0.000000e+00  0.000000e+00  0.000000e+00  0.000000e+00  0.000000e+00  0.000000e+00  0.000000e+00  0.000000e+00  0.000000e+00  0.000000e+00  0.000000e+00  0.000000e+00
6.694516e+04  0.000000e+00  0.000000e+00  0.000000e+00  0.000000e+00  0.000000e+00  0.000000e+00  0.000000e+00  0.000000e+00  0.000000e+00  0.000000e+00  0.000000e+00  0.000000e+00  0.000000e+00  0.000000e+00  0.000000e+00  6.457485e-06
7.511370e+04  0.000000e+00  0.000000e+00  0.000000e+00  0.000000e+00  0.000000e+00  0.000000e+00  0.000000e+00  0.000000e+00  0.000000e+00  0.000000e+00  0.000000e+00  0.000000e+00  0.000000e+00  0.000000e+00  0.000000e+00  6.003594e-06
8.427896e+04  0.000000e+00  0.000000e+00  0.000000e+00  0.000000e+00  0.000000e+00  0.000000e+00  0.000000e+00  0.000000e+00  0.000000e+00  0.000000e+00  0.000000e+00  0.000000e+00  0.000000e+00  0.000000e+00  0.000000e+00  0.000000e+00
9.456255e+04  0.000000e+00  0.000000e+00  0.000000e+00  0.000000e+00  0.000000e+00  0.000000e+00  0.000000e+00  0.000000e+00  0.000000e+00  0.000000e+00  0.000000e+00  0.000000e+00  0.000000e+00  0.000000e+00  0.000000e+00  0.000000e+00
1.061009e+05  0.000000e+00  0.000000e+00  0.000000e+00  0.000000e+00  0.000000e+00  0.000000e+00  0.000000e+00  0.000000e+00  0.000000e+00  0.000000e+00  0.000000e+00  0.000000e+00  0.000000e+00  0.000000e+00  0.000000e+00  0.000000e+00
1.190472e+05  0.000000e+00  0.000000e+00  0.000000e+00  0.000000e+00  0.000000e+00  0.000000e+00  0.000000e+00  0.000000e+00  0.000000e+00  0.000000e+00  0.000000e+00  0.000000e+00  0.000000e+00  0.000000e+00  0.000000e+00  0.000000e+00
1.335731e+05  0.000000e+00  0.000000e+00  0.000000e+00  0.000000e+00  0.000000e+00  0.000000e+00  0.000000e+00  0.000000e+00  0.000000e+00  0.000000e+00  0.000000e+00  0.000000e+00  0.000000e+00  0.000000e+00  0.000000e+00  0.000000e+00
1.498715e+05  0.000000e+00  0.000000e+00  0.000000e+00  0.000000e+00  0.000000e+00  0.000000e+00  0.000000e+00  0.000000e+00  0.000000e+00  0.000000e+00  0.000000e+00  0.000000e+00  0.000000e+00  0.000000e+00  0.000000e+00  0.000000e+00
1.681586e+05  0.000000e+00  0.000000e+00  0.000000e+00  0.000000e+00  0.000000e+00  0.000000e+00  0.000000e+00  0.000000e+00  0.000000e+00  0.000000e+00  0.000000e+00  0.000000e+00  0.000000e+00  0.000000e+00  0.000000e+00  0.000000e+00
1.886771e+05  0.000000e+00  0.000000e+00  0.000000e+00  0.000000e+00  0.000000e+00  0.000000e+00  0.000000e+00  0.000000e+00  0.000000e+00  0.000000e+00  0.000000e+00  0.000000e+00  0.000000e+00  0.000000e+00  0.000000e+00  0.000000e+00
2.116992e+05  0.000000e+00  0.000000e+00  0.000000e+00  0.000000e+00  0.000000e+00  0.000000e+00  0.000000e+00  0.000000e+00  0.000000e+00  0.000000e+00  0.000000e+00  0.000000e+00  0.000000e+00  0.000000e+00  0.000000e+00  0.000000e+00
2.375304e+05  0.000000e+00  0.000000e+00  0.000000e+00  0.000000e+00  0.000000e+00  0.000000e+00  0.000000e+00  0.000000e+00  0.000000e+00  0.000000e+00  0.000000e+00  0.000000e+00  0.000000e+00  0.000000e+00  0.000000e+00  0.000000e+00
2.665135e+05  0.000000e+00  0.000000e+00  0.000000e+00  0.000000e+00  0.000000e+00  0.000000e+00  0.000000e+00  0.000000e+00  0.000000e+00  0.000000e+00  0.000000e+00  0.000000e+00  0.000000e+00  0.000000e+00  0.000000e+00  0.000000e+00
2.990330e+05  0.000000e+00  0.000000e+00  0.000000e+00  0.000000e+00  0.000000e+00  0.000000e+00  0.000000e+00  0.000000e+00  0.000000e+00  0.000000e+00  0.000000e+00  0.000000e+00  0.000000e+00  0.000000e+00  0.000000e+00  0.000000e+00
3.355206e+05  0.000000e+00  0.000000e+00  0.000000e+00  0.000000e+00  0.000000e+00  0.000000e+00  0.000000e+00  0.000000e+00  0.000000e+00  0.000000e+00  0.000000e+00  0.000000e+00  0.000000e+00  0.000000e+00  0.000000e+00  0.000000e+00
3.764603e+05  0.000000e+00  0.000000e+00  0.000000e+00  0.000000e+00  0.000000e+00  0.000000e+00  0.000000e+00  0.000000e+00  0.000000e+00  0.000000e+00  0.000000e+00  0.000000e+00  0.000000e+00  0.000000e+00  0.000000e+00  0.000000e+00
4.223954e+05  0.000000e+00  0.000000e+00  0.000000e+00  0.000000e+00  0.000000e+00  0.000000e+00  0.000000e+00  0.000000e+00  0.000000e+00  0.000000e+00  0.000000e+00  0.000000e+00  0.000000e+00  0.000000e+00  0.000000e+00  0.000000e+00
4.739354e+05  0.000000e+00  0.000000e+00  0.000000e+00  0.000000e+00  0.000000e+00  0.000000e+00  0.000000e+00  0.000000e+00  0.000000e+00  0.000000e+00  0.000000e+00  0.000000e+00  0.000000e+00  0.000000e+00  0.000000e+00  0.000000e+00
5.317643e+05  0.000000e+00  0.000000e+00  0.000000e+00  0.000000e+00  0.000000e+00  0.000000e+00  0.000000e+00  0.000000e+00  0.000000e+00  0.000000e+00  0.000000e+00  0.000000e+00  0.000000e+00  0.000000e+00  0.000000e+00  0.000000e+00
5.966493e+05  0.000000e+00  0.000000e+00  0.000000e+00  0.000000e+00  0.000000e+00  0.000000e+00  0.000000e+00  0.000000e+00  0.000000e+00  0.000000e+00  0.000000e+00  0.000000e+00  0.000000e+00  0.000000e+00  0.000000e+00  0.000000e+00
6.694516e+05  0.000000e+00  0.000000e+00  0.000000e+00  0.000000e+00  0.000000e+00  0.000000e+00  0.000000e+00  0.000000e+00  0.000000e+00  0.000000e+00  0.000000e+00  0.000000e+00  0.000000e+00  0.000000e+00  0.000000e+00  0.000000e+00
7.511370e+05  0.000000e+00  0.000000e+00  0.000000e+00  0.000000e+00  0.000000e+00  0.000000e+00  0.000000e+00  0.000000e+00  0.000000e+00  0.000000e+00  0.000000e+00  0.000000e+00  0.000000e+00  0.000000e+00  0.000000e+00  0.000000e+00
8.427896e+05  0.000000e+00  0.000000e+00  0.000000e+00  0.000000e+00  0.000000e+00  0.000000e+00  0.000000e+00  0.000000e+00  0.000000e+00  0.000000e+00  0.000000e+00  0.000000e+00  0.000000e+00  0.000000e+00  0.000000e+00  0.000000e+00
9.456255e+05  0.000000e+00  0.000000e+00  0.000000e+00  0.000000e+00  0.000000e+00  0.000000e+00  0.000000e+00  0.000000e+00  0.000000e+00  0.000000e+00  0.000000e+00  0.000000e+00  0.000000e+00  0.000000e+00  0.000000e+00  0.000000e+00
