# dR/dEr [1/keV/kg/Myr]
# Er [keV], S, F, Ne, Cl, Na, Si, O, P, N, C, Al, Mg, Be, B, Ar, Li
1.061009e+01  1.697958e+00  1.569473e+00  0.000000e+00  0.000000e+00  1.073460e+00  0.000000e+00  9.082480e-02  0.000000e+00  0.000000e+00  0.000000e+00  0.000000e+00  0.000000e+00  7.606134e-02  0.000000e+00  0.000000e+00  0.000000e+00
1.190472e+01  4.667369e-01  4.103076e-01  0.000000e+00  0.000000e+00  1.500896e-01  0.000000e+00  0.000000e+00  0.000000e+00  0.000000e+00  0.000000e+00  0.000000e+00  0.000000e+00  0.000000e+00  0.000000e+00  0.000000e+00  0.000000e+00
1.335731e+01  7.039145e-01  1.837644e-01  0.000000e+00  0.000000e+00  0.000000e+00  0.000000e+00  0.000000e+00  0.000000e+00  0.000000e+00  0.000000e+00  0.000000e+00  0.000000e+00  0.000000e+00  0.000000e+00  0.000000e+00  0.000000e+00
1.498715e+01  1.719783e-01  4.523923e-01  0.000000e+00  0.000000e+00  1.290896e-01  0.000000e+00  2.734316e-02  0.000000e+00  0.000000e+00  0.000000e+00  0.000000e+00  0.000000e+00  0.000000e+00  0.000000e+00  0.000000e+00  0.000000e+00
1.681586e+01  4.255140e-01  3.161582e-01  6.081899e-02  0.000000e+00  1.224412e-01  2.436961e-02  0.000000e+00  0.000000e+00  0.000000e+00  0.000000e+00  0.000000e+00  0.000000e+00  0.000000e+00  0.000000e+00  0.000000e+00  0.000000e+00
1.886771e+01  2.896729e-01  3.018253e-01  0.000000e+00  0.000000e+00  5.420498e-02  0.000000e+00  0.000000e+00  0.000000e+00  0.000000e+00  0.000000e+00  0.000000e+00  0.000000e+00  0.000000e+00  0.000000e+00  0.000000e+00  0.000000e+00
2.116992e+01  3.173366e-01  4.416965e-01  0.000000e+00  0.000000e+00  5.927077e-02  0.000000e+00  2.557729e-02  0.000000e+00  0.000000e+00  0.000000e+00  1.755895e-01  0.000000e+00  0.000000e+00  0.000000e+00  0.000000e+00  0.000000e+00
2.375304e+01  5.837807e-01  1.077874e-01  1.268645e-01  0.000000e+00  2.723226e-01  0.000000e+00  4.305655e-02  0.000000e+00  0.000000e+00  0.000000e+00  0.000000e+00  0.000000e+00  0.000000e+00  0.000000e+00  0.000000e+00  0.000000e+00
2.665135e+01  6.177481e-01  4.905277e-01  2.031677e-02  3.421823e-02  3.192727e-02  0.000000e+00  0.000000e+00  1.648750e-01  0.000000e+00  0.000000e+00  0.000000e+00  0.000000e+00  0.000000e+00  0.000000e+00  0.000000e+00  0.000000e+00
2.990330e+01  6.099842e-01  2.670710e-01  2.405191e-02  0.000000e+00  2.564032e-01  0.000000e+00  3.181138e-02  0.000000e+00  0.000000e+00  0.000000e+00  7.820153e-02  0.000000e+00  1.566336e-01  0.000000e+00  0.000000e+00  0.000000e+00
3.355206e+01  7.938913e-01  2.758605e-01  2.789308e-02  0.000000e+00  5.353551e-02  0.000000e+00  1.433643e-01  0.000000e+00  0.000000e+00  0.000000e+00  1.474706e-01  0.000000e+00  2.832350e-01  0.000000e+00  0.000000e+00  0.000000e+00
3.764603e+01  1.076637e+00  4.644023e-01  4.583701e-03  1.438317e-02  2.692030e-01  0.000000e+00  3.432127e-02  0.000000e+00  0.000000e+00  0.000000e+00  0.000000e+00  0.000000e+00  7.014827e-03  0.000000e+00  0.000000e+00  0.000000e+00
4.223954e+01  9.277483e-01  4.481075e-01  9.875366e-02  0.000000e+00  2.033454e-01  0.000000e+00  2.565541e-02  0.000000e+00  0.000000e+00  0.000000e+00  1.060290e-01  0.000000e+00  3.695572e-01  0.000000e+00  0.000000e+00  0.000000e+00
4.739354e+01  1.105977e+00  4.327552e-01  1.142496e-02  3.117175e-02  6.301094e-02  0.000000e+00  4.099032e-02  0.000000e+00  0.000000e+00  0.000000e+00  0.000000e+00  0.000000e+00  2.303703e-01  0.000000e+00  0.000000e+00  0.000000e+00
5.317643e+01  1.086436e+00  2.159055e-01  2.807135e-02  0.000000e+00  2.740866e-01  0.000000e+00  5.425540e-02  0.000000e+00  0.000000e+00  0.000000e+00  6.990345e-02  0.000000e+00  0.000000e+00  0.000000e+00  0.000000e+00  0.000000e+00
5.966493e+01  1.247467e+00  5.540462e-01  3.140251e-02  1.594346e-02  2.186234e-01  0.000000e+00  1.607979e-01  0.000000e+00  0.000000e+00  0.000000e+00  7.534677e-02  0.000000e+00  4.468127e-02  0.000000e+00  0.000000e+00  0.000000e+00
6.694516e+01  1.481507e+00  4.771482e-01  5.314249e-02  0.000000e+00  1.824706e-01  0.000000e+00  2.889956e-02  0.000000e+00  4.759951e-02  0.000000e+00  5.787268e-02  0.000000e+00  9.606019e-01  0.000000e+00  0.000000e+00  0.000000e+00
7.511370e+01  1.560036e+00  6.050049e-01  1.019282e-01  1.791506e-02  1.434475e-01  0.000000e+00  4.162354e-02  0.000000e+00  0.000000e+00  0.000000e+00  5.553326e-02  0.000000e+00  2.879678e+02  0.000000e+00  0.000000e+00  0.000000e+00
8.427896e+01  1.919431e+00  5.949497e-01  3.025264e-02  7.797589e-02  1.700764e-01  0.000000e+00  1.316025e-01  0.000000e+00  0.000000e+00  0.000000e+00  0.000000e+00  0.000000e+00  3.446473e+02  0.000000e+00  0.000000e+00  0.000000e+00
9.456255e+01  1.837386e+00  4.864711e-01  7.467302e-02  2.081210e-02  2.768545e-01  0.000000e+00  2.350481e-02  0.000000e+00  3.447701e-02  0.000000e+00  7.791391e-04  0.000000e+00  2.653539e+02  0.000000e+00  0.000000e+00  0.000000e+00
1.061009e+02  2.053762e+00  6.913302e-01  7.602387e-02  7.473159e-03  2.198228e-01  0.000000e+00  3.923012e-02  0.000000e+00  0.000000e+00  4.237060e-02  5.662464e-02  0.000000e+00  1.972372e+02  0.000000e+00  0.000000e+00  0.000000e+00
1.190472e+02  2.196140e+00  8.732781e-01  7.548707e-02  2.139334e-02  3.467325e-01  0.000000e+00  3.581158e-02  0.000000e+00  3.442299e-03  3.254420e-02  1.699604e+02  0.000000e+00  1.470716e+02  0.000000e+00  3.217187e-02  0.000000e+00
1.335731e+02  2.524811e+00  8.621789e-01  9.485089e-02  1.291863e-03  2.514216e-01  0.000000e+00  3.415149e-02  0.000000e+00  0.000000e+00  0.000000e+00  1.446121e+02  0.000000e+00  1.098501e+02  0.000000e+00  0.000000e+00  0.000000e+00
1.498715e+02  5.918781e+00  1.022587e+00  3.835951e-02  1.343057e-02  1.178987e-01  0.000000e+00  1.511643e-01  0.000000e+00  1.408974e-02  3.201174e-02  1.083929e+02  0.000000e+00  8.243818e+01  0.000000e+00  0.000000e+00  0.000000e+00
1.681586e+02  8.363495e+00  1.124846e+00  6.968349e-02  1.224412e-02  1.701343e-01  4.381421e-04  1.149632e-01  0.000000e+00  2.983757e-02  0.000000e+00  8.415706e+01  0.000000e+00  5.995002e+01  0.000000e+00  0.000000e+00  0.000000e+00
1.886771e+02  5.077088e+00  1.142261e+00  5.952798e-02  1.169205e-02  2.608503e-01  5.041763e-03  1.307227e-01  3.780471e-03  3.780471e-03  0.000000e+00  6.046242e+01  0.000000e+00  4.257563e+01  0.000000e+00  0.000000e+00  0.000000e+00
2.116992e+02  2.326379e+00  1.520085e+00  6.545573e-02  4.934710e-02  1.619172e-01  3.369348e-03  6.813286e-02  0.000000e+00  0.000000e+00  3.480287e-04  4.886207e+01  0.000000e+00  3.007176e+01  0.000000e+00  8.151102e-04  0.000000e+00
2.375304e+02  1.718290e+00  6.578477e+00  9.352484e-02  3.725777e-02  2.019621e-01  1.302720e-03  1.223297e-01  7.331356e-03  0.000000e+00  1.725236e-03  3.642330e+01  0.000000e+00  2.271026e+01  0.000000e+00  6.664688e-03  0.000000e+00
2.665135e+02  1.445196e+00  5.534040e+00  8.567364e-02  4.493263e-02  2.931638e-01  3.511531e-03  8.155305e-02  0.000000e+00  2.676368e-03  1.731221e-02  2.607429e+01  0.000000e+00  1.494083e+01  0.000000e+00  0.000000e+00  0.000000e+00
2.990330e+02  9.952538e-01  9.563177e-01  4.725779e-02  1.906128e-02  2.185735e-01  7.243099e-03  1.321327e-01  3.770645e-04  8.831144e-04  1.090259e-02  2.018952e+01  0.000000e+00  1.093866e+01  0.000000e+00  0.000000e+00  0.000000e+00
3.355206e+02  9.187221e-01  9.197756e-01  6.052600e-02  3.196019e-02  2.085240e-01  2.125915e-03  8.688262e-02  1.844510e-03  1.613818e-03  1.426517e-02  1.497996e+01  7.945578e-03  8.042133e+00  0.000000e+00  0.000000e+00  1.842589e-03
3.764603e+02  6.245530e-01  6.734607e-01  9.763530e-02  4.601615e-02  2.124196e-01  2.247226e-02  6.869653e-02  0.000000e+00  2.485974e-03  0.000000e+00  9.599651e+00  0.000000e+00  5.625826e+00  0.000000e+00  0.000000e+00  0.000000e+00
4.223954e+02  4.036525e-01  6.522366e-01  4.498817e-02  3.754613e-02  2.039036e-01  1.548842e-03  7.760093e-02  1.548398e-02  1.955615e-03  9.580724e-03  7.243590e+00  0.000000e+00  2.887101e+00  0.000000e+00  4.085228e-04  0.000000e+00
4.739354e+02  3.720125e-01  5.556912e-01  7.083272e-02  3.992452e-02  1.813747e-01  1.062809e-02  1.274097e-01  1.099201e-02  9.271601e-03  0.000000e+00  4.879946e+00  0.000000e+00  2.134482e+00  9.271601e-03  0.000000e+00  0.000000e+00
5.317643e+02  3.253824e-01  4.244335e-01  9.926220e-02  2.334008e-02  1.505373e-01  4.190988e-03  6.117060e-02  1.259437e-02  1.120484e-02  1.004668e-02  4.120326e+00  0.000000e+00  1.535045e+00  1.385527e-04  2.977007e-03  0.000000e+00
5.966493e+02  2.988885e-01  3.923481e-01  9.476995e-02  6.763946e-02  1.494307e-01  1.267566e-02  9.316645e-02  1.165155e-02  3.919452e-03  7.850275e-03  2.720035e+00  0.000000e+00  1.079023e+00  0.000000e+00  4.426057e-04  0.000000e+00
6.694516e+02  2.516827e-01  3.585707e-01  1.107233e-01  7.618049e-02  1.539314e-01  8.255681e-03  8.574439e-02  4.079187e-03  2.925670e-03  5.372088e-03  1.860800e+00  0.000000e+00  6.870125e-01  0.000000e+00  0.000000e+00  0.000000e+00
7.511370e+02  1.954211e-01  2.632085e-01  7.459109e-02  5.742220e-02  9.739990e-02  5.353551e-03  6.565917e-02  7.041193e-03  6.714518e-03  3.961115e-03  1.312011e+00  0.000000e+00  4.697237e-01  0.000000e+00  0.000000e+00  0.000000e+00
8.427896e+02  1.463563e-01  2.486981e-01  7.183677e-02  4.134877e-02  1.217063e-01  2.342209e-03  6.949014e-02  1.752916e-03  3.525762e-03  1.584354e-02  6.994949e-01  0.000000e+00  2.692768e-01  0.000000e+00  4.087298e-03  0.000000e+00
9.456255e+02  1.418418e-01  1.786744e-01  9.208338e-02  4.280975e-02  1.022718e-01  8.891051e-03  7.105229e-02  5.422591e-03  0.000000e+00  9.733184e-03  6.160258e-01  9.644007e-04  1.687373e-01  0.000000e+00  0.000000e+00  0.000000e+00
1.061009e+03  1.223324e-01  1.193280e-01  9.245668e-02  5.673101e-02  9.297689e-02  6.311512e-03  6.336491e-02  6.146116e-03  1.440924e-02  5.037579e-03  4.179999e-01  0.000000e+00  7.325061e-02  3.862849e-03  2.512612e-03  0.000000e+00
1.190472e+03  8.961588e-02  1.063199e-01  7.982385e-02  5.955174e-02  4.833376e-02  7.775155e-03  4.477211e-02  1.400256e-02  4.144520e-03  2.023763e-02  2.706788e-01  0.000000e+00  5.530908e-02  0.000000e+00  0.000000e+00  0.000000e+00
1.335731e+03  8.213933e-02  1.141858e-01  7.230278e-02  4.203608e-02  4.378317e-02  8.850416e-03  4.531162e-02  4.294983e-03  8.357551e-03  5.442491e-03  1.182917e-01  0.000000e+00  3.230358e-02  2.578911e-03  0.000000e+00  0.000000e+00
1.498715e+03  5.176066e-02  8.438443e-02  5.425201e-02  5.627204e-02  4.376080e-02  2.028690e-02  5.137279e-02  1.227417e-02  1.274794e-02  9.273562e-03  5.971867e-02  8.621113e-04  3.480294e-02  0.000000e+00  0.000000e+00  1.621393e-03
1.681586e+03  3.384938e-02  8.115995e-02  5.058974e-02  4.015250e-02  4.826925e-02  8.116991e-03  2.976973e-02  1.317695e-02  1.014033e-02  9.530922e-03  7.081429e-02  0.000000e+00  1.556802e-02  2.698472e-03  0.000000e+00  3.676449e-04
1.886771e+03  3.990028e-02  6.152489e-02  5.328600e-02  4.302111e-02  4.336395e-02  1.070897e-02  2.908510e-02  1.115319e-02  5.315358e-03  1.044060e-02  3.468034e-02  2.769457e-03  4.960169e-04  6.278095e-03  2.138622e-04  0.000000e+00
2.116992e+03  2.487212e-02  6.108651e-02  2.949349e-02  3.109040e-02  2.153509e-02  6.613475e-03  2.501990e-02  8.874014e-03  4.364379e-03  7.142749e-03  2.314251e-02  1.902063e-03  7.534109e-03  8.151102e-05  0.000000e+00  8.151102e-05
2.375304e+03  2.003186e-02  3.289251e-02  3.621834e-02  5.033922e-02  2.565539e-02  1.700765e-02  2.284878e-02  5.585218e-03  2.884689e-03  3.816962e-03  2.326263e-02  4.746961e-05  0.000000e+00  1.564943e-03  0.000000e+00  1.923643e-03
2.665135e+03  1.343445e-02  2.977265e-02  2.556329e-02  5.043765e-02  1.383161e-02  5.514608e-03  1.550008e-02  1.274540e-02  3.618640e-03  6.587170e-03  1.603513e-02  2.996703e-03  2.161855e-03  1.757458e-03  0.000000e+00  1.938497e-03
2.990330e+03  7.953581e-03  1.942081e-02  1.907727e-02  3.401881e-02  1.003995e-02  1.186146e-02  1.169423e-02  8.640467e-03  8.934422e-03  9.782765e-03  1.134228e-02  2.794693e-03  0.000000e+00  1.654647e-03  0.000000e+00  2.926871e-03
3.355206e+03  4.628970e-03  2.480872e-02  2.482432e-02  4.177168e-02  6.254053e-03  1.153417e-02  4.367839e-03  7.351581e-03  3.420204e-03  6.132974e-03  4.789801e-03  1.925373e-03  7.746344e-04  6.969718e-04  0.000000e+00  7.338910e-05
3.764603e+03  2.516244e-03  1.155964e-02  1.907670e-02  2.487482e-02  4.499342e-03  1.314070e-02  3.157532e-03  4.322319e-03  5.768105e-03  7.865508e-03  6.530014e-03  1.759513e-03  1.957109e-05  1.149893e-03  0.000000e+00  4.148174e-03
4.223954e+03  1.170054e-03  5.452804e-03  1.015899e-02  1.943259e-02  3.337851e-03  4.515820e-03  4.264547e-03  6.844968e-03  4.737050e-03  7.143882e-03  4.034101e-03  2.076766e-03  0.000000e+00  1.842087e-03  0.000000e+00  2.668376e-03
4.739354e+03  8.801429e-04  7.188602e-03  9.999772e-03  2.088812e-02  2.831483e-03  7.186570e-03  1.395254e-03  5.155906e-03  2.852191e-03  4.342618e-03  3.529428e-03  1.290677e-03  8.514007e-05  3.971887e-04  0.000000e+00  1.559168e-03
5.317643e+03  8.268412e-04  7.255891e-03  9.851533e-03  1.173526e-02  1.448642e-03  6.953755e-03  8.491001e-04  7.851056e-03  4.109673e-03  5.743849e-03  3.765863e-03  1.536201e-03  0.000000e+00  2.330999e-03  0.000000e+00  1.882268e-03
5.966493e+03  1.356899e-03  4.389934e-03  5.967750e-03  9.460707e-03  1.338404e-03  5.173380e-03  1.836221e-03  6.159132e-03  3.000058e-03  3.241426e-03  3.630149e-04  8.767321e-04  0.000000e+00  8.210968e-04  0.000000e+00  9.385036e-04
6.694516e+03  1.684285e-05  3.463818e-03  4.834452e-03  7.670054e-03  1.018708e-03  1.005518e-02  1.227758e-03  4.517303e-03  3.005456e-03  3.227873e-03  3.081334e-03  1.391202e-03  0.000000e+00  7.322846e-04  0.000000e+00  9.234823e-05
7.511370e+03  5.269297e-04  2.971816e-03  2.926271e-03  3.750032e-03  7.469553e-04  6.606118e-03  1.283670e-03  4.621479e-03  5.689552e-04  2.102471e-03  5.484127e-04  1.198701e-03  0.000000e+00  2.169800e-04  0.000000e+00  2.584967e-03
8.427896e+03  5.334143e-04  3.106858e-03  1.525314e-03  3.788784e-03  7.904091e-04  7.689198e-03  7.748294e-04  6.496956e-03  1.148704e-03  1.458799e-03  9.193980e-04  1.705319e-03  0.000000e+00  1.395416e-04  0.000000e+00  1.372092e-03
9.456255e+03  0.000000e+00  7.329236e-04  1.265177e-03  4.903002e-03  5.417925e-04  4.635134e-03  1.824804e-05  2.950115e-03  1.354935e-03  9.584311e-04  1.907889e-03  2.519502e-03  0.000000e+00  8.954957e-04  0.000000e+00  2.472949e-04
1.061009e+04  0.000000e+00  1.137344e-03  5.763088e-04  2.978796e-03  3.666108e-04  4.043726e-03  1.326958e-03  1.315458e-03  2.452914e-04  1.387549e-03  1.657408e-03  7.679413e-04  0.000000e+00  1.062712e-05  0.000000e+00  8.799875e-04
1.190472e+04  0.000000e+00  5.786124e-05  5.193122e-05  1.794218e-03  0.000000e+00  1.803202e-03  6.188922e-06  5.690182e-04  1.894286e-05  1.446527e-03  1.086519e-03  2.593170e-04  0.000000e+00  5.353435e-04  0.000000e+00  9.429515e-04
1.335731e+04  0.000000e+00  8.589309e-04  7.051464e-04  1.746161e-03  0.000000e+00  1.082441e-03  1.977047e-05  6.886441e-04  1.676687e-04  1.044199e-03  9.238883e-04  4.261686e-04  0.000000e+00  0.000000e+00  0.000000e+00  7.495263e-04
1.498715e+04  0.000000e+00  2.900691e-04  8.621113e-05  5.230638e-04  0.000000e+00  8.355691e-04  0.000000e+00  5.326552e-04  1.778793e-04  3.268845e-04  2.302747e-05  2.694632e-04  0.000000e+00  1.903716e-05  0.000000e+00  8.094071e-04
1.681586e+04  0.000000e+00  2.079037e-04  6.705261e-06  2.710157e-04  0.000000e+00  1.245875e-03  4.381421e-06  3.262859e-04  0.000000e+00  7.683575e-05  5.423224e-05  5.246873e-05  0.000000e+00  7.808662e-04  0.000000e+00  6.284573e-04
1.886771e+04  0.000000e+00  2.437775e-04  0.000000e+00  2.507935e-04  0.000000e+00  7.720961e-04  0.000000e+00  4.697756e-04  0.000000e+00  0.000000e+00  4.979210e-04  3.073481e-04  0.000000e+00  4.439824e-04  0.000000e+00  9.685410e-04
2.116992e+04  0.000000e+00  3.480287e-06  0.000000e+00  4.494912e-04  0.000000e+00  1.595461e-05  0.000000e+00  2.123560e-04  0.000000e+00  0.000000e+00  0.000000e+00  2.075653e-04  0.000000e+00  5.177973e-04  0.000000e+00  2.123560e-04
2.375304e+04  0.000000e+00  0.000000e+00  0.000000e+00  3.101809e-06  0.000000e+00  2.915655e-04  2.602727e-05  9.118521e-05  0.000000e+00  1.122343e-04  1.971900e-04  9.493922e-06  0.000000e+00  0.000000e+00  0.000000e+00  4.514219e-04
2.665135e+04  0.000000e+00  2.319683e-05  0.000000e+00  1.645841e-04  0.000000e+00  0.000000e+00  0.000000e+00  0.000000e+00  0.000000e+00  1.514028e-05  0.000000e+00  0.000000e+00  0.000000e+00  0.000000e+00  0.000000e+00  2.319683e-05
2.990330e+04  0.000000e+00  0.000000e+00  0.000000e+00  1.065620e-04  0.000000e+00  0.000000e+00  0.000000e+00  0.000000e+00  0.000000e+00  0.000000e+00  0.000000e+00  1.789930e-04  0.000000e+00  2.290646e-04  0.000000e+00  1.457278e-04
3.355206e+04  0.000000e+00  0.000000e+00  0.000000e+00  0.000000e+00  0.000000e+00  0.000000e+00  0.000000e+00  0.000000e+00  0.000000e+00  0.000000e+00  0.000000e+00  5.142998e-06  0.000000e+00  4.718238e-05  0.000000e+00  2.405271e-05
3.764603e+04  0.000000e+00  0.000000e+00  0.000000e+00  3.432127e-05  0.000000e+00  0.000000e+00  0.000000e+00  0.000000e+00  0.000000e+00  0.000000e+00  0.000000e+00  8.464523e-05  0.000000e+00  3.432127e-05  0.000000e+00  1.957109e-06
4.223954e+04  0.000000e+00  0.000000e+00  0.000000e+00  2.159024e-05  0.000000e+00  0.000000e+00  0.000000e+00  1.797252e-04  0.000000e+00  0.000000e+00  0.000000e+00  1.086984e-04  0.000000e+00  0.000000e+00  0.000000e+00  0.000000e+00
4.739354e+04  0.000000e+00  0.000000e+00  0.000000e+00  0.000000e+00  0.000000e+00  0.000000e+00  0.000000e+00  1.554587e-06  0.000000e+00  0.000000e+00  0.000000e+00  2.079691e-05  0.000000e+00  6.723610e-05  0.000000e+00  0.000000e+00
5.317643e+04  0.000000e+00  0.000000e+00  0.000000e+00  0.000000e+00  0.000000e+00  0.000000e+00  0.000000e+00  0.000000e+00  0.000000e+00  0.000000e+00  0.000000e+00  0.000000e+00  0.000000e+00  0.000000e+00  0.000000e+00  0.000000e+00
5.966493e+04  0.000000e+00  0.000000e+00  0.000000e+00  0.000000e+00  0.000000e+00  0.000000e+00  0.000000e+00  0.000000e+00  0.000000e+00  0.000000e+00  0.000000e+00  0.000000e+00  0.000000e+00  0.000000e+00  0.000000e+00  0.000000e+00
6.694516e+04  0.000000e+00  0.000000e+00  0.000000e+00  0.000000e+00  0.000000e+00  0.000000e+00  0.000000e+00  0.000000e+00  0.000000e+00  0.000000e+00  0.000000e+00  0.000000e+00  0.000000e+00  0.000000e+00  0.000000e+00  3.345430e-05
7.511370e+04  0.000000e+00  0.000000e+00  0.000000e+00  0.000000e+00  0.000000e+00  0.000000e+00  0.000000e+00  0.000000e+00  0.000000e+00  0.000000e+00  0.000000e+00  0.000000e+00  0.000000e+00  0.000000e+00  0.000000e+00  5.689552e-05
8.427896e+04  0.000000e+00  0.000000e+00  0.000000e+00  0.000000e+00  0.000000e+00  0.000000e+00  0.000000e+00  0.000000e+00  0.000000e+00  0.000000e+00  0.000000e+00  0.000000e+00  0.000000e+00  0.000000e+00  0.000000e+00  0.000000e+00
9.456255e+04  0.000000e+00  0.000000e+00  0.000000e+00  0.000000e+00  0.000000e+00  0.000000e+00  0.000000e+00  0.000000e+00  0.000000e+00  0.000000e+00  0.000000e+00  0.000000e+00  0.000000e+00  0.000000e+00  0.000000e+00  0.000000e+00
1.061009e+05  0.000000e+00  0.000000e+00  0.000000e+00  0.000000e+00  0.000000e+00  0.000000e+00  0.000000e+00  0.000000e+00  0.000000e+00  0.000000e+00  0.000000e+00  0.000000e+00  0.000000e+00  0.000000e+00  0.000000e+00  0.000000e+00
1.190472e+05  0.000000e+00  0.000000e+00  0.000000e+00  0.000000e+00  0.000000e+00  0.000000e+00  0.000000e+00  0.000000e+00  0.000000e+00  0.000000e+00  0.000000e+00  0.000000e+00  0.000000e+00  0.000000e+00  0.000000e+00  0.000000e+00
1.335731e+05  0.000000e+00  0.000000e+00  0.000000e+00  0.000000e+00  0.000000e+00  0.000000e+00  0.000000e+00  0.000000e+00  0.000000e+00  0.000000e+00  0.000000e+00  0.000000e+00  0.000000e+00  0.000000e+00  0.000000e+00  0.000000e+00
1.498715e+05  0.000000e+00  0.000000e+00  0.000000e+00  0.000000e+00  0.000000e+00  0.000000e+00  0.000000e+00  0.000000e+00  0.000000e+00  0.000000e+00  0.000000e+00  0.000000e+00  0.000000e+00  0.000000e+00  0.000000e+00  0.000000e+00
1.681586e+05  0.000000e+00  0.000000e+00  0.000000e+00  0.000000e+00  0.000000e+00  0.000000e+00  0.000000e+00  0.000000e+00  0.000000e+00  0.000000e+00  0.000000e+00  0.000000e+00  0.000000e+00  0.000000e+00  0.000000e+00  0.000000e+00
1.886771e+05  0.000000e+00  0.000000e+00  0.000000e+00  0.000000e+00  0.000000e+00  0.000000e+00  0.000000e+00  0.000000e+00  0.000000e+00  0.000000e+00  0.000000e+00  0.000000e+00  0.000000e+00  0.000000e+00  0.000000e+00  0.000000e+00
2.116992e+05  0.000000e+00  0.000000e+00  0.000000e+00  0.000000e+00  0.000000e+00  0.000000e+00  0.000000e+00  0.000000e+00  0.000000e+00  0.000000e+00  0.000000e+00  0.000000e+00  0.000000e+00  0.000000e+00  0.000000e+00  0.000000e+00
2.375304e+05  0.000000e+00  0.000000e+00  0.000000e+00  0.000000e+00  0.000000e+00  0.000000e+00  0.000000e+00  0.000000e+00  0.000000e+00  0.000000e+00  0.000000e+00  0.000000e+00  0.000000e+00  0.000000e+00  0.000000e+00  0.000000e+00
2.665135e+05  0.000000e+00  0.000000e+00  0.000000e+00  0.000000e+00  0.000000e+00  0.000000e+00  0.000000e+00  0.000000e+00  0.000000e+00  0.000000e+00  0.000000e+00  0.000000e+00  0.000000e+00  0.000000e+00  0.000000e+00  0.000000e+00
2.990330e+05  0.000000e+00  0.000000e+00  0.000000e+00  0.000000e+00  0.000000e+00  0.000000e+00  0.000000e+00  0.000000e+00  0.000000e+00  0.000000e+00  0.000000e+00  0.000000e+00  0.000000e+00  0.000000e+00  0.000000e+00  0.000000e+00
3.355206e+05  0.000000e+00  0.000000e+00  0.000000e+00  0.000000e+00  0.000000e+00  0.000000e+00  0.000000e+00  0.000000e+00  0.000000e+00  0.000000e+00  0.000000e+00  0.000000e+00  0.000000e+00  0.000000e+00  0.000000e+00  0.000000e+00
3.764603e+05  0.000000e+00  0.000000e+00  0.000000e+00  0.000000e+00  0.000000e+00  0.000000e+00  0.000000e+00  0.000000e+00  0.000000e+00  0.000000e+00  0.000000e+00  0.000000e+00  0.000000e+00  0.000000e+00  0.000000e+00  0.000000e+00
4.223954e+05  0.000000e+00  0.000000e+00  0.000000e+00  0.000000e+00  0.000000e+00  0.000000e+00  0.000000e+00  0.000000e+00  0.000000e+00  0.000000e+00  0.000000e+00  0.000000e+00  0.000000e+00  0.000000e+00  0.000000e+00  0.000000e+00
4.739354e+05  0.000000e+00  0.000000e+00  0.000000e+00  0.000000e+00  0.000000e+00  0.000000e+00  0.000000e+00  0.000000e+00  0.000000e+00  0.000000e+00  0.000000e+00  0.000000e+00  0.000000e+00  0.000000e+00  0.000000e+00  0.000000e+00
5.317643e+05  0.000000e+00  0.000000e+00  0.000000e+00  0.000000e+00  0.000000e+00  0.000000e+00  0.000000e+00  0.000000e+00  0.000000e+00  0.000000e+00  0.000000e+00  0.000000e+00  0.000000e+00  0.000000e+00  0.000000e+00  0.000000e+00
5.966493e+05  0.000000e+00  0.000000e+00  0.000000e+00  0.000000e+00  0.000000e+00  0.000000e+00  0.000000e+00  0.000000e+00  0.000000e+00  0.000000e+00  0.000000e+00  0.000000e+00  0.000000e+00  0.000000e+00  0.000000e+00  0.000000e+00
6.694516e+05  0.000000e+00  0.000000e+00  0.000000e+00  0.000000e+00  0.000000e+00  0.000000e+00  0.000000e+00  0.000000e+00  0.000000e+00  0.000000e+00  0.000000e+00  0.000000e+00  0.000000e+00  0.000000e+00  0.000000e+00  0.000000e+00
7.511370e+05  0.000000e+00  0.000000e+00  0.000000e+00  0.000000e+00  0.000000e+00  0.000000e+00  0.000000e+00  0.000000e+00  0.000000e+00  0.000000e+00  0.000000e+00  0.000000e+00  0.000000e+00  0.000000e+00  0.000000e+00  0.000000e+00
8.427896e+05  0.000000e+00  0.000000e+00  0.000000e+00  0.000000e+00  0.000000e+00  0.000000e+00  0.000000e+00  0.000000e+00  0.000000e+00  0.000000e+00  0.000000e+00  0.000000e+00  0.000000e+00  0.000000e+00  0.000000e+00  0.000000e+00
9.456255e+05  0.000000e+00  0.000000e+00  0.000000e+00  0.000000e+00  0.000000e+00  0.000000e+00  0.000000e+00  0.000000e+00  0.000000e+00  0.000000e+00  0.000000e+00  0.000000e+00  0.000000e+00  0.000000e+00  0.000000e+00  0.000000e+00
