# dR/dEr [1/keV/kg/Myr]
# Er [keV], S, F, Ne, Cl, Na, Si, O, P, N, C, Al, Mg, Be, B, Ar, Li
1.061009e+01  8.602830e-01  8.207066e-01  0.000000e+00  0.000000e+00  5.804875e-01  0.000000e+00  4.549957e-02  0.000000e+00  0.000000e+00  0.000000e+00  0.000000e+00  0.000000e+00  5.344355e-02  0.000000e+00  0.000000e+00  0.000000e+00
1.190472e+01  2.215517e-01  2.270353e-01  0.000000e+00  0.000000e+00  7.128490e-02  0.000000e+00  0.000000e+00  0.000000e+00  0.000000e+00  0.000000e+00  0.000000e+00  0.000000e+00  0.000000e+00  0.000000e+00  0.000000e+00  0.000000e+00
1.335731e+01  3.359320e-01  9.666586e-02  0.000000e+00  0.000000e+00  0.000000e+00  0.000000e+00  0.000000e+00  0.000000e+00  0.000000e+00  0.000000e+00  0.000000e+00  0.000000e+00  0.000000e+00  0.000000e+00  0.000000e+00  0.000000e+00
1.498715e+01  8.163140e-02  2.371809e-01  0.000000e+00  0.000000e+00  7.338557e-02  0.000000e+00  1.294671e-02  0.000000e+00  0.000000e+00  0.000000e+00  0.000000e+00  0.000000e+00  0.000000e+00  0.000000e+00  0.000000e+00  0.000000e+00
1.681586e+01  2.019748e-01  1.556728e-01  2.885070e-02  0.000000e+00  5.818037e-02  1.153877e-02  0.000000e+00  0.000000e+00  0.000000e+00  0.000000e+00  0.000000e+00  0.000000e+00  0.000000e+00  0.000000e+00  0.000000e+00  0.000000e+00
1.886771e+01  1.374540e-01  1.466907e-01  0.000000e+00  0.000000e+00  2.571321e-02  0.000000e+00  0.000000e+00  0.000000e+00  0.000000e+00  0.000000e+00  0.000000e+00  0.000000e+00  0.000000e+00  0.000000e+00  0.000000e+00  0.000000e+00
2.116992e+01  1.550732e-01  2.257681e-01  0.000000e+00  0.000000e+00  2.812969e-02  0.000000e+00  1.212672e-02  0.000000e+00  0.000000e+00  0.000000e+00  1.027110e-01  0.000000e+00  0.000000e+00  0.000000e+00  0.000000e+00  0.000000e+00
2.375304e+01  2.837459e-01  5.118091e-02  6.292461e-02  0.000000e+00  1.376289e-01  0.000000e+00  2.042473e-02  0.000000e+00  0.000000e+00  0.000000e+00  0.000000e+00  0.000000e+00  0.000000e+00  0.000000e+00  0.000000e+00  0.000000e+00
2.665135e+01  3.076868e-01  2.559843e-01  9.632594e-03  2.306418e-02  1.512454e-02  0.000000e+00  0.000000e+00  8.575671e-02  0.000000e+00  0.000000e+00  0.000000e+00  0.000000e+00  0.000000e+00  0.000000e+00  0.000000e+00  0.000000e+00
2.990330e+01  2.990746e-01  1.274842e-01  1.138343e-02  0.000000e+00  1.490181e-01  0.000000e+00  1.507378e-02  0.000000e+00  0.000000e+00  0.000000e+00  4.988439e-02  0.000000e+00  8.559829e-02  0.000000e+00  0.000000e+00  0.000000e+00
3.355206e+01  3.870843e-01  1.375640e-01  1.327898e-02  0.000000e+00  2.540007e-02  0.000000e+00  7.179385e-02  0.000000e+00  0.000000e+00  0.000000e+00  8.183849e-02  0.000000e+00  1.700871e-01  0.000000e+00  0.000000e+00  0.000000e+00
3.764603e+01  5.385656e-01  2.607466e-01  3.235040e-03  6.819354e-03  1.432411e-01  0.000000e+00  2.272743e-02  0.000000e+00  0.000000e+00  0.000000e+00  0.000000e+00  0.000000e+00  4.945496e-03  0.000000e+00  0.000000e+00  0.000000e+00
4.223954e+01  4.682434e-01  2.236897e-01  5.596676e-02  0.000000e+00  9.810573e-02  0.000000e+00  1.359501e-02  0.000000e+00  0.000000e+00  0.000000e+00  6.632060e-02  0.000000e+00  1.921494e-01  0.000000e+00  0.000000e+00  0.000000e+00
4.739354e+01  5.404665e-01  2.080331e-01  5.416805e-03  1.481761e-02  3.372323e-02  0.000000e+00  1.943059e-02  0.000000e+00  0.000000e+00  0.000000e+00  0.000000e+00  0.000000e+00  1.355318e-01  0.000000e+00  0.000000e+00  0.000000e+00
5.317643e+01  5.360515e-01  1.028187e-01  1.330434e-02  0.000000e+00  1.510546e-01  0.000000e+00  2.571231e-02  0.000000e+00  0.000000e+00  0.000000e+00  4.088998e-02  0.000000e+00  0.000000e+00  0.000000e+00  0.000000e+00  0.000000e+00
5.966493e+01  6.041365e-01  2.819179e-01  1.488712e-02  7.554788e-03  1.161598e-01  0.000000e+00  8.934675e-02  0.000000e+00  0.000000e+00  0.000000e+00  4.191493e-02  0.000000e+00  2.801277e-02  0.000000e+00  0.000000e+00  0.000000e+00
6.694516e+01  7.252637e-01  2.454049e-01  2.520647e-02  0.000000e+00  8.854575e-02  0.000000e+00  1.642898e-02  0.000000e+00  2.906490e-02  0.000000e+00  2.932690e-02  0.000000e+00  5.106019e-01  0.000000e+00  0.000000e+00  0.000000e+00
7.511370e+01  7.678601e-01  2.982088e-01  5.247317e-02  8.514712e-03  7.132385e-02  0.000000e+00  1.979103e-02  0.000000e+00  0.000000e+00  0.000000e+00  3.147242e-02  0.000000e+00  1.565233e+02  0.000000e+00  0.000000e+00  0.000000e+00
8.427896e+01  9.307972e-01  2.904085e-01  1.436158e-02  4.216953e-02  8.308277e-02  0.000000e+00  6.680566e-02  0.000000e+00  0.000000e+00  0.000000e+00  0.000000e+00  0.000000e+00  1.869587e+02  0.000000e+00  0.000000e+00  0.000000e+00
9.456255e+01  8.940673e-01  2.379058e-01  3.716927e-02  9.880071e-03  1.462320e-01  0.000000e+00  1.181086e-02  0.000000e+00  2.112746e-02  0.000000e+00  5.510860e-04  0.000000e+00  1.439482e+02  0.000000e+00  0.000000e+00  0.000000e+00
1.061009e+02  9.887966e-01  3.474835e-01  4.221762e-02  3.699443e-03  1.095451e-01  0.000000e+00  1.978301e-02  0.000000e+00  0.000000e+00  2.357050e-02  2.960939e-02  0.000000e+00  1.068091e+02  0.000000e+00  0.000000e+00  0.000000e+00
1.190472e+02  1.053268e+00  4.366051e-01  3.625500e-02  1.218929e-02  1.831859e-01  0.000000e+00  1.812903e-02  0.000000e+00  1.629894e-03  1.649173e-02  9.195547e+01  0.000000e+00  7.982832e+01  0.000000e+00  1.893407e-02  0.000000e+00
1.335731e+02  1.220153e+00  4.272136e-01  4.985677e-02  9.117583e-04  1.257452e-01  0.000000e+00  1.681012e-02  0.000000e+00  0.000000e+00  0.000000e+00  7.828879e+01  0.000000e+00  5.967612e+01  0.000000e+00  0.000000e+00  0.000000e+00
1.498715e+02  2.834728e+00  5.032486e-01  1.847061e-02  6.657699e-03  5.799094e-02  0.000000e+00  8.006045e-02  0.000000e+00  8.298213e-03  1.714170e-02  5.875022e+01  0.000000e+00  4.481343e+01  0.000000e+00  0.000000e+00  0.000000e+00
1.681586e+02  3.993344e+00  5.674179e-01  3.428904e-02  5.818037e-03  8.863564e-02  3.098984e-04  6.076933e-02  0.000000e+00  1.617545e-02  0.000000e+00  4.576468e+01  0.000000e+00  3.247990e+01  0.000000e+00  0.000000e+00  0.000000e+00
1.886771e+02  2.444761e+00  5.573239e-01  3.006057e-02  5.545236e-03  1.295354e-01  2.389034e-03  6.842553e-02  1.795563e-03  1.795563e-03  0.000000e+00  3.288031e+01  0.000000e+00  2.304793e+01  0.000000e+00  0.000000e+00  0.000000e+00
2.116992e+02  1.133519e+00  7.492080e-01  3.320261e-02  2.482906e-02  8.460277e-02  1.600297e-03  3.475901e-02  0.000000e+00  0.000000e+00  2.461611e-04  2.657177e+01  0.000000e+00  1.633704e+01  0.000000e+00  5.752806e-04  0.000000e+00
2.375304e+02  8.368415e-01  3.140913e+00  4.660298e-02  1.949981e-02  1.050081e-01  6.162070e-04  6.545804e-02  3.740309e-03  0.000000e+00  8.168822e-04  1.977655e+01  0.000000e+00  1.237129e+01  0.000000e+00  3.195548e-03  0.000000e+00
2.665135e+02  7.071245e-01  2.645357e+00  4.299052e-02  2.291741e-02  1.500106e-01  1.671725e-03  4.368102e-02  0.000000e+00  1.271161e-03  9.142203e-03  1.413603e+01  0.000000e+00  8.117563e+00  0.000000e+00  0.000000e+00  0.000000e+00
2.990330e+02  5.001739e-01  4.711102e-01  2.332737e-02  9.861775e-03  1.133302e-01  4.581171e-03  6.701099e-02  2.664094e-04  6.226011e-04  6.681090e-03  1.097599e+01  0.000000e+00  5.932288e+00  0.000000e+00  0.000000e+00  0.000000e+00
3.355206e+02  4.623864e-01  4.580350e-01  2.976322e-02  1.668094e-02  1.065454e-01  1.009719e-03  4.326683e-02  8.724823e-04  7.651441e-04  7.683539e-03  8.127731e+00  4.981453e-03  4.354582e+00  0.000000e+00  0.000000e+00  1.250591e-03
3.764603e+02  3.173342e-01  3.335227e-01  5.014386e-02  2.354592e-02  1.052188e-01  1.371171e-02  3.575420e-02  0.000000e+00  1.183491e-03  0.000000e+00  5.225448e+00  0.000000e+00  3.039057e+00  0.000000e+00  0.000000e+00  0.000000e+00
4.223954e+02  2.049454e-01  3.290113e-01  2.217686e-02  1.940145e-02  1.038218e-01  7.963790e-04  3.945120e-02  8.518118e-03  9.906518e-04  4.936324e-03  3.918966e+00  0.000000e+00  1.567955e+00  0.000000e+00  2.883233e-04  0.000000e+00
4.739354e+02  1.912556e-01  2.815824e-01  3.519739e-02  2.038981e-02  9.100411e-02  5.818458e-03  6.777557e-02  5.566169e-03  4.822454e-03  0.000000e+00  2.656265e+00  0.000000e+00  1.164408e+00  4.822454e-03  0.000000e+00  0.000000e+00
5.317643e+02  1.690949e-01  2.223788e-01  5.224403e-02  1.197188e-02  7.393216e-02  2.103349e-03  3.081160e-02  6.922254e-03  5.693129e-03  5.882035e-03  2.251042e+00  0.000000e+00  8.321691e-01  9.799849e-05  1.427399e-03  0.000000e+00
5.966493e+02  1.563121e-01  2.051512e-01  4.850970e-02  3.665124e-02  7.402765e-02  6.904933e-03  4.919365e-02  6.095249e-03  2.165853e-03  4.290077e-03  1.479455e+00  0.000000e+00  5.812329e-01  0.000000e+00  3.120397e-04  0.000000e+00
6.694516e+02  1.316505e-01  1.902493e-01  5.733591e-02  3.988910e-02  7.683839e-02  4.192976e-03  4.431979e-02  2.033546e-03  1.390223e-03  3.196331e-03  1.009715e+00  0.000000e+00  3.721291e-01  0.000000e+00  0.000000e+00  0.000000e+00
7.511370e+02  1.022201e-01  1.370290e-01  3.864052e-02  2.977356e-02  4.869440e-02  3.330757e-03  3.391168e-02  3.832451e-03  3.484257e-03  2.419995e-03  7.079061e-01  0.000000e+00  2.582456e-01  0.000000e+00  0.000000e+00  0.000000e+00
8.427896e+02  7.956187e-02  1.310112e-01  3.760710e-02  2.030854e-02  6.128487e-02  1.110485e-03  3.532882e-02  8.332552e-04  2.150978e-03  8.790883e-03  3.816631e-01  0.000000e+00  1.484539e-01  0.000000e+00  2.048789e-03  0.000000e+00
9.456255e+02  7.499947e-02  9.463877e-02  4.721867e-02  2.200915e-02  5.204561e-02  4.755237e-03  3.558842e-02  2.667637e-03  0.000000e+00  5.624904e-03  3.348716e-01  6.500369e-04  9.115079e-02  0.000000e+00  0.000000e+00  0.000000e+00
1.061009e+03  6.512910e-02  6.262237e-02  4.796642e-02  2.939003e-02  4.768223e-02  3.255212e-03  3.213962e-02  3.300591e-03  7.508808e-03  2.766973e-03  2.281291e-01  0.000000e+00  4.025416e-02  2.413217e-03  1.575274e-03  0.000000e+00
1.190472e+03  4.788484e-02  5.587806e-02  4.100424e-02  3.056449e-02  2.385426e-02  3.849453e-03  2.279838e-02  8.052989e-03  2.308693e-03  1.162577e-02  1.503872e-01  0.000000e+00  2.900635e-02  0.000000e+00  0.000000e+00  0.000000e+00
1.335731e+03  4.360437e-02  6.113345e-02  3.768524e-02  2.187582e-02  2.173751e-02  5.091547e-03  2.239340e-02  2.316492e-03  4.635211e-03  3.253691e-03  6.545342e-02  0.000000e+00  1.774646e-02  1.292699e-03  0.000000e+00  0.000000e+00
1.498715e+03  2.724909e-02  4.527883e-02  2.864408e-02  2.939681e-02  2.334722e-02  1.137866e-02  2.627566e-02  6.423709e-03  6.733750e-03  5.327136e-03  3.238479e-02  5.708871e-04  1.829303e-02  0.000000e+00  0.000000e+00  1.038289e-03
1.681586e+03  1.856733e-02  4.282357e-02  2.692894e-02  2.032392e-02  2.471167e-02  4.441692e-03  1.474236e-02  7.240147e-03  5.304101e-03  5.020613e-03  3.816913e-02  0.000000e+00  8.354438e-03  1.414525e-03  0.000000e+00  2.495257e-04
1.886771e+03  2.163444e-02  3.367794e-02  2.822923e-02  2.154998e-02  2.248566e-02  5.858032e-03  1.486977e-02  6.100711e-03  2.754250e-03  5.814062e-03  1.863681e-02  1.492705e-03  2.361374e-04  3.567950e-03  1.502676e-04  0.000000e+00
2.116992e+03  1.307992e-02  3.267229e-02  1.550305e-02  1.600836e-02  1.178895e-02  3.354259e-03  1.280614e-02  4.751097e-03  2.526788e-03  4.032737e-03  1.279071e-02  1.096249e-03  4.070822e-03  5.752806e-05  0.000000e+00  5.752806e-05
2.375304e+03  1.130536e-02  1.762959e-02  1.937462e-02  2.609094e-02  1.378661e-02  9.128330e-03  1.160113e-02  2.853867e-03  1.462791e-03  2.266177e-03  1.266904e-02  3.353896e-05  0.000000e+00  9.154125e-04  0.000000e+00  1.074795e-03
2.665135e+03  7.132378e-03  1.625745e-02  1.348296e-02  2.637361e-02  7.616356e-03  2.848074e-03  8.106209e-03  6.636686e-03  1.909759e-03  3.357009e-03  8.892433e-03  1.560781e-03  1.264921e-03  9.604286e-04  0.000000e+00  1.057692e-03
2.990330e+03  4.638021e-03  1.038475e-02  1.020824e-02  1.745264e-02  5.569924e-03  6.432329e-03  6.095542e-03  4.833462e-03  5.047884e-03  5.580719e-03  6.049271e-03  1.675364e-03  0.000000e+00  9.182430e-04  0.000000e+00  1.533607e-03
3.355206e+03  2.465189e-03  1.339720e-02  1.341307e-02  2.218686e-02  3.459063e-03  6.383715e-03  2.115128e-03  4.244883e-03  1.863939e-03  3.485467e-03  2.749869e-03  1.042193e-03  3.807712e-04  4.445951e-04  0.000000e+00  5.182946e-05
3.764603e+03  1.485993e-03  6.418426e-03  1.049207e-02  1.319868e-02  2.415172e-03  7.182397e-03  1.532791e-03  2.351498e-03  3.419895e-03  4.423333e-03  3.618682e-03  1.115219e-03  1.384265e-05  6.356216e-04  0.000000e+00  2.421797e-03
4.223954e+03  7.432314e-04  2.895796e-03  5.548966e-03  1.037538e-02  1.901396e-03  2.479391e-03  2.304938e-03  3.833274e-03  2.604525e-03  4.100163e-03  2.232629e-03  1.250378e-03  0.000000e+00  1.048622e-03  0.000000e+00  1.539976e-03
4.739354e+03  4.988043e-04  4.038603e-03  5.573891e-03  1.121384e-02  1.621348e-03  4.124722e-03  7.253675e-04  2.816626e-03  1.642588e-03  2.413449e-03  1.956067e-03  7.147779e-04  5.982260e-05  2.579827e-04  0.000000e+00  9.963764e-04
5.317643e+03  4.206739e-04  4.040070e-03  5.540459e-03  6.275119e-03  8.974387e-04  4.037802e-03  4.542080e-04  4.190220e-03  2.242424e-03  3.290487e-03  2.271322e-03  8.636509e-04  0.000000e+00  1.298243e-03  0.000000e+00  1.073669e-03
5.966493e+03  7.818254e-04  2.441557e-03  3.362142e-03  5.172853e-03  7.893248e-04  2.783410e-03  1.053040e-03  3.352209e-03  1.740324e-03  1.808059e-03  2.296025e-04  5.385983e-04  0.000000e+00  4.666681e-04  0.000000e+00  5.201252e-04
6.694516e+03  1.190007e-05  1.976929e-03  2.725439e-03  4.142499e-03  6.204672e-04  5.668448e-03  7.496209e-04  2.634516e-03  1.661465e-03  1.795939e-03  1.717302e-03  7.108388e-04  0.000000e+00  4.277045e-04  0.000000e+00  6.267801e-05
7.511370e+03  3.364203e-04  1.726105e-03  1.663335e-03  2.087510e-03  4.122576e-04  3.712895e-03  6.912889e-04  2.705041e-03  2.918865e-04  1.208475e-03  3.633050e-04  6.627705e-04  0.000000e+00  1.456309e-04  0.000000e+00  1.417690e-03
8.427896e+03  2.967350e-04  1.767667e-03  8.671440e-04  2.242322e-03  4.592811e-04  4.245999e-03  4.237714e-04  3.504585e-03  6.298145e-04  8.257321e-04  4.659037e-04  9.704847e-04  0.000000e+00  9.502606e-05  0.000000e+00  8.382688e-04
9.456255e+03  0.000000e+00  4.215701e-04  6.705355e-04  2.761453e-03  2.980206e-04  2.547437e-03  1.287893e-05  1.661686e-03  7.271791e-04  5.262207e-04  1.054032e-03  1.470118e-03  0.000000e+00  4.972881e-04  0.000000e+00  1.577483e-04
1.061009e+04  0.000000e+00  6.414265e-04  3.353911e-04  1.687065e-03  2.164137e-04  2.223991e-03  7.897095e-04  7.262124e-04  1.581406e-04  7.779591e-04  9.137644e-04  3.916801e-04  0.000000e+00  7.508437e-06  0.000000e+00  5.095821e-04
1.190472e+04  0.000000e+00  4.073780e-05  3.524644e-05  1.011395e-03  0.000000e+00  1.039910e-03  4.377432e-06  3.686626e-04  1.338380e-05  7.994424e-04  5.862368e-04  1.299285e-04  0.000000e+00  3.268879e-04  0.000000e+00  5.799408e-04
1.335731e+04  0.000000e+00  4.995840e-04  3.882549e-04  9.668974e-04  0.000000e+00  6.285695e-04  1.393830e-05  3.994808e-04  1.064610e-04  5.545785e-04  5.282728e-04  2.551750e-04  0.000000e+00  0.000000e+00  0.000000e+00  4.510322e-04
1.498715e+04  0.000000e+00  1.497669e-04  5.708871e-05  3.215479e-04  0.000000e+00  4.725671e-04  0.000000e+00  2.804822e-04  1.115209e-04  1.857839e-04  1.625211e-05  1.450844e-04  0.000000e+00  1.344162e-05  0.000000e+00  4.793074e-04
1.681586e+04  0.000000e+00  1.383150e-04  4.737504e-06  1.644797e-04  0.000000e+00  7.047975e-04  3.098984e-06  1.939967e-04  0.000000e+00  5.088037e-05  3.655426e-05  3.602415e-05  0.000000e+00  4.510826e-04  0.000000e+00  3.566456e-04
1.886771e+04  0.000000e+00  1.473502e-04  0.000000e+00  1.337641e-04  0.000000e+00  4.416204e-04  0.000000e+00  2.494520e-04  0.000000e+00  0.000000e+00  2.801201e-04  1.707041e-04  0.000000e+00  2.403850e-04  0.000000e+00  5.686138e-04
2.116992e+04  0.000000e+00  2.461611e-06  0.000000e+00  2.645723e-04  0.000000e+00  1.125608e-05  0.000000e+00  1.181323e-04  0.000000e+00  0.000000e+00  0.000000e+00  1.079613e-04  0.000000e+00  2.744763e-04  0.000000e+00  1.181323e-04
2.375304e+04  0.000000e+00  0.000000e+00  0.000000e+00  2.193913e-06  0.000000e+00  1.707972e-04  1.766506e-05  5.767353e-05  0.000000e+00  7.036490e-05  1.077619e-04  6.707791e-06  0.000000e+00  0.000000e+00  0.000000e+00  2.559200e-04
2.665135e+04  0.000000e+00  1.574401e-05  0.000000e+00  8.525395e-05  0.000000e+00  0.000000e+00  0.000000e+00  0.000000e+00  0.000000e+00  1.063813e-05  0.000000e+00  0.000000e+00  0.000000e+00  0.000000e+00  0.000000e+00  1.574401e-05
2.990330e+04  0.000000e+00  0.000000e+00  0.000000e+00  6.506821e-05  0.000000e+00  0.000000e+00  0.000000e+00  0.000000e+00  0.000000e+00  0.000000e+00  0.000000e+00  1.108799e-04  0.000000e+00  1.314100e-04  0.000000e+00  8.346194e-05
3.355206e+04  0.000000e+00  0.000000e+00  0.000000e+00  0.000000e+00  0.000000e+00  0.000000e+00  0.000000e+00  0.000000e+00  0.000000e+00  0.000000e+00  0.000000e+00  3.629775e-06  0.000000e+00  2.262275e-05  0.000000e+00  1.690033e-05
3.764603e+04  0.000000e+00  0.000000e+00  0.000000e+00  2.272743e-05  0.000000e+00  0.000000e+00  0.000000e+00  0.000000e+00  0.000000e+00  0.000000e+00  0.000000e+00  5.168551e-05  0.000000e+00  2.272743e-05  0.000000e+00  1.384265e-06
4.223954e+04  0.000000e+00  0.000000e+00  0.000000e+00  1.455251e-05  0.000000e+00  0.000000e+00  0.000000e+00  9.795744e-05  0.000000e+00  0.000000e+00  0.000000e+00  6.820664e-05  0.000000e+00  0.000000e+00  0.000000e+00  0.000000e+00
4.739354e+04  0.000000e+00  0.000000e+00  0.000000e+00  0.000000e+00  0.000000e+00  0.000000e+00  0.000000e+00  1.099561e-06  0.000000e+00  0.000000e+00  0.000000e+00  1.406950e-05  0.000000e+00  4.105526e-05  0.000000e+00  0.000000e+00
5.317643e+04  0.000000e+00  0.000000e+00  0.000000e+00  0.000000e+00  0.000000e+00  0.000000e+00  0.000000e+00  0.000000e+00  0.000000e+00  0.000000e+00  0.000000e+00  0.000000e+00  0.000000e+00  0.000000e+00  0.000000e+00  0.000000e+00
5.966493e+04  0.000000e+00  0.000000e+00  0.000000e+00  0.000000e+00  0.000000e+00  0.000000e+00  0.000000e+00  0.000000e+00  0.000000e+00  0.000000e+00  0.000000e+00  0.000000e+00  0.000000e+00  0.000000e+00  0.000000e+00  0.000000e+00
6.694516e+04  0.000000e+00  0.000000e+00  0.000000e+00  0.000000e+00  0.000000e+00  0.000000e+00  0.000000e+00  0.000000e+00  0.000000e+00  0.000000e+00  0.000000e+00  0.000000e+00  0.000000e+00  0.000000e+00  0.000000e+00  2.124177e-05
7.511370e+04  0.000000e+00  0.000000e+00  0.000000e+00  0.000000e+00  0.000000e+00  0.000000e+00  0.000000e+00  0.000000e+00  0.000000e+00  0.000000e+00  0.000000e+00  0.000000e+00  0.000000e+00  0.000000e+00  0.000000e+00  2.918865e-05
8.427896e+04  0.000000e+00  0.000000e+00  0.000000e+00  0.000000e+00  0.000000e+00  0.000000e+00  0.000000e+00  0.000000e+00  0.000000e+00  0.000000e+00  0.000000e+00  0.000000e+00  0.000000e+00  0.000000e+00  0.000000e+00  0.000000e+00
9.456255e+04  0.000000e+00  0.000000e+00  0.000000e+00  0.000000e+00  0.000000e+00  0.000000e+00  0.000000e+00  0.000000e+00  0.000000e+00  0.000000e+00  0.000000e+00  0.000000e+00  0.000000e+00  0.000000e+00  0.000000e+00  0.000000e+00
1.061009e+05  0.000000e+00  0.000000e+00  0.000000e+00  0.000000e+00  0.000000e+00  0.000000e+00  0.000000e+00  0.000000e+00  0.000000e+00  0.000000e+00  0.000000e+00  0.000000e+00  0.000000e+00  0.000000e+00  0.000000e+00  0.000000e+00
1.190472e+05  0.000000e+00  0.000000e+00  0.000000e+00  0.000000e+00  0.000000e+00  0.000000e+00  0.000000e+00  0.000000e+00  0.000000e+00  0.000000e+00  0.000000e+00  0.000000e+00  0.000000e+00  0.000000e+00  0.000000e+00  0.000000e+00
1.335731e+05  0.000000e+00  0.000000e+00  0.000000e+00  0.000000e+00  0.000000e+00  0.000000e+00  0.000000e+00  0.000000e+00  0.000000e+00  0.000000e+00  0.000000e+00  0.000000e+00  0.000000e+00  0.000000e+00  0.000000e+00  0.000000e+00
1.498715e+05  0.000000e+00  0.000000e+00  0.000000e+00  0.000000e+00  0.000000e+00  0.000000e+00  0.000000e+00  0.000000e+00  0.000000e+00  0.000000e+00  0.000000e+00  0.000000e+00  0.000000e+00  0.000000e+00  0.000000e+00  0.000000e+00
1.681586e+05  0.000000e+00  0.000000e+00  0.000000e+00  0.000000e+00  0.000000e+00  0.000000e+00  0.000000e+00  0.000000e+00  0.000000e+00  0.000000e+00  0.000000e+00  0.000000e+00  0.000000e+00  0.000000e+00  0.000000e+00  0.000000e+00
1.886771e+05  0.000000e+00  0.000000e+00  0.000000e+00  0.000000e+00  0.000000e+00  0.000000e+00  0.000000e+00  0.000000e+00  0.000000e+00  0.000000e+00  0.000000e+00  0.000000e+00  0.000000e+00  0.000000e+00  0.000000e+00  0.000000e+00
2.116992e+05  0.000000e+00  0.000000e+00  0.000000e+00  0.000000e+00  0.000000e+00  0.000000e+00  0.000000e+00  0.000000e+00  0.000000e+00  0.000000e+00  0.000000e+00  0.000000e+00  0.000000e+00  0.000000e+00  0.000000e+00  0.000000e+00
2.375304e+05  0.000000e+00  0.000000e+00  0.000000e+00  0.000000e+00  0.000000e+00  0.000000e+00  0.000000e+00  0.000000e+00  0.000000e+00  0.000000e+00  0.000000e+00  0.000000e+00  0.000000e+00  0.000000e+00  0.000000e+00  0.000000e+00
2.665135e+05  0.000000e+00  0.000000e+00  0.000000e+00  0.000000e+00  0.000000e+00  0.000000e+00  0.000000e+00  0.000000e+00  0.000000e+00  0.000000e+00  0.000000e+00  0.000000e+00  0.000000e+00  0.000000e+00  0.000000e+00  0.000000e+00
2.990330e+05  0.000000e+00  0.000000e+00  0.000000e+00  0.000000e+00  0.000000e+00  0.000000e+00  0.000000e+00  0.000000e+00  0.000000e+00  0.000000e+00  0.000000e+00  0.000000e+00  0.000000e+00  0.000000e+00  0.000000e+00  0.000000e+00
3.355206e+05  0.000000e+00  0.000000e+00  0.000000e+00  0.000000e+00  0.000000e+00  0.000000e+00  0.000000e+00  0.000000e+00  0.000000e+00  0.000000e+00  0.000000e+00  0.000000e+00  0.000000e+00  0.000000e+00  0.000000e+00  0.000000e+00
3.764603e+05  0.000000e+00  0.000000e+00  0.000000e+00  0.000000e+00  0.000000e+00  0.000000e+00  0.000000e+00  0.000000e+00  0.000000e+00  0.000000e+00  0.000000e+00  0.000000e+00  0.000000e+00  0.000000e+00  0.000000e+00  0.000000e+00
4.223954e+05  0.000000e+00  0.000000e+00  0.000000e+00  0.000000e+00  0.000000e+00  0.000000e+00  0.000000e+00  0.000000e+00  0.000000e+00  0.000000e+00  0.000000e+00  0.000000e+00  0.000000e+00  0.000000e+00  0.000000e+00  0.000000e+00
4.739354e+05  0.000000e+00  0.000000e+00  0.000000e+00  0.000000e+00  0.000000e+00  0.000000e+00  0.000000e+00  0.000000e+00  0.000000e+00  0.000000e+00  0.000000e+00  0.000000e+00  0.000000e+00  0.000000e+00  0.000000e+00  0.000000e+00
5.317643e+05  0.000000e+00  0.000000e+00  0.000000e+00  0.000000e+00  0.000000e+00  0.000000e+00  0.000000e+00  0.000000e+00  0.000000e+00  0.000000e+00  0.000000e+00  0.000000e+00  0.000000e+00  0.000000e+00  0.000000e+00  0.000000e+00
5.966493e+05  0.000000e+00  0.000000e+00  0.000000e+00  0.000000e+00  0.000000e+00  0.000000e+00  0.000000e+00  0.000000e+00  0.000000e+00  0.000000e+00  0.000000e+00  0.000000e+00  0.000000e+00  0.000000e+00  0.000000e+00  0.000000e+00
6.694516e+05  0.000000e+00  0.000000e+00  0.000000e+00  0.000000e+00  0.000000e+00  0.000000e+00  0.000000e+00  0.000000e+00  0.000000e+00  0.000000e+00  0.000000e+00  0.000000e+00  0.000000e+00  0.000000e+00  0.000000e+00  0.000000e+00
7.511370e+05  0.000000e+00  0.000000e+00  0.000000e+00  0.000000e+00  0.000000e+00  0.000000e+00  0.000000e+00  0.000000e+00  0.000000e+00  0.000000e+00  0.000000e+00  0.000000e+00  0.000000e+00  0.000000e+00  0.000000e+00  0.000000e+00
8.427896e+05  0.000000e+00  0.000000e+00  0.000000e+00  0.000000e+00  0.000000e+00  0.000000e+00  0.000000e+00  0.000000e+00  0.000000e+00  0.000000e+00  0.000000e+00  0.000000e+00  0.000000e+00  0.000000e+00  0.000000e+00  0.000000e+00
9.456255e+05  0.000000e+00  0.000000e+00  0.000000e+00  0.000000e+00  0.000000e+00  0.000000e+00  0.000000e+00  0.000000e+00  0.000000e+00  0.000000e+00  0.000000e+00  0.000000e+00  0.000000e+00  0.000000e+00  0.000000e+00  0.000000e+00
