# dR/dEr [1/keV/kg/Myr]
# Er [keV], S, F, Ne, Cl, Na, Si, O, P, N, C, Al, Mg, Be, B, Ar, Li
1.061009e+01  1.053504e-01  1.059142e-01  0.000000e+00  0.000000e+00  7.942595e-02  0.000000e+00  5.935071e-03  0.000000e+00  0.000000e+00  0.000000e+00  0.000000e+00  0.000000e+00  1.313199e-02  0.000000e+00  0.000000e+00  0.000000e+00
1.190472e+01  2.223370e-02  3.282358e-02  0.000000e+00  0.000000e+00  7.160522e-03  0.000000e+00  0.000000e+00  0.000000e+00  0.000000e+00  0.000000e+00  0.000000e+00  0.000000e+00  0.000000e+00  0.000000e+00  0.000000e+00  0.000000e+00
1.335731e+01  3.457277e-02  1.394609e-02  0.000000e+00  0.000000e+00  0.000000e+00  0.000000e+00  0.000000e+00  0.000000e+00  0.000000e+00  0.000000e+00  0.000000e+00  0.000000e+00  0.000000e+00  0.000000e+00  0.000000e+00  0.000000e+00
1.498715e+01  8.191499e-03  2.969104e-02  0.000000e+00  0.000000e+00  1.226999e-02  0.000000e+00  1.293767e-03  0.000000e+00  0.000000e+00  0.000000e+00  0.000000e+00  0.000000e+00  0.000000e+00  0.000000e+00  0.000000e+00  0.000000e+00
1.681586e+01  2.026735e-02  1.665650e-02  2.892079e-03  0.000000e+00  5.848710e-03  1.153071e-03  0.000000e+00  0.000000e+00  0.000000e+00  0.000000e+00  0.000000e+00  0.000000e+00  0.000000e+00  0.000000e+00  0.000000e+00  0.000000e+00
1.886771e+01  1.378588e-02  1.534007e-02  0.000000e+00  0.000000e+00  2.577568e-03  0.000000e+00  0.000000e+00  0.000000e+00  0.000000e+00  0.000000e+00  0.000000e+00  0.000000e+00  0.000000e+00  0.000000e+00  0.000000e+00  0.000000e+00
2.116992e+01  1.752496e-02  2.686265e-02  0.000000e+00  0.000000e+00  2.822040e-03  0.000000e+00  1.214533e-03  0.000000e+00  0.000000e+00  0.000000e+00  1.638296e-02  0.000000e+00  0.000000e+00  0.000000e+00  0.000000e+00  0.000000e+00
2.375304e+01  3.151829e-02  5.138926e-03  6.804516e-03  0.000000e+00  1.565040e-02  0.000000e+00  2.047435e-03  0.000000e+00  0.000000e+00  0.000000e+00  0.000000e+00  0.000000e+00  0.000000e+00  0.000000e+00  0.000000e+00  0.000000e+00
2.665135e+01  3.536871e-02  3.273899e-02  9.647377e-04  5.075147e-03  1.512628e-03  0.000000e+00  0.000000e+00  1.025173e-02  0.000000e+00  0.000000e+00  0.000000e+00  0.000000e+00  0.000000e+00  0.000000e+00  0.000000e+00  0.000000e+00
2.990330e+01  3.425864e-02  1.291700e-02  1.136727e-03  0.000000e+00  2.329538e-02  0.000000e+00  1.508243e-03  0.000000e+00  0.000000e+00  0.000000e+00  9.495066e-03  0.000000e+00  1.154181e-02  0.000000e+00  0.000000e+00  0.000000e+00
3.355206e+01  4.213927e-02  1.568072e-02  1.339126e-03  0.000000e+00  2.546905e-03  0.000000e+00  7.936823e-03  0.000000e+00  0.000000e+00  0.000000e+00  1.171676e-02  0.000000e+00  2.794021e-02  0.000000e+00  0.000000e+00  0.000000e+00
3.764603e+01  6.233736e-02  3.801571e-02  8.758635e-04  6.829820e-04  1.889551e-02  0.000000e+00  4.730054e-03  0.000000e+00  0.000000e+00  0.000000e+00  0.000000e+00  0.000000e+00  1.274585e-03  0.000000e+00  0.000000e+00  0.000000e+00
4.223954e+01  5.509073e-02  2.622312e-02  8.445278e-03  0.000000e+00  1.013092e-02  0.000000e+00  2.054067e-03  0.000000e+00  0.000000e+00  0.000000e+00  1.191656e-02  0.000000e+00  2.361290e-02  0.000000e+00  0.000000e+00  0.000000e+00
4.739354e+01  5.896641e-02  2.138897e-02  5.425119e-04  1.490541e-03  4.932774e-03  0.000000e+00  1.945422e-03  0.000000e+00  0.000000e+00  0.000000e+00  0.000000e+00  0.000000e+00  2.156000e-02  0.000000e+00  0.000000e+00  0.000000e+00
5.317643e+01  5.949068e-02  1.051442e-02  1.331661e-03  0.000000e+00  2.156919e-02  0.000000e+00  2.573285e-03  0.000000e+00  0.000000e+00  0.000000e+00  6.522174e-03  0.000000e+00  0.000000e+00  0.000000e+00  0.000000e+00  0.000000e+00
5.966493e+01  6.469512e-02  3.445802e-02  1.490765e-03  7.559120e-04  1.520983e-02  0.000000e+00  1.366220e-02  0.000000e+00  0.000000e+00  0.000000e+00  5.963595e-03  0.000000e+00  4.866568e-03  0.000000e+00  0.000000e+00  0.000000e+00
6.694516e+01  7.933271e-02  3.096585e-02  2.526325e-03  0.000000e+00  9.586102e-03  0.000000e+00  2.746910e-03  0.000000e+00  4.858937e-03  0.000000e+00  3.306681e-03  0.000000e+00  6.587500e-02  0.000000e+00  0.000000e+00  0.000000e+00
7.511370e+01  8.558681e-02  3.319803e-02  6.415687e-03  8.563060e-04  8.024932e-03  0.000000e+00  1.991690e-03  0.000000e+00  0.000000e+00  0.000000e+00  4.749129e-03  0.000000e+00  2.166167e+01  0.000000e+00  0.000000e+00  0.000000e+00
8.427896e+01  9.854538e-02  3.183362e-02  1.441431e-03  5.777327e-03  8.987316e-03  0.000000e+00  7.812462e-03  0.000000e+00  0.000000e+00  0.000000e+00  0.000000e+00  0.000000e+00  2.576984e+01  0.000000e+00  0.000000e+00  0.000000e+00
9.456255e+01  9.718741e-02  2.588635e-02  4.088821e-03  9.916522e-04  1.895419e-02  0.000000e+00  1.496854e-03  0.000000e+00  3.604518e-03  0.000000e+00  1.646537e-04  0.000000e+00  1.983294e+01  0.000000e+00  0.000000e+00  0.000000e+00
1.061009e+02  1.038547e-01  4.073781e-02  6.315223e-03  4.671209e-04  1.241374e-02  0.000000e+00  2.515252e-03  0.000000e+00  0.000000e+00  3.353576e-03  3.710425e-03  0.000000e+00  1.466723e+01  0.000000e+00  0.000000e+00  0.000000e+00
1.190472e+02  1.089767e-01  5.081807e-02  3.827595e-03  1.997612e-03  2.376995e-02  0.000000e+00  2.229372e-03  0.000000e+00  1.628756e-04  1.859484e-03  1.261037e+01  0.000000e+00  1.101872e+01  0.000000e+00  3.103676e-03  0.000000e+00
1.335731e+02  1.290018e-01  4.869492e-02  6.462657e-03  2.468519e-04  1.462941e-02  0.000000e+00  1.931364e-03  0.000000e+00  0.000000e+00  0.000000e+00  1.075168e+01  0.000000e+00  8.247206e+00  0.000000e+00  0.000000e+00  0.000000e+00
1.498715e+02  2.920593e-01  5.592216e-02  1.991382e-03  8.093839e-04  6.798716e-03  0.000000e+00  1.030394e-02  0.000000e+00  1.446889e-03  2.287881e-03  8.084987e+00  0.000000e+00  6.200058e+00  0.000000e+00  0.000000e+00  0.000000e+00
1.681586e+02  4.083598e-01  6.828114e-02  3.767085e-03  5.848710e-04  1.137472e-02  9.259158e-05  8.094193e-03  0.000000e+00  2.207712e-03  0.000000e+00  6.342271e+00  0.000000e+00  4.455303e+00  0.000000e+00  0.000000e+00  0.000000e+00
1.886771e+02  2.560485e-01  6.092780e-02  3.539349e-03  5.556785e-04  1.482802e-02  2.390404e-04  8.709550e-03  1.803653e-04  1.803653e-04  0.000000e+00  4.568191e+00  0.000000e+00  3.162964e+00  0.000000e+00  0.000000e+00  0.000000e+00
2.116992e+02  1.231545e-01  8.353735e-02  3.949501e-03  2.834117e-03  1.073887e-02  1.607507e-04  4.321917e-03  0.000000e+00  0.000000e+00  7.354811e-05  3.680658e+00  0.000000e+00  2.258082e+00  0.000000e+00  1.557530e-04  0.000000e+00
2.375304e+02  9.046852e-02  3.211933e-01  5.447198e-03  2.502684e-03  1.359522e-02  6.147427e-05  8.752369e-03  4.994101e-04  0.000000e+00  8.163116e-05  2.731685e+00  0.000000e+00  1.719360e+00  0.000000e+00  3.261549e-04  0.000000e+00
2.665135e+02  7.753316e-02  2.714074e-01  5.299598e-03  2.682650e-03  1.829491e-02  1.685860e-04  5.910638e-03  0.000000e+00  1.276888e-04  1.131575e-03  1.947632e+00  0.000000e+00  1.122007e+00  0.000000e+00  0.000000e+00  0.000000e+00
2.990330e+02  5.918776e-02  5.282059e-02  2.664375e-03  1.298604e-03  1.444908e-02  8.392419e-04  7.950248e-03  7.577117e-05  1.604608e-04  1.139849e-03  1.519538e+00  0.000000e+00  8.177006e-01  0.000000e+00  0.000000e+00  0.000000e+00
3.355206e+02  5.435678e-02  5.301120e-02  3.255350e-03  2.182572e-03  1.309342e-02  1.014269e-04  4.884781e-03  8.704090e-05  7.663184e-05  1.062903e-03  1.119734e+00  8.654119e-04  5.966272e-01  0.000000e+00  0.000000e+00  2.945598e-04
3.764603e+02  3.860029e-02  3.801682e-02  6.187984e-03  2.801308e-03  1.188365e-02  2.385800e-03  4.549224e-03  0.000000e+00  1.193497e-04  0.000000e+00  7.289986e-01  0.000000e+00  4.146377e-01  0.000000e+00  0.000000e+00  0.000000e+00
4.223954e+02  2.501870e-02  3.890542e-02  2.531554e-03  2.402612e-03  1.263428e-02  1.145127e-04  4.758472e-03  1.237490e-03  1.342081e-04  6.021351e-04  5.373701e-01  0.000000e+00  2.185742e-01  0.000000e+00  7.806142e-05  0.000000e+00
4.739354e+02  2.373804e-02  3.353935e-02  4.031007e-03  2.542867e-03  1.050036e-02  8.050234e-04  8.902041e-03  6.309443e-04  5.764971e-04  0.000000e+00  3.682531e-01  0.000000e+00  1.626572e-01  5.764971e-04  0.000000e+00  0.000000e+00
5.317643e+02  2.144607e-02  2.910519e-02  6.913580e-03  1.459927e-03  8.221422e-03  2.661093e-04  3.691990e-03  9.877905e-04  6.536106e-04  9.705733e-04  3.151109e-01  0.000000e+00  1.148472e-01  2.928003e-05  1.456880e-04  0.000000e+00
5.966493e+02  2.021731e-02  2.651018e-02  5.942238e-03  5.075619e-03  8.400569e-03  9.391824e-04  6.494755e-03  7.597486e-04  3.407715e-04  5.784608e-04  2.054509e-01  0.000000e+00  7.880092e-02  0.000000e+00  8.042090e-05  0.000000e+00
6.694516e+02  1.691429e-02  2.543749e-02  7.362603e-03  5.127513e-03  8.874358e-03  5.096555e-04  5.618639e-03  2.489237e-04  1.397610e-04  5.148575e-04  1.396083e-01  0.000000e+00  5.067581e-02  0.000000e+00  0.000000e+00  0.000000e+00
7.511370e+02  1.320729e-02  1.746184e-02  4.934510e-03  3.740967e-03  5.753000e-03  6.361380e-04  4.262773e-03  5.552538e-04  4.546494e-04  4.060051e-04  9.562475e-02  0.000000e+00  3.663153e-02  0.000000e+00  0.000000e+00  0.000000e+00
8.427896e+02  1.119247e-02  1.711031e-02  4.892245e-03  2.279019e-03  7.272887e-03  1.112190e-04  4.287555e-03  8.381925e-05  3.852156e-04  1.254284e-03  5.308306e-02  0.000000e+00  2.103931e-02  0.000000e+00  2.257178e-04  0.000000e+00
9.456255e+02  9.810390e-03  1.267652e-02  5.811480e-03  2.663269e-03  6.364007e-03  6.332641e-04  4.118092e-03  3.144787e-04  0.000000e+00  9.200492e-04  4.611261e-02  1.430371e-04  1.249256e-02  0.000000e+00  0.000000e+00  0.000000e+00
1.061009e+03  8.736628e-03  8.302954e-03  6.105793e-03  3.776136e-03  5.827675e-03  4.190007e-04  3.913218e-03  4.469033e-04  9.462436e-04  3.987420e-04  3.183755e-02  0.000000e+00  5.805047e-03  4.340601e-04  2.736673e-04  0.000000e+00
1.190472e+03  6.478139e-03  7.357956e-03  5.096711e-03  3.788341e-03  2.712252e-03  4.165973e-04  2.773160e-03  1.283745e-03  3.347653e-04  1.790107e-03  2.170578e-02  0.000000e+00  3.701696e-03  0.000000e+00  0.000000e+00  0.000000e+00
1.335731e+03  5.843515e-03  8.332796e-03  4.811925e-03  2.857827e-03  2.488106e-03  8.015595e-04  2.513594e-03  3.424317e-04  7.051389e-04  5.456535e-04  9.632257e-03  0.000000e+00  2.456464e-03  1.424183e-04  0.000000e+00  0.000000e+00
1.498715e+03  3.539914e-03  6.266122e-03  3.822275e-03  3.777625e-03  3.247806e-03  1.715634e-03  3.234171e-03  8.579631e-04  8.994728e-04  8.285180e-04  4.506598e-03  1.188136e-04  2.293412e-03  0.000000e+00  0.000000e+00  1.994669e-04
1.681586e+03  2.615547e-03  5.648400e-03  3.635790e-03  2.436176e-03  3.013767e-03  6.416236e-04  1.699968e-03  1.030142e-03  6.711020e-04  6.362385e-04  5.176432e-03  0.000000e+00  1.125751e-03  1.796396e-04  0.000000e+00  5.877241e-05
1.886771e+03  3.007656e-03  4.826276e-03  3.744630e-03  2.572945e-03  2.837499e-03  8.311512e-04  1.829494e-03  8.632888e-04  3.587735e-04  8.619354e-04  2.532464e-03  1.965526e-04  2.381340e-05  5.254052e-04  3.692329e-05  0.000000e+00
2.116992e+03  1.681139e-03  4.394352e-03  2.077500e-03  2.027731e-03  1.714772e-03  3.970973e-04  1.589477e-03  6.490208e-04  4.039745e-04  6.059171e-04  1.831827e-03  1.707271e-04  5.626573e-04  1.557530e-05  0.000000e+00  1.557530e-05
2.375304e+03  1.688624e-03  2.406741e-03  2.632963e-03  3.311982e-03  1.872632e-03  1.225291e-03  1.398906e-03  3.631461e-04  1.808095e-04  3.967852e-04  1.746172e-03  9.539025e-06  0.000000e+00  1.460133e-04  0.000000e+00  1.563537e-04
2.665135e+03  9.376293e-04  2.300070e-03  1.794984e-03  3.379974e-03  1.099835e-03  3.708479e-04  1.054311e-03  8.392084e-04  2.552525e-04  4.010023e-04  1.276224e-03  1.985820e-04  2.096934e-04  1.295012e-04  0.000000e+00  1.498739e-04
2.990330e+03  7.379724e-04  1.436213e-03  1.403158e-03  2.141820e-03  8.214456e-04  8.972569e-04  7.898884e-04  7.510705e-04  7.598795e-04  8.336965e-04  7.958497e-04  2.857584e-04  0.000000e+00  1.314642e-04  0.000000e+00  1.909252e-04
3.355206e+03  3.269175e-04  1.850820e-03  1.835869e-03  2.945625e-03  5.082451e-04  9.264804e-04  2.322478e-04  6.878874e-04  2.728209e-04  5.297765e-04  4.238156e-04  1.448170e-04  4.054336e-05  8.462486e-05  0.000000e+00  1.446792e-05
3.764603e+03  2.528142e-04  9.448537e-04  1.517507e-03  1.758828e-03  3.295860e-04  1.008201e-03  1.654277e-04  3.374514e-04  5.684722e-04  6.535994e-04  5.225966e-04  2.015604e-04  4.135914e-06  9.736836e-05  0.000000e+00  3.809778e-04
4.223954e+03  1.431571e-04  3.860195e-04  7.715045e-04  1.414373e-03  2.917558e-04  3.636547e-04  3.227253e-04  5.961293e-04  3.808928e-04  6.348882e-04  3.216318e-04  2.215750e-04  0.000000e+00  1.642768e-04  0.000000e+00  2.443274e-04
4.739354e+03  7.526862e-05  6.116072e-04  8.248433e-04  1.528991e-03  2.478826e-04  6.605991e-04  9.317163e-05  4.033045e-04  2.622142e-04  3.490413e-04  2.837361e-04  1.041351e-04  1.469943e-05  5.201656e-05  0.000000e+00  1.875289e-04
5.317643e+03  4.953591e-05  6.022410e-04  8.253604e-04  8.617805e-04  1.639487e-04  6.581559e-04  6.393632e-05  5.620373e-04  3.110235e-04  5.145197e-04  3.837711e-04  1.351851e-04  0.000000e+00  1.879463e-04  0.000000e+00  1.658190e-04
5.966493e+03  1.199594e-04  3.519490e-04  5.054360e-04  7.552794e-04  1.270228e-04  3.811274e-04  1.685101e-04  4.588802e-04  2.760007e-04  2.753098e-04  4.206173e-05  9.949255e-05  0.000000e+00  7.131212e-05  0.000000e+00  7.582503e-05
6.694516e+03  3.384574e-06  3.042436e-04  4.040074e-04  5.688595e-04  1.072737e-04  8.540162e-04  1.310078e-04  4.252571e-04  2.403544e-04  2.626963e-04  2.519251e-04  8.238907e-05  0.000000e+00  7.143364e-05  0.000000e+00  1.476296e-05
7.511370e+03  6.236295e-05  2.752571e-04  2.617486e-04  3.180633e-04  5.873677e-05  5.614543e-04  9.259334e-05  4.418521e-04  3.382824e-05  1.905388e-04  7.789386e-05  9.395050e-05  0.000000e+00  3.216735e-05  0.000000e+00  1.971312e-04
8.427896e+03  4.221902e-05  2.676366e-04  1.313875e-04  3.691842e-04  7.199645e-05  6.060751e-04  6.441178e-05  4.686770e-04  8.841750e-05  1.238476e-04  5.253181e-05  1.491160e-04  0.000000e+00  2.174239e-05  0.000000e+00  1.495203e-04
9.456255e+03  0.000000e+00  6.742260e-05  8.967457e-05  4.153430e-04  4.187494e-05  3.590212e-04  3.486876e-06  2.470319e-04  9.811175e-05  7.504577e-05  1.570729e-04  2.384451e-04  0.000000e+00  7.256130e-05  0.000000e+00  3.002603e-05
1.061009e+04  0.000000e+00  1.016236e-04  5.553159e-05  2.543759e-04  3.579598e-05  3.111181e-04  1.324601e-04  1.064455e-04  3.128313e-05  1.173227e-04  1.268072e-04  4.481231e-05  0.000000e+00  2.135522e-06  0.000000e+00  8.237097e-05
1.190472e+04  0.000000e+00  1.052496e-05  8.301823e-06  1.519166e-04  0.000000e+00  1.647650e-04  1.307891e-06  7.318711e-05  3.806571e-06  1.151345e-04  8.167973e-05  1.488469e-05  0.000000e+00  5.464762e-05  0.000000e+00  1.037309e-04
1.335731e+04  0.000000e+00  7.812167e-05  5.372385e-05  1.400281e-04  0.000000e+00  1.001612e-04  3.592270e-06  6.211310e-05  1.995394e-05  6.958541e-05  8.089718e-05  4.536187e-05  0.000000e+00  0.000000e+00  0.000000e+00  7.766775e-05
1.498715e+04  0.000000e+00  1.799318e-05  1.188136e-05  5.737460e-05  0.000000e+00  7.318949e-05  0.000000e+00  3.705270e-05  1.937416e-05  2.838987e-05  4.400139e-06  2.088636e-05  0.000000e+00  3.711903e-06  0.000000e+00  7.836633e-05
1.681586e+04  0.000000e+00  2.922211e-05  1.347423e-06  2.958204e-05  0.000000e+00  1.084930e-04  9.259158e-07  3.340001e-05  0.000000e+00  1.058927e-05  8.043565e-06  8.730682e-06  0.000000e+00  7.113495e-05  0.000000e+00  5.603199e-05
1.886771e+04  0.000000e+00  2.616321e-05  0.000000e+00  1.784931e-05  0.000000e+00  6.745783e-05  0.000000e+00  3.293312e-05  0.000000e+00  0.000000e+00  4.140942e-05  2.511954e-05  0.000000e+00  3.323170e-05  0.000000e+00  9.382634e-05
2.116992e+04  0.000000e+00  7.354811e-07  0.000000e+00  4.187370e-05  0.000000e+00  3.002050e-06  0.000000e+00  1.680770e-05  0.000000e+00  0.000000e+00  0.000000e+00  1.290616e-05  0.000000e+00  3.596712e-05  0.000000e+00  1.680770e-05
2.375304e+04  0.000000e+00  0.000000e+00  0.000000e+00  6.554982e-07  0.000000e+00  2.756539e-05  4.160768e-06  1.056543e-05  0.000000e+00  1.222427e-05  1.453028e-05  1.907805e-06  0.000000e+00  0.000000e+00  0.000000e+00  3.956203e-05
2.665135e+04  0.000000e+00  3.708288e-06  0.000000e+00  1.038426e-05  0.000000e+00  0.000000e+00  0.000000e+00  0.000000e+00  0.000000e+00  2.613969e-06  0.000000e+00  0.000000e+00  0.000000e+00  0.000000e+00  0.000000e+00  3.708288e-06
2.990330e+04  0.000000e+00  0.000000e+00  0.000000e+00  1.087780e-05  0.000000e+00  0.000000e+00  0.000000e+00  0.000000e+00  0.000000e+00  0.000000e+00  0.000000e+00  1.927022e-05  0.000000e+00  1.993423e-05  0.000000e+00  1.320767e-05
3.355206e+04  0.000000e+00  0.000000e+00  0.000000e+00  0.000000e+00  0.000000e+00  0.000000e+00  0.000000e+00  0.000000e+00  0.000000e+00  0.000000e+00  0.000000e+00  9.827351e-07  0.000000e+00  2.309000e-06  0.000000e+00  4.152698e-06
3.764603e+04  0.000000e+00  0.000000e+00  0.000000e+00  4.730054e-06  0.000000e+00  0.000000e+00  0.000000e+00  0.000000e+00  0.000000e+00  0.000000e+00  0.000000e+00  8.640547e-06  0.000000e+00  4.730054e-06  0.000000e+00  4.135914e-07
4.223954e+04  0.000000e+00  0.000000e+00  0.000000e+00  3.202201e-06  0.000000e+00  0.000000e+00  0.000000e+00  1.345167e-05  0.000000e+00  0.000000e+00  0.000000e+00  1.245298e-05  0.000000e+00  0.000000e+00  0.000000e+00  0.000000e+00
4.739354e+04  0.000000e+00  0.000000e+00  0.000000e+00  0.000000e+00  0.000000e+00  0.000000e+00  0.000000e+00  3.285273e-07  0.000000e+00  0.000000e+00  0.000000e+00  3.182492e-06  0.000000e+00  6.863431e-06  0.000000e+00  0.000000e+00
5.317643e+04  0.000000e+00  0.000000e+00  0.000000e+00  0.000000e+00  0.000000e+00  0.000000e+00  0.000000e+00  0.000000e+00  0.000000e+00  0.000000e+00  0.000000e+00  0.000000e+00  0.000000e+00  0.000000e+00  0.000000e+00  0.000000e+00
5.966493e+04  0.000000e+00  0.000000e+00  0.000000e+00  0.000000e+00  0.000000e+00  0.000000e+00  0.000000e+00  0.000000e+00  0.000000e+00  0.000000e+00  0.000000e+00  0.000000e+00  0.000000e+00  0.000000e+00  0.000000e+00  0.000000e+00
6.694516e+04  0.000000e+00  0.000000e+00  0.000000e+00  0.000000e+00  0.000000e+00  0.000000e+00  0.000000e+00  0.000000e+00  0.000000e+00  0.000000e+00  0.000000e+00  0.000000e+00  0.000000e+00  0.000000e+00  0.000000e+00  3.981335e-06
7.511370e+04  0.000000e+00  0.000000e+00  0.000000e+00  0.000000e+00  0.000000e+00  0.000000e+00  0.000000e+00  0.000000e+00  0.000000e+00  0.000000e+00  0.000000e+00  0.000000e+00  0.000000e+00  0.000000e+00  0.000000e+00  3.382824e-06
8.427896e+04  0.000000e+00  0.000000e+00  0.000000e+00  0.000000e+00  0.000000e+00  0.000000e+00  0.000000e+00  0.000000e+00  0.000000e+00  0.000000e+00  0.000000e+00  0.000000e+00  0.000000e+00  0.000000e+00  0.000000e+00  0.000000e+00
9.456255e+04  0.000000e+00  0.000000e+00  0.000000e+00  0.000000e+00  0.000000e+00  0.000000e+00  0.000000e+00  0.000000e+00  0.000000e+00  0.000000e+00  0.000000e+00  0.000000e+00  0.000000e+00  0.000000e+00  0.000000e+00  0.000000e+00
1.061009e+05  0.000000e+00  0.000000e+00  0.000000e+00  0.000000e+00  0.000000e+00  0.000000e+00  0.000000e+00  0.000000e+00  0.000000e+00  0.000000e+00  0.000000e+00  0.000000e+00  0.000000e+00  0.000000e+00  0.000000e+00  0.000000e+00
1.190472e+05  0.000000e+00  0.000000e+00  0.000000e+00  0.000000e+00  0.000000e+00  0.000000e+00  0.000000e+00  0.000000e+00  0.000000e+00  0.000000e+00  0.000000e+00  0.000000e+00  0.000000e+00  0.000000e+00  0.000000e+00  0.000000e+00
1.335731e+05  0.000000e+00  0.000000e+00  0.000000e+00  0.000000e+00  0.000000e+00  0.000000e+00  0.000000e+00  0.000000e+00  0.000000e+00  0.000000e+00  0.000000e+00  0.000000e+00  0.000000e+00  0.000000e+00  0.000000e+00  0.000000e+00
1.498715e+05  0.000000e+00  0.000000e+00  0.000000e+00  0.000000e+00  0.000000e+00  0.000000e+00  0.000000e+00  0.000000e+00  0.000000e+00  0.000000e+00  0.000000e+00  0.000000e+00  0.000000e+00  0.000000e+00  0.000000e+00  0.000000e+00
1.681586e+05  0.000000e+00  0.000000e+00  0.000000e+00  0.000000e+00  0.000000e+00  0.000000e+00  0.000000e+00  0.000000e+00  0.000000e+00  0.000000e+00  0.000000e+00  0.000000e+00  0.000000e+00  0.000000e+00  0.000000e+00  0.000000e+00
1.886771e+05  0.000000e+00  0.000000e+00  0.000000e+00  0.000000e+00  0.000000e+00  0.000000e+00  0.000000e+00  0.000000e+00  0.000000e+00  0.000000e+00  0.000000e+00  0.000000e+00  0.000000e+00  0.000000e+00  0.000000e+00  0.000000e+00
2.116992e+05  0.000000e+00  0.000000e+00  0.000000e+00  0.000000e+00  0.000000e+00  0.000000e+00  0.000000e+00  0.000000e+00  0.000000e+00  0.000000e+00  0.000000e+00  0.000000e+00  0.000000e+00  0.000000e+00  0.000000e+00  0.000000e+00
2.375304e+05  0.000000e+00  0.000000e+00  0.000000e+00  0.000000e+00  0.000000e+00  0.000000e+00  0.000000e+00  0.000000e+00  0.000000e+00  0.000000e+00  0.000000e+00  0.000000e+00  0.000000e+00  0.000000e+00  0.000000e+00  0.000000e+00
2.665135e+05  0.000000e+00  0.000000e+00  0.000000e+00  0.000000e+00  0.000000e+00  0.000000e+00  0.000000e+00  0.000000e+00  0.000000e+00  0.000000e+00  0.000000e+00  0.000000e+00  0.000000e+00  0.000000e+00  0.000000e+00  0.000000e+00
2.990330e+05  0.000000e+00  0.000000e+00  0.000000e+00  0.000000e+00  0.000000e+00  0.000000e+00  0.000000e+00  0.000000e+00  0.000000e+00  0.000000e+00  0.000000e+00  0.000000e+00  0.000000e+00  0.000000e+00  0.000000e+00  0.000000e+00
3.355206e+05  0.000000e+00  0.000000e+00  0.000000e+00  0.000000e+00  0.000000e+00  0.000000e+00  0.000000e+00  0.000000e+00  0.000000e+00  0.000000e+00  0.000000e+00  0.000000e+00  0.000000e+00  0.000000e+00  0.000000e+00  0.000000e+00
3.764603e+05  0.000000e+00  0.000000e+00  0.000000e+00  0.000000e+00  0.000000e+00  0.000000e+00  0.000000e+00  0.000000e+00  0.000000e+00  0.000000e+00  0.000000e+00  0.000000e+00  0.000000e+00  0.000000e+00  0.000000e+00  0.000000e+00
4.223954e+05  0.000000e+00  0.000000e+00  0.000000e+00  0.000000e+00  0.000000e+00  0.000000e+00  0.000000e+00  0.000000e+00  0.000000e+00  0.000000e+00  0.000000e+00  0.000000e+00  0.000000e+00  0.000000e+00  0.000000e+00  0.000000e+00
4.739354e+05  0.000000e+00  0.000000e+00  0.000000e+00  0.000000e+00  0.000000e+00  0.000000e+00  0.000000e+00  0.000000e+00  0.000000e+00  0.000000e+00  0.000000e+00  0.000000e+00  0.000000e+00  0.000000e+00  0.000000e+00  0.000000e+00
5.317643e+05  0.000000e+00  0.000000e+00  0.000000e+00  0.000000e+00  0.000000e+00  0.000000e+00  0.000000e+00  0.000000e+00  0.000000e+00  0.000000e+00  0.000000e+00  0.000000e+00  0.000000e+00  0.000000e+00  0.000000e+00  0.000000e+00
5.966493e+05  0.000000e+00  0.000000e+00  0.000000e+00  0.000000e+00  0.000000e+00  0.000000e+00  0.000000e+00  0.000000e+00  0.000000e+00  0.000000e+00  0.000000e+00  0.000000e+00  0.000000e+00  0.000000e+00  0.000000e+00  0.000000e+00
6.694516e+05  0.000000e+00  0.000000e+00  0.000000e+00  0.000000e+00  0.000000e+00  0.000000e+00  0.000000e+00  0.000000e+00  0.000000e+00  0.000000e+00  0.000000e+00  0.000000e+00  0.000000e+00  0.000000e+00  0.000000e+00  0.000000e+00
7.511370e+05  0.000000e+00  0.000000e+00  0.000000e+00  0.000000e+00  0.000000e+00  0.000000e+00  0.000000e+00  0.000000e+00  0.000000e+00  0.000000e+00  0.000000e+00  0.000000e+00  0.000000e+00  0.000000e+00  0.000000e+00  0.000000e+00
8.427896e+05  0.000000e+00  0.000000e+00  0.000000e+00  0.000000e+00  0.000000e+00  0.000000e+00  0.000000e+00  0.000000e+00  0.000000e+00  0.000000e+00  0.000000e+00  0.000000e+00  0.000000e+00  0.000000e+00  0.000000e+00  0.000000e+00
9.456255e+05  0.000000e+00  0.000000e+00  0.000000e+00  0.000000e+00  0.000000e+00  0.000000e+00  0.000000e+00  0.000000e+00  0.000000e+00  0.000000e+00  0.000000e+00  0.000000e+00  0.000000e+00  0.000000e+00  0.000000e+00  0.000000e+00
