# dR/dEr [1/keV/kg/Myr]
# Er [keV], S, F, Ne, Cl, Na, Si, O, P, N, C, Al, Mg, Be, B, Ar, Li
1.061009e+01  7.599811e-02  7.663222e-02  0.000000e+00  0.000000e+00  5.770424e-02  0.000000e+00  4.358264e-03  0.000000e+00  0.000000e+00  0.000000e+00  0.000000e+00  0.000000e+00  1.022234e-02  0.000000e+00  0.000000e+00  0.000000e+00
1.190472e+01  1.558718e-02  2.398480e-02  0.000000e+00  0.000000e+00  5.020432e-03  0.000000e+00  0.000000e+00  0.000000e+00  0.000000e+00  0.000000e+00  0.000000e+00  0.000000e+00  0.000000e+00  0.000000e+00  0.000000e+00  0.000000e+00
1.335731e+01  2.435795e-02  1.030892e-02  0.000000e+00  0.000000e+00  0.000000e+00  0.000000e+00  0.000000e+00  0.000000e+00  0.000000e+00  0.000000e+00  0.000000e+00  0.000000e+00  0.000000e+00  0.000000e+00  0.000000e+00  0.000000e+00
1.498715e+01  5.742701e-03  2.134419e-02  0.000000e+00  0.000000e+00  9.197281e-03  0.000000e+00  9.066274e-04  0.000000e+00  0.000000e+00  0.000000e+00  0.000000e+00  0.000000e+00  0.000000e+00  0.000000e+00  0.000000e+00  0.000000e+00
1.681586e+01  1.420852e-02  1.175399e-02  2.027299e-03  0.000000e+00  4.101000e-03  8.080325e-04  0.000000e+00  0.000000e+00  0.000000e+00  0.000000e+00  0.000000e+00  0.000000e+00  0.000000e+00  0.000000e+00  0.000000e+00  0.000000e+00
1.886771e+01  9.664168e-03  1.079975e-02  0.000000e+00  0.000000e+00  1.806832e-03  0.000000e+00  0.000000e+00  0.000000e+00  0.000000e+00  0.000000e+00  0.000000e+00  0.000000e+00  0.000000e+00  0.000000e+00  0.000000e+00  0.000000e+00
2.116992e+01  1.254177e-02  1.920939e-02  0.000000e+00  0.000000e+00  1.978357e-03  0.000000e+00  8.512912e-04  0.000000e+00  0.000000e+00  0.000000e+00  1.200179e-02  0.000000e+00  0.000000e+00  0.000000e+00  0.000000e+00  0.000000e+00
2.375304e+01  2.248659e-02  3.602886e-03  4.806340e-03  0.000000e+00  1.111708e-02  0.000000e+00  1.435218e-03  0.000000e+00  0.000000e+00  0.000000e+00  0.000000e+00  0.000000e+00  0.000000e+00  0.000000e+00  0.000000e+00  0.000000e+00
2.665135e+01  2.523090e-02  2.366498e-02  6.762046e-04  3.892872e-03  1.060083e-03  0.000000e+00  0.000000e+00  7.316976e-03  0.000000e+00  0.000000e+00  0.000000e+00  0.000000e+00  0.000000e+00  0.000000e+00  0.000000e+00  0.000000e+00
2.990330e+01  2.458004e-02  9.064380e-03  7.965224e-04  0.000000e+00  1.701259e-02  0.000000e+00  1.057058e-03  0.000000e+00  0.000000e+00  0.000000e+00  7.202237e-03  0.000000e+00  8.356632e-03  0.000000e+00  0.000000e+00  0.000000e+00
3.355206e+01  2.989923e-02  1.118757e-02  9.392625e-04  0.000000e+00  1.785387e-03  0.000000e+00  5.618986e-03  0.000000e+00  0.000000e+00  0.000000e+00  8.568470e-03  0.000000e+00  2.060369e-02  0.000000e+00  0.000000e+00  0.000000e+00
3.764603e+01  4.456228e-02  2.770307e-02  6.908301e-04  4.787162e-04  1.369960e-02  0.000000e+00  3.598623e-03  0.000000e+00  0.000000e+00  0.000000e+00  0.000000e+00  0.000000e+00  9.987486e-04  0.000000e+00  0.000000e+00  0.000000e+00
4.223954e+01  3.921944e-02  1.878875e-02  6.194964e-03  0.000000e+00  7.123321e-03  0.000000e+00  1.533503e-03  0.000000e+00  0.000000e+00  0.000000e+00  8.814093e-03  0.000000e+00  1.696810e-02  0.000000e+00  0.000000e+00  0.000000e+00
4.739354e+01  4.181016e-02  1.503332e-02  3.802578e-04  1.045205e-03  3.646224e-03  0.000000e+00  1.363544e-03  0.000000e+00  0.000000e+00  0.000000e+00  0.000000e+00  0.000000e+00  1.582522e-02  0.000000e+00  0.000000e+00  0.000000e+00
5.317643e+01  4.223429e-02  7.400083e-03  9.333326e-04  0.000000e+00  1.577032e-02  0.000000e+00  1.803538e-03  0.000000e+00  0.000000e+00  0.000000e+00  4.778000e-03  0.000000e+00  0.000000e+00  0.000000e+00  0.000000e+00  0.000000e+00
5.966493e+01  4.577501e-02  2.479857e-02  1.044892e-03  5.297840e-04  1.101252e-02  0.000000e+00  1.012067e-02  0.000000e+00  0.000000e+00  0.000000e+00  4.345834e-03  0.000000e+00  3.600304e-03  0.000000e+00  0.000000e+00  0.000000e+00
6.694516e+01  5.626703e-02  2.242120e-02  1.770881e-03  0.000000e+00  6.807633e-03  0.000000e+00  2.059015e-03  0.000000e+00  3.537663e-03  0.000000e+00  2.345418e-03  0.000000e+00  4.743305e-02  0.000000e+00  0.000000e+00  0.000000e+00
7.511370e+01  6.087445e-02  2.363803e-02  4.612724e-03  6.004491e-04  5.711034e-03  0.000000e+00  1.396683e-03  0.000000e+00  0.000000e+00  0.000000e+00  3.483684e-03  0.000000e+00  1.576586e+01  0.000000e+00  0.000000e+00  0.000000e+00
8.427896e+01  6.955210e-02  2.262347e-02  1.010542e-03  4.154704e-03  6.367677e-03  0.000000e+00  5.575462e-03  0.000000e+00  0.000000e+00  0.000000e+00  0.000000e+00  0.000000e+00  1.874964e+01  0.000000e+00  0.000000e+00  0.000000e+00
9.456255e+01  6.896126e-02  1.834950e-02  2.893837e-03  6.952176e-04  1.367663e-02  0.000000e+00  1.091382e-03  0.000000e+00  2.636057e-03  0.000000e+00  1.315835e-04  0.000000e+00  1.442772e+01  0.000000e+00  0.000000e+00  0.000000e+00
1.061009e+02  7.333518e-02  2.912811e-02  4.630447e-03  3.417644e-04  8.828496e-03  0.000000e+00  1.829989e-03  0.000000e+00  0.000000e+00  2.443842e-03  2.672920e-03  0.000000e+00  1.066520e+01  0.000000e+00  0.000000e+00  0.000000e+00
1.190472e+02  7.674463e-02  3.637778e-02  2.708708e-03  1.489792e-03  1.715783e-02  0.000000e+00  1.612843e-03  0.000000e+00  1.141376e-04  1.318925e-03  9.170085e+00  0.000000e+00  8.017900e+00  0.000000e+00  2.285362e-03  0.000000e+00
1.335731e+02  9.101549e-02  3.467125e-02  4.650163e-03  1.947024e-04  1.047064e-02  0.000000e+00  1.385435e-03  0.000000e+00  0.000000e+00  0.000000e+00  7.820085e+00  0.000000e+00  6.000843e+00  0.000000e+00  0.000000e+00  0.000000e+00
1.498715e+02  2.054857e-01  3.970081e-02  1.415323e-03  5.869139e-04  4.899185e-03  0.000000e+00  7.430810e-03  0.000000e+00  1.085259e-03  1.663006e-03  5.881356e+00  0.000000e+00  4.511377e+00  0.000000e+00  0.000000e+00  0.000000e+00
1.681586e+02  2.870961e-01  4.905572e-02  2.673578e-03  4.101000e-04  8.228204e-03  7.399483e-05  5.881179e-03  0.000000e+00  1.607586e-03  0.000000e+00  4.616626e+00  0.000000e+00  3.239508e+00  0.000000e+00  0.000000e+00  0.000000e+00
1.886771e+02  1.805140e-01  4.324021e-02  2.534758e-03  3.895077e-04  1.059212e-02  1.675324e-04  6.297962e-03  1.264589e-04  1.264589e-04  0.000000e+00  3.327098e+00  0.000000e+00  2.300225e+00  0.000000e+00  0.000000e+00  0.000000e+00
2.116992e+02  8.732042e-02  5.932623e-02  2.824747e-03  2.016110e-03  7.713318e-03  1.127066e-04  3.118316e-03  0.000000e+00  0.000000e+00  5.877618e-05  2.678602e+00  0.000000e+00  1.643220e+00  0.000000e+00  1.228489e-04  0.000000e+00
2.375304e+02  6.407390e-02  2.258073e-01  3.906580e-03  1.791415e-03  9.844356e-03  4.307191e-05  6.327659e-03  3.668367e-04  0.000000e+00  5.720432e-05  1.987555e+00  0.000000e+00  1.251525e+00  0.000000e+00  2.290389e-04  0.000000e+00
2.665135e+02  5.503290e-02  1.908867e-01  3.836975e-03  1.914479e-03  1.313794e-02  1.182461e-04  4.280072e-03  0.000000e+00  8.952603e-05  8.108385e-04  1.417132e+00  0.000000e+00  8.163010e-01  0.000000e+00  0.000000e+00  0.000000e+00
2.990330e+02  4.245755e-02  3.758599e-02  1.904548e-03  9.460139e-04  1.042901e-02  6.332533e-04  5.695916e-03  6.015702e-05  1.257350e-04  8.335943e-04  1.105595e+00  0.000000e+00  5.948863e-01  0.000000e+00  0.000000e+00  0.000000e+00
3.355206e+02  3.883019e-02  3.787775e-02  2.306221e-03  1.578926e-03  9.426239e-03  7.111306e-05  3.477405e-03  6.098515e-05  5.371284e-05  7.771941e-04  8.145022e-01  6.402347e-04  4.337316e-01  0.000000e+00  0.000000e+00  2.276818e-04
3.764603e+02  2.775630e-02  2.714648e-02  4.448848e-03  2.005760e-03  8.470777e-03  1.763743e-03  3.270220e-03  0.000000e+00  8.371186e-05  0.000000e+00  5.314192e-01  0.000000e+00  3.013395e-01  0.000000e+00  0.000000e+00  0.000000e+00
4.223954e+02  1.801109e-02  2.784287e-02  1.810651e-03  1.729115e-03  9.065628e-03  8.525354e-05  3.418767e-03  9.076937e-04  9.907502e-05  4.332939e-04  3.908390e-01  0.000000e+00  1.593612e-01  0.000000e+00  6.157030e-05  0.000000e+00
4.739354e+02  1.707858e-02  2.399215e-02  2.878525e-03  1.835311e-03  7.494315e-03  5.851339e-04  6.428878e-03  4.478369e-04  4.114638e-04  0.000000e+00  2.681319e-01  0.000000e+00  1.184943e-01  4.114638e-04  0.000000e+00  0.000000e+00
5.317643e+02  1.549055e-02  2.108439e-02  5.022823e-03  1.041039e-03  5.849548e-03  1.940007e-04  2.653066e-03  7.151511e-04  4.647168e-04  7.177751e-04  2.296162e-01  0.000000e+00  8.361473e-02  2.339922e-05  1.023079e-04  0.000000e+00
5.966493e+02  1.463495e-02  1.917945e-02  4.277501e-03  3.683312e-03  5.988075e-03  6.803276e-04  4.714504e-03  5.459266e-04  2.538678e-04  4.188237e-04  1.495276e-01  0.000000e+00  5.724908e-02  0.000000e+00  6.301678e-05  0.000000e+00
6.694516e+02  1.221783e-02  1.843826e-02  5.336081e-03  3.701642e-03  6.338196e-03  3.677091e-04  4.054833e-03  1.805013e-04  9.799808e-05  3.740631e-04  1.016321e-01  0.000000e+00  3.673535e-02  0.000000e+00  0.000000e+00  0.000000e+00
7.511370e+02  9.563762e-03  1.260573e-02  3.568408e-03  2.693519e-03  4.130290e-03  4.827472e-04  3.063401e-03  4.099438e-04  3.314347e-04  2.996029e-04  6.933726e-02  0.000000e+00  2.673318e-02  0.000000e+00  0.000000e+00  0.000000e+00
8.427896e+02  8.159719e-03  1.239403e-02  3.545829e-03  1.625511e-03  5.215775e-03  7.795577e-05  3.084284e-03  5.877618e-05  2.906827e-04  9.137619e-04  3.862741e-02  0.000000e+00  1.532600e-02  0.000000e+00  1.597375e-04  0.000000e+00
9.456255e+02  7.094725e-03  9.208110e-03  4.178507e-03  1.904111e-03  4.581087e-03  4.608979e-04  2.943151e-03  2.269008e-04  0.000000e+00  6.859236e-04  3.352705e-02  1.097160e-04  9.090678e-03  0.000000e+00  0.000000e+00  0.000000e+00
1.061009e+03  6.351489e-03  6.036437e-03  4.411095e-03  2.734886e-03  4.186354e-03  3.041596e-04  2.814822e-03  3.239153e-04  6.821065e-04  2.926273e-04  2.320352e-02  0.000000e+00  4.258257e-03  3.209959e-04  2.024600e-04  0.000000e+00
1.190472e+03  4.712342e-03  5.330517e-03  3.673767e-03  2.726657e-03  1.931586e-03  2.943137e-04  1.993969e-03  9.542133e-04  2.441450e-04  1.314108e-03  1.584104e-02  0.000000e+00  2.671563e-03  0.000000e+00  0.000000e+00  0.000000e+00
1.335731e+03  4.243983e-03  6.063588e-03  3.469914e-03  2.077585e-03  1.777771e-03  5.899163e-04  1.784578e-03  2.536974e-04  5.214583e-04  4.034678e-04  7.084293e-03  0.000000e+00  1.775106e-03  1.007876e-04  0.000000e+00  0.000000e+00
1.498715e+03  2.563629e-03  4.574540e-03  2.770268e-03  2.724937e-03  2.376088e-03  1.262609e-03  2.328792e-03  6.256098e-04  6.561316e-04  6.084808e-04  3.278753e-03  9.039332e-05  1.648405e-03  0.000000e+00  0.000000e+00  1.514381e-04
1.681586e+03  1.904352e-03  4.102372e-03  2.637308e-03  1.750971e-03  2.165062e-03  4.697105e-04  1.217096e-03  7.514494e-04  4.841935e-04  4.585467e-04  3.762550e-03  0.000000e+00  8.200437e-04  1.298360e-04  0.000000e+00  4.542849e-05
1.886771e+03  2.189080e-03  3.530827e-03  2.717986e-03  1.851102e-03  2.048048e-03  6.048706e-04  1.312480e-03  6.287686e-04  2.611201e-04  6.320092e-04  1.843349e-03  1.419953e-04  1.670271e-05  3.837227e-04  2.874223e-05  0.000000e+00
2.116992e+03  1.212422e-03  3.187502e-03  1.516275e-03  1.466637e-03  1.260145e-03  2.846911e-04  1.148264e-03  4.731480e-04  2.989456e-04  4.445027e-04  1.340179e-03  1.248507e-04  4.106390e-04  1.228489e-05  0.000000e+00  1.228489e-05
2.375304e+03  1.236875e-03  1.749902e-03  1.915638e-03  2.388715e-03  1.361885e-03  8.906631e-04  1.005417e-03  2.640733e-04  1.307372e-04  2.976585e-04  1.271001e-03  7.573320e-06  0.000000e+00  1.069661e-04  0.000000e+00  1.144009e-04
2.665135e+03  6.792534e-04  1.678549e-03  1.306507e-03  2.444894e-03  8.033946e-04  2.701490e-04  7.621901e-04  6.064617e-04  1.857274e-04  2.877936e-04  9.309585e-04  1.438833e-04  1.559856e-04  9.376295e-05  0.000000e+00  1.097461e-04
2.990330e+03  5.457134e-04  1.051012e-03  1.026128e-03  1.539271e-03  6.005265e-04  6.535300e-04  5.723818e-04  5.551305e-04  5.590195e-04  6.095711e-04  5.766492e-04  2.134752e-04  0.000000e+00  9.613982e-05  0.000000e+00  1.373469e-04
3.355206e+03  2.375668e-04  1.347914e-03  1.335107e-03  2.134413e-03  3.728893e-04  6.755518e-04  1.655260e-04  5.084743e-04  2.014195e-04  3.886016e-04  3.136331e-04  1.055444e-04  2.859258e-05  6.419000e-05  0.000000e+00  1.145977e-05
3.764603e+03  1.892173e-04  6.934197e-04  1.111424e-03  1.275402e-03  2.403105e-04  7.344975e-04  1.173908e-04  2.475859e-04  4.217266e-04  4.790035e-04  3.833993e-04  1.501082e-04  3.305228e-06  7.229061e-05  0.000000e+00  2.782725e-04
4.223954e+03  1.072335e-04  2.796796e-04  5.614056e-04  1.031397e-03  2.153852e-04  2.674883e-04  2.358714e-04  4.408573e-04  2.802557e-04  4.667121e-04  2.363149e-04  1.665136e-04  0.000000e+00  1.210931e-04  0.000000e+00  1.809560e-04
4.739354e+03  5.521267e-05  4.515980e-04  6.036351e-04  1.110027e-03  1.817093e-04  4.906307e-04  6.762171e-05  2.963508e-04  1.936707e-04  2.554528e-04  2.080562e-04  7.656903e-05  1.144249e-05  3.960503e-05  0.000000e+00  1.406047e-04
5.317643e+03  3.546516e-05  4.435706e-04  6.059319e-04  6.275069e-04  1.230079e-04  4.879033e-04  4.705113e-05  4.080423e-04  2.258837e-04  3.797490e-04  2.845781e-04  1.003320e-04  0.000000e+00  1.370430e-04  0.000000e+00  1.214511e-04
5.966493e+03  8.760558e-05  2.563799e-04  3.712206e-04  5.566816e-04  9.311210e-05  2.773092e-04  1.250415e-04  3.338206e-04  2.032389e-04  2.034687e-04  3.173785e-05  7.466160e-05  0.000000e+00  5.254744e-05  0.000000e+00  5.569310e-05
6.694516e+03  2.687115e-06  2.239657e-04  2.953983e-04  4.134351e-04  7.954195e-05  6.278047e-04  9.692809e-05  3.143530e-04  1.765144e-04  1.925658e-04  1.849039e-04  5.864594e-05  0.000000e+00  5.318581e-05  0.000000e+00  1.141112e-05
7.511370e+03  4.663407e-05  2.036408e-04  1.935870e-04  2.349761e-04  4.313311e-05  4.128512e-04  6.724741e-05  3.271360e-04  2.406106e-05  1.407211e-04  5.983109e-05  6.850634e-05  0.000000e+00  2.469798e-05  0.000000e+00  1.438109e-04
8.427896e+03  3.076615e-05  1.959770e-04  9.573161e-05  2.726382e-04  5.323483e-05  4.419777e-04  4.781040e-05  3.389240e-04  6.452094e-05  9.049746e-05  3.726063e-05  1.103703e-04  0.000000e+00  1.677159e-05  0.000000e+00  1.124817e-04
9.456255e+03  0.000000e+00  5.005284e-05  6.533450e-05  3.057993e-04  3.057713e-05  2.621507e-04  2.750244e-06  1.810370e-04  7.133454e-05  5.486272e-05  1.159134e-04  1.763788e-04  0.000000e+00  5.303171e-05  0.000000e+00  2.277547e-05
1.061009e+04  0.000000e+00  7.536791e-05  4.117957e-05  1.863778e-04  2.639788e-05  2.265035e-04  9.803182e-05  7.801612e-05  2.384236e-05  8.636475e-05  9.187224e-05  3.183251e-05  0.000000e+00  1.695455e-06  0.000000e+00  6.083373e-05
1.190472e+04  0.000000e+00  8.251009e-06  6.416945e-06  1.116029e-04  0.000000e+00  1.217440e-04  1.045205e-06  5.566026e-05  3.022152e-06  8.410386e-05  5.961996e-05  1.063511e-05  0.000000e+00  3.978748e-05  0.000000e+00  7.754261e-05
1.335731e+04  0.000000e+00  5.709554e-05  3.897989e-05  1.020914e-04  0.000000e+00  7.424405e-05  2.814856e-06  4.545961e-05  1.510832e-05  4.994371e-05  5.971301e-05  3.406640e-05  0.000000e+00  0.000000e+00  0.000000e+00  5.794053e-05
1.498715e+04  0.000000e+00  1.288933e-05  9.039332e-06  4.294249e-05  0.000000e+00  5.401779e-05  0.000000e+00  2.696205e-05  1.433307e-05  2.091951e-05  3.470574e-06  1.536472e-05  0.000000e+00  2.935577e-06  0.000000e+00  5.788017e-05
1.681586e+04  0.000000e+00  2.228241e-05  1.069760e-06  2.211679e-05  0.000000e+00  8.009355e-05  7.399483e-07  2.495576e-05  0.000000e+00  8.056313e-06  6.169786e-06  6.778769e-06  0.000000e+00  5.235097e-05  0.000000e+00  4.152777e-05
1.886771e+04  0.000000e+00  1.950782e-05  0.000000e+00  1.298775e-05  0.000000e+00  4.930886e-05  0.000000e+00  2.392297e-05  0.000000e+00  0.000000e+00  3.035969e-05  1.846912e-05  0.000000e+00  2.424910e-05  0.000000e+00  6.980418e-05
2.116992e+04  0.000000e+00  5.877618e-07  0.000000e+00  3.089603e-05  0.000000e+00  2.363816e-06  0.000000e+00  1.224823e-05  0.000000e+00  0.000000e+00  0.000000e+00  9.211527e-06  0.000000e+00  2.607020e-05  0.000000e+00  1.224823e-05
2.375304e+04  0.000000e+00  0.000000e+00  0.000000e+00  5.238433e-07  0.000000e+00  2.047134e-05  3.216091e-06  7.972187e-06  0.000000e+00  9.043555e-06  1.052038e-05  1.514664e-06  0.000000e+00  0.000000e+00  0.000000e+00  2.922030e-05
2.665135e+04  0.000000e+00  2.866344e-06  0.000000e+00  7.456302e-06  0.000000e+00  0.000000e+00  0.000000e+00  0.000000e+00  0.000000e+00  2.034794e-06  0.000000e+00  0.000000e+00  0.000000e+00  0.000000e+00  0.000000e+00  2.866344e-06
2.990330e+04  0.000000e+00  0.000000e+00  0.000000e+00  7.919840e-06  0.000000e+00  0.000000e+00  0.000000e+00  0.000000e+00  0.000000e+00  0.000000e+00  0.000000e+00  1.425237e-05  0.000000e+00  1.468916e-05  0.000000e+00  9.768292e-06
3.355206e+04  0.000000e+00  0.000000e+00  0.000000e+00  0.000000e+00  0.000000e+00  0.000000e+00  0.000000e+00  0.000000e+00  0.000000e+00  0.000000e+00  0.000000e+00  7.751241e-07  0.000000e+00  1.621471e-06  0.000000e+00  3.232589e-06
3.764603e+04  0.000000e+00  0.000000e+00  0.000000e+00  3.598623e-06  0.000000e+00  0.000000e+00  0.000000e+00  0.000000e+00  0.000000e+00  0.000000e+00  0.000000e+00  6.290952e-06  0.000000e+00  3.598623e-06  0.000000e+00  3.305228e-07
4.223954e+04  0.000000e+00  0.000000e+00  0.000000e+00  2.456236e-06  0.000000e+00  0.000000e+00  0.000000e+00  9.732382e-06  0.000000e+00  0.000000e+00  0.000000e+00  9.239972e-06  0.000000e+00  0.000000e+00  0.000000e+00  0.000000e+00
4.739354e+04  0.000000e+00  0.000000e+00  0.000000e+00  0.000000e+00  0.000000e+00  0.000000e+00  0.000000e+00  2.625436e-07  0.000000e+00  0.000000e+00  0.000000e+00  2.451666e-06  0.000000e+00  4.997081e-06  0.000000e+00  0.000000e+00
5.317643e+04  0.000000e+00  0.000000e+00  0.000000e+00  0.000000e+00  0.000000e+00  0.000000e+00  0.000000e+00  0.000000e+00  0.000000e+00  0.000000e+00  0.000000e+00  0.000000e+00  0.000000e+00  0.000000e+00  0.000000e+00  0.000000e+00
5.966493e+04  0.000000e+00  0.000000e+00  0.000000e+00  0.000000e+00  0.000000e+00  0.000000e+00  0.000000e+00  0.000000e+00  0.000000e+00  0.000000e+00  0.000000e+00  0.000000e+00  0.000000e+00  0.000000e+00  0.000000e+00  0.000000e+00
6.694516e+04  0.000000e+00  0.000000e+00  0.000000e+00  0.000000e+00  0.000000e+00  0.000000e+00  0.000000e+00  0.000000e+00  0.000000e+00  0.000000e+00  0.000000e+00  0.000000e+00  0.000000e+00  0.000000e+00  0.000000e+00  3.014505e-06
7.511370e+04  0.000000e+00  0.000000e+00  0.000000e+00  0.000000e+00  0.000000e+00  0.000000e+00  0.000000e+00  0.000000e+00  0.000000e+00  0.000000e+00  0.000000e+00  0.000000e+00  0.000000e+00  0.000000e+00  0.000000e+00  2.406106e-06
8.427896e+04  0.000000e+00  0.000000e+00  0.000000e+00  0.000000e+00  0.000000e+00  0.000000e+00  0.000000e+00  0.000000e+00  0.000000e+00  0.000000e+00  0.000000e+00  0.000000e+00  0.000000e+00  0.000000e+00  0.000000e+00  0.000000e+00
9.456255e+04  0.000000e+00  0.000000e+00  0.000000e+00  0.000000e+00  0.000000e+00  0.000000e+00  0.000000e+00  0.000000e+00  0.000000e+00  0.000000e+00  0.000000e+00  0.000000e+00  0.000000e+00  0.000000e+00  0.000000e+00  0.000000e+00
1.061009e+05  0.000000e+00  0.000000e+00  0.000000e+00  0.000000e+00  0.000000e+00  0.000000e+00  0.000000e+00  0.000000e+00  0.000000e+00  0.000000e+00  0.000000e+00  0.000000e+00  0.000000e+00  0.000000e+00  0.000000e+00  0.000000e+00
1.190472e+05  0.000000e+00  0.000000e+00  0.000000e+00  0.000000e+00  0.000000e+00  0.000000e+00  0.000000e+00  0.000000e+00  0.000000e+00  0.000000e+00  0.000000e+00  0.000000e+00  0.000000e+00  0.000000e+00  0.000000e+00  0.000000e+00
1.335731e+05  0.000000e+00  0.000000e+00  0.000000e+00  0.000000e+00  0.000000e+00  0.000000e+00  0.000000e+00  0.000000e+00  0.000000e+00  0.000000e+00  0.000000e+00  0.000000e+00  0.000000e+00  0.000000e+00  0.000000e+00  0.000000e+00
1.498715e+05  0.000000e+00  0.000000e+00  0.000000e+00  0.000000e+00  0.000000e+00  0.000000e+00  0.000000e+00  0.000000e+00  0.000000e+00  0.000000e+00  0.000000e+00  0.000000e+00  0.000000e+00  0.000000e+00  0.000000e+00  0.000000e+00
1.681586e+05  0.000000e+00  0.000000e+00  0.000000e+00  0.000000e+00  0.000000e+00  0.000000e+00  0.000000e+00  0.000000e+00  0.000000e+00  0.000000e+00  0.000000e+00  0.000000e+00  0.000000e+00  0.000000e+00  0.000000e+00  0.000000e+00
1.886771e+05  0.000000e+00  0.000000e+00  0.000000e+00  0.000000e+00  0.000000e+00  0.000000e+00  0.000000e+00  0.000000e+00  0.000000e+00  0.000000e+00  0.000000e+00  0.000000e+00  0.000000e+00  0.000000e+00  0.000000e+00  0.000000e+00
2.116992e+05  0.000000e+00  0.000000e+00  0.000000e+00  0.000000e+00  0.000000e+00  0.000000e+00  0.000000e+00  0.000000e+00  0.000000e+00  0.000000e+00  0.000000e+00  0.000000e+00  0.000000e+00  0.000000e+00  0.000000e+00  0.000000e+00
2.375304e+05  0.000000e+00  0.000000e+00  0.000000e+00  0.000000e+00  0.000000e+00  0.000000e+00  0.000000e+00  0.000000e+00  0.000000e+00  0.000000e+00  0.000000e+00  0.000000e+00  0.000000e+00  0.000000e+00  0.000000e+00  0.000000e+00
2.665135e+05  0.000000e+00  0.000000e+00  0.000000e+00  0.000000e+00  0.000000e+00  0.000000e+00  0.000000e+00  0.000000e+00  0.000000e+00  0.000000e+00  0.000000e+00  0.000000e+00  0.000000e+00  0.000000e+00  0.000000e+00  0.000000e+00
2.990330e+05  0.000000e+00  0.000000e+00  0.000000e+00  0.000000e+00  0.000000e+00  0.000000e+00  0.000000e+00  0.000000e+00  0.000000e+00  0.000000e+00  0.000000e+00  0.000000e+00  0.000000e+00  0.000000e+00  0.000000e+00  0.000000e+00
3.355206e+05  0.000000e+00  0.000000e+00  0.000000e+00  0.000000e+00  0.000000e+00  0.000000e+00  0.000000e+00  0.000000e+00  0.000000e+00  0.000000e+00  0.000000e+00  0.000000e+00  0.000000e+00  0.000000e+00  0.000000e+00  0.000000e+00
3.764603e+05  0.000000e+00  0.000000e+00  0.000000e+00  0.000000e+00  0.000000e+00  0.000000e+00  0.000000e+00  0.000000e+00  0.000000e+00  0.000000e+00  0.000000e+00  0.000000e+00  0.000000e+00  0.000000e+00  0.000000e+00  0.000000e+00
4.223954e+05  0.000000e+00  0.000000e+00  0.000000e+00  0.000000e+00  0.000000e+00  0.000000e+00  0.000000e+00  0.000000e+00  0.000000e+00  0.000000e+00  0.000000e+00  0.000000e+00  0.000000e+00  0.000000e+00  0.000000e+00  0.000000e+00
4.739354e+05  0.000000e+00  0.000000e+00  0.000000e+00  0.000000e+00  0.000000e+00  0.000000e+00  0.000000e+00  0.000000e+00  0.000000e+00  0.000000e+00  0.000000e+00  0.000000e+00  0.000000e+00  0.000000e+00  0.000000e+00  0.000000e+00
5.317643e+05  0.000000e+00  0.000000e+00  0.000000e+00  0.000000e+00  0.000000e+00  0.000000e+00  0.000000e+00  0.000000e+00  0.000000e+00  0.000000e+00  0.000000e+00  0.000000e+00  0.000000e+00  0.000000e+00  0.000000e+00  0.000000e+00
5.966493e+05  0.000000e+00  0.000000e+00  0.000000e+00  0.000000e+00  0.000000e+00  0.000000e+00  0.000000e+00  0.000000e+00  0.000000e+00  0.000000e+00  0.000000e+00  0.000000e+00  0.000000e+00  0.000000e+00  0.000000e+00  0.000000e+00
6.694516e+05  0.000000e+00  0.000000e+00  0.000000e+00  0.000000e+00  0.000000e+00  0.000000e+00  0.000000e+00  0.000000e+00  0.000000e+00  0.000000e+00  0.000000e+00  0.000000e+00  0.000000e+00  0.000000e+00  0.000000e+00  0.000000e+00
7.511370e+05  0.000000e+00  0.000000e+00  0.000000e+00  0.000000e+00  0.000000e+00  0.000000e+00  0.000000e+00  0.000000e+00  0.000000e+00  0.000000e+00  0.000000e+00  0.000000e+00  0.000000e+00  0.000000e+00  0.000000e+00  0.000000e+00
8.427896e+05  0.000000e+00  0.000000e+00  0.000000e+00  0.000000e+00  0.000000e+00  0.000000e+00  0.000000e+00  0.000000e+00  0.000000e+00  0.000000e+00  0.000000e+00  0.000000e+00  0.000000e+00  0.000000e+00  0.000000e+00  0.000000e+00
9.456255e+05  0.000000e+00  0.000000e+00  0.000000e+00  0.000000e+00  0.000000e+00  0.000000e+00  0.000000e+00  0.000000e+00  0.000000e+00  0.000000e+00  0.000000e+00  0.000000e+00  0.000000e+00  0.000000e+00  0.000000e+00  0.000000e+00
