# dR/dEr [1/keV/kg/Myr]
# Er [keV], S, F, Ne, Cl, Na, Si, O, P, N, C, Al, Mg, Be, B, Ar, Li
1.061009e+01  3.859893e+01  3.121233e+01  0.000000e+00  0.000000e+00  1.437848e+01  0.000000e+00  2.387349e+00  0.000000e+00  0.000000e+00  0.000000e+00  0.000000e+00  0.000000e+00  2.362983e-01  0.000000e+00  0.000000e+00  0.000000e+00
1.190472e+01  1.353720e+01  4.541302e+00  0.000000e+00  0.000000e+00  4.335665e+00  0.000000e+00  0.000000e+00  0.000000e+00  0.000000e+00  0.000000e+00  0.000000e+00  0.000000e+00  0.000000e+00  0.000000e+00  0.000000e+00  0.000000e+00
1.335731e+01  2.004153e+01  4.141734e+00  0.000000e+00  0.000000e+00  0.000000e+00  0.000000e+00  0.000000e+00  0.000000e+00  0.000000e+00  0.000000e+00  0.000000e+00  0.000000e+00  0.000000e+00  0.000000e+00  0.000000e+00  0.000000e+00
1.498715e+01  4.989956e+00  7.280682e+00  0.000000e+00  0.000000e+00  2.202927e+00  0.000000e+00  8.074560e-01  0.000000e+00  0.000000e+00  0.000000e+00  0.000000e+00  0.000000e+00  0.000000e+00  0.000000e+00  0.000000e+00  0.000000e+00
1.681586e+01  1.234394e+01  7.257242e+00  1.772207e+00  0.000000e+00  3.524759e+00  7.196459e-01  0.000000e+00  0.000000e+00  0.000000e+00  0.000000e+00  0.000000e+00  0.000000e+00  0.000000e+00  0.000000e+00  0.000000e+00  0.000000e+00
1.886771e+01  8.422483e+00  7.535029e+00  0.000000e+00  0.000000e+00  1.579481e+00  0.000000e+00  0.000000e+00  0.000000e+00  0.000000e+00  0.000000e+00  0.000000e+00  0.000000e+00  0.000000e+00  0.000000e+00  0.000000e+00  0.000000e+00
2.116992e+01  8.668605e+00  8.581347e+00  0.000000e+00  0.000000e+00  1.720933e+00  0.000000e+00  7.480317e-01  0.000000e+00  0.000000e+00  0.000000e+00  1.233568e+00  0.000000e+00  0.000000e+00  0.000000e+00  0.000000e+00  0.000000e+00
2.375304e+01  1.603715e+01  3.118821e+00  2.717304e+00  0.000000e+00  5.326662e+00  0.000000e+00  1.254626e+00  0.000000e+00  0.000000e+00  0.000000e+00  0.000000e+00  0.000000e+00  0.000000e+00  0.000000e+00  0.000000e+00  0.000000e+00
2.665135e+01  1.461250e+01  8.768990e+00  5.941827e-01  1.206098e-01  9.395666e-01  0.000000e+00  0.000000e+00  2.472275e+00  0.000000e+00  0.000000e+00  0.000000e+00  0.000000e+00  0.000000e+00  0.000000e+00  0.000000e+00  0.000000e+00
2.990330e+01  1.625967e+01  7.460387e+00  7.125103e-01  0.000000e+00  2.085019e+00  0.000000e+00  9.342525e-01  0.000000e+00  0.000000e+00  0.000000e+00  3.604251e-01  0.000000e+00  1.615102e+00  0.000000e+00  0.000000e+00  0.000000e+00
3.355206e+01  2.097864e+01  6.272663e+00  7.920277e-01  0.000000e+00  1.557812e+00  0.000000e+00  2.926641e+00  0.000000e+00  0.000000e+00  0.000000e+00  1.462386e+00  0.000000e+00  1.858742e+00  0.000000e+00  0.000000e+00  0.000000e+00
3.764603e+01  2.474860e+01  5.777742e+00  1.253017e-02  4.206491e-01  4.085801e+00  0.000000e+00  1.304080e-01  0.000000e+00  0.000000e+00  0.000000e+00  0.000000e+00  0.000000e+00  2.043203e-02  0.000000e+00  0.000000e+00  0.000000e+00
4.223954e+01  2.149566e+01  1.069567e+01  7.923071e-01  0.000000e+00  5.329562e+00  0.000000e+00  5.912024e-01  0.000000e+00  0.000000e+00  0.000000e+00  5.820769e-01  0.000000e+00  5.958267e+00  0.000000e+00  0.000000e+00  0.000000e+00
4.739354e+01  2.908701e+01  1.169519e+01  3.341335e-01  8.948462e-01  1.347216e+00  0.000000e+00  1.200599e+00  0.000000e+00  0.000000e+00  0.000000e+00  0.000000e+00  0.000000e+00  2.145712e+00  0.000000e+00  0.000000e+00  0.000000e+00
5.317643e+01  2.640207e+01  6.220744e+00  8.231656e-01  0.000000e+00  4.100925e+00  0.000000e+00  1.591861e+00  0.000000e+00  0.000000e+00  0.000000e+00  4.910924e-01  0.000000e+00  0.000000e+00  0.000000e+00  0.000000e+00  0.000000e+00
5.966493e+01  3.381637e+01  1.260490e+01  9.191648e-01  4.682354e-01  3.278857e+00  0.000000e+00  2.404873e+00  0.000000e+00  0.000000e+00  0.000000e+00  6.855157e-01  0.000000e+00  2.421684e-01  0.000000e+00  0.000000e+00  0.000000e+00
6.694516e+01  3.775488e+01  1.051919e+01  1.549851e+00  0.000000e+00  4.845258e+00  0.000000e+00  4.931739e-01  0.000000e+00  2.939319e-01  0.000000e+00  1.069841e+00  0.000000e+00  1.430118e+01  0.000000e+00  0.000000e+00  0.000000e+00
7.511370e+01  3.962806e+01  1.505859e+01  1.900676e+00  5.148944e-01  3.261916e+00  0.000000e+00  1.192596e+00  0.000000e+00  0.000000e+00  0.000000e+00  4.455470e-01  0.000000e+00  4.056521e+03  0.000000e+00  0.000000e+00  0.000000e+00
8.427896e+01  5.029514e+01  1.570845e+01  8.767336e-01  1.391156e+00  4.266207e+00  0.000000e+00  2.645009e+00  0.000000e+00  0.000000e+00  0.000000e+00  0.000000e+00  0.000000e+00  4.920473e+03  0.000000e+00  0.000000e+00  0.000000e+00
9.456255e+01  4.897981e+01  1.234149e+01  1.617153e+00  6.030745e-01  4.516124e+00  0.000000e+00  6.043041e-01  0.000000e+00  2.099639e-01  0.000000e+00  1.876064e-03  0.000000e+00  3.765021e+03  0.000000e+00  0.000000e+00  0.000000e+00
1.061009e+02  5.671982e+01  1.646223e+01  1.135088e+00  2.024847e-01  5.317734e+00  0.000000e+00  1.000124e+00  0.000000e+00  0.000000e+00  3.854938e-01  9.031249e-01  0.000000e+00  2.826563e+03  0.000000e+00  0.000000e+00  0.000000e+00
1.190472e+02  6.112159e+01  2.099387e+01  2.114042e+00  3.472686e-01  5.910637e+00  0.000000e+00  8.187948e-01  0.000000e+00  1.016527e-01  6.016158e-01  2.474380e+03  0.000000e+00  2.091224e+03  0.000000e+00  2.217929e-01  0.000000e+00
1.335731e+02  6.879264e+01  2.183053e+01  1.835907e+00  3.531482e-03  5.872492e+00  0.000000e+00  8.818897e-01  0.000000e+00  0.000000e+00  0.000000e+00  2.089596e+03  0.000000e+00  1.548469e+03  0.000000e+00  0.000000e+00  0.000000e+00
1.498715e+02  1.663409e+02  2.583284e+01  1.084078e+00  3.523881e-01  3.174197e+00  0.000000e+00  2.248590e+00  0.000000e+00  1.942482e-01  4.480039e-01  1.560976e+03  0.000000e+00  1.159136e+03  0.000000e+00  0.000000e+00  0.000000e+00
1.681586e+02  2.379120e+02  2.650482e+01  1.683351e+00  3.524759e-01  3.188612e+00  1.054988e-03  2.171328e+00  0.000000e+00  3.727011e-01  0.000000e+00  1.178735e+03  0.000000e+00  8.547394e+02  0.000000e+00  0.000000e+00  0.000000e+00
1.886771e+02  1.401728e+02  3.016534e+01  1.282808e+00  3.411609e-01  6.384301e+00  1.480690e-01  2.320047e+00  1.091613e-01  1.091613e-01  0.000000e+00  8.604926e+02  0.000000e+00  6.162035e+02  0.000000e+00  0.000000e+00  0.000000e+00
2.116992e+02  6.179716e+01  3.839955e+01  1.521129e+00  1.039362e+00  3.059595e+00  9.729015e-02  1.484037e+00  0.000000e+00  0.000000e+00  8.380071e-04  6.892748e+02  0.000000e+00  4.235400e+02  0.000000e+00  2.228214e-03  0.000000e+00
2.375304e+02  4.529880e+01  1.871718e+02  2.252159e+00  7.784482e-01  4.129778e+00  3.875271e-02  2.000588e+00  1.817835e-01  0.000000e+00  5.094703e-02  5.149444e+02  0.000000e+00  3.130548e+02  0.000000e+00  1.799535e-01  0.000000e+00
2.665135e+02  3.743015e+01  1.567382e+02  2.182329e+00  8.336612e-01  6.078683e+00  9.971038e-02  1.437675e+00  0.000000e+00  7.728031e-02  2.304549e-01  3.738895e+02  0.000000e+00  2.115979e+02  0.000000e+00  0.000000e+00  0.000000e+00
2.990330e+02  2.360493e+01  2.450196e+01  1.229778e+00  4.423537e-01  4.498895e+00  3.446506e-02  2.780867e+00  9.673916e-04  2.572241e-03  6.639641e-02  2.835178e+02  0.000000e+00  1.570740e+02  0.000000e+00  0.000000e+00  0.000000e+00
3.355206e+02  2.123597e+01  2.248979e+01  1.483658e+00  6.460405e-01  4.667484e+00  6.138593e-02  1.964534e+00  5.486964e-02  4.719761e-02  2.230417e-01  2.126163e+02  4.306430e-02  1.138663e+02  0.000000e+00  0.000000e+00  6.045805e-03
3.764603e+02  1.410114e+01  1.677702e+01  2.039518e+00  8.571492e-01  5.157527e+00  1.367219e-01  1.360014e+00  0.000000e+00  7.058954e-02  0.000000e+00  1.360777e+02  0.000000e+00  8.149731e+01  0.000000e+00  0.000000e+00  0.000000e+00
4.223954e+02  9.131648e+00  1.469221e+01  1.171287e+00  6.937740e-01  4.502052e+00  3.817525e-02  1.763833e+00  1.991552e-01  4.944544e-02  1.706751e-01  1.051059e+02  0.000000e+00  4.221879e+01  0.000000e+00  1.116753e-03  0.000000e+00
4.739354e+02  7.806563e+00  1.229534e+01  1.702210e+00  9.490300e-01  4.023190e+00  1.197147e-01  2.083907e+00  2.073384e-01  1.390262e-01  0.000000e+00  6.791414e+01  0.000000e+00  2.945566e+01  1.390262e-01  0.000000e+00  0.000000e+00
5.317643e+02  6.377567e+00  8.272607e+00  1.933655e+00  5.113457e-01  3.823198e+00  1.087976e-01  1.428924e+00  1.990146e-01  2.097290e-01  9.388595e-02  5.655798e+01  0.000000e+00  2.228324e+01  3.336166e-04  8.038230e-02  0.000000e+00
5.966493e+02  5.715737e+00  7.568869e+00  2.009412e+00  1.094688e+00  3.695226e+00  1.942025e-01  1.665024e+00  1.908611e-01  7.442714e-02  8.094684e-02  3.875816e+01  0.000000e+00  1.548829e+01  0.000000e+00  1.289174e-03  0.000000e+00
6.694516e+02  4.577175e+00  6.465254e+00  2.340091e+00  1.424181e+00  3.664524e+00  1.690059e-01  1.841238e+00  1.052797e-01  8.421124e-02  4.746987e-02  2.692429e+01  0.000000e+00  9.626059e+00  0.000000e+00  0.000000e+00  0.000000e+00
7.511370e+02  3.662352e+00  5.048243e+00  1.555459e+00  1.131759e+00  2.381795e+00  4.363128e-02  1.374062e+00  1.302087e-01  1.336839e-01  3.149080e-02  1.870007e+01  0.000000e+00  6.234471e+00  0.000000e+00  0.000000e+00  0.000000e+00
8.427896e+02  2.362075e+00  4.414848e+00  1.428175e+00  1.073234e+00  2.802019e+00  6.850871e-02  1.560880e+00  5.032090e-02  3.193104e-02  1.622912e-01  9.643090e+00  0.000000e+00  3.281009e+00  0.000000e+00  8.173863e-02  0.000000e+00
9.456255e+02  2.410685e+00  3.340032e+00  1.918559e+00  8.642136e-01  2.284866e+00  1.470194e-01  1.651895e+00  1.460897e-01  0.000000e+00  1.070859e-01  8.399949e+00  3.399247e-03  2.371247e+00  0.000000e+00  0.000000e+00  0.000000e+00
1.061009e+03  2.140557e+00  2.357801e+00  1.842764e+00  1.206806e+00  1.933903e+00  1.402919e-01  1.448563e+00  1.187441e-01  2.489212e-01  6.007215e-02  5.734849e+00  0.000000e+00  9.994371e-01  2.157543e-02  1.361813e-02  0.000000e+00
1.190472e+03  1.478715e+00  2.029841e+00  1.653058e+00  1.240470e+00  1.249238e+00  1.718997e-01  9.649089e-01  1.717833e-01  6.722481e-02  1.779262e-01  3.436699e+00  0.000000e+00  9.363267e-01  0.000000e+00  0.000000e+00  0.000000e+00
1.335731e+03  1.460995e+00  1.946882e+00  1.393752e+00  8.902616e-01  1.079549e+00  9.667083e-02  1.130514e+00  7.973849e-02  1.370512e-01  4.292980e-02  1.632513e+00  0.000000e+00  4.078689e-01  5.157359e-02  0.000000e+00  0.000000e+00
1.498715e+03  9.184986e-01  1.424130e+00  1.064006e+00  1.069779e+00  8.182229e-01  2.717398e-01  1.091488e+00  2.368256e-01  2.273635e-01  8.443249e-02  8.852220e-01  3.275701e-03  5.280776e-01  0.000000e+00  0.000000e+00  7.389912e-03
1.681586e+03  4.610682e-01  1.451630e+00  9.045120e-01  8.879217e-01  1.025776e+00  1.174545e-01  7.453629e-01  1.795962e-01  1.696755e-01  1.449776e-01  1.035420e+00  0.000000e+00  2.435599e-01  4.309030e-02  0.000000e+00  1.206297e-03
1.886771e+03  6.201045e-01  9.382849e-01  9.591813e-01  1.041397e+00  8.479971e-01  1.537831e-01  6.602066e-01  1.760025e-01  1.111934e-01  1.356032e-01  5.192621e-01  3.399069e-02  1.408447e-02  5.493359e-02  6.644014e-04  0.000000e+00
2.116992e+03  4.196340e-01  9.840949e-01  5.845429e-01  6.552319e-01  3.514207e-01  1.326766e-01  5.407078e-01  1.497815e-01  4.471650e-02  8.973188e-02  2.946271e-01  1.668381e-02  1.035264e-01  2.228214e-04  0.000000e+00  2.228214e-04
2.375304e+03  2.196476e-01  5.372740e-01  6.072947e-01  1.010783e+00  4.068231e-01  2.518188e-01  4.979203e-01  1.217220e-01  6.768868e-02  3.386446e-02  3.083396e-01  1.217874e-04  0.000000e+00  1.099419e-02  0.000000e+00  1.729406e-02
2.665135e+03  2.179509e-01  4.513000e-01  4.618393e-01  9.325801e-01  1.968093e-01  1.164046e-01  3.131546e-01  2.327599e-01  6.080279e-02  1.295222e-01  1.924264e-01  5.348018e-02  2.630847e-02  1.812174e-02  0.000000e+00  2.871525e-02
2.990330e+03  7.423019e-02  3.222784e-01  3.218267e-01  6.975623e-01  1.572812e-01  1.824553e-01  2.311878e-01  1.265587e-01  9.347466e-02  9.185280e-02  1.597568e-01  1.918529e-02  0.000000e+00  1.640824e-02  0.000000e+00  4.474729e-02
3.355206e+03  6.743627e-02  3.855895e-01  3.763341e-01  7.374321e-01  8.079975e-02  1.668570e-01  1.214491e-01  9.092559e-02  5.129665e-02  6.744995e-02  4.610765e-02  2.581845e-02  1.760830e-02  3.212292e-03  0.000000e+00  1.934655e-04
3.764603e+03  2.230459e-02  1.522031e-01  2.697218e-01  4.471794e-01  6.823217e-02  1.728272e-01  8.278758e-02  6.941615e-02  4.741290e-02  8.675527e-02  7.292002e-02  8.980300e-03  4.712460e-05  1.833187e-02  0.000000e+00  3.455953e-02
4.223954e+03  6.036710e-03  9.594576e-02  1.277006e-01  3.439490e-01  3.889492e-02  7.001079e-02  7.445100e-02  9.281983e-02  6.230075e-02  6.608733e-02  5.226713e-02  1.507195e-02  0.000000e+00  2.144319e-02  0.000000e+00  2.147671e-02
4.739354e+03  7.061444e-03  8.996589e-02  1.370386e-01  3.437349e-01  3.427271e-02  8.401254e-02  2.599157e-02  7.544257e-02  2.986406e-02  4.539469e-02  4.319401e-02  1.674577e-02  2.645030e-04  1.642657e-03  0.000000e+00  7.636181e-03
5.317643e+03  1.579862e-02  9.099231e-02  1.120603e-01  2.066369e-01  8.061550e-03  7.218505e-02  1.381219e-02  1.267657e-01  5.535429e-02  5.454526e-02  2.518087e-02  1.850563e-02  0.000000e+00  2.364957e-02  0.000000e+00  2.032522e-02
5.966493e+03  1.148962e-02  4.693164e-02  6.714760e-02  1.474912e-01  1.367233e-02  8.030031e-02  1.612090e-02  7.653538e-02  2.850082e-02  4.618941e-02  1.727345e-03  5.203178e-03  0.000000e+00  7.065259e-03  0.000000e+00  1.086252e-02
6.694516e+03  4.321180e-05  3.462736e-02  4.890424e-02  1.192788e-01  6.244573e-03  1.272843e-01  7.507614e-03  4.060405e-02  3.598553e-02  4.327473e-02  3.338762e-02  2.490693e-02  0.000000e+00  5.345340e-03  0.000000e+00  3.030080e-04
7.511370e+03  2.577200e-03  2.978041e-02  3.708912e-02  5.397533e-02  1.054330e-02  7.332207e-02  1.634482e-02  3.768636e-02  9.544313e-03  2.385261e-02  2.180721e-03  1.186203e-02  0.000000e+00  7.796092e-04  0.000000e+00  3.060815e-02
8.427896e+03  4.853080e-03  2.852285e-02  1.865512e-02  3.082338e-02  6.075946e-03  9.816773e-02  1.350101e-02  8.426801e-02  1.374086e-02  1.356181e-02  1.699610e-02  1.889034e-02  0.000000e+00  4.726683e-04  0.000000e+00  8.517928e-03
9.456255e+03  0.000000e+00  7.384781e-03  1.989481e-02  5.625030e-02  5.985214e-03  6.079131e-02  4.988351e-05  3.088388e-02  1.817952e-02  1.133494e-02  2.698006e-02  2.451745e-02  0.000000e+00  1.049426e-02  0.000000e+00  1.139764e-03
1.061009e+04  0.000000e+00  1.498294e-02  6.034771e-03  3.397190e-02  2.505751e-03  4.858390e-02  9.664414e-03  1.692747e-02  1.088312e-03  1.519758e-02  1.816462e-02  1.350710e-02  0.000000e+00  2.726480e-05  0.000000e+00  9.217120e-03
1.190472e+04  0.000000e+00  1.692242e-04  1.703939e-04  1.993151e-02  0.000000e+00  1.721443e-02  1.490211e-05  2.441864e-03  4.859956e-05  1.639923e-02  1.811259e-02  5.436636e-03  0.000000e+00  3.305801e-03  0.000000e+00  5.683187e-03
1.335731e+04  0.000000e+00  6.503591e-03  9.186191e-03  2.310931e-02  0.000000e+00  1.131474e-02  5.758530e-05  5.984047e-03  7.848580e-04  1.333972e-02  8.190800e-03  2.874358e-03  0.000000e+00  0.000000e+00  0.000000e+00  5.397964e-03
1.498715e+04  0.000000e+00  4.795325e-03  3.275701e-04  2.961421e-03  0.000000e+00  9.035399e-03  0.000000e+00  9.372065e-03  9.640896e-04  2.812730e-03  6.294873e-05  5.232170e-03  0.000000e+00  5.077637e-05  0.000000e+00  7.696170e-03
1.681586e+04  0.000000e+00  7.750480e-04  1.720293e-05  1.701311e-03  0.000000e+00  1.488083e-02  1.054988e-05  2.255886e-03  0.000000e+00  2.919471e-04  1.911537e-04  1.663713e-04  0.000000e+00  6.639231e-03  0.000000e+00  6.680737e-03
1.886771e+04  0.000000e+00  1.532365e-03  0.000000e+00  3.542351e-03  0.000000e+00  8.942417e-03  0.000000e+00  7.329010e-03  0.000000e+00  0.000000e+00  4.402022e-03  3.767711e-03  0.000000e+00  5.884690e-03  0.000000e+00  7.198572e-03
2.116992e+04  0.000000e+00  8.380071e-06  0.000000e+00  3.450747e-03  0.000000e+00  4.471394e-05  0.000000e+00  1.932046e-03  0.000000e+00  0.000000e+00  0.000000e+00  3.112410e-03  0.000000e+00  7.867886e-03  0.000000e+00  1.932046e-03
2.375304e+04  0.000000e+00  0.000000e+00  0.000000e+00  7.468746e-06  0.000000e+00  2.188210e-03  8.539927e-05  4.338894e-04  0.000000e+00  6.082994e-04  2.033293e-03  2.435748e-05  0.000000e+00  0.000000e+00  0.000000e+00  4.776598e-03
2.665135e+04  0.000000e+00  7.611218e-05  0.000000e+00  2.700807e-03  0.000000e+00  0.000000e+00  0.000000e+00  0.000000e+00  0.000000e+00  4.703602e-05  0.000000e+00  0.000000e+00  0.000000e+00  0.000000e+00  0.000000e+00  7.611218e-05
2.990330e+04  0.000000e+00  0.000000e+00  0.000000e+00  6.580315e-04  0.000000e+00  0.000000e+00  0.000000e+00  0.000000e+00  0.000000e+00  0.000000e+00  0.000000e+00  1.002682e-03  0.000000e+00  1.959752e-03  0.000000e+00  1.134770e-03
3.355206e+04  0.000000e+00  0.000000e+00  0.000000e+00  0.000000e+00  0.000000e+00  0.000000e+00  0.000000e+00  0.000000e+00  0.000000e+00  0.000000e+00  0.000000e+00  1.405908e-05  0.000000e+00  1.273974e-03  0.000000e+00  7.472407e-05
3.764603e+04  0.000000e+00  0.000000e+00  0.000000e+00  1.304080e-04  0.000000e+00  0.000000e+00  0.000000e+00  0.000000e+00  0.000000e+00  0.000000e+00  0.000000e+00  5.226930e-04  0.000000e+00  1.304080e-04  0.000000e+00  4.712460e-06
4.223954e+04  0.000000e+00  0.000000e+00  0.000000e+00  7.609966e-05  0.000000e+00  0.000000e+00  0.000000e+00  2.313832e-03  0.000000e+00  0.000000e+00  0.000000e+00  5.889255e-04  0.000000e+00  0.000000e+00  0.000000e+00  0.000000e+00
4.739354e+04  0.000000e+00  0.000000e+00  0.000000e+00  0.000000e+00  0.000000e+00  0.000000e+00  0.000000e+00  3.743240e-06  0.000000e+00  0.000000e+00  0.000000e+00  7.156713e-05  0.000000e+00  4.151898e-04  0.000000e+00  0.000000e+00
5.317643e+04  0.000000e+00  0.000000e+00  0.000000e+00  0.000000e+00  0.000000e+00  0.000000e+00  0.000000e+00  0.000000e+00  0.000000e+00  0.000000e+00  0.000000e+00  0.000000e+00  0.000000e+00  0.000000e+00  0.000000e+00  0.000000e+00
5.966493e+04  0.000000e+00  0.000000e+00  0.000000e+00  0.000000e+00  0.000000e+00  0.000000e+00  0.000000e+00  0.000000e+00  0.000000e+00  0.000000e+00  0.000000e+00  0.000000e+00  0.000000e+00  0.000000e+00  0.000000e+00  0.000000e+00
6.694516e+04  0.000000e+00  0.000000e+00  0.000000e+00  0.000000e+00  0.000000e+00  0.000000e+00  0.000000e+00  0.000000e+00  0.000000e+00  0.000000e+00  0.000000e+00  0.000000e+00  0.000000e+00  0.000000e+00  0.000000e+00  1.565998e-04
7.511370e+04  0.000000e+00  0.000000e+00  0.000000e+00  0.000000e+00  0.000000e+00  0.000000e+00  0.000000e+00  0.000000e+00  0.000000e+00  0.000000e+00  0.000000e+00  0.000000e+00  0.000000e+00  0.000000e+00  0.000000e+00  9.544313e-04
8.427896e+04  0.000000e+00  0.000000e+00  0.000000e+00  0.000000e+00  0.000000e+00  0.000000e+00  0.000000e+00  0.000000e+00  0.000000e+00  0.000000e+00  0.000000e+00  0.000000e+00  0.000000e+00  0.000000e+00  0.000000e+00  0.000000e+00
9.456255e+04  0.000000e+00  0.000000e+00  0.000000e+00  0.000000e+00  0.000000e+00  0.000000e+00  0.000000e+00  0.000000e+00  0.000000e+00  0.000000e+00  0.000000e+00  0.000000e+00  0.000000e+00  0.000000e+00  0.000000e+00  0.000000e+00
1.061009e+05  0.000000e+00  0.000000e+00  0.000000e+00  0.000000e+00  0.000000e+00  0.000000e+00  0.000000e+00  0.000000e+00  0.000000e+00  0.000000e+00  0.000000e+00  0.000000e+00  0.000000e+00  0.000000e+00  0.000000e+00  0.000000e+00
1.190472e+05  0.000000e+00  0.000000e+00  0.000000e+00  0.000000e+00  0.000000e+00  0.000000e+00  0.000000e+00  0.000000e+00  0.000000e+00  0.000000e+00  0.000000e+00  0.000000e+00  0.000000e+00  0.000000e+00  0.000000e+00  0.000000e+00
1.335731e+05  0.000000e+00  0.000000e+00  0.000000e+00  0.000000e+00  0.000000e+00  0.000000e+00  0.000000e+00  0.000000e+00  0.000000e+00  0.000000e+00  0.000000e+00  0.000000e+00  0.000000e+00  0.000000e+00  0.000000e+00  0.000000e+00
1.498715e+05  0.000000e+00  0.000000e+00  0.000000e+00  0.000000e+00  0.000000e+00  0.000000e+00  0.000000e+00  0.000000e+00  0.000000e+00  0.000000e+00  0.000000e+00  0.000000e+00  0.000000e+00  0.000000e+00  0.000000e+00  0.000000e+00
1.681586e+05  0.000000e+00  0.000000e+00  0.000000e+00  0.000000e+00  0.000000e+00  0.000000e+00  0.000000e+00  0.000000e+00  0.000000e+00  0.000000e+00  0.000000e+00  0.000000e+00  0.000000e+00  0.000000e+00  0.000000e+00  0.000000e+00
1.886771e+05  0.000000e+00  0.000000e+00  0.000000e+00  0.000000e+00  0.000000e+00  0.000000e+00  0.000000e+00  0.000000e+00  0.000000e+00  0.000000e+00  0.000000e+00  0.000000e+00  0.000000e+00  0.000000e+00  0.000000e+00  0.000000e+00
2.116992e+05  0.000000e+00  0.000000e+00  0.000000e+00  0.000000e+00  0.000000e+00  0.000000e+00  0.000000e+00  0.000000e+00  0.000000e+00  0.000000e+00  0.000000e+00  0.000000e+00  0.000000e+00  0.000000e+00  0.000000e+00  0.000000e+00
2.375304e+05  0.000000e+00  0.000000e+00  0.000000e+00  0.000000e+00  0.000000e+00  0.000000e+00  0.000000e+00  0.000000e+00  0.000000e+00  0.000000e+00  0.000000e+00  0.000000e+00  0.000000e+00  0.000000e+00  0.000000e+00  0.000000e+00
2.665135e+05  0.000000e+00  0.000000e+00  0.000000e+00  0.000000e+00  0.000000e+00  0.000000e+00  0.000000e+00  0.000000e+00  0.000000e+00  0.000000e+00  0.000000e+00  0.000000e+00  0.000000e+00  0.000000e+00  0.000000e+00  0.000000e+00
2.990330e+05  0.000000e+00  0.000000e+00  0.000000e+00  0.000000e+00  0.000000e+00  0.000000e+00  0.000000e+00  0.000000e+00  0.000000e+00  0.000000e+00  0.000000e+00  0.000000e+00  0.000000e+00  0.000000e+00  0.000000e+00  0.000000e+00
3.355206e+05  0.000000e+00  0.000000e+00  0.000000e+00  0.000000e+00  0.000000e+00  0.000000e+00  0.000000e+00  0.000000e+00  0.000000e+00  0.000000e+00  0.000000e+00  0.000000e+00  0.000000e+00  0.000000e+00  0.000000e+00  0.000000e+00
3.764603e+05  0.000000e+00  0.000000e+00  0.000000e+00  0.000000e+00  0.000000e+00  0.000000e+00  0.000000e+00  0.000000e+00  0.000000e+00  0.000000e+00  0.000000e+00  0.000000e+00  0.000000e+00  0.000000e+00  0.000000e+00  0.000000e+00
4.223954e+05  0.000000e+00  0.000000e+00  0.000000e+00  0.000000e+00  0.000000e+00  0.000000e+00  0.000000e+00  0.000000e+00  0.000000e+00  0.000000e+00  0.000000e+00  0.000000e+00  0.000000e+00  0.000000e+00  0.000000e+00  0.000000e+00
4.739354e+05  0.000000e+00  0.000000e+00  0.000000e+00  0.000000e+00  0.000000e+00  0.000000e+00  0.000000e+00  0.000000e+00  0.000000e+00  0.000000e+00  0.000000e+00  0.000000e+00  0.000000e+00  0.000000e+00  0.000000e+00  0.000000e+00
5.317643e+05  0.000000e+00  0.000000e+00  0.000000e+00  0.000000e+00  0.000000e+00  0.000000e+00  0.000000e+00  0.000000e+00  0.000000e+00  0.000000e+00  0.000000e+00  0.000000e+00  0.000000e+00  0.000000e+00  0.000000e+00  0.000000e+00
5.966493e+05  0.000000e+00  0.000000e+00  0.000000e+00  0.000000e+00  0.000000e+00  0.000000e+00  0.000000e+00  0.000000e+00  0.000000e+00  0.000000e+00  0.000000e+00  0.000000e+00  0.000000e+00  0.000000e+00  0.000000e+00  0.000000e+00
6.694516e+05  0.000000e+00  0.000000e+00  0.000000e+00  0.000000e+00  0.000000e+00  0.000000e+00  0.000000e+00  0.000000e+00  0.000000e+00  0.000000e+00  0.000000e+00  0.000000e+00  0.000000e+00  0.000000e+00  0.000000e+00  0.000000e+00
7.511370e+05  0.000000e+00  0.000000e+00  0.000000e+00  0.000000e+00  0.000000e+00  0.000000e+00  0.000000e+00  0.000000e+00  0.000000e+00  0.000000e+00  0.000000e+00  0.000000e+00  0.000000e+00  0.000000e+00  0.000000e+00  0.000000e+00
8.427896e+05  0.000000e+00  0.000000e+00  0.000000e+00  0.000000e+00  0.000000e+00  0.000000e+00  0.000000e+00  0.000000e+00  0.000000e+00  0.000000e+00  0.000000e+00  0.000000e+00  0.000000e+00  0.000000e+00  0.000000e+00  0.000000e+00
9.456255e+05  0.000000e+00  0.000000e+00  0.000000e+00  0.000000e+00  0.000000e+00  0.000000e+00  0.000000e+00  0.000000e+00  0.000000e+00  0.000000e+00  0.000000e+00  0.000000e+00  0.000000e+00  0.000000e+00  0.000000e+00  0.000000e+00
