# dR/dEr [1/keV/kg/Myr]
# Er [keV], S, F, Ne, Cl, Na, Si, O, P, N, C, Al, Mg, Be, B, Ar, Li
1.061009e+01  5.101177e+01  4.826661e+01  0.000000e+00  0.000000e+00  3.032476e+01  0.000000e+00  1.066821e+01  0.000000e+00  0.000000e+00  0.000000e+00  0.000000e+00  0.000000e+00  1.235811e+01  0.000000e+00  0.000000e+00  0.000000e+00
1.190472e+01  6.333978e+00  1.317242e+01  0.000000e+00  0.000000e+00  2.041107e+00  0.000000e+00  0.000000e+00  0.000000e+00  0.000000e+00  0.000000e+00  0.000000e+00  0.000000e+00  0.000000e+00  0.000000e+00  0.000000e+00  0.000000e+00
1.335731e+01  1.834905e+01  6.670212e+00  0.000000e+00  0.000000e+00  0.000000e+00  0.000000e+00  0.000000e+00  0.000000e+00  0.000000e+00  0.000000e+00  0.000000e+00  0.000000e+00  0.000000e+00  0.000000e+00  0.000000e+00  0.000000e+00
1.498715e+01  2.333516e+00  1.031532e+01  0.000000e+00  0.000000e+00  6.595373e+00  0.000000e+00  3.675963e-01  0.000000e+00  0.000000e+00  0.000000e+00  0.000000e+00  0.000000e+00  0.000000e+00  0.000000e+00  0.000000e+00  0.000000e+00
1.681586e+01  5.773444e+00  4.957509e+00  8.233249e-01  0.000000e+00  1.667969e+00  3.276206e-01  0.000000e+00  0.000000e+00  0.000000e+00  0.000000e+00  0.000000e+00  0.000000e+00  0.000000e+00  0.000000e+00  0.000000e+00  0.000000e+00
1.886771e+01  3.925868e+00  4.493838e+00  0.000000e+00  0.000000e+00  7.337890e-01  0.000000e+00  0.000000e+00  0.000000e+00  0.000000e+00  0.000000e+00  0.000000e+00  0.000000e+00  0.000000e+00  0.000000e+00  0.000000e+00  0.000000e+00
2.116992e+01  7.154732e+00  8.973822e+00  0.000000e+00  0.000000e+00  8.037763e-01  0.000000e+00  3.455614e-01  0.000000e+00  0.000000e+00  0.000000e+00  7.288403e+00  0.000000e+00  0.000000e+00  0.000000e+00  0.000000e+00  0.000000e+00
2.375304e+01  1.451368e+01  1.464456e+00  2.036447e+00  0.000000e+00  4.913355e+00  0.000000e+00  5.828694e-01  0.000000e+00  0.000000e+00  0.000000e+00  0.000000e+00  0.000000e+00  0.000000e+00  0.000000e+00  0.000000e+00  0.000000e+00
2.665135e+01  1.178408e+01  1.296453e+01  2.744892e-01  3.189368e+00  4.299990e-01  0.000000e+00  0.000000e+00  3.327140e+00  0.000000e+00  0.000000e+00  0.000000e+00  0.000000e+00  0.000000e+00  0.000000e+00  0.000000e+00  0.000000e+00
2.990330e+01  2.307173e+01  3.702822e+00  3.228329e-01  0.000000e+00  1.034276e+01  0.000000e+00  4.288733e-01  0.000000e+00  0.000000e+00  0.000000e+00  7.593150e+00  0.000000e+00  4.218729e+00  0.000000e+00  0.000000e+00  0.000000e+00
3.355206e+01  1.389092e+01  6.553113e+00  3.826517e-01  0.000000e+00  7.251831e-01  0.000000e+00  2.417935e+00  0.000000e+00  0.000000e+00  0.000000e+00  6.022437e+00  0.000000e+00  1.341988e+01  0.000000e+00  0.000000e+00  0.000000e+00
3.764603e+01  2.301677e+01  1.651696e+01  2.334317e+00  1.943235e-01  7.694824e+00  0.000000e+00  2.931681e+00  0.000000e+00  0.000000e+00  0.000000e+00  0.000000e+00  0.000000e+00  2.016447e+00  0.000000e+00  0.000000e+00  0.000000e+00
4.223954e+01  2.196489e+01  1.270540e+01  3.482842e+00  0.000000e+00  2.942998e+00  0.000000e+00  2.058016e+00  0.000000e+00  0.000000e+00  0.000000e+00  6.354015e+00  0.000000e+00  1.433311e+01  0.000000e+00  0.000000e+00  0.000000e+00
4.739354e+01  2.146163e+01  6.203249e+00  1.543566e-01  4.252532e-01  2.385035e+00  0.000000e+00  5.534096e-01  0.000000e+00  0.000000e+00  0.000000e+00  0.000000e+00  0.000000e+00  1.023173e+01  0.000000e+00  0.000000e+00  0.000000e+00
5.317643e+01  1.889933e+01  5.126896e+00  3.787437e-01  0.000000e+00  9.391580e+00  0.000000e+00  7.318241e-01  0.000000e+00  0.000000e+00  0.000000e+00  2.901565e+00  0.000000e+00  0.000000e+00  0.000000e+00  0.000000e+00  0.000000e+00
5.966493e+01  2.254520e+01  1.486435e+01  4.241180e-01  2.149458e-01  8.178240e+00  0.000000e+00  7.661548e+00  0.000000e+00  0.000000e+00  0.000000e+00  2.304491e+00  0.000000e+00  2.540446e+00  0.000000e+00  0.000000e+00  0.000000e+00
6.694516e+01  2.620022e+01  1.332702e+01  7.191256e-01  0.000000e+00  5.360750e+00  0.000000e+00  1.476520e+00  0.000000e+00  2.360507e+00  0.000000e+00  1.020058e+00  0.000000e+00  3.022716e+01  0.000000e+00  0.000000e+00  0.000000e+00
7.511370e+01  2.919195e+01  1.392726e+01  2.858956e+00  2.442693e-01  3.476558e+00  0.000000e+00  5.683834e-01  0.000000e+00  0.000000e+00  0.000000e+00  1.958546e+00  0.000000e+00  1.020525e+04  0.000000e+00  0.000000e+00  0.000000e+00
8.427896e+01  3.202985e+01  1.129077e+01  4.106641e-01  2.421825e+00  5.342594e+00  0.000000e+00  2.567483e+00  0.000000e+00  0.000000e+00  0.000000e+00  0.000000e+00  0.000000e+00  1.210391e+04  0.000000e+00  0.000000e+00  0.000000e+00
9.456255e+01  3.316110e+01  1.086414e+01  1.247295e+00  2.825246e-01  8.108114e+00  0.000000e+00  1.084942e+00  0.000000e+00  2.916502e+00  0.000000e+00  1.245391e+00  0.000000e+00  9.348854e+03  0.000000e+00  0.000000e+00  0.000000e+00
1.061009e+02  3.497130e+01  1.560991e+01  2.883685e+00  1.200943e+00  4.241218e+00  0.000000e+00  1.055312e+00  0.000000e+00  0.000000e+00  1.295911e+00  1.941188e+00  0.000000e+00  6.883244e+03  0.000000e+00  0.000000e+00  0.000000e+00
1.190472e+02  3.333028e+01  2.167522e+01  1.752379e+00  1.070013e+00  9.028361e+00  0.000000e+00  1.031587e+00  0.000000e+00  4.627764e-02  5.736207e-01  5.958715e+03  0.000000e+00  5.185291e+03  0.000000e+00  2.150622e+00  0.000000e+00
1.335731e+02  4.252060e+01  1.923223e+01  2.710890e+00  6.578998e-01  5.735974e+00  0.000000e+00  1.020881e+00  0.000000e+00  0.000000e+00  0.000000e+00  5.115176e+03  0.000000e+00  3.851568e+03  0.000000e+00  0.000000e+00  0.000000e+00
1.498715e+02  9.016914e+01  1.931368e+01  1.090864e+00  7.547628e-01  4.989420e+00  0.000000e+00  3.691429e+00  0.000000e+00  8.099243e-01  1.029102e+00  3.795742e+03  0.000000e+00  2.898481e+03  0.000000e+00  0.000000e+00  0.000000e+00
1.681586e+02  1.226030e+02  2.775109e+01  1.586438e+00  1.667969e-01  5.308065e+00  7.003349e-01  3.338760e+00  0.000000e+00  9.912889e-01  0.000000e+00  3.006246e+03  0.000000e+00  2.077505e+03  0.000000e+00  0.000000e+00  0.000000e+00
1.886771e+02  8.037658e+01  2.257989e+01  1.331555e+00  1.581570e-01  5.180359e+00  6.797184e-02  3.645320e+00  5.141256e-02  5.141256e-02  0.000000e+00  2.198034e+03  0.000000e+00  1.492087e+03  0.000000e+00  0.000000e+00  0.000000e+00
2.116992e+02  4.260081e+01  2.833269e+01  1.457819e+00  9.063247e-01  5.083463e+00  4.582149e-02  1.616549e+00  0.000000e+00  0.000000e+00  5.562958e-01  1.735727e+03  0.000000e+00  1.067913e+03  0.000000e+00  4.151067e-01  0.000000e+00
2.375304e+02  3.239839e+01  9.677851e+01  2.931551e+00  9.878417e-01  5.894888e+00  1.744849e-02  3.435434e+00  4.044344e-01  0.000000e+00  2.319376e-02  1.289289e+03  0.000000e+00  7.988393e+02  0.000000e+00  9.391019e-02  0.000000e+00
2.665135e+02  2.660694e+01  8.189419e+01  2.533644e+00  1.202807e+00  7.250821e+00  4.817299e-02  2.917959e+00  0.000000e+00  3.639730e-02  3.794684e-01  9.220540e+02  0.000000e+00  5.180871e+02  0.000000e+00  0.000000e+00  0.000000e+00
2.990330e+02  2.332826e+01  1.974106e+01  9.613650e-01  5.694872e-01  5.987895e+00  4.654420e-01  3.085874e+00  3.401988e-01  2.538556e-01  9.222789e-01  7.066409e+02  0.000000e+00  3.947766e+02  0.000000e+00  0.000000e+00  0.000000e+00
3.355206e+02  2.067535e+01  2.165139e+01  1.011395e+00  9.238334e-01  5.594513e+00  2.891141e-02  2.415695e+00  2.470517e-02  2.180345e-02  4.568688e-01  5.280972e+02  4.517623e-01  2.797760e+02  0.000000e+00  0.000000e+00  1.913032e-01
3.764603e+02  1.646404e+01  1.579342e+01  3.094504e+00  1.292651e+00  4.494907e+00  1.324434e+00  1.742776e+00  0.000000e+00  3.410387e-02  0.000000e+00  3.578127e+02  0.000000e+00  1.891288e+02  0.000000e+00  0.000000e+00  0.000000e+00
4.223954e+02  1.038582e+01  1.553300e+01  1.013237e+00  1.259907e+00  5.001637e+00  2.581614e-01  1.824564e+00  5.234058e-01  2.638074e-01  3.697145e-01  2.490284e+02  0.000000e+00  1.138269e+02  0.000000e+00  2.080462e-01  0.000000e+00
4.739354e+02  9.560848e+00  1.361903e+01  1.413416e+00  1.473745e+00  3.762857e+00  3.055539e-01  3.402110e+00  1.963377e-01  1.870989e-01  0.000000e+00  1.744036e+02  0.000000e+00  7.839688e+01  1.870989e-01  0.000000e+00  0.000000e+00
5.317643e+02  9.791343e+00  1.352568e+01  3.250244e+00  5.415542e-01  2.880321e+00  1.928454e-01  1.559497e+00  5.537341e-01  2.065449e-01  4.682455e-01  1.524119e+02  0.000000e+00  5.282277e+01  2.214653e-01  4.194814e-02  0.000000e+00
5.966493e+02  9.297265e+00  1.179152e+01  2.558329e+00  2.280691e+00  3.250419e+00  3.917014e-01  3.078418e+00  2.631062e-01  1.749800e-01  2.114373e-01  9.928202e+01  0.000000e+00  3.510013e+01  0.000000e+00  1.272292e-01  0.000000e+00
6.694516e+02  7.440639e+00  1.178162e+01  3.374479e+00  2.035979e+00  3.324845e+00  6.338455e-01  2.738185e+00  1.640823e-01  3.985900e-02  2.442801e-01  6.681353e+01  0.000000e+00  2.273107e+01  0.000000e+00  0.000000e+00  0.000000e+00
7.511370e+02  6.032261e+00  8.218208e+00  2.453288e+00  1.552271e+00  2.677923e+00  3.672352e-01  1.733979e+00  3.751463e-01  2.995064e-01  2.073125e-01  4.279944e+01  0.000000e+00  1.754410e+01  0.000000e+00  0.000000e+00  0.000000e+00
8.427896e+02  5.318194e+00  8.090964e+00  2.375487e+00  8.621659e-01  2.797584e+00  3.164449e-02  1.936146e+00  2.391375e-02  2.638965e-01  6.825676e-01  2.596355e+01  0.000000e+00  8.845930e+00  0.000000e+00  6.844804e-02  0.000000e+00
9.456255e+02  4.012772e+00  6.232147e+00  2.458923e+00  9.529773e-01  2.527053e+00  2.602631e-01  1.818517e+00  2.562133e-01  0.000000e+00  5.614888e-01  2.089909e+01  8.988860e-02  6.186422e+00  0.000000e+00  0.000000e+00  0.000000e+00
1.061009e+03  3.948928e+00  4.520476e+00  2.651436e+00  1.919932e+00  2.455490e+00  1.766028e-01  1.726069e+00  1.922276e-01  3.835404e-01  2.516946e-01  1.497076e+01  0.000000e+00  3.557497e+00  2.290512e-01  1.428598e-01  0.000000e+00
1.190472e+03  3.090154e+00  3.704532e+00  2.183741e+00  1.780387e+00  1.227013e+00  1.250367e-01  1.087172e+00  7.045365e-01  1.532197e-01  9.470088e-01  9.869875e+00  0.000000e+00  1.704772e+00  0.000000e+00  0.000000e+00  0.000000e+00
1.335731e+03  2.887211e+00  4.034728e+00  2.162916e+00  1.480486e+00  9.314430e-01  4.310391e-01  9.339359e-01  3.379700e-01  5.977040e-01  3.660477e-01  5.829213e+00  0.000000e+00  1.218022e+00  4.318779e-02  0.000000e+00  0.000000e+00
1.498715e+03  1.440878e+00  3.396965e+00  2.016068e+00  1.660745e+00  1.853480e+00  8.647416e-01  1.400991e+00  5.119106e-01  5.606141e-01  4.866889e-01  2.494136e+00  7.364050e-02  7.974775e-01  0.000000e+00  0.000000e+00  1.435187e-01
1.681586e+03  1.279640e+00  2.809728e+00  1.698157e+00  1.231014e+00  1.121658e+00  3.375960e-01  8.254699e-01  5.112179e-01  2.969221e-01  2.301304e-01  2.657930e+00  0.000000e+00  4.830112e-01  9.284321e-02  0.000000e+00  3.817000e-02
1.886771e+03  1.486171e+00  2.536725e+00  1.766473e+00  1.060974e+00  1.272823e+00  4.764217e-01  6.968058e-01  4.128025e-01  2.193239e-01  4.641222e-01  1.174249e+00  7.073962e-02  6.804616e-03  2.200727e-01  3.474739e-02  0.000000e+00
2.116992e+03  7.741253e-01  1.830463e+00  9.847848e-01  9.623683e-01  9.631832e-01  2.399995e-01  6.779294e-01  4.765113e-01  2.527173e-01  3.266447e-01  7.945125e-01  7.484178e-02  3.291325e-01  4.151067e-02  0.000000e+00  4.151067e-02
2.375304e+03  8.000878e-01  1.170162e+00  1.233731e+00  1.476920e+00  7.844397e-01  5.581749e-01  5.468649e-01  2.990811e-01  7.166910e-02  3.622264e-01  8.806340e-01  4.282849e-02  0.000000e+00  6.495796e-02  0.000000e+00  1.074661e-01
2.665135e+03  4.302185e-01  1.116754e+00  8.792927e-01  1.487675e+00  6.122445e-01  2.347598e-01  5.080976e-01  3.974369e-01  2.045543e-01  2.049445e-01  5.974336e-01  1.003502e-01  1.627714e-01  4.733492e-02  0.000000e+00  6.703379e-02
2.990330e+03  4.109470e-01  8.497662e-01  8.554805e-01  9.368571e-01  4.568675e-01  4.521203e-01  3.285091e-01  4.353312e-01  4.239531e-01  3.627871e-01  3.731563e-01  1.513566e-01  0.000000e+00  6.757285e-02  0.000000e+00  8.204197e-02
3.355206e+03  2.219456e-01  8.676307e-01  8.514586e-01  1.267321e+00  2.414842e-01  5.028505e-01  1.420066e-01  4.806836e-01  2.299771e-01  2.897131e-01  2.371151e-01  8.888432e-02  1.200461e-02  6.767402e-02  0.000000e+00  6.129135e-02
3.764603e+03  1.632207e-01  5.323698e-01  8.703647e-01  8.634264e-01  1.804463e-01  5.590122e-01  9.872843e-02  2.451245e-01  3.580029e-01  3.088602e-01  3.350402e-01  1.098435e-01  3.128281e-02  5.284306e-02  0.000000e+00  1.743818e-01
4.223954e+03  1.208993e-01  1.678803e-01  3.756393e-01  6.857191e-01  1.632144e-01  2.199463e-01  1.804218e-01  4.036466e-01  2.226027e-01  3.811649e-01  1.513283e-01  1.934294e-01  0.000000e+00  9.299740e-02  0.000000e+00  1.629328e-01
4.739354e+03  3.104086e-02  3.470691e-01  4.348555e-01  8.022599e-01  1.304769e-01  4.071658e-01  5.442026e-02  2.496395e-01  1.890712e-01  1.592594e-01  1.249775e-01  6.955580e-02  1.383318e-02  4.924727e-02  0.000000e+00  1.504927e-01
5.317643e+03  3.300858e-02  2.914595e-01  3.924133e-01  4.441327e-01  1.044948e-01  4.034834e-01  6.052325e-02  2.671446e-01  1.271275e-01  2.920725e-01  2.078435e-01  8.732760e-02  0.000000e+00  9.248684e-02  0.000000e+00  7.494922e-02
5.966493e+03  8.172971e-02  1.604597e-01  2.891701e-01  4.626102e-01  6.921709e-02  2.140811e-01  1.174952e-01  1.839761e-01  1.552804e-01  1.783490e-01  2.332736e-02  8.529057e-02  0.000000e+00  3.403300e-02  0.000000e+00  5.093473e-02
6.694516e+03  1.519612e-02  1.679539e-01  2.038323e-01  2.625462e-01  7.015584e-02  4.459821e-01  6.914327e-02  2.604511e-01  1.601061e-01  1.277380e-01  1.208562e-01  2.626577e-02  0.000000e+00  4.675924e-02  0.000000e+00  9.587870e-03
7.511370e+03  3.487269e-02  1.449311e-01  1.648902e-01  1.801891e-01  2.620958e-02  3.170990e-01  4.716931e-02  2.649048e-01  1.067883e-02  1.339340e-01  6.474342e-02  4.828084e-02  0.000000e+00  4.047793e-02  0.000000e+00  9.120290e-02
8.427896e+03  1.631455e-02  1.161657e-01  7.040608e-02  2.002434e-01  3.282905e-02  2.910414e-01  3.386679e-02  1.894934e-01  3.591773e-02  7.301565e-02  1.620521e-02  1.062445e-01  0.000000e+00  1.909280e-02  0.000000e+00  1.198677e-01
9.456255e+03  0.000000e+00  4.211300e-02  7.232644e-02  2.167785e-01  1.896854e-02  1.878245e-01  9.293082e-03  1.212000e-01  7.857978e-02  3.082747e-02  1.079156e-01  1.560758e-01  0.000000e+00  4.418612e-02  0.000000e+00  2.401165e-02
1.061009e+04  0.000000e+00  8.393405e-02  3.130582e-02  1.307079e-01  2.282474e-02  1.440326e-01  7.068240e-02  5.772559e-02  2.855503e-02  8.006635e-02  6.244388e-02  1.399616e-02  0.000000e+00  9.588105e-03  0.000000e+00  8.100216e-02
1.190472e+04  0.000000e+00  2.143425e-02  5.391656e-03  8.264404e-02  0.000000e+00  9.383114e-02  9.892494e-03  4.305462e-02  1.709081e-02  6.203232e-02  5.280001e-02  1.395574e-02  0.000000e+00  2.654821e-02  0.000000e+00  6.885600e-02
1.335731e+04  0.000000e+00  4.249238e-02  2.205649e-02  8.524014e-02  0.000000e+00  6.929568e-02  5.683119e-03  2.861366e-02  1.923664e-02  2.366328e-02  3.912546e-02  3.621845e-02  0.000000e+00  0.000000e+00  0.000000e+00  5.619264e-02
1.498715e+04  0.000000e+00  1.320998e-02  7.364050e-03  4.301317e-02  0.000000e+00  5.008671e-02  0.000000e+00  1.947967e-02  1.011370e-02  1.354878e-02  1.172708e-02  9.961560e-03  0.000000e+00  1.265140e-02  0.000000e+00  4.323312e-02
1.681586e+04  0.000000e+00  1.818124e-02  6.049685e-03  2.281442e-02  0.000000e+00  7.024716e-02  7.003349e-03  1.770203e-02  0.000000e+00  6.563216e-03  5.054808e-03  8.331262e-03  0.000000e+00  4.494060e-02  0.000000e+00  4.273090e-02
1.886771e+04  0.000000e+00  1.560297e-02  0.000000e+00  1.496479e-02  0.000000e+00  3.925225e-02  0.000000e+00  1.765406e-02  0.000000e+00  0.000000e+00  1.804962e-02  1.594097e-02  0.000000e+00  1.902582e-02  0.000000e+00  5.975343e-02
2.116992e+04  0.000000e+00  5.562958e-03  0.000000e+00  1.969361e-02  0.000000e+00  9.148764e-03  0.000000e+00  6.494938e-03  0.000000e+00  0.000000e+00  0.000000e+00  4.188622e-03  0.000000e+00  1.968696e-02  0.000000e+00  6.494938e-03
2.375304e+04  0.000000e+00  0.000000e+00  0.000000e+00  4.957991e-03  0.000000e+00  1.484404e-02  2.702229e-03  5.859567e-03  0.000000e+00  6.381312e-03  5.311066e-03  8.565698e-03  0.000000e+00  0.000000e+00  0.000000e+00  2.275333e-02
2.665135e+04  0.000000e+00  2.408364e-03  0.000000e+00  6.826797e-03  0.000000e+00  0.000000e+00  0.000000e+00  0.000000e+00  0.000000e+00  2.459927e-03  0.000000e+00  0.000000e+00  0.000000e+00  0.000000e+00  0.000000e+00  2.408364e-03
2.990330e+04  0.000000e+00  0.000000e+00  0.000000e+00  5.284517e-03  0.000000e+00  0.000000e+00  0.000000e+00  0.000000e+00  0.000000e+00  0.000000e+00  0.000000e+00  9.938936e-03  0.000000e+00  8.873149e-03  0.000000e+00  1.225991e-02
3.355206e+04  0.000000e+00  0.000000e+00  0.000000e+00  0.000000e+00  0.000000e+00  0.000000e+00  0.000000e+00  0.000000e+00  0.000000e+00  0.000000e+00  0.000000e+00  2.619146e-03  0.000000e+00  6.648332e-04  0.000000e+00  3.907978e-03
3.764603e+04  0.000000e+00  0.000000e+00  0.000000e+00  2.931681e-03  0.000000e+00  0.000000e+00  0.000000e+00  0.000000e+00  0.000000e+00  0.000000e+00  0.000000e+00  4.197641e-03  0.000000e+00  2.931681e-03  0.000000e+00  3.128281e-03
4.223954e+04  0.000000e+00  0.000000e+00  0.000000e+00  2.012355e-03  0.000000e+00  0.000000e+00  0.000000e+00  5.269537e-03  0.000000e+00  0.000000e+00  0.000000e+00  8.762438e-03  0.000000e+00  0.000000e+00  0.000000e+00  0.000000e+00
4.739354e+04  0.000000e+00  0.000000e+00  0.000000e+00  0.000000e+00  0.000000e+00  0.000000e+00  0.000000e+00  2.484882e-03  0.000000e+00  0.000000e+00  0.000000e+00  4.278395e-03  0.000000e+00  3.334305e-03  0.000000e+00  0.000000e+00
5.317643e+04  0.000000e+00  0.000000e+00  0.000000e+00  0.000000e+00  0.000000e+00  0.000000e+00  0.000000e+00  0.000000e+00  0.000000e+00  0.000000e+00  0.000000e+00  0.000000e+00  0.000000e+00  0.000000e+00  0.000000e+00  0.000000e+00
5.966493e+04  0.000000e+00  0.000000e+00  0.000000e+00  0.000000e+00  0.000000e+00  0.000000e+00  0.000000e+00  0.000000e+00  0.000000e+00  0.000000e+00  0.000000e+00  0.000000e+00  0.000000e+00  0.000000e+00  0.000000e+00  0.000000e+00
6.694516e+04  0.000000e+00  0.000000e+00  0.000000e+00  0.000000e+00  0.000000e+00  0.000000e+00  0.000000e+00  0.000000e+00  0.000000e+00  0.000000e+00  0.000000e+00  0.000000e+00  0.000000e+00  0.000000e+00  0.000000e+00  3.838215e-03
7.511370e+04  0.000000e+00  0.000000e+00  0.000000e+00  0.000000e+00  0.000000e+00  0.000000e+00  0.000000e+00  0.000000e+00  0.000000e+00  0.000000e+00  0.000000e+00  0.000000e+00  0.000000e+00  0.000000e+00  0.000000e+00  1.067883e-03
8.427896e+04  0.000000e+00  0.000000e+00  0.000000e+00  0.000000e+00  0.000000e+00  0.000000e+00  0.000000e+00  0.000000e+00  0.000000e+00  0.000000e+00  0.000000e+00  0.000000e+00  0.000000e+00  0.000000e+00  0.000000e+00  0.000000e+00
9.456255e+04  0.000000e+00  0.000000e+00  0.000000e+00  0.000000e+00  0.000000e+00  0.000000e+00  0.000000e+00  0.000000e+00  0.000000e+00  0.000000e+00  0.000000e+00  0.000000e+00  0.000000e+00  0.000000e+00  0.000000e+00  0.000000e+00
1.061009e+05  0.000000e+00  0.000000e+00  0.000000e+00  0.000000e+00  0.000000e+00  0.000000e+00  0.000000e+00  0.000000e+00  0.000000e+00  0.000000e+00  0.000000e+00  0.000000e+00  0.000000e+00  0.000000e+00  0.000000e+00  0.000000e+00
1.190472e+05  0.000000e+00  0.000000e+00  0.000000e+00  0.000000e+00  0.000000e+00  0.000000e+00  0.000000e+00  0.000000e+00  0.000000e+00  0.000000e+00  0.000000e+00  0.000000e+00  0.000000e+00  0.000000e+00  0.000000e+00  0.000000e+00
1.335731e+05  0.000000e+00  0.000000e+00  0.000000e+00  0.000000e+00  0.000000e+00  0.000000e+00  0.000000e+00  0.000000e+00  0.000000e+00  0.000000e+00  0.000000e+00  0.000000e+00  0.000000e+00  0.000000e+00  0.000000e+00  0.000000e+00
1.498715e+05  0.000000e+00  0.000000e+00  0.000000e+00  0.000000e+00  0.000000e+00  0.000000e+00  0.000000e+00  0.000000e+00  0.000000e+00  0.000000e+00  0.000000e+00  0.000000e+00  0.000000e+00  0.000000e+00  0.000000e+00  0.000000e+00
1.681586e+05  0.000000e+00  0.000000e+00  0.000000e+00  0.000000e+00  0.000000e+00  0.000000e+00  0.000000e+00  0.000000e+00  0.000000e+00  0.000000e+00  0.000000e+00  0.000000e+00  0.000000e+00  0.000000e+00  0.000000e+00  0.000000e+00
1.886771e+05  0.000000e+00  0.000000e+00  0.000000e+00  0.000000e+00  0.000000e+00  0.000000e+00  0.000000e+00  0.000000e+00  0.000000e+00  0.000000e+00  0.000000e+00  0.000000e+00  0.000000e+00  0.000000e+00  0.000000e+00  0.000000e+00
2.116992e+05  0.000000e+00  0.000000e+00  0.000000e+00  0.000000e+00  0.000000e+00  0.000000e+00  0.000000e+00  0.000000e+00  0.000000e+00  0.000000e+00  0.000000e+00  0.000000e+00  0.000000e+00  0.000000e+00  0.000000e+00  0.000000e+00
2.375304e+05  0.000000e+00  0.000000e+00  0.000000e+00  0.000000e+00  0.000000e+00  0.000000e+00  0.000000e+00  0.000000e+00  0.000000e+00  0.000000e+00  0.000000e+00  0.000000e+00  0.000000e+00  0.000000e+00  0.000000e+00  0.000000e+00
2.665135e+05  0.000000e+00  0.000000e+00  0.000000e+00  0.000000e+00  0.000000e+00  0.000000e+00  0.000000e+00  0.000000e+00  0.000000e+00  0.000000e+00  0.000000e+00  0.000000e+00  0.000000e+00  0.000000e+00  0.000000e+00  0.000000e+00
2.990330e+05  0.000000e+00  0.000000e+00  0.000000e+00  0.000000e+00  0.000000e+00  0.000000e+00  0.000000e+00  0.000000e+00  0.000000e+00  0.000000e+00  0.000000e+00  0.000000e+00  0.000000e+00  0.000000e+00  0.000000e+00  0.000000e+00
3.355206e+05  0.000000e+00  0.000000e+00  0.000000e+00  0.000000e+00  0.000000e+00  0.000000e+00  0.000000e+00  0.000000e+00  0.000000e+00  0.000000e+00  0.000000e+00  0.000000e+00  0.000000e+00  0.000000e+00  0.000000e+00  0.000000e+00
3.764603e+05  0.000000e+00  0.000000e+00  0.000000e+00  0.000000e+00  0.000000e+00  0.000000e+00  0.000000e+00  0.000000e+00  0.000000e+00  0.000000e+00  0.000000e+00  0.000000e+00  0.000000e+00  0.000000e+00  0.000000e+00  0.000000e+00
4.223954e+05  0.000000e+00  0.000000e+00  0.000000e+00  0.000000e+00  0.000000e+00  0.000000e+00  0.000000e+00  0.000000e+00  0.000000e+00  0.000000e+00  0.000000e+00  0.000000e+00  0.000000e+00  0.000000e+00  0.000000e+00  0.000000e+00
4.739354e+05  0.000000e+00  0.000000e+00  0.000000e+00  0.000000e+00  0.000000e+00  0.000000e+00  0.000000e+00  0.000000e+00  0.000000e+00  0.000000e+00  0.000000e+00  0.000000e+00  0.000000e+00  0.000000e+00  0.000000e+00  0.000000e+00
5.317643e+05  0.000000e+00  0.000000e+00  0.000000e+00  0.000000e+00  0.000000e+00  0.000000e+00  0.000000e+00  0.000000e+00  0.000000e+00  0.000000e+00  0.000000e+00  0.000000e+00  0.000000e+00  0.000000e+00  0.000000e+00  0.000000e+00
5.966493e+05  0.000000e+00  0.000000e+00  0.000000e+00  0.000000e+00  0.000000e+00  0.000000e+00  0.000000e+00  0.000000e+00  0.000000e+00  0.000000e+00  0.000000e+00  0.000000e+00  0.000000e+00  0.000000e+00  0.000000e+00  0.000000e+00
6.694516e+05  0.000000e+00  0.000000e+00  0.000000e+00  0.000000e+00  0.000000e+00  0.000000e+00  0.000000e+00  0.000000e+00  0.000000e+00  0.000000e+00  0.000000e+00  0.000000e+00  0.000000e+00  0.000000e+00  0.000000e+00  0.000000e+00
7.511370e+05  0.000000e+00  0.000000e+00  0.000000e+00  0.000000e+00  0.000000e+00  0.000000e+00  0.000000e+00  0.000000e+00  0.000000e+00  0.000000e+00  0.000000e+00  0.000000e+00  0.000000e+00  0.000000e+00  0.000000e+00  0.000000e+00
8.427896e+05  0.000000e+00  0.000000e+00  0.000000e+00  0.000000e+00  0.000000e+00  0.000000e+00  0.000000e+00  0.000000e+00  0.000000e+00  0.000000e+00  0.000000e+00  0.000000e+00  0.000000e+00  0.000000e+00  0.000000e+00  0.000000e+00
9.456255e+05  0.000000e+00  0.000000e+00  0.000000e+00  0.000000e+00  0.000000e+00  0.000000e+00  0.000000e+00  0.000000e+00  0.000000e+00  0.000000e+00  0.000000e+00  0.000000e+00  0.000000e+00  0.000000e+00  0.000000e+00  0.000000e+00
