# dR/dEr [1/keV/kg/Myr]
# Er [keV], S, F, Ne, Cl, Na, Si, O, P, N, C, Al, Mg, Be, B, Ar, Li
1.061009e+01  4.368718e+01  3.784993e+01  0.000000e+00  0.000000e+00  2.144099e+01  0.000000e+00  1.108163e+01  0.000000e+00  0.000000e+00  0.000000e+00  0.000000e+00  0.000000e+00  1.328550e+01  0.000000e+00  0.000000e+00  0.000000e+00
1.190472e+01  4.219557e+00  9.275168e+00  0.000000e+00  0.000000e+00  1.360119e+00  0.000000e+00  0.000000e+00  0.000000e+00  0.000000e+00  0.000000e+00  0.000000e+00  0.000000e+00  0.000000e+00  0.000000e+00  0.000000e+00  0.000000e+00
1.335731e+01  1.590105e+01  5.779711e+00  0.000000e+00  0.000000e+00  0.000000e+00  0.000000e+00  0.000000e+00  0.000000e+00  0.000000e+00  0.000000e+00  0.000000e+00  0.000000e+00  0.000000e+00  0.000000e+00  0.000000e+00  0.000000e+00
1.498715e+01  1.554508e+00  7.260049e+00  0.000000e+00  0.000000e+00  4.343890e+00  0.000000e+00  2.445787e-01  0.000000e+00  0.000000e+00  0.000000e+00  0.000000e+00  0.000000e+00  0.000000e+00  0.000000e+00  0.000000e+00  0.000000e+00
1.681586e+01  3.846030e+00  3.369126e+00  5.483001e-01  0.000000e+00  1.111723e+00  2.179810e-01  0.000000e+00  0.000000e+00  0.000000e+00  0.000000e+00  0.000000e+00  0.000000e+00  0.000000e+00  0.000000e+00  0.000000e+00  0.000000e+00
1.886771e+01  2.614862e+00  3.032473e+00  0.000000e+00  0.000000e+00  4.886730e-01  0.000000e+00  0.000000e+00  0.000000e+00  0.000000e+00  0.000000e+00  0.000000e+00  0.000000e+00  0.000000e+00  0.000000e+00  0.000000e+00  0.000000e+00
2.116992e+01  6.033408e+00  6.255056e+00  0.000000e+00  0.000000e+00  5.354043e-01  0.000000e+00  2.300682e-01  0.000000e+00  0.000000e+00  0.000000e+00  4.979256e+00  0.000000e+00  0.000000e+00  0.000000e+00  0.000000e+00  0.000000e+00
2.375304e+01  1.219798e+01  9.757354e-01  1.387338e+00  0.000000e+00  3.386609e+00  0.000000e+00  3.881668e-01  0.000000e+00  0.000000e+00  0.000000e+00  0.000000e+00  0.000000e+00  0.000000e+00  0.000000e+00  0.000000e+00  0.000000e+00
2.665135e+01  8.073986e+00  9.930934e+00  1.827497e-01  2.096795e+00  2.861666e-01  0.000000e+00  0.000000e+00  2.317958e+00  0.000000e+00  0.000000e+00  0.000000e+00  0.000000e+00  0.000000e+00  0.000000e+00  0.000000e+00  0.000000e+00
2.990330e+01  2.164555e+01  2.473954e+00  2.147502e-01  0.000000e+00  7.048594e+00  0.000000e+00  2.854556e-01  0.000000e+00  0.000000e+00  0.000000e+00  6.275340e+00  0.000000e+00  3.005000e+00  0.000000e+00  0.000000e+00  0.000000e+00
3.355206e+01  9.154172e+00  5.357647e+00  2.552780e-01  0.000000e+00  4.829805e-01  0.000000e+00  1.658030e+00  0.000000e+00  0.000000e+00  0.000000e+00  5.114838e+00  0.000000e+00  9.052970e+00  0.000000e+00  0.000000e+00  0.000000e+00
3.764603e+01  1.766612e+01  1.113741e+01  2.518451e+00  1.293769e-01  6.070406e+00  0.000000e+00  1.833836e+00  0.000000e+00  0.000000e+00  0.000000e+00  0.000000e+00  0.000000e+00  2.171647e+00  0.000000e+00  0.000000e+00  0.000000e+00
4.223954e+01  1.584488e+01  1.050497e+01  2.461067e+00  0.000000e+00  1.978387e+00  0.000000e+00  2.109042e+00  0.000000e+00  0.000000e+00  0.000000e+00  4.098111e+00  0.000000e+00  1.274910e+01  0.000000e+00  0.000000e+00  0.000000e+00
4.739354e+01  1.578924e+01  4.165564e+00  1.027677e-01  2.834907e-01  1.572956e+00  0.000000e+00  3.684163e-01  0.000000e+00  0.000000e+00  0.000000e+00  0.000000e+00  0.000000e+00  6.830003e+00  0.000000e+00  0.000000e+00  0.000000e+00
5.317643e+01  1.293105e+01  4.338012e+00  2.521153e-01  0.000000e+00  6.373424e+00  0.000000e+00  4.871302e-01  0.000000e+00  0.000000e+00  0.000000e+00  1.982278e+00  0.000000e+00  0.000000e+00  0.000000e+00  0.000000e+00  0.000000e+00
5.966493e+01  1.668595e+01  1.072066e+01  2.823579e-01  1.430667e-01  6.958022e+00  0.000000e+00  6.033564e+00  0.000000e+00  0.000000e+00  0.000000e+00  1.655573e+00  0.000000e+00  1.674278e+00  0.000000e+00  0.000000e+00  0.000000e+00
6.694516e+01  1.829760e+01  9.401099e+00  4.788841e-01  0.000000e+00  4.753770e+00  0.000000e+00  9.724758e-01  0.000000e+00  1.554492e+00  0.000000e+00  7.030411e-01  0.000000e+00  2.330880e+01  0.000000e+00  0.000000e+00  0.000000e+00
7.511370e+01  1.995513e+01  1.090759e+01  2.366881e+00  1.628284e-01  2.835246e+00  0.000000e+00  3.789545e-01  0.000000e+00  0.000000e+00  0.000000e+00  1.383960e+00  0.000000e+00  7.752560e+03  0.000000e+00  0.000000e+00  0.000000e+00
8.427896e+01  2.270775e+01  8.211459e+00  2.735838e-01  1.599199e+00  4.748478e+00  0.000000e+00  1.783088e+00  0.000000e+00  0.000000e+00  0.000000e+00  0.000000e+00  0.000000e+00  9.188578e+03  0.000000e+00  0.000000e+00  0.000000e+00
9.456255e+01  2.361568e+01  8.684254e+00  8.533373e-01  1.882183e-01  6.136667e+00  0.000000e+00  1.052628e+00  0.000000e+00  2.448906e+00  0.000000e+00  1.348410e+00  0.000000e+00  7.119922e+03  0.000000e+00  0.000000e+00  0.000000e+00
1.061009e+02  2.551294e+01  1.092638e+01  1.903323e+00  1.262297e+00  2.832106e+00  0.000000e+00  8.709884e-01  0.000000e+00  0.000000e+00  9.309972e-01  1.668696e+00  0.000000e+00  5.252852e+03  0.000000e+00  0.000000e+00  0.000000e+00
1.190472e+02  2.327332e+01  1.648687e+01  1.472890e+00  6.751196e-01  6.189990e+00  0.000000e+00  9.162991e-01  0.000000e+00  3.079063e-02  3.953491e-01  4.552818e+03  0.000000e+00  3.934334e+03  0.000000e+00  1.809038e+00  0.000000e+00
1.335731e+02  2.988186e+01  1.438522e+01  2.009090e+00  7.097960e-01  4.351980e+00  0.000000e+00  9.150175e-01  0.000000e+00  0.000000e+00  0.000000e+00  3.921623e+03  0.000000e+00  2.920126e+03  0.000000e+00  0.000000e+00  0.000000e+00
1.498715e+02  6.181709e+01  1.366944e+01  9.686617e-01  7.449556e-01  4.770011e+00  0.000000e+00  2.595362e+00  0.000000e+00  5.095544e-01  8.824686e-01  2.888767e+03  0.000000e+00  2.193484e+03  0.000000e+00  0.000000e+00  0.000000e+00
1.681586e+02  8.335681e+01  2.032918e+01  1.285181e+00  1.111723e-01  4.151696e+00  7.582668e-01  2.243645e+00  0.000000e+00  8.408441e-01  0.000000e+00  2.286442e+03  0.000000e+00  1.579049e+03  0.000000e+00  0.000000e+00  0.000000e+00
1.886771e+02  5.521940e+01  1.667473e+01  1.047994e+00  1.053150e-01  3.454891e+00  4.524166e-02  2.790922e+00  3.425927e-02  3.425927e-02  0.000000e+00  1.683270e+03  0.000000e+00  1.139650e+03  0.000000e+00  0.000000e+00  0.000000e+00
2.116992e+02  3.025737e+01  1.930926e+01  9.683893e-01  6.255369e-01  3.972895e+00  3.053361e-02  1.189403e+00  0.000000e+00  0.000000e+00  6.023127e-01  1.311941e+03  0.000000e+00  8.113888e+02  0.000000e+00  4.478510e-01  0.000000e+00
2.375304e+02  2.370211e+01  6.631275e+01  2.562729e+00  6.529096e-01  4.320248e+00  1.160357e-02  2.345300e+00  4.007468e-01  0.000000e+00  1.543187e-02  9.807672e+02  0.000000e+00  6.010668e+02  0.000000e+00  6.287304e-02  0.000000e+00
2.665135e+02  1.893825e+01  5.593888e+01  2.064030e+00  9.797706e-01  5.320991e+00  3.213760e-02  2.238750e+00  0.000000e+00  2.425371e-02  2.660840e-01  7.017441e+02  0.000000e+00  3.883368e+02  0.000000e+00  0.000000e+00  0.000000e+00
2.990330e+02  1.679134e+01  1.442248e+01  6.263439e-01  3.644075e-01  4.246471e+00  3.104798e-01  2.284487e+00  3.676866e-01  2.733942e-01  7.744121e-01  5.352365e+02  0.000000e+00  3.031938e+02  0.000000e+00  0.000000e+00  0.000000e+00
3.355206e+02  1.481782e+01  1.640281e+01  6.914424e-01  7.032792e-01  4.070317e+00  1.926540e-02  2.034404e+00  1.642940e-02  1.451632e-02  3.068295e-01  4.022187e+02  2.977335e-01  2.139851e+02  0.000000e+00  0.000000e+00  1.806387e-01
3.764603e+02  1.227413e+01  1.221362e+01  2.510379e+00  1.081408e+00  3.382993e+00  9.569845e-01  1.219758e+00  0.000000e+00  2.275168e-02  0.000000e+00  2.767246e+02  0.000000e+00  1.427357e+02  0.000000e+00  0.000000e+00  0.000000e+00
4.223954e+02  7.774755e+00  1.168992e+01  7.392966e-01  1.066633e+00  3.643197e+00  2.718329e-01  1.285518e+00  4.079485e-01  2.756052e-01  3.358817e-01  1.886223e+02  0.000000e+00  9.086364e+01  0.000000e+00  2.244572e-01  0.000000e+00
4.739354e+02  6.982992e+00  1.016299e+01  1.055397e+00  1.177025e+00  2.738334e+00  2.187011e-01  2.337489e+00  1.353125e-01  1.303484e-01  0.000000e+00  1.326424e+02  0.000000e+00  6.048802e+01  1.303484e-01  0.000000e+00  0.000000e+00
5.317643e+02  7.540767e+00  1.043956e+01  2.393668e+00  3.593612e-01  2.093859e+00  1.871072e-01  1.135367e+00  4.353925e-01  1.426711e-01  3.154721e-01  1.164124e+02  0.000000e+00  3.953591e+01  2.397850e-01  2.808436e-02  0.000000e+00
5.966493e+02  7.178052e+00  8.782969e+00  1.928611e+00  1.664855e+00  2.388595e+00  2.617636e-01  2.397486e+00  1.850348e-01  1.153278e-01  1.506068e-01  7.595618e+01  0.000000e+00  2.652389e+01  0.000000e+00  1.370217e-01  0.000000e+00
6.694516e+02  5.631351e+00  8.740780e+00  2.579249e+00  1.488527e+00  2.458493e+00  6.341476e-01  2.077599e+00  1.559497e-01  2.656689e-02  1.609246e-01  5.122684e+01  0.000000e+00  1.693205e+01  0.000000e+00  0.000000e+00  0.000000e+00
7.511370e+02  4.605498e+00  6.388075e+00  1.940759e+00  1.111129e+00  2.154473e+00  2.923197e-01  1.275500e+00  3.062355e-01  2.849475e-01  1.366620e-01  3.207572e+01  0.000000e+00  1.317804e+01  0.000000e+00  0.000000e+00  0.000000e+00
8.427896e+02  3.874734e+00  6.331319e+00  1.822419e+00  6.182233e-01  1.997441e+00  2.106837e-02  1.455159e+00  1.594186e-02  2.129454e-01  5.641359e-01  2.013302e+01  0.000000e+00  6.238348e+00  0.000000e+00  4.689730e-02  0.000000e+00
9.456255e+02  2.920559e+00  4.785063e+00  1.877191e+00  6.444649e-01  1.816831e+00  1.757634e-01  1.430142e+00  2.482807e-01  0.000000e+00  4.755258e-01  1.555671e+01  5.909570e-02  4.965385e+00  0.000000e+00  0.000000e+00  0.000000e+00
1.061009e+03  2.910385e+00  3.697798e+00  1.985395e+00  1.525156e+00  1.821992e+00  1.137426e-01  1.339214e+00  1.270444e-01  2.937509e-01  2.275884e-01  1.124224e+01  0.000000e+00  2.980731e+00  1.507509e-01  9.415160e-02  0.000000e+00
1.190472e+03  2.359789e+00  2.930571e+00  1.663723e+00  1.424707e+00  9.775820e-01  8.523465e-02  8.066833e-01  5.062888e-01  1.011676e-01  7.110815e-01  7.098421e+00  0.000000e+00  1.317769e+00  0.000000e+00  0.000000e+00  0.000000e+00
1.335731e+03  2.269034e+00  3.065274e+00  1.650320e+00  1.146480e+00  6.685779e-01  3.128945e-01  6.805983e-01  3.186468e-01  5.402920e-01  2.993087e-01  4.746876e+00  0.000000e+00  9.421802e-01  2.959019e-02  0.000000e+00  0.000000e+00
1.498715e+03  1.017448e+00  2.732617e+00  1.601444e+00  1.260868e+00  1.503658e+00  6.762698e-01  1.065829e+00  4.377038e-01  4.898810e-01  3.870545e-01  2.049739e+00  4.606387e-02  5.581963e-01  0.000000e+00  0.000000e+00  1.164982e-01
1.681586e+03  9.672087e-01  2.210627e+00  1.273981e+00  1.002408e+00  7.738294e-01  2.815535e-01  6.870862e-01  4.014360e-01  2.397098e-01  1.701975e-01  2.125745e+00  0.000000e+00  3.602061e-01  8.165990e-02  0.000000e+00  3.604216e-02
1.886771e+03  1.161518e+00  1.948030e+00  1.331365e+00  8.180769e-01  9.954734e-01  3.954935e-01  4.732291e-01  3.041031e-01  1.832474e-01  3.755228e-01  9.315868e-01  5.020745e-02  4.539557e-03  1.529252e-01  3.735494e-02  0.000000e+00
2.116992e+03  6.099182e-01  1.336212e+00  7.484291e-01  7.666834e-01  7.356388e-01  2.161837e-01  5.233334e-01  4.198011e-01  2.157514e-01  2.515739e-01  5.803581e-01  5.109451e-02  2.884158e-01  4.478510e-02  0.000000e+00  4.478510e-02
2.375304e+03  5.867191e-01  9.197720e-01  9.277697e-01  1.134557e+00  5.439083e-01  4.175612e-01  3.950891e-01  2.910604e-01  4.761849e-02  3.224027e-01  7.024126e-01  4.628900e-02  0.000000e+00  4.437767e-02  0.000000e+00  9.526729e-02
2.665135e+03  3.321664e-01  8.393228e-01  7.034157e-01  1.126520e+00  4.871073e-01  2.073879e-01  3.890131e-01  3.207460e-01  1.887958e-01  1.788162e-01  4.565163e-01  8.961043e-02  1.466667e-01  3.371666e-02  0.000000e+00  4.356321e-02
2.990330e+03  3.043361e-01  7.298077e-01  7.222102e-01  7.131209e-01  3.562449e-01  3.416323e-01  2.507502e-01  3.583647e-01  3.373965e-01  2.470667e-01  3.076500e-01  1.107370e-01  0.000000e+00  5.738942e-02  0.000000e+00  6.679331e-02
3.355206e+03  2.062642e-01  6.637440e-01  6.366148e-01  9.025504e-01  1.803816e-01  3.975588e-01  1.297968e-01  4.035831e-01  2.261619e-01  2.274866e-01  1.818012e-01  7.569872e-02  8.139698e-03  5.592903e-02  0.000000e+00  6.626085e-02
3.764603e+03  1.344892e-01  4.266997e-01  7.032618e-01  6.559577e-01  1.500936e-01  4.579478e-01  8.863845e-02  2.172599e-01  2.841249e-01  2.313329e-01  2.955803e-01  7.140941e-02  3.387053e-02  4.231950e-02  0.000000e+00  1.169683e-01
4.223954e+03  1.042760e-01  1.200021e-01  2.990612e-01  5.230258e-01  1.255586e-01  1.866001e-01  1.415673e-01  3.480726e-01  1.939972e-01  3.083246e-01  1.150772e-01  1.724392e-01  0.000000e+00  7.021079e-02  0.000000e+00  1.388764e-01
4.739354e+03  2.193428e-02  2.789982e-01  3.281137e-01  6.387436e-01  9.433556e-02  3.296870e-01  5.001742e-02  2.127301e-01  1.639108e-01  1.207623e-01  8.333280e-02  5.655813e-02  1.487127e-02  4.112925e-02  0.000000e+00  1.233194e-01
5.317643e+03  3.021662e-02  2.131277e-01  2.824226e-01  3.529714e-01  8.101307e-02  3.209015e-01  6.027547e-02  2.096910e-01  9.006333e-02  2.281798e-01  1.512529e-01  8.066597e-02  0.000000e+00  7.166557e-02  0.000000e+00  5.420618e-02
5.966493e+03  6.935833e-02  1.194690e-01  2.271624e-01  3.904590e-01  5.098665e-02  1.792576e-01  1.070411e-01  1.320868e-01  1.205553e-01  1.503417e-01  1.556085e-02  7.580831e-02  0.000000e+00  2.836840e-02  0.000000e+00  4.262243e-02
6.694516e+03  1.642396e-02  1.325796e-01  1.542839e-01  2.014093e-01  5.704218e-02  3.316859e-01  5.016625e-02  2.082645e-01  1.425693e-01  9.697506e-02  8.943296e-02  1.819011e-02  0.000000e+00  4.100562e-02  0.000000e+00  9.053382e-03
7.511370e+03  2.249022e-02  1.047952e-01  1.319427e-01  1.448979e-01  1.762239e-02  2.549095e-01  4.069569e-02  2.032330e-01  7.397355e-03  1.116472e-01  6.096357e-02  3.918069e-02  0.000000e+00  3.705045e-02  0.000000e+00  7.113390e-02
8.427896e+03  1.172056e-02  7.965478e-02  5.172865e-02  1.511194e-01  2.273680e-02  2.212998e-01  2.786678e-02  1.391243e-01  2.494411e-02  5.980789e-02  1.116891e-02  8.752752e-02  0.000000e+00  1.633104e-02  0.000000e+00  1.031203e-01
9.456255e+03  0.000000e+00  3.233674e-02  6.879098e-02  1.715124e-01  1.595516e-02  1.493727e-01  1.002614e-02  9.012499e-02  7.272597e-02  2.327841e-02  9.055829e-02  1.217155e-01  0.000000e+00  3.796049e-02  0.000000e+00  1.984437e-02
1.061009e+04  0.000000e+00  7.598772e-02  2.397456e-02  9.972630e-02  1.887073e-02  1.077072e-01  5.309421e-02  4.824495e-02  2.539161e-02  7.324406e-02  4.951812e-02  9.672816e-03  0.000000e+00  1.036282e-02  0.000000e+00  7.359377e-02
1.190472e+04  0.000000e+00  2.312027e-02  5.091091e-03  6.796613e-02  0.000000e+00  7.545888e-02  1.071080e-02  3.007717e-02  1.847174e-02  5.105990e-02  4.369135e-02  1.347891e-02  0.000000e+00  1.748310e-02  0.000000e+00  5.822493e-02
1.335731e+04  0.000000e+00  3.262369e-02  1.496653e-02  7.089735e-02  0.000000e+00  5.663175e-02  6.120534e-03  1.897823e-02  1.649679e-02  1.663701e-02  3.095854e-02  3.228269e-02  0.000000e+00  0.000000e+00  0.000000e+00  4.598559e-02
1.498715e+04  0.000000e+00  1.221535e-02  4.606387e-03  3.474238e-02  0.000000e+00  4.535610e-02  0.000000e+00  1.550950e-02  6.665423e-03  1.129366e-02  1.265213e-02  6.346877e-03  0.000000e+00  1.366238e-02  0.000000e+00  3.259884e-02
1.681586e+04  0.000000e+00  1.153409e-02  6.538495e-03  2.095963e-02  0.000000e+00  5.654138e-02  7.582668e-03  1.369641e-02  0.000000e+00  4.105446e-03  3.323196e-03  8.465929e-03  0.000000e+00  3.875478e-02  0.000000e+00  3.679225e-02
1.886771e+04  0.000000e+00  1.313208e-02  0.000000e+00  1.436527e-02  0.000000e+00  3.027907e-02  0.000000e+00  1.415827e-02  0.000000e+00  0.000000e+00  1.420626e-02  1.276063e-02  0.000000e+00  1.668818e-02  0.000000e+00  4.873978e-02
2.116992e+04  0.000000e+00  6.023127e-03  0.000000e+00  1.334908e-02  0.000000e+00  9.884923e-03  0.000000e+00  4.666039e-03  0.000000e+00  0.000000e+00  0.000000e+00  2.918136e-03  0.000000e+00  1.700859e-02  0.000000e+00  4.666039e-03
2.375304e+04  0.000000e+00  0.000000e+00  0.000000e+00  5.368118e-03  0.000000e+00  1.150915e-02  2.551590e-03  3.908709e-03  0.000000e+00  4.205597e-03  3.783071e-03  9.257800e-03  0.000000e+00  0.000000e+00  0.000000e+00  1.734291e-02
2.665135e+04  0.000000e+00  2.274107e-03  0.000000e+00  6.210369e-03  0.000000e+00  0.000000e+00  0.000000e+00  0.000000e+00  0.000000e+00  2.644527e-03  0.000000e+00  0.000000e+00  0.000000e+00  0.000000e+00  0.000000e+00  2.274107e-03
2.990330e+04  0.000000e+00  0.000000e+00  0.000000e+00  3.480074e-03  0.000000e+00  0.000000e+00  0.000000e+00  0.000000e+00  0.000000e+00  0.000000e+00  0.000000e+00  6.584871e-03  0.000000e+00  6.109798e-03  0.000000e+00  1.141726e-02
3.355206e+04  0.000000e+00  0.000000e+00  0.000000e+00  0.000000e+00  0.000000e+00  0.000000e+00  0.000000e+00  0.000000e+00  0.000000e+00  0.000000e+00  0.000000e+00  2.825749e-03  0.000000e+00  4.451070e-04  0.000000e+00  4.201245e-03
3.764603e+04  0.000000e+00  0.000000e+00  0.000000e+00  1.833836e-03  0.000000e+00  0.000000e+00  0.000000e+00  0.000000e+00  0.000000e+00  0.000000e+00  0.000000e+00  2.764321e-03  0.000000e+00  1.833836e-03  0.000000e+00  3.387053e-03
4.223954e+04  0.000000e+00  0.000000e+00  0.000000e+00  1.322988e-03  0.000000e+00  0.000000e+00  0.000000e+00  3.609785e-03  0.000000e+00  0.000000e+00  0.000000e+00  6.701133e-03  0.000000e+00  0.000000e+00  0.000000e+00  0.000000e+00
4.739354e+04  0.000000e+00  0.000000e+00  0.000000e+00  0.000000e+00  0.000000e+00  0.000000e+00  0.000000e+00  2.690432e-03  0.000000e+00  0.000000e+00  0.000000e+00  3.869546e-03  0.000000e+00  2.195778e-03  0.000000e+00  0.000000e+00
5.317643e+04  0.000000e+00  0.000000e+00  0.000000e+00  0.000000e+00  0.000000e+00  0.000000e+00  0.000000e+00  0.000000e+00  0.000000e+00  0.000000e+00  0.000000e+00  0.000000e+00  0.000000e+00  0.000000e+00  0.000000e+00  0.000000e+00
5.966493e+04  0.000000e+00  0.000000e+00  0.000000e+00  0.000000e+00  0.000000e+00  0.000000e+00  0.000000e+00  0.000000e+00  0.000000e+00  0.000000e+00  0.000000e+00  0.000000e+00  0.000000e+00  0.000000e+00  0.000000e+00  0.000000e+00
6.694516e+04  0.000000e+00  0.000000e+00  0.000000e+00  0.000000e+00  0.000000e+00  0.000000e+00  0.000000e+00  0.000000e+00  0.000000e+00  0.000000e+00  0.000000e+00  0.000000e+00  0.000000e+00  0.000000e+00  0.000000e+00  3.291542e-03
7.511370e+04  0.000000e+00  0.000000e+00  0.000000e+00  0.000000e+00  0.000000e+00  0.000000e+00  0.000000e+00  0.000000e+00  0.000000e+00  0.000000e+00  0.000000e+00  0.000000e+00  0.000000e+00  0.000000e+00  0.000000e+00  7.397355e-04
8.427896e+04  0.000000e+00  0.000000e+00  0.000000e+00  0.000000e+00  0.000000e+00  0.000000e+00  0.000000e+00  0.000000e+00  0.000000e+00  0.000000e+00  0.000000e+00  0.000000e+00  0.000000e+00  0.000000e+00  0.000000e+00  0.000000e+00
9.456255e+04  0.000000e+00  0.000000e+00  0.000000e+00  0.000000e+00  0.000000e+00  0.000000e+00  0.000000e+00  0.000000e+00  0.000000e+00  0.000000e+00  0.000000e+00  0.000000e+00  0.000000e+00  0.000000e+00  0.000000e+00  0.000000e+00
1.061009e+05  0.000000e+00  0.000000e+00  0.000000e+00  0.000000e+00  0.000000e+00  0.000000e+00  0.000000e+00  0.000000e+00  0.000000e+00  0.000000e+00  0.000000e+00  0.000000e+00  0.000000e+00  0.000000e+00  0.000000e+00  0.000000e+00
1.190472e+05  0.000000e+00  0.000000e+00  0.000000e+00  0.000000e+00  0.000000e+00  0.000000e+00  0.000000e+00  0.000000e+00  0.000000e+00  0.000000e+00  0.000000e+00  0.000000e+00  0.000000e+00  0.000000e+00  0.000000e+00  0.000000e+00
1.335731e+05  0.000000e+00  0.000000e+00  0.000000e+00  0.000000e+00  0.000000e+00  0.000000e+00  0.000000e+00  0.000000e+00  0.000000e+00  0.000000e+00  0.000000e+00  0.000000e+00  0.000000e+00  0.000000e+00  0.000000e+00  0.000000e+00
1.498715e+05  0.000000e+00  0.000000e+00  0.000000e+00  0.000000e+00  0.000000e+00  0.000000e+00  0.000000e+00  0.000000e+00  0.000000e+00  0.000000e+00  0.000000e+00  0.000000e+00  0.000000e+00  0.000000e+00  0.000000e+00  0.000000e+00
1.681586e+05  0.000000e+00  0.000000e+00  0.000000e+00  0.000000e+00  0.000000e+00  0.000000e+00  0.000000e+00  0.000000e+00  0.000000e+00  0.000000e+00  0.000000e+00  0.000000e+00  0.000000e+00  0.000000e+00  0.000000e+00  0.000000e+00
1.886771e+05  0.000000e+00  0.000000e+00  0.000000e+00  0.000000e+00  0.000000e+00  0.000000e+00  0.000000e+00  0.000000e+00  0.000000e+00  0.000000e+00  0.000000e+00  0.000000e+00  0.000000e+00  0.000000e+00  0.000000e+00  0.000000e+00
2.116992e+05  0.000000e+00  0.000000e+00  0.000000e+00  0.000000e+00  0.000000e+00  0.000000e+00  0.000000e+00  0.000000e+00  0.000000e+00  0.000000e+00  0.000000e+00  0.000000e+00  0.000000e+00  0.000000e+00  0.000000e+00  0.000000e+00
2.375304e+05  0.000000e+00  0.000000e+00  0.000000e+00  0.000000e+00  0.000000e+00  0.000000e+00  0.000000e+00  0.000000e+00  0.000000e+00  0.000000e+00  0.000000e+00  0.000000e+00  0.000000e+00  0.000000e+00  0.000000e+00  0.000000e+00
2.665135e+05  0.000000e+00  0.000000e+00  0.000000e+00  0.000000e+00  0.000000e+00  0.000000e+00  0.000000e+00  0.000000e+00  0.000000e+00  0.000000e+00  0.000000e+00  0.000000e+00  0.000000e+00  0.000000e+00  0.000000e+00  0.000000e+00
2.990330e+05  0.000000e+00  0.000000e+00  0.000000e+00  0.000000e+00  0.000000e+00  0.000000e+00  0.000000e+00  0.000000e+00  0.000000e+00  0.000000e+00  0.000000e+00  0.000000e+00  0.000000e+00  0.000000e+00  0.000000e+00  0.000000e+00
3.355206e+05  0.000000e+00  0.000000e+00  0.000000e+00  0.000000e+00  0.000000e+00  0.000000e+00  0.000000e+00  0.000000e+00  0.000000e+00  0.000000e+00  0.000000e+00  0.000000e+00  0.000000e+00  0.000000e+00  0.000000e+00  0.000000e+00
3.764603e+05  0.000000e+00  0.000000e+00  0.000000e+00  0.000000e+00  0.000000e+00  0.000000e+00  0.000000e+00  0.000000e+00  0.000000e+00  0.000000e+00  0.000000e+00  0.000000e+00  0.000000e+00  0.000000e+00  0.000000e+00  0.000000e+00
4.223954e+05  0.000000e+00  0.000000e+00  0.000000e+00  0.000000e+00  0.000000e+00  0.000000e+00  0.000000e+00  0.000000e+00  0.000000e+00  0.000000e+00  0.000000e+00  0.000000e+00  0.000000e+00  0.000000e+00  0.000000e+00  0.000000e+00
4.739354e+05  0.000000e+00  0.000000e+00  0.000000e+00  0.000000e+00  0.000000e+00  0.000000e+00  0.000000e+00  0.000000e+00  0.000000e+00  0.000000e+00  0.000000e+00  0.000000e+00  0.000000e+00  0.000000e+00  0.000000e+00  0.000000e+00
5.317643e+05  0.000000e+00  0.000000e+00  0.000000e+00  0.000000e+00  0.000000e+00  0.000000e+00  0.000000e+00  0.000000e+00  0.000000e+00  0.000000e+00  0.000000e+00  0.000000e+00  0.000000e+00  0.000000e+00  0.000000e+00  0.000000e+00
5.966493e+05  0.000000e+00  0.000000e+00  0.000000e+00  0.000000e+00  0.000000e+00  0.000000e+00  0.000000e+00  0.000000e+00  0.000000e+00  0.000000e+00  0.000000e+00  0.000000e+00  0.000000e+00  0.000000e+00  0.000000e+00  0.000000e+00
6.694516e+05  0.000000e+00  0.000000e+00  0.000000e+00  0.000000e+00  0.000000e+00  0.000000e+00  0.000000e+00  0.000000e+00  0.000000e+00  0.000000e+00  0.000000e+00  0.000000e+00  0.000000e+00  0.000000e+00  0.000000e+00  0.000000e+00
7.511370e+05  0.000000e+00  0.000000e+00  0.000000e+00  0.000000e+00  0.000000e+00  0.000000e+00  0.000000e+00  0.000000e+00  0.000000e+00  0.000000e+00  0.000000e+00  0.000000e+00  0.000000e+00  0.000000e+00  0.000000e+00  0.000000e+00
8.427896e+05  0.000000e+00  0.000000e+00  0.000000e+00  0.000000e+00  0.000000e+00  0.000000e+00  0.000000e+00  0.000000e+00  0.000000e+00  0.000000e+00  0.000000e+00  0.000000e+00  0.000000e+00  0.000000e+00  0.000000e+00  0.000000e+00
9.456255e+05  0.000000e+00  0.000000e+00  0.000000e+00  0.000000e+00  0.000000e+00  0.000000e+00  0.000000e+00  0.000000e+00  0.000000e+00  0.000000e+00  0.000000e+00  0.000000e+00  0.000000e+00  0.000000e+00  0.000000e+00  0.000000e+00
