# dR/dEr [1/keV/kg/Myr]
# Er [keV], S, F, Ne, Cl, Na, Si, O, P, N, C, Al, Mg, Be, B, Ar, Li
1.061009e+01  1.131013e+01  8.737942e+00  0.000000e+00  0.000000e+00  3.464281e+00  0.000000e+00  7.374168e-01  0.000000e+00  0.000000e+00  0.000000e+00  0.000000e+00  0.000000e+00  4.508708e-02  0.000000e+00  0.000000e+00  0.000000e+00
1.190472e+01  4.147830e+00  1.007719e+00  0.000000e+00  0.000000e+00  1.324070e+00  0.000000e+00  0.000000e+00  0.000000e+00  0.000000e+00  0.000000e+00  0.000000e+00  0.000000e+00  0.000000e+00  0.000000e+00  0.000000e+00  0.000000e+00
1.335731e+01  6.081042e+00  1.250352e+00  0.000000e+00  0.000000e+00  0.000000e+00  0.000000e+00  0.000000e+00  0.000000e+00  0.000000e+00  0.000000e+00  0.000000e+00  0.000000e+00  0.000000e+00  0.000000e+00  0.000000e+00  0.000000e+00
1.498715e+01  1.529564e+00  1.839975e+00  0.000000e+00  0.000000e+00  6.493084e-01  0.000000e+00  2.510603e-01  0.000000e+00  0.000000e+00  0.000000e+00  0.000000e+00  0.000000e+00  0.000000e+00  0.000000e+00  0.000000e+00  0.000000e+00
1.681586e+01  3.782105e+00  1.908016e+00  5.450301e-01  0.000000e+00  1.073201e+00  2.237577e-01  0.000000e+00  0.000000e+00  0.000000e+00  0.000000e+00  0.000000e+00  0.000000e+00  0.000000e+00  0.000000e+00  0.000000e+00  0.000000e+00
1.886771e+01  2.585707e+00  2.094276e+00  0.000000e+00  0.000000e+00  4.857586e-01  0.000000e+00  0.000000e+00  0.000000e+00  0.000000e+00  0.000000e+00  0.000000e+00  0.000000e+00  0.000000e+00  0.000000e+00  0.000000e+00  0.000000e+00
2.116992e+01  2.638562e+00  2.328436e+00  0.000000e+00  0.000000e+00  5.275963e-01  0.000000e+00  2.307007e-01  0.000000e+00  0.000000e+00  0.000000e+00  2.072144e-01  0.000000e+00  0.000000e+00  0.000000e+00  0.000000e+00  0.000000e+00
2.375304e+01  4.876373e+00  9.535879e-01  6.641050e-01  0.000000e+00  1.352738e+00  0.000000e+00  3.858517e-01  0.000000e+00  0.000000e+00  0.000000e+00  0.000000e+00  0.000000e+00  0.000000e+00  0.000000e+00  0.000000e+00  0.000000e+00
2.665135e+01  4.301335e+00  2.225894e+00  1.832521e-01  2.124225e-02  2.913103e-01  0.000000e+00  0.000000e+00  5.041814e-01  0.000000e+00  0.000000e+00  0.000000e+00  0.000000e+00  0.000000e+00  0.000000e+00  0.000000e+00  0.000000e+00
2.990330e+01  4.865402e+00  2.222402e+00  2.221352e-01  0.000000e+00  3.982404e-01  0.000000e+00  2.891518e-01  0.000000e+00  0.000000e+00  0.000000e+00  6.073954e-02  0.000000e+00  2.987435e-01  0.000000e+00  0.000000e+00  0.000000e+00
3.355206e+01  6.221441e+00  1.727000e+00  2.384016e-01  0.000000e+00  4.784531e-01  0.000000e+00  7.132873e-01  0.000000e+00  0.000000e+00  0.000000e+00  2.707799e-01  0.000000e+00  3.146622e-01  0.000000e+00  0.000000e+00  0.000000e+00
3.764603e+01  7.080046e+00  1.394760e+00  2.540391e-03  1.297325e-01  9.526978e-01  0.000000e+00  2.274157e-02  0.000000e+00  0.000000e+00  0.000000e+00  0.000000e+00  0.000000e+00  4.032468e-03  0.000000e+00  0.000000e+00  0.000000e+00
4.223954e+01  6.308342e+00  3.162314e+00  1.352136e-01  0.000000e+00  1.531197e+00  0.000000e+00  1.817530e-01  0.000000e+00  0.000000e+00  0.000000e+00  9.880734e-02  0.000000e+00  1.314202e+00  0.000000e+00  0.000000e+00  0.000000e+00
4.739354e+01  8.705271e+00  3.457129e+00  1.030502e-01  2.718257e-01  4.063984e-01  0.000000e+00  3.707951e-01  0.000000e+00  0.000000e+00  0.000000e+00  0.000000e+00  0.000000e+00  4.621640e-01  0.000000e+00  0.000000e+00  0.000000e+00
5.317643e+01  7.743158e+00  1.904535e+00  2.544456e-01  0.000000e+00  1.093996e+00  0.000000e+00  4.922902e-01  0.000000e+00  0.000000e+00  0.000000e+00  8.249352e-02  0.000000e+00  0.000000e+00  0.000000e+00  0.000000e+00  0.000000e+00
5.966493e+01  1.017898e+01  3.677163e+00  2.837339e-01  1.449192e-01  8.064128e-01  0.000000e+00  6.016426e-01  0.000000e+00  0.000000e+00  0.000000e+00  1.220723e-01  0.000000e+00  4.061183e-02  0.000000e+00  0.000000e+00  0.000000e+00
6.694516e+01  1.118678e+01  3.083184e+00  4.770267e-01  0.000000e+00  1.425216e+00  0.000000e+00  1.453621e-01  0.000000e+00  4.955469e-02  0.000000e+00  2.380066e-01  0.000000e+00  3.202539e+00  0.000000e+00  0.000000e+00  0.000000e+00
7.511370e+01  1.174023e+01  4.337967e+00  4.917611e-01  1.565832e-01  9.041173e-01  0.000000e+00  3.616770e-01  0.000000e+00  0.000000e+00  0.000000e+00  7.603619e-02  0.000000e+00  9.274483e+02  0.000000e+00  0.000000e+00  0.000000e+00
8.427896e+01  1.492252e+01  4.696016e+00  2.683759e-01  3.921735e-01  1.226553e+00  0.000000e+00  7.140553e-01  0.000000e+00  0.000000e+00  0.000000e+00  0.000000e+00  0.000000e+00  1.127508e+03  0.000000e+00  0.000000e+00  0.000000e+00
9.456255e+01  1.469671e+01  3.653151e+00  4.250523e-01  1.845807e-01  1.170600e+00  0.000000e+00  1.831150e-01  0.000000e+00  3.548342e-02  0.000000e+00  4.013839e-04  0.000000e+00  8.592189e+02  0.000000e+00  0.000000e+00  0.000000e+00
1.061009e+02  1.715858e+01  4.848127e+00  3.093509e-01  6.296393e-02  1.535776e+00  0.000000e+00  3.071254e-01  0.000000e+00  0.000000e+00  6.864630e-02  2.093727e-01  0.000000e+00  6.494321e+02  0.000000e+00  0.000000e+00  0.000000e+00
1.190472e+02  1.847995e+01  6.170278e+00  6.380724e-01  1.010129e-01  1.545934e+00  0.000000e+00  2.252500e-01  0.000000e+00  3.160661e-02  1.338410e-01  5.714021e+02  0.000000e+00  4.788744e+02  0.000000e+00  3.735460e-02  0.000000e+00
1.335731e+02  2.077928e+01  6.552571e+00  4.994037e-01  7.159795e-04  1.695818e+00  0.000000e+00  2.571763e-01  0.000000e+00  0.000000e+00  0.000000e+00  4.802404e+02  0.000000e+00  3.534582e+02  0.000000e+00  0.000000e+00  0.000000e+00
1.498715e+02  5.058321e+01  7.666073e+00  3.322643e-01  1.059415e-01  9.646667e-01  0.000000e+00  5.361249e-01  0.000000e+00  5.592448e-02  9.125350e-02  3.588931e+02  0.000000e+00  2.643868e+02  0.000000e+00  0.000000e+00  0.000000e+00
1.681586e+02  7.255248e+01  7.808202e+00  4.753413e-01  1.073201e-01  8.820284e-01  2.257147e-04  5.929058e-01  0.000000e+00  7.335932e-02  0.000000e+00  2.685574e+02  0.000000e+00  1.948312e+02  0.000000e+00  0.000000e+00  0.000000e+00
1.886771e+02  4.246065e+01  9.065964e+00  3.554866e-01  1.050247e-01  1.857434e+00  4.582747e-02  5.947792e-01  3.331223e-02  3.331223e-02  0.000000e+00  1.979517e+02  0.000000e+00  1.416235e+02  0.000000e+00  0.000000e+00  0.000000e+00
2.116992e+02  1.859065e+01  1.139547e+01  4.413153e-01  2.866503e-01  8.258609e-01  2.968956e-02  4.311390e-01  0.000000e+00  0.000000e+00  1.792916e-04  1.575612e+02  0.000000e+00  9.633907e+01  0.000000e+00  4.517526e-04  0.000000e+00
2.375304e+02  1.354644e+01  5.711387e+01  6.614703e-01  2.281184e-01  1.167364e+00  1.212433e-02  5.240803e-01  5.487545e-02  0.000000e+00  1.584083e-02  1.175902e+02  0.000000e+00  7.078116e+01  0.000000e+00  5.187163e-02  0.000000e+00
2.665135e+02  1.116908e+01  4.773560e+01  6.609619e-01  2.055703e-01  1.696472e+00  3.001299e-02  3.931898e-01  0.000000e+00  2.358325e-02  4.538913e-02  8.571994e+01  0.000000e+00  4.855592e+01  0.000000e+00  0.000000e+00  0.000000e+00
2.990330e+02  6.922867e+00  7.334138e+00  3.684651e-01  1.329479e-01  1.280583e+00  5.754138e-03  7.564524e-01  2.014792e-04  5.076577e-04  1.122084e-02  6.480546e+01  0.000000e+00  3.621556e+01  0.000000e+00  0.000000e+00  0.000000e+00
3.355206e+02  6.156171e+00  6.639479e+00  4.351426e-01  1.851442e-01  1.345342e+00  1.873284e-02  5.437565e-01  1.716673e-02  1.455623e-02  4.917590e-02  4.856322e+01  7.221918e-03  2.576301e+01  0.000000e+00  0.000000e+00  1.097282e-03
3.764603e+02  4.092635e+00  4.947142e+00  5.730030e-01  2.080872e-01  1.499003e+00  2.314213e-02  3.774199e-01  0.000000e+00  2.124757e-02  0.000000e+00  3.135016e+01  0.000000e+00  1.862093e+01  0.000000e+00  0.000000e+00  0.000000e+00
4.223954e+02  2.647001e+00  4.227049e+00  3.489976e-01  1.849289e-01  1.291268e+00  1.170506e-02  5.122022e-01  4.787483e-02  1.502266e-02  3.794792e-02  2.423151e+01  0.000000e+00  9.820403e+00  0.000000e+00  2.264126e-04  0.000000e+00
4.739354e+02  2.185569e+00  3.492005e+00  4.960076e-01  2.852865e-01  1.126829e+00  2.567302e-02  5.401772e-01  4.897948e-02  2.835220e-02  0.000000e+00  1.539346e+01  0.000000e+00  6.711909e+00  2.835220e-02  0.000000e+00  0.000000e+00
5.317643e+02  1.741508e+00  2.305772e+00  5.435255e-01  1.463002e-01  1.129125e+00  3.323492e-02  4.170890e-01  5.156851e-02  5.168865e-02  2.113361e-02  1.278633e+01  0.000000e+00  5.164282e+00  7.137727e-05  2.317021e-02  0.000000e+00
5.966493e+02  1.556830e+00  2.069333e+00  5.606584e-01  2.833334e-01  1.092007e+00  4.612700e-02  4.498942e-01  4.856677e-02  2.201736e-02  1.497264e-02  8.927439e+00  0.000000e+00  3.536001e+00  0.000000e+00  2.544316e-04  0.000000e+00
6.694516e+02  1.219461e+00  1.753445e+00  6.681608e-01  3.867446e-01  1.067460e+00  4.289672e-02  5.297555e-01  3.144776e-02  2.563892e-02  1.057601e-02  6.225188e+00  0.000000e+00  2.131150e+00  0.000000e+00  0.000000e+00  0.000000e+00
7.511370e+02  9.862051e-01  1.368527e+00  4.491429e-01  3.106558e-01  7.038257e-01  1.093914e-02  3.928869e-01  3.790829e-02  3.406460e-02  7.059961e-03  4.201527e+00  0.000000e+00  1.402025e+00  0.000000e+00  0.000000e+00  0.000000e+00
8.427896e+02  6.230867e-01  1.166935e+00  4.010378e-01  3.188696e-01  8.059647e-01  2.113427e-02  4.499704e-01  1.528588e-02  8.016709e-03  3.038327e-02  2.184355e+00  0.000000e+00  7.153215e-01  0.000000e+00  1.908805e-02  0.000000e+00
9.456255e+02  6.253588e-01  9.185155e-01  5.376240e-01  2.352403e-01  6.601440e-01  3.636677e-02  4.716850e-01  4.444751e-02  0.000000e+00  2.606900e-02  1.867173e+00  5.986880e-04  5.368809e-01  0.000000e+00  0.000000e+00  0.000000e+00
1.061009e+03  5.651263e-01  6.516610e-01  5.115568e-01  3.422478e-01  5.446828e-01  3.986206e-02  4.236945e-01  3.442287e-02  6.165073e-02  1.180501e-02  1.293001e+00  0.000000e+00  2.186984e-01  3.660271e-03  2.283771e-03  0.000000e+00
1.190472e+03  3.822533e-01  5.589929e-01  4.632911e-01  3.473549e-01  3.775956e-01  4.421322e-02  2.704437e-01  4.497147e-02  1.887236e-02  3.258846e-02  7.758933e-01  0.000000e+00  2.204354e-01  0.000000e+00  0.000000e+00  0.000000e+00
1.335731e+03  3.823052e-01  5.143411e-01  3.839015e-01  2.570235e-01  3.193135e-01  2.215212e-02  3.336922e-01  2.109873e-02  3.636893e-02  8.897746e-03  3.792438e-01  0.000000e+00  8.576765e-02  1.204374e-02  0.000000e+00  0.000000e+00
1.498715e+03  2.396274e-01  3.777237e-01  3.017015e-01  2.938565e-01  2.312328e-01  6.536763e-02  3.081809e-01  6.366456e-02  5.775406e-02  1.687541e-02  2.120815e-01  5.712424e-04  1.201621e-01  0.000000e+00  0.000000e+00  1.249392e-03
1.681586e+03  1.110261e-01  3.773061e-01  2.468924e-01  2.494693e-01  2.847759e-01  3.012348e-02  2.208348e-01  4.389663e-02  4.144109e-02  3.239118e-02  2.341496e-01  0.000000e+00  5.977954e-02  9.137832e-03  0.000000e+00  2.189366e-04
1.886771e+03  1.524757e-01  2.370187e-01  2.573879e-01  3.056468e-01  2.305574e-01  3.737530e-02  1.951338e-01  4.423662e-02  2.999414e-02  3.025861e-02  1.176283e-01  7.323270e-03  4.239447e-03  9.879289e-03  1.267716e-04  0.000000e+00
2.116992e+03  1.077642e-01  2.478036e-01  1.630309e-01  1.874896e-01  9.474606e-02  3.331028e-02  1.538596e-01  3.818256e-02  1.025642e-02  2.116713e-02  6.305148e-02  3.432516e-03  2.304141e-02  4.517526e-05  0.000000e+00  4.517526e-05
2.375304e+03  4.955918e-02  1.394074e-01  1.577972e-01  2.810457e-01  1.033830e-01  5.936292e-02  1.407751e-01  3.332182e-02  1.944769e-02  7.407271e-03  6.864042e-02  2.536473e-05  0.000000e+00  1.846800e-03  0.000000e+00  3.082297e-03
2.665135e+03  5.319719e-02  1.112510e-01  1.227077e-01  2.484221e-01  4.969823e-02  3.160686e-02  8.817414e-02  6.028092e-02  1.523460e-02  3.195431e-02  4.079185e-02  1.216133e-02  6.341409e-03  3.351957e-03  0.000000e+00  6.299689e-03
2.990330e+03  1.537684e-02  8.008093e-02  8.274948e-02  1.884728e-01  4.162257e-02  4.500849e-02  6.413996e-02  3.413300e-02  1.881100e-02  1.746631e-02  3.403433e-02  3.377363e-03  0.000000e+00  3.038201e-03  0.000000e+00  9.424381e-03
3.355206e+03  1.453652e-02  9.460968e-02  9.003759e-02  1.955274e-01  1.825156e-02  4.240155e-02  3.699300e-02  2.352608e-02  1.210632e-02  1.482170e-02  8.806295e-03  5.874629e-03  4.485477e-03  5.413417e-04  0.000000e+00  3.981619e-05
3.764603e+03  4.815527e-03  3.619091e-02  6.406551e-02  1.193121e-01  1.602488e-02  3.943990e-02  2.399728e-02  1.806133e-02  9.402655e-03  1.807396e-02  1.474492e-02  1.514724e-03  1.008231e-05  4.404139e-03  0.000000e+00  6.291381e-03
4.223954e+03  1.035106e-03  2.476617e-02  2.770143e-02  9.323405e-02  8.175675e-03  1.776524e-02  2.098723e-02  2.295793e-02  1.339735e-02  1.292268e-02  1.112827e-02  2.755936e-03  0.000000e+00  4.826799e-03  0.000000e+00  3.816054e-03
4.739354e+03  1.205092e-03  2.048132e-02  3.270927e-02  8.981108e-02  7.868719e-03  2.037936e-02  6.426017e-03  1.808571e-02  6.258321e-03  8.762253e-03  8.786071e-03  3.485447e-03  5.046870e-05  2.799566e-04  0.000000e+00  1.296887e-03
5.317643e+03  3.715240e-03  2.016793e-02  2.394600e-02  5.506635e-02  1.366608e-03  1.636235e-02  3.064751e-03  3.073616e-02  1.247823e-02  1.069924e-02  4.395139e-03  4.155883e-03  0.000000e+00  4.437198e-03  0.000000e+00  4.550100e-03
5.966493e+03  2.073473e-03  9.598818e-03  1.361673e-02  3.659773e-02  3.111212e-03  1.958801e-02  3.085953e-03  1.598998e-02  5.842208e-03  1.079153e-02  2.883901e-04  8.873578e-04  0.000000e+00  1.260812e-03  0.000000e+00  2.128705e-03
6.694516e+03  8.999746e-06  7.051273e-03  9.871463e-03  2.840776e-02  1.054185e-03  2.963045e-02  1.271112e-03  8.323186e-03  7.404283e-03  9.680705e-03  6.453006e-03  5.878423e-03  0.000000e+00  9.171343e-04  0.000000e+00  5.499439e-05
7.511370e+03  4.365691e-04  6.048214e-03  8.532856e-03  1.399918e-02  2.370791e-03  1.584909e-02  3.238655e-03  7.262714e-03  2.025495e-03  5.384495e-03  3.821978e-04  2.177714e-03  0.000000e+00  1.392412e-04  0.000000e+00  6.281067e-03
8.427896e+03  8.642057e-04  5.254250e-03  4.214071e-03  5.852658e-03  1.068370e-03  2.139177e-02  3.472881e-03  1.769362e-02  2.736604e-03  2.492179e-03  3.781108e-03  3.851952e-03  0.000000e+00  8.518628e-05  0.000000e+00  1.488011e-03
9.456255e+03  0.000000e+00  1.436015e-03  4.476317e-03  1.206298e-02  1.144766e-03  1.347803e-02  1.011348e-05  6.137354e-03  3.730681e-03  2.251818e-03  6.122720e-03  4.895145e-03  0.000000e+00  2.102112e-03  0.000000e+00  1.920753e-04
1.061009e+04  0.000000e+00  3.477564e-03  1.425703e-03  7.298974e-03  4.224606e-04  1.023397e-02  1.711657e-03  3.800201e-03  1.854950e-04  3.035347e-03  3.466280e-03  2.935661e-03  0.000000e+00  5.678456e-06  0.000000e+00  1.856926e-03
1.190472e+04  0.000000e+00  3.318630e-05  3.092562e-05  4.080269e-03  0.000000e+00  3.483422e-03  3.188305e-06  4.151114e-04  1.012186e-05  3.243834e-03  4.718030e-03  1.328252e-03  0.000000e+00  5.573330e-04  0.000000e+00  9.713931e-04
1.335731e+04  0.000000e+00  1.124893e-03  2.081852e-03  4.977839e-03  0.000000e+00  2.649879e-03  1.136504e-05  1.104981e-03  1.316607e-04  2.603789e-03  1.502240e-03  4.956514e-04  0.000000e+00  0.000000e+00  0.000000e+00  9.755182e-04
1.498715e+04  0.000000e+00  1.017685e-03  5.712424e-05  4.985708e-04  0.000000e+00  1.881300e-03  0.000000e+00  2.241918e-03  1.616786e-04  5.019382e-04  1.276235e-05  1.463935e-03  0.000000e+00  1.040121e-05  0.000000e+00  1.597330e-03
1.681586e+04  0.000000e+00  1.354908e-04  3.582864e-06  2.898062e-04  0.000000e+00  3.223665e-03  2.257147e-06  3.875319e-04  0.000000e+00  5.091203e-05  3.366670e-05  3.092123e-05  0.000000e+00  1.202840e-03  0.000000e+00  1.321153e-03
1.886771e+04  0.000000e+00  2.600569e-04  0.000000e+00  7.222326e-04  0.000000e+00  1.967145e-03  0.000000e+00  1.598006e-03  0.000000e+00  0.000000e+00  7.847302e-04  7.607438e-04  0.000000e+00  1.251773e-03  0.000000e+00  1.263593e-03
2.116992e+04  0.000000e+00  1.792916e-06  0.000000e+00  6.177254e-04  0.000000e+00  8.963771e-06  0.000000e+00  3.440465e-04  0.000000e+00  0.000000e+00  0.000000e+00  6.347268e-04  0.000000e+00  1.766193e-03  0.000000e+00  3.440465e-04
2.375304e+04  0.000000e+00  0.000000e+00  0.000000e+00  1.597938e-06  0.000000e+00  3.854631e-04  1.549953e-05  7.244031e-05  0.000000e+00  1.020123e-04  3.760958e-04  5.072946e-06  0.000000e+00  0.000000e+00  0.000000e+00  9.424406e-04
2.665135e+04  0.000000e+00  1.381397e-05  0.000000e+00  5.731228e-04  0.000000e+00  0.000000e+00  0.000000e+00  0.000000e+00  0.000000e+00  8.974745e-06  0.000000e+00  0.000000e+00  0.000000e+00  0.000000e+00  0.000000e+00  1.381397e-05
2.990330e+04  0.000000e+00  0.000000e+00  0.000000e+00  1.109391e-04  0.000000e+00  0.000000e+00  0.000000e+00  0.000000e+00  0.000000e+00  0.000000e+00  0.000000e+00  1.684805e-04  0.000000e+00  3.562849e-04  0.000000e+00  1.942784e-04
3.355206e+04  0.000000e+00  0.000000e+00  0.000000e+00  0.000000e+00  0.000000e+00  0.000000e+00  0.000000e+00  0.000000e+00  0.000000e+00  0.000000e+00  0.000000e+00  2.850366e-06  0.000000e+00  3.672230e-04  0.000000e+00  1.425779e-05
3.764603e+04  0.000000e+00  0.000000e+00  0.000000e+00  2.274157e-05  0.000000e+00  0.000000e+00  0.000000e+00  0.000000e+00  0.000000e+00  0.000000e+00  0.000000e+00  8.812209e-05  0.000000e+00  2.274157e-05  0.000000e+00  1.008231e-06
4.223954e+04  0.000000e+00  0.000000e+00  0.000000e+00  1.340296e-05  0.000000e+00  0.000000e+00  0.000000e+00  4.810683e-04  0.000000e+00  0.000000e+00  0.000000e+00  1.002337e-04  0.000000e+00  0.000000e+00  0.000000e+00  0.000000e+00
4.739354e+04  0.000000e+00  0.000000e+00  0.000000e+00  0.000000e+00  0.000000e+00  0.000000e+00  0.000000e+00  8.008661e-07  0.000000e+00  0.000000e+00  0.000000e+00  1.274626e-05  0.000000e+00  6.999786e-05  0.000000e+00  0.000000e+00
5.317643e+04  0.000000e+00  0.000000e+00  0.000000e+00  0.000000e+00  0.000000e+00  0.000000e+00  0.000000e+00  0.000000e+00  0.000000e+00  0.000000e+00  0.000000e+00  0.000000e+00  0.000000e+00  0.000000e+00  0.000000e+00  0.000000e+00
5.966493e+04  0.000000e+00  0.000000e+00  0.000000e+00  0.000000e+00  0.000000e+00  0.000000e+00  0.000000e+00  0.000000e+00  0.000000e+00  0.000000e+00  0.000000e+00  0.000000e+00  0.000000e+00  0.000000e+00  0.000000e+00  0.000000e+00
6.694516e+04  0.000000e+00  0.000000e+00  0.000000e+00  0.000000e+00  0.000000e+00  0.000000e+00  0.000000e+00  0.000000e+00  0.000000e+00  0.000000e+00  0.000000e+00  0.000000e+00  0.000000e+00  0.000000e+00  0.000000e+00  2.626976e-05
7.511370e+04  0.000000e+00  0.000000e+00  0.000000e+00  0.000000e+00  0.000000e+00  0.000000e+00  0.000000e+00  0.000000e+00  0.000000e+00  0.000000e+00  0.000000e+00  0.000000e+00  0.000000e+00  0.000000e+00  0.000000e+00  2.025495e-04
8.427896e+04  0.000000e+00  0.000000e+00  0.000000e+00  0.000000e+00  0.000000e+00  0.000000e+00  0.000000e+00  0.000000e+00  0.000000e+00  0.000000e+00  0.000000e+00  0.000000e+00  0.000000e+00  0.000000e+00  0.000000e+00  0.000000e+00
9.456255e+04  0.000000e+00  0.000000e+00  0.000000e+00  0.000000e+00  0.000000e+00  0.000000e+00  0.000000e+00  0.000000e+00  0.000000e+00  0.000000e+00  0.000000e+00  0.000000e+00  0.000000e+00  0.000000e+00  0.000000e+00  0.000000e+00
1.061009e+05  0.000000e+00  0.000000e+00  0.000000e+00  0.000000e+00  0.000000e+00  0.000000e+00  0.000000e+00  0.000000e+00  0.000000e+00  0.000000e+00  0.000000e+00  0.000000e+00  0.000000e+00  0.000000e+00  0.000000e+00  0.000000e+00
1.190472e+05  0.000000e+00  0.000000e+00  0.000000e+00  0.000000e+00  0.000000e+00  0.000000e+00  0.000000e+00  0.000000e+00  0.000000e+00  0.000000e+00  0.000000e+00  0.000000e+00  0.000000e+00  0.000000e+00  0.000000e+00  0.000000e+00
1.335731e+05  0.000000e+00  0.000000e+00  0.000000e+00  0.000000e+00  0.000000e+00  0.000000e+00  0.000000e+00  0.000000e+00  0.000000e+00  0.000000e+00  0.000000e+00  0.000000e+00  0.000000e+00  0.000000e+00  0.000000e+00  0.000000e+00
1.498715e+05  0.000000e+00  0.000000e+00  0.000000e+00  0.000000e+00  0.000000e+00  0.000000e+00  0.000000e+00  0.000000e+00  0.000000e+00  0.000000e+00  0.000000e+00  0.000000e+00  0.000000e+00  0.000000e+00  0.000000e+00  0.000000e+00
1.681586e+05  0.000000e+00  0.000000e+00  0.000000e+00  0.000000e+00  0.000000e+00  0.000000e+00  0.000000e+00  0.000000e+00  0.000000e+00  0.000000e+00  0.000000e+00  0.000000e+00  0.000000e+00  0.000000e+00  0.000000e+00  0.000000e+00
1.886771e+05  0.000000e+00  0.000000e+00  0.000000e+00  0.000000e+00  0.000000e+00  0.000000e+00  0.000000e+00  0.000000e+00  0.000000e+00  0.000000e+00  0.000000e+00  0.000000e+00  0.000000e+00  0.000000e+00  0.000000e+00  0.000000e+00
2.116992e+05  0.000000e+00  0.000000e+00  0.000000e+00  0.000000e+00  0.000000e+00  0.000000e+00  0.000000e+00  0.000000e+00  0.000000e+00  0.000000e+00  0.000000e+00  0.000000e+00  0.000000e+00  0.000000e+00  0.000000e+00  0.000000e+00
2.375304e+05  0.000000e+00  0.000000e+00  0.000000e+00  0.000000e+00  0.000000e+00  0.000000e+00  0.000000e+00  0.000000e+00  0.000000e+00  0.000000e+00  0.000000e+00  0.000000e+00  0.000000e+00  0.000000e+00  0.000000e+00  0.000000e+00
2.665135e+05  0.000000e+00  0.000000e+00  0.000000e+00  0.000000e+00  0.000000e+00  0.000000e+00  0.000000e+00  0.000000e+00  0.000000e+00  0.000000e+00  0.000000e+00  0.000000e+00  0.000000e+00  0.000000e+00  0.000000e+00  0.000000e+00
2.990330e+05  0.000000e+00  0.000000e+00  0.000000e+00  0.000000e+00  0.000000e+00  0.000000e+00  0.000000e+00  0.000000e+00  0.000000e+00  0.000000e+00  0.000000e+00  0.000000e+00  0.000000e+00  0.000000e+00  0.000000e+00  0.000000e+00
3.355206e+05  0.000000e+00  0.000000e+00  0.000000e+00  0.000000e+00  0.000000e+00  0.000000e+00  0.000000e+00  0.000000e+00  0.000000e+00  0.000000e+00  0.000000e+00  0.000000e+00  0.000000e+00  0.000000e+00  0.000000e+00  0.000000e+00
3.764603e+05  0.000000e+00  0.000000e+00  0.000000e+00  0.000000e+00  0.000000e+00  0.000000e+00  0.000000e+00  0.000000e+00  0.000000e+00  0.000000e+00  0.000000e+00  0.000000e+00  0.000000e+00  0.000000e+00  0.000000e+00  0.000000e+00
4.223954e+05  0.000000e+00  0.000000e+00  0.000000e+00  0.000000e+00  0.000000e+00  0.000000e+00  0.000000e+00  0.000000e+00  0.000000e+00  0.000000e+00  0.000000e+00  0.000000e+00  0.000000e+00  0.000000e+00  0.000000e+00  0.000000e+00
4.739354e+05  0.000000e+00  0.000000e+00  0.000000e+00  0.000000e+00  0.000000e+00  0.000000e+00  0.000000e+00  0.000000e+00  0.000000e+00  0.000000e+00  0.000000e+00  0.000000e+00  0.000000e+00  0.000000e+00  0.000000e+00  0.000000e+00
5.317643e+05  0.000000e+00  0.000000e+00  0.000000e+00  0.000000e+00  0.000000e+00  0.000000e+00  0.000000e+00  0.000000e+00  0.000000e+00  0.000000e+00  0.000000e+00  0.000000e+00  0.000000e+00  0.000000e+00  0.000000e+00  0.000000e+00
5.966493e+05  0.000000e+00  0.000000e+00  0.000000e+00  0.000000e+00  0.000000e+00  0.000000e+00  0.000000e+00  0.000000e+00  0.000000e+00  0.000000e+00  0.000000e+00  0.000000e+00  0.000000e+00  0.000000e+00  0.000000e+00  0.000000e+00
6.694516e+05  0.000000e+00  0.000000e+00  0.000000e+00  0.000000e+00  0.000000e+00  0.000000e+00  0.000000e+00  0.000000e+00  0.000000e+00  0.000000e+00  0.000000e+00  0.000000e+00  0.000000e+00  0.000000e+00  0.000000e+00  0.000000e+00
7.511370e+05  0.000000e+00  0.000000e+00  0.000000e+00  0.000000e+00  0.000000e+00  0.000000e+00  0.000000e+00  0.000000e+00  0.000000e+00  0.000000e+00  0.000000e+00  0.000000e+00  0.000000e+00  0.000000e+00  0.000000e+00  0.000000e+00
8.427896e+05  0.000000e+00  0.000000e+00  0.000000e+00  0.000000e+00  0.000000e+00  0.000000e+00  0.000000e+00  0.000000e+00  0.000000e+00  0.000000e+00  0.000000e+00  0.000000e+00  0.000000e+00  0.000000e+00  0.000000e+00  0.000000e+00
9.456255e+05  0.000000e+00  0.000000e+00  0.000000e+00  0.000000e+00  0.000000e+00  0.000000e+00  0.000000e+00  0.000000e+00  0.000000e+00  0.000000e+00  0.000000e+00  0.000000e+00  0.000000e+00  0.000000e+00  0.000000e+00  0.000000e+00
