# dR/dEr [1/keV/kg/Myr]
# Er [keV], S, F, Ne, Cl, Na, Si, O, P, N, C, Al, Mg, Be, B, Ar, Li
1.061009e+01  6.534046e+02  4.733386e+02  0.000000e+00  0.000000e+00  1.360791e+02  0.000000e+00  5.049848e+01  0.000000e+00  0.000000e+00  0.000000e+00  0.000000e+00  0.000000e+00  2.196286e-01  0.000000e+00  0.000000e+00  0.000000e+00
1.190472e+01  2.542345e+02  3.390891e+01  0.000000e+00  0.000000e+00  7.863390e+01  0.000000e+00  0.000000e+00  0.000000e+00  0.000000e+00  0.000000e+00  0.000000e+00  0.000000e+00  0.000000e+00  0.000000e+00  0.000000e+00  0.000000e+00
1.335731e+01  3.304698e+02  7.353999e+01  0.000000e+00  0.000000e+00  0.000000e+00  0.000000e+00  0.000000e+00  0.000000e+00  0.000000e+00  0.000000e+00  0.000000e+00  0.000000e+00  0.000000e+00  0.000000e+00  0.000000e+00  0.000000e+00
1.498715e+01  9.482339e+01  8.201659e+01  0.000000e+00  0.000000e+00  3.875053e+01  0.000000e+00  1.784268e+01  0.000000e+00  0.000000e+00  0.000000e+00  0.000000e+00  0.000000e+00  0.000000e+00  0.000000e+00  0.000000e+00  0.000000e+00
1.681586e+01  2.280886e+02  6.554643e+01  3.436106e+01  0.000000e+00  6.092784e+01  1.590230e+01  0.000000e+00  0.000000e+00  0.000000e+00  0.000000e+00  0.000000e+00  0.000000e+00  0.000000e+00  0.000000e+00  0.000000e+00  0.000000e+00
1.886771e+01  1.605452e+02  9.110469e+01  0.000000e+00  0.000000e+00  3.062433e+01  0.000000e+00  0.000000e+00  0.000000e+00  0.000000e+00  0.000000e+00  0.000000e+00  0.000000e+00  0.000000e+00  0.000000e+00  0.000000e+00  0.000000e+00
2.116992e+01  1.536992e+02  1.071115e+02  0.000000e+00  0.000000e+00  3.167720e+01  0.000000e+00  1.483816e+01  0.000000e+00  0.000000e+00  0.000000e+00  1.514432e+00  0.000000e+00  0.000000e+00  0.000000e+00  0.000000e+00  0.000000e+00
2.375304e+01  2.795260e+02  5.654139e+01  1.411907e+01  0.000000e+00  5.821950e+01  0.000000e+00  2.432577e+01  0.000000e+00  0.000000e+00  0.000000e+00  0.000000e+00  0.000000e+00  0.000000e+00  0.000000e+00  0.000000e+00  0.000000e+00
2.665135e+01  2.473897e+02  7.970464e+01  1.178637e+01  1.106593e-01  2.009100e+01  0.000000e+00  0.000000e+00  6.658739e+00  0.000000e+00  0.000000e+00  0.000000e+00  0.000000e+00  0.000000e+00  0.000000e+00  0.000000e+00  0.000000e+00
2.990330e+01  2.619941e+02  1.160643e+02  1.634404e+01  0.000000e+00  9.682359e+00  0.000000e+00  1.944713e+01  0.000000e+00  0.000000e+00  0.000000e+00  3.421001e-01  0.000000e+00  2.399434e+00  0.000000e+00  0.000000e+00  0.000000e+00
3.355206e+01  3.608908e+02  9.044574e+01  1.194151e+01  0.000000e+00  2.934921e+01  0.000000e+00  1.978951e+01  0.000000e+00  0.000000e+00  0.000000e+00  2.161419e+00  0.000000e+00  2.225291e+00  0.000000e+00  0.000000e+00  0.000000e+00
3.764603e+01  3.822809e+02  5.505166e+01  1.360768e-02  8.344109e+00  3.116573e+01  0.000000e+00  1.146727e-01  0.000000e+00  0.000000e+00  0.000000e+00  0.000000e+00  0.000000e+00  2.042813e-02  0.000000e+00  0.000000e+00  0.000000e+00
4.223954e+01  3.631988e+02  1.836923e+02  1.117316e+00  0.000000e+00  7.334531e+01  0.000000e+00  1.267985e+01  0.000000e+00  0.000000e+00  0.000000e+00  5.995991e-01  0.000000e+00  2.241979e+01  0.000000e+00  0.000000e+00  0.000000e+00
4.739354e+01  5.134873e+02  1.955586e+02  6.627961e+00  1.508190e+01  2.549661e+01  0.000000e+00  2.444877e+01  0.000000e+00  0.000000e+00  0.000000e+00  0.000000e+00  0.000000e+00  9.566951e+00  0.000000e+00  0.000000e+00  0.000000e+00
5.317643e+01  4.490914e+02  1.156050e+02  1.684310e+01  0.000000e+00  5.532803e+01  0.000000e+00  3.281963e+01  0.000000e+00  0.000000e+00  0.000000e+00  6.029064e-01  0.000000e+00  0.000000e+00  0.000000e+00  0.000000e+00  0.000000e+00
5.966493e+01  5.900140e+02  2.135438e+02  1.865859e+01  9.746654e+00  3.298504e+01  0.000000e+00  2.408285e+01  0.000000e+00  0.000000e+00  0.000000e+00  1.002932e+00  0.000000e+00  2.301869e-01  0.000000e+00  0.000000e+00  0.000000e+00
6.694516e+01  6.441482e+02  1.738658e+02  3.065897e+01  0.000000e+00  7.826517e+01  0.000000e+00  8.675163e+00  0.000000e+00  3.138363e-01  0.000000e+00  3.933316e+00  0.000000e+00  7.045921e+01  0.000000e+00  0.000000e+00  0.000000e+00
7.511370e+01  6.685180e+02  2.282692e+02  2.203749e+01  8.894158e+00  4.329796e+01  0.000000e+00  1.959600e+01  0.000000e+00  0.000000e+00  0.000000e+00  6.283130e-01  0.000000e+00  2.185612e+04  0.000000e+00  0.000000e+00  0.000000e+00
8.427896e+01  8.453688e+02  2.690460e+02  1.586226e+01  2.031878e+01  6.620182e+01  0.000000e+00  3.286019e+01  0.000000e+00  0.000000e+00  0.000000e+00  0.000000e+00  0.000000e+00  2.657957e+04  0.000000e+00  0.000000e+00  0.000000e+00
9.456255e+01  8.580203e+02  2.152507e+02  1.889254e+01  1.086143e+01  5.920886e+01  0.000000e+00  1.035550e+01  0.000000e+00  2.245828e-01  0.000000e+00  2.403783e-03  0.000000e+00  2.001385e+04  0.000000e+00  0.000000e+00  0.000000e+00
1.061009e+02  1.011455e+03  2.739303e+02  1.719087e+01  4.608518e+00  8.075363e+01  0.000000e+00  2.059795e+01  0.000000e+00  0.000000e+00  5.639900e-01  5.614333e+00  0.000000e+00  1.542747e+04  0.000000e+00  0.000000e+00  0.000000e+00
1.190472e+02  1.077844e+03  3.492480e+02  3.485306e+01  5.669354e+00  6.987476e+01  0.000000e+00  9.799506e+00  0.000000e+00  2.246260e+00  2.211866e+00  1.373578e+04  0.000000e+00  1.127873e+04  0.000000e+00  2.721748e-01  0.000000e+00
1.335731e+02  1.222043e+03  3.865906e+02  2.613318e+01  3.835165e-03  9.167175e+01  0.000000e+00  1.265951e+01  0.000000e+00  0.000000e+00  0.000000e+00  1.133217e+04  0.000000e+00  8.266197e+03  0.000000e+00  0.000000e+00  0.000000e+00
1.498715e+02  3.016849e+03  4.443653e+02  2.056354e+01  5.985739e+00  5.536445e+01  0.000000e+00  2.037898e+01  0.000000e+00  3.597340e+00  1.191884e+00  8.490382e+03  0.000000e+00  6.194413e+03  0.000000e+00  0.000000e+00  0.000000e+00
1.681586e+02  4.364836e+03  4.429303e+02  2.492622e+01  6.092784e+00  4.744207e+01  1.351746e-03  2.662880e+01  0.000000e+00  8.469306e-01  0.000000e+00  6.262348e+03  0.000000e+00  4.504432e+03  0.000000e+00  0.000000e+00  0.000000e+00
1.886771e+02  2.523042e+03  5.325147e+02  1.774975e+01  6.636403e+00  9.866041e+01  3.082163e+00  2.471611e+01  1.889372e+00  1.889372e+00  0.000000e+00  4.737810e+03  0.000000e+00  3.359877e+03  0.000000e+00  0.000000e+00  0.000000e+00
2.116992e+02  1.099445e+03  6.572694e+02  2.303910e+01  1.374401e+01  4.200307e+01  1.683904e+00  2.422858e+01  0.000000e+00  0.000000e+00  1.073730e-03  3.662618e+03  0.000000e+00  2.194879e+03  0.000000e+00  2.419826e-03  0.000000e+00
2.375304e+02  7.914181e+02  3.447137e+03  3.760319e+01  1.380681e+01  6.121111e+01  9.317957e-01  2.534837e+01  3.012473e+00  0.000000e+00  1.125797e+00  2.726938e+03  0.000000e+00  1.594129e+03  0.000000e+00  2.090437e+00  0.000000e+00
2.665135e+02  6.480146e+02  2.859022e+03  3.816229e+01  8.333396e+00  8.520339e+01  1.503347e+00  1.884526e+01  0.000000e+00  1.337573e+00  5.300053e-01  2.024746e+03  0.000000e+00  1.161235e+03  0.000000e+00  0.000000e+00  0.000000e+00
2.990330e+02  3.893994e+02  4.302261e+02  2.171504e+01  7.603051e+00  6.808684e+01  3.249690e-02  3.542996e+01  1.141142e-03  2.571749e-03  7.101933e-02  1.530049e+03  0.000000e+00  8.671238e+02  0.000000e+00  0.000000e+00  0.000000e+00
3.355206e+02  3.367260e+02  3.749774e+02  2.583405e+01  9.519709e+00  7.200100e+01  1.062472e+00  2.567845e+01  1.319322e+00  9.362244e-01  7.935898e-01  1.128992e+03  4.093367e-02  5.750482e+02  0.000000e+00  0.000000e+00  5.733113e-03
3.764603e+02  2.262310e+02  2.821802e+02  3.021602e+01  6.520892e+00  8.255649e+01  1.544817e-01  1.895821e+01  0.000000e+00  1.064288e+00  0.000000e+00  7.659351e+02  0.000000e+00  4.207727e+02  0.000000e+00  0.000000e+00  0.000000e+00
4.223954e+02  1.462309e+02  2.289634e+02  1.990035e+01  9.445264e+00  6.780772e+01  7.444773e-01  2.834390e+01  1.834125e+00  8.447592e-01  6.246014e-01  5.816522e+02  0.000000e+00  2.379795e+02  0.000000e+00  1.212786e-03  0.000000e+00
4.739354e+02  1.122798e+02  1.847090e+02  2.831890e+01  1.713553e+01  5.816529e+01  7.890577e-01  2.465145e+01  1.319340e+00  3.744484e-01  0.000000e+00  3.527195e+02  0.000000e+00  1.616361e+02  3.744484e-01  0.000000e+00  0.000000e+00
5.317643e+02  8.485159e+01  1.215932e+02  2.797624e+01  7.840857e+00  6.297209e+01  2.090215e+00  2.420688e+01  1.933558e+00  2.011037e+00  7.362111e-01  2.878658e+02  0.000000e+00  1.277564e+02  4.274598e-04  9.337639e-01  0.000000e+00
5.966493e+02  7.595658e+01  1.014658e+02  2.887747e+01  1.202990e+01  6.251372e+01  1.432770e+00  2.170092e+01  2.131158e+00  1.199887e+00  1.202566e-01  2.149545e+02  0.000000e+00  8.318421e+01  0.000000e+00  1.288928e-03  0.000000e+00
6.694516e+02  5.712127e+01  8.384993e+01  3.539298e+01  1.934035e+01  5.883918e+01  1.663581e+00  2.890063e+01  1.608303e+00  1.461604e+00  4.308314e-01  1.474643e+02  0.000000e+00  4.387255e+01  0.000000e+00  0.000000e+00  0.000000e+00
7.511370e+02  4.493979e+01  6.524892e+01  2.546294e+01  1.582278e+01  3.921857e+01  6.073784e-01  2.195573e+01  2.151600e+00  1.172068e+00  3.129441e-01  9.229256e+01  0.000000e+00  3.158671e+01  0.000000e+00  0.000000e+00  0.000000e+00
8.427896e+02  2.840207e+01  5.301988e+01  2.104973e+01  1.794348e+01  4.272939e+01  1.375604e+00  2.447822e+01  8.481176e-01  3.851605e-01  2.919606e-01  5.058834e+01  0.000000e+00  1.593171e+01  0.000000e+00  3.570232e-01  0.000000e+00
9.456255e+02  2.706434e+01  4.536641e+01  2.742717e+01  1.110478e+01  3.668942e+01  1.333955e+00  2.433780e+01  2.554295e+00  0.000000e+00  1.101864e+00  3.993737e+01  3.118802e-03  1.256257e+01  0.000000e+00  0.000000e+00  0.000000e+00
1.061009e+03  2.459576e+01  3.138004e+01  2.534890e+01  1.777863e+01  2.856863e+01  1.760687e+00  2.360360e+01  1.906689e+00  2.170263e+00  1.352659e-01  2.989308e+01  0.000000e+00  4.013605e+00  2.258137e-02  1.294436e-02  0.000000e+00
1.190472e+03  1.635646e+01  2.747733e+01  2.352548e+01  1.818950e+01  2.285995e+01  1.549445e+00  1.417832e+01  2.429422e+00  1.019375e+00  2.983913e-01  1.797115e+01  0.000000e+00  5.245413e+00  0.000000e+00  0.000000e+00  0.000000e+00
1.335731e+03  1.603179e+01  2.371589e+01  1.922304e+01  1.402885e+01  1.832247e+01  8.619558e-01  1.916775e+01  8.555635e-01  1.671549e+00  2.702202e-01  8.896972e+00  0.000000e+00  1.579891e+00  2.252664e-01  0.000000e+00  0.000000e+00
1.498715e+03  1.037942e+01  1.798841e+01  1.622711e+01  1.425703e+01  1.227673e+01  2.231770e+00  1.582603e+01  2.497132e+00  1.995070e+00  4.219134e-01  5.972827e+00  2.880448e-03  2.831822e+00  0.000000e+00  0.000000e+00  6.997116e-03
1.681586e+03  4.088434e+00  1.574292e+01  1.215203e+01  1.298466e+01  1.425334e+01  1.389182e+00  1.264703e+01  1.641395e+00  1.524209e+00  6.570660e-01  4.916934e+00  0.000000e+00  1.989813e+00  1.340334e-01  0.000000e+00  1.143906e-03
1.886771e+03  5.118528e+00  9.726516e+00  1.236329e+01  1.691354e+01  1.146692e+01  1.304381e+00  1.147074e+01  1.788728e+00  1.202919e+00  7.054728e-01  2.625796e+00  2.045153e-01  2.123534e-01  7.702311e-02  6.175312e-04  0.000000e+00
2.116992e+03  4.438283e+00  1.003611e+01  7.934177e+00  1.044651e+01  4.656354e+00  1.094202e+00  8.239520e+00  1.580084e+00  4.541064e-01  5.615912e-01  1.061728e+00  1.196935e-01  4.123561e-01  2.419826e-04  0.000000e+00  2.419826e-04
2.375304e+03  1.751445e+00  5.881289e+00  7.012720e+00  1.387956e+01  4.424939e+00  1.749981e+00  7.301015e+00  1.485167e+00  1.055054e+00  1.988662e-01  1.679594e+00  1.436613e-04  0.000000e+00  1.349739e-02  0.000000e+00  2.528820e-02
2.665135e+03  1.724638e+00  3.996506e+00  5.686005e+00  1.114709e+01  2.225074e+00  1.397025e+00  4.576925e+00  2.442667e+00  4.680053e-01  8.972929e-01  6.945469e-01  2.124268e-01  1.497391e-01  2.692210e-02  0.000000e+00  1.004202e-01
2.990330e+03  2.885159e-01  2.739570e+00  3.412935e+00  8.587574e+00  1.813039e+00  1.683127e+00  3.252151e+00  1.775156e+00  2.660837e-01  2.417712e-01  5.258303e-01  2.509409e-02  0.000000e+00  2.425152e-02  0.000000e+00  1.355499e-01
3.355206e+03  3.210633e-01  3.068103e+00  2.797334e+00  8.884831e+00  5.700894e-01  1.752623e+00  2.163985e+00  1.126984e+00  3.338144e-01  3.582347e-01  9.319387e-02  1.282203e-01  1.080635e-01  3.048970e-03  0.000000e+00  2.204285e-04
3.764603e+03  1.264720e-01  1.176796e+00  1.992908e+00  5.602243e+00  3.721860e-01  1.183974e+00  1.228327e+00  8.174963e-01  1.993446e-01  3.132946e-01  1.960589e-01  8.443161e-03  6.038030e-05  9.017822e-02  0.000000e+00  5.798296e-02
4.223954e+03  6.289153e-03  1.006386e+00  6.729253e-01  4.584037e+00  1.198562e-01  6.397621e-01  1.190709e+00  8.657139e-01  2.759142e-01  2.037419e-01  1.711689e-01  2.037422e-02  0.000000e+00  9.457135e-02  0.000000e+00  3.034245e-02
4.739354e+03  9.958089e-03  5.882202e-01  1.003957e+00  4.050087e+00  1.610194e-01  7.620317e-01  2.098049e-01  5.236220e-01  9.210205e-02  1.239141e-01  1.123726e-01  4.891463e-02  2.458436e-04  1.544097e-03  0.000000e+00  7.208438e-03
5.317643e+03  9.986919e-02  4.440801e-01  5.480953e-01  2.492152e+00  8.957560e-03  5.318100e-01  4.987093e-02  9.915254e-01  3.115480e-01  1.552506e-01  3.055450e-02  8.405849e-02  0.000000e+00  4.834114e-02  0.000000e+00  1.114446e-01
5.966493e+03  1.566134e-02  2.018648e-01  1.817040e-01  1.234570e+00  7.196791e-02  6.835292e-01  5.800870e-02  2.914263e-01  1.145764e-01  2.330553e-01  1.628703e-03  6.163589e-03  0.000000e+00  1.022460e-02  0.000000e+00  2.420686e-02
6.694516e+03  5.097294e-05  1.206924e-01  1.663618e-01  8.426454e-01  7.031997e-03  8.954663e-01  8.542005e-03  2.163233e-01  1.023642e-01  2.017670e-01  7.226772e-02  1.662185e-01  0.000000e+00  7.388097e-03  0.000000e+00  2.873363e-04
7.511370e+03  2.403165e-03  8.246523e-02  1.774269e-01  6.179657e-01  4.135238e-02  4.077172e-01  3.700964e-02  1.339803e-01  2.990396e-02  1.097868e-01  2.064814e-03  1.950734e-02  0.000000e+00  7.073699e-04  0.000000e+00  8.567857e-02
8.427896e+03  7.100213e-03  5.099892e-02  9.553617e-02  8.409908e-02  8.253247e-03  4.717104e-01  9.942589e-02  2.965967e-01  3.410208e-02  2.445616e-02  6.248689e-02  5.091641e-02  0.000000e+00  4.411845e-04  0.000000e+00  1.057155e-02
9.456255e+03  0.000000e+00  1.574207e-02  9.315651e-02  2.397401e-01  1.059149e-02  3.329730e-01  5.417315e-05  1.121195e-01  5.172374e-02  2.894784e-02  1.201571e-01  6.224386e-02  0.000000e+00  2.729120e-02  0.000000e+00  1.081815e-03
1.061009e+04  0.000000e+00  6.962192e-02  4.615405e-02  1.339604e-01  3.069972e-03  1.909101e-01  1.250261e-02  7.538631e-02  1.036651e-03  5.037215e-02  3.404959e-02  4.598793e-02  0.000000e+00  3.216175e-05  0.000000e+00  2.372362e-02
1.190472e+04  0.000000e+00  1.695675e-04  1.615811e-04  6.971789e-02  0.000000e+00  5.239396e-02  1.909393e-05  2.289622e-03  5.732838e-05  4.086039e-02  1.531396e-01  2.819034e-02  0.000000e+00  3.529662e-03  0.000000e+00  6.703405e-03
1.335731e+04  0.000000e+00  8.470070e-03  4.755591e-02  8.213006e-02  0.000000e+00  9.123888e-02  5.757428e-05  9.307071e-03  7.445325e-04  2.856096e-02  1.164530e-02  3.888335e-03  0.000000e+00  0.000000e+00  0.000000e+00  7.046108e-03
1.498715e+04  0.000000e+00  1.500265e-02  2.880448e-04  3.291044e-03  0.000000e+00  2.876149e-02  0.000000e+00  5.860187e-02  9.163907e-04  4.070486e-03  6.836190e-05  5.893665e-02  0.000000e+00  5.694972e-05  0.000000e+00  2.317259e-02
1.681586e+04  0.000000e+00  6.888235e-04  2.029269e-05  2.052042e-03  0.000000e+00  5.562212e-02  1.351746e-05  3.051242e-03  0.000000e+00  2.567202e-04  1.753831e-04  1.601235e-04  0.000000e+00  1.012528e-02  0.000000e+00  1.656905e-02
1.886771e+04  0.000000e+00  1.841931e-03  0.000000e+00  9.458526e-03  0.000000e+00  3.761932e-02  0.000000e+00  2.552775e-02  0.000000e+00  0.000000e+00  6.404850e-03  9.652607e-03  0.000000e+00  1.918710e-02  0.000000e+00  9.860621e-03
2.116992e+04  0.000000e+00  1.073730e-05  0.000000e+00  4.497077e-03  0.000000e+00  4.706422e-05  0.000000e+00  2.826646e-03  0.000000e+00  0.000000e+00  0.000000e+00  8.382856e-03  0.000000e+00  3.339880e-02  0.000000e+00  2.826646e-03
2.375304e+04  0.000000e+00  0.000000e+00  0.000000e+00  9.569632e-06  0.000000e+00  2.960739e-03  8.098238e-05  4.091118e-04  0.000000e+00  5.782034e-04  3.020709e-03  2.873225e-05  0.000000e+00  0.000000e+00  0.000000e+00  1.175884e-02
2.665135e+04  0.000000e+00  7.217562e-05  0.000000e+00  8.440884e-03  0.000000e+00  0.000000e+00  0.000000e+00  0.000000e+00  0.000000e+00  4.371786e-05  0.000000e+00  0.000000e+00  0.000000e+00  0.000000e+00  0.000000e+00  7.217562e-05
2.990330e+04  0.000000e+00  0.000000e+00  0.000000e+00  7.025919e-04  0.000000e+00  0.000000e+00  0.000000e+00  0.000000e+00  0.000000e+00  0.000000e+00  0.000000e+00  1.027561e-03  0.000000e+00  2.724403e-03  0.000000e+00  1.597264e-03
3.355206e+04  0.000000e+00  0.000000e+00  0.000000e+00  0.000000e+00  0.000000e+00  0.000000e+00  0.000000e+00  0.000000e+00  0.000000e+00  0.000000e+00  0.000000e+00  1.526807e-05  0.000000e+00  1.479916e-02  0.000000e+00  6.945266e-05
3.764603e+04  0.000000e+00  0.000000e+00  0.000000e+00  1.146727e-04  0.000000e+00  0.000000e+00  0.000000e+00  0.000000e+00  0.000000e+00  0.000000e+00  0.000000e+00  5.580886e-04  0.000000e+00  1.146727e-04  0.000000e+00  6.038030e-06
4.223954e+04  0.000000e+00  0.000000e+00  0.000000e+00  6.982129e-05  0.000000e+00  0.000000e+00  0.000000e+00  6.992901e-03  0.000000e+00  0.000000e+00  0.000000e+00  6.076778e-04  0.000000e+00  0.000000e+00  0.000000e+00  0.000000e+00
4.739354e+04  0.000000e+00  0.000000e+00  0.000000e+00  0.000000e+00  0.000000e+00  0.000000e+00  0.000000e+00  4.796178e-06  0.000000e+00  0.000000e+00  0.000000e+00  6.702446e-05  0.000000e+00  4.433055e-04  0.000000e+00  0.000000e+00
5.317643e+04  0.000000e+00  0.000000e+00  0.000000e+00  0.000000e+00  0.000000e+00  0.000000e+00  0.000000e+00  0.000000e+00  0.000000e+00  0.000000e+00  0.000000e+00  0.000000e+00  0.000000e+00  0.000000e+00  0.000000e+00  0.000000e+00
5.966493e+04  0.000000e+00  0.000000e+00  0.000000e+00  0.000000e+00  0.000000e+00  0.000000e+00  0.000000e+00  0.000000e+00  0.000000e+00  0.000000e+00  0.000000e+00  0.000000e+00  0.000000e+00  0.000000e+00  0.000000e+00  0.000000e+00
6.694516e+04  0.000000e+00  0.000000e+00  0.000000e+00  0.000000e+00  0.000000e+00  0.000000e+00  0.000000e+00  0.000000e+00  0.000000e+00  0.000000e+00  0.000000e+00  0.000000e+00  0.000000e+00  0.000000e+00  0.000000e+00  1.485538e-04
7.511370e+04  0.000000e+00  0.000000e+00  0.000000e+00  0.000000e+00  0.000000e+00  0.000000e+00  0.000000e+00  0.000000e+00  0.000000e+00  0.000000e+00  0.000000e+00  0.000000e+00  0.000000e+00  0.000000e+00  0.000000e+00  2.990396e-03
8.427896e+04  0.000000e+00  0.000000e+00  0.000000e+00  0.000000e+00  0.000000e+00  0.000000e+00  0.000000e+00  0.000000e+00  0.000000e+00  0.000000e+00  0.000000e+00  0.000000e+00  0.000000e+00  0.000000e+00  0.000000e+00  0.000000e+00
9.456255e+04  0.000000e+00  0.000000e+00  0.000000e+00  0.000000e+00  0.000000e+00  0.000000e+00  0.000000e+00  0.000000e+00  0.000000e+00  0.000000e+00  0.000000e+00  0.000000e+00  0.000000e+00  0.000000e+00  0.000000e+00  0.000000e+00
1.061009e+05  0.000000e+00  0.000000e+00  0.000000e+00  0.000000e+00  0.000000e+00  0.000000e+00  0.000000e+00  0.000000e+00  0.000000e+00  0.000000e+00  0.000000e+00  0.000000e+00  0.000000e+00  0.000000e+00  0.000000e+00  0.000000e+00
1.190472e+05  0.000000e+00  0.000000e+00  0.000000e+00  0.000000e+00  0.000000e+00  0.000000e+00  0.000000e+00  0.000000e+00  0.000000e+00  0.000000e+00  0.000000e+00  0.000000e+00  0.000000e+00  0.000000e+00  0.000000e+00  0.000000e+00
1.335731e+05  0.000000e+00  0.000000e+00  0.000000e+00  0.000000e+00  0.000000e+00  0.000000e+00  0.000000e+00  0.000000e+00  0.000000e+00  0.000000e+00  0.000000e+00  0.000000e+00  0.000000e+00  0.000000e+00  0.000000e+00  0.000000e+00
1.498715e+05  0.000000e+00  0.000000e+00  0.000000e+00  0.000000e+00  0.000000e+00  0.000000e+00  0.000000e+00  0.000000e+00  0.000000e+00  0.000000e+00  0.000000e+00  0.000000e+00  0.000000e+00  0.000000e+00  0.000000e+00  0.000000e+00
1.681586e+05  0.000000e+00  0.000000e+00  0.000000e+00  0.000000e+00  0.000000e+00  0.000000e+00  0.000000e+00  0.000000e+00  0.000000e+00  0.000000e+00  0.000000e+00  0.000000e+00  0.000000e+00  0.000000e+00  0.000000e+00  0.000000e+00
1.886771e+05  0.000000e+00  0.000000e+00  0.000000e+00  0.000000e+00  0.000000e+00  0.000000e+00  0.000000e+00  0.000000e+00  0.000000e+00  0.000000e+00  0.000000e+00  0.000000e+00  0.000000e+00  0.000000e+00  0.000000e+00  0.000000e+00
2.116992e+05  0.000000e+00  0.000000e+00  0.000000e+00  0.000000e+00  0.000000e+00  0.000000e+00  0.000000e+00  0.000000e+00  0.000000e+00  0.000000e+00  0.000000e+00  0.000000e+00  0.000000e+00  0.000000e+00  0.000000e+00  0.000000e+00
2.375304e+05  0.000000e+00  0.000000e+00  0.000000e+00  0.000000e+00  0.000000e+00  0.000000e+00  0.000000e+00  0.000000e+00  0.000000e+00  0.000000e+00  0.000000e+00  0.000000e+00  0.000000e+00  0.000000e+00  0.000000e+00  0.000000e+00
2.665135e+05  0.000000e+00  0.000000e+00  0.000000e+00  0.000000e+00  0.000000e+00  0.000000e+00  0.000000e+00  0.000000e+00  0.000000e+00  0.000000e+00  0.000000e+00  0.000000e+00  0.000000e+00  0.000000e+00  0.000000e+00  0.000000e+00
2.990330e+05  0.000000e+00  0.000000e+00  0.000000e+00  0.000000e+00  0.000000e+00  0.000000e+00  0.000000e+00  0.000000e+00  0.000000e+00  0.000000e+00  0.000000e+00  0.000000e+00  0.000000e+00  0.000000e+00  0.000000e+00  0.000000e+00
3.355206e+05  0.000000e+00  0.000000e+00  0.000000e+00  0.000000e+00  0.000000e+00  0.000000e+00  0.000000e+00  0.000000e+00  0.000000e+00  0.000000e+00  0.000000e+00  0.000000e+00  0.000000e+00  0.000000e+00  0.000000e+00  0.000000e+00
3.764603e+05  0.000000e+00  0.000000e+00  0.000000e+00  0.000000e+00  0.000000e+00  0.000000e+00  0.000000e+00  0.000000e+00  0.000000e+00  0.000000e+00  0.000000e+00  0.000000e+00  0.000000e+00  0.000000e+00  0.000000e+00  0.000000e+00
4.223954e+05  0.000000e+00  0.000000e+00  0.000000e+00  0.000000e+00  0.000000e+00  0.000000e+00  0.000000e+00  0.000000e+00  0.000000e+00  0.000000e+00  0.000000e+00  0.000000e+00  0.000000e+00  0.000000e+00  0.000000e+00  0.000000e+00
4.739354e+05  0.000000e+00  0.000000e+00  0.000000e+00  0.000000e+00  0.000000e+00  0.000000e+00  0.000000e+00  0.000000e+00  0.000000e+00  0.000000e+00  0.000000e+00  0.000000e+00  0.000000e+00  0.000000e+00  0.000000e+00  0.000000e+00
5.317643e+05  0.000000e+00  0.000000e+00  0.000000e+00  0.000000e+00  0.000000e+00  0.000000e+00  0.000000e+00  0.000000e+00  0.000000e+00  0.000000e+00  0.000000e+00  0.000000e+00  0.000000e+00  0.000000e+00  0.000000e+00  0.000000e+00
5.966493e+05  0.000000e+00  0.000000e+00  0.000000e+00  0.000000e+00  0.000000e+00  0.000000e+00  0.000000e+00  0.000000e+00  0.000000e+00  0.000000e+00  0.000000e+00  0.000000e+00  0.000000e+00  0.000000e+00  0.000000e+00  0.000000e+00
6.694516e+05  0.000000e+00  0.000000e+00  0.000000e+00  0.000000e+00  0.000000e+00  0.000000e+00  0.000000e+00  0.000000e+00  0.000000e+00  0.000000e+00  0.000000e+00  0.000000e+00  0.000000e+00  0.000000e+00  0.000000e+00  0.000000e+00
7.511370e+05  0.000000e+00  0.000000e+00  0.000000e+00  0.000000e+00  0.000000e+00  0.000000e+00  0.000000e+00  0.000000e+00  0.000000e+00  0.000000e+00  0.000000e+00  0.000000e+00  0.000000e+00  0.000000e+00  0.000000e+00  0.000000e+00
8.427896e+05  0.000000e+00  0.000000e+00  0.000000e+00  0.000000e+00  0.000000e+00  0.000000e+00  0.000000e+00  0.000000e+00  0.000000e+00  0.000000e+00  0.000000e+00  0.000000e+00  0.000000e+00  0.000000e+00  0.000000e+00  0.000000e+00
9.456255e+05  0.000000e+00  0.000000e+00  0.000000e+00  0.000000e+00  0.000000e+00  0.000000e+00  0.000000e+00  0.000000e+00  0.000000e+00  0.000000e+00  0.000000e+00  0.000000e+00  0.000000e+00  0.000000e+00  0.000000e+00  0.000000e+00
