# dR/dEr [1/keV/kg/Myr]
# Er [keV], S, F, Ne, Cl, Na, Si, O, P, N, C, Al, Mg, Be, B, Ar, Li
1.061009e+01  3.278248e+01  2.434872e+01  0.000000e+00  0.000000e+00  8.418004e+00  0.000000e+00  2.238637e+00  0.000000e+00  0.000000e+00  0.000000e+00  0.000000e+00  0.000000e+00  5.149713e-02  0.000000e+00  0.000000e+00  0.000000e+00
1.190472e+01  1.242568e+01  2.259406e+00  0.000000e+00  0.000000e+00  3.946588e+00  0.000000e+00  0.000000e+00  0.000000e+00  0.000000e+00  0.000000e+00  0.000000e+00  0.000000e+00  0.000000e+00  0.000000e+00  0.000000e+00  0.000000e+00
1.335731e+01  1.793684e+01  3.694368e+00  0.000000e+00  0.000000e+00  0.000000e+00  0.000000e+00  0.000000e+00  0.000000e+00  0.000000e+00  0.000000e+00  0.000000e+00  0.000000e+00  0.000000e+00  0.000000e+00  0.000000e+00  0.000000e+00
1.498715e+01  4.585815e+00  4.653046e+00  0.000000e+00  0.000000e+00  1.886422e+00  0.000000e+00  7.690786e-01  0.000000e+00  0.000000e+00  0.000000e+00  0.000000e+00  0.000000e+00  0.000000e+00  0.000000e+00  0.000000e+00  0.000000e+00
1.681586e+01  1.132532e+01  4.819070e+00  1.641690e+00  0.000000e+00  3.183090e+00  6.854420e-01  0.000000e+00  0.000000e+00  0.000000e+00  0.000000e+00  0.000000e+00  0.000000e+00  0.000000e+00  0.000000e+00  0.000000e+00  0.000000e+00
1.886771e+01  7.767898e+00  5.637209e+00  0.000000e+00  0.000000e+00  1.463158e+00  0.000000e+00  0.000000e+00  0.000000e+00  0.000000e+00  0.000000e+00  0.000000e+00  0.000000e+00  0.000000e+00  0.000000e+00  0.000000e+00  0.000000e+00
2.116992e+01  7.833538e+00  6.261944e+00  0.000000e+00  0.000000e+00  1.580903e+00  0.000000e+00  6.977140e-01  0.000000e+00  0.000000e+00  0.000000e+00  2.837240e-01  0.000000e+00  0.000000e+00  0.000000e+00  0.000000e+00  0.000000e+00
2.375304e+01  1.445489e+01  2.846572e+00  1.494527e+00  0.000000e+00  3.412475e+00  0.000000e+00  1.162228e+00  0.000000e+00  0.000000e+00  0.000000e+00  0.000000e+00  0.000000e+00  0.000000e+00  0.000000e+00  0.000000e+00  0.000000e+00
2.665135e+01  1.252426e+01  5.523072e+00  5.542139e-01  2.497667e-02  8.885085e-01  0.000000e+00  0.000000e+00  9.206468e-01  0.000000e+00  0.000000e+00  0.000000e+00  0.000000e+00  0.000000e+00  0.000000e+00  0.000000e+00  0.000000e+00
2.990330e+01  1.415324e+01  6.431187e+00  6.833927e-01  0.000000e+00  7.181443e-01  0.000000e+00  8.793960e-01  0.000000e+00  0.000000e+00  0.000000e+00  7.601881e-02  0.000000e+00  4.629416e-01  0.000000e+00  0.000000e+00  0.000000e+00
3.355206e+01  1.806125e+01  4.721038e+00  6.945350e-01  0.000000e+00  1.437710e+00  0.000000e+00  1.658166e+00  0.000000e+00  0.000000e+00  0.000000e+00  4.178236e-01  0.000000e+00  4.300958e-01  0.000000e+00  0.000000e+00  0.000000e+00
3.764603e+01  2.000811e+01  3.365133e+00  2.988958e-03  3.923534e-01  2.158456e+00  0.000000e+00  2.716306e-02  0.000000e+00  0.000000e+00  0.000000e+00  0.000000e+00  0.000000e+00  4.658078e-03  0.000000e+00  0.000000e+00  0.000000e+00
4.223954e+01  1.829276e+01  9.231919e+00  1.941441e-01  0.000000e+00  4.274995e+00  0.000000e+00  5.499103e-01  0.000000e+00  0.000000e+00  0.000000e+00  1.275467e-01  0.000000e+00  2.645654e+00  0.000000e+00  0.000000e+00  0.000000e+00
4.739354e+01  2.559128e+01  1.003215e+01  3.116574e-01  8.033505e-01  1.206617e+00  0.000000e+00  1.124118e+00  0.000000e+00  0.000000e+00  0.000000e+00  0.000000e+00  0.000000e+00  9.432801e-01  0.000000e+00  0.000000e+00  0.000000e+00
5.317643e+01  2.243382e+01  5.698213e+00  7.722857e-01  0.000000e+00  2.939646e+00  0.000000e+00  1.495360e+00  0.000000e+00  0.000000e+00  0.000000e+00  1.129526e-01  0.000000e+00  0.000000e+00  0.000000e+00  0.000000e+00  0.000000e+00
5.966493e+01  2.997576e+01  1.061309e+01  8.595733e-01  4.407421e-01  1.976269e+00  0.000000e+00  1.482057e+00  0.000000e+00  0.000000e+00  0.000000e+00  1.814993e-01  0.000000e+00  5.220858e-02  0.000000e+00  0.000000e+00  0.000000e+00
6.694516e+01  3.260464e+01  8.914386e+00  1.438976e+00  0.000000e+00  4.096243e+00  0.000000e+00  4.223173e-01  0.000000e+00  6.520158e-02  0.000000e+00  4.829598e-01  0.000000e+00  6.731453e+00  0.000000e+00  0.000000e+00  0.000000e+00
7.511370e+01  3.418886e+01  1.224575e+01  1.264556e+00  4.636887e-01  2.474323e+00  0.000000e+00  1.066034e+00  0.000000e+00  0.000000e+00  0.000000e+00  1.091752e-01  0.000000e+00  2.006939e+03  0.000000e+00  0.000000e+00  0.000000e+00
8.427896e+01  4.349433e+01  1.376025e+01  8.023047e-01  1.099545e+00  3.478604e+00  0.000000e+00  1.898430e+00  0.000000e+00  0.000000e+00  0.000000e+00  0.000000e+00  0.000000e+00  2.444048e+03  0.000000e+00  0.000000e+00  0.000000e+00
9.456255e+01  4.320785e+01  1.066635e+01  1.105306e+00  5.516414e-01  3.069060e+00  0.000000e+00  5.402231e-01  0.000000e+00  4.664913e-02  0.000000e+00  4.899434e-04  0.000000e+00  1.853387e+03  0.000000e+00  0.000000e+00  0.000000e+00
1.061009e+02  5.080164e+01  1.405547e+01  8.527105e-01  1.930429e-01  4.352414e+00  0.000000e+00  9.278467e-01  0.000000e+00  0.000000e+00  1.020646e-01  4.660058e-01  0.000000e+00  1.413481e+03  0.000000e+00  0.000000e+00  0.000000e+00
1.190472e+02  5.463267e+01  1.785394e+01  1.872389e+00  2.897184e-01  4.022610e+00  0.000000e+00  5.954560e-01  0.000000e+00  9.682126e-02  2.715883e-01  1.249560e+03  0.000000e+00  1.037618e+03  0.000000e+00  5.106056e-02  0.000000e+00
1.335731e+02  6.147832e+01  1.932443e+01  1.351067e+00  8.424028e-04  4.832034e+00  0.000000e+00  7.263044e-01  0.000000e+00  0.000000e+00  0.000000e+00  1.043698e+03  0.000000e+00  7.631150e+02  0.000000e+00  0.000000e+00  0.000000e+00
1.498715e+02  1.504841e+02  2.239128e+01  9.961142e-01  3.096948e-01  2.856650e+00  0.000000e+00  1.271776e+00  0.000000e+00  1.606388e-01  1.655396e-01  7.805087e+02  0.000000e+00  5.705419e+02  0.000000e+00  0.000000e+00  0.000000e+00
1.681586e+02  2.163799e+02  2.264954e+01  1.326209e+00  3.183090e-01  2.444127e+00  2.755154e-04  1.590759e+00  0.000000e+00  1.256029e-01  0.000000e+00  5.786207e+02  0.000000e+00  4.195406e+02  0.000000e+00  0.000000e+00  0.000000e+00
1.886771e+02  1.259621e+02  2.672356e+01  9.755634e-01  3.167551e-01  5.295243e+00  1.393749e-01  1.507746e+00  9.909543e-02  9.909543e-02  0.000000e+00  4.311786e+02  0.000000e+00  3.080797e+02  0.000000e+00  0.000000e+00  0.000000e+00
2.116992e+02  5.487434e+01  3.325145e+01  1.252528e+00  7.820199e-01  2.223524e+00  8.831889e-02  1.241960e+00  0.000000e+00  0.000000e+00  2.188497e-04  3.404151e+02  0.000000e+00  2.067416e+02  0.000000e+00  5.315202e-04  0.000000e+00
2.375304e+02  3.978575e+01  1.704588e+02  1.914438e+00  6.645252e-01  3.259595e+00  3.750847e-02  1.380047e+00  1.610278e-01  0.000000e+00  4.852558e-02  2.537362e+02  0.000000e+00  1.509858e+02  0.000000e+00  1.430434e-01  0.000000e+00
2.665135e+02  3.273438e+01  1.421888e+02  1.954305e+00  5.016749e-01  4.686307e+00  8.743677e-02  1.066047e+00  0.000000e+00  7.015419e-02  7.822499e-02  1.859418e+02  0.000000e+00  1.056170e+02  0.000000e+00  0.000000e+00  0.000000e+00
2.990330e+02  2.000055e+01  2.156725e+01  1.080248e+00  3.910357e-01  3.613273e+00  7.225594e-03  2.026564e+00  2.414531e-04  5.864173e-04  1.475175e-02  1.402721e+02  0.000000e+00  7.910605e+01  0.000000e+00  0.000000e+00  0.000000e+00
3.355206e+02  1.760056e+01  1.928013e+01  1.261873e+00  5.246138e-01  3.822470e+00  5.572545e-02  1.479569e+00  5.310792e-02  4.402278e-02  9.834712e-02  1.048124e+02  9.284144e-03  5.489390e+01  0.000000e+00  0.000000e+00  1.271058e-03
3.764603e+02  1.172650e+01  1.434700e+01  1.599032e+00  4.887592e-01  4.291071e+00  3.073175e-02  1.039295e+00  0.000000e+00  6.190050e-02  0.000000e+00  6.858480e+01  0.000000e+00  4.007853e+01  0.000000e+00  0.000000e+00  0.000000e+00
4.223954e+02  7.574326e+00  1.201188e+01  1.015527e+00  4.947939e-01  3.651326e+00  3.513947e-02  1.466964e+00  1.151757e-01  4.443524e-02  7.681036e-02  5.291459e+01  0.000000e+00  2.162823e+01  0.000000e+00  2.663912e-04  0.000000e+00
4.739354e+02  6.048973e+00  9.800161e+00  1.428703e+00  8.430487e-01  3.120183e+00  5.401515e-02  1.403228e+00  1.109992e-01  5.177177e-02  0.000000e+00  3.291142e+01  0.000000e+00  1.451730e+01  5.177177e-02  0.000000e+00  0.000000e+00
5.317643e+02  4.708495e+00  6.388880e+00  1.512258e+00  4.116949e-01  3.270283e+00  9.933637e-02  1.204059e+00  1.298886e-01  1.258329e-01  4.770744e-02  2.724119e+01  0.000000e+00  1.135746e+01  8.712562e-05  6.389513e-02  0.000000e+00
5.966493e+02  4.201882e+00  5.608639e+00  1.550088e+00  7.272711e-01  3.177041e+00  1.056790e-01  1.209718e+00  1.234601e-01  6.378912e-02  2.320204e-02  1.948810e+01  0.000000e+00  7.641311e+00  0.000000e+00  2.939049e-04  0.000000e+00
6.694516e+02  3.229796e+00  4.719305e+00  1.883301e+00  1.046058e+00  3.061896e+00  1.059781e-01  1.506493e+00  9.092658e-02  7.604660e-02  2.373768e-02  1.361802e+01  0.000000e+00  4.409100e+00  0.000000e+00  0.000000e+00  0.000000e+00
7.511370e+02  2.626242e+00  3.678340e+00  1.287548e+00  8.475867e-01  2.041495e+00  2.773452e-02  1.116671e+00  1.092426e-01  8.310443e-02  1.600829e-02  8.872922e+00  0.000000e+00  2.979071e+00  0.000000e+00  0.000000e+00  0.000000e+00
8.427896e+02  1.633716e+00  3.063467e+00  1.116320e+00  9.289729e-01  2.280727e+00  6.395817e-02  1.279457e+00  4.517572e-02  2.029759e-02  4.855257e-02  4.677250e+00  0.000000e+00  1.470391e+00  0.000000e+00  4.085321e-02  0.000000e+00
9.456255e+02  1.609746e+00  2.503511e+00  1.492387e+00  6.316894e-01  1.884736e+00  8.843742e-02  1.326011e+00  1.317995e-01  0.000000e+00  6.410581e-02  3.895760e+00  7.039383e-04  1.151947e+00  0.000000e+00  0.000000e+00  0.000000e+00
1.061009e+03  1.472395e+00  1.772917e+00  1.406449e+00  9.558681e-01  1.520761e+00  1.093672e-01  1.221213e+00  9.884887e-02  1.495276e-01  2.011922e-02  2.755047e+00  0.000000e+00  4.398051e-01  4.741327e-03  2.935904e-03  0.000000e+00
1.190472e+03  9.804492e-01  1.523962e+00  1.283806e+00  9.650685e-01  1.121432e+00  1.094248e-01  7.514699e-01  1.198769e-01  5.286469e-02  5.034125e-02  1.660459e+00  0.000000e+00  4.895524e-01  0.000000e+00  0.000000e+00  0.000000e+00
1.335731e+03  9.828596e-01  1.351170e+00  1.050880e+00  7.322790e-01  9.298656e-01  5.003719e-02  9.693616e-01  5.370640e-02  9.480224e-02  1.805530e-02  8.299369e-01  0.000000e+00  1.661691e-01  2.577664e-02  0.000000e+00  0.000000e+00
1.498715e+03  6.172843e-01  9.988345e-01  8.488731e-01  8.000576e-01  6.487080e-01  1.534719e-01  8.595109e-01  1.661904e-01  1.420410e-01  3.179705e-02  4.883597e-01  6.823053e-04  2.599571e-01  0.000000e+00  0.000000e+00  1.558701e-03
1.681586e+03  2.640778e-01  9.651222e-01  6.694686e-01  6.922428e-01  7.799905e-01  7.767437e-02  6.435854e-01  1.064500e-01  9.906321e-02  6.690134e-02  4.936091e-01  0.000000e+00  1.434404e-01  1.753031e-02  0.000000e+00  2.536094e-04
1.886771e+03  3.639514e-01  5.926228e-01  6.867985e-01  8.803321e-01  6.228851e-01  8.894567e-02  5.696351e-01  1.095699e-01  7.775857e-02  6.358647e-02  2.508991e-01  1.516561e-02  1.235077e-02  1.472762e-02  1.447948e-04  0.000000e+00
2.116992e+03  2.741846e-01  6.173308e-01  4.471000e-01  5.324492e-01  2.543433e-01  8.098598e-02  4.330360e-01  9.619350e-02  2.368589e-02  4.784731e-02  1.239981e-01  7.045759e-03  4.697628e-02  5.315202e-05  0.000000e+00  5.315202e-05
2.375304e+03  1.112969e-01  3.584636e-01  4.076180e-01  7.729484e-01  2.611079e-01  1.351280e-01  3.930268e-01  8.909154e-02  5.453562e-02  1.552696e-02  1.451552e-01  3.039715e-05  0.000000e+00  2.528693e-03  0.000000e+00  4.578562e-03
2.665135e+03  1.257874e-01  2.676412e-01  3.233668e-01  6.549558e-01  1.259274e-01  8.366965e-02  2.458279e-01  1.536838e-01  3.674098e-02  7.513318e-02  7.973535e-02  2.521863e-02  1.428711e-02  5.194290e-03  0.000000e+00  1.251509e-02
2.990330e+03  2.941933e-02  1.925797e-01  2.095004e-01  5.014719e-01  1.088189e-01  1.090303e-01  1.761377e-01  9.257922e-02  3.401519e-02  2.925074e-02  6.576604e-02  4.777269e-03  0.000000e+00  4.688058e-03  0.000000e+00  1.784257e-02
3.355206e+03  2.928718e-02  2.247087e-01  2.080065e-01  5.137064e-01  4.007166e-02  1.069429e-01  1.098922e-01  6.117069e-02  2.709597e-02  3.085160e-02  1.442628e-02  1.270152e-02  1.055313e-02  6.775184e-04  0.000000e+00  4.734514e-05
3.764603e+03  9.990453e-03  8.412209e-02  1.470857e-01  3.156858e-01  3.549265e-02  8.758741e-02  6.755605e-02  4.684804e-02  1.701785e-02  3.448661e-02  2.643029e-02  1.926531e-03  1.230682e-05  9.679221e-03  0.000000e+00  9.629157e-03
4.223954e+03  1.326118e-03  6.285372e-02  5.674405e-02  2.512539e-01  1.544854e-02  4.366712e-02  5.936575e-02  5.587255e-02  2.665749e-02  2.293054e-02  2.142985e-02  4.046419e-03  0.000000e+00  1.007337e-02  0.000000e+00  5.572673e-03
4.739354e+03  1.730311e-03  4.476127e-02  7.510759e-02  2.334433e-01  1.680019e-02  4.890921e-02  1.539086e-02  4.145246e-02  1.173903e-02  1.488500e-02  1.585892e-02  6.519012e-03  5.764386e-05  3.414846e-04  0.000000e+00  1.639833e-03
5.317643e+03  8.261239e-03  4.193042e-02  4.821310e-02  1.449251e-01  1.794104e-03  3.603709e-02  6.159635e-03  7.186293e-02  2.680325e-02  1.867899e-02  6.143250e-03  8.685432e-03  0.000000e+00  7.299409e-03  0.000000e+00  9.843054e-03
5.966493e+03  3.075981e-03  1.862829e-02  2.462726e-02  8.767559e-02  6.724928e-03  4.647782e-02  5.311662e-03  3.065589e-02  1.115101e-02  2.344516e-02  3.621375e-04  1.184803e-03  0.000000e+00  1.860781e-03  0.000000e+00  3.613514e-03
6.694516e+03  1.078532e-05  1.312007e-02  1.831001e-02  6.491178e-02  1.405526e-03  6.663985e-02  1.689473e-03  1.622966e-02  1.360737e-02  2.013588e-02  1.087464e-02  1.325656e-02  0.000000e+00  1.299455e-03  0.000000e+00  6.370379e-05
7.511370e+03  5.508453e-04  1.098498e-02  1.816545e-02  3.609588e-02  4.871462e-03  3.289402e-02  5.600769e-03  1.282741e-02  3.901201e-03  1.134808e-02  4.638652e-04  3.388864e-03  0.000000e+00  1.656515e-04  0.000000e+00  1.146626e-02
8.427896e+03  1.284917e-03  8.284691e-03  8.991176e-03  9.772753e-03  1.541290e-03  4.371096e-02  8.405661e-03  3.409190e-02  4.840849e-03  3.917905e-03  7.672572e-03  6.963620e-03  0.000000e+00  9.979004e-05  0.000000e+00  2.056982e-03
9.456255e+03  0.000000e+00  2.390847e-03  9.431803e-03  2.408599e-02  1.845916e-03  2.824226e-02  1.189926e-05  1.109598e-02  6.906108e-03  4.011143e-03  1.284879e-02  8.641938e-03  0.000000e+00  3.767803e-03  0.000000e+00  2.403926e-04
1.061009e+04  0.000000e+00  7.436731e-03  3.329900e-03  1.448960e-02  5.767090e-04  2.000337e-02  2.449998e-03  7.977023e-03  2.307776e-04  5.437324e-03  5.636379e-03  5.809109e-03  0.000000e+00  6.805074e-06  0.000000e+00  3.304998e-03
1.190472e+04  0.000000e+00  3.846538e-05  3.582327e-05  7.591982e-03  0.000000e+00  6.347083e-03  3.891758e-06  5.106523e-04  1.213006e-05  5.708465e-03  1.185680e-02  2.985866e-03  0.000000e+00  7.333109e-04  0.000000e+00  1.309859e-03
1.335731e+04  0.000000e+00  1.590650e-03  4.465506e-03  9.792466e-03  0.000000e+00  6.137051e-03  1.312825e-05  1.689693e-03  1.652294e-04  4.407943e-03  2.275461e-03  6.937488e-04  0.000000e+00  0.000000e+00  0.000000e+00  1.418249e-03
1.498715e+04  0.000000e+00  1.958323e-03  6.823053e-05  6.560186e-04  0.000000e+00  3.549792e-03  0.000000e+00  5.069487e-03  2.078461e-04  7.407904e-04  1.501585e-05  3.941343e-03  0.000000e+00  1.232555e-05  0.000000e+00  2.970535e-03
1.681586e+04  0.000000e+00  1.612064e-04  4.293711e-06  3.905532e-04  0.000000e+00  6.406390e-03  2.755154e-06  5.434995e-04  0.000000e+00  6.081053e-05  3.958536e-05  3.578907e-05  0.000000e+00  1.810968e-03  0.000000e+00  2.320784e-03
1.886771e+04  0.000000e+00  3.502406e-04  0.000000e+00  1.312198e-03  0.000000e+00  4.021475e-03  0.000000e+00  3.164401e-03  0.000000e+00  0.000000e+00  1.162382e-03  1.358472e-03  0.000000e+00  2.414055e-03  0.000000e+00  1.812493e-03
2.116992e+04  0.000000e+00  2.188497e-06  0.000000e+00  9.031304e-04  0.000000e+00  1.047186e-05  0.000000e+00  5.115346e-04  0.000000e+00  0.000000e+00  0.000000e+00  1.159026e-03  0.000000e+00  3.673981e-03  0.000000e+00  5.115346e-04
2.375304e+04  0.000000e+00  0.000000e+00  0.000000e+00  1.950500e-06  0.000000e+00  5.542531e-04  1.795417e-05  9.096484e-05  0.000000e+00  1.311420e-04  5.828089e-04  6.079430e-06  0.000000e+00  0.000000e+00  0.000000e+00  1.651936e-03
2.665135e+04  0.000000e+00  1.600167e-05  0.000000e+00  1.102217e-03  0.000000e+00  0.000000e+00  0.000000e+00  0.000000e+00  0.000000e+00  1.025069e-05  0.000000e+00  0.000000e+00  0.000000e+00  0.000000e+00  0.000000e+00  1.600167e-05
2.990330e+04  0.000000e+00  0.000000e+00  0.000000e+00  1.459682e-04  0.000000e+00  0.000000e+00  0.000000e+00  0.000000e+00  0.000000e+00  0.000000e+00  0.000000e+00  2.182241e-04  0.000000e+00  5.351975e-04  0.000000e+00  2.781997e-04
3.355206e+04  0.000000e+00  0.000000e+00  0.000000e+00  0.000000e+00  0.000000e+00  0.000000e+00  0.000000e+00  0.000000e+00  0.000000e+00  0.000000e+00  0.000000e+00  3.353666e-06  0.000000e+00  1.012670e-03  0.000000e+00  1.628482e-05
3.764603e+04  0.000000e+00  0.000000e+00  0.000000e+00  2.716306e-05  0.000000e+00  0.000000e+00  0.000000e+00  0.000000e+00  0.000000e+00  0.000000e+00  0.000000e+00  1.159466e-04  0.000000e+00  2.716306e-05  0.000000e+00  1.230682e-06
4.223954e+04  0.000000e+00  0.000000e+00  0.000000e+00  1.575921e-05  0.000000e+00  0.000000e+00  0.000000e+00  9.076385e-04  0.000000e+00  0.000000e+00  0.000000e+00  1.292560e-04  0.000000e+00  0.000000e+00  0.000000e+00  0.000000e+00
4.739354e+04  0.000000e+00  0.000000e+00  0.000000e+00  0.000000e+00  0.000000e+00  0.000000e+00  0.000000e+00  9.775655e-07  0.000000e+00  0.000000e+00  0.000000e+00  1.502298e-05  0.000000e+00  9.209969e-05  0.000000e+00  0.000000e+00
5.317643e+04  0.000000e+00  0.000000e+00  0.000000e+00  0.000000e+00  0.000000e+00  0.000000e+00  0.000000e+00  0.000000e+00  0.000000e+00  0.000000e+00  0.000000e+00  0.000000e+00  0.000000e+00  0.000000e+00  0.000000e+00  0.000000e+00
5.966493e+04  0.000000e+00  0.000000e+00  0.000000e+00  0.000000e+00  0.000000e+00  0.000000e+00  0.000000e+00  0.000000e+00  0.000000e+00  0.000000e+00  0.000000e+00  0.000000e+00  0.000000e+00  0.000000e+00  0.000000e+00  0.000000e+00
6.694516e+04  0.000000e+00  0.000000e+00  0.000000e+00  0.000000e+00  0.000000e+00  0.000000e+00  0.000000e+00  0.000000e+00  0.000000e+00  0.000000e+00  0.000000e+00  0.000000e+00  0.000000e+00  0.000000e+00  0.000000e+00  3.296761e-05
7.511370e+04  0.000000e+00  0.000000e+00  0.000000e+00  0.000000e+00  0.000000e+00  0.000000e+00  0.000000e+00  0.000000e+00  0.000000e+00  0.000000e+00  0.000000e+00  0.000000e+00  0.000000e+00  0.000000e+00  0.000000e+00  3.901201e-04
8.427896e+04  0.000000e+00  0.000000e+00  0.000000e+00  0.000000e+00  0.000000e+00  0.000000e+00  0.000000e+00  0.000000e+00  0.000000e+00  0.000000e+00  0.000000e+00  0.000000e+00  0.000000e+00  0.000000e+00  0.000000e+00  0.000000e+00
9.456255e+04  0.000000e+00  0.000000e+00  0.000000e+00  0.000000e+00  0.000000e+00  0.000000e+00  0.000000e+00  0.000000e+00  0.000000e+00  0.000000e+00  0.000000e+00  0.000000e+00  0.000000e+00  0.000000e+00  0.000000e+00  0.000000e+00
1.061009e+05  0.000000e+00  0.000000e+00  0.000000e+00  0.000000e+00  0.000000e+00  0.000000e+00  0.000000e+00  0.000000e+00  0.000000e+00  0.000000e+00  0.000000e+00  0.000000e+00  0.000000e+00  0.000000e+00  0.000000e+00  0.000000e+00
1.190472e+05  0.000000e+00  0.000000e+00  0.000000e+00  0.000000e+00  0.000000e+00  0.000000e+00  0.000000e+00  0.000000e+00  0.000000e+00  0.000000e+00  0.000000e+00  0.000000e+00  0.000000e+00  0.000000e+00  0.000000e+00  0.000000e+00
1.335731e+05  0.000000e+00  0.000000e+00  0.000000e+00  0.000000e+00  0.000000e+00  0.000000e+00  0.000000e+00  0.000000e+00  0.000000e+00  0.000000e+00  0.000000e+00  0.000000e+00  0.000000e+00  0.000000e+00  0.000000e+00  0.000000e+00
1.498715e+05  0.000000e+00  0.000000e+00  0.000000e+00  0.000000e+00  0.000000e+00  0.000000e+00  0.000000e+00  0.000000e+00  0.000000e+00  0.000000e+00  0.000000e+00  0.000000e+00  0.000000e+00  0.000000e+00  0.000000e+00  0.000000e+00
1.681586e+05  0.000000e+00  0.000000e+00  0.000000e+00  0.000000e+00  0.000000e+00  0.000000e+00  0.000000e+00  0.000000e+00  0.000000e+00  0.000000e+00  0.000000e+00  0.000000e+00  0.000000e+00  0.000000e+00  0.000000e+00  0.000000e+00
1.886771e+05  0.000000e+00  0.000000e+00  0.000000e+00  0.000000e+00  0.000000e+00  0.000000e+00  0.000000e+00  0.000000e+00  0.000000e+00  0.000000e+00  0.000000e+00  0.000000e+00  0.000000e+00  0.000000e+00  0.000000e+00  0.000000e+00
2.116992e+05  0.000000e+00  0.000000e+00  0.000000e+00  0.000000e+00  0.000000e+00  0.000000e+00  0.000000e+00  0.000000e+00  0.000000e+00  0.000000e+00  0.000000e+00  0.000000e+00  0.000000e+00  0.000000e+00  0.000000e+00  0.000000e+00
2.375304e+05  0.000000e+00  0.000000e+00  0.000000e+00  0.000000e+00  0.000000e+00  0.000000e+00  0.000000e+00  0.000000e+00  0.000000e+00  0.000000e+00  0.000000e+00  0.000000e+00  0.000000e+00  0.000000e+00  0.000000e+00  0.000000e+00
2.665135e+05  0.000000e+00  0.000000e+00  0.000000e+00  0.000000e+00  0.000000e+00  0.000000e+00  0.000000e+00  0.000000e+00  0.000000e+00  0.000000e+00  0.000000e+00  0.000000e+00  0.000000e+00  0.000000e+00  0.000000e+00  0.000000e+00
2.990330e+05  0.000000e+00  0.000000e+00  0.000000e+00  0.000000e+00  0.000000e+00  0.000000e+00  0.000000e+00  0.000000e+00  0.000000e+00  0.000000e+00  0.000000e+00  0.000000e+00  0.000000e+00  0.000000e+00  0.000000e+00  0.000000e+00
3.355206e+05  0.000000e+00  0.000000e+00  0.000000e+00  0.000000e+00  0.000000e+00  0.000000e+00  0.000000e+00  0.000000e+00  0.000000e+00  0.000000e+00  0.000000e+00  0.000000e+00  0.000000e+00  0.000000e+00  0.000000e+00  0.000000e+00
3.764603e+05  0.000000e+00  0.000000e+00  0.000000e+00  0.000000e+00  0.000000e+00  0.000000e+00  0.000000e+00  0.000000e+00  0.000000e+00  0.000000e+00  0.000000e+00  0.000000e+00  0.000000e+00  0.000000e+00  0.000000e+00  0.000000e+00
4.223954e+05  0.000000e+00  0.000000e+00  0.000000e+00  0.000000e+00  0.000000e+00  0.000000e+00  0.000000e+00  0.000000e+00  0.000000e+00  0.000000e+00  0.000000e+00  0.000000e+00  0.000000e+00  0.000000e+00  0.000000e+00  0.000000e+00
4.739354e+05  0.000000e+00  0.000000e+00  0.000000e+00  0.000000e+00  0.000000e+00  0.000000e+00  0.000000e+00  0.000000e+00  0.000000e+00  0.000000e+00  0.000000e+00  0.000000e+00  0.000000e+00  0.000000e+00  0.000000e+00  0.000000e+00
5.317643e+05  0.000000e+00  0.000000e+00  0.000000e+00  0.000000e+00  0.000000e+00  0.000000e+00  0.000000e+00  0.000000e+00  0.000000e+00  0.000000e+00  0.000000e+00  0.000000e+00  0.000000e+00  0.000000e+00  0.000000e+00  0.000000e+00
5.966493e+05  0.000000e+00  0.000000e+00  0.000000e+00  0.000000e+00  0.000000e+00  0.000000e+00  0.000000e+00  0.000000e+00  0.000000e+00  0.000000e+00  0.000000e+00  0.000000e+00  0.000000e+00  0.000000e+00  0.000000e+00  0.000000e+00
6.694516e+05  0.000000e+00  0.000000e+00  0.000000e+00  0.000000e+00  0.000000e+00  0.000000e+00  0.000000e+00  0.000000e+00  0.000000e+00  0.000000e+00  0.000000e+00  0.000000e+00  0.000000e+00  0.000000e+00  0.000000e+00  0.000000e+00
7.511370e+05  0.000000e+00  0.000000e+00  0.000000e+00  0.000000e+00  0.000000e+00  0.000000e+00  0.000000e+00  0.000000e+00  0.000000e+00  0.000000e+00  0.000000e+00  0.000000e+00  0.000000e+00  0.000000e+00  0.000000e+00  0.000000e+00
8.427896e+05  0.000000e+00  0.000000e+00  0.000000e+00  0.000000e+00  0.000000e+00  0.000000e+00  0.000000e+00  0.000000e+00  0.000000e+00  0.000000e+00  0.000000e+00  0.000000e+00  0.000000e+00  0.000000e+00  0.000000e+00  0.000000e+00
9.456255e+05  0.000000e+00  0.000000e+00  0.000000e+00  0.000000e+00  0.000000e+00  0.000000e+00  0.000000e+00  0.000000e+00  0.000000e+00  0.000000e+00  0.000000e+00  0.000000e+00  0.000000e+00  0.000000e+00  0.000000e+00  0.000000e+00
