# dR/dEr [1/keV/kg/Myr]
# Er [keV], S, F, Ne, Cl, Na, Si, O, P, N, C, Al, Mg, Be, B, Ar, Li
1.061009e+01  3.376663e+01  2.505691e+01  0.000000e+00  0.000000e+00  8.633871e+00  0.000000e+00  2.308762e+00  0.000000e+00  0.000000e+00  0.000000e+00  0.000000e+00  0.000000e+00  5.164947e-02  0.000000e+00  0.000000e+00  0.000000e+00
1.190472e+01  1.280703e+01  2.313011e+00  0.000000e+00  0.000000e+00  4.066863e+00  0.000000e+00  0.000000e+00  0.000000e+00  0.000000e+00  0.000000e+00  0.000000e+00  0.000000e+00  0.000000e+00  0.000000e+00  0.000000e+00  0.000000e+00
1.335731e+01  1.847617e+01  3.806947e+00  0.000000e+00  0.000000e+00  0.000000e+00  0.000000e+00  0.000000e+00  0.000000e+00  0.000000e+00  0.000000e+00  0.000000e+00  0.000000e+00  0.000000e+00  0.000000e+00  0.000000e+00  0.000000e+00
1.498715e+01  4.726702e+00  4.777119e+00  0.000000e+00  0.000000e+00  1.943564e+00  0.000000e+00  7.933655e-01  0.000000e+00  0.000000e+00  0.000000e+00  0.000000e+00  0.000000e+00  0.000000e+00  0.000000e+00  0.000000e+00  0.000000e+00
1.681586e+01  1.167289e+01  4.940641e+00  1.692473e+00  0.000000e+00  3.279496e+00  7.070877e-01  0.000000e+00  0.000000e+00  0.000000e+00  0.000000e+00  0.000000e+00  0.000000e+00  0.000000e+00  0.000000e+00  0.000000e+00  0.000000e+00
1.886771e+01  8.007254e+00  5.790868e+00  0.000000e+00  0.000000e+00  1.508418e+00  0.000000e+00  0.000000e+00  0.000000e+00  0.000000e+00  0.000000e+00  0.000000e+00  0.000000e+00  0.000000e+00  0.000000e+00  0.000000e+00  0.000000e+00
2.116992e+01  8.071560e+00  6.436656e+00  0.000000e+00  0.000000e+00  1.629474e+00  0.000000e+00  7.193996e-01  0.000000e+00  0.000000e+00  0.000000e+00  2.858316e-01  0.000000e+00  0.000000e+00  0.000000e+00  0.000000e+00  0.000000e+00
2.375304e+01  1.489311e+01  2.933517e+00  1.525369e+00  0.000000e+00  3.501566e+00  0.000000e+00  1.198179e+00  0.000000e+00  0.000000e+00  0.000000e+00  0.000000e+00  0.000000e+00  0.000000e+00  0.000000e+00  0.000000e+00  0.000000e+00
2.665135e+01  1.290075e+01  5.661046e+00  5.714394e-01  2.506813e-02  9.164194e-01  0.000000e+00  0.000000e+00  9.341518e-01  0.000000e+00  0.000000e+00  0.000000e+00  0.000000e+00  0.000000e+00  0.000000e+00  0.000000e+00  0.000000e+00
2.990330e+01  1.457354e+01  6.620085e+00  7.050884e-01  0.000000e+00  7.308952e-01  0.000000e+00  9.069206e-01  0.000000e+00  0.000000e+00  0.000000e+00  7.640319e-02  0.000000e+00  4.677200e-01  0.000000e+00  0.000000e+00  0.000000e+00
3.355206e+01  1.859952e+01  4.854890e+00  7.150398e-01  0.000000e+00  1.482039e+00  0.000000e+00  1.695623e+00  0.000000e+00  0.000000e+00  0.000000e+00  4.220964e-01  0.000000e+00  4.332211e-01  0.000000e+00  0.000000e+00  0.000000e+00
3.764603e+01  2.059308e+01  3.451228e+00  2.996283e-03  4.045481e-01  2.207816e+00  0.000000e+00  2.727236e-02  0.000000e+00  0.000000e+00  0.000000e+00  0.000000e+00  0.000000e+00  4.670667e-03  0.000000e+00  0.000000e+00  0.000000e+00
4.223954e+01  1.884171e+01  9.509803e+00  1.957771e-01  0.000000e+00  4.396424e+00  0.000000e+00  5.671561e-01  0.000000e+00  0.000000e+00  0.000000e+00  1.282959e-01  0.000000e+00  2.693397e+00  0.000000e+00  0.000000e+00  0.000000e+00
4.739354e+01  2.636453e+01  1.033120e+01  3.213440e-01  8.275534e-01  1.243725e+00  0.000000e+00  1.159168e+00  0.000000e+00  0.000000e+00  0.000000e+00  0.000000e+00  0.000000e+00  9.617131e-01  0.000000e+00  0.000000e+00  0.000000e+00
5.317643e+01  2.310559e+01  5.872836e+00  7.963971e-01  0.000000e+00  3.023183e+00  0.000000e+00  1.542093e+00  0.000000e+00  0.000000e+00  0.000000e+00  1.137916e-01  0.000000e+00  0.000000e+00  0.000000e+00  0.000000e+00  0.000000e+00
5.966493e+01  3.088009e+01  1.093014e+01  8.863531e-01  4.545370e-01  2.027322e+00  0.000000e+00  1.519913e+00  0.000000e+00  0.000000e+00  0.000000e+00  1.832016e-01  0.000000e+00  5.250928e-02  0.000000e+00  0.000000e+00  0.000000e+00
6.694516e+01  3.358260e+01  9.180913e+00  1.483533e+00  0.000000e+00  4.216838e+00  0.000000e+00  4.351097e-01  0.000000e+00  6.561288e-02  0.000000e+00  4.914558e-01  0.000000e+00  6.865470e+00  0.000000e+00  0.000000e+00  0.000000e+00
7.511370e+01  3.521293e+01  1.260074e+01  1.298505e+00  4.776938e-01  2.544078e+00  0.000000e+00  1.098041e+00  0.000000e+00  0.000000e+00  0.000000e+00  1.100936e-01  0.000000e+00  2.048802e+03  0.000000e+00  0.000000e+00  0.000000e+00
8.427896e+01  4.479712e+01  1.417398e+01  8.268839e-01  1.131674e+00  3.580309e+00  0.000000e+00  1.950595e+00  0.000000e+00  0.000000e+00  0.000000e+00  0.000000e+00  0.000000e+00  2.495066e+03  0.000000e+00  0.000000e+00  0.000000e+00
9.456255e+01  4.451177e+01  1.098793e+01  1.134963e+00  5.685342e-01  3.154453e+00  0.000000e+00  5.565340e-01  0.000000e+00  4.694126e-02  0.000000e+00  4.908975e-04  0.000000e+00  1.891813e+03  0.000000e+00  0.000000e+00  0.000000e+00
1.061009e+02  5.234375e+01  1.447514e+01  8.776295e-01  1.991584e-01  4.478827e+00  0.000000e+00  9.567917e-01  0.000000e+00  0.000000e+00  1.030219e-01  4.762901e-01  0.000000e+00  1.443147e+03  0.000000e+00  0.000000e+00  0.000000e+00
1.190472e+02  5.628721e+01  1.838650e+01  1.928328e+00  2.983904e-01  4.131551e+00  0.000000e+00  6.113924e-01  0.000000e+00  9.987880e-02  2.763659e-01  1.275937e+03  0.000000e+00  1.059273e+03  0.000000e+00  5.143668e-02  0.000000e+00
1.335731e+02  6.334427e+01  1.991092e+01  1.389122e+00  8.444673e-04  4.974205e+00  0.000000e+00  7.469950e-01  0.000000e+00  0.000000e+00  0.000000e+00  1.065534e+03  0.000000e+00  7.789789e+02  0.000000e+00  0.000000e+00  0.000000e+00
1.498715e+02  1.550727e+02  2.306503e+01  1.026736e+00  3.189100e-01  2.943166e+00  0.000000e+00  1.303267e+00  0.000000e+00  1.655236e-01  1.679465e-01  7.968586e+02  0.000000e+00  5.823975e+02  0.000000e+00  0.000000e+00  0.000000e+00
1.681586e+02  2.229931e+02  2.332679e+01  1.364388e+00  3.279496e-01  2.515058e+00  2.760519e-04  1.634549e+00  0.000000e+00  1.272706e-01  0.000000e+00  5.906218e+02  0.000000e+00  4.282053e+02  0.000000e+00  0.000000e+00  0.000000e+00
1.886771e+02  1.297955e+02  2.753241e+01  1.003332e+00  3.265673e-01  5.450146e+00  1.437372e-01  1.547409e+00  1.021121e-01  1.021121e-01  0.000000e+00  4.402492e+02  0.000000e+00  3.145347e+02  0.000000e+00  0.000000e+00  0.000000e+00
2.116992e+02  5.653875e+01  3.425021e+01  1.289027e+00  8.041605e-01  2.286029e+00  9.100748e-02  1.278982e+00  0.000000e+00  0.000000e+00  2.192759e-04  3.474844e+02  0.000000e+00  2.109881e+02  0.000000e+00  5.328229e-04  0.000000e+00
2.375304e+02  4.098704e+01  1.756727e+02  1.971709e+00  6.846597e-01  3.353823e+00  3.870739e-02  1.418245e+00  1.658589e-01  0.000000e+00  5.005798e-02  2.589973e+02  0.000000e+00  1.540663e+02  0.000000e+00  1.469409e-01  0.000000e+00
2.665135e+02  3.372090e+01  1.465293e+02  2.013539e+00  5.142877e-01  4.820183e+00  9.001817e-02  1.096118e+00  0.000000e+00  7.228981e-02  7.927421e-02  1.898262e+02  0.000000e+00  1.078379e+02  0.000000e+00  0.000000e+00  0.000000e+00
2.990330e+02  2.059644e+01  2.221954e+01  1.112793e+00  4.028684e-01  3.719017e+00  7.263110e-03  2.082687e+00  2.419841e-04  5.880021e-04  1.484413e-02  1.432016e+02  0.000000e+00  8.077468e+01  0.000000e+00  0.000000e+00  0.000000e+00
3.355206e+02  1.811996e+01  1.985634e+01  1.299700e+00  5.399739e-01  3.934533e+00  5.742184e-02  1.520904e+00  5.480547e-02  4.539105e-02  1.000496e-01  1.069856e+02  9.337617e-03  5.600919e+01  0.000000e+00  0.000000e+00  1.275283e-03
3.764603e+02  1.207359e+01  1.477541e+01  1.645379e+00  5.001695e-01  4.417589e+00  3.093560e-02  1.068921e+00  0.000000e+00  6.372799e-02  0.000000e+00  7.003921e+01  0.000000e+00  4.090176e+01  0.000000e+00  0.000000e+00  0.000000e+00
4.223954e+02  7.798164e+00  1.236468e+01  1.045784e+00  5.087304e-01  3.757811e+00  3.622670e-02  1.510323e+00  1.181145e-01  4.578310e-02  7.815755e-02  5.403018e+01  0.000000e+00  2.208790e+01  0.000000e+00  2.670440e-04  0.000000e+00
4.739354e+02  6.222060e+00  1.008449e+01  1.471252e+00  8.687283e-01  3.209594e+00  5.519812e-02  1.441492e+00  1.134615e-01  5.253121e-02  0.000000e+00  3.358669e+01  0.000000e+00  1.482176e+01  5.253121e-02  0.000000e+00  0.000000e+00
5.317643e+02  4.840554e+00  6.573266e+00  1.555848e+00  4.236566e-01  3.367566e+00  1.023866e-01  1.240002e+00  1.332384e-01  1.289790e-01  4.886627e-02  2.779588e+01  0.000000e+00  1.159978e+01  8.729529e-05  6.563610e-02  0.000000e+00
5.966493e+02  4.319622e+00  5.766330e+00  1.594467e+00  7.467149e-01  3.272194e+00  1.080935e-01  1.243638e+00  1.267612e-01  6.570110e-02  2.344153e-02  1.989960e+01  0.000000e+00  7.800248e+00  0.000000e+00  2.946991e-04  0.000000e+00
6.694516e+02  3.318806e+00  4.851301e+00  1.938203e+00  1.075608e+00  3.152454e+00  1.086251e-01  1.550824e+00  9.359219e-02  7.834987e-02  2.432253e-02  1.390492e+01  0.000000e+00  4.494581e+00  0.000000e+00  0.000000e+00  0.000000e+00
7.511370e+02  2.698640e+00  3.780993e+00  1.325892e+00  8.716178e-01  2.102391e+00  2.851150e-02  1.149665e+00  1.125118e-01  8.513258e-02  1.641131e-02  9.051102e+00  0.000000e+00  3.039735e+00  0.000000e+00  0.000000e+00  0.000000e+00
8.427896e+02  1.678415e+00  3.147139e+00  1.148559e+00  9.567639e-01  2.347125e+00  6.594803e-02  1.317065e+00  4.653675e-02  2.085618e-02  4.910751e-02  4.773578e+00  0.000000e+00  1.499485e+00  0.000000e+00  4.164627e-02  0.000000e+00
9.456255e+02  1.652818e+00  2.574399e+00  1.535317e+00  6.492005e-01  1.940452e+00  9.064511e-02  1.364374e+00  1.357990e-01  0.000000e+00  6.579055e-02  3.972767e+00  7.065160e-04  1.175740e+00  0.000000e+00  0.000000e+00  0.000000e+00
1.061009e+03  1.512094e+00  1.822672e+00  1.446488e+00  9.834444e-01  1.564855e+00  1.124145e-01  1.257521e+00  1.017955e-01  1.532095e-01  2.038426e-02  2.811579e+00  0.000000e+00  4.478424e-01  4.769576e-03  2.952814e-03  0.000000e+00
1.190472e+03  1.006664e+00  1.567041e+00  1.320616e+00  9.929216e-01  1.155713e+00  1.121190e-01  7.731217e-01  1.233032e-01  5.441421e-02  5.087812e-02  1.694785e+00  0.000000e+00  4.999497e-01  0.000000e+00  0.000000e+00  0.000000e+00
1.335731e+03  1.008858e+00  1.388184e+00  1.080794e+00  7.538459e-01  9.577782e-01  5.124539e-02  9.983542e-01  5.508682e-02  9.736781e-02  1.844624e-02  8.473287e-01  0.000000e+00  1.690932e-01  2.627702e-02  0.000000e+00  0.000000e+00
1.498715e+03  6.337515e-01  1.026478e+00  8.737013e-01  8.226691e-01  6.676312e-01  1.571763e-01  8.842938e-01  1.705793e-01  1.455649e-01  3.239152e-02  4.994542e-01  6.850507e-04  2.653846e-01  0.000000e+00  0.000000e+00  1.566503e-03
1.681586e+03  2.706060e-01  9.905305e-01  6.883524e-01  7.121053e-01  8.020764e-01  7.980000e-02  6.628889e-01  1.091583e-01  1.014999e-01  6.819795e-02  5.033914e-01  0.000000e+00  1.469589e-01  1.781544e-02  0.000000e+00  2.544524e-04
1.886771e+03  3.727358e-01  6.080403e-01  7.058780e-01  9.064076e-01  6.403905e-01  9.112780e-02  5.868272e-01  1.123740e-01  7.979181e-02  6.486959e-02  2.559633e-01  1.548466e-02  1.271540e-02  1.486670e-02  1.452232e-04  0.000000e+00
2.116992e+03  2.814293e-01  6.333099e-01  4.597631e-01  5.481388e-01  2.614772e-01  8.294916e-02  4.456493e-01  9.870575e-02  2.428117e-02  4.891317e-02  1.261644e-01  7.201357e-03  4.785764e-02  5.328229e-05  0.000000e+00  5.328229e-05
2.375304e+03  1.139517e-01  3.680365e-01  4.186010e-01  7.949304e-01  2.680045e-01  1.382174e-01  4.043805e-01  9.151321e-02  5.610791e-02  1.586367e-02  1.481530e-01  3.046399e-05  0.000000e+00  2.547477e-03  0.000000e+00  4.621360e-03
2.665135e+03  1.287854e-01  2.742307e-01  3.322264e-01  6.728577e-01  1.292914e-01  8.593120e-02  2.529394e-01  1.577159e-01  3.761556e-02  7.684959e-02  8.113654e-02  2.568330e-02  1.460229e-02  5.247904e-03  0.000000e+00  1.273005e-02
2.990330e+03  2.994650e-02  1.972573e-01  2.149938e-01  5.151952e-01  1.117605e-01  1.117423e-01  1.811502e-01  9.522966e-02  3.454593e-02  2.965286e-02  6.687872e-02  4.816633e-03  0.000000e+00  4.736000e-03  0.000000e+00  1.812645e-02
3.355206e+03  2.984019e-02  2.300928e-01  2.128102e-01  5.277157e-01  4.095977e-02  1.097522e-01  1.132306e-01  6.286665e-02  2.769849e-02  3.148765e-02  1.460316e-02  1.296661e-02  1.078814e-02  6.809442e-04  0.000000e+00  4.745422e-05
3.764603e+03  1.020433e-02  8.612538e-02  1.504903e-01  3.243764e-01  3.623837e-02  8.955931e-02  6.949846e-02  4.811874e-02  1.731399e-02  3.508860e-02  2.683542e-02  1.937156e-03  1.233079e-05  9.874681e-03  0.000000e+00  9.730563e-03
4.223954e+03  1.333625e-03  6.449925e-02  5.787943e-02  2.583082e-01  1.569969e-02  4.475820e-02  6.112704e-02  5.727955e-02  2.714801e-02  2.328898e-02  2.178859e-02  4.083321e-03  0.000000e+00  1.027165e-02  0.000000e+00  5.622637e-03
4.739354e+03  1.744865e-03  4.574218e-02  7.684328e-02  2.397642e-01  1.713988e-02  5.014253e-02  1.576020e-02  4.239936e-02  1.193099e-02  1.509279e-02  1.609346e-02  6.621591e-03  5.781438e-05  3.430087e-04  0.000000e+00  1.648610e-03
5.317643e+03  8.436678e-03  4.276315e-02  4.915758e-02  1.488709e-01  1.805556e-03  3.686176e-02  6.266802e-03  7.355119e-02  2.736896e-02  1.895679e-02  6.191919e-03  8.859360e-03  0.000000e+00  7.388486e-03  0.000000e+00  1.005214e-02
5.966493e+03  3.104597e-03  1.897561e-02  2.499623e-02  8.979826e-02  6.865556e-03  4.760221e-02  5.394022e-03  3.118900e-02  1.135395e-02  2.392440e-02  3.640178e-04  1.192864e-03  0.000000e+00  1.877940e-03  0.000000e+00  3.660804e-03
6.694516e+03  1.080903e-05  1.334340e-02  1.862029e-02  6.638531e-02  1.414983e-03  6.815245e-02  1.700735e-03  1.654963e-02  1.381806e-02  2.052578e-02  1.101363e-02  1.355177e-02  0.000000e+00  1.309995e-03  0.000000e+00  6.391556e-05
7.511370e+03  5.537816e-04  1.115427e-02  1.852841e-02  3.707573e-02  4.961937e-03  3.357469e-02  5.675801e-03  1.303861e-02  3.964971e-03  1.157667e-02  4.658888e-04  3.425057e-03  0.000000e+00  1.662744e-04  0.000000e+00  1.164586e-02
8.427896e+03  1.296968e-03  8.376959e-03  9.175352e-03  9.909393e-03  1.554673e-03  4.456115e-02  8.602986e-03  3.468060e-02  4.910025e-03  3.961716e-03  7.807545e-03  7.067476e-03  0.000000e+00  1.001355e-04  0.000000e+00  2.072734e-03
9.456255e+03  0.000000e+00  2.421128e-03  9.615384e-03  2.454242e-02  1.867439e-03  2.881980e-02  1.192842e-05  1.127637e-02  7.011665e-03  4.069242e-03  1.309989e-02  8.766663e-03  0.000000e+00  3.823271e-03  0.000000e+00  2.416081e-04
1.061009e+04  0.000000e+00  7.584949e-03  3.410841e-03  1.475548e-02  5.809402e-04  2.036510e-02  2.470846e-03  8.134239e-03  2.319056e-04  5.521675e-03  5.703594e-03  5.907862e-03  0.000000e+00  6.820039e-06  0.000000e+00  3.353207e-03
1.190472e+04  0.000000e+00  3.856976e-05  3.594236e-05  7.719066e-03  0.000000e+00  6.448962e-03  3.899337e-06  5.130656e-04  1.215673e-05  5.789419e-03  1.215028e-02  3.047411e-03  0.000000e+00  7.379367e-04  0.000000e+00  1.318957e-03
1.335731e+04  0.000000e+00  1.603663e-03  4.557932e-03  9.963766e-03  0.000000e+00  6.285757e-03  1.316373e-05  1.707239e-03  1.660761e-04  4.464989e-03  2.297816e-03  6.991721e-04  0.000000e+00  0.000000e+00  0.000000e+00  1.430833e-03
1.498715e+04  0.000000e+00  1.990290e-03  6.850507e-05  6.602322e-04  0.000000e+00  3.608588e-03  0.000000e+00  5.180653e-03  2.090432e-04  7.476214e-04  1.505265e-05  4.047246e-03  0.000000e+00  1.235454e-05  0.000000e+00  3.019000e-03
1.681586e+04  0.000000e+00  1.618407e-04  4.303153e-06  3.932991e-04  0.000000e+00  6.522180e-03  2.760519e-06  5.477945e-04  0.000000e+00  6.105521e-05  3.973031e-05  3.590156e-05  0.000000e+00  1.828880e-03  0.000000e+00  2.353685e-03
1.886771e+04  0.000000e+00  3.527056e-04  0.000000e+00  1.331304e-03  0.000000e+00  4.097192e-03  0.000000e+00  3.219040e-03  0.000000e+00  0.000000e+00  1.173191e-03  1.377775e-03  0.000000e+00  2.454902e-03  0.000000e+00  1.827925e-03
2.116992e+04  0.000000e+00  2.192759e-06  0.000000e+00  9.112574e-04  0.000000e+00  1.049851e-05  0.000000e+00  5.163324e-04  0.000000e+00  0.000000e+00  0.000000e+00  1.176027e-03  0.000000e+00  3.744425e-03  0.000000e+00  5.163324e-04
2.375304e+04  0.000000e+00  0.000000e+00  0.000000e+00  1.954298e-06  0.000000e+00  5.590214e-04  1.801385e-05  9.143713e-05  0.000000e+00  1.318973e-04  5.888245e-04  6.092799e-06  0.000000e+00  0.000000e+00  0.000000e+00  1.675285e-03
2.665135e+04  0.000000e+00  1.605486e-05  0.000000e+00  1.120196e-03  0.000000e+00  0.000000e+00  0.000000e+00  0.000000e+00  0.000000e+00  1.028101e-05  0.000000e+00  0.000000e+00  0.000000e+00  0.000000e+00  0.000000e+00  1.605486e-05
2.990330e+04  0.000000e+00  0.000000e+00  0.000000e+00  1.468889e-04  0.000000e+00  0.000000e+00  0.000000e+00  0.000000e+00  0.000000e+00  0.000000e+00  0.000000e+00  2.195200e-04  0.000000e+00  5.403510e-04  0.000000e+00  2.805147e-04
3.355206e+04  0.000000e+00  0.000000e+00  0.000000e+00  0.000000e+00  0.000000e+00  0.000000e+00  0.000000e+00  0.000000e+00  0.000000e+00  0.000000e+00  0.000000e+00  3.361885e-06  0.000000e+00  1.040262e-03  0.000000e+00  1.633300e-05
3.764603e+04  0.000000e+00  0.000000e+00  0.000000e+00  2.727236e-05  0.000000e+00  0.000000e+00  0.000000e+00  0.000000e+00  0.000000e+00  0.000000e+00  0.000000e+00  1.166780e-04  0.000000e+00  2.727236e-05  0.000000e+00  1.233079e-06
4.223954e+04  0.000000e+00  0.000000e+00  0.000000e+00  1.581692e-05  0.000000e+00  0.000000e+00  0.000000e+00  9.221602e-04  0.000000e+00  0.000000e+00  0.000000e+00  1.300090e-04  0.000000e+00  0.000000e+00  0.000000e+00  0.000000e+00
4.739354e+04  0.000000e+00  0.000000e+00  0.000000e+00  0.000000e+00  0.000000e+00  0.000000e+00  0.000000e+00  9.794692e-07  0.000000e+00  0.000000e+00  0.000000e+00  1.507632e-05  0.000000e+00  9.268066e-05  0.000000e+00  0.000000e+00
5.317643e+04  0.000000e+00  0.000000e+00  0.000000e+00  0.000000e+00  0.000000e+00  0.000000e+00  0.000000e+00  0.000000e+00  0.000000e+00  0.000000e+00  0.000000e+00  0.000000e+00  0.000000e+00  0.000000e+00  0.000000e+00  0.000000e+00
5.966493e+04  0.000000e+00  0.000000e+00  0.000000e+00  0.000000e+00  0.000000e+00  0.000000e+00  0.000000e+00  0.000000e+00  0.000000e+00  0.000000e+00  0.000000e+00  0.000000e+00  0.000000e+00  0.000000e+00  0.000000e+00  0.000000e+00
6.694516e+04  0.000000e+00  0.000000e+00  0.000000e+00  0.000000e+00  0.000000e+00  0.000000e+00  0.000000e+00  0.000000e+00  0.000000e+00  0.000000e+00  0.000000e+00  0.000000e+00  0.000000e+00  0.000000e+00  0.000000e+00  3.313653e-05
7.511370e+04  0.000000e+00  0.000000e+00  0.000000e+00  0.000000e+00  0.000000e+00  0.000000e+00  0.000000e+00  0.000000e+00  0.000000e+00  0.000000e+00  0.000000e+00  0.000000e+00  0.000000e+00  0.000000e+00  0.000000e+00  3.964971e-04
8.427896e+04  0.000000e+00  0.000000e+00  0.000000e+00  0.000000e+00  0.000000e+00  0.000000e+00  0.000000e+00  0.000000e+00  0.000000e+00  0.000000e+00  0.000000e+00  0.000000e+00  0.000000e+00  0.000000e+00  0.000000e+00  0.000000e+00
9.456255e+04  0.000000e+00  0.000000e+00  0.000000e+00  0.000000e+00  0.000000e+00  0.000000e+00  0.000000e+00  0.000000e+00  0.000000e+00  0.000000e+00  0.000000e+00  0.000000e+00  0.000000e+00  0.000000e+00  0.000000e+00  0.000000e+00
1.061009e+05  0.000000e+00  0.000000e+00  0.000000e+00  0.000000e+00  0.000000e+00  0.000000e+00  0.000000e+00  0.000000e+00  0.000000e+00  0.000000e+00  0.000000e+00  0.000000e+00  0.000000e+00  0.000000e+00  0.000000e+00  0.000000e+00
1.190472e+05  0.000000e+00  0.000000e+00  0.000000e+00  0.000000e+00  0.000000e+00  0.000000e+00  0.000000e+00  0.000000e+00  0.000000e+00  0.000000e+00  0.000000e+00  0.000000e+00  0.000000e+00  0.000000e+00  0.000000e+00  0.000000e+00
1.335731e+05  0.000000e+00  0.000000e+00  0.000000e+00  0.000000e+00  0.000000e+00  0.000000e+00  0.000000e+00  0.000000e+00  0.000000e+00  0.000000e+00  0.000000e+00  0.000000e+00  0.000000e+00  0.000000e+00  0.000000e+00  0.000000e+00
1.498715e+05  0.000000e+00  0.000000e+00  0.000000e+00  0.000000e+00  0.000000e+00  0.000000e+00  0.000000e+00  0.000000e+00  0.000000e+00  0.000000e+00  0.000000e+00  0.000000e+00  0.000000e+00  0.000000e+00  0.000000e+00  0.000000e+00
1.681586e+05  0.000000e+00  0.000000e+00  0.000000e+00  0.000000e+00  0.000000e+00  0.000000e+00  0.000000e+00  0.000000e+00  0.000000e+00  0.000000e+00  0.000000e+00  0.000000e+00  0.000000e+00  0.000000e+00  0.000000e+00  0.000000e+00
1.886771e+05  0.000000e+00  0.000000e+00  0.000000e+00  0.000000e+00  0.000000e+00  0.000000e+00  0.000000e+00  0.000000e+00  0.000000e+00  0.000000e+00  0.000000e+00  0.000000e+00  0.000000e+00  0.000000e+00  0.000000e+00  0.000000e+00
2.116992e+05  0.000000e+00  0.000000e+00  0.000000e+00  0.000000e+00  0.000000e+00  0.000000e+00  0.000000e+00  0.000000e+00  0.000000e+00  0.000000e+00  0.000000e+00  0.000000e+00  0.000000e+00  0.000000e+00  0.000000e+00  0.000000e+00
2.375304e+05  0.000000e+00  0.000000e+00  0.000000e+00  0.000000e+00  0.000000e+00  0.000000e+00  0.000000e+00  0.000000e+00  0.000000e+00  0.000000e+00  0.000000e+00  0.000000e+00  0.000000e+00  0.000000e+00  0.000000e+00  0.000000e+00
2.665135e+05  0.000000e+00  0.000000e+00  0.000000e+00  0.000000e+00  0.000000e+00  0.000000e+00  0.000000e+00  0.000000e+00  0.000000e+00  0.000000e+00  0.000000e+00  0.000000e+00  0.000000e+00  0.000000e+00  0.000000e+00  0.000000e+00
2.990330e+05  0.000000e+00  0.000000e+00  0.000000e+00  0.000000e+00  0.000000e+00  0.000000e+00  0.000000e+00  0.000000e+00  0.000000e+00  0.000000e+00  0.000000e+00  0.000000e+00  0.000000e+00  0.000000e+00  0.000000e+00  0.000000e+00
3.355206e+05  0.000000e+00  0.000000e+00  0.000000e+00  0.000000e+00  0.000000e+00  0.000000e+00  0.000000e+00  0.000000e+00  0.000000e+00  0.000000e+00  0.000000e+00  0.000000e+00  0.000000e+00  0.000000e+00  0.000000e+00  0.000000e+00
3.764603e+05  0.000000e+00  0.000000e+00  0.000000e+00  0.000000e+00  0.000000e+00  0.000000e+00  0.000000e+00  0.000000e+00  0.000000e+00  0.000000e+00  0.000000e+00  0.000000e+00  0.000000e+00  0.000000e+00  0.000000e+00  0.000000e+00
4.223954e+05  0.000000e+00  0.000000e+00  0.000000e+00  0.000000e+00  0.000000e+00  0.000000e+00  0.000000e+00  0.000000e+00  0.000000e+00  0.000000e+00  0.000000e+00  0.000000e+00  0.000000e+00  0.000000e+00  0.000000e+00  0.000000e+00
4.739354e+05  0.000000e+00  0.000000e+00  0.000000e+00  0.000000e+00  0.000000e+00  0.000000e+00  0.000000e+00  0.000000e+00  0.000000e+00  0.000000e+00  0.000000e+00  0.000000e+00  0.000000e+00  0.000000e+00  0.000000e+00  0.000000e+00
5.317643e+05  0.000000e+00  0.000000e+00  0.000000e+00  0.000000e+00  0.000000e+00  0.000000e+00  0.000000e+00  0.000000e+00  0.000000e+00  0.000000e+00  0.000000e+00  0.000000e+00  0.000000e+00  0.000000e+00  0.000000e+00  0.000000e+00
5.966493e+05  0.000000e+00  0.000000e+00  0.000000e+00  0.000000e+00  0.000000e+00  0.000000e+00  0.000000e+00  0.000000e+00  0.000000e+00  0.000000e+00  0.000000e+00  0.000000e+00  0.000000e+00  0.000000e+00  0.000000e+00  0.000000e+00
6.694516e+05  0.000000e+00  0.000000e+00  0.000000e+00  0.000000e+00  0.000000e+00  0.000000e+00  0.000000e+00  0.000000e+00  0.000000e+00  0.000000e+00  0.000000e+00  0.000000e+00  0.000000e+00  0.000000e+00  0.000000e+00  0.000000e+00
7.511370e+05  0.000000e+00  0.000000e+00  0.000000e+00  0.000000e+00  0.000000e+00  0.000000e+00  0.000000e+00  0.000000e+00  0.000000e+00  0.000000e+00  0.000000e+00  0.000000e+00  0.000000e+00  0.000000e+00  0.000000e+00  0.000000e+00
8.427896e+05  0.000000e+00  0.000000e+00  0.000000e+00  0.000000e+00  0.000000e+00  0.000000e+00  0.000000e+00  0.000000e+00  0.000000e+00  0.000000e+00  0.000000e+00  0.000000e+00  0.000000e+00  0.000000e+00  0.000000e+00  0.000000e+00
9.456255e+05  0.000000e+00  0.000000e+00  0.000000e+00  0.000000e+00  0.000000e+00  0.000000e+00  0.000000e+00  0.000000e+00  0.000000e+00  0.000000e+00  0.000000e+00  0.000000e+00  0.000000e+00  0.000000e+00  0.000000e+00  0.000000e+00
