# dR/dEr [1/keV/kg/Myr]
# Er [keV], S, F, Ne, Cl, Na, Si, O, P, N, C, Al, Mg, Be, B, Ar, Li
1.061009e+01  2.166993e+04  1.535425e+04  0.000000e+00  0.000000e+00  4.316640e+03  0.000000e+00  1.608220e+03  0.000000e+00  0.000000e+00  0.000000e+00  0.000000e+00  0.000000e+00  1.012249e+00  0.000000e+00  0.000000e+00  0.000000e+00
1.190472e+01  8.302275e+03  1.072510e+03  0.000000e+00  0.000000e+00  2.603502e+03  0.000000e+00  0.000000e+00  0.000000e+00  0.000000e+00  0.000000e+00  0.000000e+00  0.000000e+00  0.000000e+00  0.000000e+00  0.000000e+00  0.000000e+00
1.335731e+01  1.148671e+04  2.491015e+03  0.000000e+00  0.000000e+00  0.000000e+00  0.000000e+00  0.000000e+00  0.000000e+00  0.000000e+00  0.000000e+00  0.000000e+00  0.000000e+00  0.000000e+00  0.000000e+00  0.000000e+00  0.000000e+00
1.498715e+01  3.021265e+03  2.546546e+03  0.000000e+00  0.000000e+00  1.251762e+03  0.000000e+00  5.583840e+02  0.000000e+00  0.000000e+00  0.000000e+00  0.000000e+00  0.000000e+00  0.000000e+00  0.000000e+00  0.000000e+00  0.000000e+00
1.681586e+01  7.696827e+03  1.901829e+03  1.114916e+03  0.000000e+00  2.066497e+03  4.976603e+02  0.000000e+00  0.000000e+00  0.000000e+00  0.000000e+00  0.000000e+00  0.000000e+00  0.000000e+00  0.000000e+00  0.000000e+00  0.000000e+00
1.886771e+01  5.286562e+03  2.803689e+03  0.000000e+00  0.000000e+00  9.936696e+02  0.000000e+00  0.000000e+00  0.000000e+00  0.000000e+00  0.000000e+00  0.000000e+00  0.000000e+00  0.000000e+00  0.000000e+00  0.000000e+00  0.000000e+00
2.116992e+01  5.142570e+03  3.560738e+03  0.000000e+00  0.000000e+00  1.096383e+03  0.000000e+00  5.083473e+02  0.000000e+00  0.000000e+00  0.000000e+00  9.866665e+00  0.000000e+00  0.000000e+00  0.000000e+00  0.000000e+00  0.000000e+00
2.375304e+01  9.423023e+03  1.945759e+03  2.017232e+02  0.000000e+00  1.750652e+03  0.000000e+00  7.892998e+02  0.000000e+00  0.000000e+00  0.000000e+00  0.000000e+00  0.000000e+00  0.000000e+00  0.000000e+00  0.000000e+00  0.000000e+00
2.665135e+01  8.151096e+03  2.192822e+03  4.037946e+02  4.530744e-01  6.401657e+02  0.000000e+00  0.000000e+00  6.137757e+01  0.000000e+00  0.000000e+00  0.000000e+00  0.000000e+00  0.000000e+00  0.000000e+00  0.000000e+00  0.000000e+00
2.990330e+01  8.705558e+03  3.803343e+03  4.905210e+02  0.000000e+00  2.263623e+02  0.000000e+00  6.397372e+02  0.000000e+00  0.000000e+00  0.000000e+00  2.708765e+00  0.000000e+00  2.915771e+01  0.000000e+00  0.000000e+00  0.000000e+00
3.355206e+01  1.126940e+04  2.753808e+03  4.152556e+02  0.000000e+00  1.012516e+03  0.000000e+00  5.168617e+02  0.000000e+00  0.000000e+00  0.000000e+00  2.610361e+01  0.000000e+00  1.645162e+01  0.000000e+00  0.000000e+00  0.000000e+00
3.764603e+01  1.242692e+04  1.725995e+03  7.592567e-02  2.858647e+02  8.358743e+02  0.000000e+00  6.572654e-01  0.000000e+00  0.000000e+00  0.000000e+00  0.000000e+00  0.000000e+00  1.040704e-01  0.000000e+00  0.000000e+00  0.000000e+00
4.223954e+01  1.199771e+04  6.025462e+03  7.558461e+00  0.000000e+00  2.355916e+03  0.000000e+00  3.963370e+02  0.000000e+00  0.000000e+00  0.000000e+00  4.139492e+00  0.000000e+00  3.187024e+02  0.000000e+00  0.000000e+00  0.000000e+00
4.739354e+01  1.671428e+04  6.398842e+03  2.270704e+02  5.210489e+02  8.431440e+02  0.000000e+00  7.923953e+02  0.000000e+00  0.000000e+00  0.000000e+00  0.000000e+00  0.000000e+00  1.833827e+02  0.000000e+00  0.000000e+00  0.000000e+00
5.317643e+01  1.454478e+04  3.813424e+03  5.621274e+02  0.000000e+00  1.829634e+03  0.000000e+00  1.085347e+03  0.000000e+00  0.000000e+00  0.000000e+00  3.927990e+00  0.000000e+00  0.000000e+00  0.000000e+00  0.000000e+00  0.000000e+00
5.966493e+01  1.938406e+04  6.870330e+03  6.001774e+02  3.206281e+02  1.031537e+03  0.000000e+00  7.280245e+02  0.000000e+00  0.000000e+00  0.000000e+00  9.285853e+00  0.000000e+00  1.950222e+00  0.000000e+00  0.000000e+00  0.000000e+00
6.694516e+01  2.102765e+04  5.797686e+03  9.987488e+02  0.000000e+00  2.496292e+03  0.000000e+00  2.802345e+02  0.000000e+00  2.242235e+00  0.000000e+00  5.092368e+01  0.000000e+00  1.486728e+03  0.000000e+00  0.000000e+00  0.000000e+00
7.511370e+01  2.203152e+04  7.236851e+03  6.772278e+02  2.969001e+02  1.414024e+03  0.000000e+00  6.799784e+02  0.000000e+00  0.000000e+00  0.000000e+00  4.250435e+00  0.000000e+00  4.782853e+05  0.000000e+00  0.000000e+00  0.000000e+00
8.427896e+01  2.805643e+04  8.851413e+03  5.424197e+02  6.849678e+02  2.149988e+03  0.000000e+00  9.872132e+02  0.000000e+00  0.000000e+00  0.000000e+00  0.000000e+00  0.000000e+00  5.789426e+05  0.000000e+00  0.000000e+00  0.000000e+00
9.456255e+01  2.802656e+04  7.022728e+03  5.770351e+02  3.770942e+02  1.838831e+03  0.000000e+00  3.456428e+02  0.000000e+00  1.603469e+00  0.000000e+00  1.608834e-02  0.000000e+00  4.335728e+05  0.000000e+00  0.000000e+00  0.000000e+00
1.061009e+02  3.340185e+04  8.974600e+03  5.620638e+02  1.382619e+02  2.593863e+03  0.000000e+00  6.561240e+02  0.000000e+00  0.000000e+00  5.221819e+00  1.470787e+02  0.000000e+00  3.366107e+05  0.000000e+00  0.000000e+00  0.000000e+00
1.190472e+02  3.569387e+04  1.138314e+04  1.149820e+03  1.951753e+02  2.142412e+03  0.000000e+00  2.678030e+02  0.000000e+00  7.029639e+01  2.863649e+01  3.014879e+05  0.000000e+00  2.453278e+05  0.000000e+00  1.772085e+00  0.000000e+00
1.335731e+02  4.048803e+04  1.281424e+04  7.785471e+02  2.139876e-02  3.032390e+03  0.000000e+00  3.898844e+02  0.000000e+00  0.000000e+00  0.000000e+00  2.459791e+05  0.000000e+00  1.800466e+05  0.000000e+00  0.000000e+00  0.000000e+00
1.498715e+02  9.999940e+04  1.462516e+04  6.827198e+02  1.785353e+02  1.866285e+03  0.000000e+00  6.032182e+02  0.000000e+00  1.118419e+02  1.095048e+01  1.847677e+05  0.000000e+00  1.354973e+05  0.000000e+00  0.000000e+00  0.000000e+00
1.681586e+02  1.446435e+05  1.455127e+04  7.872614e+02  2.066497e+02  1.528861e+03  9.047139e-03  8.219867e+02  0.000000e+00  8.637183e+00  0.000000e+00  1.368686e+05  0.000000e+00  9.647080e+04  0.000000e+00  0.000000e+00  0.000000e+00
1.886771e+02  8.344658e+04  1.750947e+04  5.737095e+02  2.244077e+02  3.170137e+03  1.013915e+02  7.640572e+02  6.597865e+01  6.597865e+01  0.000000e+00  1.043972e+05  0.000000e+00  7.342697e+04  0.000000e+00  0.000000e+00  0.000000e+00
2.116992e+02  3.628762e+04  2.150764e+04  7.434291e+02  4.618428e+02  1.302672e+03  5.880353e+01  8.000448e+02  0.000000e+00  0.000000e+00  7.186398e-03  7.867188e+04  0.000000e+00  4.638959e+04  0.000000e+00  1.350170e-02  0.000000e+00
2.375304e+02  2.599941e+04  1.141099e+05  1.249623e+03  4.516606e+02  1.944825e+03  2.652128e+01  7.893762e+02  1.039794e+02  0.000000e+00  3.523165e+01  5.863392e+04  0.000000e+00  3.340491e+04  0.000000e+00  5.707818e+01  0.000000e+00
2.665135e+02  2.131854e+04  9.473408e+04  1.281271e+03  2.316507e+02  2.734497e+03  5.227759e+01  6.056011e+02  0.000000e+00  4.670931e+01  5.429545e+00  4.418629e+04  0.000000e+00  2.560301e+04  0.000000e+00  0.000000e+00  0.000000e+00
2.990330e+02  1.281579e+04  1.416112e+04  6.903160e+02  2.553272e+02  2.243594e+03  2.613180e-01  1.116150e+03  6.973486e-03  1.310169e-02  5.070615e-01  3.357080e+04  0.000000e+00  1.906185e+04  0.000000e+00  0.000000e+00  0.000000e+00
3.355206e+02  1.099756e+04  1.235433e+04  8.188643e+02  3.217661e+02  2.360195e+03  3.710252e+01  8.108720e+02  3.755125e+01  3.207454e+01  1.019660e+01  2.424498e+04  3.468039e-01  1.196479e+04  0.000000e+00  0.000000e+00  2.193283e-02
3.764603e+02  7.404441e+03  9.158257e+03  9.824510e+02  1.746717e+02  2.671984e+03  1.029709e+00  6.087908e+02  0.000000e+00  3.700970e+01  0.000000e+00  1.725463e+04  0.000000e+00  8.665477e+03  0.000000e+00  0.000000e+00  0.000000e+00
4.223954e+02  4.773738e+03  7.450643e+03  6.269126e+02  2.975805e+02  2.218716e+03  2.548265e+01  9.204655e+02  6.027224e+01  2.947652e+01  8.077626e+00  1.279983e+04  0.000000e+00  5.183629e+03  0.000000e+00  6.766882e-03  0.000000e+00
4.739354e+02  3.540774e+03  5.913900e+03  9.119796e+02  5.608263e+02  1.843224e+03  2.387606e+01  7.822222e+02  3.397599e+01  3.451515e+00  0.000000e+00  7.592321e+03  0.000000e+00  3.679300e+03  3.451515e+00  0.000000e+00  0.000000e+00
5.317643e+02  2.675613e+03  3.892982e+03  9.000573e+02  2.439093e+02  2.052637e+03  6.563887e+01  7.725842e+02  5.399472e+01  5.857056e+01  2.382561e+01  6.074979e+03  0.000000e+00  2.876752e+03  2.860957e-03  2.549589e+01  0.000000e+00
5.966493e+02  2.382609e+03  3.201351e+03  9.190885e+02  3.830736e+02  2.035834e+03  3.733134e+01  6.946640e+02  6.679379e+01  4.174880e+01  1.461347e+00  4.811110e+03  0.000000e+00  1.804999e+03  0.000000e+00  6.566399e-03  0.000000e+00
6.694516e+02  1.781302e+03  2.667786e+03  1.149434e+03  6.198065e+02  1.922608e+03  4.666084e+01  9.494508e+02  5.137263e+01  4.881750e+01  1.272489e+01  3.167044e+03  0.000000e+00  8.582114e+02  0.000000e+00  0.000000e+00  0.000000e+00
7.511370e+02  1.427469e+03  2.081436e+03  8.399951e+02  4.940544e+02  1.299829e+03  1.689716e+01  7.120339e+02  7.183831e+01  3.044987e+01  8.541676e+00  1.945107e+03  0.000000e+00  6.806252e+02  0.000000e+00  0.000000e+00  0.000000e+00
8.427896e+02  8.967369e+02  1.679366e+03  6.740220e+02  5.954445e+02  1.361240e+03  4.494423e+01  7.973550e+02  2.930073e+01  1.286647e+01  3.005821e+00  1.112458e+03  0.000000e+00  3.599752e+02  0.000000e+00  4.883223e+00  0.000000e+00
9.456255e+02  8.377930e+02  1.453920e+03  8.978423e+02  3.433317e+02  1.199456e+03  4.008656e+01  7.897092e+02  8.816038e+01  0.000000e+00  3.539873e+01  8.115375e+02  1.276937e-02  2.774803e+02  0.000000e+00  0.000000e+00  0.000000e+00
1.061009e+03  7.596038e+02  9.789546e+02  8.211042e+02  5.683894e+02  9.297027e+02  5.427027e+01  7.751139e+02  6.488001e+01  6.324531e+01  1.372741e+00  6.643976e+02  0.000000e+00  6.708619e+01  1.528562e-01  1.096690e-01  0.000000e+00
1.190472e+03  5.233284e+02  8.710250e+02  7.582007e+02  5.885888e+02  7.591685e+02  4.137029e+01  4.564345e+02  7.676599e+01  3.284153e+01  2.870124e+00  3.923158e+02  0.000000e+00  1.121096e+02  0.000000e+00  0.000000e+00  0.000000e+00
1.335731e+03  4.786267e+02  7.468209e+02  6.183419e+02  4.579459e+02  6.064517e+02  2.454056e+01  6.222388e+02  2.264070e+01  4.874938e+01  8.304530e+00  1.796094e+02  0.000000e+00  3.021878e+01  3.081105e+00  0.000000e+00  0.000000e+00
1.498715e+03  3.169212e+02  5.678835e+02  5.316219e+02  4.599350e+02  4.026898e+02  6.346123e+01  5.129491e+02  7.273796e+01  5.558330e+01  1.069298e+01  1.422515e+02  1.650976e-02  6.387558e+01  0.000000e+00  0.000000e+00  5.475393e-02
1.681586e+03  1.191936e+02  4.722231e+02  3.854826e+02  4.061845e+02  4.446268e+02  4.538578e+01  4.152591e+02  5.334506e+01  4.348650e+01  1.221088e+01  9.574259e+01  0.000000e+00  6.045604e+01  1.292626e+00  0.000000e+00  4.376174e-03
1.886771e+03  1.394617e+02  2.947088e+02  3.859412e+02  5.481213e+02  3.612511e+02  3.863837e+01  3.752777e+02  5.131607e+01  3.411676e+01  1.709855e+01  5.558784e+01  6.165869e+00  7.384406e+00  8.174345e-01  2.846146e-03  0.000000e+00
2.116992e+03  1.401303e+02  3.030860e+02  2.527388e+02  3.355116e+02  1.472166e+02  3.007690e+01  2.647545e+02  4.851869e+01  1.222536e+01  1.308600e+01  1.554550e+01  3.074403e+00  6.921856e+00  1.350170e-03  0.000000e+00  1.350170e-03
2.375304e+03  5.400754e+01  1.844025e+02  2.191102e+02  4.455171e+02  1.383004e+02  4.732585e+01  2.376091e+02  4.349196e+01  3.117704e+01  6.126186e+00  4.069349e+01  8.779099e-04  0.000000e+00  8.793674e-02  0.000000e+00  2.338906e-01
2.665135e+03  4.730450e+01  1.135661e+02  1.765013e+02  3.523753e+02  6.924888e+01  4.204431e+01  1.511534e+02  7.587605e+01  1.114651e+01  2.152234e+01  1.070210e+01  2.826840e+00  2.953273e+00  3.271549e-01  0.000000e+00  1.288429e+00
2.990330e+03  6.303485e+00  7.487306e+01  1.038413e+02  2.629040e+02  5.503391e+01  4.655762e+01  1.018755e+02  5.674964e+01  3.897964e+00  4.301601e+00  7.191765e+00  2.214792e-01  0.000000e+00  2.928873e-01  0.000000e+00  1.625258e+00
3.355206e+03  6.999075e+00  8.322562e+01  6.978845e+01  2.761872e+02  1.495214e+01  5.248989e+01  7.160481e+01  3.616449e+01  8.947535e+00  9.079038e+00  9.341419e-01  2.403142e+00  1.921183e+00  2.414189e-02  0.000000e+00  1.305331e-03
3.764603e+03  3.875579e+00  3.420737e+01  5.284839e+01  1.748775e+02  7.199483e+00  3.281267e+01  3.757016e+01  2.556471e+01  5.102869e+00  6.530663e+00  3.175645e+00  6.839051e-02  4.041209e-04  1.277421e+00  0.000000e+00  5.228206e-01
4.223954e+03  4.112530e-02  3.007214e+01  1.654500e+01  1.436798e+02  1.412269e+00  1.752649e+01  3.956137e+01  2.565749e+01  4.898216e+00  4.233584e+00  2.030172e+00  2.274293e-01  0.000000e+00  1.582035e+00  0.000000e+00  2.757180e-01
4.739354e+03  6.736485e-02  1.550052e+01  2.610719e+01  1.238795e+02  2.717935e+00  2.363099e+01  5.717007e+00  1.264974e+01  1.235808e+00  2.143170e+00  1.112591e+00  4.683145e-01  1.133071e-03  1.061920e-02  0.000000e+00  5.651925e-02
5.317643e+03  2.215223e+00  9.242962e+00  1.326743e+01  7.625727e+01  6.010150e-02  1.466434e+01  6.429568e-01  2.615807e+01  7.798068e+00  2.507760e+00  2.864899e-01  1.563812e+00  0.000000e+00  4.073276e-01  0.000000e+00  2.379081e+00
5.966493e+03  1.719920e-01  5.064038e+00  1.971799e+00  3.339439e+01  1.427965e+00  1.845390e+01  1.245228e+00  5.228564e+00  2.719167e+00  4.114878e+00  1.309693e-02  3.860032e-02  0.000000e+00  9.375857e-02  0.000000e+00  2.448076e-01
6.694516e+03  3.114942e-04  2.494581e+00  3.536385e+00  2.162817e+01  4.959470e-02  2.325272e+01  5.622936e-02  5.738205e+00  1.234406e+00  3.468353e+00  6.599402e-01  4.297982e+00  0.000000e+00  4.910140e-02  0.000000e+00  1.099245e-03
7.511370e+03  1.878529e-02  9.268168e-01  3.088157e+00  2.036289e+01  5.583098e-01  1.070376e+01  3.765065e-01  3.339292e+00  2.888613e-01  1.965272e+00  1.385598e-02  2.004695e-01  0.000000e+00  4.018258e-03  0.000000e+00  1.301061e+00
8.427896e+03  6.573881e-02  4.558563e-01  2.050484e+00  1.694687e+00  7.501072e-02  1.055946e+01  2.180158e+00  4.658576e+00  3.246195e-01  2.217848e-01  8.090023e-01  5.982866e-01  0.000000e+00  1.897613e-03  0.000000e+00  9.178423e-02
9.456255e+03  0.000000e+00  1.571394e-01  1.635147e+00  5.193833e+00  1.258235e-01  8.334883e+00  3.022655e-04  2.301813e+00  5.680227e-01  2.639913e-01  1.992902e+00  6.632674e-01  0.000000e+00  2.522682e-01  0.000000e+00  8.565867e-03
1.061009e+04  0.000000e+00  1.083120e+00  1.355327e+00  2.364485e+00  1.995598e-02  4.091625e+00  1.191633e-01  1.232230e+00  8.003593e-03  8.813953e-01  3.743387e-01  5.258048e-01  0.000000e+00  1.965395e-04  0.000000e+00  2.219802e-01
1.190472e+04  0.000000e+00  8.663479e-04  6.181511e-04  1.443884e+00  0.000000e+00  8.992303e-01  1.277942e-04  1.577479e-02  3.503321e-04  4.532498e-01  3.688015e+00  4.026184e-01  0.000000e+00  2.521803e-02  0.000000e+00  4.833449e-02
1.335731e+04  0.000000e+00  6.846769e-02  1.008824e+00  1.144469e+00  0.000000e+00  2.688678e+00  2.933103e-04  1.017644e-01  5.964079e-03  3.053415e-01  1.372062e-01  2.552724e-02  0.000000e+00  0.000000e+00  0.000000e+00  7.732782e-02
1.498715e+04  0.000000e+00  1.448751e-01  1.650976e-03  2.261061e-02  0.000000e+00  3.718706e-01  0.000000e+00  1.220746e+00  7.763972e-03  3.732596e-02  3.814333e-04  1.644594e+00  0.000000e+00  3.298560e-04  0.000000e+00  2.982172e-01
1.681586e+04  0.000000e+00  3.660942e-03  1.240081e-04  1.314370e-02  0.000000e+00  8.325693e-01  9.047139e-05  2.002341e-02  0.000000e+00  1.471434e-03  7.180746e-04  6.706021e-04  0.000000e+00  9.924805e-02  0.000000e+00  1.497902e-01
1.886771e+04  0.000000e+00  1.166825e-02  0.000000e+00  8.698641e-02  0.000000e+00  6.382309e-01  0.000000e+00  3.055742e-01  0.000000e+00  0.000000e+00  5.901351e-02  8.812007e-02  0.000000e+00  2.478491e-01  0.000000e+00  8.235937e-02
2.116992e+04  0.000000e+00  7.186398e-05  0.000000e+00  5.037405e-02  0.000000e+00  2.569303e-04  0.000000e+00  2.617109e-02  0.000000e+00  0.000000e+00  0.000000e+00  7.726979e-02  0.000000e+00  5.532088e-01  0.000000e+00  2.617109e-02
2.375304e+04  0.000000e+00  0.000000e+00  0.000000e+00  6.404884e-05  0.000000e+00  2.677975e-02  3.098094e-04  3.289799e-03  0.000000e+00  4.898735e-03  3.670738e-02  1.755820e-04  0.000000e+00  0.000000e+00  0.000000e+00  1.064011e-01
2.665135e+04  0.000000e+00  2.761179e-04  0.000000e+00  8.149042e-02  0.000000e+00  0.000000e+00  0.000000e+00  0.000000e+00  0.000000e+00  2.014917e-04  0.000000e+00  0.000000e+00  0.000000e+00  0.000000e+00  0.000000e+00  2.761179e-04
2.990330e+04  0.000000e+00  0.000000e+00  0.000000e+00  5.019740e-03  0.000000e+00  0.000000e+00  0.000000e+00  0.000000e+00  0.000000e+00  0.000000e+00  0.000000e+00  7.632920e-03  0.000000e+00  3.177089e-02  0.000000e+00  1.079722e-02
3.355206e+04  0.000000e+00  0.000000e+00  0.000000e+00  0.000000e+00  0.000000e+00  0.000000e+00  0.000000e+00  0.000000e+00  0.000000e+00  0.000000e+00  0.000000e+00  8.519000e-05  0.000000e+00  4.040826e-01  0.000000e+00  3.201011e-04
3.764603e+04  0.000000e+00  0.000000e+00  0.000000e+00  6.572654e-04  0.000000e+00  0.000000e+00  0.000000e+00  0.000000e+00  0.000000e+00  0.000000e+00  0.000000e+00  3.987321e-03  0.000000e+00  6.572654e-04  0.000000e+00  4.041209e-05
4.223954e+04  0.000000e+00  0.000000e+00  0.000000e+00  2.858706e-04  0.000000e+00  0.000000e+00  0.000000e+00  8.565364e-02  0.000000e+00  0.000000e+00  0.000000e+00  4.188860e-03  0.000000e+00  0.000000e+00  0.000000e+00  0.000000e+00
4.739354e+04  0.000000e+00  0.000000e+00  0.000000e+00  0.000000e+00  0.000000e+00  0.000000e+00  0.000000e+00  3.210046e-05  0.000000e+00  0.000000e+00  0.000000e+00  2.868829e-04  0.000000e+00  3.167242e-03  0.000000e+00  0.000000e+00
5.317643e+04  0.000000e+00  0.000000e+00  0.000000e+00  0.000000e+00  0.000000e+00  0.000000e+00  0.000000e+00  0.000000e+00  0.000000e+00  0.000000e+00  0.000000e+00  0.000000e+00  0.000000e+00  0.000000e+00  0.000000e+00  0.000000e+00
5.966493e+04  0.000000e+00  0.000000e+00  0.000000e+00  0.000000e+00  0.000000e+00  0.000000e+00  0.000000e+00  0.000000e+00  0.000000e+00  0.000000e+00  0.000000e+00  0.000000e+00  0.000000e+00  0.000000e+00  0.000000e+00  0.000000e+00
6.694516e+04  0.000000e+00  0.000000e+00  0.000000e+00  0.000000e+00  0.000000e+00  0.000000e+00  0.000000e+00  0.000000e+00  0.000000e+00  0.000000e+00  0.000000e+00  0.000000e+00  0.000000e+00  0.000000e+00  0.000000e+00  1.189990e-03
7.511370e+04  0.000000e+00  0.000000e+00  0.000000e+00  0.000000e+00  0.000000e+00  0.000000e+00  0.000000e+00  0.000000e+00  0.000000e+00  0.000000e+00  0.000000e+00  0.000000e+00  0.000000e+00  0.000000e+00  0.000000e+00  2.888613e-02
8.427896e+04  0.000000e+00  0.000000e+00  0.000000e+00  0.000000e+00  0.000000e+00  0.000000e+00  0.000000e+00  0.000000e+00  0.000000e+00  0.000000e+00  0.000000e+00  0.000000e+00  0.000000e+00  0.000000e+00  0.000000e+00  0.000000e+00
9.456255e+04  0.000000e+00  0.000000e+00  0.000000e+00  0.000000e+00  0.000000e+00  0.000000e+00  0.000000e+00  0.000000e+00  0.000000e+00  0.000000e+00  0.000000e+00  0.000000e+00  0.000000e+00  0.000000e+00  0.000000e+00  0.000000e+00
1.061009e+05  0.000000e+00  0.000000e+00  0.000000e+00  0.000000e+00  0.000000e+00  0.000000e+00  0.000000e+00  0.000000e+00  0.000000e+00  0.000000e+00  0.000000e+00  0.000000e+00  0.000000e+00  0.000000e+00  0.000000e+00  0.000000e+00
1.190472e+05  0.000000e+00  0.000000e+00  0.000000e+00  0.000000e+00  0.000000e+00  0.000000e+00  0.000000e+00  0.000000e+00  0.000000e+00  0.000000e+00  0.000000e+00  0.000000e+00  0.000000e+00  0.000000e+00  0.000000e+00  0.000000e+00
1.335731e+05  0.000000e+00  0.000000e+00  0.000000e+00  0.000000e+00  0.000000e+00  0.000000e+00  0.000000e+00  0.000000e+00  0.000000e+00  0.000000e+00  0.000000e+00  0.000000e+00  0.000000e+00  0.000000e+00  0.000000e+00  0.000000e+00
1.498715e+05  0.000000e+00  0.000000e+00  0.000000e+00  0.000000e+00  0.000000e+00  0.000000e+00  0.000000e+00  0.000000e+00  0.000000e+00  0.000000e+00  0.000000e+00  0.000000e+00  0.000000e+00  0.000000e+00  0.000000e+00  0.000000e+00
1.681586e+05  0.000000e+00  0.000000e+00  0.000000e+00  0.000000e+00  0.000000e+00  0.000000e+00  0.000000e+00  0.000000e+00  0.000000e+00  0.000000e+00  0.000000e+00  0.000000e+00  0.000000e+00  0.000000e+00  0.000000e+00  0.000000e+00
1.886771e+05  0.000000e+00  0.000000e+00  0.000000e+00  0.000000e+00  0.000000e+00  0.000000e+00  0.000000e+00  0.000000e+00  0.000000e+00  0.000000e+00  0.000000e+00  0.000000e+00  0.000000e+00  0.000000e+00  0.000000e+00  0.000000e+00
2.116992e+05  0.000000e+00  0.000000e+00  0.000000e+00  0.000000e+00  0.000000e+00  0.000000e+00  0.000000e+00  0.000000e+00  0.000000e+00  0.000000e+00  0.000000e+00  0.000000e+00  0.000000e+00  0.000000e+00  0.000000e+00  0.000000e+00
2.375304e+05  0.000000e+00  0.000000e+00  0.000000e+00  0.000000e+00  0.000000e+00  0.000000e+00  0.000000e+00  0.000000e+00  0.000000e+00  0.000000e+00  0.000000e+00  0.000000e+00  0.000000e+00  0.000000e+00  0.000000e+00  0.000000e+00
2.665135e+05  0.000000e+00  0.000000e+00  0.000000e+00  0.000000e+00  0.000000e+00  0.000000e+00  0.000000e+00  0.000000e+00  0.000000e+00  0.000000e+00  0.000000e+00  0.000000e+00  0.000000e+00  0.000000e+00  0.000000e+00  0.000000e+00
2.990330e+05  0.000000e+00  0.000000e+00  0.000000e+00  0.000000e+00  0.000000e+00  0.000000e+00  0.000000e+00  0.000000e+00  0.000000e+00  0.000000e+00  0.000000e+00  0.000000e+00  0.000000e+00  0.000000e+00  0.000000e+00  0.000000e+00
3.355206e+05  0.000000e+00  0.000000e+00  0.000000e+00  0.000000e+00  0.000000e+00  0.000000e+00  0.000000e+00  0.000000e+00  0.000000e+00  0.000000e+00  0.000000e+00  0.000000e+00  0.000000e+00  0.000000e+00  0.000000e+00  0.000000e+00
3.764603e+05  0.000000e+00  0.000000e+00  0.000000e+00  0.000000e+00  0.000000e+00  0.000000e+00  0.000000e+00  0.000000e+00  0.000000e+00  0.000000e+00  0.000000e+00  0.000000e+00  0.000000e+00  0.000000e+00  0.000000e+00  0.000000e+00
4.223954e+05  0.000000e+00  0.000000e+00  0.000000e+00  0.000000e+00  0.000000e+00  0.000000e+00  0.000000e+00  0.000000e+00  0.000000e+00  0.000000e+00  0.000000e+00  0.000000e+00  0.000000e+00  0.000000e+00  0.000000e+00  0.000000e+00
4.739354e+05  0.000000e+00  0.000000e+00  0.000000e+00  0.000000e+00  0.000000e+00  0.000000e+00  0.000000e+00  0.000000e+00  0.000000e+00  0.000000e+00  0.000000e+00  0.000000e+00  0.000000e+00  0.000000e+00  0.000000e+00  0.000000e+00
5.317643e+05  0.000000e+00  0.000000e+00  0.000000e+00  0.000000e+00  0.000000e+00  0.000000e+00  0.000000e+00  0.000000e+00  0.000000e+00  0.000000e+00  0.000000e+00  0.000000e+00  0.000000e+00  0.000000e+00  0.000000e+00  0.000000e+00
5.966493e+05  0.000000e+00  0.000000e+00  0.000000e+00  0.000000e+00  0.000000e+00  0.000000e+00  0.000000e+00  0.000000e+00  0.000000e+00  0.000000e+00  0.000000e+00  0.000000e+00  0.000000e+00  0.000000e+00  0.000000e+00  0.000000e+00
6.694516e+05  0.000000e+00  0.000000e+00  0.000000e+00  0.000000e+00  0.000000e+00  0.000000e+00  0.000000e+00  0.000000e+00  0.000000e+00  0.000000e+00  0.000000e+00  0.000000e+00  0.000000e+00  0.000000e+00  0.000000e+00  0.000000e+00
7.511370e+05  0.000000e+00  0.000000e+00  0.000000e+00  0.000000e+00  0.000000e+00  0.000000e+00  0.000000e+00  0.000000e+00  0.000000e+00  0.000000e+00  0.000000e+00  0.000000e+00  0.000000e+00  0.000000e+00  0.000000e+00  0.000000e+00
8.427896e+05  0.000000e+00  0.000000e+00  0.000000e+00  0.000000e+00  0.000000e+00  0.000000e+00  0.000000e+00  0.000000e+00  0.000000e+00  0.000000e+00  0.000000e+00  0.000000e+00  0.000000e+00  0.000000e+00  0.000000e+00  0.000000e+00
9.456255e+05  0.000000e+00  0.000000e+00  0.000000e+00  0.000000e+00  0.000000e+00  0.000000e+00  0.000000e+00  0.000000e+00  0.000000e+00  0.000000e+00  0.000000e+00  0.000000e+00  0.000000e+00  0.000000e+00  0.000000e+00  0.000000e+00
