# dR/dEr [1/keV/kg/Myr]
# Er [keV], S, F, Ne, Cl, Na, Si, O, P, N, C, Al, Mg, Be, B, Ar, Li
1.061009e+01  9.944920e-02  9.896675e-02  0.000000e+00  0.000000e+00  6.469552e-02  0.000000e+00  4.938016e-03  0.000000e+00  0.000000e+00  0.000000e+00  0.000000e+00  0.000000e+00  2.942522e-02  0.000000e+00  0.000000e+00  0.000000e+00
1.190472e+01  1.584753e-02  2.739586e-02  0.000000e+00  0.000000e+00  5.106006e-03  0.000000e+00  0.000000e+00  0.000000e+00  0.000000e+00  0.000000e+00  0.000000e+00  0.000000e+00  0.000000e+00  0.000000e+00  0.000000e+00  0.000000e+00
1.335731e+01  2.478503e-02  2.322661e-02  0.000000e+00  0.000000e+00  0.000000e+00  0.000000e+00  0.000000e+00  0.000000e+00  0.000000e+00  0.000000e+00  0.000000e+00  0.000000e+00  0.000000e+00  0.000000e+00  0.000000e+00  0.000000e+00
1.498715e+01  5.838487e-03  2.313337e-02  0.000000e+00  0.000000e+00  1.904381e-02  0.000000e+00  9.203816e-04  0.000000e+00  0.000000e+00  0.000000e+00  0.000000e+00  0.000000e+00  0.000000e+00  0.000000e+00  0.000000e+00  0.000000e+00
1.681586e+01  1.444535e-02  1.216552e-02  2.060341e-03  0.000000e+00  4.172036e-03  8.202909e-04  0.000000e+00  0.000000e+00  0.000000e+00  0.000000e+00  0.000000e+00  0.000000e+00  0.000000e+00  0.000000e+00  0.000000e+00  0.000000e+00
1.886771e+01  9.823484e-03  1.110749e-02  0.000000e+00  0.000000e+00  1.836281e-03  0.000000e+00  0.000000e+00  0.000000e+00  0.000000e+00  0.000000e+00  0.000000e+00  0.000000e+00  0.000000e+00  0.000000e+00  0.000000e+00  0.000000e+00
2.116992e+01  1.752460e-02  2.055386e-02  0.000000e+00  0.000000e+00  2.011160e-03  0.000000e+00  8.648885e-04  0.000000e+00  0.000000e+00  0.000000e+00  1.436751e-02  0.000000e+00  0.000000e+00  0.000000e+00  0.000000e+00  0.000000e+00
2.375304e+01  3.026717e-02  3.663736e-03  4.987310e-03  0.000000e+00  1.170147e-02  0.000000e+00  1.458610e-03  0.000000e+00  0.000000e+00  0.000000e+00  0.000000e+00  0.000000e+00  0.000000e+00  0.000000e+00  0.000000e+00  0.000000e+00
2.665135e+01  2.699867e-02  2.940731e-02  6.870054e-04  9.409132e-03  1.076477e-03  0.000000e+00  0.000000e+00  7.796283e-03  0.000000e+00  0.000000e+00  0.000000e+00  0.000000e+00  0.000000e+00  0.000000e+00  0.000000e+00  0.000000e+00
2.990330e+01  3.143970e-02  9.242467e-03  8.084002e-04  0.000000e+00  2.039835e-02  0.000000e+00  1.073578e-03  0.000000e+00  0.000000e+00  0.000000e+00  1.019180e-02  0.000000e+00  9.214294e-03  0.000000e+00  0.000000e+00  0.000000e+00
3.355206e+01  3.388557e-02  1.293487e-02  9.566033e-04  0.000000e+00  1.814664e-03  0.000000e+00  5.865601e-03  0.000000e+00  0.000000e+00  0.000000e+00  1.070060e-02  0.000000e+00  2.585650e-02  0.000000e+00  0.000000e+00  0.000000e+00
3.764603e+01  5.486713e-02  3.325477e-02  1.181682e-03  4.863626e-04  1.748861e-02  0.000000e+00  6.667902e-03  0.000000e+00  0.000000e+00  0.000000e+00  0.000000e+00  0.000000e+00  2.217748e-03  0.000000e+00  0.000000e+00  0.000000e+00
4.223954e+01  4.296721e-02  2.102386e-02  7.146707e-03  0.000000e+00  7.301483e-03  0.000000e+00  2.629698e-03  0.000000e+00  0.000000e+00  0.000000e+00  1.299125e-02  0.000000e+00  1.836367e-02  0.000000e+00  0.000000e+00  0.000000e+00
4.739354e+01  4.632087e-02  1.539095e-02  3.863315e-04  1.063555e-03  6.771597e-03  0.000000e+00  1.385171e-03  0.000000e+00  0.000000e+00  0.000000e+00  0.000000e+00  0.000000e+00  1.979062e-02  0.000000e+00  0.000000e+00  0.000000e+00
5.317643e+01  4.448160e-02  7.523707e-03  9.480354e-04  0.000000e+00  1.904654e-02  0.000000e+00  1.831870e-03  0.000000e+00  0.000000e+00  0.000000e+00  5.719808e-03  0.000000e+00  0.000000e+00  0.000000e+00  0.000000e+00  0.000000e+00
5.966493e+01  5.084320e-02  2.909536e-02  1.061528e-03  5.380634e-04  1.230953e-02  0.000000e+00  1.723381e-02  0.000000e+00  0.000000e+00  0.000000e+00  4.888470e-03  0.000000e+00  4.740349e-03  0.000000e+00  0.000000e+00  0.000000e+00
6.694516e+01  6.101961e-02  2.737183e-02  1.799636e-03  0.000000e+00  7.306800e-03  0.000000e+00  4.263377e-03  0.000000e+00  4.447291e-03  0.000000e+00  2.460327e-03  0.000000e+00  5.377712e-02  0.000000e+00  0.000000e+00  0.000000e+00
7.511370e+01  6.958345e-02  2.653308e-02  5.462886e-03  6.109393e-04  6.175145e-03  0.000000e+00  1.421420e-03  0.000000e+00  0.000000e+00  0.000000e+00  4.018889e-03  0.000000e+00  2.008822e+01  0.000000e+00  0.000000e+00  0.000000e+00
8.427896e+01  7.198666e-02  2.587443e-02  1.027461e-03  4.900392e-03  6.559009e-03  0.000000e+00  5.936034e-03  0.000000e+00  0.000000e+00  0.000000e+00  0.000000e+00  0.000000e+00  2.390508e+01  0.000000e+00  0.000000e+00  0.000000e+00
9.456255e+01  7.936892e-02  1.926401e-02  3.017963e-03  7.068610e-04  1.511535e-02  0.000000e+00  1.588703e-03  0.000000e+00  3.282001e-03  0.000000e+00  1.335602e-04  0.000000e+00  1.836143e+01  0.000000e+00  0.000000e+00  0.000000e+00
1.061009e+02  7.994830e-02  3.235471e-02  6.206809e-03  3.468738e-04  9.638646e-03  0.000000e+00  3.463981e-03  0.000000e+00  0.000000e+00  2.748989e-03  3.009785e-03  0.000000e+00  1.345596e+01  0.000000e+00  0.000000e+00  0.000000e+00
1.190472e+02  8.144643e-02  4.209805e-02  2.909172e-03  2.466216e-03  1.940222e-02  0.000000e+00  2.500951e-03  0.000000e+00  1.158692e-04  1.383544e-03  1.172559e+01  0.000000e+00  1.022816e+01  0.000000e+00  2.754053e-03  0.000000e+00
1.335731e+02  9.615425e-02  3.979881e-02  5.946736e-03  3.330432e-04  1.285781e-02  0.000000e+00  1.752761e-03  0.000000e+00  0.000000e+00  0.000000e+00  1.001073e+01  0.000000e+00  7.663293e+00  0.000000e+00  0.000000e+00  0.000000e+00
1.498715e+02  2.126259e-01  4.367696e-02  1.559187e-03  7.178342e-04  6.417071e-03  0.000000e+00  8.156855e-03  0.000000e+00  1.858978e-03  2.427970e-03  7.519429e+00  0.000000e+00  5.762416e+00  0.000000e+00  0.000000e+00  0.000000e+00
1.681586e+02  2.982775e-01  6.212716e-02  2.868390e-03  4.172036e-04  9.843925e-03  7.510641e-05  7.543745e-03  0.000000e+00  2.311033e-03  0.000000e+00  5.876924e+00  0.000000e+00  4.088102e+00  0.000000e+00  0.000000e+00  0.000000e+00
1.886771e+02  1.917683e-01  4.759713e-02  3.180558e-03  3.958065e-04  1.303638e-02  1.701506e-04  7.733323e-03  1.286138e-04  1.286138e-04  0.000000e+00  4.318091e+00  0.000000e+00  2.934808e+00  0.000000e+00  0.000000e+00  0.000000e+00
2.116992e+02  9.700744e-02  6.522410e-02  3.184202e-03  2.129879e-03  8.848331e-03  1.146272e-04  4.144201e-03  0.000000e+00  0.000000e+00  5.965914e-05  3.411389e+00  0.000000e+00  2.083752e+00  0.000000e+00  2.101360e-04  0.000000e+00
2.375304e+02  6.907670e-02  2.347870e-01  4.972663e-03  2.060651e-03  1.363846e-02  4.369941e-05  7.238792e-03  5.636965e-04  0.000000e+00  5.807215e-05  2.518287e+00  0.000000e+00  1.585091e+00  0.000000e+00  2.341841e-04  0.000000e+00
2.665135e+02  6.075179e-02  2.006772e-01  6.003903e-03  2.037844e-03  1.543419e-02  1.204292e-04  5.106712e-03  0.000000e+00  9.105161e-05  8.724435e-04  1.813418e+00  0.000000e+00  1.035995e+00  0.000000e+00  0.000000e+00  0.000000e+00
2.990330e+02  5.084317e-02  4.254092e-02  2.318214e-03  1.340794e-03  1.307212e-02  8.704147e-04  6.911112e-03  7.926633e-05  2.791980e-04  1.037860e-03  1.410329e+00  0.000000e+00  7.566453e-01  0.000000e+00  0.000000e+00  0.000000e+00
3.355206e+02  4.471021e-02  4.457821e-02  2.409705e-03  2.043447e-03  1.163858e-02  7.232486e-05  3.665761e-03  6.187362e-05  5.457078e-05  1.238294e-03  1.032134e+00  8.429666e-04  5.460730e-01  0.000000e+00  0.000000e+00  7.389063e-04
3.764603e+02  3.390488e-02  3.238804e-02  5.191599e-03  2.372345e-03  9.462695e-03  2.487362e-03  4.076910e-03  0.000000e+00  8.525736e-05  0.000000e+00  6.938675e-01  0.000000e+00  3.836135e-01  0.000000e+00  0.000000e+00  0.000000e+00
4.223954e+02  2.271440e-02  3.180403e-02  2.220016e-03  1.897048e-03  1.079208e-02  9.946337e-05  4.059807e-03  1.392348e-03  1.135659e-04  4.952530e-04  5.010768e-01  0.000000e+00  2.134769e-01  0.000000e+00  1.053175e-04  0.000000e+00
4.739354e+02  2.130167e-02  2.755135e-02  3.573002e-03  2.240785e-03  8.572392e-03  6.540551e-04  7.273657e-03  4.706377e-04  4.384172e-04  0.000000e+00  3.421532e-01  0.000000e+00  1.540382e-01  4.384172e-04  0.000000e+00  0.000000e+00
5.317643e+02  1.917915e-02  2.804264e-02  6.229289e-03  1.168349e-03  6.830299e-03  2.823416e-04  3.260052e-03  8.700933e-04  4.903253e-04  1.089188e-03  2.947888e-01  0.000000e+00  1.084715e-01  2.375073e-05  1.046062e-04  0.000000e+00
5.966493e+02  1.855609e-02  2.433873e-02  5.231108e-03  4.768293e-03  6.540841e-03  8.081565e-04  5.910136e-03  5.910678e-04  5.016330e-04  4.618087e-04  1.928330e-01  0.000000e+00  7.139022e-02  0.000000e+00  1.399305e-04  0.000000e+00
6.694516e+02  1.450631e-02  2.307267e-02  7.133254e-03  4.658024e-03  7.551911e-03  3.893769e-04  4.933220e-03  2.514040e-04  9.969717e-05  4.653339e-04  1.306224e-01  0.000000e+00  4.478348e-02  0.000000e+00  0.000000e+00  0.000000e+00
7.511370e+02  1.198982e-02  1.537055e-02  4.369823e-03  3.110564e-03  5.289305e-03  1.034271e-03  3.759029e-03  5.142150e-04  5.000631e-04  3.903583e-04  8.573590e-02  0.000000e+00  3.462560e-02  0.000000e+00  0.000000e+00  0.000000e+00
8.427896e+02  1.075269e-02  1.517982e-02  4.377284e-03  2.027722e-03  6.175156e-03  7.920119e-05  3.666144e-03  5.980808e-05  4.296230e-04  1.077771e-03  4.881194e-02  0.000000e+00  1.901129e-02  0.000000e+00  1.665680e-04  0.000000e+00
9.456255e+02  8.699720e-03  1.196623e-02  5.043001e-03  2.107492e-03  5.978673e-03  5.478715e-04  3.311451e-03  2.843511e-04  0.000000e+00  1.039572e-03  4.119934e-02  2.651854e-04  1.161274e-02  0.000000e+00  0.000000e+00  0.000000e+00
1.061009e+03  8.224981e-03  8.327634e-03  5.492612e-03  3.669652e-03  4.744313e-03  4.171632e-04  3.574578e-03  3.900765e-04  7.811962e-04  4.751509e-04  3.028402e-02  0.000000e+00  6.188393e-03  5.169518e-04  2.665694e-04  0.000000e+00
1.190472e+03  6.124262e-03  6.951343e-03  4.487075e-03  3.307342e-03  2.235514e-03  3.055150e-04  2.553765e-03  1.270568e-03  3.023633e-04  1.638547e-03  1.989851e-02  0.000000e+00  3.280415e-03  0.000000e+00  0.000000e+00  0.000000e+00
1.335731e+03  5.755491e-03  7.753800e-03  4.081272e-03  2.760448e-03  2.097788e-03  8.620126e-04  1.937811e-03  4.440077e-04  7.963795e-04  5.197695e-04  9.766342e-03  0.000000e+00  2.093739e-03  1.050973e-04  0.000000e+00  0.000000e+00
1.498715e+03  3.117040e-03  6.246935e-03  3.554501e-03  3.280823e-03  3.262896e-03  1.947508e-03  2.855382e-03  8.925387e-04  8.785338e-04  7.990059e-04  4.164863e-03  1.674901e-04  1.792531e-03  0.000000e+00  0.000000e+00  2.293779e-04
1.681586e+03  2.330968e-03  5.219290e-03  3.394732e-03  2.088628e-03  2.641756e-03  6.820761e-04  1.486780e-03  9.751699e-04  6.191809e-04  5.901646e-04  4.546219e-03  0.000000e+00  1.057648e-03  1.632062e-04  0.000000e+00  1.474312e-04
1.886771e+03  2.936067e-03  4.863869e-03  3.418933e-03  2.601234e-03  2.531682e-03  7.973607e-04  1.594029e-03  8.476352e-04  3.544741e-04  9.502939e-04  2.456578e-03  1.557409e-04  1.701108e-05  4.505267e-04  8.273508e-05  0.000000e+00
2.116992e+03  1.351851e-03  4.181378e-03  2.241835e-03  1.863018e-03  1.713573e-03  3.162400e-04  1.465381e-03  6.092030e-04  4.251787e-04  5.607245e-04  1.834481e-03  1.485782e-04  6.001266e-04  2.101360e-05  0.000000e+00  2.101360e-05
2.375304e+03  1.541125e-03  2.302470e-03  2.504774e-03  2.931219e-03  1.740354e-03  1.080364e-03  1.255961e-03  3.593810e-04  1.946978e-04  4.913784e-04  1.599863e-03  9.979040e-06  0.000000e+00  1.280506e-04  0.000000e+00  1.281099e-04
2.665135e+03  8.678103e-04  2.384744e-03  1.778536e-03  2.999949e-03  1.008843e-03  4.195957e-04  9.837867e-04  7.495643e-04  2.071419e-04  3.546549e-04  1.156587e-03  2.043725e-04  2.589290e-04  1.033861e-04  0.000000e+00  1.559872e-04
2.990330e+03  7.071152e-04  1.588737e-03  1.418232e-03  1.848073e-03  8.738580e-04  8.607246e-04  8.083749e-04  8.982622e-04  7.564439e-04  7.319036e-04  7.495260e-04  3.207255e-04  0.000000e+00  1.200627e-04  0.000000e+00  1.607563e-04
3.355206e+03  3.144272e-04  1.836127e-03  1.687385e-03  2.699513e-03  5.505010e-04  8.793447e-04  2.000539e-04  7.957047e-04  3.216081e-04  5.269000e-04  3.978461e-04  1.182990e-04  2.954979e-05  9.083448e-05  0.000000e+00  1.702292e-05
3.764603e+03  3.112426e-04  9.245733e-04  1.508623e-03  1.597715e-03  3.229203e-04  8.569393e-04  1.248257e-04  3.240768e-04  5.895270e-04  6.499916e-04  4.808365e-04  2.169380e-04  3.354880e-06  1.395451e-04  0.000000e+00  3.673408e-04
4.223954e+03  1.997691e-04  3.823450e-04  7.114257e-04  1.341676e-03  3.129414e-04  4.186059e-04  2.838218e-04  7.135281e-04  4.377548e-04  5.745435e-04  3.254551e-04  2.616492e-04  0.000000e+00  1.654398e-04  0.000000e+00  2.325242e-04
4.739354e+03  6.369509e-05  6.507394e-04  8.641995e-04  1.359550e-03  2.291880e-04  7.259124e-04  9.541188e-05  3.994329e-04  2.988829e-04  3.416906e-04  2.975628e-04  9.744189e-05  3.293743e-05  5.948685e-05  0.000000e+00  2.299603e-04
5.317643e+03  3.802514e-05  6.795484e-04  8.182434e-04  8.400888e-04  1.847511e-04  7.858459e-04  6.683207e-05  5.598906e-04  3.083680e-04  5.456577e-04  3.946419e-04  1.703912e-04  0.000000e+00  1.574978e-04  0.000000e+00  1.730489e-04
5.966493e+03  1.040257e-04  2.941365e-04  5.187407e-04  8.641672e-04  1.227136e-04  3.693563e-04  1.996412e-04  4.133608e-04  2.771108e-04  3.414704e-04  4.362408e-05  1.231098e-04  0.000000e+00  7.504783e-05  0.000000e+00  8.311646e-05
6.694516e+03  3.540697e-06  3.083085e-04  3.621834e-04  5.792248e-04  1.067989e-04  8.647101e-04  1.506833e-04  4.317367e-04  2.357921e-04  2.874565e-04  2.651282e-04  6.206211e-05  0.000000e+00  8.566641e-05  0.000000e+00  3.703304e-05
7.511370e+03  7.107261e-05  2.972250e-04  3.036249e-04  3.701274e-04  5.334107e-05  5.832006e-04  8.392872e-05  4.545783e-04  2.542224e-05  1.921607e-04  1.314519e-04  7.738086e-05  0.000000e+00  4.621517e-05  0.000000e+00  1.748368e-04
8.427896e+03  3.460772e-05  2.575499e-04  1.293622e-04  4.107136e-04  6.549120e-05  5.849798e-04  9.834911e-05  3.843556e-04  8.701960e-05  1.065451e-04  3.908614e-05  1.444932e-04  0.000000e+00  3.966061e-05  0.000000e+00  1.625660e-04
9.456255e+03  0.000000e+00  8.015936e-05  9.185764e-05  4.363746e-04  4.354383e-05  3.369006e-04  4.704360e-06  2.415888e-04  7.899831e-05  7.833416e-05  1.694149e-04  2.499459e-04  0.000000e+00  7.020187e-05  0.000000e+00  3.222929e-05
1.061009e+04  0.000000e+00  1.175976e-04  6.416079e-05  2.572253e-04  3.285971e-05  2.623652e-04  1.525477e-04  1.028254e-04  3.659325e-05  1.238706e-04  1.065526e-04  3.352118e-05  0.000000e+00  2.234029e-06  0.000000e+00  8.180189e-05
1.190472e+04  0.000000e+00  1.884051e-05  2.082521e-05  1.593293e-04  0.000000e+00  1.868692e-04  1.060906e-06  1.066817e-04  3.982160e-06  1.090813e-04  7.032500e-05  1.101190e-05  0.000000e+00  5.001791e-05  0.000000e+00  1.245744e-04
1.335731e+04  0.000000e+00  6.784175e-05  4.575679e-05  1.456173e-04  0.000000e+00  9.338327e-05  6.250464e-06  6.022199e-05  2.043169e-05  5.395511e-05  8.411591e-05  5.428489e-05  0.000000e+00  0.000000e+00  0.000000e+00  8.780440e-05
1.498715e+04  0.000000e+00  1.358401e-05  1.674901e-05  5.731580e-05  0.000000e+00  7.722568e-05  0.000000e+00  3.886097e-05  1.887167e-05  2.987708e-05  5.936500e-06  2.321871e-05  0.000000e+00  4.549821e-06  0.000000e+00  8.145731e-05
1.681586e+04  0.000000e+00  4.476762e-05  1.409577e-06  3.498103e-05  0.000000e+00  1.136793e-04  7.510641e-07  4.214721e-05  0.000000e+00  1.492757e-05  1.491247e-05  1.970804e-05  0.000000e+00  7.282274e-05  0.000000e+00  6.270257e-05
1.886771e+04  0.000000e+00  3.368542e-05  0.000000e+00  1.610692e-05  0.000000e+00  6.130850e-05  0.000000e+00  3.299990e-05  0.000000e+00  0.000000e+00  3.919091e-05  2.557304e-05  0.000000e+00  2.968177e-05  0.000000e+00  9.934936e-05
2.116992e+04  0.000000e+00  5.965914e-07  0.000000e+00  3.867059e-05  0.000000e+00  4.540368e-06  0.000000e+00  1.377758e-05  0.000000e+00  0.000000e+00  0.000000e+00  9.814939e-06  0.000000e+00  3.051424e-05  0.000000e+00  1.377758e-05
2.375304e+04  0.000000e+00  0.000000e+00  0.000000e+00  5.317126e-07  0.000000e+00  2.675205e-05  1.043733e-05  1.095787e-05  0.000000e+00  1.190722e-05  1.160011e-05  1.995808e-06  0.000000e+00  0.000000e+00  0.000000e+00  4.240491e-05
2.665135e+04  0.000000e+00  9.302280e-06  0.000000e+00  8.054344e-06  0.000000e+00  0.000000e+00  0.000000e+00  0.000000e+00  0.000000e+00  5.857195e-06  0.000000e+00  0.000000e+00  0.000000e+00  0.000000e+00  0.000000e+00  9.302280e-06
2.990330e+04  0.000000e+00  0.000000e+00  0.000000e+00  9.956244e-06  0.000000e+00  0.000000e+00  0.000000e+00  0.000000e+00  0.000000e+00  0.000000e+00  0.000000e+00  1.866039e-05  0.000000e+00  1.791844e-05  0.000000e+00  1.131001e-05
3.355206e+04  0.000000e+00  0.000000e+00  0.000000e+00  0.000000e+00  0.000000e+00  0.000000e+00  0.000000e+00  0.000000e+00  0.000000e+00  0.000000e+00  0.000000e+00  1.325869e-06  0.000000e+00  1.657896e-06  0.000000e+00  9.305071e-06
3.764603e+04  0.000000e+00  0.000000e+00  0.000000e+00  6.667902e-06  0.000000e+00  0.000000e+00  0.000000e+00  0.000000e+00  0.000000e+00  0.000000e+00  0.000000e+00  7.908526e-06  0.000000e+00  6.667902e-06  0.000000e+00  3.354880e-07
4.223954e+04  0.000000e+00  0.000000e+00  0.000000e+00  5.936761e-06  0.000000e+00  0.000000e+00  0.000000e+00  1.110017e-05  0.000000e+00  0.000000e+00  0.000000e+00  1.355242e-05  0.000000e+00  0.000000e+00  0.000000e+00  0.000000e+00
4.739354e+04  0.000000e+00  0.000000e+00  0.000000e+00  0.000000e+00  0.000000e+00  0.000000e+00  0.000000e+00  2.664876e-07  0.000000e+00  0.000000e+00  0.000000e+00  5.557632e-06  0.000000e+00  6.281965e-06  0.000000e+00  0.000000e+00
5.317643e+04  0.000000e+00  0.000000e+00  0.000000e+00  0.000000e+00  0.000000e+00  0.000000e+00  0.000000e+00  0.000000e+00  0.000000e+00  0.000000e+00  0.000000e+00  0.000000e+00  0.000000e+00  0.000000e+00  0.000000e+00  0.000000e+00
5.966493e+04  0.000000e+00  0.000000e+00  0.000000e+00  0.000000e+00  0.000000e+00  0.000000e+00  0.000000e+00  0.000000e+00  0.000000e+00  0.000000e+00  0.000000e+00  0.000000e+00  0.000000e+00  0.000000e+00  0.000000e+00  0.000000e+00
6.694516e+04  0.000000e+00  0.000000e+00  0.000000e+00  0.000000e+00  0.000000e+00  0.000000e+00  0.000000e+00  0.000000e+00  0.000000e+00  0.000000e+00  0.000000e+00  0.000000e+00  0.000000e+00  0.000000e+00  0.000000e+00  4.076659e-06
7.511370e+04  0.000000e+00  0.000000e+00  0.000000e+00  0.000000e+00  0.000000e+00  0.000000e+00  0.000000e+00  0.000000e+00  0.000000e+00  0.000000e+00  0.000000e+00  0.000000e+00  0.000000e+00  0.000000e+00  0.000000e+00  2.542224e-06
8.427896e+04  0.000000e+00  0.000000e+00  0.000000e+00  0.000000e+00  0.000000e+00  0.000000e+00  0.000000e+00  0.000000e+00  0.000000e+00  0.000000e+00  0.000000e+00  0.000000e+00  0.000000e+00  0.000000e+00  0.000000e+00  0.000000e+00
9.456255e+04  0.000000e+00  0.000000e+00  0.000000e+00  0.000000e+00  0.000000e+00  0.000000e+00  0.000000e+00  0.000000e+00  0.000000e+00  0.000000e+00  0.000000e+00  0.000000e+00  0.000000e+00  0.000000e+00  0.000000e+00  0.000000e+00
1.061009e+05  0.000000e+00  0.000000e+00  0.000000e+00  0.000000e+00  0.000000e+00  0.000000e+00  0.000000e+00  0.000000e+00  0.000000e+00  0.000000e+00  0.000000e+00  0.000000e+00  0.000000e+00  0.000000e+00  0.000000e+00  0.000000e+00
1.190472e+05  0.000000e+00  0.000000e+00  0.000000e+00  0.000000e+00  0.000000e+00  0.000000e+00  0.000000e+00  0.000000e+00  0.000000e+00  0.000000e+00  0.000000e+00  0.000000e+00  0.000000e+00  0.000000e+00  0.000000e+00  0.000000e+00
1.335731e+05  0.000000e+00  0.000000e+00  0.000000e+00  0.000000e+00  0.000000e+00  0.000000e+00  0.000000e+00  0.000000e+00  0.000000e+00  0.000000e+00  0.000000e+00  0.000000e+00  0.000000e+00  0.000000e+00  0.000000e+00  0.000000e+00
1.498715e+05  0.000000e+00  0.000000e+00  0.000000e+00  0.000000e+00  0.000000e+00  0.000000e+00  0.000000e+00  0.000000e+00  0.000000e+00  0.000000e+00  0.000000e+00  0.000000e+00  0.000000e+00  0.000000e+00  0.000000e+00  0.000000e+00
1.681586e+05  0.000000e+00  0.000000e+00  0.000000e+00  0.000000e+00  0.000000e+00  0.000000e+00  0.000000e+00  0.000000e+00  0.000000e+00  0.000000e+00  0.000000e+00  0.000000e+00  0.000000e+00  0.000000e+00  0.000000e+00  0.000000e+00
1.886771e+05  0.000000e+00  0.000000e+00  0.000000e+00  0.000000e+00  0.000000e+00  0.000000e+00  0.000000e+00  0.000000e+00  0.000000e+00  0.000000e+00  0.000000e+00  0.000000e+00  0.000000e+00  0.000000e+00  0.000000e+00  0.000000e+00
2.116992e+05  0.000000e+00  0.000000e+00  0.000000e+00  0.000000e+00  0.000000e+00  0.000000e+00  0.000000e+00  0.000000e+00  0.000000e+00  0.000000e+00  0.000000e+00  0.000000e+00  0.000000e+00  0.000000e+00  0.000000e+00  0.000000e+00
2.375304e+05  0.000000e+00  0.000000e+00  0.000000e+00  0.000000e+00  0.000000e+00  0.000000e+00  0.000000e+00  0.000000e+00  0.000000e+00  0.000000e+00  0.000000e+00  0.000000e+00  0.000000e+00  0.000000e+00  0.000000e+00  0.000000e+00
2.665135e+05  0.000000e+00  0.000000e+00  0.000000e+00  0.000000e+00  0.000000e+00  0.000000e+00  0.000000e+00  0.000000e+00  0.000000e+00  0.000000e+00  0.000000e+00  0.000000e+00  0.000000e+00  0.000000e+00  0.000000e+00  0.000000e+00
2.990330e+05  0.000000e+00  0.000000e+00  0.000000e+00  0.000000e+00  0.000000e+00  0.000000e+00  0.000000e+00  0.000000e+00  0.000000e+00  0.000000e+00  0.000000e+00  0.000000e+00  0.000000e+00  0.000000e+00  0.000000e+00  0.000000e+00
3.355206e+05  0.000000e+00  0.000000e+00  0.000000e+00  0.000000e+00  0.000000e+00  0.000000e+00  0.000000e+00  0.000000e+00  0.000000e+00  0.000000e+00  0.000000e+00  0.000000e+00  0.000000e+00  0.000000e+00  0.000000e+00  0.000000e+00
3.764603e+05  0.000000e+00  0.000000e+00  0.000000e+00  0.000000e+00  0.000000e+00  0.000000e+00  0.000000e+00  0.000000e+00  0.000000e+00  0.000000e+00  0.000000e+00  0.000000e+00  0.000000e+00  0.000000e+00  0.000000e+00  0.000000e+00
4.223954e+05  0.000000e+00  0.000000e+00  0.000000e+00  0.000000e+00  0.000000e+00  0.000000e+00  0.000000e+00  0.000000e+00  0.000000e+00  0.000000e+00  0.000000e+00  0.000000e+00  0.000000e+00  0.000000e+00  0.000000e+00  0.000000e+00
4.739354e+05  0.000000e+00  0.000000e+00  0.000000e+00  0.000000e+00  0.000000e+00  0.000000e+00  0.000000e+00  0.000000e+00  0.000000e+00  0.000000e+00  0.000000e+00  0.000000e+00  0.000000e+00  0.000000e+00  0.000000e+00  0.000000e+00
5.317643e+05  0.000000e+00  0.000000e+00  0.000000e+00  0.000000e+00  0.000000e+00  0.000000e+00  0.000000e+00  0.000000e+00  0.000000e+00  0.000000e+00  0.000000e+00  0.000000e+00  0.000000e+00  0.000000e+00  0.000000e+00  0.000000e+00
5.966493e+05  0.000000e+00  0.000000e+00  0.000000e+00  0.000000e+00  0.000000e+00  0.000000e+00  0.000000e+00  0.000000e+00  0.000000e+00  0.000000e+00  0.000000e+00  0.000000e+00  0.000000e+00  0.000000e+00  0.000000e+00  0.000000e+00
6.694516e+05  0.000000e+00  0.000000e+00  0.000000e+00  0.000000e+00  0.000000e+00  0.000000e+00  0.000000e+00  0.000000e+00  0.000000e+00  0.000000e+00  0.000000e+00  0.000000e+00  0.000000e+00  0.000000e+00  0.000000e+00  0.000000e+00
7.511370e+05  0.000000e+00  0.000000e+00  0.000000e+00  0.000000e+00  0.000000e+00  0.000000e+00  0.000000e+00  0.000000e+00  0.000000e+00  0.000000e+00  0.000000e+00  0.000000e+00  0.000000e+00  0.000000e+00  0.000000e+00  0.000000e+00
8.427896e+05  0.000000e+00  0.000000e+00  0.000000e+00  0.000000e+00  0.000000e+00  0.000000e+00  0.000000e+00  0.000000e+00  0.000000e+00  0.000000e+00  0.000000e+00  0.000000e+00  0.000000e+00  0.000000e+00  0.000000e+00  0.000000e+00
9.456255e+05  0.000000e+00  0.000000e+00  0.000000e+00  0.000000e+00  0.000000e+00  0.000000e+00  0.000000e+00  0.000000e+00  0.000000e+00  0.000000e+00  0.000000e+00  0.000000e+00  0.000000e+00  0.000000e+00  0.000000e+00  0.000000e+00
