# Binding Energy for Spontaneous Fission Fragments
# data from Isotope Browser
37  95 8.4602
55 143 8.24367
38 102 8.2912
54 136 8.396
40 106 8.33
52 132 8.408486
35  91 8.44192
57 147 8.22155
41 106 8.393266
51 132 8.372345
36  97 8.33087
56 141 8.32608
39 102 8.37192
53 136 8.35132
42 105 8.49486
50 133 8.310089
34  87 8.529092
58 151 8.17628
44 113 8.4027
48 125 8.357682
43 110 8.41126
49 128 8.351436
32  82 8.563757
60 156 8.156326
33  88 8.351
59 150 8.21893
46 115 8.45773
31  84 8.3075
61 154 8.20472
45 114 8.4266
47 124 8.3089
30  81 8.35193
62 157 8.187064
