#Atomic mass Z BE
68.0 24.0 8.026
164.0 66.0 8.158713
69.0 25.0 8.155
163.0 65.0 8.155632
70.0 25.0 8.084
162.0 65.0 8.164077
71.0 26.0 8.399
161.0 64.0 8.167193
72.0 26.0 8.195
160.0 64.0 8.183017
73.0 26.0 8.121
159.0 64.0 8.187618
74.0 27.0 8.239
158.0 63.0 8.185132
75.0 27.0 8.197
157.0 63.0 8.199798
76.0 27.0 8.131
156.0 63.0 8.201619
77.0 27.0 8.082
155.0 63.0 8.216676
78.0 28.0 8.238
154.0 62.0 8.226838
79.0 28.0 8.150
153.0 62.0 8.228537
80.0 28.0 8.088
152.0 62.0 8.244065
81.0 29.0 8.185
151.0 61.0 8.24127
82.0 29.0 8.108
150.0 61.0 8.24381
83.0 30.0 8.226
149.0 60.0 8.255444
84.0 30.0 8.171
148.0 60.0 8.277178
85.0 30.0 8.090
147.0 60.0 8.283604
86.0 31.0 8.182
146.0 59.0 8.28033
87.0 31.0 8.124
145.0 59.0 8.30213
88.0 32.0 8.236
144.0 58.0 8.314761
89.0 32.0 8.161
143.0 58.0 8.324676
90.0 32.0 8.109
142.0 58.0 8.347070
91.0 33.0 8.189
141.0 57.0 8.343205
92.0 33.0 8.121
140.0 57.0 8.35502
93.0 34.0 8.225
139.0 56.0 8.367019
94.0 34.0 8.18
138.0 56.0 8.393422
95.0 34.0 8.112
137.0 56.0 8.391829
96.0 35.0 8.184
136.0 55.0 8.389772
97.0 35 8.14
135.0 55.0 8.401
98.0 35.0 8.078
134.0 55.0 8.398647
99.0 36.0 8.175
133.0 54.0 8.412648
100.0 36.0 8.134
132.0 54.0 8.427623
101.0 36.0 8.075
131.0 54.0 8.423737
102.0 37.0 8.1527
130.0 53.0 8.421101
103.0 37.0 8.112
129.0 53.0 8.436991
104.0 38.0 8.206
128.0 52.0 8.448754
105.0 38.0 8.152
127.0 52.0 8.446109
106.0 38.0 8.114
126.0 52.0 8.463240
107.0 38.0 8.057
125.0 52.0 8.458036
108.0 39.0 8.129
124.0 51.0 8.456152
109.0 39.0 8.089
123.0 51.0 8.47232
110.0 40.0 8.171
122.0 50.0 8.487897
111.0 40.0 8.118
121.0 50.0 8.485196
112.0 40.0 8.081
120.0 50.0 8.504488
113.0 41.0 8.143
119.0 49.0 8.48614
114.0 41.0 8.097
118.0 49.0 8.48567
