# dR/dEr [1/keV/kg/Myr]
# Er [keV], S, F, Ne, Cl, Na, Si, O, P, N, C, Al, Mg, Be, B, Ar, Li
1.061009e+01  1.454241e+03  1.339493e+03  0.000000e+00  0.000000e+00  8.400206e+02  0.000000e+00  1.061031e+02  0.000000e+00  0.000000e+00  0.000000e+00  0.000000e+00  0.000000e+00  1.622077e+02  0.000000e+00  0.000000e+00  0.000000e+00
1.190472e+01  3.620285e+02  3.266771e+02  0.000000e+00  0.000000e+00  1.163073e+02  0.000000e+00  0.000000e+00  0.000000e+00  0.000000e+00  0.000000e+00  0.000000e+00  0.000000e+00  0.000000e+00  0.000000e+00  0.000000e+00  0.000000e+00
1.335731e+01  5.690529e+02  1.871741e+02  0.000000e+00  0.000000e+00  0.000000e+00  0.000000e+00  0.000000e+00  0.000000e+00  0.000000e+00  0.000000e+00  0.000000e+00  0.000000e+00  0.000000e+00  0.000000e+00  0.000000e+00  0.000000e+00
1.498715e+01  1.334106e+02  3.430594e+02  0.000000e+00  0.000000e+00  1.423385e+02  0.000000e+00  2.130099e+01  0.000000e+00  0.000000e+00  0.000000e+00  0.000000e+00  0.000000e+00  0.000000e+00  0.000000e+00  0.000000e+00  0.000000e+00
1.681586e+01  3.300580e+02  2.358277e+02  4.722621e+01  0.000000e+00  9.480220e+01  1.898453e+01  0.000000e+00  0.000000e+00  0.000000e+00  0.000000e+00  0.000000e+00  0.000000e+00  0.000000e+00  0.000000e+00  0.000000e+00  0.000000e+00
1.886771e+01  2.248166e+02  2.278102e+02  0.000000e+00  0.000000e+00  4.209041e+01  0.000000e+00  0.000000e+00  0.000000e+00  0.000000e+00  0.000000e+00  0.000000e+00  0.000000e+00  0.000000e+00  0.000000e+00  0.000000e+00  0.000000e+00
2.116992e+01  2.717407e+02  3.364555e+02  0.000000e+00  0.000000e+00  4.598315e+01  0.000000e+00  1.987782e+01  0.000000e+00  0.000000e+00  0.000000e+00  1.474245e+02  0.000000e+00  0.000000e+00  0.000000e+00  0.000000e+00  0.000000e+00
2.375304e+01  4.930968e+02  8.355680e+01  9.344075e+01  0.000000e+00  2.024608e+02  0.000000e+00  3.343360e+01  0.000000e+00  0.000000e+00  0.000000e+00  0.000000e+00  0.000000e+00  0.000000e+00  0.000000e+00  0.000000e+00  0.000000e+00
2.665135e+01  4.828088e+02  3.964823e+02  1.578952e+01  5.024510e+01  2.485105e+01  0.000000e+00  0.000000e+00  1.199608e+02  0.000000e+00  0.000000e+00  0.000000e+00  0.000000e+00  0.000000e+00  0.000000e+00  0.000000e+00  0.000000e+00
2.990330e+01  5.431429e+02  2.055087e+02  1.875188e+01  0.000000e+00  2.147819e+02  0.000000e+00  2.474821e+01  0.000000e+00  0.000000e+00  0.000000e+00  9.242040e+01  0.000000e+00  1.175581e+02  0.000000e+00  0.000000e+00  0.000000e+00
3.355206e+01  6.294271e+02  2.225289e+02  2.152751e+01  0.000000e+00  4.155546e+01  0.000000e+00  1.056540e+02  0.000000e+00  0.000000e+00  0.000000e+00  1.254162e+02  0.000000e+00  2.502182e+02  0.000000e+00  0.000000e+00  0.000000e+00
3.764603e+01  8.655868e+02  3.862205e+02  1.497169e+01  1.117812e+01  2.181339e+02  0.000000e+00  4.373365e+01  0.000000e+00  0.000000e+00  0.000000e+00  0.000000e+00  0.000000e+00  1.839755e+01  0.000000e+00  0.000000e+00  0.000000e+00
4.223954e+01  7.408614e+02  3.691429e+02  7.898647e+01  0.000000e+00  1.547600e+02  0.000000e+00  3.151258e+01  0.000000e+00  0.000000e+00  0.000000e+00  1.063277e+02  0.000000e+00  2.979275e+02  0.000000e+00  0.000000e+00  0.000000e+00
4.739354e+01  8.821774e+02  3.318361e+02  8.879098e+00  2.411941e+01  6.226674e+01  0.000000e+00  3.186871e+01  0.000000e+00  0.000000e+00  0.000000e+00  0.000000e+00  0.000000e+00  2.022857e+02  0.000000e+00  0.000000e+00  0.000000e+00
5.317643e+01  8.396326e+02  1.735988e+02  2.183044e+01  0.000000e+00  2.307520e+02  0.000000e+00  4.219898e+01  0.000000e+00  0.000000e+00  0.000000e+00  5.869075e+01  0.000000e+00  0.000000e+00  0.000000e+00  0.000000e+00  0.000000e+00
5.966493e+01  9.930195e+02  4.559712e+02  2.441071e+01  1.240348e+01  1.791280e+02  0.000000e+00  1.599121e+02  0.000000e+00  0.000000e+00  0.000000e+00  5.814882e+01  0.000000e+00  4.239495e+01  0.000000e+00  0.000000e+00  0.000000e+00
6.694516e+01  1.160410e+03  4.012345e+02  4.127471e+01  0.000000e+00  1.518505e+02  0.000000e+00  3.186562e+01  0.000000e+00  4.249499e+01  0.000000e+00  4.216313e+01  0.000000e+00  7.565379e+02  0.000000e+00  0.000000e+00  0.000000e+00
7.511370e+01  1.240567e+03  4.852364e+02  8.280888e+01  1.386609e+01  1.140553e+02  0.000000e+00  3.219178e+01  0.000000e+00  0.000000e+00  0.000000e+00  4.441736e+01  0.000000e+00  2.406305e+05  0.000000e+00  0.000000e+00  0.000000e+00
8.427896e+01  1.486177e+03  4.780200e+02  2.345999e+01  6.486281e+01  1.372228e+02  0.000000e+00  9.993873e+01  0.000000e+00  0.000000e+00  0.000000e+00  0.000000e+00  0.000000e+00  2.876913e+05  0.000000e+00  0.000000e+00  0.000000e+00
9.456255e+01  1.467801e+03  3.860422e+02  5.574447e+01  1.613860e+01  2.183546e+02  0.000000e+00  2.336058e+01  0.000000e+00  3.415232e+01  0.000000e+00  4.068174e+00  0.000000e+00  2.213119e+05  0.000000e+00  0.000000e+00  0.000000e+00
1.061009e+02  1.624327e+03  5.546597e+02  6.732448e+01  8.910762e+00  1.726699e+02  0.000000e+00  3.612472e+01  0.000000e+00  0.000000e+00  3.269948e+01  4.594055e+01  0.000000e+00  1.640150e+05  0.000000e+00  0.000000e+00  0.000000e+00
1.190472e+02  1.716061e+03  7.113178e+02  6.193326e+01  2.200688e+01  2.738077e+02  0.000000e+00  3.166696e+01  0.000000e+00  2.681636e+00  2.371007e+01  1.419676e+05  0.000000e+00  1.228134e+05  0.000000e+00  3.010918e+01  0.000000e+00
1.335731e+02  1.980265e+03  6.993385e+02  7.918030e+01  4.219595e+00  2.044890e+02  0.000000e+00  2.981768e+01  0.000000e+00  0.000000e+00  0.000000e+00  1.209445e+05  0.000000e+00  9.163260e+04  0.000000e+00  0.000000e+00  0.000000e+00
1.498715e+02  4.614096e+03  8.083633e+02  3.263250e+01  1.324318e+01  1.090427e+02  0.000000e+00  1.152083e+02  0.000000e+00  1.524559e+01  2.707409e+01  9.057805e+04  0.000000e+00  6.883881e+04  0.000000e+00  0.000000e+00  0.000000e+00
1.681586e+02  6.523851e+03  9.332734e+02  5.536874e+01  9.480220e+00  1.400476e+02  2.287702e+00  9.628905e+01  0.000000e+00  2.517315e+01  0.000000e+00  7.036557e+04  0.000000e+00  4.978636e+04  0.000000e+00  0.000000e+00  0.000000e+00
1.886771e+02  3.978137e+03  9.126694e+02  4.795257e+01  9.081720e+00  2.098665e+02  3.922326e+00  1.064448e+02  2.929065e+00  2.929065e+00  0.000000e+00  5.102686e+04  0.000000e+00  3.555007e+04  0.000000e+00  0.000000e+00  0.000000e+00
2.116992e+02  1.849112e+03  1.199775e+03  5.251366e+01  3.739052e+01  1.326515e+02  2.610532e+00  5.611691e+01  0.000000e+00  0.000000e+00  1.817187e+00  4.084676e+04  0.000000e+00  2.508686e+04  0.000000e+00  2.662385e+00  0.000000e+00
2.375304e+02  1.359131e+03  5.134802e+03  7.931347e+01  3.049609e+01  1.715074e+02  1.016721e+00  9.789301e+01  7.728269e+00  0.000000e+00  1.344002e+00  3.038319e+04  0.000000e+00  1.891525e+04  0.000000e+00  5.089172e+00  0.000000e+00
2.665135e+02  1.144192e+03  4.321451e+03  7.674068e+01  3.470078e+01  2.348986e+02  2.710153e+00  6.930396e+01  0.000000e+00  2.073619e+00  1.265438e+01  2.179956e+04  0.000000e+00  1.244176e+04  0.000000e+00  0.000000e+00  0.000000e+00
2.990330e+02  8.132712e+02  7.679586e+02  3.863567e+01  1.692885e+01  1.814441e+02  7.357216e+00  1.051985e+02  1.549827e+00  2.316114e+00  1.079991e+01  1.685312e+04  0.000000e+00  9.161805e+03  0.000000e+00  0.000000e+00  0.000000e+00
3.355206e+02  7.372778e+02  7.495076e+02  4.654281e+01  2.709026e+01  1.731814e+02  1.647134e+00  6.905391e+01  1.439566e+00  1.254206e+00  1.240376e+01  1.249064e+04  7.539007e+00  6.674877e+03  0.000000e+00  0.000000e+00  3.205785e+00
3.764603e+02  5.159403e+02  5.504896e+02  8.080192e+01  3.635415e+01  1.695390e+02  2.206020e+01  5.583399e+01  0.000000e+00  1.918641e+00  0.000000e+00  8.157268e+03  0.000000e+00  4.659246e+03  0.000000e+00  0.000000e+00  0.000000e+00
4.223954e+02  3.356669e+02  5.234282e+02  3.735288e+01  3.040756e+01  1.655159e+02  2.093444e+00  6.322396e+01  1.337692e+01  2.405559e+00  8.016759e+00  6.034885e+03  0.000000e+00  2.492202e+03  0.000000e+00  1.334353e+00  0.000000e+00
4.739354e+02  3.046826e+02  4.470202e+02  5.689428e+01  3.468771e+01  1.424914e+02  8.208413e+00  1.006398e+02  8.079248e+00  6.745890e+00  0.000000e+00  4.082209e+03  0.000000e+00  1.800413e+03  6.745890e+00  0.000000e+00  0.000000e+00
5.317643e+02  2.696962e+02  3.617336e+02  8.452478e+01  1.865152e+01  1.202697e+02  4.169389e+00  5.033832e+01  1.116187e+01  8.297055e+00  9.426567e+00  3.477216e+03  0.000000e+00  1.286452e+03  7.234350e-01  2.273249e+00  0.000000e+00
5.966493e+02  2.511224e+02  3.270539e+02  7.793742e+01  5.764649e+01  1.194481e+02  1.030129e+01  7.808102e+01  8.838223e+00  4.096870e+00  5.891863e+00  2.294953e+03  0.000000e+00  8.828572e+02  0.000000e+00  1.160807e+00  0.000000e+00
6.694516e+02  2.049151e+02  3.019341e+02  9.522042e+01  6.228450e+01  1.239807e+02  7.675815e+00  7.250413e+01  3.875615e+00  2.265200e+00  4.726369e+00  1.566199e+03  0.000000e+00  5.600789e+02  0.000000e+00  0.000000e+00  0.000000e+00
7.511370e+02  1.627662e+02  2.180030e+02  6.334989e+01  4.623908e+01  8.229981e+01  6.435934e+00  5.404554e+01  6.653559e+00  6.309575e+00  3.689066e+00  1.068344e+03  0.000000e+00  3.973500e+02  0.000000e+00  0.000000e+00  0.000000e+00
8.427896e+02  1.268639e+02  2.067358e+02  6.060305e+01  3.381197e+01  9.851374e+01  1.820386e+00  5.734149e+01  1.356334e+00  3.931535e+00  1.315417e+01  5.877216e+02  0.000000e+00  2.195729e+02  0.000000e+00  2.991330e+00  0.000000e+00
9.456255e+02  1.148145e+02  1.543767e+02  7.519069e+01  3.341696e+01  8.476024e+01  7.225807e+00  5.742135e+01  5.114629e+00  0.000000e+00  9.817219e+00  5.044772e+02  1.416099e+00  1.410982e+02  0.000000e+00  0.000000e+00  0.000000e+00
1.061009e+03  1.032940e+02  1.060729e+02  7.629893e+01  4.939952e+01  7.480583e+01  5.434253e+00  5.288212e+01  5.200656e+00  1.141816e+01  4.629195e+00  3.520531e+02  0.000000e+00  6.649825e+01  3.943352e+00  2.384043e+00  0.000000e+00
1.190472e+03  7.570287e+01  9.097435e+01  6.582894e+01  4.962829e+01  3.979255e+01  5.777374e+00  3.671836e+01  1.312203e+01  3.601459e+00  1.758174e+01  2.277152e+02  0.000000e+00  4.485656e+01  0.000000e+00  0.000000e+00  0.000000e+00
1.335731e+03  7.065902e+01  9.778658e+01  5.941891e+01  3.690135e+01  3.530796e+01  8.291851e+00  3.601321e+01  4.619244e+00  8.772484e+00  5.389195e+00  1.088655e+02  0.000000e+00  2.646892e+01  1.887401e+00  0.000000e+00  0.000000e+00
1.498715e+03  4.209512e+01  7.457639e+01  4.746785e+01  4.613707e+01  3.976269e+01  1.873039e+01  4.217489e+01  1.104604e+01  1.142635e+01  8.356025e+00  5.136204e+01  1.098540e+00  2.614374e+01  0.000000e+00  0.000000e+00  1.930083e+00
1.681586e+03  2.842626e+01  6.896454e+01  4.292214e+01  3.326845e+01  3.883246e+01  7.271742e+00  2.494340e+01  1.131852e+01  8.163414e+00  7.408670e+00  5.938698e+01  0.000000e+00  1.295290e+01  2.259381e+00  0.000000e+00  6.396381e-01
1.886771e+03  3.451156e+01  5.469979e+01  4.494796e+01  3.637652e+01  3.592893e+01  9.399204e+00  2.384946e+01  9.777552e+00  4.814605e+00  9.503199e+00  2.922275e+01  2.086204e+00  3.828192e-01  5.042644e+00  4.560806e-01  0.000000e+00
2.116992e+03  1.994148e+01  5.048381e+01  2.621114e+01  2.626727e+01  1.963357e+01  5.493328e+00  2.093662e+01  8.093942e+00  4.289901e+00  6.395433e+00  1.951694e+01  1.588323e+00  6.521960e+00  2.662385e-01  0.000000e+00  2.662385e-01
2.375304e+03  1.703031e+01  2.804652e+01  3.095964e+01  4.174229e+01  2.125947e+01  1.386650e+01  1.864203e+01  5.335956e+00  2.470623e+00  4.360120e+00  1.939109e+01  1.951116e-01  0.000000e+00  1.313922e+00  0.000000e+00  1.622589e+00
2.665135e+03  1.103731e+01  2.601325e+01  2.206730e+01  4.150005e+01  1.217529e+01  5.092771e+00  1.327328e+01  1.048273e+01  3.203785e+00  5.391648e+00  1.344103e+01  2.587784e+00  2.360244e+00  1.319024e+00  0.000000e+00  1.676844e+00
2.990330e+03  7.249260e+00  1.762205e+01  1.711504e+01  2.767761e+01  9.264695e+00  1.021153e+01  9.899549e+00  8.517920e+00  7.924401e+00  8.052858e+00  9.224073e+00  2.734285e+00  0.000000e+00  1.407193e+00  0.000000e+00  2.303349e+00
3.355206e+03  4.051489e+00  2.120366e+01  2.073116e+01  3.476001e+01  5.518615e+00  1.023891e+01  3.756712e+00  7.503311e+00  3.526637e+00  5.530260e+00  4.313454e+00  1.602342e+00  5.745661e-01  8.236977e-01  0.000000e+00  2.826418e-01
3.764603e+03  2.638723e+00  1.040973e+01  1.709257e+01  2.112327e+01  3.903045e+00  1.108421e+01  2.611781e+00  4.047658e+00  5.726368e+00  6.787576e+00  5.847012e+00  1.781166e+00  1.021879e-01  1.173861e+00  0.000000e+00  3.591958e+00
4.223954e+03  1.464608e+00  4.618332e+00  8.444294e+00  1.675166e+01  3.103914e+00  4.274087e+00  3.745494e+00  6.784530e+00  4.421247e+00  6.358665e+00  3.508550e+00  2.394758e+00  0.000000e+00  1.718479e+00  0.000000e+00  2.502038e+00
4.739354e+03  7.039677e-01  6.656212e+00  9.044690e+00  1.783195e+01  2.534658e+00  7.085201e+00  1.242754e+00  4.691094e+00  2.847488e+00  3.636345e+00  3.030111e+00  1.156304e+00  1.815690e-01  5.173986e-01  0.000000e+00  1.804124e+00
5.317643e+03  6.779898e-01  6.492266e+00  8.580256e+00  1.032442e+01  1.570734e+00  6.875126e+00  8.784448e-01  6.655288e+00  3.387109e+00  5.240014e+00  3.598409e+00  1.564026e+00  0.000000e+00  1.902701e+00  0.000000e+00  1.654636e+00
5.966493e+03  1.221339e+00  3.534693e+00  5.409915e+00  8.945763e+00  1.252664e+00  4.473553e+00  1.817408e+00  4.915242e+00  2.791515e+00  3.205640e+00  3.687343e-01  1.044156e+00  0.000000e+00  7.257136e-01  0.000000e+00  8.541632e-01
6.694516e+03  6.922821e-02  3.144779e+00  4.054040e+00  6.587542e+00  1.031692e+00  9.048923e+00  1.219717e+00  4.301867e+00  2.720898e+00  2.894042e+00  2.660965e+00  1.025777e+00  0.000000e+00  7.282690e-01  0.000000e+00  1.606698e-01
7.511370e+03  5.559425e-01  2.762179e+00  2.904875e+00  3.637173e+00  6.285288e-01  5.947203e+00  1.073680e+00  4.332026e+00  4.136062e-01  2.039781e+00  8.496300e-01  9.695044e-01  0.000000e+00  3.626089e-01  0.000000e+00  2.129227e+00
8.427896e+03  4.116621e-01  2.609942e+00  1.367324e+00  3.613085e+00  6.727060e-01  6.556857e+00  7.954014e-01  5.067919e+00  9.391780e-01  1.253316e+00  6.698273e-01  1.598800e+00  0.000000e+00  2.410678e-01  0.000000e+00  1.509623e+00
9.456255e+03  0.000000e+00  7.213754e-01  1.156615e+00  4.424687e+00  4.592753e-01  3.977085e+00  5.960337e-02  2.535221e+00  1.168790e+00  7.951042e-01  1.854946e+00  2.439901e+00  0.000000e+00  7.902632e-01  0.000000e+00  2.922590e-01
1.061009e+04  0.000000e+00  1.195752e+00  5.740578e-01  2.650164e+00  3.472721e-01  3.265605e+00  1.292400e+00  1.173288e+00  3.257530e-01  1.328606e+00  1.348683e+00  5.588421e-01  0.000000e+00  4.368005e-02  0.000000e+00  9.365282e-01
1.190472e+04  0.000000e+00  1.585584e-01  9.035129e-02  1.636087e+00  0.000000e+00  1.690009e+00  3.231465e-02  6.849307e-01  7.785977e-02  1.231025e+00  9.510727e-01  2.187535e-01  0.000000e+00  4.779338e-01  0.000000e+00  1.031547e+00
1.335731e+04  0.000000e+00  7.351733e-01  5.655304e-01  1.570627e+00  0.000000e+00  1.030229e+00  5.185133e-02  5.969565e-01  1.935080e-01  7.656950e-01  8.199135e-01  4.862725e-01  0.000000e+00  0.000000e+00  0.000000e+00  7.951497e-01
1.498715e+04  0.000000e+00  2.329626e-01  1.098540e-01  5.443227e-01  0.000000e+00  8.107239e-01  0.000000e+00  4.659894e-01  1.687773e-01  2.889118e-01  7.521436e-02  2.496149e-01  0.000000e+00  6.853029e-02  0.000000e+00  7.772358e-01
1.681586e+04  0.000000e+00  2.754480e-01  2.756025e-02  3.114739e-01  0.000000e+00  1.181934e+00  2.287702e-02  3.292112e-01  0.000000e+00  9.790744e-02  7.963311e-02  1.051508e-01  0.000000e+00  7.334177e-01  0.000000e+00  6.204199e-01
1.886771e+04  0.000000e+00  2.591288e-01  0.000000e+00  2.265462e-01  0.000000e+00  6.967724e-01  0.000000e+00  3.986031e-01  0.000000e+00  0.000000e+00  4.133735e-01  2.812723e-01  0.000000e+00  3.840809e-01  0.000000e+00  9.387287e-01
2.116992e+04  0.000000e+00  1.817187e-02  0.000000e+00  3.894639e-01  0.000000e+00  5.088784e-02  0.000000e+00  1.638856e-01  0.000000e+00  0.000000e+00  0.000000e+00  1.510217e-01  0.000000e+00  4.300086e-01  0.000000e+00  1.638856e-01
2.375304e+04  0.000000e+00  0.000000e+00  0.000000e+00  1.619569e-02  0.000000e+00  2.678432e-01  4.528291e-02  9.262187e-02  0.000000e+00  1.064913e-01  1.479969e-01  3.902232e-02  0.000000e+00  0.000000e+00  0.000000e+00  4.131386e-01
2.665135e+04  0.000000e+00  4.035844e-02  0.000000e+00  1.339594e-01  0.000000e+00  0.000000e+00  0.000000e+00  0.000000e+00  0.000000e+00  3.228803e-02  0.000000e+00  0.000000e+00  0.000000e+00  0.000000e+00  0.000000e+00  4.035844e-02
2.990330e+04  0.000000e+00  0.000000e+00  0.000000e+00  9.513443e-02  0.000000e+00  0.000000e+00  0.000000e+00  0.000000e+00  0.000000e+00  0.000000e+00  0.000000e+00  1.687066e-01  0.000000e+00  1.911303e-01  0.000000e+00  1.399343e-01
3.355206e+04  0.000000e+00  0.000000e+00  0.000000e+00  0.000000e+00  0.000000e+00  0.000000e+00  0.000000e+00  0.000000e+00  0.000000e+00  0.000000e+00  0.000000e+00  1.679851e-02  0.000000e+00  3.602858e-02  0.000000e+00  5.129459e-02
3.764603e+04  0.000000e+00  0.000000e+00  0.000000e+00  4.373365e-02  0.000000e+00  0.000000e+00  0.000000e+00  0.000000e+00  0.000000e+00  0.000000e+00  0.000000e+00  7.556796e-02  0.000000e+00  4.373365e-02  0.000000e+00  1.021879e-02
4.223954e+04  0.000000e+00  0.000000e+00  0.000000e+00  3.170251e-02  0.000000e+00  0.000000e+00  0.000000e+00  1.407113e-01  0.000000e+00  0.000000e+00  0.000000e+00  1.172996e-01  0.000000e+00  0.000000e+00  0.000000e+00  0.000000e+00
4.739354e+04  0.000000e+00  0.000000e+00  0.000000e+00  0.000000e+00  0.000000e+00  0.000000e+00  0.000000e+00  8.117074e-03  0.000000e+00  0.000000e+00  0.000000e+00  3.637197e-02  0.000000e+00  6.002577e-02  0.000000e+00  0.000000e+00
5.317643e+04  0.000000e+00  0.000000e+00  0.000000e+00  0.000000e+00  0.000000e+00  0.000000e+00  0.000000e+00  0.000000e+00  0.000000e+00  0.000000e+00  0.000000e+00  0.000000e+00  0.000000e+00  0.000000e+00  0.000000e+00  0.000000e+00
5.966493e+04  0.000000e+00  0.000000e+00  0.000000e+00  0.000000e+00  0.000000e+00  0.000000e+00  0.000000e+00  0.000000e+00  0.000000e+00  0.000000e+00  0.000000e+00  0.000000e+00  0.000000e+00  0.000000e+00  0.000000e+00  0.000000e+00
6.694516e+04  0.000000e+00  0.000000e+00  0.000000e+00  0.000000e+00  0.000000e+00  0.000000e+00  0.000000e+00  0.000000e+00  0.000000e+00  0.000000e+00  0.000000e+00  0.000000e+00  0.000000e+00  0.000000e+00  0.000000e+00  3.860993e-02
7.511370e+04  0.000000e+00  0.000000e+00  0.000000e+00  0.000000e+00  0.000000e+00  0.000000e+00  0.000000e+00  0.000000e+00  0.000000e+00  0.000000e+00  0.000000e+00  0.000000e+00  0.000000e+00  0.000000e+00  0.000000e+00  4.136062e-02
8.427896e+04  0.000000e+00  0.000000e+00  0.000000e+00  0.000000e+00  0.000000e+00  0.000000e+00  0.000000e+00  0.000000e+00  0.000000e+00  0.000000e+00  0.000000e+00  0.000000e+00  0.000000e+00  0.000000e+00  0.000000e+00  0.000000e+00
9.456255e+04  0.000000e+00  0.000000e+00  0.000000e+00  0.000000e+00  0.000000e+00  0.000000e+00  0.000000e+00  0.000000e+00  0.000000e+00  0.000000e+00  0.000000e+00  0.000000e+00  0.000000e+00  0.000000e+00  0.000000e+00  0.000000e+00
1.061009e+05  0.000000e+00  0.000000e+00  0.000000e+00  0.000000e+00  0.000000e+00  0.000000e+00  0.000000e+00  0.000000e+00  0.000000e+00  0.000000e+00  0.000000e+00  0.000000e+00  0.000000e+00  0.000000e+00  0.000000e+00  0.000000e+00
1.190472e+05  0.000000e+00  0.000000e+00  0.000000e+00  0.000000e+00  0.000000e+00  0.000000e+00  0.000000e+00  0.000000e+00  0.000000e+00  0.000000e+00  0.000000e+00  0.000000e+00  0.000000e+00  0.000000e+00  0.000000e+00  0.000000e+00
1.335731e+05  0.000000e+00  0.000000e+00  0.000000e+00  0.000000e+00  0.000000e+00  0.000000e+00  0.000000e+00  0.000000e+00  0.000000e+00  0.000000e+00  0.000000e+00  0.000000e+00  0.000000e+00  0.000000e+00  0.000000e+00  0.000000e+00
1.498715e+05  0.000000e+00  0.000000e+00  0.000000e+00  0.000000e+00  0.000000e+00  0.000000e+00  0.000000e+00  0.000000e+00  0.000000e+00  0.000000e+00  0.000000e+00  0.000000e+00  0.000000e+00  0.000000e+00  0.000000e+00  0.000000e+00
1.681586e+05  0.000000e+00  0.000000e+00  0.000000e+00  0.000000e+00  0.000000e+00  0.000000e+00  0.000000e+00  0.000000e+00  0.000000e+00  0.000000e+00  0.000000e+00  0.000000e+00  0.000000e+00  0.000000e+00  0.000000e+00  0.000000e+00
1.886771e+05  0.000000e+00  0.000000e+00  0.000000e+00  0.000000e+00  0.000000e+00  0.000000e+00  0.000000e+00  0.000000e+00  0.000000e+00  0.000000e+00  0.000000e+00  0.000000e+00  0.000000e+00  0.000000e+00  0.000000e+00  0.000000e+00
2.116992e+05  0.000000e+00  0.000000e+00  0.000000e+00  0.000000e+00  0.000000e+00  0.000000e+00  0.000000e+00  0.000000e+00  0.000000e+00  0.000000e+00  0.000000e+00  0.000000e+00  0.000000e+00  0.000000e+00  0.000000e+00  0.000000e+00
2.375304e+05  0.000000e+00  0.000000e+00  0.000000e+00  0.000000e+00  0.000000e+00  0.000000e+00  0.000000e+00  0.000000e+00  0.000000e+00  0.000000e+00  0.000000e+00  0.000000e+00  0.000000e+00  0.000000e+00  0.000000e+00  0.000000e+00
2.665135e+05  0.000000e+00  0.000000e+00  0.000000e+00  0.000000e+00  0.000000e+00  0.000000e+00  0.000000e+00  0.000000e+00  0.000000e+00  0.000000e+00  0.000000e+00  0.000000e+00  0.000000e+00  0.000000e+00  0.000000e+00  0.000000e+00
2.990330e+05  0.000000e+00  0.000000e+00  0.000000e+00  0.000000e+00  0.000000e+00  0.000000e+00  0.000000e+00  0.000000e+00  0.000000e+00  0.000000e+00  0.000000e+00  0.000000e+00  0.000000e+00  0.000000e+00  0.000000e+00  0.000000e+00
3.355206e+05  0.000000e+00  0.000000e+00  0.000000e+00  0.000000e+00  0.000000e+00  0.000000e+00  0.000000e+00  0.000000e+00  0.000000e+00  0.000000e+00  0.000000e+00  0.000000e+00  0.000000e+00  0.000000e+00  0.000000e+00  0.000000e+00
3.764603e+05  0.000000e+00  0.000000e+00  0.000000e+00  0.000000e+00  0.000000e+00  0.000000e+00  0.000000e+00  0.000000e+00  0.000000e+00  0.000000e+00  0.000000e+00  0.000000e+00  0.000000e+00  0.000000e+00  0.000000e+00  0.000000e+00
4.223954e+05  0.000000e+00  0.000000e+00  0.000000e+00  0.000000e+00  0.000000e+00  0.000000e+00  0.000000e+00  0.000000e+00  0.000000e+00  0.000000e+00  0.000000e+00  0.000000e+00  0.000000e+00  0.000000e+00  0.000000e+00  0.000000e+00
4.739354e+05  0.000000e+00  0.000000e+00  0.000000e+00  0.000000e+00  0.000000e+00  0.000000e+00  0.000000e+00  0.000000e+00  0.000000e+00  0.000000e+00  0.000000e+00  0.000000e+00  0.000000e+00  0.000000e+00  0.000000e+00  0.000000e+00
5.317643e+05  0.000000e+00  0.000000e+00  0.000000e+00  0.000000e+00  0.000000e+00  0.000000e+00  0.000000e+00  0.000000e+00  0.000000e+00  0.000000e+00  0.000000e+00  0.000000e+00  0.000000e+00  0.000000e+00  0.000000e+00  0.000000e+00
5.966493e+05  0.000000e+00  0.000000e+00  0.000000e+00  0.000000e+00  0.000000e+00  0.000000e+00  0.000000e+00  0.000000e+00  0.000000e+00  0.000000e+00  0.000000e+00  0.000000e+00  0.000000e+00  0.000000e+00  0.000000e+00  0.000000e+00
6.694516e+05  0.000000e+00  0.000000e+00  0.000000e+00  0.000000e+00  0.000000e+00  0.000000e+00  0.000000e+00  0.000000e+00  0.000000e+00  0.000000e+00  0.000000e+00  0.000000e+00  0.000000e+00  0.000000e+00  0.000000e+00  0.000000e+00
7.511370e+05  0.000000e+00  0.000000e+00  0.000000e+00  0.000000e+00  0.000000e+00  0.000000e+00  0.000000e+00  0.000000e+00  0.000000e+00  0.000000e+00  0.000000e+00  0.000000e+00  0.000000e+00  0.000000e+00  0.000000e+00  0.000000e+00
8.427896e+05  0.000000e+00  0.000000e+00  0.000000e+00  0.000000e+00  0.000000e+00  0.000000e+00  0.000000e+00  0.000000e+00  0.000000e+00  0.000000e+00  0.000000e+00  0.000000e+00  0.000000e+00  0.000000e+00  0.000000e+00  0.000000e+00
9.456255e+05  0.000000e+00  0.000000e+00  0.000000e+00  0.000000e+00  0.000000e+00  0.000000e+00  0.000000e+00  0.000000e+00  0.000000e+00  0.000000e+00  0.000000e+00  0.000000e+00  0.000000e+00  0.000000e+00  0.000000e+00  0.000000e+00
