# dR/dEr [1/keV/kg/Myr]
# Er [keV], S, F, Ne, Cl, Na, Si, O, P, N, C, Al, Mg, Be, B, Ar, Li
1.061009e+01  1.441678e+00  1.391789e+00  0.000000e+00  0.000000e+00  9.913539e-01  0.000000e+00  7.003121e-02  0.000000e+00  0.000000e+00  0.000000e+00  0.000000e+00  0.000000e+00  4.671102e-02  0.000000e+00  0.000000e+00  0.000000e+00
1.190472e+01  3.824818e-01  3.729951e-01  0.000000e+00  0.000000e+00  1.230414e-01  0.000000e+00  0.000000e+00  0.000000e+00  0.000000e+00  0.000000e+00  0.000000e+00  0.000000e+00  0.000000e+00  0.000000e+00  0.000000e+00  0.000000e+00
1.335731e+01  5.749190e-01  1.460876e-01  0.000000e+00  0.000000e+00  0.000000e+00  0.000000e+00  0.000000e+00  0.000000e+00  0.000000e+00  0.000000e+00  0.000000e+00  0.000000e+00  0.000000e+00  0.000000e+00  0.000000e+00  0.000000e+00
1.498715e+01  1.409283e-01  4.383975e-01  0.000000e+00  0.000000e+00  1.074070e-01  0.000000e+00  2.236965e-02  0.000000e+00  0.000000e+00  0.000000e+00  0.000000e+00  0.000000e+00  0.000000e+00  0.000000e+00  0.000000e+00  0.000000e+00
1.681586e+01  3.486916e-01  2.704677e-01  4.981828e-02  0.000000e+00  1.004071e-01  1.993697e-02  0.000000e+00  0.000000e+00  0.000000e+00  0.000000e+00  0.000000e+00  0.000000e+00  0.000000e+00  0.000000e+00  0.000000e+00  0.000000e+00
1.886771e+01  2.373260e-01  2.530631e-01  0.000000e+00  0.000000e+00  4.440059e-02  0.000000e+00  0.000000e+00  0.000000e+00  0.000000e+00  0.000000e+00  0.000000e+00  0.000000e+00  0.000000e+00  0.000000e+00  0.000000e+00  0.000000e+00
2.116992e+01  2.562456e-01  4.101181e-01  0.000000e+00  0.000000e+00  4.856579e-02  0.000000e+00  2.094371e-02  0.000000e+00  0.000000e+00  0.000000e+00  1.596524e-01  0.000000e+00  0.000000e+00  0.000000e+00  0.000000e+00  0.000000e+00
2.375304e+01  4.742028e-01  8.834856e-02  1.084945e-01  0.000000e+00  2.481495e-01  0.000000e+00  3.526864e-02  0.000000e+00  0.000000e+00  0.000000e+00  0.000000e+00  0.000000e+00  0.000000e+00  0.000000e+00  0.000000e+00  0.000000e+00
2.665135e+01  5.226955e-01  4.271880e-01  1.663618e-02  2.896621e-02  2.612839e-02  0.000000e+00  0.000000e+00  1.574275e-01  0.000000e+00  0.000000e+00  0.000000e+00  0.000000e+00  0.000000e+00  0.000000e+00  0.000000e+00  0.000000e+00
2.990330e+01  4.912299e-01  2.196399e-01  1.967133e-02  0.000000e+00  2.395561e-01  0.000000e+00  2.603839e-02  0.000000e+00  0.000000e+00  0.000000e+00  7.979611e-02  0.000000e+00  1.622756e-01  0.000000e+00  0.000000e+00  0.000000e+00
3.355206e+01  6.527318e-01  2.370177e-01  2.290223e-02  0.000000e+00  4.385753e-02  0.000000e+00  1.264410e-01  0.000000e+00  0.000000e+00  0.000000e+00  1.488650e-01  0.000000e+00  2.743135e-01  0.000000e+00  0.000000e+00  0.000000e+00
3.764603e+01  9.380304e-01  4.420498e-01  2.163831e-03  1.177751e-02  2.461124e-01  0.000000e+00  2.596466e-02  0.000000e+00  0.000000e+00  0.000000e+00  0.000000e+00  0.000000e+00  3.775958e-03  0.000000e+00  0.000000e+00  0.000000e+00
4.223954e+01  8.041411e-01  3.750668e-01  9.128046e-02  0.000000e+00  1.692559e-01  0.000000e+00  1.923943e-02  0.000000e+00  0.000000e+00  0.000000e+00  9.546409e-02  0.000000e+00  3.427692e-01  0.000000e+00  0.000000e+00  0.000000e+00
4.739354e+01  9.267161e-01  3.609338e-01  9.355211e-03  2.556875e-02  5.213025e-02  0.000000e+00  3.356004e-02  0.000000e+00  0.000000e+00  0.000000e+00  0.000000e+00  0.000000e+00  2.169141e-01  0.000000e+00  0.000000e+00  0.000000e+00
5.317643e+01  9.322277e-01  1.763095e-01  2.298031e-02  0.000000e+00  2.577829e-01  0.000000e+00  4.441336e-02  0.000000e+00  0.000000e+00  0.000000e+00  6.355875e-02  0.000000e+00  0.000000e+00  0.000000e+00  0.000000e+00  0.000000e+00
5.966493e+01  1.026702e+00  4.714638e-01  2.571182e-02  1.305011e-02  2.113879e-01  0.000000e+00  1.381585e-01  0.000000e+00  0.000000e+00  0.000000e+00  7.423995e-02  0.000000e+00  4.481810e-02  0.000000e+00  0.000000e+00  0.000000e+00
6.694516e+01  1.251487e+00  4.158510e-01  4.352701e-02  0.000000e+00  1.495429e-01  0.000000e+00  2.404544e-02  0.000000e+00  4.563277e-02  0.000000e+00  5.189229e-02  0.000000e+00  9.021521e-01  0.000000e+00  0.000000e+00  0.000000e+00
7.511370e+01  1.312161e+00  5.103957e-01  9.306531e-02  1.469338e-02  1.247210e-01  0.000000e+00  3.414780e-02  0.000000e+00  0.000000e+00  0.000000e+00  5.133077e-02  0.000000e+00  2.657817e+02  0.000000e+00  0.000000e+00  0.000000e+00
8.427896e+01  1.620987e+00  4.960347e-01  2.479301e-02  6.918170e-02  1.438547e-01  0.000000e+00  1.202508e-01  0.000000e+00  0.000000e+00  0.000000e+00  0.000000e+00  0.000000e+00  3.170787e+02  0.000000e+00  0.000000e+00  0.000000e+00
9.456255e+01  1.521123e+00  4.162046e-01  6.588686e-02  1.705634e-02  2.541011e-01  0.000000e+00  1.848834e-02  0.000000e+00  3.258841e-02  0.000000e+00  2.828886e-04  0.000000e+00  2.445537e+02  0.000000e+00  0.000000e+00  0.000000e+00
1.061009e+02  1.701019e+00  5.950408e-01  6.465936e-02  5.796258e-03  1.877939e-01  0.000000e+00  3.155045e-02  0.000000e+00  0.000000e+00  4.174819e-02  5.332682e-02  0.000000e+00  1.811860e+02  0.000000e+00  0.000000e+00  0.000000e+00
1.190472e+02  1.815094e+00  7.485526e-01  6.145596e-02  1.684710e-02  3.175471e-01  0.000000e+00  2.909058e-02  0.000000e+00  2.816172e-03  2.918118e-02  1.559589e+02  0.000000e+00  1.354929e+02  0.000000e+00  2.878277e-02  0.000000e+00
1.335731e+02  2.096048e+00  7.242985e-01  8.263439e-02  6.098504e-04  2.172409e-01  0.000000e+00  2.758744e-02  0.000000e+00  0.000000e+00  0.000000e+00  1.327870e+02  0.000000e+00  1.013422e+02  0.000000e+00  0.000000e+00  0.000000e+00
1.498715e+02  4.887264e+00  8.622564e-01  3.103026e-02  1.062460e-02  9.419566e-02  0.000000e+00  1.424127e-01  0.000000e+00  1.099596e-02  2.964846e-02  9.958608e+01  0.000000e+00  7.607473e+01  0.000000e+00  0.000000e+00  0.000000e+00
1.681586e+02  6.875552e+00  9.524456e-01  5.939328e-02  1.004071e-02  1.520666e-01  1.590800e-04  1.007264e-01  0.000000e+00  2.866023e-02  0.000000e+00  7.759320e+01  0.000000e+00  5.539549e+01  0.000000e+00  0.000000e+00  0.000000e+00
1.886771e+02  4.204651e+00  9.508031e-01  5.254524e-02  9.575979e-03  2.207927e-01  4.126807e-03  1.209726e-01  3.099249e-03  3.099249e-03  0.000000e+00  5.552697e+01  0.000000e+00  3.911606e+01  0.000000e+00  0.000000e+00  0.000000e+00
2.116992e+02  1.941837e+00  1.281526e+00  5.621452e-02  4.518272e-02  1.450708e-01  2.762208e-03  5.762493e-02  0.000000e+00  0.000000e+00  1.263617e-04  4.503015e+01  0.000000e+00  2.767127e+01  0.000000e+00  3.847896e-04  0.000000e+00
2.375304e+02  1.438540e+00  5.409116e+00  7.995528e-02  3.238872e-02  1.737746e-01  1.065044e-03  1.101229e-01  5.700085e-03  0.000000e+00  1.411430e-03  3.351044e+01  0.000000e+00  2.094768e+01  0.000000e+00  5.497509e-03  0.000000e+00
2.665135e+02  1.213767e+00  4.554927e+00  6.899705e-02  4.110368e-02  2.579711e-01  2.883220e-03  7.280620e-02  0.000000e+00  2.194100e-03  1.715358e-02  2.394304e+01  0.000000e+00  1.375796e+01  0.000000e+00  0.000000e+00  0.000000e+00
2.990330e+02  8.505231e-01  8.009794e-01  3.854475e-02  1.535239e-02  1.888961e-01  7.707201e-03  1.166467e-01  1.561059e-04  4.753650e-04  1.030536e-02  1.860911e+01  0.000000e+00  1.005814e+01  0.000000e+00  0.000000e+00  0.000000e+00
3.355206e+02  7.900928e-01  7.743648e-01  5.265425e-02  2.695456e-02  1.805865e-01  1.742836e-03  7.579739e-02  1.507986e-03  1.321459e-03  1.265474e-02  1.380324e+01  7.969911e-03  7.421889e+00  0.000000e+00  0.000000e+00  1.330966e-03
3.764603e+02  5.369136e-01  5.678222e-01  8.532415e-02  4.137870e-02  1.812573e-01  2.006675e-02  5.982503e-02  0.000000e+00  2.041163e-03  0.000000e+00  8.808261e+00  0.000000e+00  5.175161e+00  0.000000e+00  0.000000e+00  0.000000e+00
4.223954e+02  3.432059e-01  5.637445e-01  3.661043e-02  3.417449e-02  1.743379e-01  1.160186e-03  6.772921e-02  1.431266e-02  1.494898e-03  8.417226e-03  6.660463e+00  0.000000e+00  2.622449e+00  0.000000e+00  1.928516e-04  0.000000e+00
4.739354e+02  3.222454e-01  4.815264e-01  6.024958e-02  3.343457e-02  1.595309e-01  1.028178e-02  1.166802e-01  9.949542e-03  8.852801e-03  0.000000e+00  4.527327e+00  0.000000e+00  1.971121e+00  8.852801e-03  0.000000e+00  0.000000e+00
5.317643e+02  2.896277e-01  3.708063e-01  8.692237e-02  2.005731e-02  1.262284e-01  3.294288e-03  5.133106e-02  1.110059e-02  1.029924e-02  8.907279e-03  3.806091e+00  0.000000e+00  1.408822e+00  5.030550e-05  2.455647e-03  0.000000e+00
5.966493e+02  2.636190e-01  3.451022e-01  8.317362e-02  6.040319e-02  1.261098e-01  1.170829e-02  8.399964e-02  1.124901e-02  3.254010e-03  8.133047e-03  2.495553e+00  0.000000e+00  9.938859e-01  0.000000e+00  2.382469e-04  0.000000e+00
6.694516e+02  2.239337e-01  3.162146e-01  9.582308e-02  6.867973e-02  1.320323e-01  7.041366e-03  7.375883e-02  3.239146e-03  2.399209e-03  5.064071e-03  1.704402e+00  0.000000e+00  6.328207e-01  0.000000e+00  0.000000e+00  0.000000e+00
7.511370e+02  1.734511e-01  2.334233e-01  6.481840e-02  5.016920e-02  8.173997e-02  4.930926e-03  5.674105e-02  6.414880e-03  5.562653e-03  3.896825e-03  1.220703e+00  0.000000e+00  4.362364e-01  0.000000e+00  0.000000e+00  0.000000e+00
8.427896e+02  1.314999e-01  2.249171e-01  6.325928e-02  3.440883e-02  1.030986e-01  1.917882e-03  6.002228e-02  1.437836e-03  3.429366e-03  1.539289e-02  6.486739e-01  0.000000e+00  2.549593e-01  0.000000e+00  3.573031e-03  0.000000e+00
9.456255e+02  1.290550e-01  1.570568e-01  8.066423e-02  3.831181e-02  8.834107e-02  8.316847e-03  6.152877e-02  4.318759e-03  0.000000e+00  8.760837e-03  5.711049e-01  8.163786e-04  1.552951e-01  0.000000e+00  0.000000e+00  0.000000e+00
1.061009e+03  1.101326e-01  1.029182e-01  8.048572e-02  4.863288e-02  8.278330e-02  5.128883e-03  5.397633e-02  5.498549e-03  1.281347e-02  4.773670e-03  3.898909e-01  0.000000e+00  6.648092e-02  3.606831e-03  2.520307e-03  0.000000e+00
1.190472e+03  8.141744e-02  9.295047e-02  6.984583e-02  5.196454e-02  4.004821e-02  6.713659e-03  3.878441e-02  1.306691e-02  3.807905e-03  1.940905e-02  2.525877e-01  0.000000e+00  4.928305e-02  0.000000e+00  0.000000e+00  0.000000e+00
1.335731e+03  7.262453e-02  1.021628e-01  6.387726e-02  3.628023e-02  3.734272e-02  8.244866e-03  3.811633e-02  3.505181e-03  7.161872e-03  4.986176e-03  1.068023e-01  0.000000e+00  3.070870e-02  2.254430e-03  0.000000e+00  0.000000e+00
1.498715e+03  4.659089e-02  7.489101e-02  4.690724e-02  4.953216e-02  3.734615e-02  1.844433e-02  4.453153e-02  1.033161e-02  1.136466e-02  8.818687e-03  5.350365e-02  6.522028e-04  3.285451e-02  0.000000e+00  0.000000e+00  1.632637e-03
1.681586e+03  3.172271e-02  7.210391e-02  4.453687e-02  3.464915e-02  4.205489e-02  7.340747e-03  2.472979e-02  1.238199e-02  9.431301e-03  9.095059e-03  6.541756e-02  0.000000e+00  1.471012e-02  2.431736e-03  0.000000e+00  2.655626e-04
1.886771e+03  3.595040e-02  5.507539e-02  4.769580e-02  3.591793e-02  3.829180e-02  9.706220e-03  2.488395e-02  9.901822e-03  4.333991e-03  9.323058e-03  3.131583e-02  2.806888e-03  4.072657e-04  6.336841e-03  1.313377e-04  0.000000e+00
2.116992e+03  2.268668e-02  5.552375e-02  2.567388e-02  2.662039e-02  1.900726e-02  5.772804e-03  2.171690e-02  7.989830e-03  4.056192e-03  6.494237e-03  2.157794e-02  1.716023e-03  7.094622e-03  3.847896e-05  0.000000e+00  3.847896e-05
2.375304e+03  1.910827e-02  2.955780e-02  3.251490e-02  4.363806e-02  2.364341e-02  1.609079e-02  2.005165e-02  4.620899e-03  2.395258e-03  3.275825e-03  2.234709e-02  1.965257e-05  0.000000e+00  1.422903e-03  0.000000e+00  1.876085e-03
2.665135e+03  1.233742e-02  2.699092e-02  2.258916e-02  4.572888e-02  1.259315e-02  4.595349e-03  1.356823e-02  1.165411e-02  3.108865e-03  5.744165e-03  1.485549e-02  2.579684e-03  1.892197e-03  1.820763e-03  0.000000e+00  1.670236e-03
2.990330e+03  7.662459e-03  1.716882e-02  1.730468e-02  2.949459e-02  8.926158e-03  1.067187e-02  1.021056e-02  7.347047e-03  8.543519e-03  9.612201e-03  1.074916e-02  2.661746e-03  0.000000e+00  1.670293e-03  0.000000e+00  2.738075e-03
3.355206e+03  4.296735e-03  2.230917e-02  2.267874e-02  3.756425e-02  5.599453e-03  1.041568e-02  3.532710e-03  6.514392e-03  3.019763e-03  5.795889e-03  4.834387e-03  1.707474e-03  6.508492e-04  7.111836e-04  0.000000e+00  3.225146e-05
3.764603e+03  2.359909e-03  1.070180e-02  1.713093e-02  2.224870e-02  4.110792e-03  1.214327e-02  2.584645e-03  3.817761e-03  5.448523e-03  7.539684e-03  6.455334e-03  1.680285e-03  7.105841e-06  9.554436e-04  0.000000e+00  3.940193e-03
4.223954e+03  1.033820e-03  4.867939e-03  9.717104e-03  1.725787e-02  3.137397e-03  3.965456e-03  3.816492e-03  5.818237e-03  4.232067e-03  6.687982e-03  3.835454e-03  1.913350e-03  0.000000e+00  1.567841e-03  0.000000e+00  2.560732e-03
4.739354e+03  8.135379e-04  6.712841e-03  9.007385e-03  1.868041e-02  2.645663e-03  6.484397e-03  1.207879e-03  4.735237e-03  2.593463e-03  4.200303e-03  3.264906e-03  1.198641e-03  5.228647e-05  3.700277e-04  0.000000e+00  1.440211e-03
5.317643e+03  7.251100e-04  6.636911e-03  9.300027e-03  1.019881e-02  1.306274e-03  6.362264e-03  7.155272e-04  7.118309e-03  3.910305e-03  5.409908e-03  3.690934e-03  1.352861e-03  0.000000e+00  2.158439e-03  0.000000e+00  1.699960e-03
5.966493e+03  1.340960e-03  4.085866e-03  5.534997e-03  8.335324e-03  1.244194e-03  4.692774e-03  1.708680e-03  5.959842e-03  2.773717e-03  2.814506e-03  3.862751e-04  7.479881e-04  0.000000e+00  7.839321e-04  0.000000e+00  9.000932e-04
6.694516e+03  6.972995e-06  3.318165e-03  4.599956e-03  6.945663e-03  9.377087e-04  9.288733e-03  1.113525e-03  4.203364e-03  2.855063e-03  2.966271e-03  2.929712e-03  1.286293e-03  0.000000e+00  6.496200e-04  0.000000e+00  6.670631e-05
7.511370e+03  4.861344e-04  2.757091e-03  2.549435e-03  3.312329e-03  7.077299e-04  6.050730e-03  1.244556e-03  4.203761e-03  5.254732e-04  1.899560e-03  4.701116e-04  1.167656e-03  0.000000e+00  1.526175e-04  0.000000e+00  2.577699e-03
8.427896e+03  5.255786e-04  2.937152e-03  1.389222e-03  3.595650e-03  7.990404e-04  7.138884e-03  6.347085e-04  6.114850e-03  1.085506e-03  1.357341e-03  8.243903e-04  1.629430e-03  0.000000e+00  1.084658e-04  0.000000e+00  1.335566e-03
9.456255e+03  0.000000e+00  6.733952e-04  1.138177e-03  4.632389e-03  5.410357e-04  4.417637e-03  8.614365e-06  2.783242e-03  1.234326e-03  8.723574e-04  1.638148e-03  2.235328e-03  0.000000e+00  8.038495e-04  0.000000e+00  2.523375e-04
1.061009e+04  0.000000e+00  9.395845e-04  4.994179e-04  2.758954e-03  3.262259e-04  3.889394e-03  1.246099e-03  1.143297e-03  2.382936e-04  1.280380e-03  1.651843e-03  6.994248e-04  0.000000e+00  4.399663e-06  0.000000e+00  7.754537e-04
1.190472e+04  0.000000e+00  3.157946e-05  3.751171e-05  1.711569e-03  0.000000e+00  1.717583e-03  2.247064e-06  5.543985e-04  7.842407e-06  1.328969e-03  9.621742e-04  2.187220e-04  0.000000e+00  5.132238e-04  0.000000e+00  8.621717e-04
1.335731e+04  0.000000e+00  8.153579e-04  6.906413e-04  1.582614e-03  0.000000e+00  1.050039e-03  1.064210e-05  6.663560e-04  1.745454e-04  1.048990e-03  9.362264e-04  3.692884e-04  0.000000e+00  0.000000e+00  0.000000e+00  7.101503e-04
1.498715e+04  0.000000e+00  2.651454e-04  6.522028e-05  4.980918e-04  0.000000e+00  7.418047e-04  0.000000e+00  4.658830e-04  1.784241e-04  3.120890e-04  1.087059e-05  2.165121e-04  0.000000e+00  8.550020e-06  0.000000e+00  7.629825e-04
1.681586e+04  0.000000e+00  1.621636e-04  2.775999e-06  2.290243e-04  0.000000e+00  1.104457e-03  1.590800e-06  2.899308e-04  0.000000e+00  5.812763e-05  4.590834e-05  3.500958e-05  0.000000e+00  7.363716e-04  0.000000e+00  5.629659e-04
1.886771e+04  0.000000e+00  2.103352e-04  0.000000e+00  2.313241e-04  0.000000e+00  7.191618e-04  0.000000e+00  4.253637e-04  0.000000e+00  0.000000e+00  4.826684e-04  2.766527e-04  0.000000e+00  4.062202e-04  0.000000e+00  9.093153e-04
2.116992e+04  0.000000e+00  1.263617e-06  0.000000e+00  4.644021e-04  0.000000e+00  7.978326e-06  0.000000e+00  2.092366e-04  0.000000e+00  0.000000e+00  0.000000e+00  1.981895e-04  0.000000e+00  4.694785e-04  0.000000e+00  2.092366e-04
2.375304e+04  0.000000e+00  0.000000e+00  0.000000e+00  1.126200e-06  0.000000e+00  2.894947e-04  1.880039e-05  9.702791e-05  0.000000e+00  1.125780e-04  2.042929e-04  3.930514e-06  0.000000e+00  0.000000e+00  0.000000e+00  4.032694e-04
2.665135e+04  0.000000e+00  1.675587e-05  0.000000e+00  1.498500e-04  0.000000e+00  0.000000e+00  0.000000e+00  0.000000e+00  0.000000e+00  9.297995e-06  0.000000e+00  0.000000e+00  0.000000e+00  0.000000e+00  0.000000e+00  1.675587e-05
2.990330e+04  0.000000e+00  0.000000e+00  0.000000e+00  1.021590e-04  0.000000e+00  0.000000e+00  0.000000e+00  0.000000e+00  0.000000e+00  0.000000e+00  0.000000e+00  1.792310e-04  0.000000e+00  2.393476e-04  0.000000e+00  1.313927e-04
3.355206e+04  0.000000e+00  0.000000e+00  0.000000e+00  0.000000e+00  0.000000e+00  0.000000e+00  0.000000e+00  0.000000e+00  0.000000e+00  0.000000e+00  0.000000e+00  2.427858e-06  0.000000e+00  3.891938e-05  0.000000e+00  1.477132e-05
3.764603e+04  0.000000e+00  0.000000e+00  0.000000e+00  2.596466e-05  0.000000e+00  0.000000e+00  0.000000e+00  0.000000e+00  0.000000e+00  0.000000e+00  0.000000e+00  8.114781e-05  0.000000e+00  2.596466e-05  0.000000e+00  7.105841e-07
4.223954e+04  0.000000e+00  0.000000e+00  0.000000e+00  1.827644e-05  0.000000e+00  0.000000e+00  0.000000e+00  1.622595e-04  0.000000e+00  0.000000e+00  0.000000e+00  9.656923e-05  0.000000e+00  0.000000e+00  0.000000e+00  0.000000e+00
4.739354e+04  0.000000e+00  0.000000e+00  0.000000e+00  0.000000e+00  0.000000e+00  0.000000e+00  0.000000e+00  5.644370e-07  0.000000e+00  0.000000e+00  0.000000e+00  1.685333e-05  0.000000e+00  6.445800e-05  0.000000e+00  0.000000e+00
5.317643e+04  0.000000e+00  0.000000e+00  0.000000e+00  0.000000e+00  0.000000e+00  0.000000e+00  0.000000e+00  0.000000e+00  0.000000e+00  0.000000e+00  0.000000e+00  0.000000e+00  0.000000e+00  0.000000e+00  0.000000e+00  0.000000e+00
5.966493e+04  0.000000e+00  0.000000e+00  0.000000e+00  0.000000e+00  0.000000e+00  0.000000e+00  0.000000e+00  0.000000e+00  0.000000e+00  0.000000e+00  0.000000e+00  0.000000e+00  0.000000e+00  0.000000e+00  0.000000e+00  0.000000e+00
6.694516e+04  0.000000e+00  0.000000e+00  0.000000e+00  0.000000e+00  0.000000e+00  0.000000e+00  0.000000e+00  0.000000e+00  0.000000e+00  0.000000e+00  0.000000e+00  0.000000e+00  0.000000e+00  0.000000e+00  0.000000e+00  3.482639e-05
7.511370e+04  0.000000e+00  0.000000e+00  0.000000e+00  0.000000e+00  0.000000e+00  0.000000e+00  0.000000e+00  0.000000e+00  0.000000e+00  0.000000e+00  0.000000e+00  0.000000e+00  0.000000e+00  0.000000e+00  0.000000e+00  5.254732e-05
8.427896e+04  0.000000e+00  0.000000e+00  0.000000e+00  0.000000e+00  0.000000e+00  0.000000e+00  0.000000e+00  0.000000e+00  0.000000e+00  0.000000e+00  0.000000e+00  0.000000e+00  0.000000e+00  0.000000e+00  0.000000e+00  0.000000e+00
9.456255e+04  0.000000e+00  0.000000e+00  0.000000e+00  0.000000e+00  0.000000e+00  0.000000e+00  0.000000e+00  0.000000e+00  0.000000e+00  0.000000e+00  0.000000e+00  0.000000e+00  0.000000e+00  0.000000e+00  0.000000e+00  0.000000e+00
1.061009e+05  0.000000e+00  0.000000e+00  0.000000e+00  0.000000e+00  0.000000e+00  0.000000e+00  0.000000e+00  0.000000e+00  0.000000e+00  0.000000e+00  0.000000e+00  0.000000e+00  0.000000e+00  0.000000e+00  0.000000e+00  0.000000e+00
1.190472e+05  0.000000e+00  0.000000e+00  0.000000e+00  0.000000e+00  0.000000e+00  0.000000e+00  0.000000e+00  0.000000e+00  0.000000e+00  0.000000e+00  0.000000e+00  0.000000e+00  0.000000e+00  0.000000e+00  0.000000e+00  0.000000e+00
1.335731e+05  0.000000e+00  0.000000e+00  0.000000e+00  0.000000e+00  0.000000e+00  0.000000e+00  0.000000e+00  0.000000e+00  0.000000e+00  0.000000e+00  0.000000e+00  0.000000e+00  0.000000e+00  0.000000e+00  0.000000e+00  0.000000e+00
1.498715e+05  0.000000e+00  0.000000e+00  0.000000e+00  0.000000e+00  0.000000e+00  0.000000e+00  0.000000e+00  0.000000e+00  0.000000e+00  0.000000e+00  0.000000e+00  0.000000e+00  0.000000e+00  0.000000e+00  0.000000e+00  0.000000e+00
1.681586e+05  0.000000e+00  0.000000e+00  0.000000e+00  0.000000e+00  0.000000e+00  0.000000e+00  0.000000e+00  0.000000e+00  0.000000e+00  0.000000e+00  0.000000e+00  0.000000e+00  0.000000e+00  0.000000e+00  0.000000e+00  0.000000e+00
1.886771e+05  0.000000e+00  0.000000e+00  0.000000e+00  0.000000e+00  0.000000e+00  0.000000e+00  0.000000e+00  0.000000e+00  0.000000e+00  0.000000e+00  0.000000e+00  0.000000e+00  0.000000e+00  0.000000e+00  0.000000e+00  0.000000e+00
2.116992e+05  0.000000e+00  0.000000e+00  0.000000e+00  0.000000e+00  0.000000e+00  0.000000e+00  0.000000e+00  0.000000e+00  0.000000e+00  0.000000e+00  0.000000e+00  0.000000e+00  0.000000e+00  0.000000e+00  0.000000e+00  0.000000e+00
2.375304e+05  0.000000e+00  0.000000e+00  0.000000e+00  0.000000e+00  0.000000e+00  0.000000e+00  0.000000e+00  0.000000e+00  0.000000e+00  0.000000e+00  0.000000e+00  0.000000e+00  0.000000e+00  0.000000e+00  0.000000e+00  0.000000e+00
2.665135e+05  0.000000e+00  0.000000e+00  0.000000e+00  0.000000e+00  0.000000e+00  0.000000e+00  0.000000e+00  0.000000e+00  0.000000e+00  0.000000e+00  0.000000e+00  0.000000e+00  0.000000e+00  0.000000e+00  0.000000e+00  0.000000e+00
2.990330e+05  0.000000e+00  0.000000e+00  0.000000e+00  0.000000e+00  0.000000e+00  0.000000e+00  0.000000e+00  0.000000e+00  0.000000e+00  0.000000e+00  0.000000e+00  0.000000e+00  0.000000e+00  0.000000e+00  0.000000e+00  0.000000e+00
3.355206e+05  0.000000e+00  0.000000e+00  0.000000e+00  0.000000e+00  0.000000e+00  0.000000e+00  0.000000e+00  0.000000e+00  0.000000e+00  0.000000e+00  0.000000e+00  0.000000e+00  0.000000e+00  0.000000e+00  0.000000e+00  0.000000e+00
3.764603e+05  0.000000e+00  0.000000e+00  0.000000e+00  0.000000e+00  0.000000e+00  0.000000e+00  0.000000e+00  0.000000e+00  0.000000e+00  0.000000e+00  0.000000e+00  0.000000e+00  0.000000e+00  0.000000e+00  0.000000e+00  0.000000e+00
4.223954e+05  0.000000e+00  0.000000e+00  0.000000e+00  0.000000e+00  0.000000e+00  0.000000e+00  0.000000e+00  0.000000e+00  0.000000e+00  0.000000e+00  0.000000e+00  0.000000e+00  0.000000e+00  0.000000e+00  0.000000e+00  0.000000e+00
4.739354e+05  0.000000e+00  0.000000e+00  0.000000e+00  0.000000e+00  0.000000e+00  0.000000e+00  0.000000e+00  0.000000e+00  0.000000e+00  0.000000e+00  0.000000e+00  0.000000e+00  0.000000e+00  0.000000e+00  0.000000e+00  0.000000e+00
5.317643e+05  0.000000e+00  0.000000e+00  0.000000e+00  0.000000e+00  0.000000e+00  0.000000e+00  0.000000e+00  0.000000e+00  0.000000e+00  0.000000e+00  0.000000e+00  0.000000e+00  0.000000e+00  0.000000e+00  0.000000e+00  0.000000e+00
5.966493e+05  0.000000e+00  0.000000e+00  0.000000e+00  0.000000e+00  0.000000e+00  0.000000e+00  0.000000e+00  0.000000e+00  0.000000e+00  0.000000e+00  0.000000e+00  0.000000e+00  0.000000e+00  0.000000e+00  0.000000e+00  0.000000e+00
6.694516e+05  0.000000e+00  0.000000e+00  0.000000e+00  0.000000e+00  0.000000e+00  0.000000e+00  0.000000e+00  0.000000e+00  0.000000e+00  0.000000e+00  0.000000e+00  0.000000e+00  0.000000e+00  0.000000e+00  0.000000e+00  0.000000e+00
7.511370e+05  0.000000e+00  0.000000e+00  0.000000e+00  0.000000e+00  0.000000e+00  0.000000e+00  0.000000e+00  0.000000e+00  0.000000e+00  0.000000e+00  0.000000e+00  0.000000e+00  0.000000e+00  0.000000e+00  0.000000e+00  0.000000e+00
8.427896e+05  0.000000e+00  0.000000e+00  0.000000e+00  0.000000e+00  0.000000e+00  0.000000e+00  0.000000e+00  0.000000e+00  0.000000e+00  0.000000e+00  0.000000e+00  0.000000e+00  0.000000e+00  0.000000e+00  0.000000e+00  0.000000e+00
9.456255e+05  0.000000e+00  0.000000e+00  0.000000e+00  0.000000e+00  0.000000e+00  0.000000e+00  0.000000e+00  0.000000e+00  0.000000e+00  0.000000e+00  0.000000e+00  0.000000e+00  0.000000e+00  0.000000e+00  0.000000e+00  0.000000e+00
