# dR/dEr [1/keV/kg/Myr]
# Er [keV], S, F, Ne, Cl, Na, Si, O, P, N, C, Al, Mg, Be, B, Ar, Li
1.061009e+01  1.366972e+07  9.715868e+06  0.000000e+00  0.000000e+00  2.731908e+06  0.000000e+00  1.035198e+06  0.000000e+00  0.000000e+00  0.000000e+00  0.000000e+00  0.000000e+00  1.545004e+03  0.000000e+00  0.000000e+00  0.000000e+00
1.190472e+01  5.316327e+06  6.743865e+05  0.000000e+00  0.000000e+00  1.648163e+06  0.000000e+00  0.000000e+00  0.000000e+00  0.000000e+00  0.000000e+00  0.000000e+00  0.000000e+00  0.000000e+00  0.000000e+00  0.000000e+00  0.000000e+00
1.335731e+01  7.115975e+06  1.565971e+06  0.000000e+00  0.000000e+00  0.000000e+00  0.000000e+00  0.000000e+00  0.000000e+00  0.000000e+00  0.000000e+00  0.000000e+00  0.000000e+00  0.000000e+00  0.000000e+00  0.000000e+00  0.000000e+00
1.498715e+01  1.966589e+06  1.639974e+06  0.000000e+00  0.000000e+00  8.082044e+05  0.000000e+00  3.639804e+05  0.000000e+00  0.000000e+00  0.000000e+00  0.000000e+00  0.000000e+00  0.000000e+00  0.000000e+00  0.000000e+00  0.000000e+00
1.681586e+01  4.834291e+06  1.216534e+06  7.192279e+05  0.000000e+00  1.297596e+06  3.243979e+05  0.000000e+00  0.000000e+00  0.000000e+00  0.000000e+00  0.000000e+00  0.000000e+00  0.000000e+00  0.000000e+00  0.000000e+00  0.000000e+00
1.886771e+01  3.367149e+06  1.784508e+06  0.000000e+00  0.000000e+00  6.410125e+05  0.000000e+00  0.000000e+00  0.000000e+00  0.000000e+00  0.000000e+00  0.000000e+00  0.000000e+00  0.000000e+00  0.000000e+00  0.000000e+00  0.000000e+00
2.116992e+01  3.246329e+06  2.223545e+06  0.000000e+00  0.000000e+00  6.771980e+05  0.000000e+00  3.122949e+05  0.000000e+00  0.000000e+00  0.000000e+00  1.013491e+04  0.000000e+00  0.000000e+00  0.000000e+00  0.000000e+00  0.000000e+00
2.375304e+01  5.931957e+06  1.198750e+06  1.634914e+05  0.000000e+00  1.122891e+06  0.000000e+00  5.091743e+05  0.000000e+00  0.000000e+00  0.000000e+00  0.000000e+00  0.000000e+00  0.000000e+00  0.000000e+00  0.000000e+00  0.000000e+00
2.665135e+01  5.181876e+06  1.451789e+06  2.480646e+05  6.846407e+02  4.120139e+05  0.000000e+00  0.000000e+00  5.349752e+04  0.000000e+00  0.000000e+00  0.000000e+00  0.000000e+00  0.000000e+00  0.000000e+00  0.000000e+00  0.000000e+00
2.990330e+01  5.463180e+06  2.397313e+06  3.285423e+05  0.000000e+00  1.611875e+05  0.000000e+00  4.035102e+05  0.000000e+00  0.000000e+00  0.000000e+00  2.465965e+03  0.000000e+00  1.966882e+04  0.000000e+00  0.000000e+00  0.000000e+00
3.355206e+01  7.286265e+06  1.785385e+06  2.575160e+05  0.000000e+00  6.243278e+05  0.000000e+00  3.334406e+05  0.000000e+00  0.000000e+00  0.000000e+00  1.769961e+04  0.000000e+00  1.509892e+04  0.000000e+00  0.000000e+00  0.000000e+00
3.764603e+01  7.884114e+06  1.103331e+06  1.061561e+02  1.756163e+05  5.444989e+05  0.000000e+00  7.960907e+02  0.000000e+00  0.000000e+00  0.000000e+00  0.000000e+00  0.000000e+00  1.512943e+02  0.000000e+00  0.000000e+00  0.000000e+00
4.223954e+01  7.598052e+06  3.827620e+06  7.183163e+03  0.000000e+00  1.492545e+06  0.000000e+00  2.584251e+05  0.000000e+00  0.000000e+00  0.000000e+00  4.193374e+03  0.000000e+00  2.382593e+05  0.000000e+00  0.000000e+00  0.000000e+00
4.739354e+01  1.065522e+07  4.054099e+06  1.394970e+05  3.218043e+05  5.330796e+05  0.000000e+00  5.082984e+05  0.000000e+00  0.000000e+00  0.000000e+00  0.000000e+00  0.000000e+00  1.336275e+05  0.000000e+00  0.000000e+00  0.000000e+00
5.317643e+01  9.274372e+06  2.425208e+06  3.512373e+05  0.000000e+00  1.146227e+06  0.000000e+00  6.820602e+05  0.000000e+00  0.000000e+00  0.000000e+00  4.034781e+03  0.000000e+00  0.000000e+00  0.000000e+00  0.000000e+00  0.000000e+00
5.966493e+01  1.228599e+07  4.396424e+06  3.867458e+05  2.022341e+05  6.614814e+05  0.000000e+00  4.645955e+05  0.000000e+00  0.000000e+00  0.000000e+00  7.060791e+03  0.000000e+00  1.702728e+03  0.000000e+00  0.000000e+00  0.000000e+00
6.694516e+01  1.335862e+07  3.655436e+06  6.363009e+05  0.000000e+00  1.595826e+06  0.000000e+00  1.809344e+05  0.000000e+00  2.198166e+03  0.000000e+00  3.805246e+04  0.000000e+00  1.025818e+06  0.000000e+00  0.000000e+00  0.000000e+00
7.511370e+01  1.394472e+07  4.624934e+06  4.360031e+05  1.876518e+05  8.914620e+05  0.000000e+00  4.209166e+05  0.000000e+00  0.000000e+00  0.000000e+00  4.039389e+03  0.000000e+00  3.300408e+08  0.000000e+00  0.000000e+00  0.000000e+00
8.427896e+01  1.769150e+07  5.617673e+06  3.397044e+05  4.310889e+05  1.360542e+06  0.000000e+00  6.398898e+05  0.000000e+00  0.000000e+00  0.000000e+00  0.000000e+00  0.000000e+00  3.996120e+08  0.000000e+00  0.000000e+00  0.000000e+00
9.456255e+01  1.782900e+07  4.474497e+06  3.692948e+05  2.332974e+05  1.183897e+06  0.000000e+00  2.193292e+05  0.000000e+00  1.577430e+03  0.000000e+00  2.124750e+01  0.000000e+00  2.996710e+08  0.000000e+00  0.000000e+00  0.000000e+00
1.061009e+02  2.117912e+07  5.698917e+06  3.546412e+05  9.261473e+04  1.644513e+06  0.000000e+00  4.239186e+05  0.000000e+00  0.000000e+00  3.970574e+03  9.684065e+04  0.000000e+00  2.327801e+08  0.000000e+00  0.000000e+00  0.000000e+00
1.190472e+02  2.257161e+07  7.245745e+06  7.297332e+05  1.206765e+05  1.378443e+06  0.000000e+00  1.774414e+05  0.000000e+00  4.582242e+04  2.139847e+04  2.080704e+08  0.000000e+00  1.697849e+08  0.000000e+00  1.825993e+03  0.000000e+00
1.335731e+02  2.563500e+07  8.116604e+06  5.108283e+05  2.991886e+01  1.913345e+06  0.000000e+00  2.488432e+05  0.000000e+00  0.000000e+00  0.000000e+00  1.700705e+08  0.000000e+00  1.241986e+08  0.000000e+00  0.000000e+00  0.000000e+00
1.498715e+02  6.334107e+07  9.269672e+06  4.301281e+05  1.195317e+05  1.171411e+06  0.000000e+00  3.911281e+05  0.000000e+00  7.299605e+04  9.568043e+03  1.276537e+08  0.000000e+00  9.354203e+07  0.000000e+00  0.000000e+00  0.000000e+00
1.681586e+02  9.161792e+07  9.221326e+06  5.045019e+05  1.297596e+05  9.769597e+05  1.194835e+01  5.275937e+05  0.000000e+00  6.586738e+03  0.000000e+00  9.434402e+07  0.000000e+00  6.695955e+07  0.000000e+00  0.000000e+00  0.000000e+00
1.886771e+02  5.291370e+07  1.110656e+07  3.643176e+05  1.399349e+05  2.022394e+06  6.395205e+04  4.883136e+05  4.094280e+04  4.094280e+04  0.000000e+00  7.195806e+07  0.000000e+00  5.070790e+07  0.000000e+00  0.000000e+00  0.000000e+00
2.116992e+02  2.298754e+07  1.366666e+07  4.720308e+05  2.875849e+05  8.387071e+05  3.649031e+04  5.067941e+05  0.000000e+00  0.000000e+00  9.490909e+00  5.458757e+07  0.000000e+00  3.231528e+07  0.000000e+00  1.887752e+01  0.000000e+00
2.375304e+02  1.651633e+07  7.233314e+07  7.879537e+05  2.865375e+05  1.248031e+06  1.839541e+04  5.080814e+05  6.423238e+04  0.000000e+00  2.296561e+04  4.057801e+07  0.000000e+00  2.330597e+07  0.000000e+00  3.891299e+04  0.000000e+00
2.665135e+02  1.352262e+07  6.001494e+07  8.070720e+05  1.547285e+05  1.741520e+06  3.241934e+04  3.841090e+05  0.000000e+00  2.898529e+04  4.125197e+03  3.048920e+07  0.000000e+00  1.765758e+07  0.000000e+00  0.000000e+00  0.000000e+00
2.990330e+02  8.104339e+06  8.986382e+06  4.427398e+05  1.615506e+05  1.420039e+06  2.332322e+02  7.088287e+05  9.444224e+00  1.904682e+01  4.988271e+02  2.317565e+07  0.000000e+00  1.315674e+07  0.000000e+00  0.000000e+00  0.000000e+00
3.355206e+02  6.982925e+06  7.821762e+06  5.266836e+05  2.020231e+05  1.494259e+06  2.302383e+04  5.154505e+05  2.604590e+04  1.970447e+04  7.646846e+03  1.682086e+07  3.027926e+02  8.346613e+06  0.000000e+00  0.000000e+00  3.637386e+01
3.764603e+02  4.697815e+06  5.832304e+06  6.233413e+05  1.144441e+05  1.699534e+06  1.055562e+03  3.861512e+05  0.000000e+00  2.295113e+04  0.000000e+00  1.184131e+07  0.000000e+00  6.083890e+06  0.000000e+00  0.000000e+00  0.000000e+00
4.223954e+02  3.025887e+06  4.727454e+06  4.024714e+05  1.907635e+05  1.402549e+06  1.565851e+04  5.847780e+05  3.760321e+04  1.829516e+04  6.040369e+03  8.830444e+06  0.000000e+00  3.599067e+06  0.000000e+00  9.461174e+00  0.000000e+00
4.739354e+02  2.265058e+06  3.777513e+06  5.846298e+05  3.583208e+05  1.175903e+06  1.483860e+04  4.983423e+05  2.234565e+04  3.008387e+03  0.000000e+00  5.234862e+06  0.000000e+00  2.513488e+06  3.008387e+03  0.000000e+00  0.000000e+00
5.317643e+02  1.709349e+06  2.483806e+06  5.727426e+05  1.574150e+05  1.304313e+06  4.295109e+04  4.970910e+05  3.514992e+04  3.785789e+04  1.496485e+04  4.227927e+06  0.000000e+00  1.966307e+06  3.778399e+00  1.738180e+04  0.000000e+00
5.966493e+02  1.524463e+06  2.045706e+06  5.868367e+05  2.420299e+05  1.297736e+06  2.471042e+04  4.415583e+05  4.306090e+04  2.592508e+04  9.857761e+02  3.299380e+06  0.000000e+00  1.247679e+06  0.000000e+00  9.546024e+00  0.000000e+00
6.694516e+02  1.140782e+06  1.697722e+06  7.305941e+05  3.939159e+05  1.220456e+06  3.009366e+04  5.990510e+05  3.314179e+04  3.097256e+04  8.368323e+03  2.200734e+06  0.000000e+00  6.008457e+05  0.000000e+00  0.000000e+00  0.000000e+00
7.511370e+02  9.073530e+05  1.321801e+06  5.310183e+05  3.179029e+05  8.196970e+05  1.175962e+04  4.540645e+05  4.521019e+04  2.034692e+04  5.952392e+03  1.341489e+06  0.000000e+00  4.691658e+05  0.000000e+00  0.000000e+00  0.000000e+00
8.427896e+02  5.717078e+05  1.066304e+06  4.299954e+05  3.755999e+05  8.703152e+05  2.866756e+04  5.046304e+05  1.809639e+04  7.934004e+03  2.266097e+03  7.643605e+05  0.000000e+00  2.465117e+05  0.000000e+00  3.769264e+03  0.000000e+00
9.456255e+02  5.348670e+05  9.239940e+05  5.670401e+05  2.205527e+05  7.603232e+05  2.546584e+04  5.010422e+05  5.441784e+04  0.000000e+00  2.231330e+04  5.660631e+05  1.929580e+01  1.916534e+05  0.000000e+00  0.000000e+00  0.000000e+00
1.061009e+03  4.864710e+05  6.276268e+05  5.203066e+05  3.622147e+05  5.905925e+05  3.451709e+04  4.913386e+05  4.040423e+04  4.046237e+04  1.050367e+03  4.557384e+05  0.000000e+00  4.812663e+04  1.558923e+02  9.575143e+01  0.000000e+00
1.190472e+03  3.293672e+05  5.560388e+05  4.816524e+05  3.736683e+05  4.800380e+05  2.740132e+04  2.897787e+05  4.927729e+04  2.117285e+04  2.270810e+03  2.737186e+05  0.000000e+00  7.741260e+04  0.000000e+00  0.000000e+00  0.000000e+00
1.335731e+03  3.085008e+05  4.755217e+05  3.934542e+05  2.906411e+05  3.833668e+05  1.629621e+04  3.956256e+05  1.523482e+04  3.208476e+04  5.192209e+03  1.280079e+05  0.000000e+00  2.108262e+04  2.378245e+03  0.000000e+00  0.000000e+00
1.498715e+03  2.028173e+05  3.621617e+05  3.365841e+05  2.916417e+05  2.548606e+05  4.124172e+04  3.249478e+05  4.728396e+04  3.620591e+04  7.264305e+03  9.686219e+04  1.999689e+01  4.387564e+04  0.000000e+00  0.000000e+00  5.033628e+01
1.681586e+03  7.760132e+04  3.038823e+05  2.457520e+05  2.612811e+05  2.854354e+05  2.864056e+04  2.636439e+05  3.336727e+04  2.836798e+04  8.673683e+03  6.716226e+04  0.000000e+00  3.837942e+04  1.163128e+03  0.000000e+00  7.257540e+00
1.886771e+03  9.136248e+04  1.892365e+05  2.479143e+05  3.484737e+05  2.306348e+05  2.477826e+04  2.390431e+05  3.376627e+04  2.205653e+04  1.111704e+04  3.830554e+04  3.815736e+03  4.579353e+03  5.888566e+02  4.344097e+00  0.000000e+00
2.116992e+03  8.841871e+04  1.944978e+05  1.609958e+05  2.141030e+05  9.387870e+04  1.957644e+04  1.683820e+05  3.071952e+04  8.511435e+03  8.897790e+03  1.176520e+04  2.165348e+03  4.990409e+03  1.887752e+00  0.000000e+00  1.887752e+00
2.375304e+03  3.433690e+04  1.173851e+05  1.398374e+05  2.833538e+05  8.771820e+04  3.079124e+04  1.504269e+05  2.840009e+04  2.040992e+04  3.849804e+03  2.706031e+04  1.188957e+00  0.000000e+00  9.032750e+01  0.000000e+00  1.782049e+02
2.665135e+03  3.083451e+04  7.391631e+04  1.127679e+05  2.244465e+05  4.418884e+04  2.711807e+04  9.488818e+04  4.803260e+04  7.628322e+03  1.451684e+04  8.039192e+03  2.152993e+03  2.056299e+03  2.206878e+02  0.000000e+00  9.670796e+02
2.990330e+03  4.306752e+03  4.899669e+04  6.665717e+04  1.689726e+05  3.565161e+04  3.082207e+04  6.545281e+04  3.635010e+04  2.860835e+03  2.990999e+03  5.513214e+03  1.769676e+02  0.000000e+00  1.985929e+02  0.000000e+00  1.221452e+03
3.355206e+03  4.789414e+03  5.450035e+04  4.706594e+04  1.767608e+05  9.849146e+03  3.401482e+04  4.545946e+04  2.310510e+04  5.752460e+03  5.980744e+03  7.200948e+02  1.688642e+03  1.394833e+03  2.197793e+01  0.000000e+00  1.789927e+00
3.764603e+03  2.435757e+03  2.207256e+04  3.476622e+04  1.119389e+05  5.174375e+03  2.127068e+04  2.419856e+04  1.633288e+04  3.356861e+03  4.409783e+03  2.205943e+03  6.193375e+01  5.337130e-01  1.038585e+03  0.000000e+00  4.320603e+02
4.223954e+03  4.338485e+01  1.935527e+04  1.099389e+04  9.213689e+04  1.137106e+03  1.160970e+04  2.484940e+04  1.640141e+04  3.628835e+03  2.840087e+03  1.678267e+03  1.635888e+02  0.000000e+00  1.166791e+03  0.000000e+00  2.141127e+02
4.739354e+03  6.402000e+01  1.016976e+04  1.724659e+04  7.992983e+04  2.018467e+03  1.498622e+04  3.744206e+03  8.542419e+03  9.868690e+02  1.527648e+03  9.635823e+02  4.224946e+02  1.729416e+00  1.117491e+01  0.000000e+00  5.261868e+01
5.317643e+03  1.505419e+03  6.504728e+03  8.736056e+03  4.903470e+04  6.124147e+01  9.732858e+03  4.817253e+02  1.735130e+04  5.214259e+03  1.851161e+03  2.295366e+02  1.092908e+03  0.000000e+00  3.660595e+02  0.000000e+00  1.728398e+03
5.966493e+03  1.241881e+02  3.317870e+03  1.664083e+03  2.197403e+04  1.034072e+03  1.216847e+04  8.793175e+02  3.774001e+03  1.821708e+03  3.050686e+03  1.168930e+01  4.126416e+01  0.000000e+00  7.198163e+01  0.000000e+00  1.876607e+02
6.694516e+03  4.218580e-01  1.736268e+03  2.378512e+03  1.426017e+04  4.867273e+01  1.540951e+04  5.798100e+01  3.799564e+03  9.952301e+02  2.608908e+03  5.604123e+02  2.780237e+03  0.000000e+00  4.756756e+01  0.000000e+00  1.823012e+00
7.511370e+03  1.751515e+01  7.677014e+02  2.344472e+03  1.272438e+04  4.322035e+02  7.037724e+03  3.022885e+02  2.197315e+03  2.596337e+02  1.408328e+03  1.460881e+01  1.517254e+02  0.000000e+00  5.015663e+00  0.000000e+00  9.340647e+02
8.427896e+03  4.998657e+01  3.873139e+02  1.436400e+03  1.141132e+03  5.826196e+01  7.122978e+03  1.562084e+03  3.429535e+03  2.835503e+02  1.820783e+02  6.045228e+02  4.536303e+02  0.000000e+00  2.840831e+00  0.000000e+00  7.504329e+01
9.456255e+03  0.000000e+00  1.216614e+02  1.227180e+03  3.486331e+03  8.900190e+01  5.499017e+03  4.226151e-01  1.574229e+03  4.532755e+02  2.396110e+02  1.447032e+03  5.479333e+02  0.000000e+00  2.300028e+02  0.000000e+00  7.798065e+00
1.061009e+04  0.000000e+00  8.330885e+02  8.868880e+02  1.737421e+03  2.059846e+01  2.738768e+03  9.427435e+01  9.217257e+02  7.486845e+00  6.481586e+02  2.753441e+02  4.239013e+02  0.000000e+00  2.661744e-01  0.000000e+00  2.018652e+02
1.190472e+04  0.000000e+00  1.261416e+00  1.025155e+00  9.757009e+02  0.000000e+00  6.505538e+02  1.687749e-01  1.580765e+01  4.744564e-01  3.513455e+02  2.570832e+03  3.263770e+02  0.000000e+00  2.472239e+01  0.000000e+00  4.556074e+01
1.335731e+04  0.000000e+00  5.876949e+01  7.234424e+02  8.702000e+02  0.000000e+00  1.732051e+03  4.264052e-01  7.565551e+01  5.371839e+00  2.270119e+02  9.451466e+01  2.510597e+01  0.000000e+00  0.000000e+00  0.000000e+00  5.605834e+01
1.498715e+04  0.000000e+00  1.302591e+02  1.999689e+00  2.263742e+01  0.000000e+00  3.033926e+02  0.000000e+00  8.532506e+02  6.778682e+00  2.865640e+01  5.333042e-01  1.099820e+03  0.000000e+00  4.550892e-01  0.000000e+00  2.341393e+02
1.681586e+04  0.000000e+00  4.649532e+00  1.679447e-01  1.382287e+01  0.000000e+00  6.219926e+02  1.194835e-01  1.961579e+01  0.000000e+00  1.782225e+00  1.085082e+00  1.064460e+00  0.000000e+00  7.768834e+01  0.000000e+00  1.366429e+02
1.886771e+04  0.000000e+00  1.232026e+01  0.000000e+00  7.597562e+01  0.000000e+00  4.681884e+02  0.000000e+00  2.450509e+02  0.000000e+00  0.000000e+00  4.509077e+01  7.730535e+01  0.000000e+00  1.912087e+02  0.000000e+00  6.787288e+01
2.116992e+04  0.000000e+00  9.490909e-02  0.000000e+00  3.587638e+01  0.000000e+00  3.639526e-01  0.000000e+00  1.990001e+01  0.000000e+00  0.000000e+00  0.000000e+00  6.734939e+01  0.000000e+00  3.938395e+02  0.000000e+00  1.990001e+01
2.375304e+04  0.000000e+00  0.000000e+00  0.000000e+00  8.458781e-02  0.000000e+00  2.091191e+01  5.137945e-01  2.936219e+00  0.000000e+00  4.277059e+00  2.476158e+01  2.377915e-01  0.000000e+00  0.000000e+00  0.000000e+00  9.699153e+01
2.665135e+04  0.000000e+00  4.579198e-01  0.000000e+00  7.328068e+01  0.000000e+00  0.000000e+00  0.000000e+00  0.000000e+00  0.000000e+00  3.075385e-01  0.000000e+00  0.000000e+00  0.000000e+00  0.000000e+00  0.000000e+00  4.579198e-01
2.990330e+04  0.000000e+00  0.000000e+00  0.000000e+00  4.921080e+00  0.000000e+00  0.000000e+00  0.000000e+00  0.000000e+00  0.000000e+00  0.000000e+00  0.000000e+00  7.253402e+00  0.000000e+00  2.200114e+01  0.000000e+00  1.030812e+01
3.355206e+04  0.000000e+00  0.000000e+00  0.000000e+00  0.000000e+00  0.000000e+00  0.000000e+00  0.000000e+00  0.000000e+00  0.000000e+00  0.000000e+00  0.000000e+00  1.191091e-01  0.000000e+00  2.754829e+02  0.000000e+00  4.885731e-01
3.764603e+04  0.000000e+00  0.000000e+00  0.000000e+00  7.960907e-01  0.000000e+00  0.000000e+00  0.000000e+00  0.000000e+00  0.000000e+00  0.000000e+00  0.000000e+00  3.908953e+00  0.000000e+00  7.960907e-01  0.000000e+00  5.337130e-02
4.223954e+04  0.000000e+00  0.000000e+00  0.000000e+00  4.319790e-01  0.000000e+00  0.000000e+00  0.000000e+00  6.538857e+01  0.000000e+00  0.000000e+00  0.000000e+00  4.260234e+00  0.000000e+00  0.000000e+00  0.000000e+00  0.000000e+00
4.739354e+04  0.000000e+00  0.000000e+00  0.000000e+00  0.000000e+00  0.000000e+00  0.000000e+00  0.000000e+00  4.239433e-02  0.000000e+00  0.000000e+00  0.000000e+00  4.273961e-01  0.000000e+00  3.104992e+00  0.000000e+00  0.000000e+00
5.317643e+04  0.000000e+00  0.000000e+00  0.000000e+00  0.000000e+00  0.000000e+00  0.000000e+00  0.000000e+00  0.000000e+00  0.000000e+00  0.000000e+00  0.000000e+00  0.000000e+00  0.000000e+00  0.000000e+00  0.000000e+00  0.000000e+00
5.966493e+04  0.000000e+00  0.000000e+00  0.000000e+00  0.000000e+00  0.000000e+00  0.000000e+00  0.000000e+00  0.000000e+00  0.000000e+00  0.000000e+00  0.000000e+00  0.000000e+00  0.000000e+00  0.000000e+00  0.000000e+00  0.000000e+00
6.694516e+04  0.000000e+00  0.000000e+00  0.000000e+00  0.000000e+00  0.000000e+00  0.000000e+00  0.000000e+00  0.000000e+00  0.000000e+00  0.000000e+00  0.000000e+00  0.000000e+00  0.000000e+00  0.000000e+00  0.000000e+00  1.071823e+00
7.511370e+04  0.000000e+00  0.000000e+00  0.000000e+00  0.000000e+00  0.000000e+00  0.000000e+00  0.000000e+00  0.000000e+00  0.000000e+00  0.000000e+00  0.000000e+00  0.000000e+00  0.000000e+00  0.000000e+00  0.000000e+00  2.596337e+01
8.427896e+04  0.000000e+00  0.000000e+00  0.000000e+00  0.000000e+00  0.000000e+00  0.000000e+00  0.000000e+00  0.000000e+00  0.000000e+00  0.000000e+00  0.000000e+00  0.000000e+00  0.000000e+00  0.000000e+00  0.000000e+00  0.000000e+00
9.456255e+04  0.000000e+00  0.000000e+00  0.000000e+00  0.000000e+00  0.000000e+00  0.000000e+00  0.000000e+00  0.000000e+00  0.000000e+00  0.000000e+00  0.000000e+00  0.000000e+00  0.000000e+00  0.000000e+00  0.000000e+00  0.000000e+00
1.061009e+05  0.000000e+00  0.000000e+00  0.000000e+00  0.000000e+00  0.000000e+00  0.000000e+00  0.000000e+00  0.000000e+00  0.000000e+00  0.000000e+00  0.000000e+00  0.000000e+00  0.000000e+00  0.000000e+00  0.000000e+00  0.000000e+00
1.190472e+05  0.000000e+00  0.000000e+00  0.000000e+00  0.000000e+00  0.000000e+00  0.000000e+00  0.000000e+00  0.000000e+00  0.000000e+00  0.000000e+00  0.000000e+00  0.000000e+00  0.000000e+00  0.000000e+00  0.000000e+00  0.000000e+00
1.335731e+05  0.000000e+00  0.000000e+00  0.000000e+00  0.000000e+00  0.000000e+00  0.000000e+00  0.000000e+00  0.000000e+00  0.000000e+00  0.000000e+00  0.000000e+00  0.000000e+00  0.000000e+00  0.000000e+00  0.000000e+00  0.000000e+00
1.498715e+05  0.000000e+00  0.000000e+00  0.000000e+00  0.000000e+00  0.000000e+00  0.000000e+00  0.000000e+00  0.000000e+00  0.000000e+00  0.000000e+00  0.000000e+00  0.000000e+00  0.000000e+00  0.000000e+00  0.000000e+00  0.000000e+00
1.681586e+05  0.000000e+00  0.000000e+00  0.000000e+00  0.000000e+00  0.000000e+00  0.000000e+00  0.000000e+00  0.000000e+00  0.000000e+00  0.000000e+00  0.000000e+00  0.000000e+00  0.000000e+00  0.000000e+00  0.000000e+00  0.000000e+00
1.886771e+05  0.000000e+00  0.000000e+00  0.000000e+00  0.000000e+00  0.000000e+00  0.000000e+00  0.000000e+00  0.000000e+00  0.000000e+00  0.000000e+00  0.000000e+00  0.000000e+00  0.000000e+00  0.000000e+00  0.000000e+00  0.000000e+00
2.116992e+05  0.000000e+00  0.000000e+00  0.000000e+00  0.000000e+00  0.000000e+00  0.000000e+00  0.000000e+00  0.000000e+00  0.000000e+00  0.000000e+00  0.000000e+00  0.000000e+00  0.000000e+00  0.000000e+00  0.000000e+00  0.000000e+00
2.375304e+05  0.000000e+00  0.000000e+00  0.000000e+00  0.000000e+00  0.000000e+00  0.000000e+00  0.000000e+00  0.000000e+00  0.000000e+00  0.000000e+00  0.000000e+00  0.000000e+00  0.000000e+00  0.000000e+00  0.000000e+00  0.000000e+00
2.665135e+05  0.000000e+00  0.000000e+00  0.000000e+00  0.000000e+00  0.000000e+00  0.000000e+00  0.000000e+00  0.000000e+00  0.000000e+00  0.000000e+00  0.000000e+00  0.000000e+00  0.000000e+00  0.000000e+00  0.000000e+00  0.000000e+00
2.990330e+05  0.000000e+00  0.000000e+00  0.000000e+00  0.000000e+00  0.000000e+00  0.000000e+00  0.000000e+00  0.000000e+00  0.000000e+00  0.000000e+00  0.000000e+00  0.000000e+00  0.000000e+00  0.000000e+00  0.000000e+00  0.000000e+00
3.355206e+05  0.000000e+00  0.000000e+00  0.000000e+00  0.000000e+00  0.000000e+00  0.000000e+00  0.000000e+00  0.000000e+00  0.000000e+00  0.000000e+00  0.000000e+00  0.000000e+00  0.000000e+00  0.000000e+00  0.000000e+00  0.000000e+00
3.764603e+05  0.000000e+00  0.000000e+00  0.000000e+00  0.000000e+00  0.000000e+00  0.000000e+00  0.000000e+00  0.000000e+00  0.000000e+00  0.000000e+00  0.000000e+00  0.000000e+00  0.000000e+00  0.000000e+00  0.000000e+00  0.000000e+00
4.223954e+05  0.000000e+00  0.000000e+00  0.000000e+00  0.000000e+00  0.000000e+00  0.000000e+00  0.000000e+00  0.000000e+00  0.000000e+00  0.000000e+00  0.000000e+00  0.000000e+00  0.000000e+00  0.000000e+00  0.000000e+00  0.000000e+00
4.739354e+05  0.000000e+00  0.000000e+00  0.000000e+00  0.000000e+00  0.000000e+00  0.000000e+00  0.000000e+00  0.000000e+00  0.000000e+00  0.000000e+00  0.000000e+00  0.000000e+00  0.000000e+00  0.000000e+00  0.000000e+00  0.000000e+00
5.317643e+05  0.000000e+00  0.000000e+00  0.000000e+00  0.000000e+00  0.000000e+00  0.000000e+00  0.000000e+00  0.000000e+00  0.000000e+00  0.000000e+00  0.000000e+00  0.000000e+00  0.000000e+00  0.000000e+00  0.000000e+00  0.000000e+00
5.966493e+05  0.000000e+00  0.000000e+00  0.000000e+00  0.000000e+00  0.000000e+00  0.000000e+00  0.000000e+00  0.000000e+00  0.000000e+00  0.000000e+00  0.000000e+00  0.000000e+00  0.000000e+00  0.000000e+00  0.000000e+00  0.000000e+00
6.694516e+05  0.000000e+00  0.000000e+00  0.000000e+00  0.000000e+00  0.000000e+00  0.000000e+00  0.000000e+00  0.000000e+00  0.000000e+00  0.000000e+00  0.000000e+00  0.000000e+00  0.000000e+00  0.000000e+00  0.000000e+00  0.000000e+00
7.511370e+05  0.000000e+00  0.000000e+00  0.000000e+00  0.000000e+00  0.000000e+00  0.000000e+00  0.000000e+00  0.000000e+00  0.000000e+00  0.000000e+00  0.000000e+00  0.000000e+00  0.000000e+00  0.000000e+00  0.000000e+00  0.000000e+00
8.427896e+05  0.000000e+00  0.000000e+00  0.000000e+00  0.000000e+00  0.000000e+00  0.000000e+00  0.000000e+00  0.000000e+00  0.000000e+00  0.000000e+00  0.000000e+00  0.000000e+00  0.000000e+00  0.000000e+00  0.000000e+00  0.000000e+00
9.456255e+05  0.000000e+00  0.000000e+00  0.000000e+00  0.000000e+00  0.000000e+00  0.000000e+00  0.000000e+00  0.000000e+00  0.000000e+00  0.000000e+00  0.000000e+00  0.000000e+00  0.000000e+00  0.000000e+00  0.000000e+00  0.000000e+00
