# dR/dEr [1/keV/kg/Myr]
# Er [keV], S, F, Ne, Cl, Na, Si, O, P, N, C, Al, Mg, Be, B, Ar, Li
1.061009e+01  1.203083e+02  9.236281e+01  0.000000e+00  0.000000e+00  3.586059e+01  0.000000e+00  7.905295e+00  0.000000e+00  0.000000e+00  0.000000e+00  0.000000e+00  0.000000e+00  4.344415e-01  0.000000e+00  0.000000e+00  0.000000e+00
1.190472e+01  4.436701e+01  1.031500e+01  0.000000e+00  0.000000e+00  1.415214e+01  0.000000e+00  0.000000e+00  0.000000e+00  0.000000e+00  0.000000e+00  0.000000e+00  0.000000e+00  0.000000e+00  0.000000e+00  0.000000e+00  0.000000e+00
1.335731e+01  6.489734e+01  1.334463e+01  0.000000e+00  0.000000e+00  0.000000e+00  0.000000e+00  0.000000e+00  0.000000e+00  0.000000e+00  0.000000e+00  0.000000e+00  0.000000e+00  0.000000e+00  0.000000e+00  0.000000e+00  0.000000e+00
1.498715e+01  1.636271e+01  1.915983e+01  0.000000e+00  0.000000e+00  6.910083e+00  0.000000e+00  2.694542e+00  0.000000e+00  0.000000e+00  0.000000e+00  0.000000e+00  0.000000e+00  0.000000e+00  0.000000e+00  0.000000e+00  0.000000e+00
1.681586e+01  4.045304e+01  1.993289e+01  5.834688e+00  0.000000e+00  1.146241e+01  2.401514e+00  0.000000e+00  0.000000e+00  0.000000e+00  0.000000e+00  0.000000e+00  0.000000e+00  0.000000e+00  0.000000e+00  0.000000e+00  0.000000e+00
1.886771e+01  2.766975e+01  2.207928e+01  0.000000e+00  0.000000e+00  5.200171e+00  0.000000e+00  0.000000e+00  0.000000e+00  0.000000e+00  0.000000e+00  0.000000e+00  0.000000e+00  0.000000e+00  0.000000e+00  0.000000e+00  0.000000e+00
2.116992e+01  2.818463e+01  2.448581e+01  0.000000e+00  0.000000e+00  5.643741e+00  0.000000e+00  2.471278e+00  0.000000e+00  0.000000e+00  0.000000e+00  2.004517e+00  0.000000e+00  0.000000e+00  0.000000e+00  0.000000e+00  0.000000e+00
2.375304e+01  5.207741e+01  1.019475e+01  6.853288e+00  0.000000e+00  1.410037e+01  0.000000e+00  4.130643e+00  0.000000e+00  0.000000e+00  0.000000e+00  0.000000e+00  0.000000e+00  0.000000e+00  0.000000e+00  0.000000e+00  0.000000e+00
2.665135e+01  4.579001e+01  2.317790e+01  1.963006e+00  2.043861e-01  3.124467e+00  0.000000e+00  0.000000e+00  5.053483e+00  0.000000e+00  0.000000e+00  0.000000e+00  0.000000e+00  0.000000e+00  0.000000e+00  0.000000e+00  0.000000e+00
2.990330e+01  5.182220e+01  2.366129e+01  2.385624e+00  0.000000e+00  3.966109e+00  0.000000e+00  3.100001e+00  0.000000e+00  0.000000e+00  0.000000e+00  5.862094e-01  0.000000e+00  2.933436e+00  0.000000e+00  0.000000e+00  0.000000e+00
3.355206e+01  6.624612e+01  1.822392e+01  2.539518e+00  0.000000e+00  5.120231e+00  0.000000e+00  7.362076e+00  0.000000e+00  0.000000e+00  0.000000e+00  2.658527e+00  0.000000e+00  3.050973e+00  0.000000e+00  0.000000e+00  0.000000e+00
3.764603e+01  7.502228e+01  1.441783e+01  2.512522e-02  1.389702e+00  9.784824e+00  0.000000e+00  2.186603e-01  0.000000e+00  0.000000e+00  0.000000e+00  0.000000e+00  0.000000e+00  3.930435e-02  0.000000e+00  0.000000e+00  0.000000e+00
4.223954e+01  6.710337e+01  3.368055e+01  1.317163e+00  0.000000e+00  1.621971e+01  0.000000e+00  1.947150e+00  0.000000e+00  0.000000e+00  0.000000e+00  9.526755e-01  0.000000e+00  1.332286e+01  0.000000e+00  0.000000e+00  0.000000e+00
4.739354e+01  9.284725e+01  3.679756e+01  1.103879e+00  2.901720e+00  4.340080e+00  0.000000e+00  3.973355e+00  0.000000e+00  0.000000e+00  0.000000e+00  0.000000e+00  0.000000e+00  4.685720e+00  0.000000e+00  0.000000e+00  0.000000e+00
5.317643e+01  8.236595e+01  2.036825e+01  2.727092e+00  0.000000e+00  1.149468e+01  0.000000e+00  5.276869e+00  0.000000e+00  0.000000e+00  0.000000e+00  7.980128e-01  0.000000e+00  0.000000e+00  0.000000e+00  0.000000e+00  0.000000e+00
5.966493e+01  1.086096e+02  3.909459e+01  3.040087e+00  1.553681e+00  8.360179e+00  0.000000e+00  6.250563e+00  0.000000e+00  0.000000e+00  0.000000e+00  1.192735e+00  0.000000e+00  3.916039e-01  0.000000e+00  0.000000e+00  0.000000e+00
6.694516e+01  1.191412e+02  3.278624e+01  5.107832e+00  0.000000e+00  1.515778e+01  0.000000e+00  1.546975e+00  0.000000e+00  4.781359e-01  0.000000e+00  2.417004e+00  0.000000e+00  3.260537e+01  0.000000e+00  0.000000e+00  0.000000e+00
7.511370e+01  1.250153e+02  4.599383e+01  5.135525e+00  1.671993e+00  9.537318e+00  0.000000e+00  3.859344e+00  0.000000e+00  0.000000e+00  0.000000e+00  7.406954e-01  0.000000e+00  9.483367e+03  0.000000e+00  0.000000e+00  0.000000e+00
8.427896e+01  1.589287e+02  5.006373e+01  2.869825e+00  4.148744e+00  1.301274e+01  0.000000e+00  7.499676e+00  0.000000e+00  0.000000e+00  0.000000e+00  0.000000e+00  0.000000e+00  1.153254e+04  0.000000e+00  0.000000e+00  0.000000e+00
9.456255e+01  1.567502e+02  3.890787e+01  4.454250e+00  1.973702e+00  1.225164e+01  0.000000e+00  1.954273e+00  0.000000e+00  3.425817e-01  0.000000e+00  4.087409e-03  0.000000e+00  8.782264e+03  0.000000e+00  0.000000e+00  0.000000e+00
1.061009e+02  1.832029e+02  5.158953e+01  3.262142e+00  6.760032e-01  1.629068e+01  0.000000e+00  3.289022e+00  0.000000e+00  0.000000e+00  6.707244e-01  2.145204e+00  0.000000e+00  6.646086e+03  0.000000e+00  0.000000e+00  0.000000e+00
1.190472e+02  1.972820e+02  6.563634e+01  6.807170e+00  1.072761e+00  1.617916e+01  0.000000e+00  2.366792e+00  0.000000e+00  3.392228e-01  1.359182e+00  5.851596e+03  0.000000e+00  4.898029e+03  0.000000e+00  3.615382e-01  0.000000e+00
1.335731e+02  2.218304e+02  6.990438e+01  5.257543e+00  7.081248e-03  1.799442e+01  0.000000e+00  2.729666e+00  0.000000e+00  0.000000e+00  0.000000e+00  4.913969e+03  0.000000e+00  3.612957e+03  0.000000e+00  0.000000e+00  0.000000e+00
1.498715e+02  5.404649e+02  8.166183e+01  3.554578e+00  1.129880e+00  1.030106e+01  0.000000e+00  5.533520e+00  0.000000e+00  5.938335e-01  9.140285e-01  3.672661e+03  0.000000e+00  2.702332e+03  0.000000e+00  0.000000e+00  0.000000e+00
1.681586e+02  7.755222e+02  8.309025e+01  5.030874e+00  1.146241e+00  9.313692e+00  2.298519e-03  6.241095e+00  0.000000e+00  7.283896e-01  0.000000e+00  2.744398e+03  0.000000e+00  1.991110e+03  0.000000e+00  0.000000e+00  0.000000e+00
1.886771e+02  4.534673e+02  9.672809e+01  3.749356e+00  1.124555e+00  1.971916e+01  4.913170e-01  6.201693e+00  3.559563e-01  3.559563e-01  0.000000e+00  2.026011e+03  0.000000e+00  1.449363e+03  0.000000e+00  0.000000e+00  0.000000e+00
2.116992e+02  1.983885e+02  1.213820e+02  4.681737e+00  3.019713e+00  8.686063e+00  3.172463e-01  4.581720e+00  0.000000e+00  0.000000e+00  1.825779e-03  1.610942e+03  0.000000e+00  9.841659e+02  0.000000e+00  4.467966e-03  0.000000e+00
2.375304e+02  1.444462e+02  6.105556e+02  7.034732e+00  2.427910e+00  1.235205e+01  1.303182e-01  5.492511e+00  5.851986e-01  0.000000e+00  1.700141e-01  1.202008e+03  0.000000e+00  7.224239e+02  0.000000e+00  5.496474e-01  0.000000e+00
2.665135e+02  1.190536e+02  5.101483e+02  7.055577e+00  2.133071e+00  1.791817e+01  3.197063e-01  4.140155e+00  0.000000e+00  2.519977e-01  4.509351e-01  8.768945e+02  0.000000e+00  4.968052e+02  0.000000e+00  0.000000e+00  0.000000e+00
2.990330e+02  7.362418e+01  7.821364e+01  3.928785e+00  1.417870e+00  1.356332e+01  5.545787e-02  7.954632e+00  2.021990e-03  4.948125e-03  1.083338e-01  6.626163e+02  0.000000e+00  3.707858e+02  0.000000e+00  0.000000e+00  0.000000e+00
3.355206e+02  6.536061e+01  7.066989e+01  4.630381e+00  1.962278e+00  1.427156e+01  2.001689e-01  5.735049e+00  1.845164e-01  1.559271e-01  4.984908e-01  4.964632e+02  6.963812e-02  2.629311e+02  0.000000e+00  0.000000e+00  1.056074e-02
3.764603e+02  4.346654e+01  5.264938e+01  6.059367e+00  2.150259e+00  1.592100e+01  2.235447e-01  3.984920e+00  0.000000e+00  2.263348e-01  0.000000e+00  3.210199e+02  0.000000e+00  1.903378e+02  0.000000e+00  0.000000e+00  0.000000e+00
4.223954e+02  2.810976e+01  4.483463e+01  3.717846e+00  1.942141e+00  1.368771e+01  1.252887e-01  5.439754e+00  4.948667e-01  1.604313e-01  3.853087e-01  2.480949e+02  0.000000e+00  1.006965e+02  0.000000e+00  2.239287e-03  0.000000e+00
4.739354e+02  2.309543e+01  3.697250e+01  5.272517e+00  3.044505e+00  1.190674e+01  2.605444e-01  5.648653e+00  5.043006e-01  2.841782e-01  0.000000e+00  1.571323e+02  0.000000e+00  6.861008e+01  2.841782e-01  0.000000e+00  0.000000e+00
5.317643e+02  1.833347e+01  2.435862e+01  5.746288e+00  1.549746e+00  1.201597e+01  3.553798e-01  4.434792e+00  5.377963e-01  5.361665e-01  2.163429e-01  1.304867e+02  0.000000e+00  5.290997e+01  7.268556e-04  2.455185e-01  0.000000e+00
5.966493e+02  1.638743e+01  2.179537e+01  5.922859e+00  2.959507e+00  1.162717e+01  4.747966e-01  4.730759e+00  5.061521e-01  2.342561e-01  1.470200e-01  9.138974e+01  0.000000e+00  3.614709e+01  0.000000e+00  2.479937e-03  0.000000e+00
6.694516e+02  1.279649e+01  1.844567e+01  7.079901e+00  4.069319e+00  1.133934e+01  4.462943e-01  5.619903e+00  3.347848e-01  2.738381e-01  1.081369e-01  6.376425e+01  0.000000e+00  2.167134e+01  0.000000e+00  0.000000e+00  0.000000e+00
7.511370e+02  1.036082e+01  1.439291e+01  4.768997e+00  3.274766e+00  7.490392e+00  1.139332e-01  4.166541e+00  4.029079e-01  3.543197e-01  7.231643e-02  4.282087e+01  0.000000e+00  1.429890e+01  0.000000e+00  0.000000e+00  0.000000e+00
8.427896e+02  6.528569e+00  1.222980e+01  4.240197e+00  3.396342e+00  8.546379e+00  2.264095e-01  4.773720e+00  1.631757e-01  8.350855e-02  2.992459e-01  2.230139e+01  0.000000e+00  7.257870e+00  0.000000e+00  1.955135e-01  0.000000e+00
9.456255e+02  6.534871e+00  9.680438e+00  5.680911e+00  2.475046e+00  7.006377e+00  3.775511e-01  4.996362e+00  4.747378e-01  0.000000e+00  2.703837e-01  1.900032e+01  5.760382e-03  5.483336e+00  0.000000e+00  0.000000e+00  0.000000e+00
1.061009e+03  5.918547e+00  6.870309e+00  5.399285e+00  3.621356e+00  5.759789e+00  4.211404e-01  4.503749e+00  3.656044e-01  6.397170e-01  1.171792e-01  1.319330e+01  0.000000e+00  2.217127e+00  3.530228e-02  2.202151e-02  0.000000e+00
1.190472e+03  3.991237e+00  5.892106e+00  4.895696e+00  3.671170e+00  4.032800e+00  4.605720e-01  2.858886e+00  4.718953e-01  1.996191e-01  3.197049e-01  7.922469e+00  0.000000e+00  2.263202e+00  0.000000e+00  0.000000e+00  0.000000e+00
1.335731e+03  3.997738e+00  5.390390e+00  4.048091e+00  2.727658e+00  3.399831e+00  2.268814e-01  3.552255e+00  2.208274e-01  3.812390e-01  8.984513e-02  3.886841e+00  0.000000e+00  8.646204e-01  1.233607e-01  0.000000e+00  0.000000e+00
1.498715e+03  2.505301e+00  3.961765e+00  3.194290e+00  3.096093e+00  2.447551e+00  6.746165e-01  3.259950e+00  6.680951e-01  6.004716e-01  1.690509e-01  2.185904e+00  5.492498e-03  1.228361e+00  0.000000e+00  0.000000e+00  1.205258e-02
1.681586e+03  1.147074e+00  3.943231e+00  2.599941e+00  2.637255e+00  3.005097e+00  3.145277e-01  2.351978e+00  4.543057e-01  4.287516e-01  3.290847e-01  2.387290e+00  0.000000e+00  6.185302e-01  9.234109e-02  0.000000e+00  2.107144e-03
1.886771e+03  1.578321e+00  2.466861e+00  2.704023e+00  3.249893e+00  2.427217e+00  3.862802e-01  2.078024e+00  4.600677e-01  3.145042e-01  3.079763e-01  1.201210e+00  7.422001e-02  4.515972e-02  9.659303e-02  1.221522e-03  0.000000e+00
2.116992e+03  1.124084e+00  2.577448e+00  1.720222e+00  1.988221e+00  9.960394e-01  3.461955e-01  1.629739e+00  3.980199e-01  1.053749e-01  2.176014e-01  6.375236e-01  3.466711e-02  2.337748e-01  4.467966e-04  0.000000e+00  4.467966e-04
2.375304e+03  5.072875e-01  1.456816e+00  1.649736e+00  2.966687e+00  1.077082e+00  6.104651e-01  1.489101e+00  3.508808e-01  2.060049e-01  7.523281e-02  6.986509e-01  2.545534e-04  0.000000e+00  1.786528e-02  0.000000e+00  3.012288e-02
2.665135e+03  5.500330e-01  1.152271e+00  1.287132e+00  2.605501e+00  5.178599e-01  3.321550e-01  9.323794e-01  6.292125e-01  1.581810e-01  3.306657e-01  4.119092e-01  1.239592e-01  6.522853e-02  3.291369e-02  0.000000e+00  6.380107e-02
2.990330e+03  1.547537e-01  8.301834e-01  8.628196e-01  1.980882e+00  4.363733e-01  4.665291e-01  6.769708e-01  3.592648e-01  1.879910e-01  1.727730e-01  3.433789e-01  3.286748e-02  0.000000e+00  2.982917e-02  0.000000e+00  9.479443e-02
3.355206e+03  1.471937e-01  9.789616e-01  9.283669e-01  2.049741e+00  1.866649e-01  4.418851e-01  3.952012e-01  2.459686e-01  1.242679e-01  1.504975e-01  8.702997e-02  6.005733e-02  4.643542e-02  5.224597e-03  0.000000e+00  3.971084e-04
3.764603e+03  4.883291e-02  3.729571e-01  6.596410e-01  1.251960e+00  1.644328e-01  4.039780e-01  2.544128e-01  1.890228e-01  9.375960e-02  1.817051e-01  1.471244e-01  1.459961e-02  1.026711e-04  4.530048e-02  0.000000e+00  6.164811e-02
4.223954e+03  9.992693e-03  2.584463e-01  2.808754e-01  9.809411e-01  8.233143e-02  1.847162e-01  2.223297e-01  2.380505e-01  1.356389e-01  1.287176e-01  1.123458e-01  2.695370e-02  0.000000e+00  4.910409e-02  0.000000e+00  3.724465e-02
4.739354e+03  1.173923e-02  2.095247e-01  3.367544e-01  9.399127e-01  8.042693e-02  2.107918e-01  6.664393e-02  1.862981e-01  6.294388e-02  8.683155e-02  8.803514e-02  3.510290e-02  4.862967e-04  2.697272e-03  0.000000e+00  1.250764e-02
5.317643e+03  3.813624e-02  2.051481e-01  2.421216e-01  5.776990e-01  1.320326e-02  1.673345e-01  3.109850e-02  3.172339e-01  1.273832e-01  1.064604e-01  4.270740e-02  4.229692e-02  0.000000e+00  4.388384e-02  0.000000e+00  4.652681e-02
5.966493e+03  2.026946e-02  9.664566e-02  1.363642e-01  3.791905e-01  3.180443e-02  2.024645e-01  3.061235e-02  1.608513e-01  5.867780e-02  1.105936e-01  2.779477e-03  8.586024e-03  0.000000e+00  1.231363e-02  0.000000e+00  2.112027e-02
6.694516e+03  9.031897e-05  7.065783e-02  9.881866e-02  2.924131e-01  1.019133e-02  3.041937e-01  1.227815e-02  8.372220e-02  7.423950e-02  9.860808e-02  6.402843e-02  6.041282e-02  0.000000e+00  8.930348e-03  0.000000e+00  5.292906e-04
7.511370e+03  4.206518e-03  6.062191e-02  8.722110e-02  1.462083e-01  2.414479e-02  1.608378e-01  3.221189e-02  7.221082e-02  2.047561e-02  5.487298e-02  3.687190e-03  2.137493e-02  0.000000e+00  1.344343e-03  0.000000e+00  6.279691e-02
8.427896e+03  8.443920e-03  5.168639e-02  4.300412e-02  5.792268e-02  1.041164e-02  2.169676e-01  3.614658e-02  1.782236e-01  2.733915e-02  2.448815e-02  3.839790e-02  3.853439e-02  0.000000e+00  8.218916e-04  0.000000e+00  1.446278e-02
9.456255e+03  0.000000e+00  1.421956e-02  4.568291e-02  1.219893e-01  1.127494e-02  1.370577e-01  1.000253e-04  6.124146e-02  3.744691e-02  2.252261e-02  6.242011e-02  4.887589e-02  0.000000e+00  2.103651e-02  0.000000e+00  1.853757e-03
1.061009e+04  0.000000e+00  3.556542e-02  1.468830e-02  7.384346e-02  4.088686e-03  1.031785e-01  1.666738e-02  3.874333e-02  1.791620e-03  3.028129e-02  3.418527e-02  2.974589e-02  0.000000e+00  5.698742e-05  0.000000e+00  1.858483e-02
1.190472e+04  0.000000e+00  3.238412e-04  2.976420e-04  4.092547e-02  0.000000e+00  3.482158e-02  3.246745e-05  3.998846e-03  1.015802e-04  3.232428e-02  4.928489e-02  1.370657e-02  0.000000e+00  5.377511e-03  0.000000e+00  9.418085e-03
1.335731e+04  0.000000e+00  1.092999e-02  2.125452e-02  5.034404e-02  0.000000e+00  2.728724e-02  1.107747e-04  1.082213e-02  1.270484e-03  2.580418e-02  1.472092e-02  4.825440e-03  0.000000e+00  0.000000e+00  0.000000e+00  9.527339e-03
1.498715e+04  0.000000e+00  1.028790e-02  5.492498e-04  4.816728e-03  0.000000e+00  1.892853e-02  0.000000e+00  2.309032e-02  1.559003e-03  4.902146e-03  1.262234e-04  1.545436e-02  0.000000e+00  1.034557e-04  0.000000e+00  1.604833e-02
1.681586e+04  0.000000e+00  1.302969e-03  3.595663e-05  2.804835e-03  0.000000e+00  3.264347e-02  2.298519e-05  3.769552e-03  0.000000e+00  4.895194e-04  3.239301e-04  2.987059e-04  0.000000e+00  1.176871e-02  0.000000e+00  1.319744e-02
1.886771e+04  0.000000e+00  2.515327e-03  0.000000e+00  7.237142e-03  0.000000e+00  1.997413e-02  0.000000e+00  1.619225e-02  0.000000e+00  0.000000e+00  7.665673e-03  7.606565e-03  0.000000e+00  1.263358e-02  0.000000e+00  1.231451e-02
2.116992e+04  0.000000e+00  1.825779e-05  0.000000e+00  6.030641e-03  0.000000e+00  8.815191e-05  0.000000e+00  3.361585e-03  0.000000e+00  0.000000e+00  0.000000e+00  6.361958e-03  0.000000e+00  1.797538e-02  0.000000e+00  3.361585e-03
2.375304e+04  0.000000e+00  0.000000e+00  0.000000e+00  1.627227e-05  0.000000e+00  3.756482e-03  1.491743e-04  6.981732e-04  0.000000e+00  9.836646e-04  3.692977e-03  5.091069e-05  0.000000e+00  0.000000e+00  0.000000e+00  9.409390e-03
2.665135e+04  0.000000e+00  1.329518e-04  0.000000e+00  5.793497e-03  0.000000e+00  0.000000e+00  0.000000e+00  0.000000e+00  0.000000e+00  8.647715e-05  0.000000e+00  0.000000e+00  0.000000e+00  0.000000e+00  0.000000e+00  1.329518e-04
2.990330e+04  0.000000e+00  0.000000e+00  0.000000e+00  1.070413e-03  0.000000e+00  0.000000e+00  0.000000e+00  0.000000e+00  0.000000e+00  0.000000e+00  0.000000e+00  1.624992e-03  0.000000e+00  3.488014e-03  0.000000e+00  1.893688e-03
3.355206e+04  0.000000e+00  0.000000e+00  0.000000e+00  0.000000e+00  0.000000e+00  0.000000e+00  0.000000e+00  0.000000e+00  0.000000e+00  0.000000e+00  0.000000e+00  2.819096e-05  0.000000e+00  3.891206e-03  0.000000e+00  1.373825e-04
3.764603e+04  0.000000e+00  0.000000e+00  0.000000e+00  2.186603e-04  0.000000e+00  0.000000e+00  0.000000e+00  0.000000e+00  0.000000e+00  0.000000e+00  0.000000e+00  8.502592e-04  0.000000e+00  2.186603e-04  0.000000e+00  1.026711e-05
4.223954e+04  0.000000e+00  0.000000e+00  0.000000e+00  1.289589e-04  0.000000e+00  0.000000e+00  0.000000e+00  4.835332e-03  0.000000e+00  0.000000e+00  0.000000e+00  9.669901e-04  0.000000e+00  0.000000e+00  0.000000e+00  0.000000e+00
4.739354e+04  0.000000e+00  0.000000e+00  0.000000e+00  0.000000e+00  0.000000e+00  0.000000e+00  0.000000e+00  8.155454e-06  0.000000e+00  0.000000e+00  0.000000e+00  1.230902e-04  0.000000e+00  6.753849e-04  0.000000e+00  0.000000e+00
5.317643e+04  0.000000e+00  0.000000e+00  0.000000e+00  0.000000e+00  0.000000e+00  0.000000e+00  0.000000e+00  0.000000e+00  0.000000e+00  0.000000e+00  0.000000e+00  0.000000e+00  0.000000e+00  0.000000e+00  0.000000e+00  0.000000e+00
5.966493e+04  0.000000e+00  0.000000e+00  0.000000e+00  0.000000e+00  0.000000e+00  0.000000e+00  0.000000e+00  0.000000e+00  0.000000e+00  0.000000e+00  0.000000e+00  0.000000e+00  0.000000e+00  0.000000e+00  0.000000e+00  0.000000e+00
6.694516e+04  0.000000e+00  0.000000e+00  0.000000e+00  0.000000e+00  0.000000e+00  0.000000e+00  0.000000e+00  0.000000e+00  0.000000e+00  0.000000e+00  0.000000e+00  0.000000e+00  0.000000e+00  0.000000e+00  0.000000e+00  2.534948e-04
7.511370e+04  0.000000e+00  0.000000e+00  0.000000e+00  0.000000e+00  0.000000e+00  0.000000e+00  0.000000e+00  0.000000e+00  0.000000e+00  0.000000e+00  0.000000e+00  0.000000e+00  0.000000e+00  0.000000e+00  0.000000e+00  2.047561e-03
8.427896e+04  0.000000e+00  0.000000e+00  0.000000e+00  0.000000e+00  0.000000e+00  0.000000e+00  0.000000e+00  0.000000e+00  0.000000e+00  0.000000e+00  0.000000e+00  0.000000e+00  0.000000e+00  0.000000e+00  0.000000e+00  0.000000e+00
9.456255e+04  0.000000e+00  0.000000e+00  0.000000e+00  0.000000e+00  0.000000e+00  0.000000e+00  0.000000e+00  0.000000e+00  0.000000e+00  0.000000e+00  0.000000e+00  0.000000e+00  0.000000e+00  0.000000e+00  0.000000e+00  0.000000e+00
1.061009e+05  0.000000e+00  0.000000e+00  0.000000e+00  0.000000e+00  0.000000e+00  0.000000e+00  0.000000e+00  0.000000e+00  0.000000e+00  0.000000e+00  0.000000e+00  0.000000e+00  0.000000e+00  0.000000e+00  0.000000e+00  0.000000e+00
1.190472e+05  0.000000e+00  0.000000e+00  0.000000e+00  0.000000e+00  0.000000e+00  0.000000e+00  0.000000e+00  0.000000e+00  0.000000e+00  0.000000e+00  0.000000e+00  0.000000e+00  0.000000e+00  0.000000e+00  0.000000e+00  0.000000e+00
1.335731e+05  0.000000e+00  0.000000e+00  0.000000e+00  0.000000e+00  0.000000e+00  0.000000e+00  0.000000e+00  0.000000e+00  0.000000e+00  0.000000e+00  0.000000e+00  0.000000e+00  0.000000e+00  0.000000e+00  0.000000e+00  0.000000e+00
1.498715e+05  0.000000e+00  0.000000e+00  0.000000e+00  0.000000e+00  0.000000e+00  0.000000e+00  0.000000e+00  0.000000e+00  0.000000e+00  0.000000e+00  0.000000e+00  0.000000e+00  0.000000e+00  0.000000e+00  0.000000e+00  0.000000e+00
1.681586e+05  0.000000e+00  0.000000e+00  0.000000e+00  0.000000e+00  0.000000e+00  0.000000e+00  0.000000e+00  0.000000e+00  0.000000e+00  0.000000e+00  0.000000e+00  0.000000e+00  0.000000e+00  0.000000e+00  0.000000e+00  0.000000e+00
1.886771e+05  0.000000e+00  0.000000e+00  0.000000e+00  0.000000e+00  0.000000e+00  0.000000e+00  0.000000e+00  0.000000e+00  0.000000e+00  0.000000e+00  0.000000e+00  0.000000e+00  0.000000e+00  0.000000e+00  0.000000e+00  0.000000e+00
2.116992e+05  0.000000e+00  0.000000e+00  0.000000e+00  0.000000e+00  0.000000e+00  0.000000e+00  0.000000e+00  0.000000e+00  0.000000e+00  0.000000e+00  0.000000e+00  0.000000e+00  0.000000e+00  0.000000e+00  0.000000e+00  0.000000e+00
2.375304e+05  0.000000e+00  0.000000e+00  0.000000e+00  0.000000e+00  0.000000e+00  0.000000e+00  0.000000e+00  0.000000e+00  0.000000e+00  0.000000e+00  0.000000e+00  0.000000e+00  0.000000e+00  0.000000e+00  0.000000e+00  0.000000e+00
2.665135e+05  0.000000e+00  0.000000e+00  0.000000e+00  0.000000e+00  0.000000e+00  0.000000e+00  0.000000e+00  0.000000e+00  0.000000e+00  0.000000e+00  0.000000e+00  0.000000e+00  0.000000e+00  0.000000e+00  0.000000e+00  0.000000e+00
2.990330e+05  0.000000e+00  0.000000e+00  0.000000e+00  0.000000e+00  0.000000e+00  0.000000e+00  0.000000e+00  0.000000e+00  0.000000e+00  0.000000e+00  0.000000e+00  0.000000e+00  0.000000e+00  0.000000e+00  0.000000e+00  0.000000e+00
3.355206e+05  0.000000e+00  0.000000e+00  0.000000e+00  0.000000e+00  0.000000e+00  0.000000e+00  0.000000e+00  0.000000e+00  0.000000e+00  0.000000e+00  0.000000e+00  0.000000e+00  0.000000e+00  0.000000e+00  0.000000e+00  0.000000e+00
3.764603e+05  0.000000e+00  0.000000e+00  0.000000e+00  0.000000e+00  0.000000e+00  0.000000e+00  0.000000e+00  0.000000e+00  0.000000e+00  0.000000e+00  0.000000e+00  0.000000e+00  0.000000e+00  0.000000e+00  0.000000e+00  0.000000e+00
4.223954e+05  0.000000e+00  0.000000e+00  0.000000e+00  0.000000e+00  0.000000e+00  0.000000e+00  0.000000e+00  0.000000e+00  0.000000e+00  0.000000e+00  0.000000e+00  0.000000e+00  0.000000e+00  0.000000e+00  0.000000e+00  0.000000e+00
4.739354e+05  0.000000e+00  0.000000e+00  0.000000e+00  0.000000e+00  0.000000e+00  0.000000e+00  0.000000e+00  0.000000e+00  0.000000e+00  0.000000e+00  0.000000e+00  0.000000e+00  0.000000e+00  0.000000e+00  0.000000e+00  0.000000e+00
5.317643e+05  0.000000e+00  0.000000e+00  0.000000e+00  0.000000e+00  0.000000e+00  0.000000e+00  0.000000e+00  0.000000e+00  0.000000e+00  0.000000e+00  0.000000e+00  0.000000e+00  0.000000e+00  0.000000e+00  0.000000e+00  0.000000e+00
5.966493e+05  0.000000e+00  0.000000e+00  0.000000e+00  0.000000e+00  0.000000e+00  0.000000e+00  0.000000e+00  0.000000e+00  0.000000e+00  0.000000e+00  0.000000e+00  0.000000e+00  0.000000e+00  0.000000e+00  0.000000e+00  0.000000e+00
6.694516e+05  0.000000e+00  0.000000e+00  0.000000e+00  0.000000e+00  0.000000e+00  0.000000e+00  0.000000e+00  0.000000e+00  0.000000e+00  0.000000e+00  0.000000e+00  0.000000e+00  0.000000e+00  0.000000e+00  0.000000e+00  0.000000e+00
7.511370e+05  0.000000e+00  0.000000e+00  0.000000e+00  0.000000e+00  0.000000e+00  0.000000e+00  0.000000e+00  0.000000e+00  0.000000e+00  0.000000e+00  0.000000e+00  0.000000e+00  0.000000e+00  0.000000e+00  0.000000e+00  0.000000e+00
8.427896e+05  0.000000e+00  0.000000e+00  0.000000e+00  0.000000e+00  0.000000e+00  0.000000e+00  0.000000e+00  0.000000e+00  0.000000e+00  0.000000e+00  0.000000e+00  0.000000e+00  0.000000e+00  0.000000e+00  0.000000e+00  0.000000e+00
9.456255e+05  0.000000e+00  0.000000e+00  0.000000e+00  0.000000e+00  0.000000e+00  0.000000e+00  0.000000e+00  0.000000e+00  0.000000e+00  0.000000e+00  0.000000e+00  0.000000e+00  0.000000e+00  0.000000e+00  0.000000e+00  0.000000e+00
