# dR/dEr [1/keV/kg/Myr]
# Er [keV], S, F, Ne, Cl, Na, Si, O, P, N, C, Al, Mg, Be, B, Ar, Li
1.061009e+01  2.148130e-02  1.993446e-02  0.000000e+00  0.000000e+00  1.235260e-02  0.000000e+00  3.283614e-03  0.000000e+00  0.000000e+00  0.000000e+00  0.000000e+00  0.000000e+00  5.421095e-03  0.000000e+00  0.000000e+00  0.000000e+00
1.190472e+01  3.165762e-03  5.165242e-03  0.000000e+00  0.000000e+00  1.019745e-03  0.000000e+00  0.000000e+00  0.000000e+00  0.000000e+00  0.000000e+00  0.000000e+00  0.000000e+00  0.000000e+00  0.000000e+00  0.000000e+00  0.000000e+00
1.335731e+01  6.946032e-03  3.088976e-03  0.000000e+00  0.000000e+00  0.000000e+00  0.000000e+00  0.000000e+00  0.000000e+00  0.000000e+00  0.000000e+00  0.000000e+00  0.000000e+00  0.000000e+00  0.000000e+00  0.000000e+00  0.000000e+00
1.498715e+01  1.166338e-03  4.508401e-03  0.000000e+00  0.000000e+00  2.520645e-03  0.000000e+00  1.840612e-04  0.000000e+00  0.000000e+00  0.000000e+00  0.000000e+00  0.000000e+00  0.000000e+00  0.000000e+00  0.000000e+00  0.000000e+00
1.681586e+01  2.885727e-03  2.405455e-03  4.117007e-04  0.000000e+00  8.330518e-04  1.640447e-04  0.000000e+00  0.000000e+00  0.000000e+00  0.000000e+00  0.000000e+00  0.000000e+00  0.000000e+00  0.000000e+00  0.000000e+00  0.000000e+00
1.886771e+01  1.962682e-03  2.203220e-03  0.000000e+00  0.000000e+00  3.669286e-04  0.000000e+00  0.000000e+00  0.000000e+00  0.000000e+00  0.000000e+00  0.000000e+00  0.000000e+00  0.000000e+00  0.000000e+00  0.000000e+00  0.000000e+00
2.116992e+01  3.385675e-03  4.024692e-03  0.000000e+00  0.000000e+00  4.017917e-04  0.000000e+00  1.728638e-04  0.000000e+00  0.000000e+00  0.000000e+00  2.633280e-03  0.000000e+00  0.000000e+00  0.000000e+00  0.000000e+00  0.000000e+00
2.375304e+01  6.198649e-03  7.317836e-04  9.839179e-04  0.000000e+00  2.300556e-03  0.000000e+00  2.914617e-04  0.000000e+00  0.000000e+00  0.000000e+00  0.000000e+00  0.000000e+00  0.000000e+00  0.000000e+00  0.000000e+00  0.000000e+00
2.665135e+01  5.255783e-03  5.622827e-03  1.373106e-04  1.157697e-03  2.152322e-04  0.000000e+00  0.000000e+00  1.524208e-03  0.000000e+00  0.000000e+00  0.000000e+00  0.000000e+00  0.000000e+00  0.000000e+00  0.000000e+00  0.000000e+00
2.990330e+01  8.794828e-03  1.842763e-03  1.616968e-04  0.000000e+00  3.742666e-03  0.000000e+00  2.146273e-04  0.000000e+00  0.000000e+00  0.000000e+00  2.469764e-03  0.000000e+00  1.784137e-03  0.000000e+00  0.000000e+00  0.000000e+00
3.355206e+01  6.302617e-03  2.927043e-03  1.908540e-04  0.000000e+00  3.625831e-04  0.000000e+00  1.155482e-03  0.000000e+00  0.000000e+00  0.000000e+00  2.451091e-03  0.000000e+00  4.643148e-03  0.000000e+00  0.000000e+00  0.000000e+00
3.764603e+01  1.057363e-02  6.104628e-03  7.702055e-04  9.720846e-05  3.351630e-03  0.000000e+00  9.283078e-04  0.000000e+00  0.000000e+00  0.000000e+00  0.000000e+00  0.000000e+00  7.673463e-04  0.000000e+00  0.000000e+00  0.000000e+00
4.223954e+01  8.885071e-03  5.033789e-03  1.341027e-03  0.000000e+00  1.451245e-03  0.000000e+00  8.145128e-04  0.000000e+00  0.000000e+00  0.000000e+00  2.086768e-03  0.000000e+00  5.331656e-03  0.000000e+00  0.000000e+00  0.000000e+00
4.739354e+01  9.550427e-03  3.063282e-03  7.721542e-05  2.123297e-04  9.469054e-04  0.000000e+00  2.768741e-04  0.000000e+00  0.000000e+00  0.000000e+00  0.000000e+00  0.000000e+00  3.553342e-03  0.000000e+00  0.000000e+00  0.000000e+00
5.317643e+01  8.742899e-03  2.004793e-03  1.895121e-04  0.000000e+00  3.495430e-03  0.000000e+00  3.662021e-04  0.000000e+00  0.000000e+00  0.000000e+00  1.048328e-03  0.000000e+00  0.000000e+00  0.000000e+00  0.000000e+00  0.000000e+00
5.966493e+01  1.039209e-02  5.792819e-03  2.121737e-04  1.075685e-04  3.147743e-03  0.000000e+00  3.014660e-03  0.000000e+00  0.000000e+00  0.000000e+00  9.364717e-04  0.000000e+00  8.308297e-04  0.000000e+00  0.000000e+00  0.000000e+00
6.694516e+01  1.207593e-02  5.260888e-03  3.596219e-04  0.000000e+00  2.119720e-03  0.000000e+00  5.643022e-04  0.000000e+00  7.946355e-04  0.000000e+00  4.834593e-04  0.000000e+00  1.167484e-02  0.000000e+00  0.000000e+00  0.000000e+00
7.511370e+01  1.317150e-02  5.832298e-03  1.238881e-03  1.219764e-04  1.489235e-03  0.000000e+00  2.837430e-04  0.000000e+00  0.000000e+00  0.000000e+00  7.541150e-04  0.000000e+00  3.948575e+00  0.000000e+00  0.000000e+00  0.000000e+00
8.427896e+01  1.487411e-02  5.155436e-03  2.052435e-04  9.043350e-04  1.935136e-03  0.000000e+00  1.164117e-03  0.000000e+00  0.000000e+00  0.000000e+00  0.000000e+00  0.000000e+00  4.693982e+00  0.000000e+00  0.000000e+00  0.000000e+00
9.456255e+01  1.533189e-02  4.571412e-03  5.953972e-04  1.412005e-04  3.186691e-03  0.000000e+00  4.464155e-04  0.000000e+00  8.714724e-04  0.000000e+00  3.089136e-04  0.000000e+00  3.624386e+00  0.000000e+00  0.000000e+00  0.000000e+00
1.061009e+02  1.634404e-02  6.427295e-03  1.049507e-03  3.208919e-04  1.854075e-03  0.000000e+00  4.969021e-04  0.000000e+00  0.000000e+00  5.266168e-04  7.799772e-04  0.000000e+00  2.673389e+00  0.000000e+00  0.000000e+00  0.000000e+00
1.190472e+02  1.626727e-02  8.828496e-03  7.495393e-04  3.650065e-04  3.675095e-03  0.000000e+00  4.775998e-04  0.000000e+00  2.317193e-05  2.718692e-04  2.313922e+00  0.000000e+00  2.007228e+00  0.000000e+00  7.127387e-04  0.000000e+00
1.335731e+02  1.955376e-02  8.163236e-03  1.118951e-03  2.170734e-04  2.537356e-03  0.000000e+00  4.408445e-04  0.000000e+00  0.000000e+00  0.000000e+00  1.984298e+00  0.000000e+00  1.496746e+00  0.000000e+00  0.000000e+00  0.000000e+00
1.498715e+02  4.293895e-02  8.702132e-03  4.456663e-04  2.774647e-04  1.903209e-03  0.000000e+00  1.573881e-03  0.000000e+00  2.699926e-04  4.629388e-04  1.477142e+00  0.000000e+00  1.125754e+00  0.000000e+00  0.000000e+00  0.000000e+00
1.681586e+02  5.965646e-02  1.169496e-02  6.883400e-04  8.330518e-05  2.084365e-03  1.737149e-04  1.317374e-03  0.000000e+00  4.405651e-04  0.000000e+00  1.159450e+00  0.000000e+00  8.091304e-01  0.000000e+00  0.000000e+00  0.000000e+00
1.886771e+02  3.813031e-02  9.941820e-03  6.164939e-04  7.909791e-05  2.308017e-03  3.401614e-05  1.541645e-03  2.568614e-05  2.568614e-05  0.000000e+00  8.477658e-01  0.000000e+00  5.803214e-01  0.000000e+00  0.000000e+00  0.000000e+00
2.116992e+02  1.926284e-02  1.261785e-02  6.023579e-04  4.187997e-04  1.972442e-03  2.289279e-05  7.126718e-04  0.000000e+00  0.000000e+00  1.379866e-04  6.687842e-01  0.000000e+00  4.116798e-01  0.000000e+00  1.369641e-04  0.000000e+00
2.375304e+02  1.443306e-02  4.716026e-02  1.166629e-03  3.852731e-04  2.387380e-03  8.742951e-06  1.361625e-03  1.639815e-04  0.000000e+00  1.161347e-05  4.982976e-01  0.000000e+00  3.094959e-01  0.000000e+00  4.659484e-05  0.000000e+00
2.665135e+02  1.208908e-02  3.983972e-02  1.069068e-03  4.919294e-04  3.031384e-03  2.402710e-05  1.098293e-03  0.000000e+00  1.818439e-05  1.700689e-04  3.566970e-01  0.000000e+00  2.010440e-01  0.000000e+00  0.000000e+00  0.000000e+00
2.990330e+02  9.826080e-03  8.583406e-03  4.118942e-04  2.169982e-04  2.423997e-03  1.500132e-04  1.328251e-03  9.732442e-05  9.660318e-05  2.755838e-04  2.754434e-01  0.000000e+00  1.514587e-01  0.000000e+00  0.000000e+00  0.000000e+00
3.355206e+02  8.800219e-03  9.131535e-03  4.762220e-04  3.859498e-04  2.253957e-03  1.444438e-05  9.484345e-04  1.237907e-05  1.090697e-05  1.884220e-04  2.045524e-01  1.477447e-04  1.092537e-01  0.000000e+00  0.000000e+00  8.586389e-05
3.764603e+02  6.712473e-03  6.720415e-03  1.188771e-03  5.321044e-04  1.986021e-03  4.589540e-04  7.268385e-04  0.000000e+00  1.700988e-05  0.000000e+00  1.376485e-01  0.000000e+00  7.452569e-02  0.000000e+00  0.000000e+00  0.000000e+00
4.223954e+02  4.381043e-03  6.540253e-03  4.359225e-04  4.814824e-04  2.087049e-03  7.756413e-05  7.690940e-04  2.234314e-04  8.037399e-05  1.452678e-04  9.739345e-02  0.000000e+00  4.341539e-02  0.000000e+00  6.864464e-05  0.000000e+00
4.739354e+02  3.991805e-03  5.668549e-03  6.584172e-04  5.135785e-04  1.686121e-03  1.256163e-04  1.377940e-03  9.249454e-05  8.571252e-05  0.000000e+00  6.738517e-02  0.000000e+00  3.027783e-02  8.571252e-05  0.000000e+00  0.000000e+00
5.317643e+02  3.895861e-03  5.392418e-03  1.242198e-03  2.212338e-04  1.323707e-03  7.936425e-05  6.288421e-04  1.995679e-04  9.629231e-05  1.719689e-04  5.843026e-02  0.000000e+00  2.069666e-02  5.493347e-05  2.081315e-05  0.000000e+00
5.966493e+02  3.728017e-03  4.676246e-03  1.049775e-03  8.942578e-04  1.376179e-03  1.489313e-04  1.201189e-03  1.152351e-04  6.795779e-05  8.941869e-05  3.819698e-02  0.000000e+00  1.396907e-02  0.000000e+00  4.841628e-05  0.000000e+00
6.694516e+02  2.970364e-03  4.528340e-03  1.370898e-03  8.577106e-04  1.470400e-03  1.931246e-04  1.034029e-03  6.841907e-05  1.990681e-05  8.358416e-05  2.585838e-02  0.000000e+00  8.882369e-03  0.000000e+00  0.000000e+00  0.000000e+00
7.511370e+02  2.396769e-03  3.217338e-03  9.446663e-04  6.133381e-04  1.108328e-03  1.419589e-04  7.193889e-04  1.256611e-04  1.229072e-04  6.875992e-05  1.684321e-02  0.000000e+00  6.675758e-03  0.000000e+00  0.000000e+00  0.000000e+00
8.427896e+02  2.017278e-03  3.179706e-03  8.941241e-04  3.823727e-04  1.188890e-03  1.582977e-05  7.595053e-04  1.194018e-05  9.184494e-05  2.521659e-04  9.936309e-03  0.000000e+00  3.480036e-03  0.000000e+00  3.279907e-05  0.000000e+00
9.456255e+02  1.639126e-03  2.400340e-03  1.019477e-03  4.032295e-04  1.077002e-03  1.011437e-04  7.411928e-04  9.547362e-05  0.000000e+00  2.123868e-04  8.084627e-03  3.262835e-05  2.410745e-03  0.000000e+00  0.000000e+00  0.000000e+00
1.061009e+03  1.554569e-03  1.751598e-03  1.061329e-03  7.492735e-04  9.848343e-04  6.885975e-05  7.052634e-04  7.138986e-05  1.629962e-04  9.730168e-05  5.817131e-03  0.000000e+00  1.295632e-03  7.921815e-05  4.672099e-05  0.000000e+00
1.190472e+03  1.193881e-03  1.418092e-03  9.066414e-04  7.216863e-04  4.952818e-04  6.033028e-05  4.765953e-04  2.404794e-04  5.457900e-05  3.348289e-04  3.736151e-03  0.000000e+00  6.794160e-04  0.000000e+00  0.000000e+00  0.000000e+00
1.335731e+03  1.126844e-03  1.552790e-03  8.556665e-04  5.594706e-04  4.031366e-04  1.557382e-04  4.051944e-04  1.122250e-04  2.057239e-04  1.250009e-04  2.109917e-03  0.000000e+00  4.531517e-04  2.069482e-05  0.000000e+00  0.000000e+00
1.498715e+03  5.838527e-04  1.279125e-03  7.598283e-04  6.606850e-04  6.848800e-04  3.390382e-04  5.697249e-04  1.947804e-04  2.121897e-04  1.715395e-04  9.217810e-04  2.331804e-05  3.472388e-04  0.000000e+00  0.000000e+00  4.920644e-05
1.681586e+03  4.779344e-04  1.090846e-03  6.528689e-04  4.762033e-04  4.760031e-04  1.329993e-04  3.368733e-04  1.974481e-04  1.239556e-04  1.035996e-04  1.017877e-03  0.000000e+00  1.978501e-04  3.943921e-05  0.000000e+00  1.713210e-05
1.886771e+03  5.784144e-04  9.434001e-04  6.838918e-04  4.660272e-04  5.218516e-04  1.748922e-04  2.878040e-04  1.587980e-04  8.188347e-05  1.772082e-04  4.808788e-04  3.021624e-05  3.393918e-06  8.416365e-05  1.524253e-05  0.000000e+00
2.116992e+03  3.036419e-04  7.499931e-04  3.987134e-04  3.828656e-04  3.420316e-04  9.295675e-05  2.864067e-04  1.641829e-04  9.466011e-05  1.188647e-04  3.171645e-04  2.731378e-05  1.237372e-04  1.369641e-05  0.000000e+00  1.369641e-05
2.375304e+03  2.969885e-04  4.574815e-04  4.871313e-04  5.938476e-04  3.120154e-04  2.166985e-04  2.364282e-04  1.114730e-04  3.071769e-05  1.168285e-04  3.358802e-04  1.225242e-05  0.000000e+00  2.346914e-05  0.000000e+00  3.582118e-05
2.665135e+03  1.708796e-04  4.296620e-04  3.528258e-04  6.011168e-04  2.221739e-04  9.065700e-05  1.977491e-04  1.596993e-04  6.820283e-05  8.379407e-05  2.319737e-04  4.414586e-05  5.726816e-05  2.001835e-05  0.000000e+00  2.525665e-05
2.990330e+03  1.405289e-04  3.259022e-04  3.131091e-04  3.781040e-04  1.663172e-04  1.685521e-04  1.406212e-04  1.668557e-04  1.540129e-04  1.345189e-04  1.536489e-04  5.499048e-05  0.000000e+00  2.750169e-05  0.000000e+00  3.564103e-05
3.355206e+03  8.298435e-05  3.429078e-04  3.290366e-04  5.016020e-04  9.531567e-05  1.848705e-04  5.444892e-05  1.655261e-04  8.639094e-05  1.068403e-04  8.441164e-05  3.045477e-05  5.842555e-06  2.201179e-05  0.000000e+00  1.734822e-05
3.764603e+03  5.971165e-05  1.971299e-04  3.180139e-04  3.277782e-04  6.933844e-05  2.038606e-04  3.727982e-05  8.457335e-05  1.257959e-04  1.194973e-04  1.248751e-04  3.561861e-05  7.759559e-06  2.204333e-05  0.000000e+00  6.330553e-05
4.223954e+03  4.049919e-05  6.820354e-05  1.471157e-04  2.631838e-04  5.952049e-05  8.277517e-05  6.358532e-05  1.450467e-04  8.886618e-05  1.312247e-04  5.998307e-05  6.508452e-05  0.000000e+00  3.297659e-05  0.000000e+00  5.693764e-05
4.739354e+03  1.195192e-05  1.283049e-04  1.606013e-04  2.990238e-04  4.564325e-05  1.471625e-04  2.263646e-05  9.171745e-05  6.537884e-05  6.326353e-05  4.831160e-05  2.285187e-05  6.068159e-06  1.493068e-05  0.000000e+00  4.669884e-05
5.317643e+03  1.207810e-05  1.122195e-04  1.484965e-04  1.717486e-04  3.635585e-05  1.429357e-04  2.242414e-05  1.070883e-04  5.217742e-05  1.043026e-04  7.338090e-05  3.528847e-05  0.000000e+00  3.424753e-05  0.000000e+00  2.879006e-05
5.966493e+03  2.761338e-05  5.981723e-05  1.051732e-04  1.725322e-04  2.433125e-05  8.023367e-05  4.334975e-05  7.580870e-05  5.612518e-05  6.559511e-05  7.518471e-06  2.909368e-05  0.000000e+00  1.418483e-05  0.000000e+00  1.766390e-05
6.694516e+03  4.347322e-06  6.190403e-05  7.334596e-05  1.068733e-04  2.437823e-05  1.619177e-04  2.517832e-05  9.162892e-05  5.800832e-05  5.051529e-05  4.700254e-05  1.217030e-05  0.000000e+00  1.711202e-05  0.000000e+00  4.303389e-06
7.511370e+03  1.125208e-05  5.184611e-05  5.917406e-05  6.969852e-05  9.652250e-06  1.159608e-04  1.971356e-05  8.961424e-05  4.983497e-06  4.511507e-05  2.515672e-05  1.802949e-05  0.000000e+00  1.238739e-05  0.000000e+00  3.660393e-05
8.427896e+03  6.629712e-06  4.440506e-05  2.489166e-05  7.291062e-05  1.195238e-05  1.124355e-04  1.457792e-05  7.737751e-05  1.473222e-05  2.551350e-05  7.680508e-06  3.439558e-05  0.000000e+00  7.088571e-06  0.000000e+00  3.943045e-05
9.456255e+03  0.000000e+00  1.482936e-05  2.547651e-05  8.339258e-05  8.294797e-06  7.100375e-05  3.066243e-06  4.517944e-05  2.604219e-05  1.299525e-05  3.846288e-05  5.134399e-05  0.000000e+00  1.598413e-05  0.000000e+00  7.810078e-06
1.061009e+04  0.000000e+00  2.899784e-05  1.167978e-05  4.881094e-05  7.986878e-06  5.407096e-05  2.654548e-05  2.250024e-05  9.683387e-06  3.031303e-05  2.411573e-05  6.578468e-06  0.000000e+00  2.742975e-06  0.000000e+00  2.555053e-05
1.190472e+04  0.000000e+00  7.296060e-06  2.419973e-06  3.220160e-05  0.000000e+00  3.429438e-05  2.453788e-06  1.513982e-05  4.889358e-06  2.327624e-05  1.748858e-05  4.416962e-06  0.000000e+00  8.937127e-06  0.000000e+00  2.521065e-05
1.335731e+04  0.000000e+00  1.452609e-05  8.511796e-06  3.062661e-05  0.000000e+00  2.253211e-05  2.162676e-06  1.031814e-05  5.545319e-06  1.050585e-05  1.565288e-05  1.305475e-05  0.000000e+00  0.000000e+00  0.000000e+00  1.915189e-05
1.498715e+04  0.000000e+00  4.446778e-06  2.331804e-06  1.338337e-05  0.000000e+00  1.865626e-05  0.000000e+00  7.764437e-06  3.307593e-06  5.647082e-06  3.869338e-06  3.618983e-06  0.000000e+00  3.876546e-06  0.000000e+00  1.554109e-05
1.681586e+04  0.000000e+00  5.991271e-06  1.730700e-06  8.467493e-06  0.000000e+00  2.425452e-05  1.737149e-06  6.913575e-06  0.000000e+00  2.078222e-06  1.834827e-06  3.431084e-06  0.000000e+00  1.636818e-05  0.000000e+00  1.446276e-05
1.886771e+04  0.000000e+00  6.012546e-06  0.000000e+00  5.232294e-06  0.000000e+00  1.352750e-05  0.000000e+00  6.795861e-06  0.000000e+00  0.000000e+00  7.447020e-06  5.547707e-06  0.000000e+00  7.494284e-06  0.000000e+00  2.094173e-05
2.116992e+04  0.000000e+00  1.379866e-06  0.000000e+00  6.980751e-06  0.000000e+00  2.744423e-06  0.000000e+00  2.639336e-06  0.000000e+00  0.000000e+00  0.000000e+00  1.918864e-06  0.000000e+00  7.678657e-06  0.000000e+00  2.639336e-06
2.375304e+04  0.000000e+00  0.000000e+00  0.000000e+00  1.229807e-06  0.000000e+00  5.457027e-06  1.212860e-06  1.888555e-06  0.000000e+00  2.086950e-06  2.246096e-06  2.450484e-06  0.000000e+00  0.000000e+00  0.000000e+00  7.960675e-06
2.665135e+04  0.000000e+00  1.080962e-06  0.000000e+00  2.496538e-06  0.000000e+00  0.000000e+00  0.000000e+00  0.000000e+00  0.000000e+00  1.079088e-06  0.000000e+00  0.000000e+00  0.000000e+00  0.000000e+00  0.000000e+00  1.080962e-06
2.990330e+04  0.000000e+00  0.000000e+00  0.000000e+00  1.778967e-06  0.000000e+00  0.000000e+00  0.000000e+00  0.000000e+00  0.000000e+00  0.000000e+00  0.000000e+00  3.279099e-06  0.000000e+00  3.284270e-06  0.000000e+00  3.844366e-06
3.355206e+04  0.000000e+00  0.000000e+00  0.000000e+00  0.000000e+00  0.000000e+00  0.000000e+00  0.000000e+00  0.000000e+00  0.000000e+00  0.000000e+00  0.000000e+00  8.641848e-07  0.000000e+00  3.298662e-07  0.000000e+00  1.714301e-06
3.764603e+04  0.000000e+00  0.000000e+00  0.000000e+00  9.283078e-07  0.000000e+00  0.000000e+00  0.000000e+00  0.000000e+00  0.000000e+00  0.000000e+00  0.000000e+00  1.413084e-06  0.000000e+00  9.283078e-07  0.000000e+00  7.759559e-07
4.223954e+04  0.000000e+00  0.000000e+00  0.000000e+00  7.304577e-07  0.000000e+00  0.000000e+00  0.000000e+00  2.085998e-06  0.000000e+00  0.000000e+00  0.000000e+00  2.775772e-06  0.000000e+00  0.000000e+00  0.000000e+00  0.000000e+00
4.739354e+04  0.000000e+00  0.000000e+00  0.000000e+00  0.000000e+00  0.000000e+00  0.000000e+00  0.000000e+00  6.163637e-07  0.000000e+00  0.000000e+00  0.000000e+00  1.267385e-06  0.000000e+00  1.122452e-06  0.000000e+00  0.000000e+00
5.317643e+04  0.000000e+00  0.000000e+00  0.000000e+00  0.000000e+00  0.000000e+00  0.000000e+00  0.000000e+00  0.000000e+00  0.000000e+00  0.000000e+00  0.000000e+00  0.000000e+00  0.000000e+00  0.000000e+00  0.000000e+00  0.000000e+00
5.966493e+04  0.000000e+00  0.000000e+00  0.000000e+00  0.000000e+00  0.000000e+00  0.000000e+00  0.000000e+00  0.000000e+00  0.000000e+00  0.000000e+00  0.000000e+00  0.000000e+00  0.000000e+00  0.000000e+00  0.000000e+00  0.000000e+00
6.694516e+04  0.000000e+00  0.000000e+00  0.000000e+00  0.000000e+00  0.000000e+00  0.000000e+00  0.000000e+00  0.000000e+00  0.000000e+00  0.000000e+00  0.000000e+00  0.000000e+00  0.000000e+00  0.000000e+00  0.000000e+00  1.106437e-06
7.511370e+04  0.000000e+00  0.000000e+00  0.000000e+00  0.000000e+00  0.000000e+00  0.000000e+00  0.000000e+00  0.000000e+00  0.000000e+00  0.000000e+00  0.000000e+00  0.000000e+00  0.000000e+00  0.000000e+00  0.000000e+00  4.983497e-07
8.427896e+04  0.000000e+00  0.000000e+00  0.000000e+00  0.000000e+00  0.000000e+00  0.000000e+00  0.000000e+00  0.000000e+00  0.000000e+00  0.000000e+00  0.000000e+00  0.000000e+00  0.000000e+00  0.000000e+00  0.000000e+00  0.000000e+00
9.456255e+04  0.000000e+00  0.000000e+00  0.000000e+00  0.000000e+00  0.000000e+00  0.000000e+00  0.000000e+00  0.000000e+00  0.000000e+00  0.000000e+00  0.000000e+00  0.000000e+00  0.000000e+00  0.000000e+00  0.000000e+00  0.000000e+00
1.061009e+05  0.000000e+00  0.000000e+00  0.000000e+00  0.000000e+00  0.000000e+00  0.000000e+00  0.000000e+00  0.000000e+00  0.000000e+00  0.000000e+00  0.000000e+00  0.000000e+00  0.000000e+00  0.000000e+00  0.000000e+00  0.000000e+00
1.190472e+05  0.000000e+00  0.000000e+00  0.000000e+00  0.000000e+00  0.000000e+00  0.000000e+00  0.000000e+00  0.000000e+00  0.000000e+00  0.000000e+00  0.000000e+00  0.000000e+00  0.000000e+00  0.000000e+00  0.000000e+00  0.000000e+00
1.335731e+05  0.000000e+00  0.000000e+00  0.000000e+00  0.000000e+00  0.000000e+00  0.000000e+00  0.000000e+00  0.000000e+00  0.000000e+00  0.000000e+00  0.000000e+00  0.000000e+00  0.000000e+00  0.000000e+00  0.000000e+00  0.000000e+00
1.498715e+05  0.000000e+00  0.000000e+00  0.000000e+00  0.000000e+00  0.000000e+00  0.000000e+00  0.000000e+00  0.000000e+00  0.000000e+00  0.000000e+00  0.000000e+00  0.000000e+00  0.000000e+00  0.000000e+00  0.000000e+00  0.000000e+00
1.681586e+05  0.000000e+00  0.000000e+00  0.000000e+00  0.000000e+00  0.000000e+00  0.000000e+00  0.000000e+00  0.000000e+00  0.000000e+00  0.000000e+00  0.000000e+00  0.000000e+00  0.000000e+00  0.000000e+00  0.000000e+00  0.000000e+00
1.886771e+05  0.000000e+00  0.000000e+00  0.000000e+00  0.000000e+00  0.000000e+00  0.000000e+00  0.000000e+00  0.000000e+00  0.000000e+00  0.000000e+00  0.000000e+00  0.000000e+00  0.000000e+00  0.000000e+00  0.000000e+00  0.000000e+00
2.116992e+05  0.000000e+00  0.000000e+00  0.000000e+00  0.000000e+00  0.000000e+00  0.000000e+00  0.000000e+00  0.000000e+00  0.000000e+00  0.000000e+00  0.000000e+00  0.000000e+00  0.000000e+00  0.000000e+00  0.000000e+00  0.000000e+00
2.375304e+05  0.000000e+00  0.000000e+00  0.000000e+00  0.000000e+00  0.000000e+00  0.000000e+00  0.000000e+00  0.000000e+00  0.000000e+00  0.000000e+00  0.000000e+00  0.000000e+00  0.000000e+00  0.000000e+00  0.000000e+00  0.000000e+00
2.665135e+05  0.000000e+00  0.000000e+00  0.000000e+00  0.000000e+00  0.000000e+00  0.000000e+00  0.000000e+00  0.000000e+00  0.000000e+00  0.000000e+00  0.000000e+00  0.000000e+00  0.000000e+00  0.000000e+00  0.000000e+00  0.000000e+00
2.990330e+05  0.000000e+00  0.000000e+00  0.000000e+00  0.000000e+00  0.000000e+00  0.000000e+00  0.000000e+00  0.000000e+00  0.000000e+00  0.000000e+00  0.000000e+00  0.000000e+00  0.000000e+00  0.000000e+00  0.000000e+00  0.000000e+00
3.355206e+05  0.000000e+00  0.000000e+00  0.000000e+00  0.000000e+00  0.000000e+00  0.000000e+00  0.000000e+00  0.000000e+00  0.000000e+00  0.000000e+00  0.000000e+00  0.000000e+00  0.000000e+00  0.000000e+00  0.000000e+00  0.000000e+00
3.764603e+05  0.000000e+00  0.000000e+00  0.000000e+00  0.000000e+00  0.000000e+00  0.000000e+00  0.000000e+00  0.000000e+00  0.000000e+00  0.000000e+00  0.000000e+00  0.000000e+00  0.000000e+00  0.000000e+00  0.000000e+00  0.000000e+00
4.223954e+05  0.000000e+00  0.000000e+00  0.000000e+00  0.000000e+00  0.000000e+00  0.000000e+00  0.000000e+00  0.000000e+00  0.000000e+00  0.000000e+00  0.000000e+00  0.000000e+00  0.000000e+00  0.000000e+00  0.000000e+00  0.000000e+00
4.739354e+05  0.000000e+00  0.000000e+00  0.000000e+00  0.000000e+00  0.000000e+00  0.000000e+00  0.000000e+00  0.000000e+00  0.000000e+00  0.000000e+00  0.000000e+00  0.000000e+00  0.000000e+00  0.000000e+00  0.000000e+00  0.000000e+00
5.317643e+05  0.000000e+00  0.000000e+00  0.000000e+00  0.000000e+00  0.000000e+00  0.000000e+00  0.000000e+00  0.000000e+00  0.000000e+00  0.000000e+00  0.000000e+00  0.000000e+00  0.000000e+00  0.000000e+00  0.000000e+00  0.000000e+00
5.966493e+05  0.000000e+00  0.000000e+00  0.000000e+00  0.000000e+00  0.000000e+00  0.000000e+00  0.000000e+00  0.000000e+00  0.000000e+00  0.000000e+00  0.000000e+00  0.000000e+00  0.000000e+00  0.000000e+00  0.000000e+00  0.000000e+00
6.694516e+05  0.000000e+00  0.000000e+00  0.000000e+00  0.000000e+00  0.000000e+00  0.000000e+00  0.000000e+00  0.000000e+00  0.000000e+00  0.000000e+00  0.000000e+00  0.000000e+00  0.000000e+00  0.000000e+00  0.000000e+00  0.000000e+00
7.511370e+05  0.000000e+00  0.000000e+00  0.000000e+00  0.000000e+00  0.000000e+00  0.000000e+00  0.000000e+00  0.000000e+00  0.000000e+00  0.000000e+00  0.000000e+00  0.000000e+00  0.000000e+00  0.000000e+00  0.000000e+00  0.000000e+00
8.427896e+05  0.000000e+00  0.000000e+00  0.000000e+00  0.000000e+00  0.000000e+00  0.000000e+00  0.000000e+00  0.000000e+00  0.000000e+00  0.000000e+00  0.000000e+00  0.000000e+00  0.000000e+00  0.000000e+00  0.000000e+00  0.000000e+00
9.456255e+05  0.000000e+00  0.000000e+00  0.000000e+00  0.000000e+00  0.000000e+00  0.000000e+00  0.000000e+00  0.000000e+00  0.000000e+00  0.000000e+00  0.000000e+00  0.000000e+00  0.000000e+00  0.000000e+00  0.000000e+00  0.000000e+00
