# dR/dEr [1/keV/kg/Myr]
# Er [keV], S, F, Ne, Cl, Na, Si, O, P, N, C, Al, Mg, Be, B, Ar, Li
1.061009e+01  2.321327e+00  2.022878e+00  0.000000e+00  0.000000e+00  1.257940e+00  0.000000e+00  1.306970e-01  0.000000e+00  0.000000e+00  0.000000e+00  0.000000e+00  0.000000e+00  8.546052e-02  0.000000e+00  0.000000e+00  0.000000e+00
1.190472e+01  6.961535e-01  4.662199e-01  0.000000e+00  0.000000e+00  2.235746e-01  0.000000e+00  0.000000e+00  0.000000e+00  0.000000e+00  0.000000e+00  0.000000e+00  0.000000e+00  0.000000e+00  0.000000e+00  0.000000e+00  0.000000e+00
1.335731e+01  1.043189e+00  2.556073e-01  0.000000e+00  0.000000e+00  0.000000e+00  0.000000e+00  0.000000e+00  0.000000e+00  0.000000e+00  0.000000e+00  0.000000e+00  0.000000e+00  0.000000e+00  0.000000e+00  0.000000e+00  0.000000e+00
1.498715e+01  2.565398e-01  5.429877e-01  0.000000e+00  0.000000e+00  1.635368e-01  0.000000e+00  4.101954e-02  0.000000e+00  0.000000e+00  0.000000e+00  0.000000e+00  0.000000e+00  0.000000e+00  0.000000e+00  0.000000e+00  0.000000e+00
1.681586e+01  6.347222e-01  4.330182e-01  9.084991e-02  0.000000e+00  1.821911e-01  3.655870e-02  0.000000e+00  0.000000e+00  0.000000e+00  0.000000e+00  0.000000e+00  0.000000e+00  0.000000e+00  0.000000e+00  0.000000e+00  0.000000e+00
1.886771e+01  4.324040e-01  4.268527e-01  0.000000e+00  0.000000e+00  8.097007e-02  0.000000e+00  0.000000e+00  0.000000e+00  0.000000e+00  0.000000e+00  0.000000e+00  0.000000e+00  0.000000e+00  0.000000e+00  0.000000e+00  0.000000e+00
2.116992e+01  4.656198e-01  5.639508e-01  0.000000e+00  0.000000e+00  8.843826e-02  0.000000e+00  3.825239e-02  0.000000e+00  0.000000e+00  0.000000e+00  1.847521e-01  0.000000e+00  0.000000e+00  0.000000e+00  0.000000e+00  0.000000e+00
2.375304e+01  8.562943e-01  1.606491e-01  1.707841e-01  0.000000e+00  3.467606e-01  0.000000e+00  6.431681e-02  0.000000e+00  0.000000e+00  0.000000e+00  0.000000e+00  0.000000e+00  0.000000e+00  0.000000e+00  0.000000e+00  0.000000e+00
2.665135e+01  8.559978e-01  6.239062e-01  3.038495e-02  3.464110e-02  4.784332e-02  0.000000e+00  0.000000e+00  1.926677e-01  0.000000e+00  0.000000e+00  0.000000e+00  0.000000e+00  0.000000e+00  0.000000e+00  0.000000e+00  0.000000e+00
2.990330e+01  8.863815e-01  3.934368e-01  3.611825e-02  0.000000e+00  2.725638e-01  0.000000e+00  4.763908e-02  0.000000e+00  0.000000e+00  0.000000e+00  7.794779e-02  0.000000e+00  1.675721e-01  0.000000e+00  0.000000e+00  0.000000e+00
3.355206e+01  1.145710e+00  3.740098e-01  4.132396e-02  0.000000e+00  7.993639e-02  0.000000e+00  1.875219e-01  0.000000e+00  0.000000e+00  0.000000e+00  1.578252e-01  0.000000e+00  2.873288e-01  0.000000e+00  0.000000e+00  0.000000e+00
3.764603e+01  1.464409e+00  5.226662e-01  4.732773e-03  2.151090e-02  3.243083e-01  0.000000e+00  3.508209e-02  0.000000e+00  0.000000e+00  0.000000e+00  0.000000e+00  0.000000e+00  7.554617e-03  0.000000e+00  0.000000e+00  0.000000e+00
4.223954e+01  1.262987e+00  6.234546e-01  1.062461e-01  0.000000e+00  2.924857e-01  0.000000e+00  3.584162e-02  0.000000e+00  0.000000e+00  0.000000e+00  1.069657e-01  0.000000e+00  4.434265e-01  0.000000e+00  0.000000e+00  0.000000e+00
4.739354e+01  1.584365e+00  6.271028e-01  1.708671e-02  4.634183e-02  8.492707e-02  0.000000e+00  6.133176e-02  0.000000e+00  0.000000e+00  0.000000e+00  0.000000e+00  0.000000e+00  2.473188e-01  0.000000e+00  0.000000e+00  0.000000e+00
5.317643e+01  1.510879e+00  3.212057e-01  4.201797e-02  0.000000e+00  3.266610e-01  0.000000e+00  8.122498e-02  0.000000e+00  0.000000e+00  0.000000e+00  7.355115e-02  0.000000e+00  0.000000e+00  0.000000e+00  0.000000e+00  0.000000e+00
5.966493e+01  1.816384e+00  7.562365e-01  4.697581e-02  2.387610e-02  2.575787e-01  0.000000e+00  1.942172e-01  0.000000e+00  0.000000e+00  0.000000e+00  8.063319e-02  0.000000e+00  4.318018e-02  0.000000e+00  0.000000e+00  0.000000e+00
6.694516e+01  2.101093e+00  6.437274e-01  7.940367e-02  0.000000e+00  2.637008e-01  0.000000e+00  3.661134e-02  0.000000e+00  4.776271e-02  0.000000e+00  7.327255e-02  0.000000e+00  1.129510e+00  0.000000e+00  0.000000e+00  0.000000e+00
7.511370e+01  2.207921e+00  8.524914e-01  1.275417e-01  2.664321e-02  1.937021e-01  0.000000e+00  6.184276e-02  0.000000e+00  0.000000e+00  0.000000e+00  5.974657e-02  0.000000e+00  3.386948e+02  0.000000e+00  0.000000e+00  0.000000e+00
8.427896e+01  2.743823e+00  8.565671e-01  4.511278e-02  9.772982e-02  2.388927e-01  0.000000e+00  1.705213e-01  0.000000e+00  0.000000e+00  0.000000e+00  0.000000e+00  0.000000e+00  4.069050e+02  0.000000e+00  0.000000e+00  0.000000e+00
9.456255e+01  2.656180e+00  6.849410e-01  9.911452e-02  3.103408e-02  3.373687e-01  0.000000e+00  3.382549e-02  0.000000e+00  3.455288e-02  0.000000e+00  7.394725e-04  0.000000e+00  3.125576e+02  0.000000e+00  0.000000e+00  0.000000e+00
1.061009e+02  3.004904e+00  9.552397e-01  9.240046e-02  1.083856e-02  3.050485e-01  0.000000e+00  5.638056e-02  0.000000e+00  0.000000e+00  4.534338e-02  6.717199e-02  0.000000e+00  2.332448e+02  0.000000e+00  0.000000e+00  0.000000e+00
1.190472e+02  3.224179e+00  1.209594e+00  1.113013e-01  2.682072e-02  4.282835e-01  0.000000e+00  4.977852e-02  0.000000e+00  5.164054e-03  4.120418e-02  2.016708e+02  0.000000e+00  1.734431e+02  0.000000e+00  3.379169e-02  0.000000e+00
1.335731e+02  3.672469e+00  1.219676e+00  1.223877e-01  1.333877e-03  3.443345e-01  0.000000e+00  4.913198e-02  0.000000e+00  0.000000e+00  0.000000e+00  1.712269e+02  0.000000e+00  1.291961e+02  0.000000e+00  0.000000e+00  0.000000e+00
1.498715e+02  8.716100e+00  1.445145e+00  5.671500e-02  1.938738e-02  1.718902e-01  0.000000e+00  1.787292e-01  0.000000e+00  1.701613e-02  3.728678e-02  1.282670e+02  0.000000e+00  9.685856e+01  0.000000e+00  0.000000e+00  0.000000e+00
1.681586e+02  1.238183e+01  1.554385e+00  9.653057e-02  1.821911e-02  2.171999e-01  4.158360e-04  1.482882e-01  0.000000e+00  3.333366e-02  0.000000e+00  9.887319e+01  0.000000e+00  7.063500e+01  0.000000e+00  0.000000e+00  0.000000e+00
1.886771e+02  7.422518e+00  1.643543e+00  7.875692e-02  1.747322e-02  3.642489e-01  7.550286e-03  1.620383e-01  5.630947e-03  5.630947e-03  0.000000e+00  7.136909e+01  0.000000e+00  5.042765e+01  0.000000e+00  0.000000e+00  0.000000e+00
2.116992e+02  3.351150e+00  2.147540e+00  8.957437e-02  6.424641e-02  2.057463e-01  5.018587e-03  9.220490e-02  0.000000e+00  0.000000e+00  3.303102e-04  5.749541e+01  0.000000e+00  3.539817e+01  0.000000e+00  8.416192e-04  0.000000e+00
2.375304e+02  2.467046e+00  9.738592e+00  1.293405e-01  4.909053e-02  2.665497e-01  1.958861e-03  1.499614e-01  1.044374e-02  0.000000e+00  2.588158e-03  4.293159e+01  0.000000e+00  2.659700e+01  0.000000e+00  9.714799e-03  0.000000e+00
2.665135e+02  2.061945e+00  8.176626e+00  1.227091e-01  5.621521e-02  3.857008e-01  5.202378e-03  1.020187e-01  0.000000e+00  3.986405e-03  1.933100e-02  3.082968e+01  0.000000e+00  1.759816e+01  0.000000e+00  0.000000e+00  0.000000e+00
2.990330e+02  1.375629e+00  1.359966e+00  6.789283e-02  2.637671e-02  2.874553e-01  7.198958e-03  1.739412e-01  3.732664e-04  9.510699e-04  1.092658e-02  2.372452e+01  0.000000e+00  1.292643e+01  0.000000e+00  0.000000e+00  0.000000e+00
3.355206e+02  1.255209e+00  1.286844e+00  8.419187e-02  4.225649e-02  2.818063e-01  3.166514e-03  1.175099e-01  2.773535e-03  2.413562e-03  1.737144e-02  1.764715e+01  7.678643e-03  9.458895e+00  0.000000e+00  0.000000e+00  2.010607e-03
3.764603e+02  8.475131e-01  9.463530e-01  1.283519e-01  5.811851e-02  2.955979e-01  2.314659e-02  8.928503e-02  0.000000e+00  3.683002e-03  0.000000e+00  1.132232e+01  0.000000e+00  6.663223e+00  0.000000e+00  0.000000e+00  0.000000e+00
4.223954e+02  5.503628e-01  8.838727e-01  6.470289e-02  4.719582e-02  2.757056e-01  2.181413e-03  1.051278e-01  1.801733e-02  2.779504e-03  1.203472e-02  8.586501e+00  0.000000e+00  3.439598e+00  0.000000e+00  4.218088e-04  0.000000e+00
4.739354e+02  4.928439e-01  7.471394e-01  9.839781e-02  5.515846e-02  2.432571e-01  1.185979e-02  1.552780e-01  1.391504e-02  1.083450e-02  0.000000e+00  5.713022e+00  0.000000e+00  2.498294e+00  1.083450e-02  0.000000e+00  0.000000e+00
5.317643e+02  4.196188e-01  5.491560e-01  1.285720e-01  3.136559e-02  2.137238e-01  6.048261e-03  8.437278e-02  1.534417e-02  1.405204e-02  1.108922e-02  4.814537e+00  0.000000e+00  1.821558e+00  1.314989e-04  4.339441e-03  0.000000e+00
5.966493e+02  3.836278e-01  5.053193e-01  1.251570e-01  8.250543e-02  2.098412e-01  1.509983e-02  1.170940e-01  1.406265e-02  5.108685e-03  8.398498e-03  3.211309e+00  0.000000e+00  1.275995e+00  0.000000e+00  4.766641e-04  0.000000e+00
6.694516e+02  3.183093e-01  4.532917e-01  1.473840e-01  9.668300e-02  2.124210e-01  1.081722e-02  1.144267e-01  5.875052e-03  4.353151e-03  5.694585e-03  2.207734e+00  0.000000e+00  8.058003e-01  0.000000e+00  0.000000e+00  0.000000e+00
7.511370e+02  2.492228e-01  3.373880e-01  9.850068e-02  7.442946e-02  1.362724e-01  5.901060e-03  8.694348e-02  8.989854e-03  8.876980e-03  4.049370e-03  1.540496e+00  0.000000e+00  5.445011e-01  0.000000e+00  0.000000e+00  0.000000e+00
8.427896e+02  1.787340e-01  3.113622e-01  9.354755e-02  5.910129e-02  1.669531e-01  3.502993e-03  9.400992e-02  2.605993e-03  3.852596e-03  1.711987e-02  8.159645e-01  0.000000e+00  3.056285e-01  0.000000e+00  5.349576e-03  0.000000e+00
9.456255e+02  1.750871e-01  2.279602e-01  1.213189e-01  5.554372e-02  1.380266e-01  1.088773e-02  9.700892e-02  7.900229e-03  0.000000e+00  1.114236e-02  7.185135e-01  9.763189e-04  1.986494e-01  0.000000e+00  0.000000e+00  0.000000e+00
1.061009e+03  1.527564e-01  1.553032e-01  1.208137e-01  7.557356e-02  1.218311e-01  8.632221e-03  8.647654e-02  7.843545e-03  1.799668e-02  5.596737e-03  4.866500e-01  0.000000e+00  8.570804e-02  3.883769e-03  2.428200e-03  0.000000e+00
1.190472e+03  1.098397e-01  1.366816e-01  1.051463e-01  7.843488e-02  6.903301e-02  1.049237e-02  5.977981e-02  1.617825e-02  5.002936e-03  2.144298e-02  3.112581e-01  0.000000e+00  6.843205e-02  0.000000e+00  0.000000e+00  0.000000e+00
1.335731e+03  1.033568e-01  1.416373e-01  9.304270e-02  5.593938e-02  6.126054e-02  9.740990e-03  6.374776e-02  5.587165e-03  1.032784e-02  5.729947e-03  1.397227e-01  0.000000e+00  3.640428e-02  3.375354e-03  0.000000e+00  0.000000e+00
1.498715e+03  6.490808e-02  1.044274e-01  7.028107e-02  7.226576e-02  5.639750e-02  2.370123e-02  6.840200e-02  1.605828e-02  1.602028e-02  9.957028e-03  7.165197e-02  8.812223e-04  4.128041e-02  0.000000e+00  0.000000e+00  1.626144e-03
1.681586e+03  3.929647e-02  1.022849e-01  6.389079e-02  5.405498e-02  6.409884e-02  9.694010e-03  4.208226e-02  1.525025e-02  1.237232e-02  1.125095e-02  8.401269e-02  0.000000e+00  1.861022e-02  3.266397e-03  0.000000e+00  4.011689e-04
1.886771e+03  4.822526e-02  7.405521e-02  6.696250e-02  6.014103e-02  5.592922e-02  1.266149e-02  3.953705e-02  1.353228e-02  7.135326e-03  1.218336e-02  4.168213e-02  3.085037e-03  7.348554e-04  6.571161e-03  2.402899e-04  0.000000e+00
2.116992e+03  3.062863e-02  7.435182e-02  3.840367e-02  4.149461e-02  2.656991e-02  8.591103e-03  3.350769e-02  1.085273e-02  4.801349e-03  8.221894e-03  2.668518e-02  2.067309e-03  8.822190e-03  8.416192e-05  0.000000e+00  8.416192e-05
2.375304e+03  2.224868e-02  4.035920e-02  4.458202e-02  6.589354e-02  3.095776e-02  2.016476e-02  3.046536e-02  7.539449e-03  4.005905e-03  4.186043e-03  2.645572e-02  4.699145e-05  0.000000e+00  1.646605e-03  0.000000e+00  2.054853e-03
2.665135e+03  1.634488e-02  3.567874e-02  3.238976e-02  6.372153e-02  1.639312e-02  7.391127e-03  2.022580e-02  1.599626e-02  4.540857e-03  8.543771e-03  1.823851e-02  3.809032e-03  2.498803e-03  1.880189e-03  0.000000e+00  2.336071e-03
2.990330e+03  8.575893e-03  2.402800e-02  2.351358e-02  4.471743e-02  1.217044e-02  1.429655e-02  1.521336e-02  1.051049e-02  9.801272e-03  1.038596e-02  1.324494e-02  2.922010e-03  0.000000e+00  1.770828e-03  0.000000e+00  3.458352e-03
3.355206e+03  5.409298e-03  3.008956e-02  2.979174e-02  5.215661e-02  7.287996e-03  1.367941e-02  6.431070e-03  8.472169e-03  4.110412e-03  6.809176e-03  5.102060e-03  2.284315e-03  1.067823e-03  6.947104e-04  0.000000e+00  7.394375e-05
3.764603e+03  2.737175e-03  1.340600e-02  2.265142e-02  3.125676e-02  5.382681e-03  1.523799e-02  4.551689e-03  5.312706e-03  6.066909e-03  8.690570e-03  7.150313e-03  1.719540e-03  1.857471e-05  1.443245e-03  0.000000e+00  4.351417e-03
4.223954e+03  1.188117e-03  6.796922e-03  1.154472e-02  2.447005e-02  3.754945e-03  5.523118e-03  5.341028e-03  8.184055e-03  5.531783e-03  7.743368e-03  4.647100e-03  2.196601e-03  0.000000e+00  2.129007e-03  0.000000e+00  2.841801e-03
4.739354e+03  9.469193e-04  8.276965e-03  1.168903e-02  2.564640e-02  3.221535e-03  8.232660e-03  1.782213e-03  6.160516e-03  3.171693e-03  4.720400e-03  4.007349e-03  1.503886e-03  9.566113e-05  4.137296e-04  0.000000e+00  1.537728e-03
5.317643e+03  1.059046e-03  8.364272e-03  1.095774e-02  1.482834e-02  1.495666e-03  7.744327e-03  1.050402e-03  9.556704e-03  4.729560e-03  6.248190e-03  3.853861e-03  1.788039e-03  0.000000e+00  2.566071e-03  0.000000e+00  2.122810e-03
5.966493e+03  1.413172e-03  4.893830e-03  6.657165e-03  1.158824e-02  1.460769e-03  6.238985e-03  1.988220e-03  6.937570e-03  3.241580e-03  3.877861e-03  3.608026e-04  9.173141e-04  0.000000e+00  8.823182e-04  0.000000e+00  1.029940e-03
6.694516e+03  1.667320e-05  3.764449e-03  5.282334e-03  9.241218e-03  1.038178e-03  1.155032e-02  1.267496e-03  4.860763e-03  3.387846e-03  3.738577e-03  3.401736e-03  1.722719e-03  0.000000e+00  7.878098e-04  0.000000e+00  1.007691e-04
7.511370e+03  5.188194e-04  3.267080e-03  3.400147e-03  4.475488e-03  8.868280e-04  7.426345e-03  1.435934e-03  4.935915e-03  6.933925e-04  2.373824e-03  5.728480e-04  1.288923e-03  0.000000e+00  2.229991e-04  0.000000e+00  2.859612e-03
8.427896e+03  5.708393e-04  3.339829e-03  1.737399e-03  3.999069e-03  8.262680e-04  8.800810e-03  9.985178e-04  7.445410e-03  1.298371e-03  1.568890e-03  1.164049e-03  1.890726e-03  0.000000e+00  1.432900e-04  0.000000e+00  1.423434e-03
9.456255e+03  0.000000e+00  7.939214e-04  1.523717e-03  5.496901e-03  5.853846e-04  5.282921e-03  1.884151e-05  3.217764e-03  1.574722e-03  1.096704e-03  2.267299e-03  2.765595e-03  0.000000e+00  1.019729e-03  0.000000e+00  2.464926e-04
1.061009e+04  0.000000e+00  1.357939e-03  6.518030e-04  3.340033e-03  3.854215e-04  4.557266e-03  1.385838e-03  1.553068e-03  2.464915e-04  1.537889e-03  1.778509e-03  9.532028e-04  0.000000e+00  1.052008e-05  0.000000e+00  9.716659e-04
1.190472e+04  0.000000e+00  6.242575e-05  5.666662e-05  1.987350e-03  0.000000e+00  1.956589e-03  5.873839e-06  5.734295e-04  1.875205e-05  1.625744e-03  1.355242e-03  3.466328e-04  0.000000e+00  5.371790e-04  0.000000e+00  9.672984e-04
1.335731e+04  0.000000e+00  8.976033e-04  7.925990e-04  2.025310e-03  0.000000e+00  1.191339e-03  2.129180e-05  7.187341e-04  1.663997e-04  1.151887e-03  9.793425e-04  4.530671e-04  0.000000e+00  0.000000e+00  0.000000e+00  7.710527e-04
1.498715e+04  0.000000e+00  3.521852e-04  8.812223e-05  5.401060e-04  0.000000e+00  9.470234e-04  0.000000e+00  6.693153e-04  1.719034e-04  3.512572e-04  2.377637e-05  3.544109e-04  0.000000e+00  1.933583e-05  0.000000e+00  8.789455e-04
1.681586e+04  0.000000e+00  2.119805e-04  6.637719e-06  2.870582e-04  0.000000e+00  1.424630e-03  4.158360e-06  3.487415e-04  0.000000e+00  7.853902e-05  5.490245e-05  5.702957e-05  0.000000e+00  8.279255e-04  0.000000e+00  7.038439e-04
1.886771e+04  0.000000e+00  2.581230e-04  0.000000e+00  2.909300e-04  0.000000e+00  8.692186e-04  0.000000e+00  5.659549e-04  0.000000e+00  0.000000e+00  5.339981e-04  3.480643e-04  0.000000e+00  5.184579e-04  0.000000e+00  1.022627e-03
2.116992e+04  0.000000e+00  3.303102e-06  0.000000e+00  4.600881e-04  0.000000e+00  1.673732e-05  0.000000e+00  2.272552e-04  0.000000e+00  0.000000e+00  0.000000e+00  2.425543e-04  0.000000e+00  6.244177e-04  0.000000e+00  2.272552e-04
2.375304e+04  0.000000e+00  0.000000e+00  0.000000e+00  2.943893e-06  0.000000e+00  3.051442e-04  2.840059e-05  9.062952e-05  0.000000e+00  1.084637e-04  2.109607e-04  9.398290e-06  0.000000e+00  0.000000e+00  0.000000e+00  5.056184e-04
2.665135e+04  0.000000e+00  2.531205e-05  0.000000e+00  1.996127e-04  0.000000e+00  0.000000e+00  0.000000e+00  0.000000e+00  0.000000e+00  1.701122e-05  0.000000e+00  0.000000e+00  0.000000e+00  0.000000e+00  0.000000e+00  2.531205e-05
2.990330e+04  0.000000e+00  0.000000e+00  0.000000e+00  1.069274e-04  0.000000e+00  0.000000e+00  0.000000e+00  0.000000e+00  0.000000e+00  0.000000e+00  0.000000e+00  1.789170e-04  0.000000e+00  2.395616e-04  0.000000e+00  1.561477e-04
3.355206e+04  0.000000e+00  0.000000e+00  0.000000e+00  0.000000e+00  0.000000e+00  0.000000e+00  0.000000e+00  0.000000e+00  0.000000e+00  0.000000e+00  0.000000e+00  5.310258e-06  0.000000e+00  6.877551e-05  0.000000e+00  2.702499e-05
3.764603e+04  0.000000e+00  0.000000e+00  0.000000e+00  3.508209e-05  0.000000e+00  0.000000e+00  0.000000e+00  0.000000e+00  0.000000e+00  0.000000e+00  0.000000e+00  8.493545e-05  0.000000e+00  3.508209e-05  0.000000e+00  1.857471e-06
4.223954e+04  0.000000e+00  0.000000e+00  0.000000e+00  2.185706e-05  0.000000e+00  0.000000e+00  0.000000e+00  2.087246e-04  0.000000e+00  0.000000e+00  0.000000e+00  1.096083e-04  0.000000e+00  0.000000e+00  0.000000e+00  0.000000e+00
4.739354e+04  0.000000e+00  0.000000e+00  0.000000e+00  0.000000e+00  0.000000e+00  0.000000e+00  0.000000e+00  1.475442e-06  0.000000e+00  0.000000e+00  0.000000e+00  2.095556e-05  0.000000e+00  6.746663e-05  0.000000e+00  0.000000e+00
5.317643e+04  0.000000e+00  0.000000e+00  0.000000e+00  0.000000e+00  0.000000e+00  0.000000e+00  0.000000e+00  0.000000e+00  0.000000e+00  0.000000e+00  0.000000e+00  0.000000e+00  0.000000e+00  0.000000e+00  0.000000e+00  0.000000e+00
5.966493e+04  0.000000e+00  0.000000e+00  0.000000e+00  0.000000e+00  0.000000e+00  0.000000e+00  0.000000e+00  0.000000e+00  0.000000e+00  0.000000e+00  0.000000e+00  0.000000e+00  0.000000e+00  0.000000e+00  0.000000e+00  0.000000e+00
6.694516e+04  0.000000e+00  0.000000e+00  0.000000e+00  0.000000e+00  0.000000e+00  0.000000e+00  0.000000e+00  0.000000e+00  0.000000e+00  0.000000e+00  0.000000e+00  0.000000e+00  0.000000e+00  0.000000e+00  0.000000e+00  3.320110e-05
7.511370e+04  0.000000e+00  0.000000e+00  0.000000e+00  0.000000e+00  0.000000e+00  0.000000e+00  0.000000e+00  0.000000e+00  0.000000e+00  0.000000e+00  0.000000e+00  0.000000e+00  0.000000e+00  0.000000e+00  0.000000e+00  6.933925e-05
8.427896e+04  0.000000e+00  0.000000e+00  0.000000e+00  0.000000e+00  0.000000e+00  0.000000e+00  0.000000e+00  0.000000e+00  0.000000e+00  0.000000e+00  0.000000e+00  0.000000e+00  0.000000e+00  0.000000e+00  0.000000e+00  0.000000e+00
9.456255e+04  0.000000e+00  0.000000e+00  0.000000e+00  0.000000e+00  0.000000e+00  0.000000e+00  0.000000e+00  0.000000e+00  0.000000e+00  0.000000e+00  0.000000e+00  0.000000e+00  0.000000e+00  0.000000e+00  0.000000e+00  0.000000e+00
1.061009e+05  0.000000e+00  0.000000e+00  0.000000e+00  0.000000e+00  0.000000e+00  0.000000e+00  0.000000e+00  0.000000e+00  0.000000e+00  0.000000e+00  0.000000e+00  0.000000e+00  0.000000e+00  0.000000e+00  0.000000e+00  0.000000e+00
1.190472e+05  0.000000e+00  0.000000e+00  0.000000e+00  0.000000e+00  0.000000e+00  0.000000e+00  0.000000e+00  0.000000e+00  0.000000e+00  0.000000e+00  0.000000e+00  0.000000e+00  0.000000e+00  0.000000e+00  0.000000e+00  0.000000e+00
1.335731e+05  0.000000e+00  0.000000e+00  0.000000e+00  0.000000e+00  0.000000e+00  0.000000e+00  0.000000e+00  0.000000e+00  0.000000e+00  0.000000e+00  0.000000e+00  0.000000e+00  0.000000e+00  0.000000e+00  0.000000e+00  0.000000e+00
1.498715e+05  0.000000e+00  0.000000e+00  0.000000e+00  0.000000e+00  0.000000e+00  0.000000e+00  0.000000e+00  0.000000e+00  0.000000e+00  0.000000e+00  0.000000e+00  0.000000e+00  0.000000e+00  0.000000e+00  0.000000e+00  0.000000e+00
1.681586e+05  0.000000e+00  0.000000e+00  0.000000e+00  0.000000e+00  0.000000e+00  0.000000e+00  0.000000e+00  0.000000e+00  0.000000e+00  0.000000e+00  0.000000e+00  0.000000e+00  0.000000e+00  0.000000e+00  0.000000e+00  0.000000e+00
1.886771e+05  0.000000e+00  0.000000e+00  0.000000e+00  0.000000e+00  0.000000e+00  0.000000e+00  0.000000e+00  0.000000e+00  0.000000e+00  0.000000e+00  0.000000e+00  0.000000e+00  0.000000e+00  0.000000e+00  0.000000e+00  0.000000e+00
2.116992e+05  0.000000e+00  0.000000e+00  0.000000e+00  0.000000e+00  0.000000e+00  0.000000e+00  0.000000e+00  0.000000e+00  0.000000e+00  0.000000e+00  0.000000e+00  0.000000e+00  0.000000e+00  0.000000e+00  0.000000e+00  0.000000e+00
2.375304e+05  0.000000e+00  0.000000e+00  0.000000e+00  0.000000e+00  0.000000e+00  0.000000e+00  0.000000e+00  0.000000e+00  0.000000e+00  0.000000e+00  0.000000e+00  0.000000e+00  0.000000e+00  0.000000e+00  0.000000e+00  0.000000e+00
2.665135e+05  0.000000e+00  0.000000e+00  0.000000e+00  0.000000e+00  0.000000e+00  0.000000e+00  0.000000e+00  0.000000e+00  0.000000e+00  0.000000e+00  0.000000e+00  0.000000e+00  0.000000e+00  0.000000e+00  0.000000e+00  0.000000e+00
2.990330e+05  0.000000e+00  0.000000e+00  0.000000e+00  0.000000e+00  0.000000e+00  0.000000e+00  0.000000e+00  0.000000e+00  0.000000e+00  0.000000e+00  0.000000e+00  0.000000e+00  0.000000e+00  0.000000e+00  0.000000e+00  0.000000e+00
3.355206e+05  0.000000e+00  0.000000e+00  0.000000e+00  0.000000e+00  0.000000e+00  0.000000e+00  0.000000e+00  0.000000e+00  0.000000e+00  0.000000e+00  0.000000e+00  0.000000e+00  0.000000e+00  0.000000e+00  0.000000e+00  0.000000e+00
3.764603e+05  0.000000e+00  0.000000e+00  0.000000e+00  0.000000e+00  0.000000e+00  0.000000e+00  0.000000e+00  0.000000e+00  0.000000e+00  0.000000e+00  0.000000e+00  0.000000e+00  0.000000e+00  0.000000e+00  0.000000e+00  0.000000e+00
4.223954e+05  0.000000e+00  0.000000e+00  0.000000e+00  0.000000e+00  0.000000e+00  0.000000e+00  0.000000e+00  0.000000e+00  0.000000e+00  0.000000e+00  0.000000e+00  0.000000e+00  0.000000e+00  0.000000e+00  0.000000e+00  0.000000e+00
4.739354e+05  0.000000e+00  0.000000e+00  0.000000e+00  0.000000e+00  0.000000e+00  0.000000e+00  0.000000e+00  0.000000e+00  0.000000e+00  0.000000e+00  0.000000e+00  0.000000e+00  0.000000e+00  0.000000e+00  0.000000e+00  0.000000e+00
5.317643e+05  0.000000e+00  0.000000e+00  0.000000e+00  0.000000e+00  0.000000e+00  0.000000e+00  0.000000e+00  0.000000e+00  0.000000e+00  0.000000e+00  0.000000e+00  0.000000e+00  0.000000e+00  0.000000e+00  0.000000e+00  0.000000e+00
5.966493e+05  0.000000e+00  0.000000e+00  0.000000e+00  0.000000e+00  0.000000e+00  0.000000e+00  0.000000e+00  0.000000e+00  0.000000e+00  0.000000e+00  0.000000e+00  0.000000e+00  0.000000e+00  0.000000e+00  0.000000e+00  0.000000e+00
6.694516e+05  0.000000e+00  0.000000e+00  0.000000e+00  0.000000e+00  0.000000e+00  0.000000e+00  0.000000e+00  0.000000e+00  0.000000e+00  0.000000e+00  0.000000e+00  0.000000e+00  0.000000e+00  0.000000e+00  0.000000e+00  0.000000e+00
7.511370e+05  0.000000e+00  0.000000e+00  0.000000e+00  0.000000e+00  0.000000e+00  0.000000e+00  0.000000e+00  0.000000e+00  0.000000e+00  0.000000e+00  0.000000e+00  0.000000e+00  0.000000e+00  0.000000e+00  0.000000e+00  0.000000e+00
8.427896e+05  0.000000e+00  0.000000e+00  0.000000e+00  0.000000e+00  0.000000e+00  0.000000e+00  0.000000e+00  0.000000e+00  0.000000e+00  0.000000e+00  0.000000e+00  0.000000e+00  0.000000e+00  0.000000e+00  0.000000e+00  0.000000e+00
9.456255e+05  0.000000e+00  0.000000e+00  0.000000e+00  0.000000e+00  0.000000e+00  0.000000e+00  0.000000e+00  0.000000e+00  0.000000e+00  0.000000e+00  0.000000e+00  0.000000e+00  0.000000e+00  0.000000e+00  0.000000e+00  0.000000e+00
