# dR/dEr [1/keV/kg/Myr]
# Er [keV], S, F, Ne, Cl, Na, Si, O, P, N, C, Al, Mg, Be, B, Ar, Li
1.061009e+01  1.135488e-02  1.122118e-02  0.000000e+00  0.000000e+00  7.229157e-03  0.000000e+00  5.660737e-04  0.000000e+00  0.000000e+00  0.000000e+00  0.000000e+00  0.000000e+00  3.473588e-03  0.000000e+00  0.000000e+00  0.000000e+00
1.190472e+01  1.788086e-03  3.053714e-03  0.000000e+00  0.000000e+00  5.760953e-04  0.000000e+00  0.000000e+00  0.000000e+00  0.000000e+00  0.000000e+00  0.000000e+00  0.000000e+00  0.000000e+00  0.000000e+00  0.000000e+00  0.000000e+00
1.335731e+01  2.799649e-03  2.484765e-03  0.000000e+00  0.000000e+00  0.000000e+00  0.000000e+00  0.000000e+00  0.000000e+00  0.000000e+00  0.000000e+00  0.000000e+00  0.000000e+00  0.000000e+00  0.000000e+00  0.000000e+00  0.000000e+00
1.498715e+01  6.587610e-04  2.604727e-03  0.000000e+00  0.000000e+00  1.971037e-03  0.000000e+00  1.038618e-04  0.000000e+00  0.000000e+00  0.000000e+00  0.000000e+00  0.000000e+00  0.000000e+00  0.000000e+00  0.000000e+00  0.000000e+00
1.681586e+01  1.629882e-03  1.377197e-03  2.324780e-04  0.000000e+00  4.707064e-04  9.256690e-05  0.000000e+00  0.000000e+00  0.000000e+00  0.000000e+00  0.000000e+00  0.000000e+00  0.000000e+00  0.000000e+00  0.000000e+00  0.000000e+00
1.886771e+01  1.108411e-03  1.256552e-03  0.000000e+00  0.000000e+00  2.071963e-04  0.000000e+00  0.000000e+00  0.000000e+00  0.000000e+00  0.000000e+00  0.000000e+00  0.000000e+00  0.000000e+00  0.000000e+00  0.000000e+00  0.000000e+00
2.116992e+01  2.015740e-03  2.315165e-03  0.000000e+00  0.000000e+00  2.269228e-04  0.000000e+00  9.759238e-05  0.000000e+00  0.000000e+00  0.000000e+00  1.596440e-03  0.000000e+00  0.000000e+00  0.000000e+00  0.000000e+00  0.000000e+00
2.375304e+01  3.342500e-03  4.133743e-04  5.653378e-04  0.000000e+00  1.322276e-03  0.000000e+00  1.645818e-04  0.000000e+00  0.000000e+00  0.000000e+00  0.000000e+00  0.000000e+00  0.000000e+00  0.000000e+00  0.000000e+00  0.000000e+00
2.665135e+01  3.029563e-03  3.334907e-03  7.752038e-05  9.617121e-04  1.214733e-04  0.000000e+00  0.000000e+00  8.814174e-04  0.000000e+00  0.000000e+00  0.000000e+00  0.000000e+00  0.000000e+00  0.000000e+00  0.000000e+00  0.000000e+00
2.990330e+01  3.604990e-03  1.043148e-03  9.122724e-05  0.000000e+00  2.266910e-03  0.000000e+00  1.211443e-04  0.000000e+00  0.000000e+00  0.000000e+00  1.133899e-03  0.000000e+00  1.036935e-03  0.000000e+00  0.000000e+00  0.000000e+00
3.355206e+01  3.767039e-03  1.473433e-03  1.079167e-04  0.000000e+00  2.047553e-04  0.000000e+00  6.640686e-04  0.000000e+00  0.000000e+00  0.000000e+00  1.216877e-03  0.000000e+00  2.865125e-03  0.000000e+00  0.000000e+00  0.000000e+00
3.764603e+01  6.174011e-03  3.702923e-03  1.385138e-04  5.488023e-05  1.988896e-03  0.000000e+00  6.994568e-04  0.000000e+00  0.000000e+00  0.000000e+00  0.000000e+00  0.000000e+00  2.608760e-04  0.000000e+00  0.000000e+00  0.000000e+00
4.223954e+01  4.820575e-03  2.372135e-03  7.958349e-04  0.000000e+00  8.252749e-04  0.000000e+00  3.062091e-04  0.000000e+00  0.000000e+00  0.000000e+00  1.404674e-03  0.000000e+00  2.082291e-03  0.000000e+00  0.000000e+00  0.000000e+00
4.739354e+01  5.232903e-03  1.738178e-03  4.359291e-05  1.199921e-04  7.078611e-04  0.000000e+00  1.563017e-04  0.000000e+00  0.000000e+00  0.000000e+00  0.000000e+00  0.000000e+00  2.194570e-03  0.000000e+00  0.000000e+00  0.000000e+00
5.317643e+01  5.005190e-03  8.497461e-04  1.069767e-04  0.000000e+00  2.118352e-03  0.000000e+00  2.067098e-04  0.000000e+00  0.000000e+00  0.000000e+00  6.355542e-04  0.000000e+00  0.000000e+00  0.000000e+00  0.000000e+00  0.000000e+00
5.966493e+01  5.757966e-03  3.231492e-03  1.197813e-04  6.071598e-05  1.391015e-03  0.000000e+00  1.887648e-03  0.000000e+00  0.000000e+00  0.000000e+00  5.465060e-04  0.000000e+00  5.238852e-04  0.000000e+00  0.000000e+00  0.000000e+00
6.694516e+01  6.837175e-03  3.025916e-03  2.030625e-04  0.000000e+00  8.296883e-04  0.000000e+00  4.412603e-04  0.000000e+00  4.929557e-04  0.000000e+00  2.787362e-04  0.000000e+00  6.025047e-03  0.000000e+00  0.000000e+00  0.000000e+00
7.511370e+01  7.746404e-03  3.001030e-03  6.219680e-04  6.892776e-05  6.999482e-04  0.000000e+00  1.603648e-04  0.000000e+00  0.000000e+00  0.000000e+00  4.475308e-04  0.000000e+00  2.234018e+00  0.000000e+00  0.000000e+00  0.000000e+00
8.427896e+01  8.119291e-03  2.915118e-03  1.159286e-04  5.458892e-04  7.419227e-04  0.000000e+00  6.690484e-04  0.000000e+00  0.000000e+00  0.000000e+00  0.000000e+00  0.000000e+00  2.658470e+00  0.000000e+00  0.000000e+00  0.000000e+00
9.456255e+01  8.885779e-03  2.176470e-03  3.412335e-04  7.975518e-05  1.694271e-03  0.000000e+00  1.834880e-04  0.000000e+00  3.645316e-04  0.000000e+00  1.554571e-05  0.000000e+00  2.041458e+00  0.000000e+00  0.000000e+00  0.000000e+00
1.061009e+02  9.021654e-03  3.624451e-03  6.766411e-04  3.956646e-05  1.082169e-03  0.000000e+00  3.737453e-04  0.000000e+00  0.000000e+00  3.073229e-04  3.415983e-04  0.000000e+00  1.498041e+00  0.000000e+00  0.000000e+00  0.000000e+00
1.190472e+02  9.211572e-03  4.705389e-03  3.298633e-04  2.615409e-04  2.171299e-03  0.000000e+00  2.893422e-04  0.000000e+00  1.307542e-05  1.567449e-04  1.303951e+00  0.000000e+00  1.136657e+00  0.000000e+00  3.071485e-04  0.000000e+00
1.335731e+02  1.081822e-02  4.471413e-03  6.732254e-04  3.903848e-05  1.438099e-03  0.000000e+00  2.008429e-04  0.000000e+00  0.000000e+00  0.000000e+00  1.113152e+00  0.000000e+00  8.521422e-01  0.000000e+00  0.000000e+00  0.000000e+00
1.498715e+02  2.394997e-02  4.905973e-03  1.772279e-04  8.228822e-05  7.370348e-04  0.000000e+00  9.155269e-04  0.000000e+00  1.964679e-04  2.796962e-04  8.368016e-01  0.000000e+00  6.407567e-01  0.000000e+00  0.000000e+00  0.000000e+00
1.681586e+02  3.362032e-02  6.868229e-03  3.252023e-04  4.707064e-05  1.091366e-03  8.741996e-06  8.286928e-04  0.000000e+00  2.657109e-04  0.000000e+00  6.533052e-01  0.000000e+00  4.554196e-01  0.000000e+00  0.000000e+00  0.000000e+00
1.886771e+02  2.156679e-02  5.338910e-03  3.632763e-04  4.466124e-05  1.432520e-03  1.920008e-05  8.757515e-04  1.451112e-05  1.451112e-05  0.000000e+00  4.795907e-01  0.000000e+00  3.265952e-01  0.000000e+00  0.000000e+00  0.000000e+00
2.116992e+02  1.088288e-02  7.306307e-03  3.563554e-04  2.402063e-04  9.960098e-04  1.293305e-05  4.569122e-04  0.000000e+00  0.000000e+00  6.944015e-06  3.790292e-01  0.000000e+00  2.316688e-01  0.000000e+00  2.463162e-05  0.000000e+00
2.375304e+02  7.780625e-03  2.649796e-02  5.556078e-04  2.300186e-04  1.488423e-03  4.931595e-06  8.086197e-04  6.528762e-05  0.000000e+00  6.553234e-06  2.800533e-01  0.000000e+00  1.761814e-01  0.000000e+00  2.641869e-05  0.000000e+00
2.665135e+02  6.832413e-03  2.259088e-02  6.597288e-04  2.306398e-04  1.718255e-03  1.358591e-05  5.723161e-04  0.000000e+00  1.027308e-05  9.850924e-05  2.014612e-01  0.000000e+00  1.151932e-01  0.000000e+00  0.000000e+00  0.000000e+00
2.990330e+02  5.666131e-03  4.769935e-03  2.549828e-04  1.446230e-04  1.446187e-03  9.595200e-05  7.678342e-04  9.258738e-06  3.284234e-05  1.152750e-04  1.569386e-01  0.000000e+00  8.411669e-02  0.000000e+00  0.000000e+00  0.000000e+00
3.355206e+02  4.997423e-03  4.979658e-03  2.716890e-04  2.314287e-04  1.293214e-03  8.160200e-06  4.145044e-04  6.982604e-06  6.157663e-06  1.320067e-04  1.148691e-01  9.316142e-05  6.078538e-02  0.000000e+00  0.000000e+00  7.796054e-05
3.764603e+02  3.768506e-03  3.629175e-03  5.857394e-04  2.704034e-04  1.069399e-03  2.734690e-04  4.523565e-04  0.000000e+00  9.618084e-06  0.000000e+00  7.706486e-02  0.000000e+00  4.267411e-02  0.000000e+00  0.000000e+00  0.000000e+00
4.223954e+02  2.524230e-03  3.573483e-03  2.467993e-04  2.139467e-04  1.202781e-03  1.144589e-05  4.569205e-04  1.520860e-04  1.303656e-05  5.652177e-05  5.570854e-02  0.000000e+00  2.369876e-02  0.000000e+00  1.234505e-05  0.000000e+00
4.739354e+02  2.369342e-03  3.090521e-03  4.005389e-04  2.474376e-04  9.604241e-04  7.316033e-05  8.136445e-04  5.324291e-05  4.956574e-05  0.000000e+00  3.806672e-02  0.000000e+00  1.713755e-02  4.956574e-05  0.000000e+00  0.000000e+00
5.317643e+02  2.140438e-03  3.109057e-03  6.895474e-04  1.307850e-04  7.630280e-04  3.261064e-05  3.584770e-04  9.746725e-05  5.541234e-05  1.169039e-04  3.278539e-02  0.000000e+00  1.203288e-02  2.764462e-06  1.180080e-05  0.000000e+00
5.966493e+02  2.069079e-03  2.697368e-03  5.830530e-04  5.343570e-04  7.335987e-04  9.021536e-05  6.568004e-04  6.655389e-05  5.213574e-05  5.196986e-05  2.139879e-02  0.000000e+00  7.953867e-03  0.000000e+00  1.646016e-05  0.000000e+00
6.694516e+02  1.614858e-03  2.555464e-03  7.920175e-04  5.226059e-04  8.468249e-04  4.432321e-05  5.469188e-04  2.896182e-05  1.124823e-05  5.162075e-05  1.453949e-02  0.000000e+00  4.994992e-03  0.000000e+00  0.000000e+00  0.000000e+00
7.511370e+02  1.330066e-03  1.713047e-03  4.861024e-04  3.464290e-04  5.891596e-04  1.109656e-04  4.204804e-04  5.724579e-05  5.787021e-05  4.317319e-05  9.549591e-03  0.000000e+00  3.835444e-03  0.000000e+00  0.000000e+00  0.000000e+00
8.427896e+02  1.186407e-03  1.694638e-03  4.886320e-04  2.227770e-04  6.882466e-04  8.936909e-06  4.066114e-04  6.747650e-06  4.814937e-05  1.214411e-04  5.452816e-03  0.000000e+00  2.104794e-03  0.000000e+00  1.888621e-05  0.000000e+00
9.456255e+02  9.665069e-04  1.330870e-03  5.637383e-04  2.365649e-04  6.598489e-04  6.117384e-05  3.737176e-04  3.260622e-05  0.000000e+00  1.180399e-04  4.591183e-03  2.710473e-05  1.292466e-03  0.000000e+00  0.000000e+00  0.000000e+00
1.061009e+03  9.115327e-04  9.204530e-04  6.096903e-04  4.058809e-04  5.312697e-04  4.521034e-05  3.978451e-04  4.339535e-05  8.820356e-05  5.200716e-05  3.354920e-03  0.000000e+00  6.823440e-04  5.526052e-05  2.946023e-05  0.000000e+00
1.190472e+03  6.769366e-04  7.697952e-04  5.007312e-04  3.705322e-04  2.502677e-04  3.458735e-05  2.850273e-04  1.396923e-04  3.356578e-05  1.814857e-04  2.219778e-03  0.000000e+00  3.645439e-04  0.000000e+00  0.000000e+00  0.000000e+00
1.335731e+03  6.358002e-04  8.602570e-04  4.561779e-04  3.035120e-04  2.333835e-04  9.346481e-05  2.182499e-04  4.882797e-05  8.843717e-05  5.805739e-05  1.081188e-03  0.000000e+00  2.352805e-04  1.191639e-05  0.000000e+00  0.000000e+00
1.498715e+03  3.468973e-04  6.905390e-04  3.966066e-04  3.658320e-04  3.612254e-04  2.157313e-04  3.175182e-04  9.773401e-05  9.799326e-05  8.775565e-05  4.645814e-04  1.756956e-05  2.017082e-04  0.000000e+00  0.000000e+00  2.569785e-05
1.681586e+03  2.586593e-04  5.826056e-04  3.751837e-04  2.332710e-04  2.934693e-04  7.606124e-05  1.671681e-04  1.084194e-04  6.884850e-05  6.554200e-05  5.099153e-04  0.000000e+00  1.195318e-04  1.869296e-05  0.000000e+00  1.555517e-05
1.886771e+03  3.277009e-04  5.351130e-04  3.791829e-04  2.866983e-04  2.841000e-04  8.872972e-05  1.767040e-04  9.464368e-05  3.925557e-05  1.056988e-04  2.760093e-04  1.752932e-05  1.919060e-06  5.028306e-05  9.766710e-06  0.000000e+00
2.116992e+03  1.519068e-04  4.638619e-04  2.461675e-04  2.080543e-04  1.883977e-04  3.597832e-05  1.647321e-04  6.748108e-05  4.818791e-05  6.274225e-05  2.032271e-04  1.651773e-05  6.599837e-05  2.463162e-06  0.000000e+00  2.463162e-06
2.375304e+03  1.712593e-04  2.555842e-04  2.774277e-04  3.277247e-04  1.917218e-04  1.197835e-04  1.389486e-04  4.138095e-05  2.086300e-05  5.303415e-05  1.782593e-04  1.165606e-06  0.000000e+00  1.422829e-05  0.000000e+00  1.434650e-05
2.665135e+03  9.600899e-05  2.620739e-04  1.980314e-04  3.356501e-04  1.121456e-04  4.595520e-05  1.088407e-04  8.389502e-05  2.330829e-05  4.056734e-05  1.301239e-04  2.357315e-05  2.960537e-05  1.163460e-05  0.000000e+00  1.688163e-05
2.990330e+03  7.815423e-05  1.742335e-04  1.570477e-04  2.065443e-04  9.586369e-05  9.501006e-05  8.917499e-05  9.886096e-05  8.328509e-05  8.155401e-05  8.355622e-05  3.546745e-05  0.000000e+00  1.365359e-05  0.000000e+00  1.830401e-05
3.355206e+03  3.606567e-05  2.034669e-04  1.877061e-04  2.989810e-04  5.979172e-05  9.812434e-05  2.285577e-05  8.705676e-05  3.725115e-05  5.851100e-05  4.441323e-05  1.323476e-05  3.345193e-06  1.010588e-05  0.000000e+00  1.992288e-06
3.764603e+03  3.377200e-05  1.026619e-04  1.670701e-04  1.769535e-04  3.623292e-05  9.613612e-05  1.416360e-05  3.663745e-05  6.523118e-05  7.214698e-05  5.452549e-05  2.360061e-05  3.904906e-07  1.527039e-05  0.000000e+00  4.029202e-05
4.223954e+03  2.138438e-05  4.185923e-05  7.910891e-05  1.488996e-04  3.460871e-05  4.638663e-05  3.166088e-05  7.751944e-05  4.881446e-05  6.425576e-05  3.682240e-05  2.901281e-05  0.000000e+00  1.812675e-05  0.000000e+00  2.585907e-05
4.739354e+03  7.092886e-06  7.217931e-05  9.462062e-05  1.521694e-04  2.551275e-05  8.062719e-05  1.099228e-05  4.460222e-05  3.302318e-05  3.767962e-05  3.218329e-05  1.067455e-05  3.888197e-06  6.388257e-06  0.000000e+00  2.488617e-05
5.317643e+03  4.322461e-06  7.335821e-05  9.020359e-05  9.360621e-05  2.039682e-05  8.512179e-05  7.723459e-06  6.222777e-05  3.383400e-05  5.934607e-05  4.357594e-05  1.909628e-05  0.000000e+00  1.761529e-05  0.000000e+00  1.898979e-05
5.966493e+03  1.165611e-05  3.283285e-05  5.675335e-05  9.547956e-05  1.370593e-05  4.095296e-05  2.188885e-05  4.610549e-05  3.085430e-05  3.725043e-05  4.808992e-06  1.349861e-05  0.000000e+00  8.553565e-06  0.000000e+00  8.942439e-06
6.694516e+03  4.135726e-07  3.407735e-05  4.008559e-05  6.452084e-05  1.196345e-05  9.533548e-05  1.655922e-05  4.779719e-05  2.680236e-05  3.177460e-05  2.865896e-05  7.016950e-06  0.000000e+00  9.342234e-06  0.000000e+00  3.907283e-06
7.511370e+03  7.666956e-06  3.238322e-05  3.331878e-05  4.086963e-05  5.938986e-06  6.374513e-05  9.579794e-06  4.940984e-05  2.877354e-06  2.118568e-05  1.482382e-05  8.681358e-06  0.000000e+00  5.008774e-06  0.000000e+00  1.973213e-05
8.427896e+03  3.868966e-06  2.819283e-05  1.415975e-05  4.498408e-05  7.273472e-06  6.495189e-05  1.066928e-05  4.321286e-05  9.474612e-06  1.192843e-05  4.428161e-06  1.593995e-05  0.000000e+00  4.206491e-06  0.000000e+00  1.812508e-05
9.456255e+03  0.000000e+00  8.564215e-06  1.024463e-05  4.850506e-05  4.996912e-06  3.785069e-05  5.514332e-07  2.669189e-05  8.908825e-06  8.606572e-06  1.862866e-05  2.725237e-05  0.000000e+00  7.963720e-06  0.000000e+00  3.585702e-06
1.061009e+04  0.000000e+00  1.296758e-05  6.976728e-06  2.846288e-05  3.676782e-06  2.934318e-05  1.671198e-05  1.165148e-05  4.121383e-06  1.418130e-05  1.200113e-05  3.795718e-06  0.000000e+00  2.609467e-07  0.000000e+00  9.041974e-06
1.190472e+04  0.000000e+00  2.218507e-06  2.197227e-06  1.787087e-05  0.000000e+00  2.039540e-05  1.234840e-07  1.132365e-05  4.651380e-07  1.209781e-05  7.843402e-06  1.251481e-06  0.000000e+00  5.544187e-06  0.000000e+00  1.390811e-05
1.335731e+04  0.000000e+00  7.552026e-06  5.112475e-06  1.609680e-05  0.000000e+00  1.038121e-05  7.352484e-07  6.599926e-06  2.258153e-06  6.088994e-06  9.550084e-06  5.951537e-06  0.000000e+00  0.000000e+00  0.000000e+00  9.539770e-06
1.498715e+04  0.000000e+00  1.540180e-06  1.756956e-06  6.287757e-06  0.000000e+00  8.810586e-06  0.000000e+00  4.225918e-06  2.085624e-06  3.405236e-06  6.958617e-07  2.487231e-06  0.000000e+00  5.326670e-07  0.000000e+00  9.148967e-06
1.681586e+04  0.000000e+00  4.655988e-06  1.646462e-07  3.999764e-06  0.000000e+00  1.241231e-05  8.741996e-08  4.619101e-06  0.000000e+00  1.565889e-06  1.524211e-06  2.139546e-06  0.000000e+00  8.264866e-06  0.000000e+00  6.749448e-06
1.886771e+04  0.000000e+00  3.698107e-06  0.000000e+00  1.843464e-06  0.000000e+00  6.838924e-06  0.000000e+00  3.593847e-06  0.000000e+00  0.000000e+00  4.433079e-06  2.787376e-06  0.000000e+00  3.368707e-06  0.000000e+00  1.092975e-05
2.116992e+04  0.000000e+00  6.944015e-08  0.000000e+00  4.296577e-06  0.000000e+00  5.333505e-07  0.000000e+00  1.540263e-06  0.000000e+00  0.000000e+00  0.000000e+00  1.109639e-06  0.000000e+00  3.456627e-06  0.000000e+00  1.540263e-06
2.375304e+04  0.000000e+00  0.000000e+00  0.000000e+00  6.188860e-08  0.000000e+00  2.994186e-06  1.101222e-06  1.207964e-06  0.000000e+00  1.315940e-06  1.305424e-06  2.331212e-07  0.000000e+00  0.000000e+00  0.000000e+00  4.574628e-06
2.665135e+04  0.000000e+00  9.814651e-07  0.000000e+00  9.148334e-07  0.000000e+00  0.000000e+00  0.000000e+00  0.000000e+00  0.000000e+00  6.914301e-07  0.000000e+00  0.000000e+00  0.000000e+00  0.000000e+00  0.000000e+00  9.814651e-07
2.990330e+04  0.000000e+00  0.000000e+00  0.000000e+00  1.103590e-06  0.000000e+00  0.000000e+00  0.000000e+00  0.000000e+00  0.000000e+00  0.000000e+00  0.000000e+00  2.063110e-06  0.000000e+00  1.996455e-06  0.000000e+00  1.265894e-06
3.355206e+04  0.000000e+00  0.000000e+00  0.000000e+00  0.000000e+00  0.000000e+00  0.000000e+00  0.000000e+00  0.000000e+00  0.000000e+00  0.000000e+00  0.000000e+00  1.554150e-07  0.000000e+00  1.870300e-07  0.000000e+00  1.098445e-06
3.764603e+04  0.000000e+00  0.000000e+00  0.000000e+00  6.994568e-07  0.000000e+00  0.000000e+00  0.000000e+00  0.000000e+00  0.000000e+00  0.000000e+00  0.000000e+00  8.766130e-07  0.000000e+00  6.994568e-07  0.000000e+00  3.904906e-08
4.223954e+04  0.000000e+00  0.000000e+00  0.000000e+00  6.067993e-07  0.000000e+00  0.000000e+00  0.000000e+00  1.241882e-06  0.000000e+00  0.000000e+00  0.000000e+00  1.470220e-06  0.000000e+00  0.000000e+00  0.000000e+00  0.000000e+00
4.739354e+04  0.000000e+00  0.000000e+00  0.000000e+00  0.000000e+00  0.000000e+00  0.000000e+00  0.000000e+00  3.101777e-08  0.000000e+00  0.000000e+00  0.000000e+00  5.718282e-07  0.000000e+00  6.963184e-07  0.000000e+00  0.000000e+00
5.317643e+04  0.000000e+00  0.000000e+00  0.000000e+00  0.000000e+00  0.000000e+00  0.000000e+00  0.000000e+00  0.000000e+00  0.000000e+00  0.000000e+00  0.000000e+00  0.000000e+00  0.000000e+00  0.000000e+00  0.000000e+00  0.000000e+00
5.966493e+04  0.000000e+00  0.000000e+00  0.000000e+00  0.000000e+00  0.000000e+00  0.000000e+00  0.000000e+00  0.000000e+00  0.000000e+00  0.000000e+00  0.000000e+00  0.000000e+00  0.000000e+00  0.000000e+00  0.000000e+00  0.000000e+00
6.694516e+04  0.000000e+00  0.000000e+00  0.000000e+00  0.000000e+00  0.000000e+00  0.000000e+00  0.000000e+00  0.000000e+00  0.000000e+00  0.000000e+00  0.000000e+00  0.000000e+00  0.000000e+00  0.000000e+00  0.000000e+00  4.505607e-07
7.511370e+04  0.000000e+00  0.000000e+00  0.000000e+00  0.000000e+00  0.000000e+00  0.000000e+00  0.000000e+00  0.000000e+00  0.000000e+00  0.000000e+00  0.000000e+00  0.000000e+00  0.000000e+00  0.000000e+00  0.000000e+00  2.877354e-07
8.427896e+04  0.000000e+00  0.000000e+00  0.000000e+00  0.000000e+00  0.000000e+00  0.000000e+00  0.000000e+00  0.000000e+00  0.000000e+00  0.000000e+00  0.000000e+00  0.000000e+00  0.000000e+00  0.000000e+00  0.000000e+00  0.000000e+00
9.456255e+04  0.000000e+00  0.000000e+00  0.000000e+00  0.000000e+00  0.000000e+00  0.000000e+00  0.000000e+00  0.000000e+00  0.000000e+00  0.000000e+00  0.000000e+00  0.000000e+00  0.000000e+00  0.000000e+00  0.000000e+00  0.000000e+00
1.061009e+05  0.000000e+00  0.000000e+00  0.000000e+00  0.000000e+00  0.000000e+00  0.000000e+00  0.000000e+00  0.000000e+00  0.000000e+00  0.000000e+00  0.000000e+00  0.000000e+00  0.000000e+00  0.000000e+00  0.000000e+00  0.000000e+00
1.190472e+05  0.000000e+00  0.000000e+00  0.000000e+00  0.000000e+00  0.000000e+00  0.000000e+00  0.000000e+00  0.000000e+00  0.000000e+00  0.000000e+00  0.000000e+00  0.000000e+00  0.000000e+00  0.000000e+00  0.000000e+00  0.000000e+00
1.335731e+05  0.000000e+00  0.000000e+00  0.000000e+00  0.000000e+00  0.000000e+00  0.000000e+00  0.000000e+00  0.000000e+00  0.000000e+00  0.000000e+00  0.000000e+00  0.000000e+00  0.000000e+00  0.000000e+00  0.000000e+00  0.000000e+00
1.498715e+05  0.000000e+00  0.000000e+00  0.000000e+00  0.000000e+00  0.000000e+00  0.000000e+00  0.000000e+00  0.000000e+00  0.000000e+00  0.000000e+00  0.000000e+00  0.000000e+00  0.000000e+00  0.000000e+00  0.000000e+00  0.000000e+00
1.681586e+05  0.000000e+00  0.000000e+00  0.000000e+00  0.000000e+00  0.000000e+00  0.000000e+00  0.000000e+00  0.000000e+00  0.000000e+00  0.000000e+00  0.000000e+00  0.000000e+00  0.000000e+00  0.000000e+00  0.000000e+00  0.000000e+00
1.886771e+05  0.000000e+00  0.000000e+00  0.000000e+00  0.000000e+00  0.000000e+00  0.000000e+00  0.000000e+00  0.000000e+00  0.000000e+00  0.000000e+00  0.000000e+00  0.000000e+00  0.000000e+00  0.000000e+00  0.000000e+00  0.000000e+00
2.116992e+05  0.000000e+00  0.000000e+00  0.000000e+00  0.000000e+00  0.000000e+00  0.000000e+00  0.000000e+00  0.000000e+00  0.000000e+00  0.000000e+00  0.000000e+00  0.000000e+00  0.000000e+00  0.000000e+00  0.000000e+00  0.000000e+00
2.375304e+05  0.000000e+00  0.000000e+00  0.000000e+00  0.000000e+00  0.000000e+00  0.000000e+00  0.000000e+00  0.000000e+00  0.000000e+00  0.000000e+00  0.000000e+00  0.000000e+00  0.000000e+00  0.000000e+00  0.000000e+00  0.000000e+00
2.665135e+05  0.000000e+00  0.000000e+00  0.000000e+00  0.000000e+00  0.000000e+00  0.000000e+00  0.000000e+00  0.000000e+00  0.000000e+00  0.000000e+00  0.000000e+00  0.000000e+00  0.000000e+00  0.000000e+00  0.000000e+00  0.000000e+00
2.990330e+05  0.000000e+00  0.000000e+00  0.000000e+00  0.000000e+00  0.000000e+00  0.000000e+00  0.000000e+00  0.000000e+00  0.000000e+00  0.000000e+00  0.000000e+00  0.000000e+00  0.000000e+00  0.000000e+00  0.000000e+00  0.000000e+00
3.355206e+05  0.000000e+00  0.000000e+00  0.000000e+00  0.000000e+00  0.000000e+00  0.000000e+00  0.000000e+00  0.000000e+00  0.000000e+00  0.000000e+00  0.000000e+00  0.000000e+00  0.000000e+00  0.000000e+00  0.000000e+00  0.000000e+00
3.764603e+05  0.000000e+00  0.000000e+00  0.000000e+00  0.000000e+00  0.000000e+00  0.000000e+00  0.000000e+00  0.000000e+00  0.000000e+00  0.000000e+00  0.000000e+00  0.000000e+00  0.000000e+00  0.000000e+00  0.000000e+00  0.000000e+00
4.223954e+05  0.000000e+00  0.000000e+00  0.000000e+00  0.000000e+00  0.000000e+00  0.000000e+00  0.000000e+00  0.000000e+00  0.000000e+00  0.000000e+00  0.000000e+00  0.000000e+00  0.000000e+00  0.000000e+00  0.000000e+00  0.000000e+00
4.739354e+05  0.000000e+00  0.000000e+00  0.000000e+00  0.000000e+00  0.000000e+00  0.000000e+00  0.000000e+00  0.000000e+00  0.000000e+00  0.000000e+00  0.000000e+00  0.000000e+00  0.000000e+00  0.000000e+00  0.000000e+00  0.000000e+00
5.317643e+05  0.000000e+00  0.000000e+00  0.000000e+00  0.000000e+00  0.000000e+00  0.000000e+00  0.000000e+00  0.000000e+00  0.000000e+00  0.000000e+00  0.000000e+00  0.000000e+00  0.000000e+00  0.000000e+00  0.000000e+00  0.000000e+00
5.966493e+05  0.000000e+00  0.000000e+00  0.000000e+00  0.000000e+00  0.000000e+00  0.000000e+00  0.000000e+00  0.000000e+00  0.000000e+00  0.000000e+00  0.000000e+00  0.000000e+00  0.000000e+00  0.000000e+00  0.000000e+00  0.000000e+00
6.694516e+05  0.000000e+00  0.000000e+00  0.000000e+00  0.000000e+00  0.000000e+00  0.000000e+00  0.000000e+00  0.000000e+00  0.000000e+00  0.000000e+00  0.000000e+00  0.000000e+00  0.000000e+00  0.000000e+00  0.000000e+00  0.000000e+00
7.511370e+05  0.000000e+00  0.000000e+00  0.000000e+00  0.000000e+00  0.000000e+00  0.000000e+00  0.000000e+00  0.000000e+00  0.000000e+00  0.000000e+00  0.000000e+00  0.000000e+00  0.000000e+00  0.000000e+00  0.000000e+00  0.000000e+00
8.427896e+05  0.000000e+00  0.000000e+00  0.000000e+00  0.000000e+00  0.000000e+00  0.000000e+00  0.000000e+00  0.000000e+00  0.000000e+00  0.000000e+00  0.000000e+00  0.000000e+00  0.000000e+00  0.000000e+00  0.000000e+00  0.000000e+00
9.456255e+05  0.000000e+00  0.000000e+00  0.000000e+00  0.000000e+00  0.000000e+00  0.000000e+00  0.000000e+00  0.000000e+00  0.000000e+00  0.000000e+00  0.000000e+00  0.000000e+00  0.000000e+00  0.000000e+00  0.000000e+00  0.000000e+00
