# dR/dEr [1/keV/kg/Myr]
# Er [keV], S, F, Ne, Cl, Na, Si, O, P, N, C, Al, Mg, Be, B, Ar, Li
1.061009e+01  5.711853e-02  5.578770e-02  0.000000e+00  0.000000e+00  3.961895e-02  0.000000e+00  4.502188e-03  0.000000e+00  0.000000e+00  0.000000e+00  0.000000e+00  0.000000e+00  7.305190e-03  0.000000e+00  0.000000e+00  0.000000e+00
1.190472e+01  1.211217e-02  1.614149e-02  0.000000e+00  0.000000e+00  3.899684e-03  0.000000e+00  0.000000e+00  0.000000e+00  0.000000e+00  0.000000e+00  0.000000e+00  0.000000e+00  0.000000e+00  0.000000e+00  0.000000e+00  0.000000e+00
1.335731e+01  1.987279e-02  7.306487e-03  0.000000e+00  0.000000e+00  0.000000e+00  0.000000e+00  0.000000e+00  0.000000e+00  0.000000e+00  0.000000e+00  0.000000e+00  0.000000e+00  0.000000e+00  0.000000e+00  0.000000e+00  0.000000e+00
1.498715e+01  4.462549e-03  1.515914e-02  0.000000e+00  0.000000e+00  6.173161e-03  0.000000e+00  7.057158e-04  0.000000e+00  0.000000e+00  0.000000e+00  0.000000e+00  0.000000e+00  0.000000e+00  0.000000e+00  0.000000e+00  0.000000e+00
1.681586e+01  1.104126e-02  8.902360e-03  1.576043e-03  0.000000e+00  3.184506e-03  6.289699e-04  0.000000e+00  0.000000e+00  0.000000e+00  0.000000e+00  0.000000e+00  0.000000e+00  0.000000e+00  0.000000e+00  0.000000e+00  0.000000e+00
1.886771e+01  7.511458e-03  8.253834e-03  0.000000e+00  0.000000e+00  1.404650e-03  0.000000e+00  0.000000e+00  0.000000e+00  0.000000e+00  0.000000e+00  0.000000e+00  0.000000e+00  0.000000e+00  0.000000e+00  0.000000e+00  0.000000e+00
2.116992e+01  9.582282e-03  1.390879e-02  0.000000e+00  0.000000e+00  1.537502e-03  0.000000e+00  6.620427e-04  0.000000e+00  0.000000e+00  0.000000e+00  7.851916e-03  0.000000e+00  0.000000e+00  0.000000e+00  0.000000e+00  0.000000e+00
2.375304e+01  1.756597e-02  2.799065e-03  3.625444e-03  0.000000e+00  8.212703e-03  0.000000e+00  1.115753e-03  0.000000e+00  0.000000e+00  0.000000e+00  0.000000e+00  0.000000e+00  0.000000e+00  0.000000e+00  0.000000e+00  0.000000e+00
2.665135e+01  1.848952e-02  1.692025e-02  5.258792e-04  2.477007e-03  8.248930e-04  0.000000e+00  0.000000e+00  5.304591e-03  0.000000e+00  0.000000e+00  0.000000e+00  0.000000e+00  0.000000e+00  0.000000e+00  0.000000e+00  0.000000e+00
2.990330e+01  2.010130e-02  7.016198e-03  6.201921e-04  0.000000e+00  1.123423e-02  0.000000e+00  8.223861e-04  0.000000e+00  0.000000e+00  0.000000e+00  5.047556e-03  0.000000e+00  5.778577e-03  0.000000e+00  0.000000e+00  0.000000e+00
3.355206e+01  2.250129e-02  8.600131e-03  7.284243e-04  0.000000e+00  1.387819e-03  0.000000e+00  4.203248e-03  0.000000e+00  0.000000e+00  0.000000e+00  6.155001e-03  0.000000e+00  1.347824e-02  0.000000e+00  0.000000e+00  0.000000e+00
3.764603e+01  3.323541e-02  1.877106e-02  7.831858e-04  3.722940e-04  9.732238e-03  0.000000e+00  2.252315e-03  0.000000e+00  0.000000e+00  0.000000e+00  0.000000e+00  0.000000e+00  8.955637e-04  0.000000e+00  0.000000e+00  0.000000e+00
4.223954e+01  2.896784e-02  1.430637e-02  4.110520e-03  0.000000e+00  5.471502e-03  0.000000e+00  1.298967e-03  0.000000e+00  0.000000e+00  0.000000e+00  5.661417e-03  0.000000e+00  1.325570e-02  0.000000e+00  0.000000e+00  0.000000e+00
4.739354e+01  3.186144e-02  1.156776e-02  2.957236e-04  8.114085e-04  2.526034e-03  0.000000e+00  1.060554e-03  0.000000e+00  0.000000e+00  0.000000e+00  0.000000e+00  0.000000e+00  1.045742e-02  0.000000e+00  0.000000e+00  0.000000e+00
5.317643e+01  3.142624e-02  5.992153e-03  7.260256e-04  0.000000e+00  1.077050e-02  0.000000e+00  1.403015e-03  0.000000e+00  0.000000e+00  0.000000e+00  3.125904e-03  0.000000e+00  0.000000e+00  0.000000e+00  0.000000e+00  0.000000e+00
5.966493e+01  3.506788e-02  1.810201e-02  8.126556e-04  4.121694e-04  8.193873e-03  0.000000e+00  7.124614e-03  0.000000e+00  0.000000e+00  0.000000e+00  2.947619e-03  0.000000e+00  2.334672e-03  0.000000e+00  0.000000e+00  0.000000e+00
6.694516e+01  4.239259e-02  1.617693e-02  1.376799e-03  0.000000e+00  5.566607e-03  0.000000e+00  1.381999e-03  0.000000e+00  2.305543e-03  0.000000e+00  1.741537e-03  0.000000e+00  3.436682e-02  0.000000e+00  0.000000e+00  0.000000e+00
7.511370e+01  4.553814e-02  1.811346e-02  3.465139e-03  4.661840e-04  4.424494e-03  0.000000e+00  1.084077e-03  0.000000e+00  0.000000e+00  0.000000e+00  2.311515e-03  0.000000e+00  1.113421e+01  0.000000e+00  0.000000e+00  0.000000e+00
8.427896e+01  5.317891e-02  1.716739e-02  7.852125e-04  2.875622e-03  5.162069e-03  0.000000e+00  4.065217e-03  0.000000e+00  0.000000e+00  0.000000e+00  0.000000e+00  0.000000e+00  1.325840e+01  0.000000e+00  0.000000e+00  0.000000e+00
9.456255e+01  5.231385e-02  1.425146e-02  2.167344e-03  5.401949e-04  9.752143e-03  0.000000e+00  8.952496e-04  0.000000e+00  1.870652e-03  0.000000e+00  2.384523e-04  0.000000e+00  1.021271e+01  0.000000e+00  0.000000e+00  0.000000e+00
1.061009e+02  5.656448e-02  2.143187e-02  3.111570e-03  3.873147e-04  6.541015e-03  0.000000e+00  1.334356e-03  0.000000e+00  0.000000e+00  1.657568e-03  2.036405e-03  0.000000e+00  7.554211e+00  0.000000e+00  0.000000e+00  0.000000e+00
1.190472e+02  5.911046e-02  2.728230e-02  2.179436e-03  9.856553e-04  1.205083e-02  0.000000e+00  1.210606e-03  0.000000e+00  8.884436e-05  9.793384e-04  6.506949e+00  0.000000e+00  5.667255e+00  0.000000e+00  1.612877e-03  0.000000e+00
1.335731e+02  6.966738e-02  2.605953e-02  3.326342e-03  2.207318e-04  7.833517e-03  0.000000e+00  1.104681e-03  0.000000e+00  0.000000e+00  0.000000e+00  5.552440e+00  0.000000e+00  4.235731e+00  0.000000e+00  0.000000e+00  0.000000e+00
1.498715e+02  1.584285e-01  2.981071e-02  1.161827e-03  5.173343e-04  4.069269e-03  0.000000e+00  5.222202e-03  0.000000e+00  7.068990e-04  1.201888e-03  4.163813e+00  0.000000e+00  3.183665e+00  0.000000e+00  0.000000e+00  0.000000e+00
1.681586e+02  2.218565e-01  3.609341e-02  2.086744e-03  3.184506e-04  5.982896e-03  1.340916e-04  4.118341e-03  0.000000e+00  1.149054e-03  0.000000e+00  3.260685e+00  0.000000e+00  2.294365e+00  0.000000e+00  0.000000e+00  0.000000e+00
1.886771e+02  1.383453e-01  3.298469e-02  1.880025e-03  3.028500e-04  7.836207e-03  1.303394e-04  4.559278e-03  9.822819e-05  9.822819e-05  0.000000e+00  2.354131e+00  0.000000e+00  1.631925e+00  0.000000e+00  0.000000e+00  0.000000e+00
2.116992e+02  6.624676e-02  4.425998e-02  2.056006e-03  1.484625e-03  5.665460e-03  8.754596e-05  2.238040e-03  0.000000e+00  0.000000e+00  1.065127e-04  1.890253e+00  0.000000e+00  1.161218e+00  0.000000e+00  1.392723e-04  0.000000e+00
2.375304e+02  4.893745e-02  1.746037e-01  3.046287e-03  1.267410e-03  7.052848e-03  3.354991e-05  4.397685e-03  3.038346e-04  0.000000e+00  4.452766e-05  1.405110e+00  0.000000e+00  8.803372e-01  0.000000e+00  1.767673e-04  0.000000e+00
2.665135e+02  4.155132e-02  1.473636e-01  2.864807e-03  1.456036e-03  9.575649e-03  9.170319e-05  3.071288e-03  0.000000e+00  6.954023e-05  5.795918e-04  1.003302e+00  0.000000e+00  5.747254e-01  0.000000e+00  0.000000e+00  0.000000e+00
2.990330e+02  3.131128e-02  2.829306e-02  1.408113e-03  6.664906e-04  7.469061e-03  4.061583e-04  4.205851e-03  8.622499e-05  1.127448e-04  5.915520e-04  7.797121e-01  0.000000e+00  4.222457e-01  0.000000e+00  0.000000e+00  0.000000e+00
3.355206e+02  2.864823e-02  2.841418e-02  1.727138e-03  1.123285e-03  6.896591e-03  5.523777e-05  2.710780e-03  4.750303e-05  4.177207e-05  5.442381e-04  5.765943e-01  4.151700e-04  3.079832e-01  0.000000e+00  0.000000e+00  1.488778e-04
3.764603e+02  2.041687e-02  2.058535e-02  3.321918e-03  1.514616e-03  6.392196e-03  1.166323e-03  2.325887e-03  0.000000e+00  6.492088e-05  0.000000e+00  3.767680e-01  0.000000e+00  2.133302e-01  0.000000e+00  0.000000e+00  0.000000e+00
4.223954e+02  1.322753e-02  2.060558e-02  1.365065e-03  1.303872e-03  6.608683e-03  9.422335e-05  2.488789e-03  6.223739e-04  1.049195e-04  3.458166e-04  2.765296e-01  0.000000e+00  1.142176e-01  0.000000e+00  6.980151e-05  0.000000e+00
4.739354e+02  1.237986e-02  1.774776e-02  2.139650e-03  1.379063e-03  5.564090e-03  4.006556e-04  4.495158e-03  3.315940e-04  2.982991e-04  0.000000e+00  1.893899e-01  0.000000e+00  8.366115e-02  2.982991e-04  0.000000e+00  0.000000e+00
5.317643e+02  1.130208e-02  1.521911e-02  3.600817e-03  7.500058e-04  4.408618e-03  1.592237e-04  1.954156e-03  5.152002e-04  3.420546e-04  4.715875e-04  1.620655e-01  0.000000e+00  5.894940e-02  4.240348e-05  7.895905e-05  0.000000e+00
5.966493e+02  1.062338e-02  1.380154e-02  3.152758e-03  2.579709e-03  4.496001e-03  4.732899e-04  3.394559e-03  3.883526e-04  1.727688e-04  2.896149e-04  1.059475e-01  0.000000e+00  4.048570e-02  0.000000e+00  5.650625e-05  0.000000e+00
6.694516e+02  8.817308e-03  1.313116e-02  3.883385e-03  2.637033e-03  4.719323e-03  3.338088e-04  2.973065e-03  1.467399e-04  7.609612e-05  2.463533e-04  7.204019e-02  0.000000e+00  2.596258e-02  0.000000e+00  0.000000e+00  0.000000e+00
7.511370e+02  6.926114e-03  9.214767e-03  2.627388e-03  1.936640e-03  3.134257e-03  3.159159e-04  2.210953e-03  3.000533e-04  2.603538e-04  1.960590e-04  4.912577e-02  0.000000e+00  1.870771e-02  0.000000e+00  0.000000e+00  0.000000e+00
8.427896e+02  5.714536e-03  8.987744e-03  2.562191e-03  1.230009e-03  3.831230e-03  6.062556e-05  2.282890e-03  4.562885e-05  2.007435e-04  6.523040e-04  2.739964e-02  0.000000e+00  1.051979e-02  0.000000e+00  1.196273e-04  0.000000e+00
9.456255e+02  5.030926e-03  6.629680e-03  3.065285e-03  1.374641e-03  3.336991e-03  3.228032e-04  2.231404e-03  1.934950e-04  0.000000e+00  4.770451e-04  2.354183e-02  6.981155e-05  6.515777e-03  0.000000e+00  0.000000e+00  0.000000e+00
1.061009e+03  4.511445e-03  4.467952e-03  3.180730e-03  2.022251e-03  3.063151e-03  2.158423e-04  2.078695e-03  2.256460e-04  4.942167e-04  2.169677e-04  1.634042e-02  0.000000e+00  3.089594e-03  2.076895e-04  1.312883e-04  0.000000e+00
1.190472e+03  3.358423e-03  3.876791e-03  2.690993e-03  2.030981e-03  1.477420e-03  2.219474e-04  1.459302e-03  6.446100e-04  1.664969e-04  9.002966e-04  1.089066e-02  0.000000e+00  1.953233e-03  0.000000e+00  0.000000e+00  0.000000e+00
1.335731e+03  3.066722e-03  4.329768e-03  2.518924e-03  1.520630e-03  1.324982e-03  4.039984e-04  1.344191e-03  2.010462e-04  4.006402e-04  2.833695e-04  5.096077e-03  0.000000e+00  1.263357e-03  7.547970e-05  0.000000e+00  0.000000e+00
1.498715e+03  1.818208e-03  3.301032e-03  2.021426e-03  1.963660e-03  1.721884e-03  8.738061e-04  1.707338e-03  4.692840e-04  4.992804e-04  4.249637e-04  2.370205e-03  5.657558e-05  1.170555e-03  0.000000e+00  0.000000e+00  1.035348e-04
1.681586e+03  1.339542e-03  2.983758e-03  1.873251e-03  1.327796e-03  1.564309e-03  3.331425e-04  9.378919e-04  5.312992e-04  3.547339e-04  3.272898e-04  2.729810e-03  0.000000e+00  5.782954e-04  9.897107e-05  0.000000e+00  2.970502e-05
1.886771e+03  1.559138e-03  2.496221e-03  1.952236e-03  1.375680e-03  1.500895e-03  4.370269e-04  9.443636e-04  4.409944e-04  1.984155e-04  4.434267e-04  1.318239e-03  9.901252e-05  1.295342e-05  2.586250e-04  2.054005e-05  0.000000e+00
2.116992e+03  8.815216e-04  2.240250e-03  1.089004e-03  1.074954e-03  8.896108e-04  2.278717e-04  8.408678e-04  3.641766e-04  2.120918e-04  3.106066e-04  9.221850e-04  8.228353e-05  3.005231e-04  1.392723e-05  0.000000e+00  1.392723e-05
2.375304e+03  8.437552e-04  1.250297e-03  1.365925e-03  1.736997e-03  9.511021e-04  6.328640e-04  7.380554e-04  2.188075e-04  9.476472e-05  2.190069e-04  9.104213e-04  1.085508e-05  0.000000e+00  6.998028e-05  0.000000e+00  8.353380e-05
2.665135e+03  4.892505e-04  1.178778e-03  9.467165e-04  1.768452e-03  5.724738e-04  2.079060e-04  5.556120e-04  4.475815e-04  1.460021e-04  2.212102e-04  6.479370e-04  1.087663e-04  1.127079e-04  6.483670e-05  0.000000e+00  7.556023e-05
2.990330e+03  3.709967e-04  7.771058e-04  7.578657e-04  1.133115e-03  4.240024e-04  4.625900e-04  4.104609e-04  3.898275e-04  3.918405e-04  4.095912e-04  4.200176e-04  1.407434e-04  0.000000e+00  6.906025e-05  0.000000e+00  1.019188e-04
3.355206e+03  1.834004e-04  9.529180e-04  9.440196e-04  1.510839e-03  2.582353e-04  4.790622e-04  1.349168e-04  3.619554e-04  1.586697e-04  2.712708e-04  2.182489e-04  7.665740e-05  2.169873e-05  4.498639e-05  0.000000e+00  1.550799e-05
3.764603e+03  1.319393e-04  4.935388e-04  7.956340e-04  9.200727e-04  1.751730e-04  5.292057e-04  9.635947e-05  1.854988e-04  2.931817e-04  3.298254e-04  2.844620e-04  9.652727e-05  5.989650e-06  5.070529e-05  0.000000e+00  1.847204e-04
4.223954e+03  7.620356e-05  1.991503e-04  3.997566e-04  7.344610e-04  1.499784e-04  1.927569e-04  1.689050e-04  3.179254e-04  2.036070e-04  3.257722e-04  1.642339e-04  1.218622e-04  0.000000e+00  8.364265e-05  0.000000e+00  1.288725e-04
4.739354e+03  3.663505e-05  3.172642e-04  4.220747e-04  8.009991e-04  1.248531e-04  3.426585e-04  5.213351e-05  2.172485e-04  1.395415e-04  1.768993e-04  1.421762e-04  5.530888e-05  8.177142e-06  2.798901e-05  0.000000e+00  9.672958e-05
5.317643e+03  2.876242e-05  3.046282e-04  4.151063e-04  4.522512e-04  8.272438e-05  3.365978e-04  3.945366e-05  2.933192e-04  1.566001e-04  2.620141e-04  1.897495e-04  7.311508e-05  0.000000e+00  9.534479e-05  0.000000e+00  8.132849e-05
5.966493e+03  6.347308e-05  1.758705e-04  2.623817e-04  4.028574e-04  6.337912e-05  2.029241e-04  9.069440e-05  2.317626e-04  1.401766e-04  1.468417e-04  2.035614e-05  5.400450e-05  0.000000e+00  3.597153e-05  0.000000e+00  4.073301e-05
6.694516e+03  3.851529e-06  1.560455e-04  2.032973e-04  2.938725e-04  5.507803e-05  4.335619e-04  6.353549e-05  2.185452e-04  1.302884e-04  1.343029e-04  1.282122e-04  4.299615e-05  0.000000e+00  3.724872e-05  0.000000e+00  7.461564e-06
7.511370e+03  2.983328e-05  1.376252e-04  1.365717e-04  1.656471e-04  2.959185e-05  2.893812e-04  4.980484e-05  2.226992e-04  1.766841e-05  1.011666e-04  4.211534e-05  4.855437e-05  0.000000e+00  1.877870e-05  0.000000e+00  1.018568e-04
8.427896e+03  2.086755e-05  1.312934e-04  6.633502e-05  1.840980e-04  3.527859e-05  3.098472e-04  3.355813e-05  2.382945e-04  4.444752e-05  6.394839e-05  2.766705e-05  7.945496e-05  0.000000e+00  1.183332e-05  0.000000e+00  7.976254e-05
9.456255e+03  0.000000e+00  3.500957e-05  5.201312e-05  2.132559e-04  2.157869e-05  1.870785e-04  3.117919e-06  1.243430e-04  5.586292e-05  3.767792e-05  8.545864e-05  1.223628e-04  0.000000e+00  3.809557e-05  0.000000e+00  1.596177e-05
1.061009e+04  0.000000e+00  5.668484e-05  2.809269e-05  1.289731e-04  1.844548e-05  1.581387e-04  6.577397e-05  5.550800e-05  1.740353e-05  6.388609e-05  6.582225e-05  2.349664e-05  0.000000e+00  2.430150e-06  0.000000e+00  4.724129e-05
1.190472e+04  0.000000e+00  7.897904e-06  4.195946e-06  7.895467e-05  0.000000e+00  8.395554e-05  1.894094e-06  3.569107e-05  4.331747e-06  5.984410e-05  4.354064e-05  9.127806e-06  0.000000e+00  2.593004e-05  0.000000e+00  5.357885e-05
1.335731e+04  0.000000e+00  3.885418e-05  2.688791e-05  7.381686e-05  0.000000e+00  5.257137e-05  2.524041e-06  3.027816e-05  1.078087e-05  3.550394e-05  4.076872e-05  2.487956e-05  0.000000e+00  0.000000e+00  0.000000e+00  4.100036e-05
1.498715e+04  0.000000e+00  1.035971e-05  5.657558e-06  2.955049e-05  0.000000e+00  3.943381e-05  0.000000e+00  2.000488e-05  9.294498e-06  1.432052e-05  3.934548e-06  1.053416e-05  0.000000e+00  3.687688e-06  0.000000e+00  3.925943e-05
1.681586e+04  0.000000e+00  1.401040e-05  1.533321e-06  1.594786e-05  0.000000e+00  5.706363e-05  1.340916e-06  1.655558e-05  0.000000e+00  5.042304e-06  3.925792e-06  4.975419e-06  0.000000e+00  3.703717e-05  0.000000e+00  3.047649e-05
1.886771e+04  0.000000e+00  1.324434e-05  0.000000e+00  1.047491e-05  0.000000e+00  3.459847e-05  0.000000e+00  1.770193e-05  0.000000e+00  0.000000e+00  2.069639e-05  1.335347e-05  0.000000e+00  1.801429e-05  0.000000e+00  4.842842e-05
2.116992e+04  0.000000e+00  1.065127e-06  0.000000e+00  2.047960e-05  0.000000e+00  2.657690e-06  0.000000e+00  8.307519e-06  0.000000e+00  0.000000e+00  0.000000e+00  6.678084e-06  0.000000e+00  1.950795e-05  0.000000e+00  8.307519e-06
2.375304e+04  0.000000e+00  0.000000e+00  0.000000e+00  9.492956e-07  0.000000e+00  1.393669e-05  2.102954e-06  5.113230e-06  0.000000e+00  5.864432e-06  7.274798e-06  2.171017e-06  0.000000e+00  0.000000e+00  0.000000e+00  2.019512e-05
2.665135e+04  0.000000e+00  1.874260e-06  0.000000e+00  5.947095e-06  0.000000e+00  0.000000e+00  0.000000e+00  0.000000e+00  0.000000e+00  1.454124e-06  0.000000e+00  0.000000e+00  0.000000e+00  0.000000e+00  0.000000e+00  1.874260e-06
2.990330e+04  0.000000e+00  0.000000e+00  0.000000e+00  5.161468e-06  0.000000e+00  0.000000e+00  0.000000e+00  0.000000e+00  0.000000e+00  0.000000e+00  0.000000e+00  9.223051e-06  0.000000e+00  9.840160e-06  0.000000e+00  7.422566e-06
3.355206e+04  0.000000e+00  0.000000e+00  0.000000e+00  0.000000e+00  0.000000e+00  0.000000e+00  0.000000e+00  0.000000e+00  0.000000e+00  0.000000e+00  0.000000e+00  8.787489e-07  0.000000e+00  1.251417e-06  0.000000e+00  2.310104e-06
3.764603e+04  0.000000e+00  0.000000e+00  0.000000e+00  2.252315e-06  0.000000e+00  0.000000e+00  0.000000e+00  0.000000e+00  0.000000e+00  0.000000e+00  0.000000e+00  4.099900e-06  0.000000e+00  2.252315e-06  0.000000e+00  5.989650e-07
4.223954e+04  0.000000e+00  0.000000e+00  0.000000e+00  1.562886e-06  0.000000e+00  0.000000e+00  0.000000e+00  6.695431e-06  0.000000e+00  0.000000e+00  0.000000e+00  6.271843e-06  0.000000e+00  0.000000e+00  0.000000e+00  0.000000e+00
4.739354e+04  0.000000e+00  0.000000e+00  0.000000e+00  0.000000e+00  0.000000e+00  0.000000e+00  0.000000e+00  4.757748e-07  0.000000e+00  0.000000e+00  0.000000e+00  1.868698e-06  0.000000e+00  3.256666e-06  0.000000e+00  0.000000e+00
5.317643e+04  0.000000e+00  0.000000e+00  0.000000e+00  0.000000e+00  0.000000e+00  0.000000e+00  0.000000e+00  0.000000e+00  0.000000e+00  0.000000e+00  0.000000e+00  0.000000e+00  0.000000e+00  0.000000e+00  0.000000e+00  0.000000e+00
5.966493e+04  0.000000e+00  0.000000e+00  0.000000e+00  0.000000e+00  0.000000e+00  0.000000e+00  0.000000e+00  0.000000e+00  0.000000e+00  0.000000e+00  0.000000e+00  0.000000e+00  0.000000e+00  0.000000e+00  0.000000e+00  0.000000e+00
6.694516e+04  0.000000e+00  0.000000e+00  0.000000e+00  0.000000e+00  0.000000e+00  0.000000e+00  0.000000e+00  0.000000e+00  0.000000e+00  0.000000e+00  0.000000e+00  0.000000e+00  0.000000e+00  0.000000e+00  0.000000e+00  2.151065e-06
7.511370e+04  0.000000e+00  0.000000e+00  0.000000e+00  0.000000e+00  0.000000e+00  0.000000e+00  0.000000e+00  0.000000e+00  0.000000e+00  0.000000e+00  0.000000e+00  0.000000e+00  0.000000e+00  0.000000e+00  0.000000e+00  1.766841e-06
8.427896e+04  0.000000e+00  0.000000e+00  0.000000e+00  0.000000e+00  0.000000e+00  0.000000e+00  0.000000e+00  0.000000e+00  0.000000e+00  0.000000e+00  0.000000e+00  0.000000e+00  0.000000e+00  0.000000e+00  0.000000e+00  0.000000e+00
9.456255e+04  0.000000e+00  0.000000e+00  0.000000e+00  0.000000e+00  0.000000e+00  0.000000e+00  0.000000e+00  0.000000e+00  0.000000e+00  0.000000e+00  0.000000e+00  0.000000e+00  0.000000e+00  0.000000e+00  0.000000e+00  0.000000e+00
1.061009e+05  0.000000e+00  0.000000e+00  0.000000e+00  0.000000e+00  0.000000e+00  0.000000e+00  0.000000e+00  0.000000e+00  0.000000e+00  0.000000e+00  0.000000e+00  0.000000e+00  0.000000e+00  0.000000e+00  0.000000e+00  0.000000e+00
1.190472e+05  0.000000e+00  0.000000e+00  0.000000e+00  0.000000e+00  0.000000e+00  0.000000e+00  0.000000e+00  0.000000e+00  0.000000e+00  0.000000e+00  0.000000e+00  0.000000e+00  0.000000e+00  0.000000e+00  0.000000e+00  0.000000e+00
1.335731e+05  0.000000e+00  0.000000e+00  0.000000e+00  0.000000e+00  0.000000e+00  0.000000e+00  0.000000e+00  0.000000e+00  0.000000e+00  0.000000e+00  0.000000e+00  0.000000e+00  0.000000e+00  0.000000e+00  0.000000e+00  0.000000e+00
1.498715e+05  0.000000e+00  0.000000e+00  0.000000e+00  0.000000e+00  0.000000e+00  0.000000e+00  0.000000e+00  0.000000e+00  0.000000e+00  0.000000e+00  0.000000e+00  0.000000e+00  0.000000e+00  0.000000e+00  0.000000e+00  0.000000e+00
1.681586e+05  0.000000e+00  0.000000e+00  0.000000e+00  0.000000e+00  0.000000e+00  0.000000e+00  0.000000e+00  0.000000e+00  0.000000e+00  0.000000e+00  0.000000e+00  0.000000e+00  0.000000e+00  0.000000e+00  0.000000e+00  0.000000e+00
1.886771e+05  0.000000e+00  0.000000e+00  0.000000e+00  0.000000e+00  0.000000e+00  0.000000e+00  0.000000e+00  0.000000e+00  0.000000e+00  0.000000e+00  0.000000e+00  0.000000e+00  0.000000e+00  0.000000e+00  0.000000e+00  0.000000e+00
2.116992e+05  0.000000e+00  0.000000e+00  0.000000e+00  0.000000e+00  0.000000e+00  0.000000e+00  0.000000e+00  0.000000e+00  0.000000e+00  0.000000e+00  0.000000e+00  0.000000e+00  0.000000e+00  0.000000e+00  0.000000e+00  0.000000e+00
2.375304e+05  0.000000e+00  0.000000e+00  0.000000e+00  0.000000e+00  0.000000e+00  0.000000e+00  0.000000e+00  0.000000e+00  0.000000e+00  0.000000e+00  0.000000e+00  0.000000e+00  0.000000e+00  0.000000e+00  0.000000e+00  0.000000e+00
2.665135e+05  0.000000e+00  0.000000e+00  0.000000e+00  0.000000e+00  0.000000e+00  0.000000e+00  0.000000e+00  0.000000e+00  0.000000e+00  0.000000e+00  0.000000e+00  0.000000e+00  0.000000e+00  0.000000e+00  0.000000e+00  0.000000e+00
2.990330e+05  0.000000e+00  0.000000e+00  0.000000e+00  0.000000e+00  0.000000e+00  0.000000e+00  0.000000e+00  0.000000e+00  0.000000e+00  0.000000e+00  0.000000e+00  0.000000e+00  0.000000e+00  0.000000e+00  0.000000e+00  0.000000e+00
3.355206e+05  0.000000e+00  0.000000e+00  0.000000e+00  0.000000e+00  0.000000e+00  0.000000e+00  0.000000e+00  0.000000e+00  0.000000e+00  0.000000e+00  0.000000e+00  0.000000e+00  0.000000e+00  0.000000e+00  0.000000e+00  0.000000e+00
3.764603e+05  0.000000e+00  0.000000e+00  0.000000e+00  0.000000e+00  0.000000e+00  0.000000e+00  0.000000e+00  0.000000e+00  0.000000e+00  0.000000e+00  0.000000e+00  0.000000e+00  0.000000e+00  0.000000e+00  0.000000e+00  0.000000e+00
4.223954e+05  0.000000e+00  0.000000e+00  0.000000e+00  0.000000e+00  0.000000e+00  0.000000e+00  0.000000e+00  0.000000e+00  0.000000e+00  0.000000e+00  0.000000e+00  0.000000e+00  0.000000e+00  0.000000e+00  0.000000e+00  0.000000e+00
4.739354e+05  0.000000e+00  0.000000e+00  0.000000e+00  0.000000e+00  0.000000e+00  0.000000e+00  0.000000e+00  0.000000e+00  0.000000e+00  0.000000e+00  0.000000e+00  0.000000e+00  0.000000e+00  0.000000e+00  0.000000e+00  0.000000e+00
5.317643e+05  0.000000e+00  0.000000e+00  0.000000e+00  0.000000e+00  0.000000e+00  0.000000e+00  0.000000e+00  0.000000e+00  0.000000e+00  0.000000e+00  0.000000e+00  0.000000e+00  0.000000e+00  0.000000e+00  0.000000e+00  0.000000e+00
5.966493e+05  0.000000e+00  0.000000e+00  0.000000e+00  0.000000e+00  0.000000e+00  0.000000e+00  0.000000e+00  0.000000e+00  0.000000e+00  0.000000e+00  0.000000e+00  0.000000e+00  0.000000e+00  0.000000e+00  0.000000e+00  0.000000e+00
6.694516e+05  0.000000e+00  0.000000e+00  0.000000e+00  0.000000e+00  0.000000e+00  0.000000e+00  0.000000e+00  0.000000e+00  0.000000e+00  0.000000e+00  0.000000e+00  0.000000e+00  0.000000e+00  0.000000e+00  0.000000e+00  0.000000e+00
7.511370e+05  0.000000e+00  0.000000e+00  0.000000e+00  0.000000e+00  0.000000e+00  0.000000e+00  0.000000e+00  0.000000e+00  0.000000e+00  0.000000e+00  0.000000e+00  0.000000e+00  0.000000e+00  0.000000e+00  0.000000e+00  0.000000e+00
8.427896e+05  0.000000e+00  0.000000e+00  0.000000e+00  0.000000e+00  0.000000e+00  0.000000e+00  0.000000e+00  0.000000e+00  0.000000e+00  0.000000e+00  0.000000e+00  0.000000e+00  0.000000e+00  0.000000e+00  0.000000e+00  0.000000e+00
9.456255e+05  0.000000e+00  0.000000e+00  0.000000e+00  0.000000e+00  0.000000e+00  0.000000e+00  0.000000e+00  0.000000e+00  0.000000e+00  0.000000e+00  0.000000e+00  0.000000e+00  0.000000e+00  0.000000e+00  0.000000e+00  0.000000e+00
