# dR/dEr [1/keV/kg/Myr]
# Er [keV], S, F, Ne, Cl, Na, Si, O, P, N, C, Al, Mg, Be, B, Ar, Li
1.061009e+01  4.664642e-02  4.569388e-02  0.000000e+00  0.000000e+00  3.204325e-02  0.000000e+00  3.912639e-03  0.000000e+00  0.000000e+00  0.000000e+00  0.000000e+00  0.000000e+00  6.769135e-03  0.000000e+00  0.000000e+00  0.000000e+00
1.190472e+01  9.492206e-03  1.312945e-02  0.000000e+00  0.000000e+00  3.056523e-03  0.000000e+00  0.000000e+00  0.000000e+00  0.000000e+00  0.000000e+00  0.000000e+00  0.000000e+00  0.000000e+00  0.000000e+00  0.000000e+00  0.000000e+00
1.335731e+01  1.585183e-02  6.051436e-03  0.000000e+00  0.000000e+00  0.000000e+00  0.000000e+00  0.000000e+00  0.000000e+00  0.000000e+00  0.000000e+00  0.000000e+00  0.000000e+00  0.000000e+00  0.000000e+00  0.000000e+00  0.000000e+00
1.498715e+01  3.497230e-03  1.215589e-02  0.000000e+00  0.000000e+00  5.189056e-03  0.000000e+00  5.527603e-04  0.000000e+00  0.000000e+00  0.000000e+00  0.000000e+00  0.000000e+00  0.000000e+00  0.000000e+00  0.000000e+00  0.000000e+00
1.681586e+01  8.652841e-03  7.016659e-03  1.234954e-03  0.000000e+00  2.496224e-03  4.926482e-04  0.000000e+00  0.000000e+00  0.000000e+00  0.000000e+00  0.000000e+00  0.000000e+00  0.000000e+00  0.000000e+00  0.000000e+00  0.000000e+00
1.886771e+01  5.886210e-03  6.493105e-03  0.000000e+00  0.000000e+00  1.100654e-03  0.000000e+00  0.000000e+00  0.000000e+00  0.000000e+00  0.000000e+00  0.000000e+00  0.000000e+00  0.000000e+00  0.000000e+00  0.000000e+00  0.000000e+00
2.116992e+01  7.772078e-03  1.109749e-02  0.000000e+00  0.000000e+00  1.204877e-03  0.000000e+00  5.187024e-04  0.000000e+00  0.000000e+00  0.000000e+00  6.464181e-03  0.000000e+00  0.000000e+00  0.000000e+00  0.000000e+00  0.000000e+00
2.375304e+01  1.412340e-02  2.193752e-03  2.860701e-03  0.000000e+00  6.515299e-03  0.000000e+00  8.742804e-04  0.000000e+00  0.000000e+00  0.000000e+00  0.000000e+00  0.000000e+00  0.000000e+00  0.000000e+00  0.000000e+00  0.000000e+00
2.665135e+01  1.470462e-02  1.372178e-02  4.120200e-04  2.138817e-03  6.461753e-04  0.000000e+00  0.000000e+00  4.228018e-03  0.000000e+00  0.000000e+00  0.000000e+00  0.000000e+00  0.000000e+00  0.000000e+00  0.000000e+00  0.000000e+00
2.990330e+01  1.653506e-02  5.504525e-03  4.857276e-04  0.000000e+00  9.246738e-03  0.000000e+00  6.442496e-04  0.000000e+00  0.000000e+00  0.000000e+00  4.328803e-03  0.000000e+00  4.666863e-03  0.000000e+00  0.000000e+00  0.000000e+00
3.355206e+01  1.783909e-02  6.932334e-03  5.712199e-04  0.000000e+00  1.087505e-03  0.000000e+00  3.321309e-03  0.000000e+00  0.000000e+00  0.000000e+00  5.099568e-03  0.000000e+00  1.119094e-02  0.000000e+00  0.000000e+00  0.000000e+00
3.764603e+01  2.667070e-02  1.538546e-02  7.353386e-04  2.916878e-04  7.926048e-03  0.000000e+00  1.928585e-03  0.000000e+00  0.000000e+00  0.000000e+00  0.000000e+00  0.000000e+00  8.379736e-04  0.000000e+00  0.000000e+00  0.000000e+00
4.223954e+01  2.322608e-02  1.155493e-02  3.356480e-03  0.000000e+00  4.299480e-03  0.000000e+00  1.139098e-03  0.000000e+00  0.000000e+00  0.000000e+00  4.760819e-03  0.000000e+00  1.082508e-02  0.000000e+00  0.000000e+00  0.000000e+00
4.739354e+01  2.537649e-02  9.084501e-03  2.316959e-04  6.360886e-04  2.090540e-03  0.000000e+00  8.308975e-04  0.000000e+00  0.000000e+00  0.000000e+00  0.000000e+00  0.000000e+00  8.661815e-03  0.000000e+00  0.000000e+00  0.000000e+00
5.317643e+01  2.489612e-02  4.764646e-03  5.687873e-04  0.000000e+00  8.799650e-03  0.000000e+00  1.099141e-03  0.000000e+00  0.000000e+00  0.000000e+00  2.573437e-03  0.000000e+00  0.000000e+00  0.000000e+00  0.000000e+00  0.000000e+00
5.966493e+01  2.785907e-02  1.458528e-02  6.366932e-04  3.228897e-04  6.705234e-03  0.000000e+00  5.985311e-03  0.000000e+00  0.000000e+00  0.000000e+00  2.390902e-03  0.000000e+00  1.958462e-03  0.000000e+00  0.000000e+00  0.000000e+00
6.694516e+01  3.360730e-02  1.309232e-02  1.078806e-03  0.000000e+00  4.498649e-03  0.000000e+00  1.161685e-03  0.000000e+00  1.919351e-03  0.000000e+00  1.378310e-03  0.000000e+00  2.787015e-02  0.000000e+00  0.000000e+00  0.000000e+00
7.511370e+01  3.623143e-02  1.449321e-02  2.818549e-03  3.654447e-04  3.553896e-03  0.000000e+00  8.498896e-04  0.000000e+00  0.000000e+00  0.000000e+00  1.887488e-03  0.000000e+00  9.116191e+00  0.000000e+00  0.000000e+00  0.000000e+00
8.427896e+01  4.199021e-02  1.367946e-02  6.153741e-04  2.343126e-03  4.148090e-03  0.000000e+00  3.237623e-03  0.000000e+00  0.000000e+00  0.000000e+00  0.000000e+00  0.000000e+00  1.085181e+01  0.000000e+00  0.000000e+00  0.000000e+00
9.456255e+01  4.157496e-02  1.136968e-02  1.712802e-03  4.233538e-04  7.879802e-03  0.000000e+00  7.558890e-04  0.000000e+00  1.584221e-03  0.000000e+00  2.254247e-04  0.000000e+00  8.358973e+00  0.000000e+00  0.000000e+00  0.000000e+00
1.061009e+02  4.477162e-02  1.715343e-02  2.558352e-03  3.378066e-04  5.208783e-03  0.000000e+00  1.086441e-03  0.000000e+00  0.000000e+00  1.344503e-03  1.663936e-03  0.000000e+00  6.179679e+00  0.000000e+00  0.000000e+00  0.000000e+00
1.190472e+02  4.659823e-02  2.191583e-02  1.747274e-03  8.241328e-04  9.721558e-03  0.000000e+00  9.979085e-04  0.000000e+00  6.958840e-05  7.750805e-04  5.325388e+00  0.000000e+00  4.638521e+00  0.000000e+00  1.353566e-03  0.000000e+00
1.335731e+02  5.505640e-02  2.087885e-02  2.711176e-03  2.072466e-04  6.299661e-03  0.000000e+00  9.052940e-04  0.000000e+00  0.000000e+00  0.000000e+00  4.546184e+00  0.000000e+00  3.466790e+00  0.000000e+00  0.000000e+00  0.000000e+00
1.498715e+02  1.246742e-01  2.371398e-02  9.410112e-04  4.361205e-04  3.376946e-03  0.000000e+00  4.198436e-03  0.000000e+00  5.949906e-04  9.914688e-04  3.408668e+00  0.000000e+00  2.606559e+00  0.000000e+00  0.000000e+00  0.000000e+00
1.681586e+02  1.744439e-01  2.909622e-02  1.670654e-03  2.496224e-04  4.856084e-03  1.267656e-04  3.341870e-03  0.000000e+00  9.489541e-04  0.000000e+00  2.670217e+00  0.000000e+00  1.876752e+00  0.000000e+00  0.000000e+00  0.000000e+00
1.886771e+02  1.091672e-01  2.625303e-02  1.516638e-03  2.372961e-04  6.255053e-03  1.021067e-04  3.703900e-03  7.699006e-05  7.699006e-05  0.000000e+00  1.930360e+00  0.000000e+00  1.335742e+00  0.000000e+00  0.000000e+00  0.000000e+00
2.116992e+02  5.260819e-02  3.517462e-02  1.649185e-03  1.179888e-03  4.606665e-03  6.861747e-05  1.801499e-03  0.000000e+00  0.000000e+00  1.006935e-04  1.547657e+00  0.000000e+00  9.504990e-01  0.000000e+00  1.307638e-04  0.000000e+00
2.375304e+02  3.885989e-02  1.373381e-01  2.474268e-03  1.024882e-03  5.725714e-03  2.627266e-05  3.560157e-03  2.597262e-04  0.000000e+00  3.487682e-05  1.150076e+00  0.000000e+00  7.205070e-01  0.000000e+00  1.388342e-04  0.000000e+00
2.665135e+02  3.301591e-02  1.159349e-01  2.337174e-03  1.170507e-03  7.703493e-03  7.191232e-05  2.517635e-03  0.000000e+00  5.450479e-05  4.640075e-04  8.213174e-01  0.000000e+00  4.701742e-01  0.000000e+00  0.000000e+00  0.000000e+00
2.990330e+02  2.515890e-02  2.258621e-02  1.124747e-03  5.429343e-04  6.050918e-03  3.403067e-04  3.375707e-03  8.123524e-05  1.054946e-04  5.009747e-04  6.383600e-01  0.000000e+00  3.458549e-01  0.000000e+00  0.000000e+00  0.000000e+00
3.355206e+02  2.297126e-02  2.281151e-02  1.366090e-03  9.165542e-04  5.575280e-03  4.329469e-05  2.178435e-03  3.719923e-05  3.272791e-05  4.449012e-04  4.719894e-01  3.482692e-04  2.519707e-01  0.000000e+00  0.000000e+00  1.296317e-04
3.764603e+02  1.648326e-02  1.653445e-02  2.699470e-03  1.224027e-03  5.112841e-03  9.814777e-04  1.877193e-03  0.000000e+00  5.091002e-05  0.000000e+00  3.093533e-01  0.000000e+00  1.743113e-01  0.000000e+00  0.000000e+00  0.000000e+00
4.223954e+02  1.069219e-02  1.655052e-02  1.097313e-03  1.058824e-03  5.316718e-03  8.350685e-05  2.003869e-03  5.094744e-04  9.190034e-05  2.839845e-04  2.261664e-01  0.000000e+00  9.403306e-02  0.000000e+00  6.553712e-05  0.000000e+00
4.739354e+02  9.996882e-03  1.427759e-02  1.710680e-03  1.125327e-03  4.446237e-03  3.241663e-04  3.631123e-03  2.627583e-04  2.377589e-04  0.000000e+00  1.551400e-01  0.000000e+00  6.864354e-02  2.377589e-04  0.000000e+00  0.000000e+00
5.317643e+02  9.179978e-03  1.241731e-02  2.936473e-03  6.025122e-04  3.513171e-03  1.344156e-04  1.572119e-03  4.269526e-04  2.716055e-04  3.918556e-04  1.329986e-01  0.000000e+00  4.823729e-02  4.008681e-05  6.201494e-05  0.000000e+00
5.966493e+02  8.658475e-03  1.121317e-02  2.549489e-03  2.117009e-03  3.591559e-03  3.853008e-04  2.767436e-03  3.112843e-04  1.442302e-04  2.338972e-04  8.688806e-02  0.000000e+00  3.301701e-02  0.000000e+00  5.287256e-05  0.000000e+00
6.694516e+02  7.148851e-03  1.070887e-02  3.167146e-03  2.137120e-03  3.783184e-03  2.799291e-04  2.417792e-03  1.227137e-04  5.964945e-05  2.043099e-04  5.904363e-02  0.000000e+00  2.117332e-02  0.000000e+00  0.000000e+00  0.000000e+00
7.511370e+02  5.632756e-03  7.489211e-03  2.141578e-03  1.562600e-03  2.539003e-03  2.679035e-04  1.788961e-03  2.493504e-04  2.183622e-04  1.638743e-04  4.004779e-02  0.000000e+00  1.535183e-02  0.000000e+00  0.000000e+00  0.000000e+00
8.427896e+02  4.692363e-03  7.322950e-03  2.085545e-03  9.835597e-04  3.076203e-03  4.749941e-05  1.843431e-03  3.576989e-05  1.712055e-04  5.374155e-04  2.248718e-02  0.000000e+00  8.581486e-03  0.000000e+00  9.451940e-05  0.000000e+00
9.456255e+02  4.076114e-03  5.433789e-03  2.477993e-03  1.101856e-03  2.693794e-03  2.613733e-04  1.795321e-03  1.613952e-04  0.000000e+00  4.034088e-04  1.921531e-02  6.028006e-05  5.338705e-03  0.000000e+00  0.000000e+00  0.000000e+00
1.061009e+03  3.683160e-03  3.679854e-03  2.575978e-03  1.654150e-03  2.469136e-03  1.752002e-04  1.681442e-03  1.840848e-04  3.997469e-04  1.804418e-04  1.339741e-02  0.000000e+00  2.565620e-03  1.748275e-04  1.101324e-04  0.000000e+00
1.190472e+03  2.744124e-03  3.168996e-03  2.179576e-03  1.650842e-03  1.187160e-03  1.750887e-04  1.178567e-03  5.351221e-04  1.369410e-04  7.448426e-04  8.933826e-03  0.000000e+00  1.586607e-03  0.000000e+00  0.000000e+00  0.000000e+00
1.335731e+03  2.511737e-03  3.547049e-03  2.044089e-03  1.244243e-03  1.058749e-03  3.367885e-04  1.072603e-03  1.714435e-04  3.409322e-04  2.396018e-04  4.242022e-03  0.000000e+00  1.035900e-03  5.963771e-05  0.000000e+00  0.000000e+00
1.498715e+03  1.472578e-03  2.720816e-03  1.661180e-03  1.592358e-03  1.423597e-03  7.258478e-04  1.379857e-03  3.870716e-04  4.130133e-04  3.535917e-04  1.952180e-03  4.844385e-05  9.386068e-04  0.000000e+00  0.000000e+00  8.894905e-05
1.681586e+03  1.098664e-03  2.441814e-03  1.528927e-03  1.075584e-03  1.256876e-03  2.757565e-04  7.587141e-04  4.374151e-04  2.874033e-04  2.636915e-04  2.240002e-03  0.000000e+00  4.723580e-04  8.141791e-05  0.000000e+00  2.586493e-05
1.886771e+03  1.283486e-03  2.060269e-03  1.593930e-03  1.111197e-03  1.220306e-03  3.612707e-04  7.602666e-04  3.637775e-04  1.640514e-04  3.683906e-04  1.080502e-03  7.978473e-05  1.015789e-05  2.115038e-04  1.903282e-05  0.000000e+00
2.116992e+03  7.151679e-04  1.823534e-03  8.935054e-04  8.743938e-04  7.357336e-04  1.862030e-04  6.820479e-04  3.031015e-04  1.793140e-04  2.581877e-04  7.549283e-04  6.758965e-05  2.472824e-04  1.307638e-05  0.000000e+00  1.307638e-05
2.375304e+03  6.939326e-04  1.024718e-03  1.119278e-03  1.409960e-03  7.743681e-04  5.149020e-04  5.948335e-04  1.839485e-04  7.660677e-05  1.873983e-04  7.465714e-04  1.022691e-05  0.000000e+00  5.761208e-05  0.000000e+00  6.903106e-05
2.665135e+03  3.982079e-04  9.697737e-04  7.763081e-04  1.436474e-03  4.731637e-04  1.720607e-04  4.534503e-04  3.637993e-04  1.211683e-04  1.801115e-04  5.327185e-04  8.982213e-05  9.682179e-05  5.236306e-05  0.000000e+00  6.186355e-05
2.990330e+03  3.085409e-04  6.427137e-04  6.265313e-04  9.157298e-04  3.519628e-04  3.798652e-04  3.336369e-04  3.268839e-04  3.245639e-04  3.358578e-04  3.424232e-04  1.180238e-04  0.000000e+00  5.721809e-05  0.000000e+00  8.276069e-05
3.355206e+03  1.524550e-04  7.815208e-04  7.717353e-04  1.229818e-03  2.126630e-04  3.966871e-04  1.097020e-04  3.054984e-04  1.357180e-04  2.256999e-04  1.812057e-04  6.293106e-05  1.710235e-05  3.858050e-05  0.000000e+00  1.460397e-05
3.764603e+03  1.114176e-04  4.096576e-04  6.590821e-04  7.518484e-04  1.446343e-04  4.353515e-04  7.784187e-05  1.550836e-04  2.473869e-04  2.721100e-04  2.374644e-04  8.136490e-05  5.662413e-06  4.273048e-05  0.000000e+00  1.526045e-04
4.223954e+03  6.571373e-05  1.625591e-04  3.277299e-04  6.014554e-04  1.250397e-04  1.609447e-04  1.390366e-04  2.665606e-04  1.701688e-04  2.709130e-04  1.354954e-04  1.048643e-04  0.000000e+00  6.972477e-05  0.000000e+00  1.079290e-04
4.739354e+03  2.991466e-05  2.638202e-04  3.497112e-04  6.578970e-04  1.035568e-04  2.882508e-04  4.328380e-05  1.804703e-04  1.178052e-04  1.451678e-04  1.165758e-04  4.572716e-05  7.577103e-06  2.412304e-05  0.000000e+00  8.280329e-05
5.317643e+03  2.347797e-05  2.511121e-04  3.424589e-04  3.724762e-04  7.038935e-05  2.821410e-04  3.378488e-05  2.402979e-04  1.276572e-04  2.175962e-04  1.589735e-04  6.193353e-05  0.000000e+00  7.815432e-05  0.000000e+00  6.706948e-05
5.966493e+03  5.306801e-05  1.436097e-04  2.181322e-04  3.357204e-04  5.310557e-05  1.669958e-04  7.629552e-05  1.884710e-04  1.172985e-04  1.232318e-04  1.705574e-05  4.663678e-05  0.000000e+00  2.992773e-05  0.000000e+00  3.385294e-05
6.694516e+03  3.628645e-06  1.297662e-04  1.672108e-04  2.415694e-04  4.674373e-05  3.589507e-04  5.351401e-05  1.832847e-04  1.087947e-04  1.112614e-04  1.054550e-04  3.418192e-05  0.000000e+00  3.130358e-05  0.000000e+00  6.496976e-06
7.511370e+03  2.522243e-05  1.144477e-04  1.149702e-04  1.388595e-04  2.415310e-05  2.398789e-04  4.110581e-05  1.859003e-04  1.402738e-05  8.511953e-05  3.729958e-05  3.981351e-05  0.000000e+00  1.670356e-05  0.000000e+00  8.357514e-05
8.427896e+03  1.692629e-05  1.078042e-04  5.499895e-05  1.540076e-04  2.900083e-05  2.549029e-04  2.816061e-05  1.932203e-04  3.619174e-05  5.296173e-05  2.189661e-05  6.632620e-05  0.000000e+00  1.050662e-05  0.000000e+00  6.805639e-05
9.456255e+03  0.000000e+00  2.935223e-05  4.338089e-05  1.770875e-04  1.786081e-05  1.543839e-04  2.927436e-06  1.025637e-04  4.631297e-05  3.073470e-05  7.181041e-05  1.026480e-04  0.000000e+00  3.166564e-05  0.000000e+00  1.368888e-05
1.061009e+04  0.000000e+00  4.818710e-05  2.361839e-05  1.069102e-04  1.550682e-05  1.289898e-04  5.526377e-05  4.616039e-05  1.517347e-05  5.397391e-05  5.405158e-05  1.862717e-05  0.000000e+00  2.289520e-06  0.000000e+00  4.037053e-05
1.190472e+04  0.000000e+00  7.382381e-06  3.653518e-06  6.581795e-05  0.000000e+00  6.991594e-05  1.790612e-06  3.032618e-05  4.081074e-06  4.927759e-05  3.587880e-05  7.498462e-06  0.000000e+00  2.158661e-05  0.000000e+00  4.583553e-05
1.335731e+04  0.000000e+00  3.214023e-05  2.191513e-05  6.129130e-05  0.000000e+00  4.401111e-05  2.361730e-06  2.501106e-05  9.214402e-06  2.847236e-05  3.389104e-05  2.138829e-05  0.000000e+00  0.000000e+00  0.000000e+00  3.486249e-05
1.498715e+04  0.000000e+00  8.452679e-06  4.844385e-06  2.497162e-05  0.000000e+00  3.332194e-05  0.000000e+00  1.643994e-05  7.796777e-06  1.191444e-05  3.694174e-06  8.675416e-06  0.000000e+00  3.467943e-06  0.000000e+00  3.297642e-05
1.681586e+04  0.000000e+00  1.202492e-05  1.444589e-06  1.379565e-05  0.000000e+00  4.773352e-05  1.267656e-06  1.395641e-05  0.000000e+00  4.317563e-06  3.389797e-06  4.462482e-06  0.000000e+00  3.116544e-05  0.000000e+00  2.563333e-05
1.886771e+04  0.000000e+00  1.123012e-05  0.000000e+00  8.774011e-06  0.000000e+00  2.877700e-05  0.000000e+00  1.450291e-05  0.000000e+00  0.000000e+00  1.702467e-05  1.110776e-05  0.000000e+00  1.492189e-05  0.000000e+00  4.066406e-05
2.116992e+04  0.000000e+00  1.006935e-06  0.000000e+00  1.691877e-05  0.000000e+00  2.497086e-06  0.000000e+00  6.738478e-06  0.000000e+00  0.000000e+00  0.000000e+00  5.322759e-06  0.000000e+00  1.600461e-05  0.000000e+00  6.738478e-06
2.375304e+04  0.000000e+00  0.000000e+00  0.000000e+00  8.974319e-07  0.000000e+00  1.161798e-05  1.831097e-06  4.284207e-06  0.000000e+00  4.919434e-06  5.875232e-06  2.045382e-06  0.000000e+00  0.000000e+00  0.000000e+00  1.675843e-05
2.665135e+04  0.000000e+00  1.631966e-06  0.000000e+00  4.864928e-06  0.000000e+00  0.000000e+00  0.000000e+00  0.000000e+00  0.000000e+00  1.347421e-06  0.000000e+00  0.000000e+00  0.000000e+00  0.000000e+00  0.000000e+00  1.631966e-06
2.990330e+04  0.000000e+00  0.000000e+00  0.000000e+00  4.296892e-06  0.000000e+00  0.000000e+00  0.000000e+00  0.000000e+00  0.000000e+00  0.000000e+00  0.000000e+00  7.699959e-06  0.000000e+00  8.069930e-06  0.000000e+00  6.266362e-06
3.355206e+04  0.000000e+00  0.000000e+00  0.000000e+00  0.000000e+00  0.000000e+00  0.000000e+00  0.000000e+00  0.000000e+00  0.000000e+00  0.000000e+00  0.000000e+00  8.250635e-07  0.000000e+00  9.828705e-07  0.000000e+00  2.140588e-06
3.764603e+04  0.000000e+00  0.000000e+00  0.000000e+00  1.928585e-06  0.000000e+00  0.000000e+00  0.000000e+00  0.000000e+00  0.000000e+00  0.000000e+00  0.000000e+00  3.413143e-06  0.000000e+00  1.928585e-06  0.000000e+00  5.662413e-07
4.223954e+04  0.000000e+00  0.000000e+00  0.000000e+00  1.349502e-06  0.000000e+00  0.000000e+00  0.000000e+00  5.424239e-06  0.000000e+00  0.000000e+00  0.000000e+00  5.335921e-06  0.000000e+00  0.000000e+00  0.000000e+00  0.000000e+00
4.739354e+04  0.000000e+00  0.000000e+00  0.000000e+00  0.000000e+00  0.000000e+00  0.000000e+00  0.000000e+00  4.497814e-07  0.000000e+00  0.000000e+00  0.000000e+00  1.652527e-06  0.000000e+00  2.711156e-06  0.000000e+00  0.000000e+00
5.317643e+04  0.000000e+00  0.000000e+00  0.000000e+00  0.000000e+00  0.000000e+00  0.000000e+00  0.000000e+00  0.000000e+00  0.000000e+00  0.000000e+00  0.000000e+00  0.000000e+00  0.000000e+00  0.000000e+00  0.000000e+00  0.000000e+00
5.966493e+04  0.000000e+00  0.000000e+00  0.000000e+00  0.000000e+00  0.000000e+00  0.000000e+00  0.000000e+00  0.000000e+00  0.000000e+00  0.000000e+00  0.000000e+00  0.000000e+00  0.000000e+00  0.000000e+00  0.000000e+00  0.000000e+00
6.694516e+04  0.000000e+00  0.000000e+00  0.000000e+00  0.000000e+00  0.000000e+00  0.000000e+00  0.000000e+00  0.000000e+00  0.000000e+00  0.000000e+00  0.000000e+00  0.000000e+00  0.000000e+00  0.000000e+00  0.000000e+00  1.838515e-06
7.511370e+04  0.000000e+00  0.000000e+00  0.000000e+00  0.000000e+00  0.000000e+00  0.000000e+00  0.000000e+00  0.000000e+00  0.000000e+00  0.000000e+00  0.000000e+00  0.000000e+00  0.000000e+00  0.000000e+00  0.000000e+00  1.402738e-06
8.427896e+04  0.000000e+00  0.000000e+00  0.000000e+00  0.000000e+00  0.000000e+00  0.000000e+00  0.000000e+00  0.000000e+00  0.000000e+00  0.000000e+00  0.000000e+00  0.000000e+00  0.000000e+00  0.000000e+00  0.000000e+00  0.000000e+00
9.456255e+04  0.000000e+00  0.000000e+00  0.000000e+00  0.000000e+00  0.000000e+00  0.000000e+00  0.000000e+00  0.000000e+00  0.000000e+00  0.000000e+00  0.000000e+00  0.000000e+00  0.000000e+00  0.000000e+00  0.000000e+00  0.000000e+00
1.061009e+05  0.000000e+00  0.000000e+00  0.000000e+00  0.000000e+00  0.000000e+00  0.000000e+00  0.000000e+00  0.000000e+00  0.000000e+00  0.000000e+00  0.000000e+00  0.000000e+00  0.000000e+00  0.000000e+00  0.000000e+00  0.000000e+00
1.190472e+05  0.000000e+00  0.000000e+00  0.000000e+00  0.000000e+00  0.000000e+00  0.000000e+00  0.000000e+00  0.000000e+00  0.000000e+00  0.000000e+00  0.000000e+00  0.000000e+00  0.000000e+00  0.000000e+00  0.000000e+00  0.000000e+00
1.335731e+05  0.000000e+00  0.000000e+00  0.000000e+00  0.000000e+00  0.000000e+00  0.000000e+00  0.000000e+00  0.000000e+00  0.000000e+00  0.000000e+00  0.000000e+00  0.000000e+00  0.000000e+00  0.000000e+00  0.000000e+00  0.000000e+00
1.498715e+05  0.000000e+00  0.000000e+00  0.000000e+00  0.000000e+00  0.000000e+00  0.000000e+00  0.000000e+00  0.000000e+00  0.000000e+00  0.000000e+00  0.000000e+00  0.000000e+00  0.000000e+00  0.000000e+00  0.000000e+00  0.000000e+00
1.681586e+05  0.000000e+00  0.000000e+00  0.000000e+00  0.000000e+00  0.000000e+00  0.000000e+00  0.000000e+00  0.000000e+00  0.000000e+00  0.000000e+00  0.000000e+00  0.000000e+00  0.000000e+00  0.000000e+00  0.000000e+00  0.000000e+00
1.886771e+05  0.000000e+00  0.000000e+00  0.000000e+00  0.000000e+00  0.000000e+00  0.000000e+00  0.000000e+00  0.000000e+00  0.000000e+00  0.000000e+00  0.000000e+00  0.000000e+00  0.000000e+00  0.000000e+00  0.000000e+00  0.000000e+00
2.116992e+05  0.000000e+00  0.000000e+00  0.000000e+00  0.000000e+00  0.000000e+00  0.000000e+00  0.000000e+00  0.000000e+00  0.000000e+00  0.000000e+00  0.000000e+00  0.000000e+00  0.000000e+00  0.000000e+00  0.000000e+00  0.000000e+00
2.375304e+05  0.000000e+00  0.000000e+00  0.000000e+00  0.000000e+00  0.000000e+00  0.000000e+00  0.000000e+00  0.000000e+00  0.000000e+00  0.000000e+00  0.000000e+00  0.000000e+00  0.000000e+00  0.000000e+00  0.000000e+00  0.000000e+00
2.665135e+05  0.000000e+00  0.000000e+00  0.000000e+00  0.000000e+00  0.000000e+00  0.000000e+00  0.000000e+00  0.000000e+00  0.000000e+00  0.000000e+00  0.000000e+00  0.000000e+00  0.000000e+00  0.000000e+00  0.000000e+00  0.000000e+00
2.990330e+05  0.000000e+00  0.000000e+00  0.000000e+00  0.000000e+00  0.000000e+00  0.000000e+00  0.000000e+00  0.000000e+00  0.000000e+00  0.000000e+00  0.000000e+00  0.000000e+00  0.000000e+00  0.000000e+00  0.000000e+00  0.000000e+00
3.355206e+05  0.000000e+00  0.000000e+00  0.000000e+00  0.000000e+00  0.000000e+00  0.000000e+00  0.000000e+00  0.000000e+00  0.000000e+00  0.000000e+00  0.000000e+00  0.000000e+00  0.000000e+00  0.000000e+00  0.000000e+00  0.000000e+00
3.764603e+05  0.000000e+00  0.000000e+00  0.000000e+00  0.000000e+00  0.000000e+00  0.000000e+00  0.000000e+00  0.000000e+00  0.000000e+00  0.000000e+00  0.000000e+00  0.000000e+00  0.000000e+00  0.000000e+00  0.000000e+00  0.000000e+00
4.223954e+05  0.000000e+00  0.000000e+00  0.000000e+00  0.000000e+00  0.000000e+00  0.000000e+00  0.000000e+00  0.000000e+00  0.000000e+00  0.000000e+00  0.000000e+00  0.000000e+00  0.000000e+00  0.000000e+00  0.000000e+00  0.000000e+00
4.739354e+05  0.000000e+00  0.000000e+00  0.000000e+00  0.000000e+00  0.000000e+00  0.000000e+00  0.000000e+00  0.000000e+00  0.000000e+00  0.000000e+00  0.000000e+00  0.000000e+00  0.000000e+00  0.000000e+00  0.000000e+00  0.000000e+00
5.317643e+05  0.000000e+00  0.000000e+00  0.000000e+00  0.000000e+00  0.000000e+00  0.000000e+00  0.000000e+00  0.000000e+00  0.000000e+00  0.000000e+00  0.000000e+00  0.000000e+00  0.000000e+00  0.000000e+00  0.000000e+00  0.000000e+00
5.966493e+05  0.000000e+00  0.000000e+00  0.000000e+00  0.000000e+00  0.000000e+00  0.000000e+00  0.000000e+00  0.000000e+00  0.000000e+00  0.000000e+00  0.000000e+00  0.000000e+00  0.000000e+00  0.000000e+00  0.000000e+00  0.000000e+00
6.694516e+05  0.000000e+00  0.000000e+00  0.000000e+00  0.000000e+00  0.000000e+00  0.000000e+00  0.000000e+00  0.000000e+00  0.000000e+00  0.000000e+00  0.000000e+00  0.000000e+00  0.000000e+00  0.000000e+00  0.000000e+00  0.000000e+00
7.511370e+05  0.000000e+00  0.000000e+00  0.000000e+00  0.000000e+00  0.000000e+00  0.000000e+00  0.000000e+00  0.000000e+00  0.000000e+00  0.000000e+00  0.000000e+00  0.000000e+00  0.000000e+00  0.000000e+00  0.000000e+00  0.000000e+00
8.427896e+05  0.000000e+00  0.000000e+00  0.000000e+00  0.000000e+00  0.000000e+00  0.000000e+00  0.000000e+00  0.000000e+00  0.000000e+00  0.000000e+00  0.000000e+00  0.000000e+00  0.000000e+00  0.000000e+00  0.000000e+00  0.000000e+00
9.456255e+05  0.000000e+00  0.000000e+00  0.000000e+00  0.000000e+00  0.000000e+00  0.000000e+00  0.000000e+00  0.000000e+00  0.000000e+00  0.000000e+00  0.000000e+00  0.000000e+00  0.000000e+00  0.000000e+00  0.000000e+00  0.000000e+00
