# dR/dEr [1/keV/kg/Myr]
# Er [keV], S, F, Ne, Cl, Na, Si, O, P, N, C, Al, Mg, Be, B, Ar, Li
1.061009e+01  1.454054e+02  1.139945e+02  0.000000e+00  0.000000e+00  4.812462e+01  0.000000e+00  9.303891e+00  0.000000e+00  0.000000e+00  0.000000e+00  0.000000e+00  0.000000e+00  7.166717e-01  0.000000e+00  0.000000e+00  0.000000e+00
1.190472e+01  5.276429e+01  1.492301e+01  0.000000e+00  0.000000e+00  1.690775e+01  0.000000e+00  0.000000e+00  0.000000e+00  0.000000e+00  0.000000e+00  0.000000e+00  0.000000e+00  0.000000e+00  0.000000e+00  0.000000e+00  0.000000e+00
1.335731e+01  7.823997e+01  1.593325e+01  0.000000e+00  0.000000e+00  0.000000e+00  0.000000e+00  0.000000e+00  0.000000e+00  0.000000e+00  0.000000e+00  0.000000e+00  0.000000e+00  0.000000e+00  0.000000e+00  0.000000e+00  0.000000e+00
1.498715e+01  1.944880e+01  2.425855e+01  0.000000e+00  0.000000e+00  8.194514e+00  0.000000e+00  3.140340e+00  0.000000e+00  0.000000e+00  0.000000e+00  0.000000e+00  0.000000e+00  0.000000e+00  0.000000e+00  0.000000e+00  0.000000e+00
1.681586e+01  4.811094e+01  2.766863e+01  6.903517e+00  0.000000e+00  1.375115e+01  2.798831e+00  0.000000e+00  0.000000e+00  0.000000e+00  0.000000e+00  0.000000e+00  0.000000e+00  0.000000e+00  0.000000e+00  0.000000e+00  0.000000e+00
1.886771e+01  3.281810e+01  2.926538e+01  0.000000e+00  0.000000e+00  6.152766e+00  0.000000e+00  0.000000e+00  0.000000e+00  0.000000e+00  0.000000e+00  0.000000e+00  0.000000e+00  0.000000e+00  0.000000e+00  0.000000e+00  0.000000e+00
2.116992e+01  3.375657e+01  3.057764e+01  0.000000e+00  0.000000e+00  6.706546e+00  0.000000e+00  2.912540e+00  0.000000e+00  0.000000e+00  0.000000e+00  4.045877e+00  0.000000e+00  0.000000e+00  0.000000e+00  0.000000e+00  0.000000e+00
2.375304e+01  6.244535e+01  1.215965e+01  1.050628e+01  0.000000e+00  1.836649e+01  0.000000e+00  4.887316e+00  0.000000e+00  0.000000e+00  0.000000e+00  0.000000e+00  0.000000e+00  0.000000e+00  0.000000e+00  0.000000e+00  0.000000e+00
2.665135e+01  5.572283e+01  3.223833e+01  2.313513e+00  2.522891e-01  3.655651e+00  0.000000e+00  0.000000e+00  7.510070e+00  0.000000e+00  0.000000e+00  0.000000e+00  0.000000e+00  0.000000e+00  0.000000e+00  0.000000e+00  0.000000e+00
2.990330e+01  6.362548e+01  2.924542e+01  2.770081e+00  0.000000e+00  6.666674e+00  0.000000e+00  3.635819e+00  0.000000e+00  0.000000e+00  0.000000e+00  1.053605e+00  0.000000e+00  4.230798e+00  0.000000e+00  0.000000e+00  0.000000e+00
3.355206e+01  8.154835e+01  2.325476e+01  3.095308e+00  0.000000e+00  6.069233e+00  0.000000e+00  1.078396e+01  0.000000e+00  0.000000e+00  0.000000e+00  3.849907e+00  0.000000e+00  5.709254e+00  0.000000e+00  0.000000e+00  0.000000e+00
3.764603e+01  9.233436e+01  1.978547e+01  4.912720e-02  1.637842e+00  1.396416e+01  0.000000e+00  2.680073e-01  0.000000e+00  0.000000e+00  0.000000e+00  0.000000e+00  0.000000e+00  7.059098e-02  0.000000e+00  0.000000e+00  0.000000e+00
4.223954e+01  8.166347e+01  4.091136e+01  2.304369e+00  0.000000e+00  2.073809e+01  0.000000e+00  2.291383e+00  0.000000e+00  0.000000e+00  0.000000e+00  1.807305e+00  0.000000e+00  1.976949e+01  0.000000e+00  0.000000e+00  0.000000e+00
4.739354e+01  1.120108e+02  4.513541e+01  1.300984e+00  3.492294e+00  5.123702e+00  0.000000e+00  4.673908e+00  0.000000e+00  0.000000e+00  0.000000e+00  0.000000e+00  0.000000e+00  7.729701e+00  0.000000e+00  0.000000e+00  0.000000e+00
5.317643e+01  1.000963e+02  2.425265e+01  3.204074e+00  0.000000e+00  1.464675e+01  0.000000e+00  6.195743e+00  0.000000e+00  0.000000e+00  0.000000e+00  1.610693e+00  0.000000e+00  0.000000e+00  0.000000e+00  0.000000e+00  0.000000e+00
5.966493e+01  1.315874e+02  4.815780e+01  3.578595e+00  1.822226e+00  1.071420e+01  0.000000e+00  8.151629e+00  0.000000e+00  0.000000e+00  0.000000e+00  1.812374e+00  0.000000e+00  7.895906e-01  0.000000e+00  0.000000e+00  0.000000e+00
6.694516e+01  1.447188e+02  3.963496e+01  6.036799e+00  0.000000e+00  1.885452e+01  0.000000e+00  1.834523e+00  0.000000e+00  9.896205e-01  0.000000e+00  3.853455e+00  0.000000e+00  4.726991e+01  0.000000e+00  0.000000e+00  0.000000e+00
7.511370e+01  1.517256e+02  5.803856e+01  6.468225e+00  2.009203e+00  1.196871e+01  0.000000e+00  4.655408e+00  0.000000e+00  0.000000e+00  0.000000e+00  1.295842e+00  0.000000e+00  1.393296e+04  0.000000e+00  0.000000e+00  0.000000e+00
8.427896e+01  1.923864e+02  6.045855e+01  3.417474e+00  5.301803e+00  1.616839e+01  0.000000e+00  9.662144e+00  0.000000e+00  0.000000e+00  0.000000e+00  0.000000e+00  0.000000e+00  1.697588e+04  0.000000e+00  0.000000e+00  0.000000e+00
9.456255e+01  1.895085e+02  4.670003e+01  5.886903e+00  2.350781e+00  1.559210e+01  0.000000e+00  2.353998e+00  0.000000e+00  7.100703e-01  0.000000e+00  9.472566e-03  0.000000e+00  1.291957e+04  0.000000e+00  0.000000e+00  0.000000e+00
1.061009e+02  2.197740e+02  6.314010e+01  4.183454e+00  7.891572e-01  2.048814e+01  0.000000e+00  3.866105e+00  0.000000e+00  0.000000e+00  1.019173e+00  2.864966e+00  0.000000e+00  9.768327e+03  0.000000e+00  0.000000e+00  0.000000e+00
1.190472e+02  2.373163e+02  7.982245e+01  8.258908e+00  1.277363e+00  2.117219e+01  0.000000e+00  3.222906e+00  0.000000e+00  3.953454e-01  2.166957e+00  8.581646e+03  0.000000e+00  7.203696e+03  0.000000e+00  7.302818e-01  0.000000e+00
1.335731e+02  2.667188e+02  8.425860e+01  6.904837e+00  1.384593e-02  2.195958e+01  0.000000e+00  3.468945e+00  0.000000e+00  0.000000e+00  0.000000e+00  7.221027e+03  0.000000e+00  5.315690e+03  0.000000e+00  0.000000e+00  0.000000e+00
1.498715e+02  6.463339e+02  9.911434e+01  4.224647e+00  1.377128e+00  1.237266e+01  0.000000e+00  7.364931e+00  0.000000e+00  6.953884e-01  1.360869e+00  5.405768e+03  0.000000e+00  3.968848e+03  0.000000e+00  0.000000e+00  0.000000e+00
1.681586e+02  9.259658e+02  1.013977e+02  6.328341e+00  1.375115e+00  1.152409e+01  5.326815e-03  8.227823e+00  0.000000e+00  1.028343e+00  0.000000e+00  4.041833e+03  0.000000e+00  2.928730e+03  0.000000e+00  0.000000e+00  0.000000e+00
1.886771e+02  5.434284e+02  1.166860e+02  4.624046e+00  1.328725e+00  2.436512e+01  5.762384e-01  8.039576e+00  4.256945e-01  4.256945e-01  0.000000e+00  2.976745e+03  0.000000e+00  2.130587e+03  0.000000e+00  0.000000e+00  0.000000e+00
2.116992e+02  2.384065e+02  1.474894e+02  5.911130e+00  3.729945e+00  1.116170e+01  3.794006e-01  5.616511e+00  0.000000e+00  0.000000e+00  4.231240e-03  2.374415e+03  0.000000e+00  1.457469e+03  0.000000e+00  8.736189e-03  0.000000e+00
2.375304e+02  1.745536e+02  7.282571e+02  8.477614e+00  2.988207e+00  1.549472e+01  1.505904e-01  7.241368e+00  7.079922e-01  0.000000e+00  1.981420e-01  1.777567e+03  0.000000e+00  1.072326e+03  0.000000e+00  7.083334e-01  0.000000e+00
2.665135e+02  1.438371e+02  6.094568e+02  8.452865e+00  2.823030e+00  2.254405e+01  3.896762e-01  5.365524e+00  0.000000e+00  3.013686e-01  6.345751e-01  1.291284e+03  0.000000e+00  7.282759e+02  0.000000e+00  0.000000e+00  0.000000e+00
2.990330e+02  8.993863e+01  9.455483e+01  4.784369e+00  1.694656e+00  1.680881e+01  9.917575e-02  1.019060e+01  4.304224e-03  8.886878e-03  2.245439e-01  9.726274e+02  0.000000e+00  5.432417e+02  0.000000e+00  0.000000e+00  0.000000e+00
3.355206e+02  8.053802e+01  8.627469e+01  5.606752e+00  2.469773e+00  1.767079e+01  2.393856e-01  7.337431e+00  2.132197e-01  1.837689e-01  7.889054e-01  7.305562e+02  1.404113e-01  3.886831e+02  0.000000e+00  0.000000e+00  1.526915e-02
3.764603e+02  5.336989e+01  6.406379e+01  7.544210e+00  2.986029e+00  1.959461e+01  4.373584e-01  5.081346e+00  0.000000e+00  2.758696e-01  0.000000e+00  4.687418e+02  0.000000e+00  2.810327e+02  0.000000e+00  0.000000e+00  0.000000e+00
4.223954e+02  3.470560e+01  5.546293e+01  4.568734e+00  2.415186e+00  1.719597e+01  1.490199e-01  6.669832e+00  6.484349e-01  1.931979e-01  6.151099e-01  3.632775e+02  0.000000e+00  1.480450e+02  0.000000e+00  4.378466e-03  0.000000e+00
4.739354e+02  2.932564e+01  4.628919e+01  6.434489e+00  3.661047e+00  1.487565e+01  3.582628e-01  7.355327e+00  7.260677e-01  4.223223e-01  0.000000e+00  2.314814e+02  0.000000e+00  1.005202e+02  4.223223e-01  0.000000e+00  0.000000e+00
5.317643e+02  2.340890e+01  3.061874e+01  7.247057e+00  1.982145e+00  1.471525e+01  4.233375e-01  5.437693e+00  7.694769e-01  7.106538e-01  3.247558e-01  1.934127e+02  0.000000e+00  7.733727e+01  1.684487e-03  3.164009e-01  0.000000e+00
5.966493e+02  2.099626e+01  2.792455e+01  7.381550e+00  3.940370e+00  1.416393e+01  7.058914e-01  6.005055e+00  6.406228e-01  2.805022e-01  2.120422e-01  1.344047e+02  0.000000e+00  5.292383e+01  0.000000e+00  4.453990e-03  0.000000e+00
6.694516e+02  1.659877e+01  2.382795e+01  8.797628e+00  5.156626e+00  1.390213e+01  6.275809e-01  6.985632e+00  4.112090e-01  3.285414e-01  1.692655e-01  9.419896e+01  0.000000e+00  3.292316e+01  0.000000e+00  0.000000e+00  0.000000e+00
7.511370e+02  1.329767e+01  1.839148e+01  5.828007e+00  4.196122e+00  9.119863e+00  1.483653e-01  5.179854e+00  4.937906e-01  5.049730e-01  1.103403e-01  6.340900e+01  0.000000e+00  2.122690e+01  0.000000e+00  0.000000e+00  0.000000e+00
8.427896e+02  8.520742e+00  1.581352e+01  5.365358e+00  4.124582e+00  1.068445e+01  2.667470e-01  5.894642e+00  1.963861e-01  1.115018e-01  4.566285e-01  3.287539e+01  0.000000e+00  1.080082e+01  0.000000e+00  3.056088e-01  0.000000e+00
9.456255e+02  8.539995e+00  1.231671e+01  7.114789e+00  3.199103e+00  8.566851e+00  5.205104e-01  6.227464e+00  5.695746e-01  0.000000e+00  3.690918e-01  2.840666e+01  7.110474e-03  8.035680e+00  0.000000e+00  0.000000e+00  0.000000e+00
1.061009e+03  7.782283e+00  8.839745e+00  6.879091e+00  4.564750e+00  7.139283e+00  5.457875e-01  5.500609e+00  4.542690e-01  8.836026e-01  1.654397e-01  1.918353e+01  0.000000e+00  3.387516e+00  6.877805e-02  4.440194e-02  0.000000e+00
1.190472e+03  5.192242e+00  7.540576e+00  6.127569e+00  4.588832e+00  4.843656e+00  6.506105e-01  3.584990e+00  6.071328e-01  2.543724e-01  5.104913e-01  1.184437e+01  0.000000e+00  3.333079e+00  0.000000e+00  0.000000e+00  0.000000e+00
1.335731e+03  5.362711e+00  7.038520e+00  5.133880e+00  3.341684e+00  4.102915e+00  3.061414e-01  4.349210e+00  3.042275e-01  5.139187e-01  1.483224e-01  5.756361e+00  0.000000e+00  1.315233e+00  1.928261e-01  0.000000e+00  0.000000e+00
1.498715e+03  3.301223e+00  5.068618e+00  3.993470e+00  3.978708e+00  3.060944e+00  9.526302e-01  4.093682e+00  9.015435e-01  8.225793e-01  2.550406e-01  3.196920e+00  6.732039e-03  1.736566e+00  0.000000e+00  0.000000e+00  2.156133e-02
1.681586e+03  1.561951e+00  5.251388e+00  3.342877e+00  3.314144e+00  3.861292e+00  4.092242e-01  2.858425e+00  6.063333e-01  5.745987e-01  4.794550e-01  3.576076e+00  0.000000e+00  8.121263e-01  1.444545e-01  0.000000e+00  3.046597e-03
1.886771e+03  2.226251e+00  3.318003e+00  3.476777e+00  3.979019e+00  3.089396e+00  5.419465e-01  2.523810e+00  6.379864e-01  4.300106e-01  4.661669e-01  1.800470e+00  9.973286e-02  5.504322e-02  1.493350e-01  2.015071e-03  0.000000e+00
2.116992e+03  1.479034e+00  3.458905e+00  2.157266e+00  2.473608e+00  1.281111e+00  4.825936e-01  2.024562e+00  5.255414e-01  1.448443e-01  3.298224e-01  9.984281e-01  5.735530e-02  3.475846e-01  8.736189e-04  0.000000e+00  8.736189e-04
2.375304e+03  7.153697e-01  1.920106e+00  2.143423e+00  3.779571e+00  1.403853e+00  8.431369e-01  1.840649e+00  4.599002e-01  2.632177e-01  1.019740e-01  9.735567e-01  5.418696e-04  0.000000e+00  3.605892e-02  0.000000e+00  4.590190e-02
2.665135e+03  7.624196e-01  1.590933e+00  1.668697e+00  3.334664e+00  6.970534e-01  4.417159e-01  1.171533e+00  8.204810e-01  2.279028e-01  4.734963e-01  6.491048e-01  1.958601e-01  1.010484e-01  4.747033e-02  0.000000e+00  1.005801e-01
2.990330e+03  2.408079e-01  1.149977e+00  1.131430e+00  2.595370e+00  5.847955e-01  6.358912e-01  8.584215e-01  4.600910e-01  2.872638e-01  2.698717e-01  5.171511e-01  5.072463e-02  0.000000e+00  4.319667e-02  0.000000e+00  1.437134e-01
3.355206e+03  2.076154e-01  1.379708e+00  1.328166e+00  2.661763e+00  2.726348e-01  6.037277e-01  4.734747e-01  3.239587e-01  1.753148e-01  2.229298e-01  1.284318e-01  9.296844e-02  7.015462e-02  9.390264e-03  0.000000e+00  8.181894e-04
3.764603e+03  6.831845e-02  5.189184e-01  9.503558e-01  1.627755e+00  2.317583e-01  5.843266e-01  3.258818e-01  2.528373e-01  1.399003e-01  2.697871e-01  2.138249e-01  2.770841e-02  2.379401e-04  6.908616e-02  0.000000e+00  1.046586e-01
4.223954e+03  1.909857e-02  3.445399e-01  4.031807e-01  1.260181e+00  1.293333e-01  2.569534e-01  2.775647e-01  3.365464e-01  2.038521e-01  2.139848e-01  1.718418e-01  3.919959e-02  0.000000e+00  7.882968e-02  0.000000e+00  5.685534e-02
4.739354e+03  2.053771e-02  3.016746e-01  4.792683e-01  1.234971e+00  1.283130e-01  2.894306e-01  9.295954e-02  2.658948e-01  9.810972e-02  1.250910e-01  1.337583e-01  5.478220e-02  8.022140e-04  4.171114e-03  0.000000e+00  2.346855e-02
5.317643e+03  5.760485e-02  3.005386e-01  3.462062e-01  7.691645e-01  2.458083e-02  2.358131e-01  4.975366e-02  4.435990e-01  1.809252e-01  1.680371e-01  7.463445e-02  6.304753e-02  0.000000e+00  7.229274e-02  0.000000e+00  7.113186e-02
5.966493e+03  3.273939e-02  1.494539e-01  2.122067e-01  5.312573e-01  5.069710e-02  2.842060e-01  4.472997e-02  2.335641e-01  8.889862e-02  1.650300e-01  4.970562e-03  1.652318e-02  0.000000e+00  1.876097e-02  0.000000e+00  2.962249e-02
6.694516e+03  1.922626e-04  1.029107e-01  1.533614e-01  4.202357e-01  2.050465e-02  4.395658e-01  2.426270e-02  1.258439e-01  1.117164e-01  1.484345e-01  9.530727e-02  8.494472e-02  0.000000e+00  1.549712e-02  0.000000e+00  7.652705e-04
7.511370e+03  7.615159e-03  9.881774e-02  1.292898e-01  1.865591e-01  3.823813e-02  2.333661e-01  4.693072e-02  1.139704e-01  3.198554e-02  8.699993e-02  6.350217e-03  3.270617e-02  0.000000e+00  1.816264e-03  0.000000e+00  9.198867e-02
8.427896e+03  1.283063e-02  8.391405e-02  6.724483e-02  9.395145e-02  1.634952e-02  3.238859e-01  5.143108e-02  2.716194e-01  4.213558e-02  4.071832e-02  6.121816e-02  5.927632e-02  0.000000e+00  1.113127e-03  0.000000e+00  2.323943e-02
9.456255e+03  0.000000e+00  1.979887e-02  6.564026e-02  1.806861e-01  1.595215e-02  1.957811e-01  1.955789e-04  9.021607e-02  5.920154e-02  3.624203e-02  9.177829e-02  7.980161e-02  0.000000e+00  3.496139e-02  0.000000e+00  3.331791e-03
1.061009e+04  0.000000e+00  5.603982e-02  2.149232e-02  1.147527e-01  8.246897e-03  1.544006e-01  2.811692e-02  6.169111e-02  3.219928e-03  4.564370e-02  5.025057e-02  4.695769e-02  0.000000e+00  1.213095e-04  0.000000e+00  3.046170e-02
1.190472e+04  0.000000e+00  5.828382e-04  4.303433e-04  6.116971e-02  0.000000e+00  5.282115e-02  7.524326e-05  6.542317e-03  2.162344e-04  5.189342e-02  6.942887e-02  2.103803e-02  0.000000e+00  1.113009e-02  0.000000e+00  1.744238e-02
1.335731e+04  0.000000e+00  1.953478e-02  3.022324e-02  7.960463e-02  0.000000e+00  3.815114e-02  1.989524e-04  1.672382e-02  2.287329e-03  3.633150e-02  2.173269e-02  8.266308e-03  0.000000e+00  0.000000e+00  0.000000e+00  1.463056e-02
1.498715e+04  0.000000e+00  1.609051e-02  6.732039e-04  9.072560e-03  0.000000e+00  3.043792e-02  0.000000e+00  3.400181e-02  3.143417e-03  7.468875e-03  2.468039e-04  2.001401e-02  0.000000e+00  2.092825e-04  0.000000e+00  2.715935e-02
1.681586e+04  0.000000e+00  1.599839e-03  7.654112e-05  5.587568e-03  0.000000e+00  5.048155e-02  5.326815e-05  6.414259e-03  0.000000e+00  5.999936e-04  3.998513e-04  4.626932e-04  0.000000e+00  1.908796e-02  0.000000e+00  2.108178e-02
1.886771e+04  0.000000e+00  4.951925e-03  0.000000e+00  1.079658e-02  0.000000e+00  3.231603e-02  0.000000e+00  2.468388e-02  0.000000e+00  0.000000e+00  1.166397e-02  1.121122e-02  0.000000e+00  1.962114e-02  0.000000e+00  1.949040e-02
2.116992e+04  0.000000e+00  4.231240e-05  0.000000e+00  9.602424e-03  0.000000e+00  1.678429e-04  0.000000e+00  5.107965e-03  0.000000e+00  0.000000e+00  0.000000e+00  9.454618e-03  0.000000e+00  2.757436e-02  0.000000e+00  5.107965e-03
2.375304e+04  0.000000e+00  0.000000e+00  0.000000e+00  3.771096e-05  0.000000e+00  5.912907e-03  2.156825e-04  1.248549e-03  0.000000e+00  1.983362e-03  5.326259e-03  1.083739e-04  0.000000e+00  0.000000e+00  0.000000e+00  1.495807e-02
2.665135e+04  0.000000e+00  1.922273e-04  0.000000e+00  9.063044e-03  0.000000e+00  0.000000e+00  0.000000e+00  0.000000e+00  0.000000e+00  1.426561e-04  0.000000e+00  0.000000e+00  0.000000e+00  0.000000e+00  0.000000e+00  1.922273e-04
2.990330e+04  0.000000e+00  0.000000e+00  0.000000e+00  2.215484e-03  0.000000e+00  0.000000e+00  0.000000e+00  0.000000e+00  0.000000e+00  0.000000e+00  0.000000e+00  3.207242e-03  0.000000e+00  5.222555e-03  0.000000e+00  3.328005e-03
3.355206e+04  0.000000e+00  0.000000e+00  0.000000e+00  0.000000e+00  0.000000e+00  0.000000e+00  0.000000e+00  0.000000e+00  0.000000e+00  0.000000e+00  0.000000e+00  5.512163e-05  0.000000e+00  5.014617e-03  0.000000e+00  2.266315e-04
3.764603e+04  0.000000e+00  0.000000e+00  0.000000e+00  2.680073e-04  0.000000e+00  0.000000e+00  0.000000e+00  0.000000e+00  0.000000e+00  0.000000e+00  0.000000e+00  1.759822e-03  0.000000e+00  2.680073e-04  0.000000e+00  2.379401e-05
4.223954e+04  0.000000e+00  0.000000e+00  0.000000e+00  1.591837e-04  0.000000e+00  0.000000e+00  0.000000e+00  8.135057e-03  0.000000e+00  0.000000e+00  0.000000e+00  1.837776e-03  0.000000e+00  0.000000e+00  0.000000e+00  0.000000e+00
4.739354e+04  0.000000e+00  0.000000e+00  0.000000e+00  0.000000e+00  0.000000e+00  0.000000e+00  0.000000e+00  1.890025e-05  0.000000e+00  0.000000e+00  0.000000e+00  1.607729e-04  0.000000e+00  1.397876e-03  0.000000e+00  0.000000e+00
5.317643e+04  0.000000e+00  0.000000e+00  0.000000e+00  0.000000e+00  0.000000e+00  0.000000e+00  0.000000e+00  0.000000e+00  0.000000e+00  0.000000e+00  0.000000e+00  0.000000e+00  0.000000e+00  0.000000e+00  0.000000e+00  0.000000e+00
5.966493e+04  0.000000e+00  0.000000e+00  0.000000e+00  0.000000e+00  0.000000e+00  0.000000e+00  0.000000e+00  0.000000e+00  0.000000e+00  0.000000e+00  0.000000e+00  0.000000e+00  0.000000e+00  0.000000e+00  0.000000e+00  0.000000e+00
6.694516e+04  0.000000e+00  0.000000e+00  0.000000e+00  0.000000e+00  0.000000e+00  0.000000e+00  0.000000e+00  0.000000e+00  0.000000e+00  0.000000e+00  0.000000e+00  0.000000e+00  0.000000e+00  0.000000e+00  0.000000e+00  4.563821e-04
7.511370e+04  0.000000e+00  0.000000e+00  0.000000e+00  0.000000e+00  0.000000e+00  0.000000e+00  0.000000e+00  0.000000e+00  0.000000e+00  0.000000e+00  0.000000e+00  0.000000e+00  0.000000e+00  0.000000e+00  0.000000e+00  3.198554e-03
8.427896e+04  0.000000e+00  0.000000e+00  0.000000e+00  0.000000e+00  0.000000e+00  0.000000e+00  0.000000e+00  0.000000e+00  0.000000e+00  0.000000e+00  0.000000e+00  0.000000e+00  0.000000e+00  0.000000e+00  0.000000e+00  0.000000e+00
9.456255e+04  0.000000e+00  0.000000e+00  0.000000e+00  0.000000e+00  0.000000e+00  0.000000e+00  0.000000e+00  0.000000e+00  0.000000e+00  0.000000e+00  0.000000e+00  0.000000e+00  0.000000e+00  0.000000e+00  0.000000e+00  0.000000e+00
1.061009e+05  0.000000e+00  0.000000e+00  0.000000e+00  0.000000e+00  0.000000e+00  0.000000e+00  0.000000e+00  0.000000e+00  0.000000e+00  0.000000e+00  0.000000e+00  0.000000e+00  0.000000e+00  0.000000e+00  0.000000e+00  0.000000e+00
1.190472e+05  0.000000e+00  0.000000e+00  0.000000e+00  0.000000e+00  0.000000e+00  0.000000e+00  0.000000e+00  0.000000e+00  0.000000e+00  0.000000e+00  0.000000e+00  0.000000e+00  0.000000e+00  0.000000e+00  0.000000e+00  0.000000e+00
1.335731e+05  0.000000e+00  0.000000e+00  0.000000e+00  0.000000e+00  0.000000e+00  0.000000e+00  0.000000e+00  0.000000e+00  0.000000e+00  0.000000e+00  0.000000e+00  0.000000e+00  0.000000e+00  0.000000e+00  0.000000e+00  0.000000e+00
1.498715e+05  0.000000e+00  0.000000e+00  0.000000e+00  0.000000e+00  0.000000e+00  0.000000e+00  0.000000e+00  0.000000e+00  0.000000e+00  0.000000e+00  0.000000e+00  0.000000e+00  0.000000e+00  0.000000e+00  0.000000e+00  0.000000e+00
1.681586e+05  0.000000e+00  0.000000e+00  0.000000e+00  0.000000e+00  0.000000e+00  0.000000e+00  0.000000e+00  0.000000e+00  0.000000e+00  0.000000e+00  0.000000e+00  0.000000e+00  0.000000e+00  0.000000e+00  0.000000e+00  0.000000e+00
1.886771e+05  0.000000e+00  0.000000e+00  0.000000e+00  0.000000e+00  0.000000e+00  0.000000e+00  0.000000e+00  0.000000e+00  0.000000e+00  0.000000e+00  0.000000e+00  0.000000e+00  0.000000e+00  0.000000e+00  0.000000e+00  0.000000e+00
2.116992e+05  0.000000e+00  0.000000e+00  0.000000e+00  0.000000e+00  0.000000e+00  0.000000e+00  0.000000e+00  0.000000e+00  0.000000e+00  0.000000e+00  0.000000e+00  0.000000e+00  0.000000e+00  0.000000e+00  0.000000e+00  0.000000e+00
2.375304e+05  0.000000e+00  0.000000e+00  0.000000e+00  0.000000e+00  0.000000e+00  0.000000e+00  0.000000e+00  0.000000e+00  0.000000e+00  0.000000e+00  0.000000e+00  0.000000e+00  0.000000e+00  0.000000e+00  0.000000e+00  0.000000e+00
2.665135e+05  0.000000e+00  0.000000e+00  0.000000e+00  0.000000e+00  0.000000e+00  0.000000e+00  0.000000e+00  0.000000e+00  0.000000e+00  0.000000e+00  0.000000e+00  0.000000e+00  0.000000e+00  0.000000e+00  0.000000e+00  0.000000e+00
2.990330e+05  0.000000e+00  0.000000e+00  0.000000e+00  0.000000e+00  0.000000e+00  0.000000e+00  0.000000e+00  0.000000e+00  0.000000e+00  0.000000e+00  0.000000e+00  0.000000e+00  0.000000e+00  0.000000e+00  0.000000e+00  0.000000e+00
3.355206e+05  0.000000e+00  0.000000e+00  0.000000e+00  0.000000e+00  0.000000e+00  0.000000e+00  0.000000e+00  0.000000e+00  0.000000e+00  0.000000e+00  0.000000e+00  0.000000e+00  0.000000e+00  0.000000e+00  0.000000e+00  0.000000e+00
3.764603e+05  0.000000e+00  0.000000e+00  0.000000e+00  0.000000e+00  0.000000e+00  0.000000e+00  0.000000e+00  0.000000e+00  0.000000e+00  0.000000e+00  0.000000e+00  0.000000e+00  0.000000e+00  0.000000e+00  0.000000e+00  0.000000e+00
4.223954e+05  0.000000e+00  0.000000e+00  0.000000e+00  0.000000e+00  0.000000e+00  0.000000e+00  0.000000e+00  0.000000e+00  0.000000e+00  0.000000e+00  0.000000e+00  0.000000e+00  0.000000e+00  0.000000e+00  0.000000e+00  0.000000e+00
4.739354e+05  0.000000e+00  0.000000e+00  0.000000e+00  0.000000e+00  0.000000e+00  0.000000e+00  0.000000e+00  0.000000e+00  0.000000e+00  0.000000e+00  0.000000e+00  0.000000e+00  0.000000e+00  0.000000e+00  0.000000e+00  0.000000e+00
5.317643e+05  0.000000e+00  0.000000e+00  0.000000e+00  0.000000e+00  0.000000e+00  0.000000e+00  0.000000e+00  0.000000e+00  0.000000e+00  0.000000e+00  0.000000e+00  0.000000e+00  0.000000e+00  0.000000e+00  0.000000e+00  0.000000e+00
5.966493e+05  0.000000e+00  0.000000e+00  0.000000e+00  0.000000e+00  0.000000e+00  0.000000e+00  0.000000e+00  0.000000e+00  0.000000e+00  0.000000e+00  0.000000e+00  0.000000e+00  0.000000e+00  0.000000e+00  0.000000e+00  0.000000e+00
6.694516e+05  0.000000e+00  0.000000e+00  0.000000e+00  0.000000e+00  0.000000e+00  0.000000e+00  0.000000e+00  0.000000e+00  0.000000e+00  0.000000e+00  0.000000e+00  0.000000e+00  0.000000e+00  0.000000e+00  0.000000e+00  0.000000e+00
7.511370e+05  0.000000e+00  0.000000e+00  0.000000e+00  0.000000e+00  0.000000e+00  0.000000e+00  0.000000e+00  0.000000e+00  0.000000e+00  0.000000e+00  0.000000e+00  0.000000e+00  0.000000e+00  0.000000e+00  0.000000e+00  0.000000e+00
8.427896e+05  0.000000e+00  0.000000e+00  0.000000e+00  0.000000e+00  0.000000e+00  0.000000e+00  0.000000e+00  0.000000e+00  0.000000e+00  0.000000e+00  0.000000e+00  0.000000e+00  0.000000e+00  0.000000e+00  0.000000e+00  0.000000e+00
9.456255e+05  0.000000e+00  0.000000e+00  0.000000e+00  0.000000e+00  0.000000e+00  0.000000e+00  0.000000e+00  0.000000e+00  0.000000e+00  0.000000e+00  0.000000e+00  0.000000e+00  0.000000e+00  0.000000e+00  0.000000e+00  0.000000e+00
