# dR/dEr [1/keV/kg/Myr]
# Er [keV], S, F, Ne, Cl, Na, Si, O, P, N, C, Al, Mg, Be, B, Ar, Li
1.061009e+01  1.215025e-02  1.195865e-02  0.000000e+00  0.000000e+00  7.654126e-03  0.000000e+00  6.065010e-04  0.000000e+00  0.000000e+00  0.000000e+00  0.000000e+00  0.000000e+00  3.775169e-03  0.000000e+00  0.000000e+00  0.000000e+00
1.190472e+01  1.901111e-03  3.226324e-03  0.000000e+00  0.000000e+00  6.125003e-04  0.000000e+00  0.000000e+00  0.000000e+00  0.000000e+00  0.000000e+00  0.000000e+00  0.000000e+00  0.000000e+00  0.000000e+00  0.000000e+00  0.000000e+00
1.335731e+01  2.978223e-03  2.544788e-03  0.000000e+00  0.000000e+00  0.000000e+00  0.000000e+00  0.000000e+00  0.000000e+00  0.000000e+00  0.000000e+00  0.000000e+00  0.000000e+00  0.000000e+00  0.000000e+00  0.000000e+00  0.000000e+00
1.498715e+01  7.004022e-04  2.766253e-03  0.000000e+00  0.000000e+00  2.011869e-03  0.000000e+00  1.104351e-04  0.000000e+00  0.000000e+00  0.000000e+00  0.000000e+00  0.000000e+00  0.000000e+00  0.000000e+00  0.000000e+00  0.000000e+00
1.681586e+01  1.732910e-03  1.463942e-03  2.471778e-04  0.000000e+00  5.004449e-04  9.842534e-05  0.000000e+00  0.000000e+00  0.000000e+00  0.000000e+00  0.000000e+00  0.000000e+00  0.000000e+00  0.000000e+00  0.000000e+00  0.000000e+00
1.886771e+01  1.178486e-03  1.334982e-03  0.000000e+00  0.000000e+00  2.202975e-04  0.000000e+00  0.000000e+00  0.000000e+00  0.000000e+00  0.000000e+00  0.000000e+00  0.000000e+00  0.000000e+00  0.000000e+00  0.000000e+00  0.000000e+00
2.116992e+01  2.163685e-03  2.459244e-03  0.000000e+00  0.000000e+00  2.412681e-04  0.000000e+00  1.037649e-04  0.000000e+00  0.000000e+00  0.000000e+00  1.683774e-03  0.000000e+00  0.000000e+00  0.000000e+00  0.000000e+00  0.000000e+00
2.375304e+01  3.501220e-03  4.394998e-04  6.002837e-04  0.000000e+00  1.406812e-03  0.000000e+00  1.749885e-04  0.000000e+00  0.000000e+00  0.000000e+00  0.000000e+00  0.000000e+00  0.000000e+00  0.000000e+00  0.000000e+00  0.000000e+00
2.665135e+01  3.211933e-03  3.553997e-03  8.242336e-05  9.753983e-04  1.291593e-04  0.000000e+00  0.000000e+00  9.379721e-04  0.000000e+00  0.000000e+00  0.000000e+00  0.000000e+00  0.000000e+00  0.000000e+00  0.000000e+00  0.000000e+00
2.990330e+01  3.862857e-03  1.108895e-03  9.700212e-05  0.000000e+00  2.391281e-03  0.000000e+00  1.288085e-04  0.000000e+00  0.000000e+00  0.000000e+00  1.196692e-03  0.000000e+00  1.100916e-03  0.000000e+00  0.000000e+00  0.000000e+00
3.355206e+01  3.973864e-03  1.573945e-03  1.147284e-04  0.000000e+00  2.177011e-04  0.000000e+00  7.070236e-04  0.000000e+00  0.000000e+00  0.000000e+00  1.298744e-03  0.000000e+00  3.017786e-03  0.000000e+00  0.000000e+00  0.000000e+00
3.764603e+01  6.546236e-03  3.910004e-03  1.499972e-04  5.835127e-05  2.124513e-03  0.000000e+00  7.165659e-04  0.000000e+00  0.000000e+00  0.000000e+00  0.000000e+00  0.000000e+00  2.830176e-04  0.000000e+00  0.000000e+00  0.000000e+00
4.223954e+01  5.110155e-03  2.521900e-03  8.403869e-04  0.000000e+00  8.769818e-04  0.000000e+00  3.306074e-04  0.000000e+00  0.000000e+00  0.000000e+00  1.461662e-03  0.000000e+00  2.217298e-03  0.000000e+00  0.000000e+00  0.000000e+00
4.739354e+01  5.566804e-03  1.848752e-03  4.635006e-05  1.275716e-04  7.261225e-04  0.000000e+00  1.661883e-04  0.000000e+00  0.000000e+00  0.000000e+00  0.000000e+00  0.000000e+00  2.312107e-03  0.000000e+00  0.000000e+00  0.000000e+00
5.317643e+01  5.314684e-03  9.038922e-04  1.137439e-04  0.000000e+00  2.236837e-03  0.000000e+00  2.197864e-04  0.000000e+00  0.000000e+00  0.000000e+00  6.703226e-04  0.000000e+00  0.000000e+00  0.000000e+00  0.000000e+00  0.000000e+00
5.966493e+01  6.132067e-03  3.408636e-03  1.273575e-04  6.455719e-05  1.479917e-03  0.000000e+00  1.980058e-03  0.000000e+00  0.000000e+00  0.000000e+00  5.794426e-04  0.000000e+00  5.510386e-04  0.000000e+00  0.000000e+00  0.000000e+00
6.694516e+01  7.246703e-03  3.187227e-03  2.159030e-04  0.000000e+00  8.841243e-04  0.000000e+00  4.504013e-04  0.000000e+00  5.192918e-04  0.000000e+00  2.968508e-04  0.000000e+00  6.382681e-03  0.000000e+00  0.000000e+00  0.000000e+00
7.511370e+01  8.184640e-03  3.192734e-03  6.641999e-04  7.328199e-05  7.458468e-04  0.000000e+00  1.704932e-04  0.000000e+00  0.000000e+00  0.000000e+00  4.725843e-04  0.000000e+00  2.356563e+00  0.000000e+00  0.000000e+00  0.000000e+00
8.427896e+01  8.630558e-03  3.099303e-03  1.232562e-04  5.765593e-04  7.897743e-04  0.000000e+00  7.106887e-04  0.000000e+00  0.000000e+00  0.000000e+00  0.000000e+00  0.000000e+00  2.804588e+00  0.000000e+00  0.000000e+00  0.000000e+00
9.456255e+01  9.408266e-03  2.315482e-03  3.631657e-04  8.479633e-05  1.796626e-03  0.000000e+00  1.973336e-04  0.000000e+00  3.844039e-04  0.000000e+00  1.677346e-05  0.000000e+00  2.153419e+00  0.000000e+00  0.000000e+00  0.000000e+00
1.061009e+02  9.588772e-03  3.839796e-03  7.070902e-04  4.228827e-05  1.147479e-03  0.000000e+00  3.851600e-04  0.000000e+00  0.000000e+00  3.258445e-04  3.642103e-04  0.000000e+00  1.581194e+00  0.000000e+00  0.000000e+00  0.000000e+00
1.190472e+02  9.804997e-03  4.976446e-03  3.515542e-04  2.695022e-04  2.298180e-03  0.000000e+00  3.111844e-04  0.000000e+00  1.390295e-05  1.669315e-04  1.375443e+00  0.000000e+00  1.198728e+00  0.000000e+00  3.245614e-04  0.000000e+00
1.335731e+02  1.148235e-02  4.741128e-03  7.168755e-04  4.227496e-05  1.523438e-03  0.000000e+00  2.150922e-04  0.000000e+00  0.000000e+00  0.000000e+00  1.174262e+00  0.000000e+00  8.988171e-01  0.000000e+00  0.000000e+00  0.000000e+00
1.498715e+02  2.544284e-02  5.205328e-03  1.891168e-04  8.817069e-05  7.905211e-04  0.000000e+00  9.711746e-04  0.000000e+00  2.020802e-04  3.004284e-04  8.830583e-01  0.000000e+00  6.760051e-01  0.000000e+00  0.000000e+00  0.000000e+00
1.681586e+02  3.572730e-02  7.229492e-03  3.465718e-04  5.004449e-05  1.151343e-03  9.432409e-06  8.696562e-04  0.000000e+00  2.851318e-04  0.000000e+00  6.890917e-01  0.000000e+00  4.809010e-01  0.000000e+00  0.000000e+00  0.000000e+00
1.886771e+02  2.289277e-02  5.658026e-03  3.885762e-04  4.748550e-05  1.504366e-03  2.041478e-05  9.327114e-04  1.542812e-05  1.542812e-05  0.000000e+00  5.055368e-01  0.000000e+00  3.446592e-01  0.000000e+00  0.000000e+00  0.000000e+00
2.116992e+02  1.153786e-02  7.740070e-03  3.771399e-04  2.553076e-04  1.057564e-03  1.375032e-05  4.785210e-04  0.000000e+00  0.000000e+00  7.492429e-06  3.996798e-01  0.000000e+00  2.443754e-01  0.000000e+00  2.667369e-05  0.000000e+00
2.375304e+02  8.265445e-03  2.817646e-02  5.864008e-04  2.432010e-04  1.554498e-03  5.243863e-06  8.555558e-04  7.030914e-05  0.000000e+00  6.967981e-06  2.954441e-01  0.000000e+00  1.858332e-01  0.000000e+00  2.808034e-05  0.000000e+00
2.665135e+02  7.251094e-03  2.398722e-02  6.896854e-04  2.455729e-04  1.813763e-03  1.444345e-05  6.065361e-04  0.000000e+00  1.092227e-05  1.047599e-04  2.124575e-01  0.000000e+00  1.215219e-01  0.000000e+00  0.000000e+00  0.000000e+00
2.990330e+02  5.990167e-03  5.054955e-03  2.676644e-04  1.503517e-04  1.523372e-03  1.007857e-04  8.087320e-04  1.000813e-05  3.562981e-05  1.215592e-04  1.655928e-01  0.000000e+00  8.872034e-02  0.000000e+00  0.000000e+00  0.000000e+00
3.355206e+02  5.288066e-03  5.266220e-03  2.887145e-04  2.464939e-04  1.365041e-03  8.675867e-06  4.410013e-04  7.424741e-06  6.547120e-06  1.367082e-04  1.212290e-01  9.799006e-05  6.416215e-02  0.000000e+00  0.000000e+00  7.902516e-05
3.764603e+02  3.976375e-03  3.844015e-03  6.226826e-04  2.889144e-04  1.137685e-03  2.869885e-04  4.759345e-04  0.000000e+00  1.022518e-05  0.000000e+00  8.123675e-02  0.000000e+00  4.501991e-02  0.000000e+00  0.000000e+00  0.000000e+00
4.223954e+02  2.663024e-03  3.789745e-03  2.604588e-04  2.275582e-04  1.269152e-03  1.228578e-05  4.851218e-04  1.584033e-04  1.397670e-05  6.041620e-05  5.876226e-02  0.000000e+00  2.496623e-02  0.000000e+00  1.336852e-05  0.000000e+00
4.739354e+02  2.497150e-03  3.275420e-03  4.239110e-04  2.602730e-04  1.016744e-03  7.758251e-05  8.614916e-04  5.667962e-05  5.274605e-05  0.000000e+00  4.017305e-02  0.000000e+00  1.808375e-02  5.274605e-05  0.000000e+00  0.000000e+00
5.317643e+02  2.262423e-03  3.273012e-03  7.262588e-04  1.384224e-04  8.066265e-04  3.507216e-05  3.765085e-04  1.031990e-04  5.895737e-05  1.213921e-04  3.459270e-02  0.000000e+00  1.267911e-02  2.982790e-06  1.254303e-05  0.000000e+00
5.966493e+02  2.185187e-03  2.840389e-03  6.155399e-04  5.661172e-04  7.778175e-04  9.537748e-05  6.927965e-04  7.068222e-05  5.332704e-05  5.517653e-05  2.255489e-02  0.000000e+00  8.398719e-03  0.000000e+00  1.785720e-05  0.000000e+00
6.694516e+02  1.705139e-03  2.691394e-03  8.352733e-04  5.535065e-04  8.971678e-04  4.731743e-05  5.764991e-04  3.110869e-05  1.195887e-05  5.440151e-05  1.533922e-02  0.000000e+00  5.276066e-03  0.000000e+00  0.000000e+00  0.000000e+00
7.511370e+02  1.400879e-03  1.809455e-03  5.127913e-04  3.658486e-04  6.223732e-04  1.140385e-04  4.447256e-04  6.043933e-05  6.223825e-05  4.542881e-05  1.008519e-02  0.000000e+00  4.038186e-03  0.000000e+00  0.000000e+00  0.000000e+00
8.427896e+02  1.247383e-03  1.791221e-03  5.161889e-04  2.340400e-04  7.273097e-04  9.502145e-06  4.287771e-04  7.173876e-06  5.100849e-05  1.290084e-04  5.763499e-03  0.000000e+00  2.216649e-03  0.000000e+00  2.007464e-05  0.000000e+00
9.456255e+02  1.018690e-03  1.404856e-03  5.964789e-04  2.507279e-04  6.940098e-04  6.468724e-05  3.973412e-04  3.494375e-05  0.000000e+00  1.258835e-04  4.850228e-03  2.749046e-05  1.363777e-03  0.000000e+00  0.000000e+00  0.000000e+00
1.061009e+03  9.603895e-04  9.681034e-04  6.423617e-04  4.266450e-04  5.627179e-04  4.709795e-05  4.195228e-04  4.580301e-05  9.375362e-05  5.412512e-05  3.535160e-03  0.000000e+00  7.165043e-04  5.726599e-05  3.098718e-05  0.000000e+00
1.190472e+03  7.120549e-04  8.097499e-04  5.292471e-04  3.922693e-04  2.647458e-04  3.678564e-05  3.016396e-04  1.465751e-04  3.538860e-05  1.911481e-04  2.345593e-03  0.000000e+00  3.846710e-04  0.000000e+00  0.000000e+00  0.000000e+00
1.335731e+03  6.675745e-04  9.065721e-04  4.825482e-04  3.185191e-04  2.461438e-04  9.749207e-05  2.317904e-04  5.132120e-05  9.335175e-05  6.139957e-05  1.138945e-03  0.000000e+00  2.495948e-04  1.266624e-05  0.000000e+00  0.000000e+00
1.498715e+03  3.663115e-04  7.262978e-04  4.191403e-04  3.861311e-04  3.803179e-04  2.265285e-04  3.349546e-04  1.021602e-04  1.033345e-04  9.212193e-05  4.902672e-04  1.799932e-05  2.140741e-04  0.000000e+00  0.000000e+00  2.721847e-05
1.681586e+03  2.728410e-04  6.161127e-04  3.941210e-04  2.468322e-04  3.090837e-04  8.018755e-05  1.775141e-04  1.142031e-04  7.243230e-05  6.888693e-05  5.406274e-04  0.000000e+00  1.271760e-04  2.002133e-05  0.000000e+00  1.576759e-05
1.886771e+03  3.461131e-04  5.614726e-04  3.998912e-04  3.006836e-04  3.010385e-04  9.346737e-05  1.860641e-04  1.001048e-04  4.131853e-05  1.114388e-04  2.923663e-04  1.861261e-05  2.040192e-06  5.319730e-05  1.061467e-05  0.000000e+00
2.116992e+03  1.612164e-04  4.884794e-04  2.580331e-04  2.199848e-04  1.977782e-04  3.840220e-05  1.746379e-04  7.114646e-05  5.137532e-05  6.639806e-05  2.136268e-04  1.742611e-05  6.891151e-05  2.667369e-06  0.000000e+00  2.667369e-06
2.375304e+03  1.805143e-04  2.693473e-04  2.924198e-04  3.465405e-04  2.015253e-04  1.263668e-04  1.464026e-04  4.443243e-05  2.164837e-05  5.502450e-05  1.880119e-04  1.259949e-06  0.000000e+00  1.500665e-05  0.000000e+00  1.522270e-05
2.665135e+03  1.009820e-04  2.747019e-04  2.091236e-04  3.554436e-04  1.183795e-04  4.803514e-05  1.144927e-04  8.869781e-05  2.472984e-05  4.339974e-05  1.381816e-04  2.531705e-05  3.167545e-05  1.235249e-05  0.000000e+00  1.757832e-05
2.990330e+03  8.220789e-05  1.819085e-04  1.652811e-04  2.183897e-04  1.002872e-04  1.000082e-04  9.337405e-05  1.036243e-04  8.739857e-05  8.614444e-05  8.804990e-05  3.735840e-05  0.000000e+00  1.457214e-05  0.000000e+00  1.954538e-05
3.355206e+03  3.865618e-05  2.140672e-04  1.980378e-04  3.150956e-04  6.232576e-05  1.036450e-04  2.445133e-05  9.098497e-05  4.010401e-05  6.176169e-05  4.695634e-05  1.400341e-05  3.552929e-06  1.066553e-05  0.000000e+00  2.155737e-06
3.764603e+03  3.516011e-05  1.083252e-04  1.759490e-04  1.863624e-04  3.841560e-05  1.019234e-04  1.508701e-05  3.898565e-05  6.869933e-05  7.599817e-05  5.810361e-05  2.463240e-05  4.213302e-07  1.601276e-05  0.000000e+00  4.225920e-05
4.223954e+03  2.207880e-05  4.389224e-05  8.345417e-05  1.568484e-04  3.644659e-05  4.882333e-05  3.346326e-05  8.054731e-05  5.153930e-05  6.799830e-05  3.918674e-05  3.062975e-05  0.000000e+00  1.898431e-05  0.000000e+00  2.736923e-05
4.739354e+03  7.489956e-06  7.596055e-05  9.895072e-05  1.611691e-04  2.692054e-05  8.507890e-05  1.180759e-05  4.709310e-05  3.466308e-05  3.953097e-05  3.352664e-05  1.121954e-05  4.225775e-06  6.660587e-06  0.000000e+00  2.583012e-05
5.317643e+03  4.611177e-06  7.621346e-05  9.483744e-05  9.884369e-05  2.145094e-05  8.854417e-05  8.307151e-06  6.561163e-05  3.542583e-05  6.192752e-05  4.584537e-05  2.018118e-05  0.000000e+00  1.864245e-05  0.000000e+00  1.983921e-05
5.966493e+03  1.234739e-05  3.472537e-05  5.946849e-05  1.002154e-04  1.449334e-05  4.303231e-05  2.284411e-05  4.875880e-05  3.258739e-05  3.883200e-05  5.051249e-06  1.416848e-05  0.000000e+00  9.151079e-06  0.000000e+00  9.302239e-06
6.694516e+03  4.470467e-07  3.581590e-05  4.221717e-05  6.813518e-05  1.267072e-05  1.000817e-04  1.739223e-05  5.036369e-05  2.860129e-05  3.339493e-05  2.989328e-05  7.460772e-06  0.000000e+00  9.710170e-06  0.000000e+00  3.960640e-06
7.511370e+03  7.968392e-06  3.378902e-05  3.494577e-05  4.302967e-05  6.264762e-06  6.668926e-05  1.024275e-05  5.158388e-05  3.063769e-06  2.227239e-05  1.571174e-05  9.202082e-06  0.000000e+00  5.220950e-06  0.000000e+00  2.097472e-05
8.427896e+03  4.102140e-06  2.954759e-05  1.483873e-05  4.705909e-05  7.678150e-06  6.842040e-05  1.109010e-05  4.584703e-05  9.917207e-06  1.262991e-05  4.715939e-06  1.675508e-05  0.000000e+00  4.348673e-06  0.000000e+00  1.918351e-05
9.456255e+03  0.000000e+00  8.870766e-06  1.079203e-05  5.112654e-05  5.357023e-06  4.015030e-05  5.971496e-07  2.809524e-05  9.467417e-06  8.991427e-06  1.955467e-05  2.848289e-05  0.000000e+00  8.488779e-06  0.000000e+00  3.784272e-06
1.061009e+04  0.000000e+00  1.359044e-05  7.292289e-06  2.994145e-05  3.891782e-06  3.106413e-05  1.753083e-05  1.240619e-05  4.376921e-06  1.518515e-05  1.274611e-05  4.041984e-06  0.000000e+00  2.820674e-07  0.000000e+00  9.515870e-06
1.190472e+04  0.000000e+00  2.408037e-06  2.227232e-06  1.891394e-05  0.000000e+00  2.124779e-05  1.332363e-07  1.165776e-05  5.027857e-07  1.272064e-05  8.286810e-06  1.330960e-06  0.000000e+00  5.840385e-06  0.000000e+00  1.467911e-05
1.335731e+04  0.000000e+00  7.978249e-06  5.407468e-06  1.692073e-05  0.000000e+00  1.095741e-05  7.976520e-07  6.915301e-06  2.375057e-06  6.473590e-06  1.018432e-05  6.246863e-06  0.000000e+00  0.000000e+00  0.000000e+00  9.961329e-06
1.498715e+04  0.000000e+00  1.641355e-06  1.799932e-06  6.601429e-06  0.000000e+00  9.419483e-06  0.000000e+00  4.417871e-06  2.193724e-06  3.643110e-06  7.535519e-07  2.576102e-06  0.000000e+00  5.764644e-07  0.000000e+00  9.700350e-06
1.681586e+04  0.000000e+00  4.754284e-06  1.779725e-07  4.280131e-06  0.000000e+00  1.298573e-05  9.432409e-08  4.847844e-06  0.000000e+00  1.604191e-06  1.545902e-06  2.210357e-06  0.000000e+00  8.811881e-06  0.000000e+00  7.021565e-06
1.886771e+04  0.000000e+00  3.859208e-06  0.000000e+00  1.973682e-06  0.000000e+00  7.226996e-06  0.000000e+00  3.758027e-06  0.000000e+00  0.000000e+00  4.726184e-06  2.913276e-06  0.000000e+00  3.593038e-06  0.000000e+00  1.148830e-05
2.116992e+04  0.000000e+00  7.492429e-08  0.000000e+00  4.531759e-06  0.000000e+00  5.782087e-07  0.000000e+00  1.633091e-06  0.000000e+00  0.000000e+00  0.000000e+00  1.180837e-06  0.000000e+00  3.684143e-06  0.000000e+00  1.633091e-06
2.375304e+04  0.000000e+00  0.000000e+00  0.000000e+00  6.677634e-08  0.000000e+00  3.172863e-06  1.116260e-06  1.268816e-06  0.000000e+00  1.384146e-06  1.385972e-06  2.519898e-07  0.000000e+00  0.000000e+00  0.000000e+00  4.760163e-06
2.665135e+04  0.000000e+00  9.948678e-07  0.000000e+00  9.757805e-07  0.000000e+00  0.000000e+00  0.000000e+00  0.000000e+00  0.000000e+00  7.514609e-07  0.000000e+00  0.000000e+00  0.000000e+00  0.000000e+00  0.000000e+00  9.948678e-07
2.990330e+04  0.000000e+00  0.000000e+00  0.000000e+00  1.162550e-06  0.000000e+00  0.000000e+00  0.000000e+00  0.000000e+00  0.000000e+00  0.000000e+00  0.000000e+00  2.170406e-06  0.000000e+00  2.108773e-06  0.000000e+00  1.340202e-06
3.355206e+04  0.000000e+00  0.000000e+00  0.000000e+00  0.000000e+00  0.000000e+00  0.000000e+00  0.000000e+00  0.000000e+00  0.000000e+00  0.000000e+00  0.000000e+00  1.682996e-07  0.000000e+00  1.987936e-07  0.000000e+00  1.193813e-06
3.764603e+04  0.000000e+00  0.000000e+00  0.000000e+00  7.165659e-07  0.000000e+00  0.000000e+00  0.000000e+00  0.000000e+00  0.000000e+00  0.000000e+00  0.000000e+00  9.234459e-07  0.000000e+00  7.165659e-07  0.000000e+00  4.213302e-08
4.223954e+04  0.000000e+00  0.000000e+00  0.000000e+00  6.154347e-07  0.000000e+00  0.000000e+00  0.000000e+00  1.314363e-06  0.000000e+00  0.000000e+00  0.000000e+00  1.532514e-06  0.000000e+00  0.000000e+00  0.000000e+00  0.000000e+00
4.739354e+04  0.000000e+00  0.000000e+00  0.000000e+00  0.000000e+00  0.000000e+00  0.000000e+00  0.000000e+00  3.346745e-08  0.000000e+00  0.000000e+00  0.000000e+00  5.819742e-07  0.000000e+00  7.335191e-07  0.000000e+00  0.000000e+00
5.317643e+04  0.000000e+00  0.000000e+00  0.000000e+00  0.000000e+00  0.000000e+00  0.000000e+00  0.000000e+00  0.000000e+00  0.000000e+00  0.000000e+00  0.000000e+00  0.000000e+00  0.000000e+00  0.000000e+00  0.000000e+00  0.000000e+00
5.966493e+04  0.000000e+00  0.000000e+00  0.000000e+00  0.000000e+00  0.000000e+00  0.000000e+00  0.000000e+00  0.000000e+00  0.000000e+00  0.000000e+00  0.000000e+00  0.000000e+00  0.000000e+00  0.000000e+00  0.000000e+00  0.000000e+00
6.694516e+04  0.000000e+00  0.000000e+00  0.000000e+00  0.000000e+00  0.000000e+00  0.000000e+00  0.000000e+00  0.000000e+00  0.000000e+00  0.000000e+00  0.000000e+00  0.000000e+00  0.000000e+00  0.000000e+00  0.000000e+00  4.738862e-07
7.511370e+04  0.000000e+00  0.000000e+00  0.000000e+00  0.000000e+00  0.000000e+00  0.000000e+00  0.000000e+00  0.000000e+00  0.000000e+00  0.000000e+00  0.000000e+00  0.000000e+00  0.000000e+00  0.000000e+00  0.000000e+00  3.063769e-07
8.427896e+04  0.000000e+00  0.000000e+00  0.000000e+00  0.000000e+00  0.000000e+00  0.000000e+00  0.000000e+00  0.000000e+00  0.000000e+00  0.000000e+00  0.000000e+00  0.000000e+00  0.000000e+00  0.000000e+00  0.000000e+00  0.000000e+00
9.456255e+04  0.000000e+00  0.000000e+00  0.000000e+00  0.000000e+00  0.000000e+00  0.000000e+00  0.000000e+00  0.000000e+00  0.000000e+00  0.000000e+00  0.000000e+00  0.000000e+00  0.000000e+00  0.000000e+00  0.000000e+00  0.000000e+00
1.061009e+05  0.000000e+00  0.000000e+00  0.000000e+00  0.000000e+00  0.000000e+00  0.000000e+00  0.000000e+00  0.000000e+00  0.000000e+00  0.000000e+00  0.000000e+00  0.000000e+00  0.000000e+00  0.000000e+00  0.000000e+00  0.000000e+00
1.190472e+05  0.000000e+00  0.000000e+00  0.000000e+00  0.000000e+00  0.000000e+00  0.000000e+00  0.000000e+00  0.000000e+00  0.000000e+00  0.000000e+00  0.000000e+00  0.000000e+00  0.000000e+00  0.000000e+00  0.000000e+00  0.000000e+00
1.335731e+05  0.000000e+00  0.000000e+00  0.000000e+00  0.000000e+00  0.000000e+00  0.000000e+00  0.000000e+00  0.000000e+00  0.000000e+00  0.000000e+00  0.000000e+00  0.000000e+00  0.000000e+00  0.000000e+00  0.000000e+00  0.000000e+00
1.498715e+05  0.000000e+00  0.000000e+00  0.000000e+00  0.000000e+00  0.000000e+00  0.000000e+00  0.000000e+00  0.000000e+00  0.000000e+00  0.000000e+00  0.000000e+00  0.000000e+00  0.000000e+00  0.000000e+00  0.000000e+00  0.000000e+00
1.681586e+05  0.000000e+00  0.000000e+00  0.000000e+00  0.000000e+00  0.000000e+00  0.000000e+00  0.000000e+00  0.000000e+00  0.000000e+00  0.000000e+00  0.000000e+00  0.000000e+00  0.000000e+00  0.000000e+00  0.000000e+00  0.000000e+00
1.886771e+05  0.000000e+00  0.000000e+00  0.000000e+00  0.000000e+00  0.000000e+00  0.000000e+00  0.000000e+00  0.000000e+00  0.000000e+00  0.000000e+00  0.000000e+00  0.000000e+00  0.000000e+00  0.000000e+00  0.000000e+00  0.000000e+00
2.116992e+05  0.000000e+00  0.000000e+00  0.000000e+00  0.000000e+00  0.000000e+00  0.000000e+00  0.000000e+00  0.000000e+00  0.000000e+00  0.000000e+00  0.000000e+00  0.000000e+00  0.000000e+00  0.000000e+00  0.000000e+00  0.000000e+00
2.375304e+05  0.000000e+00  0.000000e+00  0.000000e+00  0.000000e+00  0.000000e+00  0.000000e+00  0.000000e+00  0.000000e+00  0.000000e+00  0.000000e+00  0.000000e+00  0.000000e+00  0.000000e+00  0.000000e+00  0.000000e+00  0.000000e+00
2.665135e+05  0.000000e+00  0.000000e+00  0.000000e+00  0.000000e+00  0.000000e+00  0.000000e+00  0.000000e+00  0.000000e+00  0.000000e+00  0.000000e+00  0.000000e+00  0.000000e+00  0.000000e+00  0.000000e+00  0.000000e+00  0.000000e+00
2.990330e+05  0.000000e+00  0.000000e+00  0.000000e+00  0.000000e+00  0.000000e+00  0.000000e+00  0.000000e+00  0.000000e+00  0.000000e+00  0.000000e+00  0.000000e+00  0.000000e+00  0.000000e+00  0.000000e+00  0.000000e+00  0.000000e+00
3.355206e+05  0.000000e+00  0.000000e+00  0.000000e+00  0.000000e+00  0.000000e+00  0.000000e+00  0.000000e+00  0.000000e+00  0.000000e+00  0.000000e+00  0.000000e+00  0.000000e+00  0.000000e+00  0.000000e+00  0.000000e+00  0.000000e+00
3.764603e+05  0.000000e+00  0.000000e+00  0.000000e+00  0.000000e+00  0.000000e+00  0.000000e+00  0.000000e+00  0.000000e+00  0.000000e+00  0.000000e+00  0.000000e+00  0.000000e+00  0.000000e+00  0.000000e+00  0.000000e+00  0.000000e+00
4.223954e+05  0.000000e+00  0.000000e+00  0.000000e+00  0.000000e+00  0.000000e+00  0.000000e+00  0.000000e+00  0.000000e+00  0.000000e+00  0.000000e+00  0.000000e+00  0.000000e+00  0.000000e+00  0.000000e+00  0.000000e+00  0.000000e+00
4.739354e+05  0.000000e+00  0.000000e+00  0.000000e+00  0.000000e+00  0.000000e+00  0.000000e+00  0.000000e+00  0.000000e+00  0.000000e+00  0.000000e+00  0.000000e+00  0.000000e+00  0.000000e+00  0.000000e+00  0.000000e+00  0.000000e+00
5.317643e+05  0.000000e+00  0.000000e+00  0.000000e+00  0.000000e+00  0.000000e+00  0.000000e+00  0.000000e+00  0.000000e+00  0.000000e+00  0.000000e+00  0.000000e+00  0.000000e+00  0.000000e+00  0.000000e+00  0.000000e+00  0.000000e+00
5.966493e+05  0.000000e+00  0.000000e+00  0.000000e+00  0.000000e+00  0.000000e+00  0.000000e+00  0.000000e+00  0.000000e+00  0.000000e+00  0.000000e+00  0.000000e+00  0.000000e+00  0.000000e+00  0.000000e+00  0.000000e+00  0.000000e+00
6.694516e+05  0.000000e+00  0.000000e+00  0.000000e+00  0.000000e+00  0.000000e+00  0.000000e+00  0.000000e+00  0.000000e+00  0.000000e+00  0.000000e+00  0.000000e+00  0.000000e+00  0.000000e+00  0.000000e+00  0.000000e+00  0.000000e+00
7.511370e+05  0.000000e+00  0.000000e+00  0.000000e+00  0.000000e+00  0.000000e+00  0.000000e+00  0.000000e+00  0.000000e+00  0.000000e+00  0.000000e+00  0.000000e+00  0.000000e+00  0.000000e+00  0.000000e+00  0.000000e+00  0.000000e+00
8.427896e+05  0.000000e+00  0.000000e+00  0.000000e+00  0.000000e+00  0.000000e+00  0.000000e+00  0.000000e+00  0.000000e+00  0.000000e+00  0.000000e+00  0.000000e+00  0.000000e+00  0.000000e+00  0.000000e+00  0.000000e+00  0.000000e+00
9.456255e+05  0.000000e+00  0.000000e+00  0.000000e+00  0.000000e+00  0.000000e+00  0.000000e+00  0.000000e+00  0.000000e+00  0.000000e+00  0.000000e+00  0.000000e+00  0.000000e+00  0.000000e+00  0.000000e+00  0.000000e+00  0.000000e+00
