# dR/dEr [1/keV/kg/Myr]
# Er [keV], S, F, Ne, Cl, Na, Si, O, P, N, C, Al, Mg, Be, B, Ar, Li
1.061009e+01  1.510387e+02  1.184759e+02  0.000000e+00  0.000000e+00  4.961262e+01  0.000000e+00  9.679589e+00  0.000000e+00  0.000000e+00  0.000000e+00  0.000000e+00  0.000000e+00  7.217652e-01  0.000000e+00  0.000000e+00  0.000000e+00
1.190472e+01  5.489404e+01  1.531661e+01  0.000000e+00  0.000000e+00  1.758796e+01  0.000000e+00  0.000000e+00  0.000000e+00  0.000000e+00  0.000000e+00  0.000000e+00  0.000000e+00  0.000000e+00  0.000000e+00  0.000000e+00  0.000000e+00
1.335731e+01  8.136610e+01  1.656370e+01  0.000000e+00  0.000000e+00  0.000000e+00  0.000000e+00  0.000000e+00  0.000000e+00  0.000000e+00  0.000000e+00  0.000000e+00  0.000000e+00  0.000000e+00  0.000000e+00  0.000000e+00  0.000000e+00
1.498715e+01  2.023410e+01  2.512040e+01  0.000000e+00  0.000000e+00  8.511696e+00  0.000000e+00  3.268948e+00  0.000000e+00  0.000000e+00  0.000000e+00  0.000000e+00  0.000000e+00  0.000000e+00  0.000000e+00  0.000000e+00  0.000000e+00
1.681586e+01  5.005296e+01  2.882909e+01  7.183205e+00  0.000000e+00  1.430276e+01  2.913453e+00  0.000000e+00  0.000000e+00  0.000000e+00  0.000000e+00  0.000000e+00  0.000000e+00  0.000000e+00  0.000000e+00  0.000000e+00  0.000000e+00
1.886771e+01  3.414536e+01  3.052334e+01  0.000000e+00  0.000000e+00  6.402038e+00  0.000000e+00  0.000000e+00  0.000000e+00  0.000000e+00  0.000000e+00  0.000000e+00  0.000000e+00  0.000000e+00  0.000000e+00  0.000000e+00  0.000000e+00
2.116992e+01  3.510772e+01  3.171674e+01  0.000000e+00  0.000000e+00  6.977435e+00  0.000000e+00  3.030878e+00  0.000000e+00  0.000000e+00  0.000000e+00  4.107574e+00  0.000000e+00  0.000000e+00  0.000000e+00  0.000000e+00  0.000000e+00
2.375304e+01  6.494381e+01  1.264946e+01  1.099216e+01  0.000000e+00  1.915869e+01  0.000000e+00  5.085319e+00  0.000000e+00  0.000000e+00  0.000000e+00  0.000000e+00  0.000000e+00  0.000000e+00  0.000000e+00  0.000000e+00  0.000000e+00
2.665135e+01  5.787647e+01  3.342353e+01  2.407512e+00  2.541828e-01  3.804946e+00  0.000000e+00  0.000000e+00  7.856295e+00  0.000000e+00  0.000000e+00  0.000000e+00  0.000000e+00  0.000000e+00  0.000000e+00  0.000000e+00  0.000000e+00
2.990330e+01  6.612685e+01  3.039254e+01  2.883819e+00  0.000000e+00  6.805135e+00  0.000000e+00  3.784052e+00  0.000000e+00  0.000000e+00  0.000000e+00  1.072897e+00  0.000000e+00  4.342668e+00  0.000000e+00  0.000000e+00  0.000000e+00
3.355206e+01  8.493376e+01  2.426125e+01  3.218068e+00  0.000000e+00  6.314819e+00  0.000000e+00  1.122647e+01  0.000000e+00  0.000000e+00  0.000000e+00  3.950156e+00  0.000000e+00  5.806712e+00  0.000000e+00  0.000000e+00  0.000000e+00
3.764603e+01  9.596623e+01  2.042851e+01  4.943527e-02  1.704388e+00  1.447498e+01  0.000000e+00  2.722786e-01  0.000000e+00  0.000000e+00  0.000000e+00  0.000000e+00  0.000000e+00  7.107638e-02  0.000000e+00  0.000000e+00  0.000000e+00
4.223954e+01  8.485170e+01  4.249877e+01  2.338842e+00  0.000000e+00  2.160637e+01  0.000000e+00  2.383080e+00  0.000000e+00  0.000000e+00  0.000000e+00  1.839772e+00  0.000000e+00  2.061383e+01  0.000000e+00  0.000000e+00  0.000000e+00
4.739354e+01  1.165221e+02  4.696423e+01  1.353844e+00  3.632061e+00  5.327107e+00  0.000000e+00  4.864058e+00  0.000000e+00  0.000000e+00  0.000000e+00  0.000000e+00  0.000000e+00  7.936117e+00  0.000000e+00  0.000000e+00  0.000000e+00
5.317643e+01  1.040533e+02  2.523038e+01  3.334543e+00  0.000000e+00  1.516554e+01  0.000000e+00  6.448148e+00  0.000000e+00  0.000000e+00  0.000000e+00  1.635255e+00  0.000000e+00  0.000000e+00  0.000000e+00  0.000000e+00  0.000000e+00
5.966493e+01  1.368569e+02  5.006152e+01  3.724109e+00  1.896519e+00  1.108565e+01  0.000000e+00  8.488291e+00  0.000000e+00  0.000000e+00  0.000000e+00  1.847824e+00  0.000000e+00  8.047904e-01  0.000000e+00  0.000000e+00  0.000000e+00
6.694516e+01  1.504376e+02  4.118589e+01  6.281558e+00  0.000000e+00  1.963669e+01  0.000000e+00  1.905531e+00  0.000000e+00  1.007704e+00  0.000000e+00  4.013708e+00  0.000000e+00  4.910499e+01  0.000000e+00  0.000000e+00  0.000000e+00
7.511370e+01  1.577928e+02  6.041819e+01  6.725975e+00  2.089699e+00  1.246383e+01  0.000000e+00  4.841425e+00  0.000000e+00  0.000000e+00  0.000000e+00  1.315228e+00  0.000000e+00  1.444996e+04  0.000000e+00  0.000000e+00  0.000000e+00
8.427896e+01  2.001105e+02  6.289401e+01  3.555301e+00  5.497482e+00  1.684650e+01  0.000000e+00  1.001722e+01  0.000000e+00  0.000000e+00  0.000000e+00  0.000000e+00  0.000000e+00  1.761216e+04  0.000000e+00  0.000000e+00  0.000000e+00
9.456255e+01  1.971153e+02  4.856618e+01  6.148451e+00  2.445577e+00  1.615283e+01  0.000000e+00  2.447484e+00  0.000000e+00  7.229203e-01  0.000000e+00  9.520511e-03  0.000000e+00  1.340161e+04  0.000000e+00  0.000000e+00  0.000000e+00
1.061009e+02  2.286181e+02  6.562587e+01  4.330608e+00  8.212559e-01  2.129922e+01  0.000000e+00  4.022094e+00  0.000000e+00  0.000000e+00  1.039108e+00  2.976726e+00  0.000000e+00  1.013065e+04  0.000000e+00  0.000000e+00  0.000000e+00
1.190472e+02  2.468396e+02  8.298504e+01  8.587087e+00  1.326885e+00  2.194534e+01  0.000000e+00  3.365447e+00  0.000000e+00  4.115361e-01  2.257074e+00  8.905406e+03  0.000000e+00  7.472855e+03  0.000000e+00  7.413145e-01  0.000000e+00
1.335731e+02  2.774069e+02  8.759428e+01  7.175651e+00  1.393275e-02  2.283603e+01  0.000000e+00  3.601740e+00  0.000000e+00  0.000000e+00  0.000000e+00  7.492300e+03  0.000000e+00  5.512623e+03  0.000000e+00  0.000000e+00  0.000000e+00
1.498715e+02  6.723512e+02  1.030673e+02  4.394968e+00  1.431442e+00  1.286646e+01  0.000000e+00  7.627419e+00  0.000000e+00  7.221828e-01  1.422617e+00  5.609289e+03  0.000000e+00  4.116564e+03  0.000000e+00  0.000000e+00  0.000000e+00
1.681586e+02  9.632714e+02  1.053870e+02  6.596578e+00  1.430276e+00  1.194932e+01  5.353777e-03  8.542202e+00  0.000000e+00  1.068141e+00  0.000000e+00  4.191470e+03  0.000000e+00  3.038641e+03  0.000000e+00  0.000000e+00  0.000000e+00
1.886771e+02  5.652834e+02  1.213373e+02  4.808570e+00  1.382613e+00  2.532490e+01  5.997319e-01  8.360717e+00  4.428110e-01  4.428110e-01  0.000000e+00  3.087897e+03  0.000000e+00  2.210973e+03  0.000000e+00  0.000000e+00  0.000000e+00
2.116992e+02  2.479738e+02  1.533736e+02  6.151837e+00  3.871872e+00  1.159751e+01  3.946557e-01  5.830257e+00  0.000000e+00  0.000000e+00  4.252656e-03  2.462719e+03  0.000000e+00  1.512097e+03  0.000000e+00  8.790973e-03  0.000000e+00
2.375304e+02  1.815857e+02  7.575868e+02  8.811396e+00  3.103180e+00  1.610280e+01  1.567947e-01  7.511461e+00  7.359564e-01  0.000000e+00  2.062567e-01  1.843286e+03  0.000000e+00  1.112072e+03  0.000000e+00  7.352884e-01  0.000000e+00
2.665135e+02  1.495878e+02  6.339989e+02  8.789817e+00  2.945888e+00  2.340955e+01  4.051308e-01  5.558978e+00  0.000000e+00  3.134862e-01  6.595842e-01  1.339744e+03  0.000000e+00  7.552548e+02  0.000000e+00  0.000000e+00  0.000000e+00
2.990330e+02  9.350671e+01  9.831701e+01  4.973410e+00  1.762023e+00  1.745618e+01  1.010661e-01  1.060473e+01  4.328611e-03  8.947985e-03  2.286075e-01  1.008397e+03  0.000000e+00  5.634398e+02  0.000000e+00  0.000000e+00  0.000000e+00
3.355206e+02  8.372035e+01  8.968391e+01  5.826711e+00  2.561863e+00  1.837851e+01  2.490109e-01  7.634469e+00  2.220043e-01  1.912355e-01  8.210305e-01  7.580194e+02  1.431142e-01  4.031769e+02  0.000000e+00  0.000000e+00  1.537261e-02
3.764603e+02  5.546552e+01  6.663581e+01  7.842022e+00  3.111934e+00  2.037826e+01  4.445193e-01  5.277468e+00  0.000000e+00  2.868106e-01  0.000000e+00  4.861713e+02  0.000000e+00  2.916430e+02  0.000000e+00  0.000000e+00  0.000000e+00
4.223954e+02  3.606330e+01  5.762751e+01  4.748047e+00  2.507175e+00  1.786713e+01  1.549682e-01  6.932496e+00  6.688158e-01  2.008608e-01  6.405358e-01  3.769376e+02  0.000000e+00  1.536725e+02  0.000000e+00  4.405923e-03  0.000000e+00
4.739354e+02  3.048219e+01  4.812122e+01  6.693819e+00  3.806154e+00  1.546252e+01  3.680117e-01  7.624583e+00  7.598958e-01  4.417920e-01  0.000000e+00  2.400212e+02  0.000000e+00  1.042174e+02  4.417920e-01  0.000000e+00  0.000000e+00
5.317643e+02  2.432859e+01  3.180139e+01  7.526021e+00  2.062521e+00  1.530254e+01  4.402849e-01  5.652766e+00  7.954584e-01  7.415618e-01  3.333801e-01  2.005917e+02  0.000000e+00  8.021453e+01  1.693013e-03  3.284412e-01  0.000000e+00
5.966493e+02  2.181767e+01  2.902108e+01  7.680090e+00  4.090950e+00  1.472829e+01  7.332747e-01  6.230509e+00  6.634856e-01  2.914122e-01  2.176490e-01  1.394118e+02  0.000000e+00  5.486190e+01  0.000000e+00  4.484616e-03  0.000000e+00
6.694516e+02  1.723080e+01  2.472756e+01  9.143723e+00  5.352978e+00  1.445122e+01  6.533164e-01  7.261602e+00  4.273294e-01  3.417194e-01  1.739530e-01  9.773523e+01  0.000000e+00  3.419844e+01  0.000000e+00  0.000000e+00  0.000000e+00
7.511370e+02  1.381004e+01  1.910213e+01  6.051155e+00  4.360096e+00  9.480991e+00  1.531342e-01  5.381891e+00  5.128032e-01  5.262984e-01  1.135096e-01  6.580885e+01  0.000000e+00  2.198847e+01  0.000000e+00  0.000000e+00  0.000000e+00
8.427896e+02  8.838777e+00  1.641554e+01  5.574799e+00  4.292637e+00  1.110760e+01  2.775870e-01  6.126727e+00  2.042458e-01  1.151667e-01  4.700832e-01  3.409491e+01  0.000000e+00  1.116526e+01  0.000000e+00  3.189887e-01  0.000000e+00
9.456255e+02  8.855504e+00  1.278759e+01  7.389086e+00  3.325174e+00  8.905115e+00  5.431864e-01  6.477323e+00  5.923252e-01  0.000000e+00  3.803422e-01  2.945395e+01  7.163846e-03  8.327384e+00  0.000000e+00  0.000000e+00  0.000000e+00
1.061009e+03  8.084673e+00  9.184096e+00  7.145448e+00  4.747216e+00  7.416209e+00  5.662801e-01  5.713850e+00  4.716323e-01  9.192584e-01  1.717613e-01  1.990426e+01  0.000000e+00  3.521018e+00  6.996661e-02  4.525669e-02  0.000000e+00
1.190472e+03  5.384888e+00  7.828891e+00  6.366073e+00  4.769248e+00  5.036067e+00  6.783464e-01  3.728928e+00  6.278998e-01  2.637827e-01  5.236550e-01  1.225922e+01  0.000000e+00  3.466482e+00  0.000000e+00  0.000000e+00  0.000000e+00
1.335731e+03  5.573048e+00  7.304172e+00  5.329723e+00  3.473044e+00  4.267125e+00  3.158603e-01  4.523691e+00  3.173544e-01  5.342483e-01  1.518721e-01  5.971407e+00  0.000000e+00  1.365713e+00  2.012683e-01  0.000000e+00  0.000000e+00
1.498715e+03  3.429056e+00  5.260529e+00  4.146488e+00  4.129708e+00  3.176752e+00  9.896927e-01  4.254800e+00  9.355137e-01  8.540711e-01  2.613648e-01  3.310600e+00  6.839328e-03  1.800177e+00  0.000000e+00  0.000000e+00  2.195071e-02
1.681586e+03  1.616612e+00  5.457991e+00  3.468629e+00  3.448680e+00  4.017653e+00  4.232258e-01  2.973088e+00  6.265797e-01  5.970892e-01  4.965855e-01  3.715851e+00  0.000000e+00  8.432256e-01  1.515500e-01  0.000000e+00  3.067239e-03
1.886771e+03  2.310933e+00  3.446078e+00  3.610560e+00  4.136379e+00  3.213177e+00  5.612457e-01  2.622208e+00  6.635505e-01  4.487917e-01  4.829471e-01  1.873285e+00  1.028337e-01  5.722625e-02  1.527097e-01  2.029392e-03  0.000000e+00
2.116992e+03  1.533974e+00  3.590300e+00  2.241453e+00  2.568091e+00  1.329261e+00  5.036106e-01  2.103854e+00  5.469777e-01  1.490832e-01  3.412669e-01  1.035320e+00  5.866839e-02  3.612079e-01  8.790973e-04  0.000000e+00  8.790973e-04
2.375304e+03  7.365352e-01  1.990109e+00  2.226609e+00  3.924910e+00  1.457036e+00  8.741199e-01  1.912218e+00  4.787101e-01  2.744811e-01  1.047602e-01  1.007084e+00  5.449399e-04  0.000000e+00  3.660879e-02  0.000000e+00  4.679427e-02
2.665135e+03  7.926713e-01  1.651739e+00  1.734309e+00  3.463822e+00  7.213027e-01  4.600014e-01  1.217270e+00  8.521223e-01  2.364401e-01  4.928933e-01  6.709020e-01  2.041336e-01  1.042011e-01  4.872554e-02  0.000000e+00  1.046658e-01
2.990330e+03  2.483968e-01  1.195701e+00  1.175164e+00  2.701795e+00  6.068448e-01  6.600456e-01  8.912415e-01  4.760868e-01  2.959948e-01  2.777620e-01  5.389761e-01  5.168380e-02  0.000000e+00  4.432148e-02  0.000000e+00  1.495360e-01
3.355206e+03  2.165258e-01  1.431218e+00  1.378738e+00  2.762967e+00  2.825311e-01  6.249419e-01  4.924424e-01  3.348507e-01  1.819659e-01  2.303083e-01  1.329172e-01  9.562030e-02  7.344373e-02  9.562203e-03  0.000000e+00  8.229973e-04
3.764603e+03  7.015334e-02  5.372772e-01  9.861070e-01  1.691353e+00  2.397830e-01  6.047878e-01  3.391345e-01  2.628090e-01  1.434762e-01  2.791468e-01  2.200334e-01  2.823292e-02  2.391444e-04  7.217242e-02  0.000000e+00  1.074326e-01
4.223954e+03  1.940879e-02  3.581575e-01  4.170400e-01  1.308150e+00  1.345561e-01  2.670668e-01  2.878174e-01  3.486191e-01  2.120045e-01  2.197139e-01  1.792530e-01  4.012738e-02  0.000000e+00  8.179234e-02  0.000000e+00  5.794645e-02
4.739354e+03  2.084495e-02  3.134461e-01  4.972155e-01  1.281089e+00  1.328858e-01  2.992354e-01  9.710321e-02  2.755642e-01  1.015575e-01  1.287708e-01  1.395701e-01  5.736951e-02  8.079155e-04  4.245260e-03  0.000000e+00  2.389442e-02
5.317643e+03  5.998615e-02  3.119097e-01  3.579214e-01  7.985143e-01  2.496986e-02  2.434112e-01  5.177937e-02  4.609926e-01  1.875151e-01  1.727806e-01  7.613633e-02  6.486104e-02  0.000000e+00  7.454880e-02  0.000000e+00  7.309482e-02
5.966493e+03  3.350541e-02  1.539725e-01  2.204517e-01  5.521320e-01  5.217177e-02  2.948711e-01  4.570225e-02  2.414441e-01  9.151840e-02  1.718203e-01  5.065306e-03  1.675743e-02  0.000000e+00  1.911999e-02  0.000000e+00  3.074883e-02
6.694516e+03  1.933520e-04  1.059784e-01  1.577438e-01  4.364313e-01  2.083968e-02  4.559996e-01  2.465021e-02  1.292905e-01  1.158735e-01  1.544396e-01  9.871957e-02  8.848141e-02  0.000000e+00  1.572090e-02  0.000000e+00  7.704555e-04
7.511370e+03  7.757303e-03  1.024494e-01  1.342072e-01  1.931145e-01  3.981464e-02  2.407066e-01  4.873548e-02  1.164773e-01  3.357160e-02  8.990623e-02  6.442157e-03  3.347244e-02  0.000000e+00  1.840707e-03  0.000000e+00  9.512624e-02
8.427896e+03  1.308160e-02  8.617436e-02  6.957159e-02  9.654454e-02  1.666756e-02  3.357120e-01  5.357347e-02  2.814886e-01  4.380611e-02  4.182104e-02  6.376403e-02  6.149528e-02  0.000000e+00  1.121283e-03  0.000000e+00  2.367302e-02
9.456255e+03  0.000000e+00  2.052684e-02  6.841737e-02  1.867727e-01  1.640892e-02  2.030871e-01  1.968054e-04  9.315198e-02  6.146833e-02  3.765954e-02  9.536058e-02  8.264527e-02  0.000000e+00  3.636271e-02  0.000000e+00  3.392798e-03
1.061009e+04  0.000000e+00  5.831444e-02  2.211021e-02  1.187548e-01  8.371091e-03  1.597992e-01  2.868320e-02  6.374549e-02  3.276022e-03  4.718998e-02  5.180416e-02  4.909166e-02  0.000000e+00  1.219968e-04  0.000000e+00  3.171738e-02
1.190472e+04  0.000000e+00  5.866948e-04  4.332590e-04  6.344102e-02  0.000000e+00  5.424693e-02  7.562411e-05  6.648682e-03  2.174596e-04  5.359065e-02  7.178183e-02  2.200787e-02  0.000000e+00  1.133347e-02  0.000000e+00  1.772629e-02
1.335731e+04  0.000000e+00  1.988188e-02  3.119171e-02  8.273816e-02  0.000000e+00  3.931790e-02  2.003204e-04  1.714783e-02  2.329989e-03  3.765083e-02  2.227995e-02  8.382205e-03  0.000000e+00  0.000000e+00  0.000000e+00  1.496700e-02
1.498715e+04  0.000000e+00  1.688573e-02  6.839328e-04  9.221177e-03  0.000000e+00  3.144206e-02  0.000000e+00  3.542569e-02  3.203928e-03  7.611807e-03  2.483516e-04  2.075646e-02  0.000000e+00  2.105429e-04  0.000000e+00  2.809379e-02
1.681586e+04  0.000000e+00  1.621964e-03  7.697481e-05  5.668623e-03  0.000000e+00  5.230799e-02  5.353777e-05  6.505460e-03  0.000000e+00  6.095557e-04  4.028526e-04  4.658440e-04  0.000000e+00  1.950597e-02  0.000000e+00  2.188398e-02
1.886771e+04  0.000000e+00  5.023958e-03  0.000000e+00  1.128684e-02  0.000000e+00  3.339705e-02  0.000000e+00  2.577366e-02  0.000000e+00  0.000000e+00  1.188961e-02  1.170918e-02  0.000000e+00  2.033249e-02  0.000000e+00  1.983553e-02
2.116992e+04  0.000000e+00  4.252656e-05  0.000000e+00  9.829987e-03  0.000000e+00  1.689202e-04  0.000000e+00  5.207877e-03  0.000000e+00  0.000000e+00  0.000000e+00  9.890490e-03  0.000000e+00  2.853354e-02  0.000000e+00  5.207877e-03
2.375304e+04  0.000000e+00  0.000000e+00  0.000000e+00  3.790184e-05  0.000000e+00  6.026521e-03  2.171439e-04  1.272347e-03  0.000000e+00  2.021542e-03  5.467095e-03  1.089880e-04  0.000000e+00  0.000000e+00  0.000000e+00  1.553002e-02
2.665135e+04  0.000000e+00  1.935297e-04  0.000000e+00  9.510331e-03  0.000000e+00  0.000000e+00  0.000000e+00  0.000000e+00  0.000000e+00  1.436700e-04  0.000000e+00  0.000000e+00  0.000000e+00  0.000000e+00  0.000000e+00  1.935297e-04
2.990330e+04  0.000000e+00  0.000000e+00  0.000000e+00  2.255968e-03  0.000000e+00  0.000000e+00  0.000000e+00  0.000000e+00  0.000000e+00  0.000000e+00  0.000000e+00  3.266630e-03  0.000000e+00  5.353330e-03  0.000000e+00  3.377095e-03
3.355206e+04  0.000000e+00  0.000000e+00  0.000000e+00  0.000000e+00  0.000000e+00  0.000000e+00  0.000000e+00  0.000000e+00  0.000000e+00  0.000000e+00  0.000000e+00  5.546729e-05  0.000000e+00  5.205443e-03  0.000000e+00  2.282422e-04
3.764603e+04  0.000000e+00  0.000000e+00  0.000000e+00  2.722786e-04  0.000000e+00  0.000000e+00  0.000000e+00  0.000000e+00  0.000000e+00  0.000000e+00  0.000000e+00  1.791979e-03  0.000000e+00  2.722786e-04  0.000000e+00  2.391444e-05
4.223954e+04  0.000000e+00  0.000000e+00  0.000000e+00  1.603785e-04  0.000000e+00  0.000000e+00  0.000000e+00  8.419962e-03  0.000000e+00  0.000000e+00  0.000000e+00  1.870416e-03  0.000000e+00  0.000000e+00  0.000000e+00  0.000000e+00
4.739354e+04  0.000000e+00  0.000000e+00  0.000000e+00  0.000000e+00  0.000000e+00  0.000000e+00  0.000000e+00  1.899592e-05  0.000000e+00  0.000000e+00  0.000000e+00  1.619334e-04  0.000000e+00  1.423420e-03  0.000000e+00  0.000000e+00
5.317643e+04  0.000000e+00  0.000000e+00  0.000000e+00  0.000000e+00  0.000000e+00  0.000000e+00  0.000000e+00  0.000000e+00  0.000000e+00  0.000000e+00  0.000000e+00  0.000000e+00  0.000000e+00  0.000000e+00  0.000000e+00  0.000000e+00
5.966493e+04  0.000000e+00  0.000000e+00  0.000000e+00  0.000000e+00  0.000000e+00  0.000000e+00  0.000000e+00  0.000000e+00  0.000000e+00  0.000000e+00  0.000000e+00  0.000000e+00  0.000000e+00  0.000000e+00  0.000000e+00  0.000000e+00
6.694516e+04  0.000000e+00  0.000000e+00  0.000000e+00  0.000000e+00  0.000000e+00  0.000000e+00  0.000000e+00  0.000000e+00  0.000000e+00  0.000000e+00  0.000000e+00  0.000000e+00  0.000000e+00  0.000000e+00  0.000000e+00  4.648940e-04
7.511370e+04  0.000000e+00  0.000000e+00  0.000000e+00  0.000000e+00  0.000000e+00  0.000000e+00  0.000000e+00  0.000000e+00  0.000000e+00  0.000000e+00  0.000000e+00  0.000000e+00  0.000000e+00  0.000000e+00  0.000000e+00  3.357160e-03
8.427896e+04  0.000000e+00  0.000000e+00  0.000000e+00  0.000000e+00  0.000000e+00  0.000000e+00  0.000000e+00  0.000000e+00  0.000000e+00  0.000000e+00  0.000000e+00  0.000000e+00  0.000000e+00  0.000000e+00  0.000000e+00  0.000000e+00
9.456255e+04  0.000000e+00  0.000000e+00  0.000000e+00  0.000000e+00  0.000000e+00  0.000000e+00  0.000000e+00  0.000000e+00  0.000000e+00  0.000000e+00  0.000000e+00  0.000000e+00  0.000000e+00  0.000000e+00  0.000000e+00  0.000000e+00
1.061009e+05  0.000000e+00  0.000000e+00  0.000000e+00  0.000000e+00  0.000000e+00  0.000000e+00  0.000000e+00  0.000000e+00  0.000000e+00  0.000000e+00  0.000000e+00  0.000000e+00  0.000000e+00  0.000000e+00  0.000000e+00  0.000000e+00
1.190472e+05  0.000000e+00  0.000000e+00  0.000000e+00  0.000000e+00  0.000000e+00  0.000000e+00  0.000000e+00  0.000000e+00  0.000000e+00  0.000000e+00  0.000000e+00  0.000000e+00  0.000000e+00  0.000000e+00  0.000000e+00  0.000000e+00
1.335731e+05  0.000000e+00  0.000000e+00  0.000000e+00  0.000000e+00  0.000000e+00  0.000000e+00  0.000000e+00  0.000000e+00  0.000000e+00  0.000000e+00  0.000000e+00  0.000000e+00  0.000000e+00  0.000000e+00  0.000000e+00  0.000000e+00
1.498715e+05  0.000000e+00  0.000000e+00  0.000000e+00  0.000000e+00  0.000000e+00  0.000000e+00  0.000000e+00  0.000000e+00  0.000000e+00  0.000000e+00  0.000000e+00  0.000000e+00  0.000000e+00  0.000000e+00  0.000000e+00  0.000000e+00
1.681586e+05  0.000000e+00  0.000000e+00  0.000000e+00  0.000000e+00  0.000000e+00  0.000000e+00  0.000000e+00  0.000000e+00  0.000000e+00  0.000000e+00  0.000000e+00  0.000000e+00  0.000000e+00  0.000000e+00  0.000000e+00  0.000000e+00
1.886771e+05  0.000000e+00  0.000000e+00  0.000000e+00  0.000000e+00  0.000000e+00  0.000000e+00  0.000000e+00  0.000000e+00  0.000000e+00  0.000000e+00  0.000000e+00  0.000000e+00  0.000000e+00  0.000000e+00  0.000000e+00  0.000000e+00
2.116992e+05  0.000000e+00  0.000000e+00  0.000000e+00  0.000000e+00  0.000000e+00  0.000000e+00  0.000000e+00  0.000000e+00  0.000000e+00  0.000000e+00  0.000000e+00  0.000000e+00  0.000000e+00  0.000000e+00  0.000000e+00  0.000000e+00
2.375304e+05  0.000000e+00  0.000000e+00  0.000000e+00  0.000000e+00  0.000000e+00  0.000000e+00  0.000000e+00  0.000000e+00  0.000000e+00  0.000000e+00  0.000000e+00  0.000000e+00  0.000000e+00  0.000000e+00  0.000000e+00  0.000000e+00
2.665135e+05  0.000000e+00  0.000000e+00  0.000000e+00  0.000000e+00  0.000000e+00  0.000000e+00  0.000000e+00  0.000000e+00  0.000000e+00  0.000000e+00  0.000000e+00  0.000000e+00  0.000000e+00  0.000000e+00  0.000000e+00  0.000000e+00
2.990330e+05  0.000000e+00  0.000000e+00  0.000000e+00  0.000000e+00  0.000000e+00  0.000000e+00  0.000000e+00  0.000000e+00  0.000000e+00  0.000000e+00  0.000000e+00  0.000000e+00  0.000000e+00  0.000000e+00  0.000000e+00  0.000000e+00
3.355206e+05  0.000000e+00  0.000000e+00  0.000000e+00  0.000000e+00  0.000000e+00  0.000000e+00  0.000000e+00  0.000000e+00  0.000000e+00  0.000000e+00  0.000000e+00  0.000000e+00  0.000000e+00  0.000000e+00  0.000000e+00  0.000000e+00
3.764603e+05  0.000000e+00  0.000000e+00  0.000000e+00  0.000000e+00  0.000000e+00  0.000000e+00  0.000000e+00  0.000000e+00  0.000000e+00  0.000000e+00  0.000000e+00  0.000000e+00  0.000000e+00  0.000000e+00  0.000000e+00  0.000000e+00
4.223954e+05  0.000000e+00  0.000000e+00  0.000000e+00  0.000000e+00  0.000000e+00  0.000000e+00  0.000000e+00  0.000000e+00  0.000000e+00  0.000000e+00  0.000000e+00  0.000000e+00  0.000000e+00  0.000000e+00  0.000000e+00  0.000000e+00
4.739354e+05  0.000000e+00  0.000000e+00  0.000000e+00  0.000000e+00  0.000000e+00  0.000000e+00  0.000000e+00  0.000000e+00  0.000000e+00  0.000000e+00  0.000000e+00  0.000000e+00  0.000000e+00  0.000000e+00  0.000000e+00  0.000000e+00
5.317643e+05  0.000000e+00  0.000000e+00  0.000000e+00  0.000000e+00  0.000000e+00  0.000000e+00  0.000000e+00  0.000000e+00  0.000000e+00  0.000000e+00  0.000000e+00  0.000000e+00  0.000000e+00  0.000000e+00  0.000000e+00  0.000000e+00
5.966493e+05  0.000000e+00  0.000000e+00  0.000000e+00  0.000000e+00  0.000000e+00  0.000000e+00  0.000000e+00  0.000000e+00  0.000000e+00  0.000000e+00  0.000000e+00  0.000000e+00  0.000000e+00  0.000000e+00  0.000000e+00  0.000000e+00
6.694516e+05  0.000000e+00  0.000000e+00  0.000000e+00  0.000000e+00  0.000000e+00  0.000000e+00  0.000000e+00  0.000000e+00  0.000000e+00  0.000000e+00  0.000000e+00  0.000000e+00  0.000000e+00  0.000000e+00  0.000000e+00  0.000000e+00
7.511370e+05  0.000000e+00  0.000000e+00  0.000000e+00  0.000000e+00  0.000000e+00  0.000000e+00  0.000000e+00  0.000000e+00  0.000000e+00  0.000000e+00  0.000000e+00  0.000000e+00  0.000000e+00  0.000000e+00  0.000000e+00  0.000000e+00
8.427896e+05  0.000000e+00  0.000000e+00  0.000000e+00  0.000000e+00  0.000000e+00  0.000000e+00  0.000000e+00  0.000000e+00  0.000000e+00  0.000000e+00  0.000000e+00  0.000000e+00  0.000000e+00  0.000000e+00  0.000000e+00  0.000000e+00
9.456255e+05  0.000000e+00  0.000000e+00  0.000000e+00  0.000000e+00  0.000000e+00  0.000000e+00  0.000000e+00  0.000000e+00  0.000000e+00  0.000000e+00  0.000000e+00  0.000000e+00  0.000000e+00  0.000000e+00  0.000000e+00  0.000000e+00
