# dR/dEr [1/keV/kg/Myr]
# Er [keV], S, F, Ne, Cl, Na, Si, O, P, N, C, Al, Mg, Be, B, Ar, Li
1.061009e+01  1.623181e-02  1.593877e-02  0.000000e+00  0.000000e+00  1.015036e-02  0.000000e+00  8.449585e-04  0.000000e+00  0.000000e+00  0.000000e+00  0.000000e+00  0.000000e+00  4.980497e-03  0.000000e+00  0.000000e+00  0.000000e+00
1.190472e+01  2.561369e-03  4.256369e-03  0.000000e+00  0.000000e+00  8.251517e-04  0.000000e+00  0.000000e+00  0.000000e+00  0.000000e+00  0.000000e+00  0.000000e+00  0.000000e+00  0.000000e+00  0.000000e+00  0.000000e+00  0.000000e+00
1.335731e+01  4.021764e-03  2.823451e-03  0.000000e+00  0.000000e+00  0.000000e+00  0.000000e+00  0.000000e+00  0.000000e+00  0.000000e+00  0.000000e+00  0.000000e+00  0.000000e+00  0.000000e+00  0.000000e+00  0.000000e+00  0.000000e+00
1.498715e+01  9.436583e-04  3.701167e-03  0.000000e+00  0.000000e+00  2.281729e-03  0.000000e+00  1.488464e-04  0.000000e+00  0.000000e+00  0.000000e+00  0.000000e+00  0.000000e+00  0.000000e+00  0.000000e+00  0.000000e+00  0.000000e+00
1.681586e+01  2.334771e-03  1.960469e-03  3.330566e-04  0.000000e+00  6.741455e-04  1.326595e-04  0.000000e+00  0.000000e+00  0.000000e+00  0.000000e+00  0.000000e+00  0.000000e+00  0.000000e+00  0.000000e+00  0.000000e+00  0.000000e+00
1.886771e+01  1.587862e-03  1.791625e-03  0.000000e+00  0.000000e+00  2.968370e-04  0.000000e+00  0.000000e+00  0.000000e+00  0.000000e+00  0.000000e+00  0.000000e+00  0.000000e+00  0.000000e+00  0.000000e+00  0.000000e+00  0.000000e+00
2.116992e+01  2.888459e-03  3.294686e-03  0.000000e+00  0.000000e+00  3.250706e-04  0.000000e+00  1.398281e-04  0.000000e+00  0.000000e+00  0.000000e+00  2.183722e-03  0.000000e+00  0.000000e+00  0.000000e+00  0.000000e+00  0.000000e+00
2.375304e+01  4.388864e-03  5.921108e-04  8.032239e-04  0.000000e+00  1.883655e-03  0.000000e+00  2.357860e-04  0.000000e+00  0.000000e+00  0.000000e+00  0.000000e+00  0.000000e+00  0.000000e+00  0.000000e+00  0.000000e+00  0.000000e+00
2.665135e+01  4.286966e-03  4.715486e-03  1.110694e-04  1.072966e-03  1.740706e-04  0.000000e+00  0.000000e+00  1.253191e-03  0.000000e+00  0.000000e+00  0.000000e+00  0.000000e+00  0.000000e+00  0.000000e+00  0.000000e+00  0.000000e+00
2.990330e+01  5.281211e-03  1.492686e-03  1.307498e-04  0.000000e+00  3.112761e-03  0.000000e+00  1.735906e-04  0.000000e+00  0.000000e+00  0.000000e+00  1.551386e-03  0.000000e+00  1.470329e-03  0.000000e+00  0.000000e+00  0.000000e+00
3.355206e+01  5.180105e-03  2.151504e-03  1.545057e-04  0.000000e+00  2.933312e-04  0.000000e+00  9.443855e-04  0.000000e+00  0.000000e+00  0.000000e+00  1.777869e-03  0.000000e+00  3.893690e-03  0.000000e+00  0.000000e+00  0.000000e+00
3.764603e+01  8.601863e-03  5.089374e-03  2.187958e-04  7.863110e-05  2.823281e-03  0.000000e+00  8.159396e-04  0.000000e+00  0.000000e+00  0.000000e+00  0.000000e+00  0.000000e+00  4.166040e-04  0.000000e+00  0.000000e+00  0.000000e+00
4.223954e+01  6.779422e-03  3.406841e-03  1.106767e-03  0.000000e+00  1.178338e-03  0.000000e+00  4.769241e-04  0.000000e+00  0.000000e+00  0.000000e+00  1.784355e-03  0.000000e+00  2.989348e-03  0.000000e+00  0.000000e+00  0.000000e+00
4.739354e+01  7.438610e-03  2.485095e-03  6.245890e-05  1.718406e-04  8.427155e-04  0.000000e+00  2.239529e-04  0.000000e+00  0.000000e+00  0.000000e+00  0.000000e+00  0.000000e+00  2.977280e-03  0.000000e+00  0.000000e+00  0.000000e+00
5.317643e+01  7.122592e-03  1.220335e-03  1.532837e-04  0.000000e+00  2.911404e-03  0.000000e+00  2.961922e-04  0.000000e+00  0.000000e+00  0.000000e+00  8.693555e-04  0.000000e+00  0.000000e+00  0.000000e+00  0.000000e+00  0.000000e+00
5.966493e+01  8.214589e-03  4.424850e-03  1.716226e-04  8.700141e-05  1.996383e-03  0.000000e+00  2.473827e-03  0.000000e+00  0.000000e+00  0.000000e+00  7.699624e-04  0.000000e+00  7.030260e-04  0.000000e+00  0.000000e+00  0.000000e+00
6.694516e+01  9.640211e-03  4.134348e-03  2.909202e-04  0.000000e+00  1.203025e-03  0.000000e+00  5.108155e-04  0.000000e+00  6.670157e-04  0.000000e+00  3.958777e-04  0.000000e+00  8.415085e-03  0.000000e+00  0.000000e+00  0.000000e+00
7.511370e+01  1.074172e-02  4.257197e-03  9.091378e-04  9.871394e-05  1.009439e-03  0.000000e+00  2.296477e-04  0.000000e+00  0.000000e+00  0.000000e+00  6.223806e-04  0.000000e+00  3.045433e+00  0.000000e+00  0.000000e+00  0.000000e+00
8.427896e+01  1.160206e-02  4.147165e-03  1.660615e-04  7.508544e-04  1.063758e-03  0.000000e+00  9.522536e-04  0.000000e+00  0.000000e+00  0.000000e+00  0.000000e+00  0.000000e+00  3.625407e+00  0.000000e+00  0.000000e+00  0.000000e+00
9.456255e+01  1.239064e-02  3.124117e-03  4.861838e-04  1.142449e-04  2.386897e-03  0.000000e+00  2.799005e-04  0.000000e+00  4.962363e-04  0.000000e+00  2.402538e-05  0.000000e+00  2.784009e+00  0.000000e+00  0.000000e+00  0.000000e+00
1.061009e+02  1.282952e-02  5.076779e-03  8.827253e-04  5.826294e-05  1.520903e-03  0.000000e+00  4.427901e-04  0.000000e+00  0.000000e+00  4.329817e-04  4.941422e-04  0.000000e+00  2.049527e+00  0.000000e+00  0.000000e+00  0.000000e+00
1.190472e+02  1.319455e-02  6.537176e-03  4.787743e-04  3.158294e-04  3.034153e-03  0.000000e+00  4.138338e-04  0.000000e+00  1.873866e-05  2.226184e-04  1.776853e+00  0.000000e+00  1.547944e+00  0.000000e+00  4.246643e-04  0.000000e+00
1.335731e+02  1.534074e-02  6.278214e-03  9.433040e-04  6.166504e-05  1.999846e-03  0.000000e+00  2.994703e-04  0.000000e+00  0.000000e+00  0.000000e+00  1.517456e+00  0.000000e+00  1.160813e+00  0.000000e+00  0.000000e+00  0.000000e+00
1.498715e+02  3.414787e-02  6.925279e-03  2.590003e-04  1.229589e-04  1.086031e-03  0.000000e+00  1.293642e-03  0.000000e+00  2.347240e-04  3.991486e-04  1.142380e+00  0.000000e+00  8.736305e-01  0.000000e+00  0.000000e+00  0.000000e+00
1.681586e+02  4.797286e-02  9.305060e-03  4.689179e-04  6.741455e-05  1.505031e-03  1.351046e-05  1.106859e-03  0.000000e+00  3.792895e-04  0.000000e+00  8.903995e-01  0.000000e+00  6.241357e-01  0.000000e+00  0.000000e+00  0.000000e+00
1.886771e+02  3.060203e-02  7.517033e-03  5.191714e-04  6.398578e-05  1.925699e-03  2.751226e-05  1.243568e-03  2.078455e-05  2.078455e-05  0.000000e+00  6.510132e-01  0.000000e+00  4.459551e-01  0.000000e+00  0.000000e+00  0.000000e+00
2.116992e+02  1.530656e-02  1.023933e-02  4.965962e-04  3.428898e-04  1.409708e-03  1.852425e-05  6.014294e-04  0.000000e+00  0.000000e+00  1.073174e-05  5.161521e-01  0.000000e+00  3.158727e-01  0.000000e+00  3.890801e-05  0.000000e+00
2.375304e+02  1.105780e-02  3.790110e-02  7.624809e-04  3.184860e-04  1.933375e-03  7.068847e-06  1.123746e-03  1.003140e-04  0.000000e+00  9.391576e-06  3.822648e-01  0.000000e+00  2.403629e-01  0.000000e+00  3.777474e-05  0.000000e+00
2.665135e+02  9.651687e-03  3.210146e-02  8.463926e-04  3.298690e-04  2.365063e-03  1.945112e-05  8.036344e-04  0.000000e+00  1.471434e-05  1.401769e-04  2.743112e-01  0.000000e+00  1.571205e-01  0.000000e+00  0.000000e+00  0.000000e+00
2.990330e+02  7.834659e-03  6.696087e-03  3.416390e-04  1.837432e-04  1.962068e-03  1.275938e-04  1.041299e-03  1.446621e-05  5.244734e-05  1.569237e-04  2.141790e-01  0.000000e+00  1.146360e-01  0.000000e+00  0.000000e+00  0.000000e+00
3.355206e+02  6.961290e-03  6.908744e-03  3.877721e-04  3.250516e-04  1.770971e-03  1.168801e-05  5.935973e-04  1.000872e-05  8.822555e-06  1.642167e-04  1.569980e-01  1.250177e-04  8.329004e-02  0.000000e+00  0.000000e+00  8.237885e-05
3.764603e+02  5.162301e-03  5.049598e-03  8.273857e-04  3.858664e-04  1.526347e-03  3.646681e-04  6.083627e-04  0.000000e+00  1.377034e-05  0.000000e+00  1.046560e-01  0.000000e+00  5.816841e-02  0.000000e+00  0.000000e+00  0.000000e+00
4.223954e+02  3.457524e-03  5.020968e-03  3.405378e-04  3.062874e-04  1.647197e-03  1.724929e-05  6.402181e-04  1.927642e-04  1.952541e-05  8.224258e-05  7.586501e-02  0.000000e+00  3.202607e-02  0.000000e+00  1.950020e-05  0.000000e+00
4.739354e+02  3.217368e-03  4.329224e-03  5.509324e-04  3.344051e-04  1.340052e-03  1.031784e-04  1.136565e-03  7.573587e-05  7.047213e-05  0.000000e+00  5.196408e-02  0.000000e+00  2.334228e-02  7.047213e-05  0.000000e+00  0.000000e+00
5.317643e+02  2.945232e-03  4.183831e-03  9.389719e-04  1.822331e-04  1.061096e-03  4.975210e-05  4.823342e-04  1.360102e-04  7.890718e-05  1.480859e-04  4.472198e-02  0.000000e+00  1.630922e-02  4.272384e-06  1.687336e-05  0.000000e+00
5.966493e+02  2.838365e-03  3.650907e-03  8.001768e-04  7.381306e-04  1.037233e-03  1.241076e-04  9.007427e-04  9.458047e-05  6.107293e-05  7.369100e-05  2.909828e-02  0.000000e+00  1.091155e-02  0.000000e+00  2.628594e-05  0.000000e+00
6.694516e+02  2.228480e-03  3.472809e-03  1.076447e-03  7.206800e-04  1.179739e-03  6.418856e-05  7.471575e-04  4.388615e-05  1.610963e-05  7.003382e-05  1.981023e-02  0.000000e+00  6.864212e-03  0.000000e+00  0.000000e+00  0.000000e+00
7.511370e+02  1.806455e-03  2.354510e-03  6.666592e-04  4.777714e-04  8.075372e-04  1.288613e-04  5.790644e-04  7.855812e-05  8.368407e-05  5.807870e-05  1.310414e-02  0.000000e+00  5.188972e-03  0.000000e+00  0.000000e+00  0.000000e+00
8.427896e+02  1.594785e-03  2.341368e-03  6.691257e-04  3.004498e-04  9.514208e-04  1.280458e-05  5.571859e-04  9.663306e-06  6.739333e-05  1.726544e-04  7.495714e-03  0.000000e+00  2.862901e-03  0.000000e+00  2.681453e-05  0.000000e+00
9.456255e+02  1.316939e-03  1.818707e-03  7.821768e-04  3.319461e-04  8.867726e-04  8.424898e-05  5.299065e-04  4.879257e-05  0.000000e+00  1.653502e-04  6.309252e-03  3.024029e-05  1.772202e-03  0.000000e+00  0.000000e+00  0.000000e+00
1.061009e+03  1.237070e-03  1.242099e-03  8.270796e-04  5.449597e-04  7.442361e-04  5.809187e-05  5.408883e-04  5.949449e-05  1.261615e-04  6.533845e-05  4.550127e-03  0.000000e+00  9.047942e-04  6.903753e-05  3.953406e-05  0.000000e+00
1.190472e+03  9.110113e-04  1.035665e-03  6.944246e-04  5.171982e-04  3.481573e-04  4.922124e-05  3.932301e-04  1.859260e-04  4.570430e-05  2.465894e-04  3.042706e-03  0.000000e+00  5.002904e-04  0.000000e+00  0.000000e+00  0.000000e+00
1.335731e+03  8.472879e-04  1.169643e-03  6.352259e-04  4.055993e-04  3.192473e-04  1.209958e-04  3.102392e-04  6.401778e-05  1.198996e-04  8.056182e-05  1.464784e-03  0.000000e+00  3.307046e-04  1.691883e-05  0.000000e+00  0.000000e+00
1.498715e+03  4.757649e-04  9.268381e-04  5.443869e-04  5.023817e-04  4.874267e-04  2.822943e-04  4.340921e-04  1.279040e-04  1.332464e-04  1.177862e-04  6.361601e-04  2.049548e-05  2.854628e-04  0.000000e+00  0.000000e+00  3.592293e-05
1.681586e+03  3.545843e-04  8.041901e-04  5.016358e-04  3.234844e-04  3.972292e-04  1.017733e-04  2.346572e-04  1.469732e-04  9.245782e-05  8.758827e-05  7.179743e-04  0.000000e+00  1.672865e-04  2.758908e-05  0.000000e+00  1.643674e-05
1.886771e+03  4.477904e-04  7.107017e-04  5.182733e-04  3.774284e-04  3.952590e-04  1.202414e-04  2.395183e-04  1.295915e-04  5.343099e-05  1.405648e-04  3.801028e-04  2.487204e-05  2.747543e-06  6.988312e-05  1.400370e-05  0.000000e+00
2.116992e+03  2.152205e-04  6.240897e-04  3.236967e-04  2.864194e-04  2.502467e-04  5.217386e-05  2.287483e-04  9.230611e-05  6.846700e-05  8.759589e-05  2.697521e-04  2.263036e-05  8.488779e-05  3.890801e-06  0.000000e+00  3.890801e-06
2.375304e+03  2.333829e-04  3.460948e-04  3.782068e-04  4.519959e-04  2.582346e-04  1.646945e-04  1.901056e-04  6.097277e-05  2.642674e-05  6.622470e-05  2.431887e-04  1.821187e-06  0.000000e+00  1.946245e-05  0.000000e+00  2.029705e-05
2.665135e+03  1.293238e-04  3.441338e-04  2.701485e-04  4.664658e-04  1.545996e-04  5.990661e-05  1.466343e-04  1.158776e-04  3.314285e-05  5.851049e-05  1.820783e-04  3.422204e-05  4.140285e-05  1.649736e-05  0.000000e+00  2.146945e-05
2.990330e+03  1.053879e-04  2.244781e-04  2.114673e-04  2.848524e-04  1.250023e-04  1.280747e-04  1.168432e-04  1.291020e-04  1.108859e-04  1.121688e-04  1.131263e-04  4.722996e-05  0.000000e+00  1.994802e-05  0.000000e+00  2.660061e-05
3.355206e+03  5.171824e-05  2.727004e-04  2.560756e-04  4.060807e-04  7.689822e-05  1.340771e-04  3.290117e-05  1.122552e-04  5.411585e-05  7.971973e-05  6.129458e-05  1.856933e-05  4.760955e-06  1.382674e-05  0.000000e+00  3.132057e-06
3.764603e+03  4.302921e-05  1.404698e-04  2.253414e-04  2.402605e-04  5.030243e-05  1.353235e-04  2.049259e-05  5.167258e-05  8.869133e-05  9.704598e-05  7.893823e-05  3.044382e-05  6.034902e-07  1.968249e-05  0.000000e+00  5.352256e-05
4.223954e+03  2.593329e-05  5.574492e-05  1.083990e-04  2.015508e-04  4.627007e-05  6.141940e-05  4.387588e-05  9.732289e-05  6.583900e-05  8.951607e-05  5.120819e-05  3.959916e-05  0.000000e+00  2.394839e-05  0.000000e+00  3.639062e-05
4.739354e+03  9.864068e-06  9.673401e-05  1.234559e-04  2.118394e-04  3.488930e-05  1.092024e-04  1.585907e-05  6.125210e-05  4.330953e-05  5.008950e-05  4.123290e-05  1.447928e-05  5.574972e-06  8.432897e-06  0.000000e+00  3.097310e-05
5.317643e+03  6.216805e-06  9.271858e-05  1.210701e-04  1.279217e-04  2.754375e-05  1.073982e-04  1.169596e-05  8.382397e-05  4.441374e-05  7.690419e-05  5.887362e-05  2.580172e-05  0.000000e+00  2.457924e-05  0.000000e+00  2.459090e-05
5.966493e+03  1.630319e-05  4.574354e-05  7.528100e-05  1.249529e-04  1.898361e-05  5.462245e-05  2.808746e-05  6.362298e-05  4.209393e-05  4.717848e-05  6.394839e-06  1.817887e-05  0.000000e+00  1.212798e-05  0.000000e+00  1.143501e-05
6.694516e+03  6.461817e-07  4.565680e-05  5.469495e-05  8.744028e-05  1.674438e-05  1.263532e-04  2.179403e-05  6.478830e-05  3.809279e-05  4.213041e-05  3.716353e-05  9.984256e-06  0.000000e+00  1.175813e-05  0.000000e+00  4.128723e-06
7.511370e+03  9.673719e-06  4.172122e-05  4.365562e-05  5.456267e-05  8.088241e-06  8.359762e-05  1.408658e-05  6.438169e-05  4.088459e-06  2.863674e-05  1.997040e-05  1.226388e-05  0.000000e+00  6.479813e-06  0.000000e+00  2.816398e-05
8.427896e+03  5.450916e-06  3.749641e-05  1.871209e-05  5.844799e-05  9.978115e-06  8.765752e-05  1.313604e-05  6.095680e-05  1.248777e-05  1.665020e-05  6.289136e-06  2.132884e-05  0.000000e+00  5.253918e-06  0.000000e+00  2.502627e-05
9.456255e+03  0.000000e+00  1.068053e-05  1.382307e-05  6.541766e-05  7.134441e-06  5.268877e-05  8.710419e-07  3.589896e-05  1.267375e-05  1.111424e-05  2.491759e-05  3.552437e-05  0.000000e+00  1.117068e-05  0.000000e+00  4.905913e-06
1.061009e+04  0.000000e+00  1.714684e-05  9.174454e-06  3.807171e-05  5.133416e-06  4.088179e-05  2.206839e-05  1.655804e-05  5.850566e-06  2.045883e-05  1.701896e-05  5.392226e-06  0.000000e+00  4.077131e-07  0.000000e+00  1.221164e-05
1.190472e+04  0.000000e+00  3.274704e-06  2.321751e-06  2.456436e-05  0.000000e+00  2.598353e-05  1.908404e-07  1.353592e-05  7.267493e-07  1.622308e-05  1.082246e-05  1.793483e-06  0.000000e+00  7.501809e-06  0.000000e+00  1.884183e-05
1.335731e+04  0.000000e+00  1.041335e-05  7.090676e-06  2.131627e-05  0.000000e+00  1.422530e-05  1.174150e-06  8.715350e-06  3.026556e-06  8.666516e-06  1.339593e-05  8.048202e-06  0.000000e+00  0.000000e+00  0.000000e+00  1.242960e-05
1.498715e+04  0.000000e+00  2.200673e-06  2.049548e-06  8.448727e-06  0.000000e+00  1.257255e-05  0.000000e+00  5.541827e-06  2.798797e-06  4.828236e-06  1.099181e-06  3.093417e-06  0.000000e+00  8.382290e-07  0.000000e+00  1.264139e-05
1.681586e+04  0.000000e+00  5.353859e-06  2.572496e-07  5.742867e-06  0.000000e+00  1.633060e-05  1.351046e-07  6.051849e-06  0.000000e+00  1.826661e-06  1.700536e-06  2.576334e-06  0.000000e+00  1.164367e-05  0.000000e+00  8.656996e-06
1.886771e+04  0.000000e+00  4.746337e-06  0.000000e+00  2.721826e-06  0.000000e+00  9.408090e-06  0.000000e+00  4.712820e-06  0.000000e+00  0.000000e+00  6.270039e-06  3.627467e-06  0.000000e+00  4.900385e-06  0.000000e+00  1.460145e-05
2.116992e+04  0.000000e+00  1.073174e-07  0.000000e+00  5.860602e-06  0.000000e+00  8.481558e-07  0.000000e+00  2.170049e-06  0.000000e+00  0.000000e+00  0.000000e+00  1.577675e-06  0.000000e+00  4.994537e-06  0.000000e+00  2.170049e-06
2.375304e+04  0.000000e+00  0.000000e+00  0.000000e+00  9.564676e-08  0.000000e+00  4.200642e-06  1.163632e-06  1.606311e-06  0.000000e+00  1.765921e-06  1.851034e-06  3.642375e-07  0.000000e+00  0.000000e+00  0.000000e+00  5.853736e-06
2.665135e+04  0.000000e+00  1.037088e-06  0.000000e+00  1.314598e-06  0.000000e+00  0.000000e+00  0.000000e+00  0.000000e+00  0.000000e+00  9.913859e-07  0.000000e+00  0.000000e+00  0.000000e+00  0.000000e+00  0.000000e+00  1.037088e-06
2.990330e+04  0.000000e+00  0.000000e+00  0.000000e+00  1.493262e-06  0.000000e+00  0.000000e+00  0.000000e+00  0.000000e+00  0.000000e+00  0.000000e+00  0.000000e+00  2.769200e-06  0.000000e+00  2.746267e-06  0.000000e+00  1.783986e-06
3.355206e+04  0.000000e+00  0.000000e+00  0.000000e+00  0.000000e+00  0.000000e+00  0.000000e+00  0.000000e+00  0.000000e+00  0.000000e+00  0.000000e+00  0.000000e+00  2.454930e-07  0.000000e+00  2.674247e-07  0.000000e+00  1.574972e-06
3.764603e+04  0.000000e+00  0.000000e+00  0.000000e+00  8.159396e-07  0.000000e+00  0.000000e+00  0.000000e+00  0.000000e+00  0.000000e+00  0.000000e+00  0.000000e+00  1.186140e-06  0.000000e+00  8.159396e-07  0.000000e+00  6.034902e-08
4.223954e+04  0.000000e+00  0.000000e+00  0.000000e+00  6.769957e-07  0.000000e+00  0.000000e+00  0.000000e+00  1.721878e-06  0.000000e+00  0.000000e+00  0.000000e+00  1.886768e-06  0.000000e+00  0.000000e+00  0.000000e+00  0.000000e+00
4.739354e+04  0.000000e+00  0.000000e+00  0.000000e+00  0.000000e+00  0.000000e+00  0.000000e+00  0.000000e+00  4.793693e-08  0.000000e+00  0.000000e+00  0.000000e+00  6.513100e-07  0.000000e+00  9.421847e-07  0.000000e+00  0.000000e+00
5.317643e+04  0.000000e+00  0.000000e+00  0.000000e+00  0.000000e+00  0.000000e+00  0.000000e+00  0.000000e+00  0.000000e+00  0.000000e+00  0.000000e+00  0.000000e+00  0.000000e+00  0.000000e+00  0.000000e+00  0.000000e+00  0.000000e+00
5.966493e+04  0.000000e+00  0.000000e+00  0.000000e+00  0.000000e+00  0.000000e+00  0.000000e+00  0.000000e+00  0.000000e+00  0.000000e+00  0.000000e+00  0.000000e+00  0.000000e+00  0.000000e+00  0.000000e+00  0.000000e+00  0.000000e+00
6.694516e+04  0.000000e+00  0.000000e+00  0.000000e+00  0.000000e+00  0.000000e+00  0.000000e+00  0.000000e+00  0.000000e+00  0.000000e+00  0.000000e+00  0.000000e+00  0.000000e+00  0.000000e+00  0.000000e+00  0.000000e+00  6.038774e-07
7.511370e+04  0.000000e+00  0.000000e+00  0.000000e+00  0.000000e+00  0.000000e+00  0.000000e+00  0.000000e+00  0.000000e+00  0.000000e+00  0.000000e+00  0.000000e+00  0.000000e+00  0.000000e+00  0.000000e+00  0.000000e+00  4.088459e-07
8.427896e+04  0.000000e+00  0.000000e+00  0.000000e+00  0.000000e+00  0.000000e+00  0.000000e+00  0.000000e+00  0.000000e+00  0.000000e+00  0.000000e+00  0.000000e+00  0.000000e+00  0.000000e+00  0.000000e+00  0.000000e+00  0.000000e+00
9.456255e+04  0.000000e+00  0.000000e+00  0.000000e+00  0.000000e+00  0.000000e+00  0.000000e+00  0.000000e+00  0.000000e+00  0.000000e+00  0.000000e+00  0.000000e+00  0.000000e+00  0.000000e+00  0.000000e+00  0.000000e+00  0.000000e+00
1.061009e+05  0.000000e+00  0.000000e+00  0.000000e+00  0.000000e+00  0.000000e+00  0.000000e+00  0.000000e+00  0.000000e+00  0.000000e+00  0.000000e+00  0.000000e+00  0.000000e+00  0.000000e+00  0.000000e+00  0.000000e+00  0.000000e+00
1.190472e+05  0.000000e+00  0.000000e+00  0.000000e+00  0.000000e+00  0.000000e+00  0.000000e+00  0.000000e+00  0.000000e+00  0.000000e+00  0.000000e+00  0.000000e+00  0.000000e+00  0.000000e+00  0.000000e+00  0.000000e+00  0.000000e+00
1.335731e+05  0.000000e+00  0.000000e+00  0.000000e+00  0.000000e+00  0.000000e+00  0.000000e+00  0.000000e+00  0.000000e+00  0.000000e+00  0.000000e+00  0.000000e+00  0.000000e+00  0.000000e+00  0.000000e+00  0.000000e+00  0.000000e+00
1.498715e+05  0.000000e+00  0.000000e+00  0.000000e+00  0.000000e+00  0.000000e+00  0.000000e+00  0.000000e+00  0.000000e+00  0.000000e+00  0.000000e+00  0.000000e+00  0.000000e+00  0.000000e+00  0.000000e+00  0.000000e+00  0.000000e+00
1.681586e+05  0.000000e+00  0.000000e+00  0.000000e+00  0.000000e+00  0.000000e+00  0.000000e+00  0.000000e+00  0.000000e+00  0.000000e+00  0.000000e+00  0.000000e+00  0.000000e+00  0.000000e+00  0.000000e+00  0.000000e+00  0.000000e+00
1.886771e+05  0.000000e+00  0.000000e+00  0.000000e+00  0.000000e+00  0.000000e+00  0.000000e+00  0.000000e+00  0.000000e+00  0.000000e+00  0.000000e+00  0.000000e+00  0.000000e+00  0.000000e+00  0.000000e+00  0.000000e+00  0.000000e+00
2.116992e+05  0.000000e+00  0.000000e+00  0.000000e+00  0.000000e+00  0.000000e+00  0.000000e+00  0.000000e+00  0.000000e+00  0.000000e+00  0.000000e+00  0.000000e+00  0.000000e+00  0.000000e+00  0.000000e+00  0.000000e+00  0.000000e+00
2.375304e+05  0.000000e+00  0.000000e+00  0.000000e+00  0.000000e+00  0.000000e+00  0.000000e+00  0.000000e+00  0.000000e+00  0.000000e+00  0.000000e+00  0.000000e+00  0.000000e+00  0.000000e+00  0.000000e+00  0.000000e+00  0.000000e+00
2.665135e+05  0.000000e+00  0.000000e+00  0.000000e+00  0.000000e+00  0.000000e+00  0.000000e+00  0.000000e+00  0.000000e+00  0.000000e+00  0.000000e+00  0.000000e+00  0.000000e+00  0.000000e+00  0.000000e+00  0.000000e+00  0.000000e+00
2.990330e+05  0.000000e+00  0.000000e+00  0.000000e+00  0.000000e+00  0.000000e+00  0.000000e+00  0.000000e+00  0.000000e+00  0.000000e+00  0.000000e+00  0.000000e+00  0.000000e+00  0.000000e+00  0.000000e+00  0.000000e+00  0.000000e+00
3.355206e+05  0.000000e+00  0.000000e+00  0.000000e+00  0.000000e+00  0.000000e+00  0.000000e+00  0.000000e+00  0.000000e+00  0.000000e+00  0.000000e+00  0.000000e+00  0.000000e+00  0.000000e+00  0.000000e+00  0.000000e+00  0.000000e+00
3.764603e+05  0.000000e+00  0.000000e+00  0.000000e+00  0.000000e+00  0.000000e+00  0.000000e+00  0.000000e+00  0.000000e+00  0.000000e+00  0.000000e+00  0.000000e+00  0.000000e+00  0.000000e+00  0.000000e+00  0.000000e+00  0.000000e+00
4.223954e+05  0.000000e+00  0.000000e+00  0.000000e+00  0.000000e+00  0.000000e+00  0.000000e+00  0.000000e+00  0.000000e+00  0.000000e+00  0.000000e+00  0.000000e+00  0.000000e+00  0.000000e+00  0.000000e+00  0.000000e+00  0.000000e+00
4.739354e+05  0.000000e+00  0.000000e+00  0.000000e+00  0.000000e+00  0.000000e+00  0.000000e+00  0.000000e+00  0.000000e+00  0.000000e+00  0.000000e+00  0.000000e+00  0.000000e+00  0.000000e+00  0.000000e+00  0.000000e+00  0.000000e+00
5.317643e+05  0.000000e+00  0.000000e+00  0.000000e+00  0.000000e+00  0.000000e+00  0.000000e+00  0.000000e+00  0.000000e+00  0.000000e+00  0.000000e+00  0.000000e+00  0.000000e+00  0.000000e+00  0.000000e+00  0.000000e+00  0.000000e+00
5.966493e+05  0.000000e+00  0.000000e+00  0.000000e+00  0.000000e+00  0.000000e+00  0.000000e+00  0.000000e+00  0.000000e+00  0.000000e+00  0.000000e+00  0.000000e+00  0.000000e+00  0.000000e+00  0.000000e+00  0.000000e+00  0.000000e+00
6.694516e+05  0.000000e+00  0.000000e+00  0.000000e+00  0.000000e+00  0.000000e+00  0.000000e+00  0.000000e+00  0.000000e+00  0.000000e+00  0.000000e+00  0.000000e+00  0.000000e+00  0.000000e+00  0.000000e+00  0.000000e+00  0.000000e+00
7.511370e+05  0.000000e+00  0.000000e+00  0.000000e+00  0.000000e+00  0.000000e+00  0.000000e+00  0.000000e+00  0.000000e+00  0.000000e+00  0.000000e+00  0.000000e+00  0.000000e+00  0.000000e+00  0.000000e+00  0.000000e+00  0.000000e+00
8.427896e+05  0.000000e+00  0.000000e+00  0.000000e+00  0.000000e+00  0.000000e+00  0.000000e+00  0.000000e+00  0.000000e+00  0.000000e+00  0.000000e+00  0.000000e+00  0.000000e+00  0.000000e+00  0.000000e+00  0.000000e+00  0.000000e+00
9.456255e+05  0.000000e+00  0.000000e+00  0.000000e+00  0.000000e+00  0.000000e+00  0.000000e+00  0.000000e+00  0.000000e+00  0.000000e+00  0.000000e+00  0.000000e+00  0.000000e+00  0.000000e+00  0.000000e+00  0.000000e+00  0.000000e+00
