# dR/dEr [1/keV/kg/Myr]
# Er [keV], S, F, Ne, Cl, Na, Si, O, P, N, C, Al, Mg, Be, B, Ar, Li
1.061009e+01  4.335794e+02  3.406149e+02  0.000000e+00  0.000000e+00  1.173973e+02  0.000000e+00  2.968833e+01  0.000000e+00  0.000000e+00  0.000000e+00  0.000000e+00  0.000000e+00  8.398030e-01  0.000000e+00  0.000000e+00  0.000000e+00
1.190472e+01  1.624091e+02  3.263326e+01  0.000000e+00  0.000000e+00  5.139470e+01  0.000000e+00  0.000000e+00  0.000000e+00  0.000000e+00  0.000000e+00  0.000000e+00  0.000000e+00  0.000000e+00  0.000000e+00  0.000000e+00  0.000000e+00
1.335731e+01  2.319044e+02  4.831915e+01  0.000000e+00  0.000000e+00  0.000000e+00  0.000000e+00  0.000000e+00  0.000000e+00  0.000000e+00  0.000000e+00  0.000000e+00  0.000000e+00  0.000000e+00  0.000000e+00  0.000000e+00  0.000000e+00
1.498715e+01  5.997189e+01  6.563776e+01  0.000000e+00  0.000000e+00  2.472111e+01  0.000000e+00  1.021130e+01  0.000000e+00  0.000000e+00  0.000000e+00  0.000000e+00  0.000000e+00  0.000000e+00  0.000000e+00  0.000000e+00  0.000000e+00
1.681586e+01  1.479950e+02  7.422604e+01  2.154334e+01  0.000000e+00  4.130597e+01  9.100832e+00  0.000000e+00  0.000000e+00  0.000000e+00  0.000000e+00  0.000000e+00  0.000000e+00  0.000000e+00  0.000000e+00  0.000000e+00  0.000000e+00
1.886771e+01  1.017398e+02  8.137306e+01  0.000000e+00  0.000000e+00  1.920052e+01  0.000000e+00  0.000000e+00  0.000000e+00  0.000000e+00  0.000000e+00  0.000000e+00  0.000000e+00  0.000000e+00  0.000000e+00  0.000000e+00  0.000000e+00
2.116992e+01  1.019619e+02  8.424490e+01  0.000000e+00  0.000000e+00  2.066949e+01  0.000000e+00  9.182136e+00  0.000000e+00  0.000000e+00  0.000000e+00  5.647288e+00  0.000000e+00  0.000000e+00  0.000000e+00  0.000000e+00  0.000000e+00
2.375304e+01  1.878501e+02  3.711214e+01  2.573900e+01  0.000000e+00  5.485031e+01  0.000000e+00  1.525152e+01  0.000000e+00  0.000000e+00  0.000000e+00  0.000000e+00  0.000000e+00  0.000000e+00  0.000000e+00  0.000000e+00  0.000000e+00
2.665135e+01  1.648790e+02  8.174792e+01  7.293630e+00  3.087745e-01  1.176183e+01  0.000000e+00  0.000000e+00  2.098256e+01  0.000000e+00  0.000000e+00  0.000000e+00  0.000000e+00  0.000000e+00  0.000000e+00  0.000000e+00  0.000000e+00
2.990330e+01  1.855347e+02  8.423689e+01  9.100063e+00  0.000000e+00  1.215508e+01  0.000000e+00  1.161823e+01  0.000000e+00  0.000000e+00  0.000000e+00  1.625357e+00  0.000000e+00  8.453919e+00  0.000000e+00  0.000000e+00  0.000000e+00
3.355206e+01  2.443385e+02  6.991617e+01  8.892774e+00  0.000000e+00  1.883510e+01  0.000000e+00  2.847287e+01  0.000000e+00  0.000000e+00  0.000000e+00  7.628425e+00  0.000000e+00  8.592600e+00  0.000000e+00  0.000000e+00  0.000000e+00
3.764603e+01  2.729984e+02  5.008171e+01  5.825608e-02  5.163494e+00  3.591221e+01  0.000000e+00  3.953089e-01  0.000000e+00  0.000000e+00  0.000000e+00  0.000000e+00  0.000000e+00  8.365453e-02  0.000000e+00  0.000000e+00  0.000000e+00
4.223954e+01  2.442980e+02  1.213863e+02  3.439990e+00  0.000000e+00  5.905213e+01  0.000000e+00  7.320770e+00  0.000000e+00  0.000000e+00  0.000000e+00  2.698222e+00  0.000000e+00  5.093694e+01  0.000000e+00  0.000000e+00  0.000000e+00
4.739354e+01  3.404311e+02  1.360802e+02  4.101509e+00  1.039711e+01  1.586455e+01  0.000000e+00  1.481850e+01  0.000000e+00  0.000000e+00  0.000000e+00  0.000000e+00  0.000000e+00  1.485791e+01  0.000000e+00  0.000000e+00  0.000000e+00
5.317643e+01  2.997663e+02  7.443183e+01  1.018888e+01  0.000000e+00  4.028846e+01  0.000000e+00  1.973924e+01  0.000000e+00  0.000000e+00  0.000000e+00  2.248226e+00  0.000000e+00  0.000000e+00  0.000000e+00  0.000000e+00  0.000000e+00
5.966493e+01  3.944199e+02  1.441654e+02  1.132556e+01  5.822908e+00  2.824556e+01  0.000000e+00  2.339990e+01  0.000000e+00  0.000000e+00  0.000000e+00  3.185836e+00  0.000000e+00  1.198324e+00  0.000000e+00  0.000000e+00  0.000000e+00
6.694516e+01  4.327813e+02  1.177827e+02  1.890114e+01  0.000000e+00  5.582399e+01  0.000000e+00  5.534368e+00  0.000000e+00  1.480165e+00  0.000000e+00  9.813296e+00  0.000000e+00  1.193097e+02  0.000000e+00  0.000000e+00  0.000000e+00
7.511370e+01  4.563560e+02  1.700594e+02  1.915669e+01  6.009679e+00  3.531427e+01  0.000000e+00  1.376997e+01  0.000000e+00  0.000000e+00  0.000000e+00  1.934448e+00  0.000000e+00  3.336279e+04  0.000000e+00  0.000000e+00  0.000000e+00
8.427896e+01  5.786192e+02  1.824214e+02  1.047233e+01  1.478546e+01  4.857481e+01  0.000000e+00  2.627659e+01  0.000000e+00  0.000000e+00  0.000000e+00  0.000000e+00  0.000000e+00  4.081667e+04  0.000000e+00  0.000000e+00  0.000000e+00
9.456255e+01  5.710316e+02  1.425152e+02  1.725445e+01  7.199019e+00  4.397527e+01  0.000000e+00  7.019587e+00  0.000000e+00  1.059124e+00  0.000000e+00  1.124721e-02  0.000000e+00  3.105348e+04  0.000000e+00  0.000000e+00  0.000000e+00
1.061009e+02  6.676260e+02  1.870859e+02  1.162005e+01  2.574770e+00  5.943259e+01  0.000000e+00  1.226462e+01  0.000000e+00  0.000000e+00  1.791527e+00  7.807660e+00  0.000000e+00  2.332230e+04  0.000000e+00  0.000000e+00  0.000000e+00
1.190472e+02  7.165605e+02  2.385533e+02  2.412850e+01  3.800620e+00  5.736229e+01  0.000000e+00  8.638376e+00  0.000000e+00  1.285527e+00  5.518422e+00  2.069922e+04  0.000000e+00  1.728650e+04  0.000000e+00  1.017075e+00  0.000000e+00
1.335731e+02  8.079352e+02  2.540668e+02  1.987832e+01  1.641880e-02  6.528929e+01  0.000000e+00  9.619817e+00  0.000000e+00  0.000000e+00  0.000000e+00  1.738914e+04  0.000000e+00  1.274167e+04  0.000000e+00  0.000000e+00  0.000000e+00
1.498715e+02  1.971337e+03  2.981249e+02  1.304233e+01  3.986777e+00  3.713947e+01  0.000000e+00  1.968340e+01  0.000000e+00  2.141557e+00  3.761013e+00  1.300740e+04  0.000000e+00  9.529130e+03  0.000000e+00  0.000000e+00  0.000000e+00
1.681586e+02  2.833236e+03  3.004004e+02  1.889532e+01  4.130597e+00  3.293582e+01  6.324773e-03  2.220159e+01  0.000000e+00  2.815901e+00  0.000000e+00  9.667845e+03  0.000000e+00  7.069712e+03  0.000000e+00  0.000000e+00  0.000000e+00
1.886771e+02  1.655636e+03  3.520236e+02  1.374641e+01  4.160520e+00  7.112901e+01  1.841365e+00  2.285782e+01  1.288902e+00  1.288902e+00  0.000000e+00  7.148246e+03  0.000000e+00  5.150705e+03  0.000000e+00  0.000000e+00  0.000000e+00
2.116992e+02  7.243515e+02  4.424316e+02  1.692411e+01  1.077488e+01  3.216037e+01  1.148735e+00  1.637455e+01  0.000000e+00  0.000000e+00  5.023946e-03  5.676356e+03  0.000000e+00  3.481340e+03  0.000000e+00  1.035956e-02  0.000000e+00
2.375304e+02  5.286353e+02  2.230425e+03  2.558294e+01  8.906101e+00  4.442699e+01  5.013405e-01  1.984127e+01  2.087755e+00  0.000000e+00  6.442895e-01  4.237135e+03  0.000000e+00  2.541284e+03  0.000000e+00  1.754678e+00  0.000000e+00
2.665135e+02  4.336402e+02  1.862591e+03  2.543815e+01  8.388693e+00  6.411832e+01  1.119534e+00  1.454098e+01  0.000000e+00  9.124728e-01  1.759997e+00  3.112459e+03  0.000000e+00  1.746484e+03  0.000000e+00  0.000000e+00  0.000000e+00
2.990330e+02  2.680119e+02  2.847918e+02  1.435533e+01  5.096979e+00  4.886954e+01  1.552017e-01  2.923665e+01  5.107321e-03  1.053148e-02  3.349243e-01  2.322288e+03  0.000000e+00  1.302975e+03  0.000000e+00  0.000000e+00  0.000000e+00
3.355206e+02  2.371162e+02  2.561817e+02  1.688316e+01  6.912161e+00  5.214304e+01  7.248029e-01  2.085204e+01  7.098438e-01  5.793536e-01  1.982537e+00  1.751601e+03  2.130955e-01  9.338123e+02  0.000000e+00  0.000000e+00  1.789238e-02
3.764603e+02  1.573795e+02  1.924799e+02  2.222627e+01  8.199187e+00  5.812810e+01  6.286813e-01  1.440270e+01  0.000000e+00  7.925693e-01  0.000000e+00  1.129700e+03  0.000000e+00  6.746533e+02  0.000000e+00  0.000000e+00  0.000000e+00
4.223954e+02  1.018850e+02  1.617216e+02  1.348677e+01  7.086540e+00  4.930801e+01  4.638126e-01  1.979795e+01  1.615686e+00  5.793471e-01  1.560495e+00  8.768232e+02  0.000000e+00  3.561847e+02  0.000000e+00  5.192079e-03  0.000000e+00
4.739354e+02  8.422856e+01  1.347348e+02  1.935709e+01  1.109592e+01  4.336518e+01  8.112239e-01  2.013282e+01  1.990062e+00  1.179936e+00  0.000000e+00  5.558833e+02  0.000000e+00  2.405499e+02  1.179936e+00  0.000000e+00  0.000000e+00
5.317643e+02  6.672337e+01  8.853876e+01  2.059339e+01  5.657867e+00  4.352236e+01  1.302693e+00  1.630243e+01  1.875690e+00  2.098427e+00  6.976177e-01  4.607803e+02  0.000000e+00  1.875064e+02  2.000069e-03  7.837857e-01  0.000000e+00
5.966493e+02  5.944903e+01  7.943071e+01  2.186253e+01  1.080201e+01  4.230373e+01  1.828076e+00  1.667190e+01  1.730538e+00  8.289657e-01  4.236996e-01  3.221106e+02  0.000000e+00  1.265807e+02  0.000000e+00  5.278244e-03  0.000000e+00
6.694516e+02  4.590481e+01  6.598809e+01  2.555915e+01  1.477970e+01  4.110224e+01  1.745400e+00  2.052923e+01  1.161769e+00  9.868388e-01  3.766190e-01  2.245837e+02  0.000000e+00  8.033817e+01  0.000000e+00  0.000000e+00  0.000000e+00
7.511370e+02  3.691417e+01  5.214970e+01  1.713525e+01  1.202194e+01  2.708331e+01  3.948470e-01  1.519752e+01  1.451076e+00  1.358409e+00  2.537241e-01  1.540738e+02  0.000000e+00  5.019591e+01  0.000000e+00  0.000000e+00  0.000000e+00
8.427896e+02  2.326206e+01  4.384209e+01  1.547406e+01  1.241220e+01  3.089859e+01  8.420765e-01  1.737306e+01  5.846725e-01  2.894492e-01  1.003368e+00  7.899014e+01  0.000000e+00  2.436177e+01  0.000000e+00  7.729487e-01  0.000000e+00
9.456255e+02  2.319759e+01  3.485900e+01  2.049937e+01  9.004392e+00  2.548161e+01  1.450847e+00  1.821967e+01  1.715420e+00  0.000000e+00  8.974079e-01  6.780320e+01  8.702447e-03  1.916219e+01  0.000000e+00  0.000000e+00  0.000000e+00
1.061009e+03  2.122802e+01  2.482358e+01  1.941467e+01  1.325536e+01  2.076044e+01  1.463419e+00  1.617750e+01  1.317660e+00  2.349234e+00  4.491887e-01  4.678177e+01  0.000000e+00  8.392250e+00  1.011481e-01  6.738671e-02  0.000000e+00
1.190472e+03  1.421916e+01  2.115153e+01  1.752345e+01  1.338737e+01  1.474873e+01  1.748896e+00  1.054189e+01  1.661195e+00  7.150293e-01  1.054285e+00  2.718267e+01  0.000000e+00  8.381836e+00  0.000000e+00  0.000000e+00  0.000000e+00
1.335731e+03  1.449098e+01  1.954772e+01  1.456129e+01  9.829937e+00  1.238994e+01  7.938221e-01  1.299583e+01  8.180521e-01  1.422205e+00  2.918415e-01  1.356641e+01  0.000000e+00  3.263129e+00  4.876977e-01  0.000000e+00  0.000000e+00
1.498715e+03  9.055724e+00  1.427045e+01  1.155876e+01  1.100278e+01  8.711730e+00  2.454130e+00  1.170088e+01  2.313827e+00  2.168021e+00  5.208456e-01  7.501324e+00  9.929711e-03  4.278250e+00  0.000000e+00  0.000000e+00  3.306812e-02
1.681586e+03  3.916934e+00  1.433088e+01  9.236144e+00  9.739219e+00  1.111171e+01  1.084447e+00  8.577631e+00  1.543824e+00  1.578646e+00  1.184547e+00  8.654619e+00  0.000000e+00  2.209779e+00  3.853144e-01  0.000000e+00  3.569999e-03
1.886771e+03  5.705592e+00  9.018030e+00  9.806830e+00  1.177096e+01  8.933171e+00  1.378641e+00  7.534681e+00  1.737141e+00  1.148910e+00  1.127160e+00  4.538831e+00  2.370108e-01  1.581384e-01  2.726249e-01  2.361280e-03  0.000000e+00
2.116992e+03  3.945515e+00  9.349790e+00  6.154199e+00  7.196459e+00  3.586806e+00  1.309135e+00  5.943393e+00  1.484432e+00  3.531958e-01  7.254922e-01  2.327562e+00  1.127242e-01  7.721137e-01  1.035956e-03  0.000000e+00  1.035956e-03
2.375304e+03  1.688001e+00  5.091704e+00  6.009188e+00  1.064440e+01  3.879402e+00  2.139982e+00  5.368049e+00  1.274389e+00  7.597900e-01  2.231580e-01  2.441480e+00  6.429736e-04  0.000000e+00  5.033151e-02  0.000000e+00  8.047234e-02
2.665135e+03  1.967378e+00  4.170450e+00  4.661486e+00  9.360312e+00  1.832165e+00  1.237729e+00  3.407989e+00  2.275086e+00  5.269287e-01  1.229294e+00  1.426593e+00  4.937800e-01  2.181462e-01  9.485453e-02  0.000000e+00  2.520827e-01
2.990330e+03  5.038322e-01  3.018345e+00  3.144117e+00  7.326407e+00  1.543308e+00  1.706885e+00  2.436525e+00  1.250864e+00  6.317638e-01  5.927357e-01  1.250775e+00  8.555246e-02  0.000000e+00  8.559234e-02  0.000000e+00  3.776053e-01
3.355206e+03  5.849979e-01  3.447677e+00  3.354662e+00  7.367910e+00  6.913459e-01  1.552042e+00  1.429894e+00  8.497694e-01  4.539895e-01  4.884043e-01  3.224074e-01  1.926214e-01  1.661335e-01  1.448601e-02  0.000000e+00  9.706336e-04
3.764603e+03  1.470229e-01  1.285961e+00  2.379930e+00  4.591682e+00  5.499318e-01  1.423639e+00  9.245716e-01  6.985910e-01  2.977556e-01  6.059627e-01  4.740441e-01  4.193740e-02  2.825172e-04  1.657715e-01  0.000000e+00  2.111841e-01
4.223954e+03  2.755165e-02  9.500607e-01  9.699413e-01  3.523319e+00  3.178933e-01  6.450787e-01  8.001857e-01  8.375243e-01  5.158128e-01  4.224237e-01  4.325245e-01  7.299183e-02  0.000000e+00  1.643105e-01  0.000000e+00  9.820540e-02
4.739354e+03  3.065894e-02  7.736754e-01  1.201997e+00  3.346050e+00  2.807319e-01  7.051891e-01  2.538252e-01  6.551116e-01  2.095074e-01  2.884505e-01  3.334575e-01  1.422341e-01  9.400423e-04  6.281669e-03  0.000000e+00  3.502757e-02
5.317643e+03  1.526086e-01  7.178615e-01  8.581718e-01  2.089810e+00  3.519292e-02  5.521026e-01  1.250137e-01  1.152874e+00  4.434564e-01  3.471881e-01  1.222890e-01  1.327281e-01  0.000000e+00  1.552562e-01  0.000000e+00  1.417007e-01
5.966493e+03  5.948963e-02  3.205391e-01  5.016320e-01  1.378751e+00  1.031356e-01  7.304545e-01  8.660116e-02  5.663811e-01  1.953947e-01  4.000726e-01  7.778513e-03  2.265048e-02  0.000000e+00  3.260506e-02  0.000000e+00  8.017366e-02
6.694516e+03  2.281356e-04  2.243612e-01  3.111769e-01  1.084947e+00  2.933639e-02  1.102986e+00  3.455469e-02  2.758731e-01  2.659701e-01  3.660862e-01  2.277697e-01  2.327379e-01  0.000000e+00  2.282975e-02  0.000000e+00  8.967433e-04
7.511370e+03  1.149986e-02  2.212079e-01  2.995380e-01  5.027451e-01  9.290496e-02  5.379477e-01  1.229140e-01  2.158708e-01  8.584189e-02  1.812087e-01  9.002700e-03  6.717435e-02  0.000000e+00  2.542098e-03  0.000000e+00  2.101351e-01
8.427896e+03  2.255399e-02  1.711770e-01  1.520757e-01  1.902635e-01  2.806076e-02  7.944083e-01  1.242132e-01  6.398486e-01  1.000371e-01  8.441309e-02  1.558996e-01  1.468187e-01  0.000000e+00  1.350102e-03  0.000000e+00  3.830967e-02
9.456255e+03  0.000000e+00  5.220895e-02  1.728328e-01  4.216760e-01  3.830224e-02  5.001853e-01  2.319216e-04  2.197751e-01  1.445235e-01  8.418735e-02  2.299701e-01  1.780305e-01  0.000000e+00  8.141295e-02  0.000000e+00  5.139831e-03
1.061009e+04  0.000000e+00  1.243765e-01  4.600103e-02  2.566230e-01  1.147452e-02  3.592951e-01  4.670134e-02  1.306257e-01  4.877697e-03  1.106546e-01  1.213957e-01  1.226891e-01  0.000000e+00  1.439439e-04  0.000000e+00  7.225199e-02
1.190472e+04  0.000000e+00  6.867496e-04  5.042758e-04  1.490409e-01  0.000000e+00  1.085331e-01  8.933980e-05  9.683778e-03  2.565802e-04  1.175945e-01  1.583330e-01  5.144539e-02  0.000000e+00  1.664716e-02  0.000000e+00  2.580905e-02
1.335731e+04  0.000000e+00  3.067898e-02  6.980112e-02  1.932571e-01  0.000000e+00  8.714917e-02  2.357705e-04  3.531490e-02  3.554158e-03  9.701547e-02  4.199355e-02  1.205843e-02  0.000000e+00  0.000000e+00  0.000000e+00  2.645162e-02
1.498715e+04  0.000000e+00  4.309382e-02  9.929711e-04  1.313109e-02  0.000000e+00  6.246208e-02  0.000000e+00  8.728596e-02  4.770614e-03  1.298031e-02  2.926653e-04  5.078918e-02  0.000000e+00  2.482371e-04  0.000000e+00  5.845245e-02
1.681586e+04  0.000000e+00  2.259347e-03  9.082243e-05  7.692153e-03  0.000000e+00  1.173074e-01  6.324773e-05  9.395178e-03  0.000000e+00  8.849864e-04  4.893746e-04  5.442791e-04  0.000000e+00  3.653104e-02  0.000000e+00  4.820867e-02
1.886771e+04  0.000000e+00  6.821451e-03  0.000000e+00  2.986194e-02  0.000000e+00  7.138566e-02  0.000000e+00  6.468211e-02  0.000000e+00  0.000000e+00  2.038512e-02  3.050835e-02  0.000000e+00  4.488400e-02  0.000000e+00  3.201382e-02
2.116992e+04  0.000000e+00  5.023946e-05  0.000000e+00  1.751110e-02  0.000000e+00  1.990006e-04  0.000000e+00  8.978905e-03  0.000000e+00  0.000000e+00  0.000000e+00  2.641548e-02  0.000000e+00  6.384669e-02  0.000000e+00  8.978905e-03
2.375304e+04  0.000000e+00  0.000000e+00  0.000000e+00  4.477597e-05  0.000000e+00  1.008892e-02  2.527366e-04  1.953874e-03  0.000000e+00  3.010054e-03  1.064285e-02  1.285947e-04  0.000000e+00  0.000000e+00  0.000000e+00  3.428060e-02
2.665135e+04  0.000000e+00  2.252517e-04  0.000000e+00  2.425084e-02  0.000000e+00  0.000000e+00  0.000000e+00  0.000000e+00  0.000000e+00  1.671658e-04  0.000000e+00  0.000000e+00  0.000000e+00  0.000000e+00  0.000000e+00  2.252517e-04
2.990330e+04  0.000000e+00  0.000000e+00  0.000000e+00  3.313676e-03  0.000000e+00  0.000000e+00  0.000000e+00  0.000000e+00  0.000000e+00  0.000000e+00  0.000000e+00  4.865693e-03  0.000000e+00  1.000594e-02  0.000000e+00  4.945755e-03
3.355206e+04  0.000000e+00  0.000000e+00  0.000000e+00  0.000000e+00  0.000000e+00  0.000000e+00  0.000000e+00  0.000000e+00  0.000000e+00  0.000000e+00  0.000000e+00  6.536440e-05  0.000000e+00  1.242217e-02  0.000000e+00  2.655690e-04
3.764603e+04  0.000000e+00  0.000000e+00  0.000000e+00  3.953089e-04  0.000000e+00  0.000000e+00  0.000000e+00  0.000000e+00  0.000000e+00  0.000000e+00  0.000000e+00  2.632146e-03  0.000000e+00  3.953089e-04  0.000000e+00  2.825172e-05
4.223954e+04  0.000000e+00  0.000000e+00  0.000000e+00  1.948235e-04  0.000000e+00  0.000000e+00  0.000000e+00  1.838337e-02  0.000000e+00  0.000000e+00  0.000000e+00  2.734380e-03  0.000000e+00  0.000000e+00  0.000000e+00  0.000000e+00
4.739354e+04  0.000000e+00  0.000000e+00  0.000000e+00  0.000000e+00  0.000000e+00  0.000000e+00  0.000000e+00  2.244114e-05  0.000000e+00  0.000000e+00  0.000000e+00  1.960778e-04  0.000000e+00  2.090788e-03  0.000000e+00  0.000000e+00
5.317643e+04  0.000000e+00  0.000000e+00  0.000000e+00  0.000000e+00  0.000000e+00  0.000000e+00  0.000000e+00  0.000000e+00  0.000000e+00  0.000000e+00  0.000000e+00  0.000000e+00  0.000000e+00  0.000000e+00  0.000000e+00  0.000000e+00
5.966493e+04  0.000000e+00  0.000000e+00  0.000000e+00  0.000000e+00  0.000000e+00  0.000000e+00  0.000000e+00  0.000000e+00  0.000000e+00  0.000000e+00  0.000000e+00  0.000000e+00  0.000000e+00  0.000000e+00  0.000000e+00  0.000000e+00
6.694516e+04  0.000000e+00  0.000000e+00  0.000000e+00  0.000000e+00  0.000000e+00  0.000000e+00  0.000000e+00  0.000000e+00  0.000000e+00  0.000000e+00  0.000000e+00  0.000000e+00  0.000000e+00  0.000000e+00  0.000000e+00  7.091478e-04
7.511370e+04  0.000000e+00  0.000000e+00  0.000000e+00  0.000000e+00  0.000000e+00  0.000000e+00  0.000000e+00  0.000000e+00  0.000000e+00  0.000000e+00  0.000000e+00  0.000000e+00  0.000000e+00  0.000000e+00  0.000000e+00  8.584189e-03
8.427896e+04  0.000000e+00  0.000000e+00  0.000000e+00  0.000000e+00  0.000000e+00  0.000000e+00  0.000000e+00  0.000000e+00  0.000000e+00  0.000000e+00  0.000000e+00  0.000000e+00  0.000000e+00  0.000000e+00  0.000000e+00  0.000000e+00
9.456255e+04  0.000000e+00  0.000000e+00  0.000000e+00  0.000000e+00  0.000000e+00  0.000000e+00  0.000000e+00  0.000000e+00  0.000000e+00  0.000000e+00  0.000000e+00  0.000000e+00  0.000000e+00  0.000000e+00  0.000000e+00  0.000000e+00
1.061009e+05  0.000000e+00  0.000000e+00  0.000000e+00  0.000000e+00  0.000000e+00  0.000000e+00  0.000000e+00  0.000000e+00  0.000000e+00  0.000000e+00  0.000000e+00  0.000000e+00  0.000000e+00  0.000000e+00  0.000000e+00  0.000000e+00
1.190472e+05  0.000000e+00  0.000000e+00  0.000000e+00  0.000000e+00  0.000000e+00  0.000000e+00  0.000000e+00  0.000000e+00  0.000000e+00  0.000000e+00  0.000000e+00  0.000000e+00  0.000000e+00  0.000000e+00  0.000000e+00  0.000000e+00
1.335731e+05  0.000000e+00  0.000000e+00  0.000000e+00  0.000000e+00  0.000000e+00  0.000000e+00  0.000000e+00  0.000000e+00  0.000000e+00  0.000000e+00  0.000000e+00  0.000000e+00  0.000000e+00  0.000000e+00  0.000000e+00  0.000000e+00
1.498715e+05  0.000000e+00  0.000000e+00  0.000000e+00  0.000000e+00  0.000000e+00  0.000000e+00  0.000000e+00  0.000000e+00  0.000000e+00  0.000000e+00  0.000000e+00  0.000000e+00  0.000000e+00  0.000000e+00  0.000000e+00  0.000000e+00
1.681586e+05  0.000000e+00  0.000000e+00  0.000000e+00  0.000000e+00  0.000000e+00  0.000000e+00  0.000000e+00  0.000000e+00  0.000000e+00  0.000000e+00  0.000000e+00  0.000000e+00  0.000000e+00  0.000000e+00  0.000000e+00  0.000000e+00
1.886771e+05  0.000000e+00  0.000000e+00  0.000000e+00  0.000000e+00  0.000000e+00  0.000000e+00  0.000000e+00  0.000000e+00  0.000000e+00  0.000000e+00  0.000000e+00  0.000000e+00  0.000000e+00  0.000000e+00  0.000000e+00  0.000000e+00
2.116992e+05  0.000000e+00  0.000000e+00  0.000000e+00  0.000000e+00  0.000000e+00  0.000000e+00  0.000000e+00  0.000000e+00  0.000000e+00  0.000000e+00  0.000000e+00  0.000000e+00  0.000000e+00  0.000000e+00  0.000000e+00  0.000000e+00
2.375304e+05  0.000000e+00  0.000000e+00  0.000000e+00  0.000000e+00  0.000000e+00  0.000000e+00  0.000000e+00  0.000000e+00  0.000000e+00  0.000000e+00  0.000000e+00  0.000000e+00  0.000000e+00  0.000000e+00  0.000000e+00  0.000000e+00
2.665135e+05  0.000000e+00  0.000000e+00  0.000000e+00  0.000000e+00  0.000000e+00  0.000000e+00  0.000000e+00  0.000000e+00  0.000000e+00  0.000000e+00  0.000000e+00  0.000000e+00  0.000000e+00  0.000000e+00  0.000000e+00  0.000000e+00
2.990330e+05  0.000000e+00  0.000000e+00  0.000000e+00  0.000000e+00  0.000000e+00  0.000000e+00  0.000000e+00  0.000000e+00  0.000000e+00  0.000000e+00  0.000000e+00  0.000000e+00  0.000000e+00  0.000000e+00  0.000000e+00  0.000000e+00
3.355206e+05  0.000000e+00  0.000000e+00  0.000000e+00  0.000000e+00  0.000000e+00  0.000000e+00  0.000000e+00  0.000000e+00  0.000000e+00  0.000000e+00  0.000000e+00  0.000000e+00  0.000000e+00  0.000000e+00  0.000000e+00  0.000000e+00
3.764603e+05  0.000000e+00  0.000000e+00  0.000000e+00  0.000000e+00  0.000000e+00  0.000000e+00  0.000000e+00  0.000000e+00  0.000000e+00  0.000000e+00  0.000000e+00  0.000000e+00  0.000000e+00  0.000000e+00  0.000000e+00  0.000000e+00
4.223954e+05  0.000000e+00  0.000000e+00  0.000000e+00  0.000000e+00  0.000000e+00  0.000000e+00  0.000000e+00  0.000000e+00  0.000000e+00  0.000000e+00  0.000000e+00  0.000000e+00  0.000000e+00  0.000000e+00  0.000000e+00  0.000000e+00
4.739354e+05  0.000000e+00  0.000000e+00  0.000000e+00  0.000000e+00  0.000000e+00  0.000000e+00  0.000000e+00  0.000000e+00  0.000000e+00  0.000000e+00  0.000000e+00  0.000000e+00  0.000000e+00  0.000000e+00  0.000000e+00  0.000000e+00
5.317643e+05  0.000000e+00  0.000000e+00  0.000000e+00  0.000000e+00  0.000000e+00  0.000000e+00  0.000000e+00  0.000000e+00  0.000000e+00  0.000000e+00  0.000000e+00  0.000000e+00  0.000000e+00  0.000000e+00  0.000000e+00  0.000000e+00
5.966493e+05  0.000000e+00  0.000000e+00  0.000000e+00  0.000000e+00  0.000000e+00  0.000000e+00  0.000000e+00  0.000000e+00  0.000000e+00  0.000000e+00  0.000000e+00  0.000000e+00  0.000000e+00  0.000000e+00  0.000000e+00  0.000000e+00
6.694516e+05  0.000000e+00  0.000000e+00  0.000000e+00  0.000000e+00  0.000000e+00  0.000000e+00  0.000000e+00  0.000000e+00  0.000000e+00  0.000000e+00  0.000000e+00  0.000000e+00  0.000000e+00  0.000000e+00  0.000000e+00  0.000000e+00
7.511370e+05  0.000000e+00  0.000000e+00  0.000000e+00  0.000000e+00  0.000000e+00  0.000000e+00  0.000000e+00  0.000000e+00  0.000000e+00  0.000000e+00  0.000000e+00  0.000000e+00  0.000000e+00  0.000000e+00  0.000000e+00  0.000000e+00
8.427896e+05  0.000000e+00  0.000000e+00  0.000000e+00  0.000000e+00  0.000000e+00  0.000000e+00  0.000000e+00  0.000000e+00  0.000000e+00  0.000000e+00  0.000000e+00  0.000000e+00  0.000000e+00  0.000000e+00  0.000000e+00  0.000000e+00
9.456255e+05  0.000000e+00  0.000000e+00  0.000000e+00  0.000000e+00  0.000000e+00  0.000000e+00  0.000000e+00  0.000000e+00  0.000000e+00  0.000000e+00  0.000000e+00  0.000000e+00  0.000000e+00  0.000000e+00  0.000000e+00  0.000000e+00
