# dR/dEr [1/keV/kg/Myr]
# Er [keV], S, F, Ne, Cl, Na, Si, O, P, N, C, Al, Mg, Be, B, Ar, Li
1.061009e+01  9.852398e-03  9.809104e-03  0.000000e+00  0.000000e+00  6.419261e-03  0.000000e+00  4.890411e-04  0.000000e+00  0.000000e+00  0.000000e+00  0.000000e+00  0.000000e+00  2.907949e-03  0.000000e+00  0.000000e+00  0.000000e+00
1.190472e+01  1.571292e-03  2.718599e-03  0.000000e+00  0.000000e+00  5.062645e-04  0.000000e+00  0.000000e+00  0.000000e+00  0.000000e+00  0.000000e+00  0.000000e+00  0.000000e+00  0.000000e+00  0.000000e+00  0.000000e+00  0.000000e+00
1.335731e+01  2.457248e-03  2.309211e-03  0.000000e+00  0.000000e+00  0.000000e+00  0.000000e+00  0.000000e+00  0.000000e+00  0.000000e+00  0.000000e+00  0.000000e+00  0.000000e+00  0.000000e+00  0.000000e+00  0.000000e+00  0.000000e+00
1.498715e+01  5.788892e-04  2.294243e-03  0.000000e+00  0.000000e+00  1.900216e-03  0.000000e+00  9.125548e-05  0.000000e+00  0.000000e+00  0.000000e+00  0.000000e+00  0.000000e+00  0.000000e+00  0.000000e+00  0.000000e+00  0.000000e+00
1.681586e+01  1.432265e-03  1.205931e-03  2.042835e-04  0.000000e+00  4.136614e-04  8.133153e-05  0.000000e+00  0.000000e+00  0.000000e+00  0.000000e+00  0.000000e+00  0.000000e+00  0.000000e+00  0.000000e+00  0.000000e+00  0.000000e+00
1.886771e+01  9.740028e-04  1.101065e-03  0.000000e+00  0.000000e+00  1.820679e-04  0.000000e+00  0.000000e+00  0.000000e+00  0.000000e+00  0.000000e+00  0.000000e+00  0.000000e+00  0.000000e+00  0.000000e+00  0.000000e+00  0.000000e+00
2.116992e+01  1.735177e-03  2.038284e-03  0.000000e+00  0.000000e+00  1.994076e-04  0.000000e+00  8.575380e-05  0.000000e+00  0.000000e+00  0.000000e+00  1.426056e-03  0.000000e+00  0.000000e+00  0.000000e+00  0.000000e+00  0.000000e+00
2.375304e+01  3.004293e-03  3.632620e-04  4.942971e-04  0.000000e+00  1.160073e-03  0.000000e+00  1.446216e-04  0.000000e+00  0.000000e+00  0.000000e+00  0.000000e+00  0.000000e+00  0.000000e+00  0.000000e+00  0.000000e+00  0.000000e+00
2.665135e+01  2.677955e-03  2.914544e-03  6.811667e-05  9.396759e-04  1.067325e-04  0.000000e+00  0.000000e+00  7.728880e-04  0.000000e+00  0.000000e+00  0.000000e+00  0.000000e+00  0.000000e+00  0.000000e+00  0.000000e+00  0.000000e+00
2.990330e+01  3.113570e-03  9.162860e-04  8.015244e-05  0.000000e+00  2.024641e-03  0.000000e+00  1.064451e-04  0.000000e+00  0.000000e+00  0.000000e+00  1.011502e-03  0.000000e+00  9.138815e-04  0.000000e+00  0.000000e+00  0.000000e+00
3.355206e+01  3.363328e-03  1.281619e-03  9.484882e-05  0.000000e+00  1.799247e-04  0.000000e+00  5.814343e-04  0.000000e+00  0.000000e+00  0.000000e+00  1.060470e-03  0.000000e+00  2.566898e-03  0.000000e+00  0.000000e+00  0.000000e+00
3.764603e+01  5.440437e-03  3.300244e-03  1.168374e-04  4.822291e-05  1.733118e-03  0.000000e+00  6.645378e-04  0.000000e+00  0.000000e+00  0.000000e+00  0.000000e+00  0.000000e+00  2.192234e-04  0.000000e+00  0.000000e+00  0.000000e+00
4.223954e+01  4.261911e-03  2.084509e-03  7.092435e-04  0.000000e+00  7.238368e-04  0.000000e+00  2.601404e-04  0.000000e+00  0.000000e+00  0.000000e+00  1.291997e-03  0.000000e+00  1.820055e-03  0.000000e+00  0.000000e+00  0.000000e+00
4.739354e+01  4.592244e-03  1.525919e-03  3.830482e-05  1.054526e-04  6.752057e-04  0.000000e+00  1.373398e-04  0.000000e+00  0.000000e+00  0.000000e+00  0.000000e+00  0.000000e+00  1.964554e-03  0.000000e+00  0.000000e+00  0.000000e+00
5.317643e+01  4.411239e-03  7.459260e-04  9.399770e-05  0.000000e+00  1.890433e-03  0.000000e+00  1.816298e-04  0.000000e+00  0.000000e+00  0.000000e+00  5.677230e-04  0.000000e+00  0.000000e+00  0.000000e+00  0.000000e+00  0.000000e+00
5.966493e+01  5.039667e-03  2.888074e-03  1.052505e-04  5.334894e-05  1.220470e-03  0.000000e+00  1.712587e-03  0.000000e+00  0.000000e+00  0.000000e+00  4.850676e-04  0.000000e+00  4.706835e-04  0.000000e+00  0.000000e+00  0.000000e+00
6.694516e+01  6.053311e-03  2.718184e-03  1.784344e-04  0.000000e+00  7.241296e-04  0.000000e+00  4.254054e-04  0.000000e+00  4.414982e-04  0.000000e+00  2.438704e-04  0.000000e+00  5.334595e-03  0.000000e+00  0.000000e+00  0.000000e+00
7.511370e+01  6.906138e-03  2.630276e-03  5.412939e-04  6.057527e-05  6.120646e-04  0.000000e+00  1.409355e-04  0.000000e+00  0.000000e+00  0.000000e+00  3.988369e-04  0.000000e+00  1.993678e+00  0.000000e+00  0.000000e+00  0.000000e+00
8.427896e+01  7.137683e-03  2.565889e-03  1.018734e-04  4.863114e-04  6.502096e-04  0.000000e+00  5.886146e-04  0.000000e+00  0.000000e+00  0.000000e+00  0.000000e+00  0.000000e+00  2.372520e+00  0.000000e+00  0.000000e+00  0.000000e+00
9.456255e+01  7.873660e-03  1.909885e-03  2.991865e-04  7.008570e-05  1.499456e-03  0.000000e+00  1.572553e-04  0.000000e+00  3.257689e-04  0.000000e+00  1.321210e-05  0.000000e+00  1.822357e+00  0.000000e+00  0.000000e+00  0.000000e+00
1.061009e+02  7.926559e-03  3.209599e-03  6.169198e-04  3.436533e-05  9.559804e-04  0.000000e+00  3.442456e-04  0.000000e+00  0.000000e+00  2.727736e-04  2.982843e-04  0.000000e+00  1.335358e+00  0.000000e+00  0.000000e+00  0.000000e+00
1.190472e+02  8.074031e-03  4.176590e-03  2.883183e-04  2.456055e-04  1.924803e-03  0.000000e+00  2.475074e-04  0.000000e+00  1.148838e-05  1.371384e-04  1.163722e+00  0.000000e+00  1.015171e+00  0.000000e+00  2.732840e-04  0.000000e+00
1.335731e+02  9.535386e-03  3.947056e-03  5.894788e-04  3.292925e-05  1.275774e-03  0.000000e+00  1.735740e-04  0.000000e+00  0.000000e+00  0.000000e+00  9.935472e-01  0.000000e+00  7.605552e-01  0.000000e+00  0.000000e+00  0.000000e+00
1.498715e+02  2.108457e-02  4.332085e-03  1.545120e-04  7.108595e-05  6.354418e-04  0.000000e+00  8.090721e-04  0.000000e+00  1.851754e-04  2.403746e-04  7.462447e-01  0.000000e+00  5.719139e-01  0.000000e+00  0.000000e+00  0.000000e+00
1.681586e+02  2.957662e-02  6.168979e-03  2.843035e-04  4.136614e-05  9.773544e-04  7.429712e-06  7.494234e-04  0.000000e+00  2.288292e-04  0.000000e+00  5.832877e-01  0.000000e+00  4.056857e-01  0.000000e+00  0.000000e+00  0.000000e+00
1.886771e+02  1.901841e-02  4.721097e-03  3.150772e-04  3.924431e-05  1.295090e-03  1.687042e-05  7.665560e-04  1.275216e-05  1.275216e-05  0.000000e+00  4.285913e-01  0.000000e+00  2.912577e-01  0.000000e+00  0.000000e+00  0.000000e+00
2.116992e+02  9.622263e-03  6.470341e-03  3.158856e-04  2.111836e-04  8.774734e-04  1.136538e-05  4.114248e-04  0.000000e+00  0.000000e+00  5.901630e-06  3.385937e-01  0.000000e+00  2.068119e-01  0.000000e+00  2.077695e-05  0.000000e+00
2.375304e+02  6.849870e-03  2.327885e-02  4.932565e-04  2.044685e-04  1.355314e-03  4.332763e-06  7.182442e-04  5.578513e-05  0.000000e+00  5.757831e-06  2.499340e-01  0.000000e+00  1.573236e-01  0.000000e+00  2.320696e-05  0.000000e+00
2.665135e+02  6.024872e-03  1.990012e-02  5.961893e-04  2.020071e-04  1.531689e-03  1.194076e-05  5.065744e-04  0.000000e+00  9.027839e-06  8.649772e-05  1.799930e-01  0.000000e+00  1.028208e-01  0.000000e+00  0.000000e+00  0.000000e+00
2.990330e+02  5.045829e-03  4.219807e-03  2.302686e-04  1.333701e-04  1.297998e-03  8.644120e-05  6.858918e-04  7.839294e-06  2.759859e-05  1.030172e-04  1.399626e-01  0.000000e+00  7.509631e-02  0.000000e+00  0.000000e+00  0.000000e+00
3.355206e+02  4.436032e-03  4.422935e-03  2.389378e-04  2.025531e-04  1.155293e-03  7.171067e-06  3.634045e-04  6.134722e-06  5.410699e-06  1.232997e-04  1.024311e-01  8.370068e-05  5.419320e-02  0.000000e+00  0.000000e+00  7.351299e-05
3.764603e+02  3.365228e-03  3.212749e-03  5.147467e-04  2.350393e-04  9.381084e-04  2.470798e-04  4.046145e-04  0.000000e+00  8.453410e-06  0.000000e+00  6.886944e-02  0.000000e+00  3.807134e-02  0.000000e+00  0.000000e+00  0.000000e+00
4.223954e+02  2.254548e-03  3.154166e-03  2.203431e-04  1.881064e-04  1.070818e-03  9.847666e-06  4.025943e-04  1.383034e-04  1.124598e-05  4.906400e-05  4.973149e-02  0.000000e+00  2.118853e-02  0.000000e+00  1.041314e-05  0.000000e+00
4.739354e+02  2.113868e-03  2.732817e-03  3.543726e-04  2.225189e-04  8.503293e-04  6.489688e-05  7.216333e-04  4.665489e-05  4.346269e-05  0.000000e+00  3.395722e-02  0.000000e+00  1.528735e-02  4.346269e-05  0.000000e+00  0.000000e+00
5.317643e+02  1.903032e-03  2.783611e-03  6.184864e-04  1.159031e-04  6.776722e-04  2.794706e-05  3.238524e-04  8.630869e-05  4.861009e-05  1.083923e-04  2.925730e-02  0.000000e+00  1.076746e-02  2.349481e-06  1.036617e-05  0.000000e+00
5.966493e+02  1.841266e-03  2.416129e-03  5.190630e-04  4.730097e-04  6.488211e-04  8.018856e-05  5.865985e-04  5.861871e-05  5.003896e-05  4.580258e-05  1.914143e-02  0.000000e+00  7.084371e-03  0.000000e+00  1.383206e-05  0.000000e+00
6.694516e+02  1.439686e-03  2.290659e-03  7.080724e-04  4.619881e-04  7.490771e-04  3.858212e-05  4.897597e-04  2.488813e-05  9.885071e-06  4.619277e-05  1.296249e-02  0.000000e+00  4.443641e-03  0.000000e+00  0.000000e+00  0.000000e+00
7.511370e+02  1.190134e-03  1.525281e-03  4.336763e-04  3.086989e-04  5.249099e-04  1.028272e-04  3.729012e-04  5.103212e-05  4.949096e-05  3.875786e-05  8.508379e-03  0.000000e+00  3.437458e-03  0.000000e+00  0.000000e+00  0.000000e+00
8.427896e+02  1.067841e-03  1.506161e-03  4.342978e-04  2.014575e-04  6.128078e-04  7.852807e-06  3.639601e-04  5.930038e-06  4.261688e-05  1.068744e-04  4.842734e-03  0.000000e+00  1.887562e-03  0.000000e+00  1.650948e-05  0.000000e+00
9.456255e+02  8.634478e-04  1.187671e-03  5.003328e-04  2.090339e-04  5.937400e-04  5.436115e-05  3.283208e-04  2.816071e-05  0.000000e+00  1.030264e-04  4.088486e-03  2.648367e-05  1.152427e-03  0.000000e+00  0.000000e+00  0.000000e+00
1.061009e+03  8.165578e-04  8.268604e-04  5.451857e-04  3.643151e-04  4.706576e-04  4.147863e-05  3.547098e-04  3.871429e-05  7.745063e-05  4.718351e-05  3.006672e-03  0.000000e+00  6.145358e-04  5.146024e-05  2.646848e-05  0.000000e+00
1.190472e+03  6.080935e-04  6.900465e-04  4.452320e-04  3.280717e-04  2.217494e-04  3.028399e-05  2.534266e-04  1.262080e-04  3.001334e-05  1.626756e-04  1.974462e-03  0.000000e+00  3.256155e-04  0.000000e+00  0.000000e+00  0.000000e+00
1.335731e+03  5.714084e-04  7.696819e-04  4.049213e-04  2.742019e-04  2.081864e-04  8.571883e-05  1.921546e-04  4.411250e-05  7.905959e-05  5.157108e-05  9.696804e-04  0.000000e+00  2.076507e-04  1.041678e-05  0.000000e+00  0.000000e+00
1.498715e+03  3.093646e-04  6.202540e-04  3.526941e-04  3.255258e-04  3.239476e-04  1.932845e-04  2.833942e-04  8.866561e-05  8.715348e-05  7.938213e-05  4.132002e-04  1.669244e-05  1.777584e-04  0.000000e+00  0.000000e+00  2.275393e-05
1.681586e+03  2.314037e-04  5.179052e-04  3.370282e-04  2.072468e-04  2.621812e-04  6.766829e-05  1.474592e-04  9.677245e-05  6.143961e-05  5.856096e-05  4.509648e-04  0.000000e+00  1.048511e-04  1.616445e-05  0.000000e+00  1.466777e-05
1.886771e+03  2.913019e-04  4.830961e-04  3.394223e-04  2.582896e-04  2.511021e-04  7.911948e-05  1.582333e-04  8.410719e-05  3.519310e-05  9.430539e-05  2.436075e-04  1.544622e-05  1.686677e-06  4.470755e-05  8.176299e-06  0.000000e+00
2.116992e+03  1.340782e-04  4.150375e-04  2.226932e-04  1.848453e-04  1.702203e-04  3.133526e-05  1.453138e-04  6.048656e-05  4.214454e-05  5.562575e-05  1.820818e-04  1.474670e-05  5.958324e-05  2.077695e-06  0.000000e+00  2.077695e-06
2.375304e+03  1.529556e-04  2.285400e-04  2.486935e-04  2.907938e-04  1.728632e-04  1.072647e-04  1.247144e-04  3.557821e-05  1.937834e-05  4.886316e-05  1.587362e-04  9.869086e-07  0.000000e+00  1.270973e-05  0.000000e+00  1.271033e-05
2.665135e+03  8.615700e-05  2.368697e-04  1.765083e-04  2.976334e-04  1.001377e-04  4.168347e-05  9.767128e-05  7.435067e-05  2.053984e-05  3.512746e-05  1.147003e-04  2.023149e-05  2.564742e-05  1.025392e-05  0.000000e+00  1.551259e-05
2.990330e+03  7.021381e-05  1.577804e-04  1.407940e-04  1.833491e-04  8.679619e-05  8.548205e-05  8.024655e-05  8.920407e-05  7.512491e-05  7.263267e-05  7.436116e-05  3.184742e-05  0.000000e+00  1.189867e-05  0.000000e+00  1.592855e-05
3.355206e+03  3.113860e-05  1.822619e-04  1.674648e-04  2.680261e-04  5.472635e-05  8.724527e-05  1.981771e-05  7.905287e-05  3.182722e-05  5.230625e-05  3.947563e-05  1.173551e-05  2.928595e-06  9.015017e-06  0.000000e+00  1.683305e-06
3.764603e+03  3.094041e-05  9.178160e-05  1.497782e-04  1.586224e-04  3.203006e-05  8.500105e-05  1.237032e-05  3.212748e-05  5.853463e-05  6.451645e-05  4.765871e-05  2.156504e-05  3.318730e-07  1.386906e-05  0.000000e+00  3.649741e-05
4.223954e+03  1.987553e-05  3.799541e-05  7.061073e-05  1.331702e-04  3.107497e-05  4.155381e-05  2.816329e-05  7.090855e-05  4.343566e-05  5.700171e-05  3.226220e-05  2.598010e-05  0.000000e+00  1.643749e-05  0.000000e+00  2.308394e-05
4.739354e+03  6.321140e-06  6.458906e-05  8.585692e-05  1.348786e-04  2.274473e-05  7.205863e-05  9.445732e-06  3.962595e-05  2.967316e-05  3.392840e-05  2.959563e-05  9.684888e-06  3.255043e-06  5.921887e-06  0.000000e+00  2.286127e-05
5.317643e+03  3.768176e-06  6.758306e-05  8.126677e-05  8.336624e-05  1.834671e-05  7.813259e-05  6.614948e-06  5.556956e-05  3.063160e-05  5.424317e-05  3.919104e-05  1.689703e-05  0.000000e+00  1.562540e-05  0.000000e+00  1.718496e-05
5.966493e+03  1.031974e-05  2.918613e-05  5.155193e-05  8.579139e-05  1.217523e-05  3.665652e-05  1.982551e-05  4.102030e-05  2.750163e-05  3.392879e-05  4.332323e-06  1.223302e-05  0.000000e+00  7.436249e-06  0.000000e+00  8.270487e-06
6.694516e+03  3.501684e-07  3.060977e-05  3.596114e-05  5.748081e-05  1.059436e-05  8.586799e-05  1.496988e-05  4.286678e-05  2.336674e-05  2.853951e-05  2.637310e-05  6.152539e-06  0.000000e+00  8.509570e-06  0.000000e+00  3.684377e-06
7.511370e+03  7.069351e-06  2.954011e-05  3.016590e-05  3.675906e-05  5.293681e-06  5.795241e-05  8.314597e-06  4.519383e-05  2.520051e-06  1.908475e-05  1.303002e-05  7.675305e-06  0.000000e+00  4.595629e-06  0.000000e+00  1.733480e-05
8.427896e+03  3.434016e-06  2.559327e-05  1.285475e-05  4.080350e-05  6.501065e-06  5.806073e-05  9.775746e-06  3.811818e-05  8.651529e-06  1.056961e-05  3.874264e-06  1.434954e-05  0.000000e+00  3.950751e-06  0.000000e+00  1.613431e-05
9.456255e+03  0.000000e+00  7.979676e-06  9.111648e-06  4.330742e-05  4.312123e-06  3.341433e-05  4.651381e-07  2.399064e-05  7.832882e-06  7.778161e-06  1.682863e-05  2.484307e-05  0.000000e+00  6.957795e-06  0.000000e+00  3.198649e-06
1.061009e+04  0.000000e+00  1.167591e-05  6.379112e-06  2.553722e-05  3.259910e-06  2.603037e-05  1.515921e-05  1.019165e-05  3.628633e-06  1.226889e-05  1.056592e-05  3.322778e-06  0.000000e+00  2.209413e-07  0.000000e+00  8.122725e-06
1.190472e+04  0.000000e+00  1.862242e-06  2.071878e-06  1.580189e-05  0.000000e+00  1.856510e-05  1.049475e-07  1.062183e-05  3.938283e-07  1.082595e-05  6.977394e-06  1.091200e-06  0.000000e+00  4.965453e-06  0.000000e+00  1.235820e-05
1.335731e+04  0.000000e+00  6.733130e-06  4.539619e-06  1.445739e-05  0.000000e+00  9.268579e-06  6.178554e-07  5.983471e-06  2.028712e-06  5.349529e-06  8.336895e-06  5.394165e-06  0.000000e+00  0.000000e+00  0.000000e+00  8.730299e-06
1.498715e+04  0.000000e+00  1.346380e-06  1.669244e-06  5.695114e-06  0.000000e+00  7.651017e-06  0.000000e+00  3.863731e-06  1.873825e-06  2.960424e-06  5.869646e-07  2.310468e-06  0.000000e+00  4.498967e-07  0.000000e+00  8.079049e-06
1.681586e+04  0.000000e+00  4.464716e-06  1.394045e-07  3.465040e-06  0.000000e+00  1.129827e-05  7.429712e-08  4.188221e-06  0.000000e+00  1.487715e-06  1.489286e-06  1.957557e-06  0.000000e+00  7.217319e-06  0.000000e+00  6.238883e-06
1.886771e+04  0.000000e+00  3.344735e-06  0.000000e+00  1.595359e-06  0.000000e+00  6.083453e-06  0.000000e+00  3.280757e-06  0.000000e+00  0.000000e+00  3.885467e-06  2.541905e-06  0.000000e+00  2.941899e-06  0.000000e+00  9.869254e-06
2.116992e+04  0.000000e+00  5.901630e-08  0.000000e+00  3.838473e-06  0.000000e+00  4.488567e-07  0.000000e+00  1.367106e-06  0.000000e+00  0.000000e+00  0.000000e+00  9.730084e-07  0.000000e+00  3.024675e-06  0.000000e+00  1.367106e-06
2.375304e+04  0.000000e+00  0.000000e+00  0.000000e+00  5.259833e-08  0.000000e+00  2.654111e-06  1.038399e-06  1.088230e-06  0.000000e+00  1.182304e-06  1.150509e-06  1.973817e-07  0.000000e+00  0.000000e+00  0.000000e+00  4.218297e-06
2.665135e+04  0.000000e+00  9.254737e-07  0.000000e+00  7.982051e-07  0.000000e+00  0.000000e+00  0.000000e+00  0.000000e+00  0.000000e+00  5.788376e-07  0.000000e+00  0.000000e+00  0.000000e+00  0.000000e+00  0.000000e+00  9.254737e-07
2.990330e+04  0.000000e+00  0.000000e+00  0.000000e+00  9.883912e-07  0.000000e+00  0.000000e+00  0.000000e+00  0.000000e+00  0.000000e+00  0.000000e+00  0.000000e+00  1.852803e-06  0.000000e+00  1.778294e-06  0.000000e+00  1.122006e-06
3.355206e+04  0.000000e+00  0.000000e+00  0.000000e+00  0.000000e+00  0.000000e+00  0.000000e+00  0.000000e+00  0.000000e+00  0.000000e+00  0.000000e+00  0.000000e+00  1.310937e-07  0.000000e+00  1.642927e-07  0.000000e+00  9.195741e-07
3.764603e+04  0.000000e+00  0.000000e+00  0.000000e+00  6.645378e-07  0.000000e+00  0.000000e+00  0.000000e+00  0.000000e+00  0.000000e+00  0.000000e+00  0.000000e+00  7.851071e-07  0.000000e+00  6.645378e-07  0.000000e+00  3.318730e-08
4.223954e+04  0.000000e+00  0.000000e+00  0.000000e+00  5.928954e-07  0.000000e+00  0.000000e+00  0.000000e+00  1.101230e-06  0.000000e+00  0.000000e+00  0.000000e+00  1.347495e-06  0.000000e+00  0.000000e+00  0.000000e+00  0.000000e+00
4.739354e+04  0.000000e+00  0.000000e+00  0.000000e+00  0.000000e+00  0.000000e+00  0.000000e+00  0.000000e+00  2.636161e-08  0.000000e+00  0.000000e+00  0.000000e+00  5.547802e-07  0.000000e+00  6.236327e-07  0.000000e+00  0.000000e+00
5.317643e+04  0.000000e+00  0.000000e+00  0.000000e+00  0.000000e+00  0.000000e+00  0.000000e+00  0.000000e+00  0.000000e+00  0.000000e+00  0.000000e+00  0.000000e+00  0.000000e+00  0.000000e+00  0.000000e+00  0.000000e+00  0.000000e+00
5.966493e+04  0.000000e+00  0.000000e+00  0.000000e+00  0.000000e+00  0.000000e+00  0.000000e+00  0.000000e+00  0.000000e+00  0.000000e+00  0.000000e+00  0.000000e+00  0.000000e+00  0.000000e+00  0.000000e+00  0.000000e+00  0.000000e+00
6.694516e+04  0.000000e+00  0.000000e+00  0.000000e+00  0.000000e+00  0.000000e+00  0.000000e+00  0.000000e+00  0.000000e+00  0.000000e+00  0.000000e+00  0.000000e+00  0.000000e+00  0.000000e+00  0.000000e+00  0.000000e+00  4.047813e-07
7.511370e+04  0.000000e+00  0.000000e+00  0.000000e+00  0.000000e+00  0.000000e+00  0.000000e+00  0.000000e+00  0.000000e+00  0.000000e+00  0.000000e+00  0.000000e+00  0.000000e+00  0.000000e+00  0.000000e+00  0.000000e+00  2.520051e-07
8.427896e+04  0.000000e+00  0.000000e+00  0.000000e+00  0.000000e+00  0.000000e+00  0.000000e+00  0.000000e+00  0.000000e+00  0.000000e+00  0.000000e+00  0.000000e+00  0.000000e+00  0.000000e+00  0.000000e+00  0.000000e+00  0.000000e+00
9.456255e+04  0.000000e+00  0.000000e+00  0.000000e+00  0.000000e+00  0.000000e+00  0.000000e+00  0.000000e+00  0.000000e+00  0.000000e+00  0.000000e+00  0.000000e+00  0.000000e+00  0.000000e+00  0.000000e+00  0.000000e+00  0.000000e+00
1.061009e+05  0.000000e+00  0.000000e+00  0.000000e+00  0.000000e+00  0.000000e+00  0.000000e+00  0.000000e+00  0.000000e+00  0.000000e+00  0.000000e+00  0.000000e+00  0.000000e+00  0.000000e+00  0.000000e+00  0.000000e+00  0.000000e+00
1.190472e+05  0.000000e+00  0.000000e+00  0.000000e+00  0.000000e+00  0.000000e+00  0.000000e+00  0.000000e+00  0.000000e+00  0.000000e+00  0.000000e+00  0.000000e+00  0.000000e+00  0.000000e+00  0.000000e+00  0.000000e+00  0.000000e+00
1.335731e+05  0.000000e+00  0.000000e+00  0.000000e+00  0.000000e+00  0.000000e+00  0.000000e+00  0.000000e+00  0.000000e+00  0.000000e+00  0.000000e+00  0.000000e+00  0.000000e+00  0.000000e+00  0.000000e+00  0.000000e+00  0.000000e+00
1.498715e+05  0.000000e+00  0.000000e+00  0.000000e+00  0.000000e+00  0.000000e+00  0.000000e+00  0.000000e+00  0.000000e+00  0.000000e+00  0.000000e+00  0.000000e+00  0.000000e+00  0.000000e+00  0.000000e+00  0.000000e+00  0.000000e+00
1.681586e+05  0.000000e+00  0.000000e+00  0.000000e+00  0.000000e+00  0.000000e+00  0.000000e+00  0.000000e+00  0.000000e+00  0.000000e+00  0.000000e+00  0.000000e+00  0.000000e+00  0.000000e+00  0.000000e+00  0.000000e+00  0.000000e+00
1.886771e+05  0.000000e+00  0.000000e+00  0.000000e+00  0.000000e+00  0.000000e+00  0.000000e+00  0.000000e+00  0.000000e+00  0.000000e+00  0.000000e+00  0.000000e+00  0.000000e+00  0.000000e+00  0.000000e+00  0.000000e+00  0.000000e+00
2.116992e+05  0.000000e+00  0.000000e+00  0.000000e+00  0.000000e+00  0.000000e+00  0.000000e+00  0.000000e+00  0.000000e+00  0.000000e+00  0.000000e+00  0.000000e+00  0.000000e+00  0.000000e+00  0.000000e+00  0.000000e+00  0.000000e+00
2.375304e+05  0.000000e+00  0.000000e+00  0.000000e+00  0.000000e+00  0.000000e+00  0.000000e+00  0.000000e+00  0.000000e+00  0.000000e+00  0.000000e+00  0.000000e+00  0.000000e+00  0.000000e+00  0.000000e+00  0.000000e+00  0.000000e+00
2.665135e+05  0.000000e+00  0.000000e+00  0.000000e+00  0.000000e+00  0.000000e+00  0.000000e+00  0.000000e+00  0.000000e+00  0.000000e+00  0.000000e+00  0.000000e+00  0.000000e+00  0.000000e+00  0.000000e+00  0.000000e+00  0.000000e+00
2.990330e+05  0.000000e+00  0.000000e+00  0.000000e+00  0.000000e+00  0.000000e+00  0.000000e+00  0.000000e+00  0.000000e+00  0.000000e+00  0.000000e+00  0.000000e+00  0.000000e+00  0.000000e+00  0.000000e+00  0.000000e+00  0.000000e+00
3.355206e+05  0.000000e+00  0.000000e+00  0.000000e+00  0.000000e+00  0.000000e+00  0.000000e+00  0.000000e+00  0.000000e+00  0.000000e+00  0.000000e+00  0.000000e+00  0.000000e+00  0.000000e+00  0.000000e+00  0.000000e+00  0.000000e+00
3.764603e+05  0.000000e+00  0.000000e+00  0.000000e+00  0.000000e+00  0.000000e+00  0.000000e+00  0.000000e+00  0.000000e+00  0.000000e+00  0.000000e+00  0.000000e+00  0.000000e+00  0.000000e+00  0.000000e+00  0.000000e+00  0.000000e+00
4.223954e+05  0.000000e+00  0.000000e+00  0.000000e+00  0.000000e+00  0.000000e+00  0.000000e+00  0.000000e+00  0.000000e+00  0.000000e+00  0.000000e+00  0.000000e+00  0.000000e+00  0.000000e+00  0.000000e+00  0.000000e+00  0.000000e+00
4.739354e+05  0.000000e+00  0.000000e+00  0.000000e+00  0.000000e+00  0.000000e+00  0.000000e+00  0.000000e+00  0.000000e+00  0.000000e+00  0.000000e+00  0.000000e+00  0.000000e+00  0.000000e+00  0.000000e+00  0.000000e+00  0.000000e+00
5.317643e+05  0.000000e+00  0.000000e+00  0.000000e+00  0.000000e+00  0.000000e+00  0.000000e+00  0.000000e+00  0.000000e+00  0.000000e+00  0.000000e+00  0.000000e+00  0.000000e+00  0.000000e+00  0.000000e+00  0.000000e+00  0.000000e+00
5.966493e+05  0.000000e+00  0.000000e+00  0.000000e+00  0.000000e+00  0.000000e+00  0.000000e+00  0.000000e+00  0.000000e+00  0.000000e+00  0.000000e+00  0.000000e+00  0.000000e+00  0.000000e+00  0.000000e+00  0.000000e+00  0.000000e+00
6.694516e+05  0.000000e+00  0.000000e+00  0.000000e+00  0.000000e+00  0.000000e+00  0.000000e+00  0.000000e+00  0.000000e+00  0.000000e+00  0.000000e+00  0.000000e+00  0.000000e+00  0.000000e+00  0.000000e+00  0.000000e+00  0.000000e+00
7.511370e+05  0.000000e+00  0.000000e+00  0.000000e+00  0.000000e+00  0.000000e+00  0.000000e+00  0.000000e+00  0.000000e+00  0.000000e+00  0.000000e+00  0.000000e+00  0.000000e+00  0.000000e+00  0.000000e+00  0.000000e+00  0.000000e+00
8.427896e+05  0.000000e+00  0.000000e+00  0.000000e+00  0.000000e+00  0.000000e+00  0.000000e+00  0.000000e+00  0.000000e+00  0.000000e+00  0.000000e+00  0.000000e+00  0.000000e+00  0.000000e+00  0.000000e+00  0.000000e+00  0.000000e+00
9.456255e+05  0.000000e+00  0.000000e+00  0.000000e+00  0.000000e+00  0.000000e+00  0.000000e+00  0.000000e+00  0.000000e+00  0.000000e+00  0.000000e+00  0.000000e+00  0.000000e+00  0.000000e+00  0.000000e+00  0.000000e+00  0.000000e+00
