# dR/dEr [1/keV/kg/Myr]
# Er [keV], S, F, Ne, Cl, Na, Si, O, P, N, C, Al, Mg, Be, B, Ar, Li
1.061009e+01  1.457105e+01  1.468885e+01  0.000000e+00  0.000000e+00  9.859810e+00  0.000000e+00  1.247680e+00  0.000000e+00  0.000000e+00  0.000000e+00  0.000000e+00  0.000000e+00  3.146342e+00  0.000000e+00  0.000000e+00  0.000000e+00
1.190472e+01  2.530797e+00  4.148765e+00  0.000000e+00  0.000000e+00  8.151656e-01  0.000000e+00  0.000000e+00  0.000000e+00  0.000000e+00  0.000000e+00  0.000000e+00  0.000000e+00  0.000000e+00  0.000000e+00  0.000000e+00  0.000000e+00
1.335731e+01  4.324002e+00  2.294397e+00  0.000000e+00  0.000000e+00  0.000000e+00  0.000000e+00  0.000000e+00  0.000000e+00  0.000000e+00  0.000000e+00  0.000000e+00  0.000000e+00  0.000000e+00  0.000000e+00  0.000000e+00  0.000000e+00
1.498715e+01  9.324072e-01  3.567741e+00  0.000000e+00  0.000000e+00  2.094550e+00  0.000000e+00  1.471815e-01  0.000000e+00  0.000000e+00  0.000000e+00  0.000000e+00  0.000000e+00  0.000000e+00  0.000000e+00  0.000000e+00  0.000000e+00
1.681586e+01  2.306935e+00  1.918037e+00  3.291464e-01  0.000000e+00  6.658944e-01  1.311756e-01  0.000000e+00  0.000000e+00  0.000000e+00  0.000000e+00  0.000000e+00  0.000000e+00  0.000000e+00  0.000000e+00  0.000000e+00  0.000000e+00
1.886771e+01  1.569076e+00  1.758617e+00  0.000000e+00  0.000000e+00  2.933520e-01  0.000000e+00  0.000000e+00  0.000000e+00  0.000000e+00  0.000000e+00  0.000000e+00  0.000000e+00  0.000000e+00  0.000000e+00  0.000000e+00  0.000000e+00
2.116992e+01  2.408928e+00  3.191432e+00  0.000000e+00  0.000000e+00  3.212081e-01  0.000000e+00  1.382083e-01  0.000000e+00  0.000000e+00  0.000000e+00  2.158422e+00  0.000000e+00  0.000000e+00  0.000000e+00  0.000000e+00  0.000000e+00
2.375304e+01  4.241413e+00  5.849881e-01  7.844451e-01  0.000000e+00  1.824610e+00  0.000000e+00  2.330178e-01  0.000000e+00  0.000000e+00  0.000000e+00  0.000000e+00  0.000000e+00  0.000000e+00  0.000000e+00  0.000000e+00  0.000000e+00
2.665135e+01  4.210294e+00  4.261164e+00  1.097828e-01  9.701749e-01  1.720982e-01  0.000000e+00  0.000000e+00  1.205509e+00  0.000000e+00  0.000000e+00  0.000000e+00  0.000000e+00  0.000000e+00  0.000000e+00  0.000000e+00  0.000000e+00
2.990330e+01  5.074618e+00  1.472436e+00  1.293042e-01  0.000000e+00  3.075485e+00  0.000000e+00  1.716095e-01  0.000000e+00  0.000000e+00  0.000000e+00  1.667694e+00  0.000000e+00  1.408044e+00  0.000000e+00  0.000000e+00  0.000000e+00
3.355206e+01  5.130743e+00  2.044262e+00  1.525292e-01  0.000000e+00  2.898722e-01  0.000000e+00  9.192347e-01  0.000000e+00  0.000000e+00  0.000000e+00  1.654860e+00  0.000000e+00  3.908837e+00  0.000000e+00  0.000000e+00  0.000000e+00
3.764603e+01  7.933908e+00  5.065506e+00  2.862066e-01  7.772026e-02  2.497721e+00  0.000000e+00  8.264646e-01  0.000000e+00  0.000000e+00  0.000000e+00  0.000000e+00  0.000000e+00  3.564465e-01  0.000000e+00  0.000000e+00  0.000000e+00
4.223954e+01  6.809272e+00  3.412158e+00  1.077564e+00  0.000000e+00  1.158898e+00  0.000000e+00  4.221272e-01  0.000000e+00  0.000000e+00  0.000000e+00  1.796982e+00  0.000000e+00  3.200192e+00  0.000000e+00  0.000000e+00  0.000000e+00
4.739354e+01  7.253350e+00  2.445734e+00  6.173539e-02  1.697178e-01  7.821335e-01  0.000000e+00  2.213716e-01  0.000000e+00  0.000000e+00  0.000000e+00  0.000000e+00  0.000000e+00  2.998591e+00  0.000000e+00  0.000000e+00  0.000000e+00
5.317643e+01  6.975853e+00  1.294153e+00  1.515248e-01  0.000000e+00  2.907746e+00  0.000000e+00  2.928000e-01  0.000000e+00  0.000000e+00  0.000000e+00  8.592833e-01  0.000000e+00  0.000000e+00  0.000000e+00  0.000000e+00  0.000000e+00
5.966493e+01  7.869146e+00  4.479922e+00  1.696395e-01  8.600848e-02  2.045247e+00  0.000000e+00  2.209647e+00  0.000000e+00  0.000000e+00  0.000000e+00  7.420726e-01  0.000000e+00  7.176221e-01  0.000000e+00  0.000000e+00  0.000000e+00
6.694516e+01  9.472976e+00  4.153913e+00  2.875140e-01  0.000000e+00  1.290218e+00  0.000000e+00  4.689114e-01  0.000000e+00  6.690640e-01  0.000000e+00  3.842630e-01  0.000000e+00  8.463302e+00  0.000000e+00  0.000000e+00  0.000000e+00
7.511370e+01  1.050742e+01  4.204082e+00  8.556015e-01  9.749885e-02  1.020729e+00  0.000000e+00  2.267933e-01  0.000000e+00  0.000000e+00  0.000000e+00  6.059586e-01  0.000000e+00  2.957630e+03  0.000000e+00  0.000000e+00  0.000000e+00
8.427896e+01  1.150105e+01  3.964039e+00  1.640754e-01  7.497876e-01  1.154711e+00  0.000000e+00  9.238322e-01  0.000000e+00  0.000000e+00  0.000000e+00  0.000000e+00  0.000000e+00  3.516739e+03  0.000000e+00  0.000000e+00  0.000000e+00
9.456255e+01  1.193880e+01  3.184818e+00  4.733479e-01  1.128781e-01  2.372995e+00  0.000000e+00  2.545547e-01  0.000000e+00  5.471209e-01  0.000000e+00  7.345990e-02  0.000000e+00  2.704929e+03  0.000000e+00  0.000000e+00  0.000000e+00
1.061009e+02  1.247133e+01  5.090569e+00  8.795872e-01  1.019141e-01  1.510636e+00  0.000000e+00  3.752353e-01  0.000000e+00  0.000000e+00  4.172981e-01  5.023381e-01  0.000000e+00  1.991839e+03  0.000000e+00  0.000000e+00  0.000000e+00
1.190472e+02  1.275471e+01  6.534629e+00  4.949022e-01  3.184708e-01  2.978618e+00  0.000000e+00  3.285894e-01  0.000000e+00  1.852905e-02  2.160870e-01  1.723074e+03  0.000000e+00  1.503815e+03  0.000000e+00  4.564994e-01  0.000000e+00
1.335731e+02  1.522746e+01  6.132815e+00  8.632221e-01  8.066398e-02  1.890595e+00  0.000000e+00  2.798504e-01  0.000000e+00  0.000000e+00  0.000000e+00  1.471808e+03  0.000000e+00  1.123853e+03  0.000000e+00  0.000000e+00  0.000000e+00
1.498715e+02  3.387635e+01  6.777466e+00  2.735116e-01  1.390239e-01  1.060533e+00  0.000000e+00  1.251313e+00  0.000000e+00  2.370348e-01  3.257451e-01  1.104985e+03  0.000000e+00  8.458648e+02  0.000000e+00  0.000000e+00  0.000000e+00
1.681586e+02  4.729106e+01  8.968191e+00  4.750240e-01  6.658944e-02  1.497867e+00  4.130954e-02  1.085580e+00  0.000000e+00  3.120618e-01  0.000000e+00  8.664106e+02  0.000000e+00  6.053652e+02  0.000000e+00  0.000000e+00  0.000000e+00
1.886771e+02  3.011351e+01  7.488580e+00  4.570569e-01  6.323841e-02  1.870672e+00  2.719827e-02  1.158382e+00  2.053291e-02  2.053291e-02  0.000000e+00  6.305697e+02  0.000000e+00  4.322058e+02  0.000000e+00  0.000000e+00  0.000000e+00
2.116992e+02  1.498548e+01  1.009000e+01  4.964153e-01  3.322907e-01  1.411526e+00  1.829997e-02  5.597762e-01  0.000000e+00  0.000000e+00  3.281333e-02  5.025748e+02  0.000000e+00  3.078403e+02  0.000000e+00  5.089553e-02  0.000000e+00
2.375304e+02  1.094936e+01  3.723572e+01  7.492443e-01  3.175377e-01  1.848980e+00  6.991908e-03  1.108748e+00  9.035611e-02  0.000000e+00  9.286524e-03  3.721874e+02  0.000000e+00  2.336172e+02  0.000000e+00  3.721437e-02  0.000000e+00
2.665135e+02  9.411420e+00  3.153876e+01  7.705126e-01  3.358381e-01  2.319199e+00  1.920229e-02  8.057414e-01  0.000000e+00  1.453619e-02  1.342686e-01  2.663053e+02  0.000000e+00  1.524214e+02  0.000000e+00  0.000000e+00  0.000000e+00
2.990330e+02  7.633051e+00  6.559871e+00  3.398224e-01  1.840891e-01  1.905381e+00  1.307382e-01  1.011010e+00  2.893110e-02  4.487395e-02  1.730148e-01  2.070483e+02  0.000000e+00  1.119832e+02  0.000000e+00  0.000000e+00  0.000000e+00
3.355206e+02  6.823471e+00  6.780728e+00  3.790532e-01  2.931107e-01  1.737510e+00  1.154650e-02  6.195240e-01  9.899784e-03  8.720356e-03  1.537343e-01  1.526661e+02  1.276133e-01  8.108781e+01  0.000000e+00  0.000000e+00  6.167421e-02
3.764603e+02  5.066807e+00  4.911827e+00  8.228369e-01  3.628070e-01  1.485668e+00  3.586464e-01  5.828930e-01  0.000000e+00  1.359418e-02  0.000000e+00  1.014216e+02  0.000000e+00  5.617253e+01  0.000000e+00  0.000000e+00  0.000000e+00
4.223954e+02  3.314662e+00  4.903416e+00  3.330042e-01  3.147169e-01  1.612819e+00  2.740848e-02  6.140147e-01  1.721535e-01  2.965337e-02  8.640977e-02  7.320629e+01  0.000000e+00  3.098810e+01  0.000000e+00  2.550819e-02  0.000000e+00
4.739354e+02  3.096305e+00  4.258878e+00  5.067852e-01  3.547644e-01  1.296782e+00  9.959495e-02  1.116017e+00  7.341286e-02  6.779073e-02  0.000000e+00  5.042040e+01  0.000000e+00  2.241437e+01  6.779073e-02  0.000000e+00  0.000000e+00
5.317643e+02  2.872414e+00  3.994780e+00  9.468757e-01  1.810512e-01  1.018815e+00  4.525290e-02  4.802416e-01  1.404180e-01  7.632925e-02  1.418376e-01  4.349248e+01  0.000000e+00  1.573326e+01  1.306322e-02  1.662305e-02  0.000000e+00
5.966493e+02  2.749384e+00  3.556321e+00  7.873662e-01  6.962296e-01  1.041676e+00  1.241538e-01  8.790080e-01  9.120686e-02  5.632227e-02  7.056938e-02  2.833122e+01  0.000000e+00  1.051964e+01  0.000000e+00  2.249025e-02  0.000000e+00
6.694516e+02  2.207988e+00  3.433469e+00  1.023776e+00  6.707656e-01  1.122395e+00  8.332421e-02  7.610981e-01  4.023720e-02  1.591235e-02  7.020138e-02  1.922234e+01  0.000000e+00  6.739055e+00  0.000000e+00  0.000000e+00  0.000000e+00
7.511370e+02  1.779450e+00  2.332856e+00  6.730170e-01  4.779027e-01  7.811165e-01  1.115676e-01  5.537656e-01  8.530490e-02  7.324764e-02  5.921379e-02  1.272407e+01  0.000000e+00  5.056182e+00  0.000000e+00  0.000000e+00  0.000000e+00
8.427896e+02  1.563054e+00  2.305036e+00  6.633390e-01  2.934806e-01  9.278611e-01  1.265627e-02  5.646956e-01  9.543932e-03  6.578117e-02  1.708001e-01  7.299290e+00  0.000000e+00  2.773983e+00  0.000000e+00  2.612527e-02  0.000000e+00
9.456255e+02  1.273897e+00  1.772131e+00  7.571214e-01  3.269068e-01  8.405842e-01  8.401250e-02  5.299025e-01  5.063634e-02  0.000000e+00  1.470114e-01  6.156820e+00  2.734324e-02  1.713015e+00  0.000000e+00  0.000000e+00  0.000000e+00
1.061009e+03  1.196471e+00  1.210273e+00  8.047444e-01  5.353476e-01  7.438541e-01  5.801173e-02  5.195856e-01  6.007513e-02  1.210296e-01  6.138374e-02  4.394125e+00  0.000000e+00  8.729378e-01  6.658477e-02  4.035486e-02  0.000000e+00
1.190472e+03  8.879674e-01  1.016201e+00  6.737964e-01  5.090849e-01  3.488674e-01  4.806151e-02  3.641600e-01  1.909847e-01  4.630955e-02  2.507259e-01  2.954002e+00  0.000000e+00  4.931184e-01  0.000000e+00  0.000000e+00  0.000000e+00
1.335731e+03  8.194663e-01  1.156672e+00  6.317324e-01  4.068872e-01  3.137153e-01  1.197845e-01  3.079854e-01  6.128964e-02  1.211674e-01  8.458694e-02  1.454972e+00  0.000000e+00  3.282939e-01  1.648393e-02  0.000000e+00  0.000000e+00
1.498715e+03  4.638383e-01  9.021258e-01  5.390848e-01  4.931057e-01  4.776896e-01  2.563455e-01  4.236319e-01  1.272584e-01  1.352203e-01  1.197274e-01  6.317373e-01  2.075985e-02  2.758323e-01  0.000000e+00  0.000000e+00  3.503923e-02
1.681586e+03  3.556013e-01  7.854516e-01  4.935599e-01  3.265031e-01  3.852134e-01  9.284296e-02  2.279931e-01  1.436269e-01  8.837340e-02  8.073921e-02  7.171329e-01  0.000000e+00  1.537071e-01  2.562704e-02  0.000000e+00  1.230562e-02
1.886771e+03  4.245204e-01  6.971068e-01  5.118687e-01  3.490236e-01  3.805711e-01  1.184799e-01  2.344041e-01  1.228426e-01  5.422353e-02  1.275696e-01  3.521249e-01  2.386672e-02  2.712395e-03  6.847560e-02  8.846590e-03  0.000000e+00
2.116992e+03  2.164837e-01  5.865855e-01  3.015638e-01  2.746226e-01  2.524191e-01  5.544320e-02  2.142454e-01  9.886661e-02  6.359051e-02  8.768912e-02  2.526031e-01  2.236873e-02  8.066009e-02  5.089553e-03  0.000000e+00  5.089553e-03
2.375304e+03  2.305447e-01  3.320990e-01  3.661089e-01  4.390727e-01  2.510647e-01  1.632518e-01  1.824561e-01  5.974235e-02  2.504386e-02  6.973069e-02  2.397593e-01  3.642210e-03  0.000000e+00  1.923696e-02  0.000000e+00  2.156451e-02
2.665135e+03  1.259062e-01  3.271379e-01  2.532592e-01  4.503742e-01  1.563068e-01  5.752803e-02  1.455487e-01  1.129557e-01  3.746773e-02  5.461101e-02  1.740141e-01  2.921163e-02  3.608472e-02  1.579852e-02  0.000000e+00  2.132637e-02
2.990330e+03  1.079433e-01  2.163467e-01  2.083015e-01  2.801396e-01  1.217381e-01  1.254918e-01  1.077719e-01  1.177138e-01  1.100095e-01  1.110231e-01  1.074026e-01  4.386651e-02  0.000000e+00  1.856784e-02  0.000000e+00  2.505667e-02
3.355206e+03  4.864333e-02  2.576813e-01  2.500282e-01  3.949832e-01  7.277258e-02  1.324636e-01  3.240324e-02  1.103507e-01  4.742310e-02  7.716945e-02  6.270940e-02  1.951790e-02  4.659528e-03  1.486334e-02  0.000000e+00  5.281672e-03
3.764603e+03  4.159454e-02  1.386174e-01  2.220438e-01  2.419964e-01  4.739384e-02  1.386359e-01  2.213285e-02  5.186145e-02  8.928943e-02  9.198094e-02  7.818427e-02  3.101173e-02  1.845229e-03  1.625162e-02  0.000000e+00  5.230715e-02
4.223954e+03  2.572063e-02  5.316046e-02  1.051073e-01  1.973534e-01  4.433234e-02  5.621505e-02  4.558727e-02  9.475769e-02  5.897135e-02  9.088395e-02  4.632287e-02  3.931912e-02  0.000000e+00  2.443562e-02  0.000000e+00  3.694938e-02
4.739354e+03  9.603796e-03  9.231383e-02  1.207239e-01  2.111557e-01  3.568719e-02  1.039280e-01  1.409618e-02  6.074759e-02  4.192426e-02  4.786173e-02  3.999246e-02  1.540357e-02  3.521891e-03  9.501822e-03  0.000000e+00  3.193113e-02
5.317643e+03  6.879314e-03  8.768655e-02  1.169175e-01  1.230822e-01  2.684260e-02  1.028255e-01  1.151140e-02  7.826869e-02  4.167026e-02  7.555526e-02  5.759890e-02  2.235534e-02  0.000000e+00  2.482100e-02  0.000000e+00  2.304241e-02
5.966493e+03  1.746394e-02  4.545841e-02  7.492539e-02  1.174708e-01  1.874011e-02  5.415083e-02  2.683214e-02  5.991849e-02  4.106280e-02  4.450663e-02  6.552430e-03  1.765429e-02  0.000000e+00  1.021826e-02  0.000000e+00  1.149543e-02
6.694516e+03  1.292305e-03  4.474427e-02  5.466383e-02  8.019709e-02  1.683525e-02  1.243789e-01  1.987181e-02  6.448966e-02  3.624837e-02  3.866350e-02  3.570520e-02  9.650055e-03  0.000000e+00  1.118230e-02  0.000000e+00  3.091033e-03
7.511370e+03  9.842410e-03  4.103803e-02  4.178330e-02  4.978127e-02  8.136084e-03  8.168768e-02  1.306725e-02  6.547476e-02  3.950716e-03  2.973252e-02  1.597692e-02  1.242837e-02  0.000000e+00  6.853404e-03  0.000000e+00  2.689860e-02
8.427896e+03  5.253472e-03  3.613524e-02  1.882476e-02  5.555066e-02  9.892237e-03  8.448567e-02  1.076347e-02  5.930830e-02  1.184251e-02  1.719204e-02  6.104619e-03  2.294245e-02  0.000000e+00  4.660150e-03  0.000000e+00  2.529771e-02
9.456255e+03  0.000000e+00  1.072362e-02  1.400608e-02  6.121807e-02  5.909149e-03  5.089211e-02  1.139409e-03  3.451670e-02  1.423022e-02  1.013975e-02  2.527194e-02  3.672003e-02  0.000000e+00  1.047000e-02  0.000000e+00  5.273713e-03
1.061009e+04  0.000000e+00  1.723389e-02  8.643514e-03  3.660058e-02  5.322118e-03  4.092870e-02  2.020836e-02  1.543355e-02  5.964921e-03  1.853060e-02  1.701191e-02  5.221428e-03  0.000000e+00  8.153893e-04  0.000000e+00  1.406719e-02
1.190472e+04  0.000000e+00  3.033871e-03  1.738215e-03  2.270706e-02  0.000000e+00  2.475044e-02  5.835127e-04  1.265011e-02  1.453433e-03  1.602003e-02  1.158648e-02  2.148686e-03  0.000000e+00  7.524846e-03  0.000000e+00  1.731634e-02
1.335731e+04  0.000000e+00  1.060890e-02  7.002588e-03  2.065678e-02  0.000000e+00  1.528924e-02  1.004603e-03  8.616300e-03  3.446919e-03  8.291764e-03  1.173053e-02  7.961191e-03  0.000000e+00  0.000000e+00  0.000000e+00  1.288373e-02
1.498715e+04  0.000000e+00  2.443549e-03  2.075985e-03  9.125662e-03  0.000000e+00  1.152365e-02  0.000000e+00  5.440416e-03  2.856905e-03  4.067964e-03  1.437837e-03  3.103936e-03  0.000000e+00  1.296170e-03  0.000000e+00  1.193228e-02
1.681586e+04  0.000000e+00  5.238071e-03  5.144758e-04  5.148617e-03  0.000000e+00  1.672553e-02  4.130954e-04  5.236945e-03  0.000000e+00  1.850224e-03  1.537624e-03  2.028546e-03  0.000000e+00  1.073970e-02  0.000000e+00  8.988731e-03
1.886771e+04  0.000000e+00  4.229733e-03  0.000000e+00  2.782202e-03  0.000000e+00  9.784609e-03  0.000000e+00  4.698735e-03  0.000000e+00  0.000000e+00  5.577938e-03  3.810367e-03  0.000000e+00  4.795874e-03  0.000000e+00  1.445737e-02
2.116992e+04  0.000000e+00  3.281333e-04  0.000000e+00  5.858175e-03  0.000000e+00  9.619947e-04  0.000000e+00  2.091445e-03  0.000000e+00  0.000000e+00  0.000000e+00  1.517645e-03  0.000000e+00  4.964339e-03  0.000000e+00  2.091445e-03
2.375304e+04  0.000000e+00  0.000000e+00  0.000000e+00  2.924491e-04  0.000000e+00  4.074828e-03  8.711714e-04  1.645896e-03  0.000000e+00  1.802585e-03  1.772623e-03  7.284420e-04  0.000000e+00  0.000000e+00  0.000000e+00  5.856396e-03
2.665135e+04  0.000000e+00  7.764323e-04  0.000000e+00  1.438075e-03  0.000000e+00  0.000000e+00  0.000000e+00  0.000000e+00  0.000000e+00  6.262906e-04  0.000000e+00  0.000000e+00  0.000000e+00  0.000000e+00  0.000000e+00  7.764323e-04
2.990330e+04  0.000000e+00  0.000000e+00  0.000000e+00  1.497848e-03  0.000000e+00  0.000000e+00  0.000000e+00  0.000000e+00  0.000000e+00  0.000000e+00  0.000000e+00  2.805229e-03  0.000000e+00  2.715426e-03  0.000000e+00  2.043711e-03
3.355206e+04  0.000000e+00  0.000000e+00  0.000000e+00  0.000000e+00  0.000000e+00  0.000000e+00  0.000000e+00  0.000000e+00  0.000000e+00  0.000000e+00  0.000000e+00  3.211291e-04  0.000000e+00  2.634576e-04  0.000000e+00  9.949606e-04
3.764603e+04  0.000000e+00  0.000000e+00  0.000000e+00  8.264646e-04  0.000000e+00  0.000000e+00  0.000000e+00  0.000000e+00  0.000000e+00  0.000000e+00  0.000000e+00  1.189783e-03  0.000000e+00  8.264646e-04  0.000000e+00  1.845229e-04
4.223954e+04  0.000000e+00  0.000000e+00  0.000000e+00  6.121390e-04  0.000000e+00  0.000000e+00  0.000000e+00  1.690789e-03  0.000000e+00  0.000000e+00  0.000000e+00  2.001799e-03  0.000000e+00  0.000000e+00  0.000000e+00  0.000000e+00
4.739354e+04  0.000000e+00  0.000000e+00  0.000000e+00  0.000000e+00  0.000000e+00  0.000000e+00  0.000000e+00  1.465718e-04  0.000000e+00  0.000000e+00  0.000000e+00  6.921412e-04  0.000000e+00  9.450780e-04  0.000000e+00  0.000000e+00
5.317643e+04  0.000000e+00  0.000000e+00  0.000000e+00  0.000000e+00  0.000000e+00  0.000000e+00  0.000000e+00  0.000000e+00  0.000000e+00  0.000000e+00  0.000000e+00  0.000000e+00  0.000000e+00  0.000000e+00  0.000000e+00  0.000000e+00
5.966493e+04  0.000000e+00  0.000000e+00  0.000000e+00  0.000000e+00  0.000000e+00  0.000000e+00  0.000000e+00  0.000000e+00  0.000000e+00  0.000000e+00  0.000000e+00  0.000000e+00  0.000000e+00  0.000000e+00  0.000000e+00  0.000000e+00
6.694516e+04  0.000000e+00  0.000000e+00  0.000000e+00  0.000000e+00  0.000000e+00  0.000000e+00  0.000000e+00  0.000000e+00  0.000000e+00  0.000000e+00  0.000000e+00  0.000000e+00  0.000000e+00  0.000000e+00  0.000000e+00  6.877508e-04
7.511370e+04  0.000000e+00  0.000000e+00  0.000000e+00  0.000000e+00  0.000000e+00  0.000000e+00  0.000000e+00  0.000000e+00  0.000000e+00  0.000000e+00  0.000000e+00  0.000000e+00  0.000000e+00  0.000000e+00  0.000000e+00  3.950716e-04
8.427896e+04  0.000000e+00  0.000000e+00  0.000000e+00  0.000000e+00  0.000000e+00  0.000000e+00  0.000000e+00  0.000000e+00  0.000000e+00  0.000000e+00  0.000000e+00  0.000000e+00  0.000000e+00  0.000000e+00  0.000000e+00  0.000000e+00
9.456255e+04  0.000000e+00  0.000000e+00  0.000000e+00  0.000000e+00  0.000000e+00  0.000000e+00  0.000000e+00  0.000000e+00  0.000000e+00  0.000000e+00  0.000000e+00  0.000000e+00  0.000000e+00  0.000000e+00  0.000000e+00  0.000000e+00
1.061009e+05  0.000000e+00  0.000000e+00  0.000000e+00  0.000000e+00  0.000000e+00  0.000000e+00  0.000000e+00  0.000000e+00  0.000000e+00  0.000000e+00  0.000000e+00  0.000000e+00  0.000000e+00  0.000000e+00  0.000000e+00  0.000000e+00
1.190472e+05  0.000000e+00  0.000000e+00  0.000000e+00  0.000000e+00  0.000000e+00  0.000000e+00  0.000000e+00  0.000000e+00  0.000000e+00  0.000000e+00  0.000000e+00  0.000000e+00  0.000000e+00  0.000000e+00  0.000000e+00  0.000000e+00
1.335731e+05  0.000000e+00  0.000000e+00  0.000000e+00  0.000000e+00  0.000000e+00  0.000000e+00  0.000000e+00  0.000000e+00  0.000000e+00  0.000000e+00  0.000000e+00  0.000000e+00  0.000000e+00  0.000000e+00  0.000000e+00  0.000000e+00
1.498715e+05  0.000000e+00  0.000000e+00  0.000000e+00  0.000000e+00  0.000000e+00  0.000000e+00  0.000000e+00  0.000000e+00  0.000000e+00  0.000000e+00  0.000000e+00  0.000000e+00  0.000000e+00  0.000000e+00  0.000000e+00  0.000000e+00
1.681586e+05  0.000000e+00  0.000000e+00  0.000000e+00  0.000000e+00  0.000000e+00  0.000000e+00  0.000000e+00  0.000000e+00  0.000000e+00  0.000000e+00  0.000000e+00  0.000000e+00  0.000000e+00  0.000000e+00  0.000000e+00  0.000000e+00
1.886771e+05  0.000000e+00  0.000000e+00  0.000000e+00  0.000000e+00  0.000000e+00  0.000000e+00  0.000000e+00  0.000000e+00  0.000000e+00  0.000000e+00  0.000000e+00  0.000000e+00  0.000000e+00  0.000000e+00  0.000000e+00  0.000000e+00
2.116992e+05  0.000000e+00  0.000000e+00  0.000000e+00  0.000000e+00  0.000000e+00  0.000000e+00  0.000000e+00  0.000000e+00  0.000000e+00  0.000000e+00  0.000000e+00  0.000000e+00  0.000000e+00  0.000000e+00  0.000000e+00  0.000000e+00
2.375304e+05  0.000000e+00  0.000000e+00  0.000000e+00  0.000000e+00  0.000000e+00  0.000000e+00  0.000000e+00  0.000000e+00  0.000000e+00  0.000000e+00  0.000000e+00  0.000000e+00  0.000000e+00  0.000000e+00  0.000000e+00  0.000000e+00
2.665135e+05  0.000000e+00  0.000000e+00  0.000000e+00  0.000000e+00  0.000000e+00  0.000000e+00  0.000000e+00  0.000000e+00  0.000000e+00  0.000000e+00  0.000000e+00  0.000000e+00  0.000000e+00  0.000000e+00  0.000000e+00  0.000000e+00
2.990330e+05  0.000000e+00  0.000000e+00  0.000000e+00  0.000000e+00  0.000000e+00  0.000000e+00  0.000000e+00  0.000000e+00  0.000000e+00  0.000000e+00  0.000000e+00  0.000000e+00  0.000000e+00  0.000000e+00  0.000000e+00  0.000000e+00
3.355206e+05  0.000000e+00  0.000000e+00  0.000000e+00  0.000000e+00  0.000000e+00  0.000000e+00  0.000000e+00  0.000000e+00  0.000000e+00  0.000000e+00  0.000000e+00  0.000000e+00  0.000000e+00  0.000000e+00  0.000000e+00  0.000000e+00
3.764603e+05  0.000000e+00  0.000000e+00  0.000000e+00  0.000000e+00  0.000000e+00  0.000000e+00  0.000000e+00  0.000000e+00  0.000000e+00  0.000000e+00  0.000000e+00  0.000000e+00  0.000000e+00  0.000000e+00  0.000000e+00  0.000000e+00
4.223954e+05  0.000000e+00  0.000000e+00  0.000000e+00  0.000000e+00  0.000000e+00  0.000000e+00  0.000000e+00  0.000000e+00  0.000000e+00  0.000000e+00  0.000000e+00  0.000000e+00  0.000000e+00  0.000000e+00  0.000000e+00  0.000000e+00
4.739354e+05  0.000000e+00  0.000000e+00  0.000000e+00  0.000000e+00  0.000000e+00  0.000000e+00  0.000000e+00  0.000000e+00  0.000000e+00  0.000000e+00  0.000000e+00  0.000000e+00  0.000000e+00  0.000000e+00  0.000000e+00  0.000000e+00
5.317643e+05  0.000000e+00  0.000000e+00  0.000000e+00  0.000000e+00  0.000000e+00  0.000000e+00  0.000000e+00  0.000000e+00  0.000000e+00  0.000000e+00  0.000000e+00  0.000000e+00  0.000000e+00  0.000000e+00  0.000000e+00  0.000000e+00
5.966493e+05  0.000000e+00  0.000000e+00  0.000000e+00  0.000000e+00  0.000000e+00  0.000000e+00  0.000000e+00  0.000000e+00  0.000000e+00  0.000000e+00  0.000000e+00  0.000000e+00  0.000000e+00  0.000000e+00  0.000000e+00  0.000000e+00
6.694516e+05  0.000000e+00  0.000000e+00  0.000000e+00  0.000000e+00  0.000000e+00  0.000000e+00  0.000000e+00  0.000000e+00  0.000000e+00  0.000000e+00  0.000000e+00  0.000000e+00  0.000000e+00  0.000000e+00  0.000000e+00  0.000000e+00
7.511370e+05  0.000000e+00  0.000000e+00  0.000000e+00  0.000000e+00  0.000000e+00  0.000000e+00  0.000000e+00  0.000000e+00  0.000000e+00  0.000000e+00  0.000000e+00  0.000000e+00  0.000000e+00  0.000000e+00  0.000000e+00  0.000000e+00
8.427896e+05  0.000000e+00  0.000000e+00  0.000000e+00  0.000000e+00  0.000000e+00  0.000000e+00  0.000000e+00  0.000000e+00  0.000000e+00  0.000000e+00  0.000000e+00  0.000000e+00  0.000000e+00  0.000000e+00  0.000000e+00  0.000000e+00
9.456255e+05  0.000000e+00  0.000000e+00  0.000000e+00  0.000000e+00  0.000000e+00  0.000000e+00  0.000000e+00  0.000000e+00  0.000000e+00  0.000000e+00  0.000000e+00  0.000000e+00  0.000000e+00  0.000000e+00  0.000000e+00  0.000000e+00
