# dR/dEr [1/keV/kg/Myr]
# Er [keV], S, F, Ne, Cl, Na, Si, O, P, N, C, Al, Mg, Be, B, Ar, Li
1.061009e+01  1.298181e+02  9.962348e+01  0.000000e+00  0.000000e+00  3.861142e+01  0.000000e+00  8.530317e+00  0.000000e+00  0.000000e+00  0.000000e+00  0.000000e+00  0.000000e+00  4.545467e-01  0.000000e+00  0.000000e+00  0.000000e+00
1.190472e+01  4.790070e+01  1.108827e+01  0.000000e+00  0.000000e+00  1.528007e+01  0.000000e+00  0.000000e+00  0.000000e+00  0.000000e+00  0.000000e+00  0.000000e+00  0.000000e+00  0.000000e+00  0.000000e+00  0.000000e+00  0.000000e+00
1.335731e+01  7.007506e+01  1.439955e+01  0.000000e+00  0.000000e+00  0.000000e+00  0.000000e+00  0.000000e+00  0.000000e+00  0.000000e+00  0.000000e+00  0.000000e+00  0.000000e+00  0.000000e+00  0.000000e+00  0.000000e+00  0.000000e+00
1.498715e+01  1.766578e+01  2.064983e+01  0.000000e+00  0.000000e+00  7.449822e+00  0.000000e+00  2.908504e+00  0.000000e+00  0.000000e+00  0.000000e+00  0.000000e+00  0.000000e+00  0.000000e+00  0.000000e+00  0.000000e+00  0.000000e+00
1.681586e+01  4.367529e+01  2.151541e+01  6.299069e+00  0.000000e+00  1.237659e+01  2.592207e+00  0.000000e+00  0.000000e+00  0.000000e+00  0.000000e+00  0.000000e+00  0.000000e+00  0.000000e+00  0.000000e+00  0.000000e+00  0.000000e+00
1.886771e+01  2.987276e+01  2.383687e+01  0.000000e+00  0.000000e+00  5.614051e+00  0.000000e+00  0.000000e+00  0.000000e+00  0.000000e+00  0.000000e+00  0.000000e+00  0.000000e+00  0.000000e+00  0.000000e+00  0.000000e+00  0.000000e+00
2.116992e+01  3.042773e+01  2.641455e+01  0.000000e+00  0.000000e+00  6.093260e+00  0.000000e+00  2.667866e+00  0.000000e+00  0.000000e+00  0.000000e+00  2.140278e+00  0.000000e+00  0.000000e+00  0.000000e+00  0.000000e+00  0.000000e+00
2.375304e+01  5.622396e+01  1.100714e+01  7.397901e+00  0.000000e+00  1.520584e+01  0.000000e+00  4.459399e+00  0.000000e+00  0.000000e+00  0.000000e+00  0.000000e+00  0.000000e+00  0.000000e+00  0.000000e+00  0.000000e+00  0.000000e+00
2.665135e+01  4.941634e+01  2.499449e+01  2.119161e+00  2.148991e-01  3.372717e+00  0.000000e+00  0.000000e+00  5.441025e+00  0.000000e+00  0.000000e+00  0.000000e+00  0.000000e+00  0.000000e+00  0.000000e+00  0.000000e+00  0.000000e+00
2.990330e+01  5.594769e+01  2.554687e+01  2.574938e+00  0.000000e+00  4.246892e+00  0.000000e+00  3.346410e+00  0.000000e+00  0.000000e+00  0.000000e+00  6.202304e-01  0.000000e+00  3.149091e+00  0.000000e+00  0.000000e+00  0.000000e+00
3.355206e+01  7.151329e+01  1.966251e+01  2.742529e+00  0.000000e+00  5.527897e+00  0.000000e+00  7.945381e+00  0.000000e+00  0.000000e+00  0.000000e+00  2.852489e+00  0.000000e+00  3.252576e+00  0.000000e+00  0.000000e+00  0.000000e+00
3.764603e+01  8.096259e+01  1.552003e+01  2.594415e-02  1.500251e+00  1.054288e+01  0.000000e+00  2.305342e-01  0.000000e+00  0.000000e+00  0.000000e+00  0.000000e+00  0.000000e+00  4.087137e-02  0.000000e+00  0.000000e+00  0.000000e+00
4.223954e+01  7.241500e+01  3.634825e+01  1.408336e+00  0.000000e+00  1.751218e+01  0.000000e+00  2.100379e+00  0.000000e+00  0.000000e+00  0.000000e+00  1.012756e+00  0.000000e+00  1.435914e+01  0.000000e+00  0.000000e+00  0.000000e+00
4.739354e+01  1.002206e+02  3.972570e+01  1.191692e+00  3.133254e+00  4.682106e+00  0.000000e+00  4.289317e+00  0.000000e+00  0.000000e+00  0.000000e+00  0.000000e+00  0.000000e+00  5.030777e+00  0.000000e+00  0.000000e+00  0.000000e+00
5.317643e+01  8.889491e+01  2.199031e+01  2.943921e+00  0.000000e+00  1.238545e+01  0.000000e+00  5.696381e+00  0.000000e+00  0.000000e+00  0.000000e+00  8.520602e-01  0.000000e+00  0.000000e+00  0.000000e+00  0.000000e+00  0.000000e+00
5.966493e+01  1.172511e+02  4.218626e+01  3.281856e+00  1.677178e+00  9.006787e+00  0.000000e+00  6.733439e+00  0.000000e+00  0.000000e+00  0.000000e+00  1.278151e+00  0.000000e+00  4.160160e-01  0.000000e+00  0.000000e+00  0.000000e+00
6.694516e+01  1.285998e+02  3.537766e+01  5.514276e+00  0.000000e+00  1.636323e+01  0.000000e+00  1.667807e+00  0.000000e+00  5.093672e-01  0.000000e+00  2.607603e+00  0.000000e+00  3.512799e+01  0.000000e+00  0.000000e+00  0.000000e+00
7.511370e+01  1.349411e+02  4.964658e+01  5.537864e+00  1.805366e+00  1.029191e+01  0.000000e+00  4.167400e+00  0.000000e+00  0.000000e+00  0.000000e+00  7.919658e-01  0.000000e+00  1.021465e+04  0.000000e+00  0.000000e+00  0.000000e+00
8.427896e+01  1.715599e+02  5.404229e+01  3.098474e+00  4.474095e+00  1.404485e+01  0.000000e+00  8.090908e+00  0.000000e+00  0.000000e+00  0.000000e+00  0.000000e+00  0.000000e+00  1.242290e+04  0.000000e+00  0.000000e+00  0.000000e+00
9.456255e+01  1.692146e+02  4.199436e+01  4.805475e+00  2.130961e+00  1.320379e+01  0.000000e+00  2.109508e+00  0.000000e+00  3.647662e-01  0.000000e+00  4.161789e-03  0.000000e+00  9.459879e+03  0.000000e+00  0.000000e+00  0.000000e+00
1.061009e+02  1.977828e+02  5.567788e+01  3.514938e+00  7.294254e-01  1.758346e+01  0.000000e+00  3.549432e+00  0.000000e+00  0.000000e+00  7.187574e-01  2.312005e+00  0.000000e+00  7.159412e+03  0.000000e+00  0.000000e+00  0.000000e+00
1.190472e+02  2.129892e+02  7.083805e+01  7.350356e+00  1.156453e+00  1.744338e+01  0.000000e+00  2.555039e+00  0.000000e+00  3.661590e-01  1.466363e+00  6.304181e+03  0.000000e+00  5.276033e+03  0.000000e+00  3.858092e-01  0.000000e+00
1.335731e+02  2.394779e+02  7.545282e+01  5.670732e+00  7.312056e-03  1.941938e+01  0.000000e+00  2.946528e+00  0.000000e+00  0.000000e+00  0.000000e+00  5.293773e+03  0.000000e+00  3.891548e+03  0.000000e+00  0.000000e+00  0.000000e+00
1.498715e+02  5.834930e+02  8.814357e+01  3.837321e+00  1.219813e+00  1.112046e+01  0.000000e+00  5.960907e+00  0.000000e+00  6.396084e-01  9.836560e-01  3.956482e+03  0.000000e+00  2.910679e+03  0.000000e+00  0.000000e+00  0.000000e+00
1.681586e+02  8.372747e+02  8.967167e+01  5.429391e+00  1.237659e+00  1.004396e+01  2.340346e-03  6.731580e+00  0.000000e+00  7.833080e-01  0.000000e+00  2.955935e+03  0.000000e+00  2.144754e+03  0.000000e+00  0.000000e+00  0.000000e+00
1.886771e+02  4.895505e+02  1.044156e+02  4.045430e+00  1.214045e+00  2.128490e+01  5.303702e-01  6.687085e+00  3.843356e-01  3.843356e-01  0.000000e+00  2.182431e+03  0.000000e+00  1.561385e+03  0.000000e+00  0.000000e+00  0.000000e+00
2.116992e+02  2.141554e+02  1.310180e+02  5.053218e+00  3.258424e+00  9.367438e+00  3.425394e-01  4.943561e+00  0.000000e+00  0.000000e+00  1.859003e-03  1.735190e+03  0.000000e+00  1.060064e+03  0.000000e+00  4.613596e-03  0.000000e+00
2.375304e+02  1.559246e+02  6.591694e+02  7.592265e+00  2.619181e+00  1.332575e+01  1.406513e-01  5.920160e+00  6.316440e-01  0.000000e+00  1.835142e-01  1.294741e+03  0.000000e+00  7.780189e+02  0.000000e+00  5.938700e-01  0.000000e+00
2.665135e+02  1.285109e+02  5.507669e+02  7.616028e+00  2.299688e+00  1.933117e+01  3.452640e-01  4.464469e+00  0.000000e+00  2.720887e-01  4.851860e-01  9.446114e+02  0.000000e+00  5.351411e+02  0.000000e+00  0.000000e+00  0.000000e+00
2.990330e+02  7.945729e+01  8.442400e+01  4.240850e+00  1.530183e+00  1.463291e+01  5.875686e-02  8.582829e+00  2.073289e-03  5.145401e-03  1.153492e-01  7.137094e+02  0.000000e+00  3.994365e+02  0.000000e+00  0.000000e+00  0.000000e+00
3.355206e+02  7.053609e+01  7.627527e+01  4.997018e+00  2.117116e+00  1.540025e+01  2.161278e-01  6.188729e+00  1.991470e-01  1.683310e-01  5.373552e-01  5.347700e+02  7.397927e-02  2.832058e+02  0.000000e+00  0.000000e+00  1.108260e-02
3.764603e+02  4.690473e+01  5.682612e+01  6.536990e+00  2.319119e+00  1.718383e+01  2.380770e-01  4.298359e+00  0.000000e+00  2.444282e-01  0.000000e+00  3.457848e+02  0.000000e+00  2.050471e+02  0.000000e+00  0.000000e+00  0.000000e+00
4.223954e+02  3.033313e+01  4.838176e+01  4.013160e+00  2.094118e+00  1.477084e+01  1.351778e-01  5.869994e+00  5.326997e-01  1.731442e-01  4.155895e-01  2.672802e+02  0.000000e+00  1.084856e+02  0.000000e+00  2.312275e-03  0.000000e+00
4.739354e+02  2.491754e+01  3.989565e+01  5.690084e+00  3.285571e+00  1.284781e+01  2.800789e-01  6.088698e+00  5.438419e-01  3.059713e-01  0.000000e+00  1.692357e+02  0.000000e+00  7.389117e+01  3.059713e-01  0.000000e+00  0.000000e+00
5.317643e+02  1.977623e+01  2.627302e+01  6.198398e+00  1.672372e+00  1.297047e+01  3.835614e-01  4.785751e+00  5.797290e-01  5.781009e-01  2.323439e-01  1.405247e+02  0.000000e+00  5.700278e+01  7.400824e-04  2.652720e-01  0.000000e+00
5.966493e+02  1.767484e+01  2.350853e+01  6.389795e+00  3.189980e+00  1.254951e+01  5.117113e-01  5.101431e+00  5.455783e-01  2.526744e-01  1.578284e-01  9.844899e+01  0.000000e+00  3.893818e+01  0.000000e+00  2.578809e-03  0.000000e+00
6.694516e+02  1.379969e+01  1.989191e+01  7.638435e+00  4.388765e+00  1.223842e+01  4.814977e-01  6.063516e+00  3.614685e-01  2.956775e-01  1.160500e-01  6.869502e+01  0.000000e+00  2.333866e+01  0.000000e+00  0.000000e+00  0.000000e+00
7.511370e+02  1.117464e+01  1.552412e+01  5.144813e+00  3.532399e+00  8.084577e+00  1.222481e-01  4.494930e+00  4.345172e-01  3.821907e-01  7.752318e-02  4.612339e+01  0.000000e+00  1.539510e+01  0.000000e+00  0.000000e+00  0.000000e+00
8.427896e+02  7.037154e+00  1.318725e+01  4.574050e+00  3.666219e+00  9.223333e+00  2.444180e-01  5.151200e+00  1.761958e-01  8.968714e-02  3.212172e-01  2.401643e+01  0.000000e+00  7.809877e+00  0.000000e+00  2.109248e-01  0.000000e+00
9.456255e+02  7.045177e+00  1.044058e+01  6.129202e+00  2.670032e+00  7.560299e+00  4.069347e-01  5.392200e+00  5.124893e-01  0.000000e+00  2.907530e-01  2.046012e+01  6.056681e-03  5.905733e+00  0.000000e+00  0.000000e+00  0.000000e+00
1.061009e+03  6.382050e+00  7.410963e+00  5.824581e+00  3.907329e+00  6.214199e+00  4.545726e-01  4.860230e+00  3.943575e-01  6.896872e-01  1.259622e-01  1.420688e+01  0.000000e+00  2.387353e+00  3.753692e-02  2.339430e-02  0.000000e+00
1.190472e+03  4.302603e+00  6.355277e+00  5.281998e+00  3.960585e+00  4.352915e+00  4.971314e-01  3.084539e+00  5.078880e-01  2.151855e-01  3.426115e-01  8.527790e+00  0.000000e+00  2.440353e+00  0.000000e+00  0.000000e+00  0.000000e+00
1.335731e+03  4.311128e+00  5.811541e+00  4.366278e+00  2.942828e+00  3.669457e+00  2.439392e-01  3.834041e+00  2.381662e-01  4.108891e-01  9.624912e-02  4.186213e+00  0.000000e+00  9.302187e-01  1.330846e-01  0.000000e+00  0.000000e+00
1.498715e+03  2.701647e+00  4.270794e+00  3.445553e+00  3.339612e+00  2.639654e+00  7.264543e-01  3.517348e+00  7.206922e-01  6.476239e-01  1.813032e-01  2.355555e+00  5.790758e-03  1.323474e+00  0.000000e+00  0.000000e+00  1.275018e-02
1.681586e+03  1.235227e+00  4.251990e+00  2.803699e+00  2.845597e+00  3.242373e+00  3.388268e-01  2.538569e+00  4.893001e-01  4.621379e-01  3.546297e-01  2.571979e+00  0.000000e+00  6.666659e-01  9.946983e-02  0.000000e+00  2.211270e-03
1.886771e+03  1.701021e+00  2.658172e+00  2.915849e+00  3.507517e+00  2.617911e+00  4.161345e-01  2.242354e+00  4.958252e-01  3.394064e-01  3.315732e-01  1.294099e+00  7.984368e-02  4.876983e-02  1.034840e-01  1.278052e-03  0.000000e+00
2.116992e+03  1.211910e+00  2.778112e+00  1.855749e+00  2.144998e+00  1.073720e+00  3.734227e-01  1.758355e+00  4.290354e-01  1.132007e-01  2.342551e-01  6.860975e-01  3.718412e-02  2.518304e-01  4.613596e-04  0.000000e+00  4.613596e-04
2.375304e+03  5.454009e-01  1.570406e+00  1.778388e+00  3.200442e+00  1.160818e+00  6.576450e-01  1.606795e+00  3.785967e-01  2.223481e-01  8.072143e-02  7.521567e-01  2.610116e-04  0.000000e+00  1.907525e-02  0.000000e+00  3.227140e-02
2.665135e+03  5.928850e-01  1.241680e+00  1.387919e+00  2.810008e+00  5.578036e-01  3.584056e-01  1.005839e+00  6.785662e-01  1.705423e-01  3.567379e-01  4.430651e-01  1.336824e-01  7.021603e-02  3.533338e-02  0.000000e+00  6.875640e-02
2.990330e+03  1.661108e-01  8.949685e-01  9.302075e-01  2.137075e+00  4.703209e-01  5.026850e-01  7.302186e-01  3.870499e-01  2.019373e-01  1.853334e-01  3.697753e-01  3.508681e-02  0.000000e+00  3.200545e-02  0.000000e+00  1.021337e-01
3.355206e+03  1.584733e-01  1.055069e+00  1.000323e+00  2.210188e+00  2.009028e-01  4.760242e-01  4.266661e-01  2.647539e-01  1.338814e-01  1.618305e-01  9.337172e-02  6.466915e-02  5.015526e-02  5.527809e-03  0.000000e+00  4.083934e-04
3.764603e+03  5.239536e-02  4.015814e-01  7.105344e-01  1.350078e+00  1.771555e-01  4.348891e-01  2.746739e-01  2.037118e-01  1.004568e-01  1.953287e-01  1.581492e-01  1.549216e-02  1.045394e-04  4.883951e-02  0.000000e+00  6.602152e-02
4.223954e+03  1.060273e-02  2.786689e-01  3.022066e-01  1.057742e+00  8.852522e-02  1.991047e-01  2.396965e-01  2.563879e-01  1.459560e-01  1.380971e-01  1.209111e-01  2.880289e-02  0.000000e+00  5.285241e-02  0.000000e+00  3.984547e-02
4.739354e+03  1.255181e-02  2.254820e-01  3.626920e-01  1.013136e+00  8.657046e-02  2.268021e-01  7.186962e-02  2.007154e-01  6.763850e-02  9.324527e-02  9.467743e-02  3.776821e-02  5.088016e-04  2.847412e-03  0.000000e+00  1.325653e-02
5.317643e+03  4.114164e-02  2.208058e-01  2.603254e-01  6.229113e-01  1.403550e-02  1.798402e-01  3.352306e-02  3.419921e-01  1.371445e-01  1.142427e-01  4.557360e-02  4.550950e-02  0.000000e+00  4.709373e-02  0.000000e+00  5.001144e-02
5.966493e+03  2.170586e-02  1.038261e-01  1.465544e-01  4.086843e-01  3.417980e-02  2.182029e-01  3.280225e-02  1.730467e-01  6.298195e-02  1.191254e-01  2.944819e-03  9.135636e-03  0.000000e+00  1.318567e-02  0.000000e+00  2.269834e-02
6.694516e+03  9.261041e-05  7.588334e-02  1.061377e-01  3.151357e-01  1.085163e-02  3.274106e-01  1.307756e-02  8.979818e-02  7.984268e-02  1.061587e-01  6.876449e-02  6.513804e-02  0.000000e+00  9.534059e-03  0.000000e+00  5.554458e-04
7.511370e+03  4.459941e-03  6.509319e-02  9.389641e-02  1.575193e-01  2.600531e-02  1.728903e-01  3.464923e-02  7.734640e-02  2.206368e-02  5.903166e-02  3.885943e-03  2.293626e-02  0.000000e+00  1.412644e-03  0.000000e+00  6.755725e-02
8.427896e+03  9.048619e-03  5.541416e-02  4.629568e-02  6.202442e-02  1.113339e-02  2.335003e-01  3.899454e-02  1.918058e-01  2.939246e-02  2.625779e-02  4.142585e-02  4.142211e-02  0.000000e+00  8.621365e-04  0.000000e+00  1.540833e-02
9.456255e+03  0.000000e+00  1.526340e-02  4.920794e-02  1.311761e-01  1.211755e-02  1.475414e-01  1.032855e-04  6.576978e-02  4.030048e-02  2.420984e-02  6.722283e-02  5.246661e-02  0.000000e+00  2.261391e-02  0.000000e+00  1.961341e-03
1.061009e+04  0.000000e+00  3.830516e-02  1.579591e-02  7.941737e-02  4.362470e-03  1.109918e-01  1.781155e-02  4.170969e-02  1.893064e-03  3.253268e-02  3.673033e-02  3.207275e-02  0.000000e+00  5.843322e-05  0.000000e+00  1.995619e-02
1.190472e+04  0.000000e+00  3.366789e-04  3.123502e-04  4.398040e-02  0.000000e+00  3.737946e-02  3.305827e-05  4.226360e-03  1.041573e-04  3.474508e-02  5.315022e-02  1.479381e-02  0.000000e+00  5.728765e-03  0.000000e+00  1.002245e-02
1.335731e+04  0.000000e+00  1.168375e-02  2.288141e-02  5.419251e-02  0.000000e+00  2.933790e-02  1.151912e-04  1.160066e-02  1.344866e-03  2.775951e-02  1.577633e-02  5.143763e-03  0.000000e+00  0.000000e+00  0.000000e+00  1.017938e-02
1.498715e+04  0.000000e+00  1.108429e-02  5.790758e-04  5.122267e-03  0.000000e+00  2.034371e-02  0.000000e+00  2.489599e-02  1.656190e-03  5.249310e-03  1.303375e-04  1.666970e-02  0.000000e+00  1.065363e-04  0.000000e+00  1.722854e-02
1.681586e+04  0.000000e+00  1.372796e-03  3.686887e-05  2.987432e-03  0.000000e+00  3.511203e-02  2.340346e-05  4.021573e-03  0.000000e+00  5.161019e-04  3.405922e-04  3.126266e-04  0.000000e+00  1.260449e-02  0.000000e+00  1.417139e-02
1.886771e+04  0.000000e+00  2.680061e-03  0.000000e+00  7.788060e-03  0.000000e+00  2.148678e-02  0.000000e+00  1.744373e-02  0.000000e+00  0.000000e+00  8.211544e-03  8.178488e-03  0.000000e+00  1.359685e-02  0.000000e+00  1.315776e-02
2.116992e+04  0.000000e+00  1.859003e-05  0.000000e+00  6.450664e-03  0.000000e+00  9.127075e-05  0.000000e+00  3.602320e-03  0.000000e+00  0.000000e+00  0.000000e+00  6.849845e-03  0.000000e+00  1.937103e-02  0.000000e+00  3.602320e-03
2.375304e+04  0.000000e+00  0.000000e+00  0.000000e+00  1.656838e-05  0.000000e+00  4.015053e-03  1.565459e-04  7.397051e-04  0.000000e+00  1.044985e-03  3.964471e-03  5.220232e-05  0.000000e+00  0.000000e+00  0.000000e+00  1.010462e-02
2.665135e+04  0.000000e+00  1.395217e-04  0.000000e+00  6.241652e-03  0.000000e+00  0.000000e+00  0.000000e+00  0.000000e+00  0.000000e+00  9.047915e-05  0.000000e+00  0.000000e+00  0.000000e+00  0.000000e+00  0.000000e+00  1.395217e-04
2.990330e+04  0.000000e+00  0.000000e+00  0.000000e+00  1.140331e-03  0.000000e+00  0.000000e+00  0.000000e+00  0.000000e+00  0.000000e+00  0.000000e+00  0.000000e+00  1.727900e-03  0.000000e+00  3.736660e-03  0.000000e+00  2.023222e-03
3.355206e+04  0.000000e+00  0.000000e+00  0.000000e+00  0.000000e+00  0.000000e+00  0.000000e+00  0.000000e+00  0.000000e+00  0.000000e+00  0.000000e+00  0.000000e+00  2.910982e-05  0.000000e+00  4.204278e-03  0.000000e+00  1.437403e-04
3.764603e+04  0.000000e+00  0.000000e+00  0.000000e+00  2.305342e-04  0.000000e+00  0.000000e+00  0.000000e+00  0.000000e+00  0.000000e+00  0.000000e+00  0.000000e+00  9.057972e-04  0.000000e+00  2.305342e-04  0.000000e+00  1.045394e-05
4.223954e+04  0.000000e+00  0.000000e+00  0.000000e+00  1.355922e-04  0.000000e+00  0.000000e+00  0.000000e+00  5.205452e-03  0.000000e+00  0.000000e+00  0.000000e+00  1.027434e-03  0.000000e+00  0.000000e+00  0.000000e+00  0.000000e+00
4.739354e+04  0.000000e+00  0.000000e+00  0.000000e+00  0.000000e+00  0.000000e+00  0.000000e+00  0.000000e+00  8.303861e-06  0.000000e+00  0.000000e+00  0.000000e+00  1.291505e-04  0.000000e+00  7.195003e-04  0.000000e+00  0.000000e+00
5.317643e+04  0.000000e+00  0.000000e+00  0.000000e+00  0.000000e+00  0.000000e+00  0.000000e+00  0.000000e+00  0.000000e+00  0.000000e+00  0.000000e+00  0.000000e+00  0.000000e+00  0.000000e+00  0.000000e+00  0.000000e+00  0.000000e+00
5.966493e+04  0.000000e+00  0.000000e+00  0.000000e+00  0.000000e+00  0.000000e+00  0.000000e+00  0.000000e+00  0.000000e+00  0.000000e+00  0.000000e+00  0.000000e+00  0.000000e+00  0.000000e+00  0.000000e+00  0.000000e+00  0.000000e+00
6.694516e+04  0.000000e+00  0.000000e+00  0.000000e+00  0.000000e+00  0.000000e+00  0.000000e+00  0.000000e+00  0.000000e+00  0.000000e+00  0.000000e+00  0.000000e+00  0.000000e+00  0.000000e+00  0.000000e+00  0.000000e+00  2.683359e-04
7.511370e+04  0.000000e+00  0.000000e+00  0.000000e+00  0.000000e+00  0.000000e+00  0.000000e+00  0.000000e+00  0.000000e+00  0.000000e+00  0.000000e+00  0.000000e+00  0.000000e+00  0.000000e+00  0.000000e+00  0.000000e+00  2.206368e-03
8.427896e+04  0.000000e+00  0.000000e+00  0.000000e+00  0.000000e+00  0.000000e+00  0.000000e+00  0.000000e+00  0.000000e+00  0.000000e+00  0.000000e+00  0.000000e+00  0.000000e+00  0.000000e+00  0.000000e+00  0.000000e+00  0.000000e+00
9.456255e+04  0.000000e+00  0.000000e+00  0.000000e+00  0.000000e+00  0.000000e+00  0.000000e+00  0.000000e+00  0.000000e+00  0.000000e+00  0.000000e+00  0.000000e+00  0.000000e+00  0.000000e+00  0.000000e+00  0.000000e+00  0.000000e+00
1.061009e+05  0.000000e+00  0.000000e+00  0.000000e+00  0.000000e+00  0.000000e+00  0.000000e+00  0.000000e+00  0.000000e+00  0.000000e+00  0.000000e+00  0.000000e+00  0.000000e+00  0.000000e+00  0.000000e+00  0.000000e+00  0.000000e+00
1.190472e+05  0.000000e+00  0.000000e+00  0.000000e+00  0.000000e+00  0.000000e+00  0.000000e+00  0.000000e+00  0.000000e+00  0.000000e+00  0.000000e+00  0.000000e+00  0.000000e+00  0.000000e+00  0.000000e+00  0.000000e+00  0.000000e+00
1.335731e+05  0.000000e+00  0.000000e+00  0.000000e+00  0.000000e+00  0.000000e+00  0.000000e+00  0.000000e+00  0.000000e+00  0.000000e+00  0.000000e+00  0.000000e+00  0.000000e+00  0.000000e+00  0.000000e+00  0.000000e+00  0.000000e+00
1.498715e+05  0.000000e+00  0.000000e+00  0.000000e+00  0.000000e+00  0.000000e+00  0.000000e+00  0.000000e+00  0.000000e+00  0.000000e+00  0.000000e+00  0.000000e+00  0.000000e+00  0.000000e+00  0.000000e+00  0.000000e+00  0.000000e+00
1.681586e+05  0.000000e+00  0.000000e+00  0.000000e+00  0.000000e+00  0.000000e+00  0.000000e+00  0.000000e+00  0.000000e+00  0.000000e+00  0.000000e+00  0.000000e+00  0.000000e+00  0.000000e+00  0.000000e+00  0.000000e+00  0.000000e+00
1.886771e+05  0.000000e+00  0.000000e+00  0.000000e+00  0.000000e+00  0.000000e+00  0.000000e+00  0.000000e+00  0.000000e+00  0.000000e+00  0.000000e+00  0.000000e+00  0.000000e+00  0.000000e+00  0.000000e+00  0.000000e+00  0.000000e+00
2.116992e+05  0.000000e+00  0.000000e+00  0.000000e+00  0.000000e+00  0.000000e+00  0.000000e+00  0.000000e+00  0.000000e+00  0.000000e+00  0.000000e+00  0.000000e+00  0.000000e+00  0.000000e+00  0.000000e+00  0.000000e+00  0.000000e+00
2.375304e+05  0.000000e+00  0.000000e+00  0.000000e+00  0.000000e+00  0.000000e+00  0.000000e+00  0.000000e+00  0.000000e+00  0.000000e+00  0.000000e+00  0.000000e+00  0.000000e+00  0.000000e+00  0.000000e+00  0.000000e+00  0.000000e+00
2.665135e+05  0.000000e+00  0.000000e+00  0.000000e+00  0.000000e+00  0.000000e+00  0.000000e+00  0.000000e+00  0.000000e+00  0.000000e+00  0.000000e+00  0.000000e+00  0.000000e+00  0.000000e+00  0.000000e+00  0.000000e+00  0.000000e+00
2.990330e+05  0.000000e+00  0.000000e+00  0.000000e+00  0.000000e+00  0.000000e+00  0.000000e+00  0.000000e+00  0.000000e+00  0.000000e+00  0.000000e+00  0.000000e+00  0.000000e+00  0.000000e+00  0.000000e+00  0.000000e+00  0.000000e+00
3.355206e+05  0.000000e+00  0.000000e+00  0.000000e+00  0.000000e+00  0.000000e+00  0.000000e+00  0.000000e+00  0.000000e+00  0.000000e+00  0.000000e+00  0.000000e+00  0.000000e+00  0.000000e+00  0.000000e+00  0.000000e+00  0.000000e+00
3.764603e+05  0.000000e+00  0.000000e+00  0.000000e+00  0.000000e+00  0.000000e+00  0.000000e+00  0.000000e+00  0.000000e+00  0.000000e+00  0.000000e+00  0.000000e+00  0.000000e+00  0.000000e+00  0.000000e+00  0.000000e+00  0.000000e+00
4.223954e+05  0.000000e+00  0.000000e+00  0.000000e+00  0.000000e+00  0.000000e+00  0.000000e+00  0.000000e+00  0.000000e+00  0.000000e+00  0.000000e+00  0.000000e+00  0.000000e+00  0.000000e+00  0.000000e+00  0.000000e+00  0.000000e+00
4.739354e+05  0.000000e+00  0.000000e+00  0.000000e+00  0.000000e+00  0.000000e+00  0.000000e+00  0.000000e+00  0.000000e+00  0.000000e+00  0.000000e+00  0.000000e+00  0.000000e+00  0.000000e+00  0.000000e+00  0.000000e+00  0.000000e+00
5.317643e+05  0.000000e+00  0.000000e+00  0.000000e+00  0.000000e+00  0.000000e+00  0.000000e+00  0.000000e+00  0.000000e+00  0.000000e+00  0.000000e+00  0.000000e+00  0.000000e+00  0.000000e+00  0.000000e+00  0.000000e+00  0.000000e+00
5.966493e+05  0.000000e+00  0.000000e+00  0.000000e+00  0.000000e+00  0.000000e+00  0.000000e+00  0.000000e+00  0.000000e+00  0.000000e+00  0.000000e+00  0.000000e+00  0.000000e+00  0.000000e+00  0.000000e+00  0.000000e+00  0.000000e+00
6.694516e+05  0.000000e+00  0.000000e+00  0.000000e+00  0.000000e+00  0.000000e+00  0.000000e+00  0.000000e+00  0.000000e+00  0.000000e+00  0.000000e+00  0.000000e+00  0.000000e+00  0.000000e+00  0.000000e+00  0.000000e+00  0.000000e+00
7.511370e+05  0.000000e+00  0.000000e+00  0.000000e+00  0.000000e+00  0.000000e+00  0.000000e+00  0.000000e+00  0.000000e+00  0.000000e+00  0.000000e+00  0.000000e+00  0.000000e+00  0.000000e+00  0.000000e+00  0.000000e+00  0.000000e+00
8.427896e+05  0.000000e+00  0.000000e+00  0.000000e+00  0.000000e+00  0.000000e+00  0.000000e+00  0.000000e+00  0.000000e+00  0.000000e+00  0.000000e+00  0.000000e+00  0.000000e+00  0.000000e+00  0.000000e+00  0.000000e+00  0.000000e+00
9.456255e+05  0.000000e+00  0.000000e+00  0.000000e+00  0.000000e+00  0.000000e+00  0.000000e+00  0.000000e+00  0.000000e+00  0.000000e+00  0.000000e+00  0.000000e+00  0.000000e+00  0.000000e+00  0.000000e+00  0.000000e+00  0.000000e+00
