# dR/dEr [1/keV/kg/Myr]
# Er [keV], S, F, Ne, Cl, Na, Si, O, P, N, C, Al, Mg, Be, B, Ar, Li
1.061009e+01  1.452171e+01  1.109308e+01  0.000000e+00  0.000000e+00  4.232094e+00  0.000000e+00  9.593437e-01  0.000000e+00  0.000000e+00  0.000000e+00  0.000000e+00  0.000000e+00  4.616892e-02  0.000000e+00  0.000000e+00  0.000000e+00
1.190472e+01  5.380207e+00  1.204439e+00  0.000000e+00  0.000000e+00  1.715369e+00  0.000000e+00  0.000000e+00  0.000000e+00  0.000000e+00  0.000000e+00  0.000000e+00  0.000000e+00  0.000000e+00  0.000000e+00  0.000000e+00  0.000000e+00
1.335731e+01  7.858527e+00  1.614418e+00  0.000000e+00  0.000000e+00  0.000000e+00  0.000000e+00  0.000000e+00  0.000000e+00  0.000000e+00  0.000000e+00  0.000000e+00  0.000000e+00  0.000000e+00  0.000000e+00  0.000000e+00  0.000000e+00
1.498715e+01  1.984367e+00  2.274142e+00  0.000000e+00  0.000000e+00  8.332319e-01  0.000000e+00  3.274311e-01  0.000000e+00  0.000000e+00  0.000000e+00  0.000000e+00  0.000000e+00  0.000000e+00  0.000000e+00  0.000000e+00  0.000000e+00
1.681586e+01  4.905492e+00  2.375505e+00  7.079156e-01  0.000000e+00  1.388740e+00  2.918233e-01  0.000000e+00  0.000000e+00  0.000000e+00  0.000000e+00  0.000000e+00  0.000000e+00  0.000000e+00  0.000000e+00  0.000000e+00  0.000000e+00
1.886771e+01  3.356306e+00  2.647654e+00  0.000000e+00  0.000000e+00  6.309305e-01  0.000000e+00  0.000000e+00  0.000000e+00  0.000000e+00  0.000000e+00  0.000000e+00  0.000000e+00  0.000000e+00  0.000000e+00  0.000000e+00  0.000000e+00
2.116992e+01  3.414227e+00  2.930076e+00  0.000000e+00  0.000000e+00  6.844335e-01  0.000000e+00  2.999536e-01  0.000000e+00  0.000000e+00  0.000000e+00  2.217579e-01  0.000000e+00  0.000000e+00  0.000000e+00  0.000000e+00  0.000000e+00
2.375304e+01  6.307907e+00  1.235891e+00  8.077681e-01  0.000000e+00  1.675930e+00  0.000000e+00  5.011659e-01  0.000000e+00  0.000000e+00  0.000000e+00  0.000000e+00  0.000000e+00  0.000000e+00  0.000000e+00  0.000000e+00  0.000000e+00
2.665135e+01  5.531179e+00  2.751034e+00  2.382616e-01  2.189615e-02  3.795229e-01  0.000000e+00  0.000000e+00  5.817528e-01  0.000000e+00  0.000000e+00  0.000000e+00  0.000000e+00  0.000000e+00  0.000000e+00  0.000000e+00  0.000000e+00
2.990330e+01  6.264862e+00  2.859815e+00  2.900035e-01  0.000000e+00  4.508930e-01  0.000000e+00  3.764552e-01  0.000000e+00  0.000000e+00  0.000000e+00  6.366794e-02  0.000000e+00  3.309707e-01  0.000000e+00  0.000000e+00  0.000000e+00
3.355206e+01  8.004751e+00  2.186262e+00  3.071703e-01  0.000000e+00  6.211063e-01  0.000000e+00  8.694291e-01  0.000000e+00  0.000000e+00  0.000000e+00  2.996543e-01  0.000000e+00  3.370398e-01  0.000000e+00  0.000000e+00  0.000000e+00
3.764603e+01  9.032468e+00  1.699383e+00  2.660373e-03  1.686763e-01  1.148887e+00  0.000000e+00  2.353126e-02  0.000000e+00  0.000000e+00  0.000000e+00  0.000000e+00  0.000000e+00  4.167752e-03  0.000000e+00  0.000000e+00  0.000000e+00
4.223954e+01  8.101139e+00  4.069757e+00  1.467604e-01  0.000000e+00  1.952478e+00  0.000000e+00  2.360684e-01  0.000000e+00  0.000000e+00  0.000000e+00  1.042898e-01  0.000000e+00  1.549479e+00  0.000000e+00  0.000000e+00  0.000000e+00
4.739354e+01  1.123232e+01  4.446394e+00  1.339843e-01  3.514443e-01  5.251240e-01  0.000000e+00  4.823694e-01  0.000000e+00  0.000000e+00  0.000000e+00  0.000000e+00  0.000000e+00  5.419930e-01  0.000000e+00  0.000000e+00  0.000000e+00
5.317643e+01  9.944833e+00  2.469633e+00  3.311100e-01  0.000000e+00  1.372639e+00  0.000000e+00  6.407357e-01  0.000000e+00  0.000000e+00  0.000000e+00  8.828343e-02  0.000000e+00  0.000000e+00  0.000000e+00  0.000000e+00  0.000000e+00
5.966493e+01  1.314471e+01  4.717247e+00  3.690444e-01  1.886745e-01  9.885237e-01  0.000000e+00  7.399108e-01  0.000000e+00  0.000000e+00  0.000000e+00  1.336905e-01  0.000000e+00  4.281647e-02  0.000000e+00  0.000000e+00  0.000000e+00
6.694516e+01  1.439867e+01  3.956465e+00  6.198024e-01  0.000000e+00  1.829774e+00  0.000000e+00  1.865374e-01  0.000000e+00  5.256979e-02  0.000000e+00  2.817969e-01  0.000000e+00  3.801914e+00  0.000000e+00  0.000000e+00  0.000000e+00
7.511370e+01  1.510746e+01  5.540866e+00  6.112941e-01  2.025390e-01  1.144445e+00  0.000000e+00  4.673154e-01  0.000000e+00  0.000000e+00  0.000000e+00  8.252946e-02  0.000000e+00  1.108653e+03  0.000000e+00  0.000000e+00  0.000000e+00
8.427896e+01  1.920965e+01  6.055021e+00  3.479574e-01  4.984461e-01  1.568023e+00  0.000000e+00  8.968134e-01  0.000000e+00  0.000000e+00  0.000000e+00  0.000000e+00  0.000000e+00  1.348683e+03  0.000000e+00  0.000000e+00  0.000000e+00
9.456255e+01  1.896570e+01  4.702231e+00  5.315810e-01  2.392999e-01  1.459531e+00  0.000000e+00  2.365345e-01  0.000000e+00  3.764810e-02  0.000000e+00  4.315426e-04  0.000000e+00  1.026453e+03  0.000000e+00  0.000000e+00  0.000000e+00
1.061009e+02  2.218563e+01  6.229782e+00  3.905895e-01  8.211872e-02  1.963048e+00  0.000000e+00  3.989271e-01  0.000000e+00  0.000000e+00  7.517967e-02  2.514797e-01  0.000000e+00  7.775477e+02  0.000000e+00  0.000000e+00  0.000000e+00
1.190472e+02  2.388828e+01  7.924393e+00  8.237510e-01  1.291526e-01  1.927858e+00  0.000000e+00  2.832595e-01  0.000000e+00  4.122114e-02  1.584661e-01  6.850439e+02  0.000000e+00  5.727482e+02  0.000000e+00  3.997177e-02  0.000000e+00
1.335731e+02  2.685995e+01  8.458502e+00  6.295307e-01  7.497949e-04  2.168589e+00  0.000000e+00  3.290589e-01  0.000000e+00  0.000000e+00  0.000000e+00  5.748894e+02  0.000000e+00  4.222864e+02  0.000000e+00  0.000000e+00  0.000000e+00
1.498715e+02  6.548654e+01  9.870798e+00  4.310298e-01  1.366311e-01  1.247475e+00  0.000000e+00  6.520981e-01  0.000000e+00  7.139701e-02  1.050862e-01  4.296823e+02  0.000000e+00  3.158124e+02  0.000000e+00  0.000000e+00  0.000000e+00
1.681586e+02  9.399611e+01  1.003375e+01  6.050737e-01  1.388740e-01  1.117495e+00  2.426743e-04  7.470010e-01  0.000000e+00  8.313376e-02  0.000000e+00  3.206799e+02  0.000000e+00  2.326905e+02  0.000000e+00  0.000000e+00  0.000000e+00
1.886771e+02  5.492456e+01  1.170599e+01  4.498224e-01  1.364588e-01  2.377614e+00  5.966413e-02  7.371531e-01  4.313936e-02  4.313936e-02  0.000000e+00  2.370365e+02  0.000000e+00  1.695770e+02  0.000000e+00  0.000000e+00  0.000000e+00
2.116992e+02  2.401218e+01  1.467085e+01  5.641803e-01  3.620451e-01  1.039216e+00  3.844800e-02  5.526059e-01  0.000000e+00  0.000000e+00  1.927630e-04  1.883110e+02  0.000000e+00  1.149684e+02  0.000000e+00  4.730886e-04  0.000000e+00
2.375304e+02  1.747349e+01  7.400655e+01  8.492510e-01  2.930836e-01  1.484569e+00  1.584977e-02  6.549436e-01  7.078289e-02  0.000000e+00  2.065951e-02  1.404979e+02  0.000000e+00  8.432105e+01  0.000000e+00  6.610528e-02  0.000000e+00
2.665135e+02  1.439756e+01  6.182294e+01  8.541228e-01  2.525884e-01  2.151271e+00  3.867045e-02  4.956691e-01  0.000000e+00  3.054033e-02  5.153485e-02  1.025615e+02  0.000000e+00  5.811018e+01  0.000000e+00  0.000000e+00  0.000000e+00
2.990330e+02  8.887010e+00  9.461698e+00  4.752163e-01  1.714837e-01  1.631840e+00  6.031873e-03  9.521696e-01  2.137879e-04  5.246889e-04  1.190538e-02  7.745884e+01  0.000000e+00  4.339564e+01  0.000000e+00  0.000000e+00  0.000000e+00
3.355206e+02  7.879821e+00  8.536224e+00  5.591339e-01  2.362138e-01  1.719306e+00  2.425905e-02  6.879166e-01  2.244156e-02  1.892579e-02  5.796515e-02  5.802977e+01  7.613965e-03  3.069493e+01  0.000000e+00  0.000000e+00  1.127227e-03
3.764603e+02  5.240766e+00  6.358914e+00  7.281530e-01  2.538503e-01  1.920077e+00  2.458864e-02  4.781286e-01  0.000000e+00  2.737658e-02  0.000000e+00  3.756963e+01  0.000000e+00  2.224905e+01  0.000000e+00  0.000000e+00  0.000000e+00
4.223954e+02  3.388913e+00  5.401013e+00  4.493979e-01  2.320892e-01  1.648098e+00  1.518464e-02  6.558862e-01  5.831896e-02  1.942100e-02  4.489891e-02  2.903809e+01  0.000000e+00  1.179849e+01  0.000000e+00  2.371060e-04  0.000000e+00
4.739354e+02  2.773689e+00  4.447654e+00  6.361838e-01  3.683736e-01  1.430277e+00  3.022906e-02  6.725856e-01  5.935516e-02  3.271436e-02  0.000000e+00  1.834593e+01  0.000000e+00  8.017606e+00  3.271436e-02  0.000000e+00  0.000000e+00
5.317643e+02  2.195434e+00  2.924027e+00  6.902350e-01  1.865092e-01  1.451339e+00  4.306412e-02  5.351797e-01  6.390033e-02  6.348433e-02  2.523217e-02  1.522830e+01  0.000000e+00  6.197427e+00  7.674034e-05  2.952814e-02  0.000000e+00
5.966493e+02  1.961765e+00  2.610462e+00  7.111538e-01  3.520652e-01  1.404741e+00  5.585156e-02  5.657831e-01  6.012297e-02  2.826179e-02  1.658783e-02  1.069469e+01  0.000000e+00  4.225863e+00  0.000000e+00  2.629674e-04  0.000000e+00
6.694516e+02  1.528296e+00  2.206776e+00  8.519437e-01  4.870788e-01  1.367695e+00  5.299155e-02  6.769278e-01  4.044392e-02  3.317702e-02  1.258725e-02  7.465351e+00  0.000000e+00  2.522755e+00  0.000000e+00  0.000000e+00  0.000000e+00
7.511370e+02  1.238516e+00  1.722243e+00  5.747243e-01  3.925029e-01  9.047012e-01  1.343264e-02  5.016758e-01  4.856341e-02  4.204702e-02  8.413172e-03  4.994787e+00  0.000000e+00  1.667605e+00  0.000000e+00  0.000000e+00  0.000000e+00
8.427896e+02  7.782808e-01  1.459031e+00  5.093588e-01  4.105111e-01  1.029354e+00  2.748191e-02  5.751277e-01  1.976316e-02  9.860849e-03  3.384493e-02  2.603704e+00  0.000000e+00  8.425199e-01  0.000000e+00  2.294022e-02  0.000000e+00
9.456255e+02  7.778083e-01  1.159909e+00  6.823692e-01  2.962733e-01  8.443412e-01  4.468667e-02  6.013501e-01  5.749908e-02  0.000000e+00  3.189030e-02  2.212732e+00  6.171173e-04  6.403114e-01  0.000000e+00  0.000000e+00  0.000000e+00
1.061009e+03  7.056544e-01  8.235254e-01  6.478148e-01  4.353965e-01  6.922163e-01  5.058940e-02  5.434084e-01  4.405890e-02  7.571323e-02  1.336168e-02  1.539385e+00  0.000000e+00  2.573952e-01  3.866936e-03  2.407747e-03  0.000000e+00
1.190472e+03  4.747702e-01  7.061205e-01  5.879345e-01  4.409725e-01  4.883614e-01  5.474262e-02  3.434820e-01  5.620301e-02  2.396516e-02  3.595646e-02  9.241199e-01  0.000000e+00  2.657585e-01  0.000000e+00  0.000000e+00  0.000000e+00
1.335731e+03  4.761060e-01  6.429714e-01  4.853135e-01  3.285876e-01  4.107773e-01  2.651390e-02  4.291154e-01  2.629204e-02  4.545073e-02  1.033107e-02  4.550034e-01  0.000000e+00  9.986534e-02  1.447430e-02  0.000000e+00  0.000000e+00
1.498715e+03  2.983531e-01  4.727772e-01  3.840962e-01  3.709855e-01  2.941501e-01  7.941709e-02  3.918582e-01  7.976818e-02  7.121307e-02  1.934923e-02  2.572308e-01  5.910784e-04  1.436337e-01  0.000000e+00  0.000000e+00  1.308206e-03
1.681586e+03  1.351644e-01  4.693605e-01  3.112623e-01  3.168872e-01  3.605655e-01  3.738046e-02  2.842251e-01  5.363169e-02  5.064868e-02  3.833914e-02  2.786100e-01  0.000000e+00  7.305048e-02  1.069301e-02  0.000000e+00  2.249113e-04
1.886771e+03  1.864165e-01  2.925293e-01  3.231592e-01  3.922336e-01  2.905872e-01  4.556364e-02  2.510361e-01  5.452912e-02  3.754803e-02  3.586907e-02  1.403406e-01  8.611067e-03  5.462346e-03  1.082717e-02  1.298135e-04  0.000000e+00
2.116992e+03  1.336212e-01  3.056403e-01  2.063528e-01  2.393981e-01  1.190444e-01  4.104775e-02  1.960886e-01  4.726585e-02  1.232526e-02  2.552782e-02  7.381148e-02  3.995953e-03  2.718045e-02  4.730886e-05  0.000000e+00  4.730886e-05
2.375304e+03  5.924987e-02  1.733397e-01  1.963906e-01  3.559854e-01  1.278596e-01  7.171701e-02  1.790161e-01  4.201236e-02  2.479534e-02  8.705602e-03  8.137051e-02  2.691430e-05  0.000000e+00  1.976420e-03  0.000000e+00  3.375332e-03
2.665135e+03  6.491872e-02  1.361428e-01  1.536468e-01  3.110759e-01  6.143646e-02  3.972387e-02  1.120307e-01  7.486632e-02  1.872226e-02  3.908866e-02  4.761776e-02  1.448352e-02  7.654061e-03  3.713553e-03  0.000000e+00  7.410807e-03
2.990330e+03  1.777935e-02  9.817614e-02  1.025322e-01  2.369319e-01  5.200906e-02  5.515627e-02  8.120755e-02  4.293959e-02  2.152239e-02  1.958849e-02  3.972610e-02  3.648810e-03  0.000000e+00  3.362176e-03  0.000000e+00  1.095416e-02
3.355206e+03  1.707986e-02  1.155813e-01  1.092767e-01  2.445733e-01  2.181324e-02  5.242508e-02  4.787967e-02  2.922245e-02  1.458228e-02  1.746777e-02  9.859590e-03  7.020046e-03  5.500187e-03  5.674411e-04  0.000000e+00  4.201240e-05
3.764603e+03  5.644322e-03  4.384295e-02  7.754333e-02  1.495041e-01  1.928746e-02  4.726894e-02  3.065379e-02  2.250737e-02  1.067710e-02  2.091967e-02  1.684405e-02  1.592503e-03  1.083986e-05  5.316746e-03  0.000000e+00  6.920113e-03
4.223954e+03  1.091139e-03  3.073311e-02  3.259775e-02  1.173533e-01  9.490886e-03  2.188337e-02  2.672597e-02  2.813077e-02  1.571848e-02  1.467321e-02  1.298388e-02  3.008325e-03  0.000000e+00  5.713809e-03  0.000000e+00  4.159245e-03
4.739354e+03  1.308004e-03  2.447424e-02  3.957804e-02  1.119552e-01  9.384941e-03  2.482935e-02  7.884353e-03  2.190988e-02  7.236032e-03  9.874755e-03  1.010708e-02  4.047484e-03  5.167967e-05  2.914455e-04  0.000000e+00  1.361993e-03
5.317643e+03  4.482462e-03  2.385751e-02  2.801230e-02  6.896009e-02  1.447631e-03  1.950677e-02  3.618646e-03  3.739781e-02  1.486498e-02  1.212984e-02  4.733388e-03  4.921470e-03  0.000000e+00  4.976287e-03  0.000000e+00  5.420059e-03
5.966493e+03  2.270055e-03  1.112947e-02  1.563546e-02  4.481572e-02  3.706352e-03  2.389320e-02  3.471988e-03  1.855426e-02  6.735313e-03  1.294700e-02  3.023098e-04  9.440663e-04  0.000000e+00  1.377955e-03  0.000000e+00  2.406623e-03
6.694516e+03  9.549554e-06  8.098952e-03  1.132777e-02  3.438896e-02  1.121260e-03  3.564385e-02  1.350715e-03  9.614533e-03  8.529982e-03  1.148205e-02  7.286094e-03  7.104011e-03  0.000000e+00  9.920405e-04  0.000000e+00  5.649517e-05
7.511370e+03  4.580390e-04  6.947036e-03  1.017532e-02  1.738098e-02  2.814068e-03  1.865375e-02  3.682190e-03  8.201649e-03  2.372978e-03  6.388390e-03  3.974764e-04  2.410082e-03  0.000000e+00  1.442567e-04  0.000000e+00  7.208924e-03
8.427896e+03  9.464559e-04  5.828702e-03  5.013473e-03  6.549618e-03  1.160475e-03  2.519136e-02  4.282879e-03  2.058445e-02  3.130617e-03  2.760462e-03  4.476785e-03  4.418485e-03  0.000000e+00  8.785836e-05  0.000000e+00  1.598491e-03
9.456255e+03  0.000000e+00  1.614601e-03  5.331390e-03  1.411386e-02  1.277982e-03  1.594982e-02  1.059113e-05  7.003005e-03  4.312278e-03  2.580474e-03  7.280797e-03  5.582024e-03  0.000000e+00  2.411594e-03  0.000000e+00  2.013357e-04
1.061009e+04  0.000000e+00  4.154755e-03  1.723115e-03  8.541684e-03  4.519046e-04  1.191807e-02  1.854834e-03  4.514232e-03  1.942284e-04  3.463543e-03  3.876905e-03  3.457958e-03  0.000000e+00  6.025361e-06  0.000000e+00  2.126486e-03
1.190472e+04  0.000000e+00  3.435699e-05  3.176957e-05  4.700294e-03  0.000000e+00  3.983810e-03  3.427865e-06  4.328359e-04  1.074022e-05  3.695965e-03  5.859033e-03  1.615137e-03  0.000000e+00  5.912433e-04  0.000000e+00  1.037023e-03
1.335731e+04  0.000000e+00  1.215164e-03  2.479539e-03  5.831889e-03  0.000000e+00  3.197454e-03  1.174632e-05  1.216198e-03  1.380919e-04  2.942916e-03  1.653612e-03  5.345281e-04  0.000000e+00  0.000000e+00  0.000000e+00  1.061996e-03
1.498715e+04  0.000000e+00  1.192029e-03  5.910784e-05  5.284791e-04  0.000000e+00  2.177384e-03  0.000000e+00  2.717600e-03  1.704554e-04  5.485738e-04  1.336511e-05  1.851626e-03  0.000000e+00  1.094818e-05  0.000000e+00  1.842462e-03
1.681586e+04  0.000000e+00  1.400629e-04  3.801746e-06  3.090283e-04  0.000000e+00  3.781349e-03  2.426743e-06  4.179139e-04  0.000000e+00  5.267992e-05  3.470305e-05  3.182157e-05  0.000000e+00  1.319540e-03  0.000000e+00  1.508052e-03
1.886771e+04  0.000000e+00  2.771775e-04  0.000000e+00  8.322262e-04  0.000000e+00  2.319011e-03  0.000000e+00  1.880767e-03  0.000000e+00  0.000000e+00  8.585140e-04  8.720870e-04  0.000000e+00  1.461092e-03  0.000000e+00  1.370714e-03
2.116992e+04  0.000000e+00  1.927630e-06  0.000000e+00  6.733843e-04  0.000000e+00  9.339058e-06  0.000000e+00  3.767909e-04  0.000000e+00  0.000000e+00  0.000000e+00  7.323834e-04  0.000000e+00  2.096191e-03  0.000000e+00  3.767909e-04
2.375304e+04  0.000000e+00  0.000000e+00  0.000000e+00  1.718002e-06  0.000000e+00  4.183575e-04  1.592250e-05  7.593678e-05  0.000000e+00  1.075501e-04  4.166674e-04  5.382860e-06  0.000000e+00  0.000000e+00  0.000000e+00  1.074963e-03
2.665135e+04  0.000000e+00  1.419095e-05  0.000000e+00  6.711948e-04  0.000000e+00  0.000000e+00  0.000000e+00  0.000000e+00  0.000000e+00  9.190090e-06  0.000000e+00  0.000000e+00  0.000000e+00  0.000000e+00  0.000000e+00  1.419095e-05
2.990330e+04  0.000000e+00  0.000000e+00  0.000000e+00  1.176891e-04  0.000000e+00  0.000000e+00  0.000000e+00  0.000000e+00  0.000000e+00  0.000000e+00  0.000000e+00  1.780078e-04  0.000000e+00  3.912894e-04  0.000000e+00  2.108072e-04
3.355206e+04  0.000000e+00  0.000000e+00  0.000000e+00  0.000000e+00  0.000000e+00  0.000000e+00  0.000000e+00  0.000000e+00  0.000000e+00  0.000000e+00  0.000000e+00  2.984987e-06  0.000000e+00  4.679895e-04  0.000000e+00  1.459990e-05
3.764603e+04  0.000000e+00  0.000000e+00  0.000000e+00  2.353126e-05  0.000000e+00  0.000000e+00  0.000000e+00  0.000000e+00  0.000000e+00  0.000000e+00  0.000000e+00  9.348377e-05  0.000000e+00  2.353126e-05  0.000000e+00  1.083986e-06
4.223954e+04  0.000000e+00  0.000000e+00  0.000000e+00  1.381553e-05  0.000000e+00  0.000000e+00  0.000000e+00  5.577603e-04  0.000000e+00  0.000000e+00  0.000000e+00  1.058033e-04  0.000000e+00  0.000000e+00  0.000000e+00  0.000000e+00
4.739354e+04  0.000000e+00  0.000000e+00  0.000000e+00  0.000000e+00  0.000000e+00  0.000000e+00  0.000000e+00  8.610408e-07  0.000000e+00  0.000000e+00  0.000000e+00  1.317415e-05  0.000000e+00  7.425680e-05  0.000000e+00  0.000000e+00
5.317643e+04  0.000000e+00  0.000000e+00  0.000000e+00  0.000000e+00  0.000000e+00  0.000000e+00  0.000000e+00  0.000000e+00  0.000000e+00  0.000000e+00  0.000000e+00  0.000000e+00  0.000000e+00  0.000000e+00  0.000000e+00  0.000000e+00
5.966493e+04  0.000000e+00  0.000000e+00  0.000000e+00  0.000000e+00  0.000000e+00  0.000000e+00  0.000000e+00  0.000000e+00  0.000000e+00  0.000000e+00  0.000000e+00  0.000000e+00  0.000000e+00  0.000000e+00  0.000000e+00  0.000000e+00
6.694516e+04  0.000000e+00  0.000000e+00  0.000000e+00  0.000000e+00  0.000000e+00  0.000000e+00  0.000000e+00  0.000000e+00  0.000000e+00  0.000000e+00  0.000000e+00  0.000000e+00  0.000000e+00  0.000000e+00  0.000000e+00  2.755296e-05
7.511370e+04  0.000000e+00  0.000000e+00  0.000000e+00  0.000000e+00  0.000000e+00  0.000000e+00  0.000000e+00  0.000000e+00  0.000000e+00  0.000000e+00  0.000000e+00  0.000000e+00  0.000000e+00  0.000000e+00  0.000000e+00  2.372978e-04
8.427896e+04  0.000000e+00  0.000000e+00  0.000000e+00  0.000000e+00  0.000000e+00  0.000000e+00  0.000000e+00  0.000000e+00  0.000000e+00  0.000000e+00  0.000000e+00  0.000000e+00  0.000000e+00  0.000000e+00  0.000000e+00  0.000000e+00
9.456255e+04  0.000000e+00  0.000000e+00  0.000000e+00  0.000000e+00  0.000000e+00  0.000000e+00  0.000000e+00  0.000000e+00  0.000000e+00  0.000000e+00  0.000000e+00  0.000000e+00  0.000000e+00  0.000000e+00  0.000000e+00  0.000000e+00
1.061009e+05  0.000000e+00  0.000000e+00  0.000000e+00  0.000000e+00  0.000000e+00  0.000000e+00  0.000000e+00  0.000000e+00  0.000000e+00  0.000000e+00  0.000000e+00  0.000000e+00  0.000000e+00  0.000000e+00  0.000000e+00  0.000000e+00
1.190472e+05  0.000000e+00  0.000000e+00  0.000000e+00  0.000000e+00  0.000000e+00  0.000000e+00  0.000000e+00  0.000000e+00  0.000000e+00  0.000000e+00  0.000000e+00  0.000000e+00  0.000000e+00  0.000000e+00  0.000000e+00  0.000000e+00
1.335731e+05  0.000000e+00  0.000000e+00  0.000000e+00  0.000000e+00  0.000000e+00  0.000000e+00  0.000000e+00  0.000000e+00  0.000000e+00  0.000000e+00  0.000000e+00  0.000000e+00  0.000000e+00  0.000000e+00  0.000000e+00  0.000000e+00
1.498715e+05  0.000000e+00  0.000000e+00  0.000000e+00  0.000000e+00  0.000000e+00  0.000000e+00  0.000000e+00  0.000000e+00  0.000000e+00  0.000000e+00  0.000000e+00  0.000000e+00  0.000000e+00  0.000000e+00  0.000000e+00  0.000000e+00
1.681586e+05  0.000000e+00  0.000000e+00  0.000000e+00  0.000000e+00  0.000000e+00  0.000000e+00  0.000000e+00  0.000000e+00  0.000000e+00  0.000000e+00  0.000000e+00  0.000000e+00  0.000000e+00  0.000000e+00  0.000000e+00  0.000000e+00
1.886771e+05  0.000000e+00  0.000000e+00  0.000000e+00  0.000000e+00  0.000000e+00  0.000000e+00  0.000000e+00  0.000000e+00  0.000000e+00  0.000000e+00  0.000000e+00  0.000000e+00  0.000000e+00  0.000000e+00  0.000000e+00  0.000000e+00
2.116992e+05  0.000000e+00  0.000000e+00  0.000000e+00  0.000000e+00  0.000000e+00  0.000000e+00  0.000000e+00  0.000000e+00  0.000000e+00  0.000000e+00  0.000000e+00  0.000000e+00  0.000000e+00  0.000000e+00  0.000000e+00  0.000000e+00
2.375304e+05  0.000000e+00  0.000000e+00  0.000000e+00  0.000000e+00  0.000000e+00  0.000000e+00  0.000000e+00  0.000000e+00  0.000000e+00  0.000000e+00  0.000000e+00  0.000000e+00  0.000000e+00  0.000000e+00  0.000000e+00  0.000000e+00
2.665135e+05  0.000000e+00  0.000000e+00  0.000000e+00  0.000000e+00  0.000000e+00  0.000000e+00  0.000000e+00  0.000000e+00  0.000000e+00  0.000000e+00  0.000000e+00  0.000000e+00  0.000000e+00  0.000000e+00  0.000000e+00  0.000000e+00
2.990330e+05  0.000000e+00  0.000000e+00  0.000000e+00  0.000000e+00  0.000000e+00  0.000000e+00  0.000000e+00  0.000000e+00  0.000000e+00  0.000000e+00  0.000000e+00  0.000000e+00  0.000000e+00  0.000000e+00  0.000000e+00  0.000000e+00
3.355206e+05  0.000000e+00  0.000000e+00  0.000000e+00  0.000000e+00  0.000000e+00  0.000000e+00  0.000000e+00  0.000000e+00  0.000000e+00  0.000000e+00  0.000000e+00  0.000000e+00  0.000000e+00  0.000000e+00  0.000000e+00  0.000000e+00
3.764603e+05  0.000000e+00  0.000000e+00  0.000000e+00  0.000000e+00  0.000000e+00  0.000000e+00  0.000000e+00  0.000000e+00  0.000000e+00  0.000000e+00  0.000000e+00  0.000000e+00  0.000000e+00  0.000000e+00  0.000000e+00  0.000000e+00
4.223954e+05  0.000000e+00  0.000000e+00  0.000000e+00  0.000000e+00  0.000000e+00  0.000000e+00  0.000000e+00  0.000000e+00  0.000000e+00  0.000000e+00  0.000000e+00  0.000000e+00  0.000000e+00  0.000000e+00  0.000000e+00  0.000000e+00
4.739354e+05  0.000000e+00  0.000000e+00  0.000000e+00  0.000000e+00  0.000000e+00  0.000000e+00  0.000000e+00  0.000000e+00  0.000000e+00  0.000000e+00  0.000000e+00  0.000000e+00  0.000000e+00  0.000000e+00  0.000000e+00  0.000000e+00
5.317643e+05  0.000000e+00  0.000000e+00  0.000000e+00  0.000000e+00  0.000000e+00  0.000000e+00  0.000000e+00  0.000000e+00  0.000000e+00  0.000000e+00  0.000000e+00  0.000000e+00  0.000000e+00  0.000000e+00  0.000000e+00  0.000000e+00
5.966493e+05  0.000000e+00  0.000000e+00  0.000000e+00  0.000000e+00  0.000000e+00  0.000000e+00  0.000000e+00  0.000000e+00  0.000000e+00  0.000000e+00  0.000000e+00  0.000000e+00  0.000000e+00  0.000000e+00  0.000000e+00  0.000000e+00
6.694516e+05  0.000000e+00  0.000000e+00  0.000000e+00  0.000000e+00  0.000000e+00  0.000000e+00  0.000000e+00  0.000000e+00  0.000000e+00  0.000000e+00  0.000000e+00  0.000000e+00  0.000000e+00  0.000000e+00  0.000000e+00  0.000000e+00
7.511370e+05  0.000000e+00  0.000000e+00  0.000000e+00  0.000000e+00  0.000000e+00  0.000000e+00  0.000000e+00  0.000000e+00  0.000000e+00  0.000000e+00  0.000000e+00  0.000000e+00  0.000000e+00  0.000000e+00  0.000000e+00  0.000000e+00
8.427896e+05  0.000000e+00  0.000000e+00  0.000000e+00  0.000000e+00  0.000000e+00  0.000000e+00  0.000000e+00  0.000000e+00  0.000000e+00  0.000000e+00  0.000000e+00  0.000000e+00  0.000000e+00  0.000000e+00  0.000000e+00  0.000000e+00
9.456255e+05  0.000000e+00  0.000000e+00  0.000000e+00  0.000000e+00  0.000000e+00  0.000000e+00  0.000000e+00  0.000000e+00  0.000000e+00  0.000000e+00  0.000000e+00  0.000000e+00  0.000000e+00  0.000000e+00  0.000000e+00  0.000000e+00
