# dR/dEr [1/keV/kg/Myr]
# Er [keV], S, F, Ne, Cl, Na, Si, O, P, N, C, Al, Mg, Be, B, Ar, Li
1.061009e+01  7.317500e+01  5.317191e+01  0.000000e+00  0.000000e+00  1.700525e+01  0.000000e+00  5.150144e+00  0.000000e+00  0.000000e+00  0.000000e+00  0.000000e+00  0.000000e+00  5.449024e-02  0.000000e+00  0.000000e+00  0.000000e+00
1.190472e+01  2.814287e+01  4.358947e+00  0.000000e+00  0.000000e+00  8.894754e+00  0.000000e+00  0.000000e+00  0.000000e+00  0.000000e+00  0.000000e+00  0.000000e+00  0.000000e+00  0.000000e+00  0.000000e+00  0.000000e+00  0.000000e+00
1.335731e+01  3.999816e+01  8.323430e+00  0.000000e+00  0.000000e+00  0.000000e+00  0.000000e+00  0.000000e+00  0.000000e+00  0.000000e+00  0.000000e+00  0.000000e+00  0.000000e+00  0.000000e+00  0.000000e+00  0.000000e+00  0.000000e+00
1.498715e+01  1.039695e+01  9.625201e+00  0.000000e+00  0.000000e+00  4.241337e+00  0.000000e+00  1.779697e+00  0.000000e+00  0.000000e+00  0.000000e+00  0.000000e+00  0.000000e+00  0.000000e+00  0.000000e+00  0.000000e+00  0.000000e+00
1.681586e+01  2.563066e+01  9.400575e+00  3.737554e+00  0.000000e+00  7.137257e+00  1.586157e+00  0.000000e+00  0.000000e+00  0.000000e+00  0.000000e+00  0.000000e+00  0.000000e+00  0.000000e+00  0.000000e+00  0.000000e+00  0.000000e+00
1.886771e+01  1.763905e+01  1.163357e+01  0.000000e+00  0.000000e+00  3.331099e+00  0.000000e+00  0.000000e+00  0.000000e+00  0.000000e+00  0.000000e+00  0.000000e+00  0.000000e+00  0.000000e+00  0.000000e+00  0.000000e+00  0.000000e+00
2.116992e+01  1.761412e+01  1.330069e+01  0.000000e+00  0.000000e+00  3.579098e+00  0.000000e+00  1.593948e+00  0.000000e+00  0.000000e+00  0.000000e+00  3.342301e-01  0.000000e+00  0.000000e+00  0.000000e+00  0.000000e+00  0.000000e+00
2.375304e+01  3.244170e+01  6.422433e+00  2.512464e+00  0.000000e+00  6.901699e+00  0.000000e+00  2.645986e+00  0.000000e+00  0.000000e+00  0.000000e+00  0.000000e+00  0.000000e+00  0.000000e+00  0.000000e+00  0.000000e+00  0.000000e+00
2.665135e+01  2.797627e+01  1.081785e+01  1.266118e+00  2.684192e-02  2.047494e+00  0.000000e+00  0.000000e+00  1.306572e+00  0.000000e+00  0.000000e+00  0.000000e+00  0.000000e+00  0.000000e+00  0.000000e+00  0.000000e+00  0.000000e+00
2.990330e+01  3.121327e+01  1.406427e+01  1.588364e+00  0.000000e+00  1.193456e+00  0.000000e+00  2.020390e+00  0.000000e+00  0.000000e+00  0.000000e+00  8.440447e-02  0.000000e+00  5.865601e-01  0.000000e+00  0.000000e+00  0.000000e+00
3.355206e+01  3.995332e+01  1.008808e+01  1.529595e+00  0.000000e+00  3.263971e+00  0.000000e+00  3.015055e+00  0.000000e+00  0.000000e+00  0.000000e+00  5.282686e-01  0.000000e+00  5.036362e-01  0.000000e+00  0.000000e+00  0.000000e+00
3.764603e+01  4.380596e+01  6.789120e+00  3.124427e-03  8.963427e-01  3.999581e+00  0.000000e+00  2.943357e-02  0.000000e+00  0.000000e+00  0.000000e+00  0.000000e+00  0.000000e+00  4.898670e-03  0.000000e+00  0.000000e+00  0.000000e+00
4.223954e+01  4.081478e+01  2.064761e+01  2.335861e-01  0.000000e+00  9.114473e+00  0.000000e+00  1.267287e+00  0.000000e+00  0.000000e+00  0.000000e+00  1.445337e-01  0.000000e+00  4.135218e+00  0.000000e+00  0.000000e+00  0.000000e+00
4.739354e+01  5.731049e+01  2.222508e+01  7.119903e-01  1.794861e+00  2.739398e+00  0.000000e+00  2.575103e+00  0.000000e+00  0.000000e+00  0.000000e+00  0.000000e+00  0.000000e+00  1.595554e+00  0.000000e+00  0.000000e+00  0.000000e+00
5.317643e+01  4.993182e+01  1.289066e+01  1.770711e+00  0.000000e+00  6.339585e+00  0.000000e+00  3.431451e+00  0.000000e+00  0.000000e+00  0.000000e+00  1.330594e-01  0.000000e+00  0.000000e+00  0.000000e+00  0.000000e+00  0.000000e+00
5.966493e+01  6.701144e+01  2.358660e+01  1.967968e+00  1.012594e+00  4.005148e+00  0.000000e+00  2.962412e+00  0.000000e+00  0.000000e+00  0.000000e+00  2.237515e-01  0.000000e+00  5.892456e-02  0.000000e+00  0.000000e+00  0.000000e+00
6.694516e+01  7.261483e+01  1.983993e+01  3.281060e+00  0.000000e+00  8.977664e+00  0.000000e+00  9.495171e-01  0.000000e+00  7.464286e-02  0.000000e+00  7.444932e-01  0.000000e+00  1.136947e+01  0.000000e+00  0.000000e+00  0.000000e+00
7.511370e+01  7.608069e+01  2.653648e+01  2.612347e+00  1.038341e+00  5.274939e+00  0.000000e+00  2.375217e+00  0.000000e+00  0.000000e+00  0.000000e+00  1.313551e-01  0.000000e+00  3.482873e+03  0.000000e+00  0.000000e+00  0.000000e+00
8.427896e+01  9.680128e+01  3.069693e+01  1.812421e+00  2.411268e+00  7.599062e+00  0.000000e+00  3.957390e+00  0.000000e+00  0.000000e+00  0.000000e+00  0.000000e+00  0.000000e+00  4.238844e+03  0.000000e+00  0.000000e+00  0.000000e+00
9.456255e+01  9.662537e+01  2.386575e+01  2.267145e+00  1.245680e+00  6.521352e+00  0.000000e+00  1.209313e+00  0.000000e+00  5.334911e-02  0.000000e+00  5.060051e-04  0.000000e+00  3.203484e+03  0.000000e+00  0.000000e+00  0.000000e+00
1.061009e+02  1.141403e+02  3.122174e+01  1.874986e+00  4.481128e-01  9.462462e+00  0.000000e+00  2.128045e+00  0.000000e+00  0.000000e+00  1.258247e-01  8.465016e-01  0.000000e+00  2.460844e+03  0.000000e+00  0.000000e+00  0.000000e+00
1.190472e+02  1.224889e+02  3.963050e+01  4.157770e+00  6.457713e-01  8.358322e+00  0.000000e+00  1.205353e+00  0.000000e+00  2.240506e-01  4.186593e-01  2.181297e+03  0.000000e+00  1.800700e+03  0.000000e+00  6.006563e-02  0.000000e+00
1.335731e+02  1.381110e+02  4.343953e+01  2.880436e+00  8.805833e-04  1.062652e+01  0.000000e+00  1.551041e+00  0.000000e+00  0.000000e+00  0.000000e+00  1.811867e+03  0.000000e+00  1.320860e+03  0.000000e+00  0.000000e+00  0.000000e+00
1.498715e+02  3.391812e+02  4.999827e+01  2.259116e+00  6.868678e-01  6.408765e+00  0.000000e+00  2.501530e+00  0.000000e+00  3.633328e-01  2.342739e-01  1.355963e+03  0.000000e+00  9.886464e+02  0.000000e+00  0.000000e+00  0.000000e+00
1.681586e+02  4.884958e+02  5.035212e+01  2.865469e+00  7.137257e-01  5.339202e+00  2.845476e-04  3.328155e+00  0.000000e+00  1.713336e-01  0.000000e+00  1.000846e+03  0.000000e+00  7.234535e+02  0.000000e+00  0.000000e+00  0.000000e+00
1.886771e+02  2.835392e+02  5.991269e+01  2.096512e+00  7.217916e-01  1.157264e+01  3.202102e-01  3.069931e+00  2.227375e-01  2.227375e-01  0.000000e+00  7.517228e+02  0.000000e+00  5.356756e+02  0.000000e+00  0.000000e+00  0.000000e+00
2.116992e+02  1.232300e+02  7.414453e+01  2.724145e+00  1.676025e+00  4.742279e+00  1.985150e-01  2.759493e+00  0.000000e+00  0.000000e+00  2.260242e-04  5.887271e+02  0.000000e+00  3.551483e+02  0.000000e+00  5.556105e-04  0.000000e+00
2.375304e+02  8.904998e+01  3.850801e+02  4.260127e+00  1.494486e+00  7.073711e+00  8.767188e-02  2.916732e+00  3.588982e-01  0.000000e+00  1.122913e-01  4.381328e+02  0.000000e+00  2.583683e+02  0.000000e+00  2.977400e-01  0.000000e+00
2.665135e+02  7.317052e+01  3.207259e+02  4.387322e+00  9.895985e-01  1.009207e+01  1.925646e-01  2.271567e+00  0.000000e+00  1.576861e-01  1.070195e-01  3.226378e+02  0.000000e+00  1.841802e+02  0.000000e+00  0.000000e+00  0.000000e+00
2.990330e+02  4.434547e+01  4.834205e+01  2.405797e+00  8.767609e-01  7.923801e+00  8.047105e-03  4.256569e+00  2.508781e-04  6.167061e-04  1.687047e-02  2.438189e+02  0.000000e+00  1.381514e+02  0.000000e+00  0.000000e+00  0.000000e+00
3.355206e+02  3.876199e+01  4.285116e+01  2.809858e+00  1.151115e+00  8.379255e+00  1.252545e-01  3.127448e+00  1.241339e-01  1.005713e-01  1.506781e-01  1.810753e+02  1.047843e-02  9.363120e+01  0.000000e+00  0.000000e+00  1.356557e-03
3.764603e+02  2.589820e+01  3.185172e+01  3.481591e+00  9.145882e-01  9.443688e+00  3.550195e-02  2.235669e+00  0.000000e+00  1.363253e-01  0.000000e+00  1.203919e+02  0.000000e+00  6.870175e+01  0.000000e+00  0.000000e+00  0.000000e+00
4.223954e+02  1.669833e+01  2.635922e+01  2.242958e+00  1.057757e+00  7.970477e+00  8.006423e-02  3.234121e+00  2.316697e-01  9.967080e-02  1.182727e-01  9.235125e+01  0.000000e+00  3.790241e+01  0.000000e+00  2.784649e-04  0.000000e+00
4.739354e+02  1.302075e+01  2.132023e+01  3.167507e+00  1.900574e+00  6.722323e+00  9.936767e-02  2.936887e+00  1.995383e-01  7.347397e-02  0.000000e+00  5.648785e+01  0.000000e+00  2.535065e+01  7.347397e-02  0.000000e+00  0.000000e+00
5.317643e+02  1.000346e+01  1.386298e+01  3.275520e+00  8.935583e-01  7.234603e+00  2.253396e-01  2.674456e+00  2.564459e-01  2.471318e-01  9.368148e-02  4.660518e+01  0.000000e+00  1.995617e+01  8.998185e-05  1.329956e-01  0.000000e+00
5.966493e+02  8.919087e+00  1.193783e+01  3.343373e+00  1.496826e+00  7.071863e+00  1.947646e-01  2.574908e+00  2.556545e-01  1.420706e-01  2.939764e-02  3.408192e+01  0.000000e+00  1.323310e+01  0.000000e+00  3.090852e-04  0.000000e+00
6.694516e+02  6.783955e+00  1.001877e+01  4.112286e+00  2.239217e+00  6.755876e+00  2.066216e-01  3.312114e+00  1.994245e-01  1.705445e-01  4.730674e-02  2.371794e+01  0.000000e+00  7.285599e+00  0.000000e+00  0.000000e+00  0.000000e+00
7.511370e+02  5.515236e+00  7.790969e+00  2.859804e+00  1.815088e+00  4.528439e+00  5.986408e-02  2.464693e+00  2.435199e-01  1.580185e-01  3.240483e-02  1.502144e+01  0.000000e+00  5.103017e+00  0.000000e+00  0.000000e+00  0.000000e+00
8.427896e+02  3.421019e+00  6.401848e+00  2.422760e+00  2.064683e+00  4.968303e+00  1.462602e-01  2.806738e+00  1.009324e-01  4.311219e-02  6.332555e-02  8.063148e+00  0.000000e+00  2.498405e+00  0.000000e+00  6.577755e-02  0.000000e+00
9.456255e+02  3.314652e+00  5.360420e+00  3.231380e+00  1.328764e+00  4.159198e+00  1.728467e-01  2.878803e+00  2.959967e-01  0.000000e+00  1.318768e-01  6.534811e+00  7.565082e-04  1.994064e+00  0.000000e+00  0.000000e+00  0.000000e+00
1.061009e+03  3.041104e+00  3.760555e+00  3.020849e+00  2.069229e+00  3.311894e+00  2.286820e-01  2.705965e+00  2.196473e-01  2.897346e-01  2.738178e-02  4.746117e+00  0.000000e+00  6.987819e-01  5.383885e-03  3.313571e-03  0.000000e+00
1.190472e+03  2.021197e+00  3.255409e+00  2.772730e+00  2.094335e+00  2.533301e+00  2.103054e-01  1.627549e+00  2.602877e-01  1.163503e-01  6.448246e-02  2.881815e+00  0.000000e+00  8.528086e-01  0.000000e+00  0.000000e+00  0.000000e+00
1.335731e+03  1.999331e+00  2.828505e+00  2.259202e+00  1.612165e+00  2.073745e+00  9.763890e-02  2.154025e+00  1.063237e-01  1.957044e-01  3.336774e-02  1.439028e+00  0.000000e+00  2.626782e-01  4.150283e-02  0.000000e+00  0.000000e+00
1.498715e+03  1.265591e+00  2.107596e+00  1.861112e+00  1.709407e+00  1.419398e+00  2.942964e-01  1.860184e+00  3.358097e-01  2.755313e-01  5.389040e-02  8.949149e-01  7.393379e-04  4.538631e-01  0.000000e+00  0.000000e+00  1.728657e-03
1.681586e+03  5.180223e-01  1.959325e+00  1.429921e+00  1.491564e+00  1.663290e+00  1.634040e-01  1.434020e+00  2.135999e-01  1.921401e-01  1.097477e-01  8.243524e-01  0.000000e+00  2.792637e-01  2.582775e-02  0.000000e+00  2.706686e-04
1.886771e+03  6.949126e-01  1.197570e+00  1.452165e+00  1.941262e+00  1.325623e+00  1.728428e-01  1.276610e+00  2.185688e-01  1.552595e-01  1.088005e-01  4.257077e-01  2.718074e-02  2.720048e-02  1.823535e-02  1.532106e-04  0.000000e+00
2.116992e+03  5.596649e-01  1.242151e+00  9.554096e-01  1.171910e+00  5.421543e-01  1.543359e-01  9.438904e-01  1.947053e-01  4.759390e-02  8.630225e-02  1.932479e-01  1.317925e-02  7.558538e-02  5.556105e-05  0.000000e+00  5.556105e-05
2.375304e+03  2.155218e-01  7.378931e-01  8.443015e-01  1.658701e+00  5.341728e-01  2.495541e-01  8.531302e-01  1.844147e-01  1.172509e-01  2.847248e-02  2.534882e-01  3.158368e-05  0.000000e+00  2.978829e-03  0.000000e+00  5.640527e-03
2.665135e+03  2.380251e-01  5.196013e-01  6.754685e-01  1.368365e+00  2.603383e-01  1.722992e-01  5.341646e-01  3.118313e-01  6.901969e-02  1.374043e-01  1.251698e-01  3.967917e-02  2.502606e-02  6.581312e-03  0.000000e+00  1.911658e-02
2.990330e+03  4.756279e-02  3.684993e-01  4.249818e-01  1.044049e+00  2.258824e-01  2.130101e-01  3.781634e-01  2.007261e-01  5.035116e-02  4.174991e-02  1.000253e-01  5.736355e-03  0.000000e+00  5.927271e-03  0.000000e+00  2.626692e-02
3.355206e+03  4.822125e-02  4.264427e-01  3.851648e-01  1.071778e+00  7.309991e-02  2.175161e-01  2.471159e-01  1.300736e-01  4.900813e-02  5.381410e-02  1.922344e-02  2.159943e-02  1.846794e-02  7.522556e-04  0.000000e+00  4.931782e-05
3.764603e+03  1.819138e-02  1.610133e-01  2.733165e-01  6.628088e-01  6.168706e-02  1.613299e-01  1.446587e-01  9.737558e-02  2.773580e-02  5.459762e-02  3.885747e-02  2.162118e-03  1.271027e-05  1.611939e-02  0.000000e+00  1.230066e-02
4.223954e+03  1.495647e-03  1.267973e-01  9.712331e-02  5.347880e-01  2.302584e-02  8.517505e-02  1.316442e-01  1.102908e-01  4.281480e-02  3.478581e-02  3.239591e-02  4.985953e-03  0.000000e+00  1.663490e-02  0.000000e+00  6.806048e-03
4.739354e+03  2.081839e-03  8.080304e-02  1.393298e-01  4.849902e-01  2.812017e-02  9.716415e-02  2.923868e-02  7.558850e-02  1.778329e-02  2.132636e-02  2.256972e-02  9.493559e-03  6.099423e-05  3.741722e-04  0.000000e+00  1.833661e-03
5.317643e+03  1.440259e-02  7.083781e-02  8.161057e-02  3.011539e-01  2.060850e-03  6.762704e-02  9.456082e-03  1.349403e-01  4.735544e-02  2.738740e-02  7.338838e-03  1.447116e-02  0.000000e+00  9.748517e-03  0.000000e+00  1.758176e-02
5.966493e+03  3.802418e-03  3.093750e-02  3.557965e-02  1.672505e-01  1.176722e-02  8.878206e-02  8.165327e-03  4.819370e-02  1.838746e-02  3.975135e-02  4.033106e-04  1.375628e-03  0.000000e+00  2.285964e-03  0.000000e+00  4.908304e-03
6.694516e+03  1.120631e-05  2.083470e-02  2.873803e-02  1.189005e-01  1.627211e-03  1.226519e-01  1.953397e-03  2.816761e-02  1.999086e-02  3.323020e-02  1.472328e-02  2.385953e-02  0.000000e+00  1.553024e-03  0.000000e+00  6.798888e-05
7.511370e+03  6.155717e-04  1.602128e-02  3.062939e-02  7.549024e-02  7.700724e-03  5.796052e-02  7.698934e-03  2.035216e-02  5.757561e-03  1.897331e-02  5.070287e-04  4.337476e-03  0.000000e+00  1.784390e-04  0.000000e+00  1.698180e-02
8.427896e+03  1.584039e-03  1.076155e-02  1.558478e-02  1.420379e-02  1.869561e-03  7.309203e-02  1.564573e-02  5.271916e-02  6.800353e-03  5.082984e-03  1.182744e-02  1.002075e-02  0.000000e+00  1.067632e-04  0.000000e+00  2.436256e-03
9.456255e+03  0.000000e+00  3.216981e-03  1.571753e-02  3.956285e-02  2.424625e-03  4.892204e-02  1.243857e-05  1.708180e-02  1.002241e-02  5.664917e-03  2.101594e-02  1.229100e-02  0.000000e+00  5.357271e-03  0.000000e+00  2.669104e-04
1.061009e+04  0.000000e+00  1.233240e-02  6.517403e-03  2.341791e-02  6.779626e-04  3.221740e-02  2.970466e-03  1.317312e-02  2.552652e-04  8.150119e-03  7.448753e-03  8.773476e-03  0.000000e+00  7.070705e-06  0.000000e+00  4.688248e-03
1.190472e+04  0.000000e+00  4.046432e-05  3.823296e-05  1.175743e-02  0.000000e+00  9.699411e-03  4.019342e-06  5.626844e-04  1.260354e-05  8.056447e-03  2.301995e-02  5.017044e-03  0.000000e+00  8.394953e-04  0.000000e+00  1.522817e-03
1.335731e+04  0.000000e+00  1.906863e-03  7.810654e-03  1.512951e-02  0.000000e+00  1.198491e-02  1.380633e-05  2.151917e-03  1.837345e-04  5.965502e-03  2.849724e-03  8.236389e-04  0.000000e+00  0.000000e+00  0.000000e+00  1.736091e-03
1.498715e+04  0.000000e+00  2.888809e-03  7.393379e-05  7.541898e-04  0.000000e+00  5.405763e-03  0.000000e+00  8.894875e-03  2.345829e-04  9.100587e-04  1.569641e-05  8.094156e-03  0.000000e+00  1.285388e-05  0.000000e+00  4.459098e-03
1.681586e+04  0.000000e+00  1.743287e-04  4.461313e-06  4.559228e-04  0.000000e+00  1.008041e-02  2.845476e-06  6.464739e-04  0.000000e+00  6.589356e-05  4.254158e-05  3.803362e-05  0.000000e+00  2.274398e-03  0.000000e+00  3.255401e-03
1.886771e+04  0.000000e+00  4.089099e-04  0.000000e+00  1.857893e-03  0.000000e+00  6.569163e-03  0.000000e+00  4.825649e-03  0.000000e+00  0.000000e+00  1.430450e-03  1.908286e-03  0.000000e+00  3.661748e-03  0.000000e+00  2.189493e-03
2.116992e+04  0.000000e+00  2.260242e-06  0.000000e+00  1.108278e-03  0.000000e+00  1.097145e-05  0.000000e+00  6.306173e-04  0.000000e+00  0.000000e+00  0.000000e+00  1.644877e-03  0.000000e+00  5.952119e-03  0.000000e+00  6.306173e-04
2.375304e+04  0.000000e+00  0.000000e+00  0.000000e+00  2.014443e-06  0.000000e+00  6.711092e-04  1.916187e-05  1.013070e-04  0.000000e+00  1.480118e-04  7.384354e-04  6.316735e-06  0.000000e+00  0.000000e+00  0.000000e+00  2.314863e-03
2.665135e+04  0.000000e+00  1.707804e-05  0.000000e+00  1.625516e-03  0.000000e+00  0.000000e+00  0.000000e+00  0.000000e+00  0.000000e+00  1.084648e-05  0.000000e+00  0.000000e+00  0.000000e+00  0.000000e+00  0.000000e+00  1.707804e-05
2.990330e+04  0.000000e+00  0.000000e+00  0.000000e+00  1.671046e-04  0.000000e+00  0.000000e+00  0.000000e+00  0.000000e+00  0.000000e+00  0.000000e+00  0.000000e+00  2.475756e-04  0.000000e+00  6.670311e-04  0.000000e+00  3.340581e-04
3.355206e+04  0.000000e+00  0.000000e+00  0.000000e+00  0.000000e+00  0.000000e+00  0.000000e+00  0.000000e+00  0.000000e+00  0.000000e+00  0.000000e+00  0.000000e+00  3.505665e-06  0.000000e+00  2.107838e-03  0.000000e+00  1.723133e-05
3.764603e+04  0.000000e+00  0.000000e+00  0.000000e+00  2.943357e-05  0.000000e+00  0.000000e+00  0.000000e+00  0.000000e+00  0.000000e+00  0.000000e+00  0.000000e+00  1.327359e-04  0.000000e+00  2.943357e-05  0.000000e+00  1.271027e-06
4.223954e+04  0.000000e+00  0.000000e+00  0.000000e+00  1.693611e-05  0.000000e+00  0.000000e+00  0.000000e+00  1.347454e-03  0.000000e+00  0.000000e+00  0.000000e+00  1.463097e-04  0.000000e+00  0.000000e+00  0.000000e+00  0.000000e+00
4.739354e+04  0.000000e+00  0.000000e+00  0.000000e+00  0.000000e+00  0.000000e+00  0.000000e+00  0.000000e+00  1.009613e-06  0.000000e+00  0.000000e+00  0.000000e+00  1.610394e-05  0.000000e+00  1.054358e-04  0.000000e+00  0.000000e+00
5.317643e+04  0.000000e+00  0.000000e+00  0.000000e+00  0.000000e+00  0.000000e+00  0.000000e+00  0.000000e+00  0.000000e+00  0.000000e+00  0.000000e+00  0.000000e+00  0.000000e+00  0.000000e+00  0.000000e+00  0.000000e+00  0.000000e+00
5.966493e+04  0.000000e+00  0.000000e+00  0.000000e+00  0.000000e+00  0.000000e+00  0.000000e+00  0.000000e+00  0.000000e+00  0.000000e+00  0.000000e+00  0.000000e+00  0.000000e+00  0.000000e+00  0.000000e+00  0.000000e+00  0.000000e+00
6.694516e+04  0.000000e+00  0.000000e+00  0.000000e+00  0.000000e+00  0.000000e+00  0.000000e+00  0.000000e+00  0.000000e+00  0.000000e+00  0.000000e+00  0.000000e+00  0.000000e+00  0.000000e+00  0.000000e+00  0.000000e+00  3.665985e-05
7.511370e+04  0.000000e+00  0.000000e+00  0.000000e+00  0.000000e+00  0.000000e+00  0.000000e+00  0.000000e+00  0.000000e+00  0.000000e+00  0.000000e+00  0.000000e+00  0.000000e+00  0.000000e+00  0.000000e+00  0.000000e+00  5.757561e-04
8.427896e+04  0.000000e+00  0.000000e+00  0.000000e+00  0.000000e+00  0.000000e+00  0.000000e+00  0.000000e+00  0.000000e+00  0.000000e+00  0.000000e+00  0.000000e+00  0.000000e+00  0.000000e+00  0.000000e+00  0.000000e+00  0.000000e+00
9.456255e+04  0.000000e+00  0.000000e+00  0.000000e+00  0.000000e+00  0.000000e+00  0.000000e+00  0.000000e+00  0.000000e+00  0.000000e+00  0.000000e+00  0.000000e+00  0.000000e+00  0.000000e+00  0.000000e+00  0.000000e+00  0.000000e+00
1.061009e+05  0.000000e+00  0.000000e+00  0.000000e+00  0.000000e+00  0.000000e+00  0.000000e+00  0.000000e+00  0.000000e+00  0.000000e+00  0.000000e+00  0.000000e+00  0.000000e+00  0.000000e+00  0.000000e+00  0.000000e+00  0.000000e+00
1.190472e+05  0.000000e+00  0.000000e+00  0.000000e+00  0.000000e+00  0.000000e+00  0.000000e+00  0.000000e+00  0.000000e+00  0.000000e+00  0.000000e+00  0.000000e+00  0.000000e+00  0.000000e+00  0.000000e+00  0.000000e+00  0.000000e+00
1.335731e+05  0.000000e+00  0.000000e+00  0.000000e+00  0.000000e+00  0.000000e+00  0.000000e+00  0.000000e+00  0.000000e+00  0.000000e+00  0.000000e+00  0.000000e+00  0.000000e+00  0.000000e+00  0.000000e+00  0.000000e+00  0.000000e+00
1.498715e+05  0.000000e+00  0.000000e+00  0.000000e+00  0.000000e+00  0.000000e+00  0.000000e+00  0.000000e+00  0.000000e+00  0.000000e+00  0.000000e+00  0.000000e+00  0.000000e+00  0.000000e+00  0.000000e+00  0.000000e+00  0.000000e+00
1.681586e+05  0.000000e+00  0.000000e+00  0.000000e+00  0.000000e+00  0.000000e+00  0.000000e+00  0.000000e+00  0.000000e+00  0.000000e+00  0.000000e+00  0.000000e+00  0.000000e+00  0.000000e+00  0.000000e+00  0.000000e+00  0.000000e+00
1.886771e+05  0.000000e+00  0.000000e+00  0.000000e+00  0.000000e+00  0.000000e+00  0.000000e+00  0.000000e+00  0.000000e+00  0.000000e+00  0.000000e+00  0.000000e+00  0.000000e+00  0.000000e+00  0.000000e+00  0.000000e+00  0.000000e+00
2.116992e+05  0.000000e+00  0.000000e+00  0.000000e+00  0.000000e+00  0.000000e+00  0.000000e+00  0.000000e+00  0.000000e+00  0.000000e+00  0.000000e+00  0.000000e+00  0.000000e+00  0.000000e+00  0.000000e+00  0.000000e+00  0.000000e+00
2.375304e+05  0.000000e+00  0.000000e+00  0.000000e+00  0.000000e+00  0.000000e+00  0.000000e+00  0.000000e+00  0.000000e+00  0.000000e+00  0.000000e+00  0.000000e+00  0.000000e+00  0.000000e+00  0.000000e+00  0.000000e+00  0.000000e+00
2.665135e+05  0.000000e+00  0.000000e+00  0.000000e+00  0.000000e+00  0.000000e+00  0.000000e+00  0.000000e+00  0.000000e+00  0.000000e+00  0.000000e+00  0.000000e+00  0.000000e+00  0.000000e+00  0.000000e+00  0.000000e+00  0.000000e+00
2.990330e+05  0.000000e+00  0.000000e+00  0.000000e+00  0.000000e+00  0.000000e+00  0.000000e+00  0.000000e+00  0.000000e+00  0.000000e+00  0.000000e+00  0.000000e+00  0.000000e+00  0.000000e+00  0.000000e+00  0.000000e+00  0.000000e+00
3.355206e+05  0.000000e+00  0.000000e+00  0.000000e+00  0.000000e+00  0.000000e+00  0.000000e+00  0.000000e+00  0.000000e+00  0.000000e+00  0.000000e+00  0.000000e+00  0.000000e+00  0.000000e+00  0.000000e+00  0.000000e+00  0.000000e+00
3.764603e+05  0.000000e+00  0.000000e+00  0.000000e+00  0.000000e+00  0.000000e+00  0.000000e+00  0.000000e+00  0.000000e+00  0.000000e+00  0.000000e+00  0.000000e+00  0.000000e+00  0.000000e+00  0.000000e+00  0.000000e+00  0.000000e+00
4.223954e+05  0.000000e+00  0.000000e+00  0.000000e+00  0.000000e+00  0.000000e+00  0.000000e+00  0.000000e+00  0.000000e+00  0.000000e+00  0.000000e+00  0.000000e+00  0.000000e+00  0.000000e+00  0.000000e+00  0.000000e+00  0.000000e+00
4.739354e+05  0.000000e+00  0.000000e+00  0.000000e+00  0.000000e+00  0.000000e+00  0.000000e+00  0.000000e+00  0.000000e+00  0.000000e+00  0.000000e+00  0.000000e+00  0.000000e+00  0.000000e+00  0.000000e+00  0.000000e+00  0.000000e+00
5.317643e+05  0.000000e+00  0.000000e+00  0.000000e+00  0.000000e+00  0.000000e+00  0.000000e+00  0.000000e+00  0.000000e+00  0.000000e+00  0.000000e+00  0.000000e+00  0.000000e+00  0.000000e+00  0.000000e+00  0.000000e+00  0.000000e+00
5.966493e+05  0.000000e+00  0.000000e+00  0.000000e+00  0.000000e+00  0.000000e+00  0.000000e+00  0.000000e+00  0.000000e+00  0.000000e+00  0.000000e+00  0.000000e+00  0.000000e+00  0.000000e+00  0.000000e+00  0.000000e+00  0.000000e+00
6.694516e+05  0.000000e+00  0.000000e+00  0.000000e+00  0.000000e+00  0.000000e+00  0.000000e+00  0.000000e+00  0.000000e+00  0.000000e+00  0.000000e+00  0.000000e+00  0.000000e+00  0.000000e+00  0.000000e+00  0.000000e+00  0.000000e+00
7.511370e+05  0.000000e+00  0.000000e+00  0.000000e+00  0.000000e+00  0.000000e+00  0.000000e+00  0.000000e+00  0.000000e+00  0.000000e+00  0.000000e+00  0.000000e+00  0.000000e+00  0.000000e+00  0.000000e+00  0.000000e+00  0.000000e+00
8.427896e+05  0.000000e+00  0.000000e+00  0.000000e+00  0.000000e+00  0.000000e+00  0.000000e+00  0.000000e+00  0.000000e+00  0.000000e+00  0.000000e+00  0.000000e+00  0.000000e+00  0.000000e+00  0.000000e+00  0.000000e+00  0.000000e+00
9.456255e+05  0.000000e+00  0.000000e+00  0.000000e+00  0.000000e+00  0.000000e+00  0.000000e+00  0.000000e+00  0.000000e+00  0.000000e+00  0.000000e+00  0.000000e+00  0.000000e+00  0.000000e+00  0.000000e+00  0.000000e+00  0.000000e+00
