# dR/dEr [1/keV/kg/Myr]
# Er [keV], S, F, Ne, Cl, Na, Si, O, P, N, C, Al, Mg, Be, B, Ar, Li
1.061009e+01  3.911207e+02  2.799762e+02  0.000000e+00  0.000000e+00  8.419324e+01  0.000000e+00  2.870839e+01  0.000000e+00  0.000000e+00  0.000000e+00  0.000000e+00  0.000000e+00  1.219790e-01  0.000000e+00  0.000000e+00  0.000000e+00
1.190472e+01  1.515733e+02  2.095908e+01  0.000000e+00  0.000000e+00  4.742639e+01  0.000000e+00  0.000000e+00  0.000000e+00  0.000000e+00  0.000000e+00  0.000000e+00  0.000000e+00  0.000000e+00  0.000000e+00  0.000000e+00  0.000000e+00
1.335731e+01  2.080816e+02  4.454585e+01  0.000000e+00  0.000000e+00  0.000000e+00  0.000000e+00  0.000000e+00  0.000000e+00  0.000000e+00  0.000000e+00  0.000000e+00  0.000000e+00  0.000000e+00  0.000000e+00  0.000000e+00  0.000000e+00
1.498715e+01  5.617647e+01  4.911183e+01  0.000000e+00  0.000000e+00  2.292831e+01  0.000000e+00  1.001529e+01  0.000000e+00  0.000000e+00  0.000000e+00  0.000000e+00  0.000000e+00  0.000000e+00  0.000000e+00  0.000000e+00  0.000000e+00
1.681586e+01  1.375649e+02  4.425674e+01  2.033061e+01  0.000000e+00  3.759335e+01  8.926132e+00  0.000000e+00  0.000000e+00  0.000000e+00  0.000000e+00  0.000000e+00  0.000000e+00  0.000000e+00  0.000000e+00  0.000000e+00  0.000000e+00
1.886771e+01  9.543408e+01  5.933602e+01  0.000000e+00  0.000000e+00  1.811967e+01  0.000000e+00  0.000000e+00  0.000000e+00  0.000000e+00  0.000000e+00  0.000000e+00  0.000000e+00  0.000000e+00  0.000000e+00  0.000000e+00  0.000000e+00
2.116992e+01  9.351358e+01  6.709975e+01  0.000000e+00  0.000000e+00  1.919828e+01  0.000000e+00  8.715338e+00  0.000000e+00  0.000000e+00  0.000000e+00  7.085900e-01  0.000000e+00  0.000000e+00  0.000000e+00  0.000000e+00  0.000000e+00
2.375304e+01  1.714628e+02  3.425457e+01  1.133593e+01  0.000000e+00  3.396683e+01  0.000000e+00  1.439297e+01  0.000000e+00  0.000000e+00  0.000000e+00  0.000000e+00  0.000000e+00  0.000000e+00  0.000000e+00  0.000000e+00  0.000000e+00
2.665135e+01  1.489181e+02  5.023102e+01  6.922839e+00  6.579006e-02  1.142369e+01  0.000000e+00  0.000000e+00  3.759220e+00  0.000000e+00  0.000000e+00  0.000000e+00  0.000000e+00  0.000000e+00  0.000000e+00  0.000000e+00  0.000000e+00
2.990330e+01  1.625454e+02  7.252959e+01  9.030922e+00  0.000000e+00  5.242184e+00  0.000000e+00  1.118952e+01  0.000000e+00  0.000000e+00  0.000000e+00  2.248917e-01  0.000000e+00  1.722049e+00  0.000000e+00  0.000000e+00  0.000000e+00
3.355206e+01  2.146703e+02  5.229617e+01  7.753356e+00  0.000000e+00  1.761230e+01  0.000000e+00  1.286772e+01  0.000000e+00  0.000000e+00  0.000000e+00  1.546409e+00  0.000000e+00  1.281294e+00  0.000000e+00  0.000000e+00  0.000000e+00
3.764603e+01  2.298321e+02  3.339017e+01  6.250086e-03  4.900995e+00  1.853898e+01  0.000000e+00  8.267671e-02  0.000000e+00  0.000000e+00  0.000000e+00  0.000000e+00  0.000000e+00  1.036687e-02  0.000000e+00  0.000000e+00  0.000000e+00
4.223954e+01  2.174319e+02  1.100443e+02  6.531563e-01  0.000000e+00  4.691561e+01  0.000000e+00  7.116354e+00  0.000000e+00  0.000000e+00  0.000000e+00  2.918660e-01  0.000000e+00  1.566930e+01  0.000000e+00  0.000000e+00  0.000000e+00
4.739354e+01  3.059980e+02  1.175064e+02  3.892999e+00  9.381955e+00  1.494677e+01  0.000000e+00  1.418389e+01  0.000000e+00  0.000000e+00  0.000000e+00  0.000000e+00  0.000000e+00  6.379401e+00  0.000000e+00  0.000000e+00  0.000000e+00
5.317643e+01  2.672233e+02  6.924162e+01  9.761968e+00  0.000000e+00  3.323303e+01  0.000000e+00  1.895702e+01  0.000000e+00  0.000000e+00  0.000000e+00  2.820948e-01  0.000000e+00  0.000000e+00  0.000000e+00  0.000000e+00  0.000000e+00
5.966493e+01  3.563006e+02  1.260735e+02  1.083272e+01  5.608045e+00  2.006811e+01  0.000000e+00  1.433325e+01  0.000000e+00  0.000000e+00  0.000000e+00  6.866696e-01  0.000000e+00  1.290627e-01  0.000000e+00  0.000000e+00  0.000000e+00
6.694516e+01  3.862197e+02  1.052314e+02  1.791620e+01  0.000000e+00  4.767166e+01  0.000000e+00  5.133010e+00  0.000000e+00  1.376625e-01  0.000000e+00  2.563253e+00  0.000000e+00  4.551647e+01  0.000000e+00  0.000000e+00  0.000000e+00
7.511370e+01  4.028992e+02  1.386584e+02  1.308863e+01  5.461609e+00  2.664192e+01  0.000000e+00  1.233740e+01  0.000000e+00  0.000000e+00  0.000000e+00  3.672968e-01  0.000000e+00  1.453967e+04  0.000000e+00  0.000000e+00  0.000000e+00
8.427896e+01  5.113571e+02  1.625033e+02  9.680584e+00  1.251890e+01  3.962589e+01  0.000000e+00  2.013908e+01  0.000000e+00  0.000000e+00  0.000000e+00  0.000000e+00  0.000000e+00  1.769995e+04  0.000000e+00  0.000000e+00  0.000000e+00
9.456255e+01  5.153164e+02  1.278486e+02  1.119884e+01  6.644797e+00  3.426639e+01  0.000000e+00  6.370472e+00  0.000000e+00  9.836196e-02  0.000000e+00  9.044041e-04  0.000000e+00  1.330953e+04  0.000000e+00  0.000000e+00  0.000000e+00
1.061009e+02  6.087787e+02  1.651340e+02  1.002441e+01  2.546066e+00  4.905468e+01  0.000000e+00  1.180063e+01  0.000000e+00  0.000000e+00  3.861427e-01  3.551047e+00  0.000000e+00  1.029384e+04  0.000000e+00  0.000000e+00  0.000000e+00
1.190472e+02  6.517073e+02  2.099897e+02  2.157696e+01  3.440135e+00  4.252408e+01  0.000000e+00  6.145951e+00  0.000000e+00  1.260850e+00  1.441423e+00  9.164802e+03  0.000000e+00  7.500938e+03  0.000000e+00  1.271987e-01  0.000000e+00
1.335731e+02  7.362923e+02  2.321854e+02  1.505376e+01  1.761513e-03  5.562970e+01  0.000000e+00  7.872679e+00  0.000000e+00  0.000000e+00  0.000000e+00  7.564723e+03  0.000000e+00  5.493926e+03  0.000000e+00  0.000000e+00  0.000000e+00
1.498715e+02  1.814340e+03  2.664605e+02  1.220235e+01  3.577404e+00  3.387041e+01  0.000000e+00  1.214215e+01  0.000000e+00  2.023824e+00  6.728121e-01  5.677676e+03  0.000000e+00  4.108244e+03  0.000000e+00  0.000000e+00  0.000000e+00
1.681586e+02  2.619085e+03  2.669795e+02  1.482195e+01  3.759335e+00  2.825070e+01  5.085838e-04  1.665652e+01  0.000000e+00  4.827161e-01  0.000000e+00  4.165363e+03  0.000000e+00  2.989109e+03  0.000000e+00  0.000000e+00  0.000000e+00
1.886771e+02  1.515726e+03  3.197854e+02  1.075941e+01  3.927502e+00  6.014481e+01  1.773419e+00  1.502268e+01  1.176205e+00  1.176205e+00  0.000000e+00  3.158334e+03  0.000000e+00  2.232546e+03  0.000000e+00  0.000000e+00  0.000000e+00
2.116992e+02  6.588887e+02  3.943881e+02  1.422530e+01  8.538630e+00  2.461617e+01  1.048294e+00  1.461699e+01  0.000000e+00  0.000000e+00  4.039825e-04  2.446192e+03  0.000000e+00  1.468069e+03  0.000000e+00  1.111440e-03  0.000000e+00
2.375304e+02  4.745921e+02  2.066210e+03  2.262266e+01  8.081077e+00  3.723111e+01  5.050039e-01  1.496915e+01  1.873589e+00  0.000000e+00  6.319218e-01  1.822876e+03  0.000000e+00  1.063798e+03  0.000000e+00  1.371675e+00  0.000000e+00
2.665135e+02  3.898300e+02  1.717452e+03  2.326127e+01  4.781297e+00  5.201908e+01  9.760897e-01  1.164717e+01  0.000000e+00  8.326895e-01  3.021452e-01  1.345695e+03  0.000000e+00  7.700775e+02  0.000000e+00  0.000000e+00  0.000000e+00
2.990330e+02  2.345787e+02  2.581581e+02  1.290361e+01  4.651168e+00  4.134322e+01  2.170233e-02  2.166484e+01  4.743777e-04  1.305112e-03  3.110478e-02  1.015659e+03  0.000000e+00  5.799496e+02  0.000000e+00  0.000000e+00  0.000000e+00
3.355206e+02  2.037845e+02  2.265934e+02  1.514375e+01  5.937148e+00  4.375626e+01  6.614288e-01  1.581129e+01  7.150308e-01  5.499007e-01  5.166621e-01  7.535189e+02  2.295095e-02  3.830282e+02  0.000000e+00  0.000000e+00  3.178259e-03
3.764603e+02  1.363327e+02  1.689918e+02  1.813840e+01  4.024830e+00  4.970590e+01  7.363153e-02  1.146375e+01  0.000000e+00  6.910186e-01  0.000000e+00  5.054501e+02  0.000000e+00  2.824451e+02  0.000000e+00  0.000000e+00  0.000000e+00
4.223954e+02  8.810749e+01  1.385417e+02  1.190860e+01  5.536941e+00  4.147841e+01  4.371375e-01  1.704186e+01  1.150302e+00  5.257274e-01  4.068053e-01  3.875982e+02  0.000000e+00  1.594090e+02  0.000000e+00  5.570395e-04  0.000000e+00
4.739354e+02  6.762122e+01  1.113836e+02  1.683309e+01  1.021819e+01  3.490154e+01  4.757465e-01  1.487242e+01  8.241241e-01  2.113965e-01  0.000000e+00  2.340924e+02  0.000000e+00  1.063645e+02  2.113965e-01  0.000000e+00  0.000000e+00
5.317643e+02  5.136798e+01  7.270607e+01  1.703058e+01  4.721457e+00  3.827689e+01  1.223361e+00  1.429349e+01  1.237723e+00  1.178282e+00  4.488401e-01  1.915996e+02  0.000000e+00  8.461361e+01  1.608283e-04  6.127049e-01  0.000000e+00
5.966493e+02  4.599453e+01  6.141138e+01  1.727885e+01  7.420958e+00  3.757663e+01  8.735024e-01  1.324033e+01  1.296350e+00  7.468362e-01  8.630688e-02  1.431120e+02  0.000000e+00  5.554475e+01  0.000000e+00  6.541054e-04  0.000000e+00
6.694516e+02  3.463712e+01  5.124643e+01  2.147397e+01  1.157768e+01  3.558534e+01  9.871813e-01  1.742080e+01  1.010519e+00  8.992701e-01  2.379805e-01  9.881086e+01  0.000000e+00  2.864057e+01  0.000000e+00  0.000000e+00  0.000000e+00
7.511370e+02  2.778884e+01  3.969704e+01  1.523075e+01  9.457505e+00  2.384792e+01  3.308717e-01  1.305414e+01  1.295902e+00  7.544461e-01  1.699481e-01  6.065593e+01  0.000000e+00  2.087668e+01  0.000000e+00  0.000000e+00  0.000000e+00
8.427896e+02  1.736968e+01  3.234833e+01  1.267152e+01  1.087411e+01  2.592150e+01  8.026681e-01  1.478072e+01  5.275861e-01  2.270828e-01  1.750108e-01  3.336424e+01  0.000000e+00  1.047822e+01  0.000000e+00  2.657048e-01  0.000000e+00
9.456255e+02  1.658456e+01  2.754120e+01  1.671554e+01  6.800827e+00  2.201771e+01  8.092836e-01  1.484194e+01  1.565894e+00  0.000000e+00  6.665989e-01  2.633365e+01  1.854216e-03  8.296310e+00  0.000000e+00  0.000000e+00  0.000000e+00
1.061009e+03  1.525130e+01  1.923070e+01  1.555675e+01  1.077226e+01  1.729925e+01  1.134931e+00  1.427344e+01  1.160022e+00  1.385872e+00  7.703420e-02  1.946820e+01  0.000000e+00  2.636976e+00  1.033849e-02  7.257728e-03  0.000000e+00
1.190472e+03  1.007530e+01  1.671857e+01  1.436572e+01  1.091382e+01  1.363452e+01  1.002106e+00  8.470379e+00  1.399491e+00  6.129267e-01  1.734291e-01  1.210062e+01  0.000000e+00  3.542893e+00  0.000000e+00  0.000000e+00  0.000000e+00
1.335731e+03  9.880544e+00  1.433267e+01  1.167844e+01  8.465428e+00  1.101748e+01  4.857397e-01  1.145139e+01  5.438156e-01  1.005364e+00  1.554765e-01  6.044643e+00  0.000000e+00  9.496741e-01  1.676484e-01  0.000000e+00  0.000000e+00
1.498715e+03  6.353810e+00  1.079551e+01  9.763544e+00  8.787204e+00  7.462612e+00  1.379634e+00  9.670395e+00  1.636985e+00  1.271389e+00  2.404668e-01  3.901147e+00  2.076745e-03  1.866370e+00  0.000000e+00  0.000000e+00  4.590589e-03
1.681586e+03  2.506411e+00  9.660057e+00  7.384332e+00  7.778051e+00  8.606653e+00  8.388510e-01  7.600873e+00  1.032994e+00  9.295032e-01  4.460943e-01  3.353989e+00  0.000000e+00  1.274102e+00  7.780202e-02  0.000000e+00  6.341460e-04
1.886771e+03  3.234867e+00  5.883830e+00  7.439796e+00  1.022701e+01  6.870780e+00  8.210110e-01  6.834989e+00  1.059843e+00  7.817025e-01  4.471043e-01  1.714759e+00  1.250803e-01  1.378763e-01  5.308835e-02  3.429691e-04  0.000000e+00
2.116992e+03  2.788212e+00  6.091421e+00  4.884819e+00  6.214993e+00  2.784066e+00  6.897250e-01  4.946357e+00  9.467797e-01  2.502411e-01  3.844762e-01  6.902768e-01  6.374827e-02  3.109134e-01  1.111440e-04  0.000000e+00  1.111440e-04
2.375304e+03  1.047018e+00  3.669163e+00  4.242183e+00  8.512362e+00  2.680127e+00  1.124197e+00  4.429618e+00  9.057261e-01  6.262454e-01  1.300678e-01  1.052855e+00  5.972061e-05  0.000000e+00  6.315315e-03  0.000000e+00  1.728437e-02
2.665135e+03  1.109528e+00  2.483273e+00  3.429347e+00  6.868213e+00  1.321324e+00  8.693128e-01  2.773678e+00  1.517701e+00  3.142315e-01  5.915877e-01  4.652410e-01  1.487985e-01  1.072300e-01  1.932170e-02  0.000000e+00  6.555385e-02
2.990330e+03  2.013434e-01  1.736599e+00  2.084935e+00  5.248321e+00  1.109979e+00  1.014437e+00  1.960120e+00  1.053737e+00  1.762907e-01  1.386266e-01  3.582441e-01  1.712833e-02  0.000000e+00  1.735100e-02  0.000000e+00  8.444332e-02
3.355206e+03  1.861115e-01  1.979241e+00  1.758739e+00  5.398792e+00  3.303359e-01  1.070688e+00  1.312509e+00  6.737026e-01  2.192464e-01  2.380940e-01  5.394342e-02  9.071775e-02  8.239545e-02  2.004350e-03  0.000000e+00  9.561668e-05
3.764603e+03  8.258274e-02  7.493726e-01  1.258624e+00  3.371524e+00  2.529026e-01  7.384208e-01  7.540778e-01  4.882867e-01  1.170879e-01  2.128260e-01  1.372413e-01  4.917778e-03  2.271760e-05  7.216253e-02  0.000000e+00  3.073674e-02
4.223954e+03  2.916535e-03  6.164884e-01  4.242236e-01  2.763495e+00  8.069551e-02  4.163724e-01  7.052845e-01  5.354496e-01  1.674444e-01  1.261458e-01  1.170711e-01  1.457235e-02  0.000000e+00  6.979296e-02  0.000000e+00  2.085647e-02
4.739354e+03  5.821262e-03  3.631071e-01  6.399360e-01  2.455530e+00  1.201865e-01  4.788400e-01  1.290965e-01  3.467151e-01  7.072816e-02  7.347475e-02  6.759451e-02  2.868989e-02  1.365385e-04  1.178926e-03  0.000000e+00  4.167424e-03
5.317643e+03  6.052303e-02  2.938579e-01  3.351673e-01  1.528761e+00  4.773449e-03  3.271810e-01  3.244290e-02  6.241454e-01  1.975719e-01  9.973346e-02  1.860325e-02  6.017917e-02  0.000000e+00  2.687656e-02  0.000000e+00  7.266858e-02
5.966493e+03  1.022284e-02  1.249550e-01  1.182505e-01  7.894928e-01  4.847860e-02  4.212355e-01  3.428862e-02  1.848276e-01  7.127630e-02  1.617262e-01  1.087693e-03  2.953200e-03  0.000000e+00  6.975153e-03  0.000000e+00  1.380454e-02
6.694516e+03  2.118967e-05  7.759444e-02  1.126210e-01  5.301203e-01  3.484475e-03  5.539653e-01  3.975960e-03  1.248983e-01  7.217153e-02  1.331510e-01  4.297828e-02  1.061892e-01  0.000000e+00  4.301618e-03  0.000000e+00  1.592903e-04
7.511370e+03  1.439546e-03  5.457428e-02  1.296011e-01  3.805527e-01  3.067655e-02  2.514446e-01  2.199519e-02  8.097040e-02  1.736575e-02  7.970035e-02  1.282168e-03  1.224492e-02  0.000000e+00  4.777083e-04  0.000000e+00  6.173432e-02
8.427896e+03  4.861249e-03  2.934718e-02  6.143157e-02  4.891811e-02  5.631276e-03  2.962396e-01  7.101941e-02  1.919681e-01  2.054653e-02  1.315253e-02  4.072129e-02  3.186180e-02  0.000000e+00  2.543536e-04  0.000000e+00  7.214330e-03
9.456255e+03  0.000000e+00  9.045174e-03  5.823663e-02  1.566934e-01  6.862370e-03  2.097023e-01  2.488204e-05  6.320339e-02  3.170700e-02  1.682441e-02  8.084119e-02  3.803196e-02  0.000000e+00  1.545791e-02  0.000000e+00  7.111701e-04
1.061009e+04  0.000000e+00  5.334976e-02  2.951461e-02  9.273888e-02  1.435999e-03  1.255874e-01  7.564094e-03  5.559117e-02  6.706141e-04  2.844307e-02  2.061270e-02  2.846704e-02  0.000000e+00  1.336978e-05  0.000000e+00  1.352629e-02
1.190472e+04  0.000000e+00  8.603728e-05  8.957550e-05  4.223695e-02  0.000000e+00  3.521747e-02  7.183937e-06  1.474423e-03  2.383166e-05  2.486938e-02  1.022428e-01  2.262534e-02  0.000000e+00  1.548266e-03  0.000000e+00  3.840440e-03
1.335731e+04  0.000000e+00  4.886629e-03  3.148088e-02  5.249108e-02  0.000000e+00  5.666108e-02  2.921781e-05  5.732702e-03  4.922574e-04  1.686692e-02  8.293119e-03  2.261178e-03  0.000000e+00  0.000000e+00  0.000000e+00  4.841822e-03
1.498715e+04  0.000000e+00  8.709197e-03  2.076745e-04  1.812444e-03  0.000000e+00  2.183215e-02  0.000000e+00  3.731409e-02  5.138078e-04  2.776858e-03  3.139901e-05  3.827209e-02  0.000000e+00  2.516458e-05  0.000000e+00  1.657264e-02
1.681586e+04  0.000000e+00  4.744504e-04  8.435760e-06  9.677444e-04  0.000000e+00  3.834778e-02  5.085838e-06  1.783406e-03  0.000000e+00  1.850901e-04  1.042702e-04  8.662313e-05  0.000000e+00  6.105253e-03  0.000000e+00  9.628146e-03
1.886771e+04  0.000000e+00  8.722540e-04  0.000000e+00  5.335257e-03  0.000000e+00  2.484862e-02  0.000000e+00  1.727909e-02  0.000000e+00  0.000000e+00  4.377177e-03  5.482520e-03  0.000000e+00  1.407319e-02  0.000000e+00  6.463818e-03
2.116992e+04  0.000000e+00  4.039825e-06  0.000000e+00  3.102760e-03  0.000000e+00  2.247502e-05  0.000000e+00  1.935298e-03  0.000000e+00  0.000000e+00  0.000000e+00  4.732578e-03  0.000000e+00  2.313669e-02  0.000000e+00  1.935298e-03
2.375304e+04  0.000000e+00  0.000000e+00  0.000000e+00  3.600497e-06  0.000000e+00  2.014483e-03  4.489410e-05  2.732162e-04  0.000000e+00  3.241908e-04  2.167931e-03  1.194412e-05  0.000000e+00  0.000000e+00  0.000000e+00  6.861477e-03
2.665135e+04  0.000000e+00  4.001191e-05  0.000000e+00  4.899655e-03  0.000000e+00  0.000000e+00  0.000000e+00  0.000000e+00  0.000000e+00  2.428035e-05  0.000000e+00  0.000000e+00  0.000000e+00  0.000000e+00  0.000000e+00  4.001191e-05
2.990330e+04  0.000000e+00  0.000000e+00  0.000000e+00  3.081878e-04  0.000000e+00  0.000000e+00  0.000000e+00  0.000000e+00  0.000000e+00  0.000000e+00  0.000000e+00  5.252112e-04  0.000000e+00  1.939072e-03  0.000000e+00  9.302116e-04
3.355206e+04  0.000000e+00  0.000000e+00  0.000000e+00  0.000000e+00  0.000000e+00  0.000000e+00  0.000000e+00  0.000000e+00  0.000000e+00  0.000000e+00  0.000000e+00  7.012711e-06  0.000000e+00  9.710718e-03  0.000000e+00  3.857314e-05
3.764603e+04  0.000000e+00  0.000000e+00  0.000000e+00  8.267671e-05  0.000000e+00  0.000000e+00  0.000000e+00  0.000000e+00  0.000000e+00  0.000000e+00  0.000000e+00  2.448023e-04  0.000000e+00  8.267671e-05  0.000000e+00  2.271760e-06
4.223954e+04  0.000000e+00  0.000000e+00  0.000000e+00  4.151072e-05  0.000000e+00  0.000000e+00  0.000000e+00  4.417619e-03  0.000000e+00  0.000000e+00  0.000000e+00  2.952243e-04  0.000000e+00  0.000000e+00  0.000000e+00  0.000000e+00
4.739354e+04  0.000000e+00  0.000000e+00  0.000000e+00  0.000000e+00  0.000000e+00  0.000000e+00  0.000000e+00  1.804523e-06  0.000000e+00  0.000000e+00  0.000000e+00  3.880100e-05  0.000000e+00  1.944534e-04  0.000000e+00  0.000000e+00
5.317643e+04  0.000000e+00  0.000000e+00  0.000000e+00  0.000000e+00  0.000000e+00  0.000000e+00  0.000000e+00  0.000000e+00  0.000000e+00  0.000000e+00  0.000000e+00  0.000000e+00  0.000000e+00  0.000000e+00  0.000000e+00  0.000000e+00
5.966493e+04  0.000000e+00  0.000000e+00  0.000000e+00  0.000000e+00  0.000000e+00  0.000000e+00  0.000000e+00  0.000000e+00  0.000000e+00  0.000000e+00  0.000000e+00  0.000000e+00  0.000000e+00  0.000000e+00  0.000000e+00  0.000000e+00
6.694516e+04  0.000000e+00  0.000000e+00  0.000000e+00  0.000000e+00  0.000000e+00  0.000000e+00  0.000000e+00  0.000000e+00  0.000000e+00  0.000000e+00  0.000000e+00  0.000000e+00  0.000000e+00  0.000000e+00  0.000000e+00  9.821827e-05
7.511370e+04  0.000000e+00  0.000000e+00  0.000000e+00  0.000000e+00  0.000000e+00  0.000000e+00  0.000000e+00  0.000000e+00  0.000000e+00  0.000000e+00  0.000000e+00  0.000000e+00  0.000000e+00  0.000000e+00  0.000000e+00  1.736575e-03
8.427896e+04  0.000000e+00  0.000000e+00  0.000000e+00  0.000000e+00  0.000000e+00  0.000000e+00  0.000000e+00  0.000000e+00  0.000000e+00  0.000000e+00  0.000000e+00  0.000000e+00  0.000000e+00  0.000000e+00  0.000000e+00  0.000000e+00
9.456255e+04  0.000000e+00  0.000000e+00  0.000000e+00  0.000000e+00  0.000000e+00  0.000000e+00  0.000000e+00  0.000000e+00  0.000000e+00  0.000000e+00  0.000000e+00  0.000000e+00  0.000000e+00  0.000000e+00  0.000000e+00  0.000000e+00
1.061009e+05  0.000000e+00  0.000000e+00  0.000000e+00  0.000000e+00  0.000000e+00  0.000000e+00  0.000000e+00  0.000000e+00  0.000000e+00  0.000000e+00  0.000000e+00  0.000000e+00  0.000000e+00  0.000000e+00  0.000000e+00  0.000000e+00
1.190472e+05  0.000000e+00  0.000000e+00  0.000000e+00  0.000000e+00  0.000000e+00  0.000000e+00  0.000000e+00  0.000000e+00  0.000000e+00  0.000000e+00  0.000000e+00  0.000000e+00  0.000000e+00  0.000000e+00  0.000000e+00  0.000000e+00
1.335731e+05  0.000000e+00  0.000000e+00  0.000000e+00  0.000000e+00  0.000000e+00  0.000000e+00  0.000000e+00  0.000000e+00  0.000000e+00  0.000000e+00  0.000000e+00  0.000000e+00  0.000000e+00  0.000000e+00  0.000000e+00  0.000000e+00
1.498715e+05  0.000000e+00  0.000000e+00  0.000000e+00  0.000000e+00  0.000000e+00  0.000000e+00  0.000000e+00  0.000000e+00  0.000000e+00  0.000000e+00  0.000000e+00  0.000000e+00  0.000000e+00  0.000000e+00  0.000000e+00  0.000000e+00
1.681586e+05  0.000000e+00  0.000000e+00  0.000000e+00  0.000000e+00  0.000000e+00  0.000000e+00  0.000000e+00  0.000000e+00  0.000000e+00  0.000000e+00  0.000000e+00  0.000000e+00  0.000000e+00  0.000000e+00  0.000000e+00  0.000000e+00
1.886771e+05  0.000000e+00  0.000000e+00  0.000000e+00  0.000000e+00  0.000000e+00  0.000000e+00  0.000000e+00  0.000000e+00  0.000000e+00  0.000000e+00  0.000000e+00  0.000000e+00  0.000000e+00  0.000000e+00  0.000000e+00  0.000000e+00
2.116992e+05  0.000000e+00  0.000000e+00  0.000000e+00  0.000000e+00  0.000000e+00  0.000000e+00  0.000000e+00  0.000000e+00  0.000000e+00  0.000000e+00  0.000000e+00  0.000000e+00  0.000000e+00  0.000000e+00  0.000000e+00  0.000000e+00
2.375304e+05  0.000000e+00  0.000000e+00  0.000000e+00  0.000000e+00  0.000000e+00  0.000000e+00  0.000000e+00  0.000000e+00  0.000000e+00  0.000000e+00  0.000000e+00  0.000000e+00  0.000000e+00  0.000000e+00  0.000000e+00  0.000000e+00
2.665135e+05  0.000000e+00  0.000000e+00  0.000000e+00  0.000000e+00  0.000000e+00  0.000000e+00  0.000000e+00  0.000000e+00  0.000000e+00  0.000000e+00  0.000000e+00  0.000000e+00  0.000000e+00  0.000000e+00  0.000000e+00  0.000000e+00
2.990330e+05  0.000000e+00  0.000000e+00  0.000000e+00  0.000000e+00  0.000000e+00  0.000000e+00  0.000000e+00  0.000000e+00  0.000000e+00  0.000000e+00  0.000000e+00  0.000000e+00  0.000000e+00  0.000000e+00  0.000000e+00  0.000000e+00
3.355206e+05  0.000000e+00  0.000000e+00  0.000000e+00  0.000000e+00  0.000000e+00  0.000000e+00  0.000000e+00  0.000000e+00  0.000000e+00  0.000000e+00  0.000000e+00  0.000000e+00  0.000000e+00  0.000000e+00  0.000000e+00  0.000000e+00
3.764603e+05  0.000000e+00  0.000000e+00  0.000000e+00  0.000000e+00  0.000000e+00  0.000000e+00  0.000000e+00  0.000000e+00  0.000000e+00  0.000000e+00  0.000000e+00  0.000000e+00  0.000000e+00  0.000000e+00  0.000000e+00  0.000000e+00
4.223954e+05  0.000000e+00  0.000000e+00  0.000000e+00  0.000000e+00  0.000000e+00  0.000000e+00  0.000000e+00  0.000000e+00  0.000000e+00  0.000000e+00  0.000000e+00  0.000000e+00  0.000000e+00  0.000000e+00  0.000000e+00  0.000000e+00
4.739354e+05  0.000000e+00  0.000000e+00  0.000000e+00  0.000000e+00  0.000000e+00  0.000000e+00  0.000000e+00  0.000000e+00  0.000000e+00  0.000000e+00  0.000000e+00  0.000000e+00  0.000000e+00  0.000000e+00  0.000000e+00  0.000000e+00
5.317643e+05  0.000000e+00  0.000000e+00  0.000000e+00  0.000000e+00  0.000000e+00  0.000000e+00  0.000000e+00  0.000000e+00  0.000000e+00  0.000000e+00  0.000000e+00  0.000000e+00  0.000000e+00  0.000000e+00  0.000000e+00  0.000000e+00
5.966493e+05  0.000000e+00  0.000000e+00  0.000000e+00  0.000000e+00  0.000000e+00  0.000000e+00  0.000000e+00  0.000000e+00  0.000000e+00  0.000000e+00  0.000000e+00  0.000000e+00  0.000000e+00  0.000000e+00  0.000000e+00  0.000000e+00
6.694516e+05  0.000000e+00  0.000000e+00  0.000000e+00  0.000000e+00  0.000000e+00  0.000000e+00  0.000000e+00  0.000000e+00  0.000000e+00  0.000000e+00  0.000000e+00  0.000000e+00  0.000000e+00  0.000000e+00  0.000000e+00  0.000000e+00
7.511370e+05  0.000000e+00  0.000000e+00  0.000000e+00  0.000000e+00  0.000000e+00  0.000000e+00  0.000000e+00  0.000000e+00  0.000000e+00  0.000000e+00  0.000000e+00  0.000000e+00  0.000000e+00  0.000000e+00  0.000000e+00  0.000000e+00
8.427896e+05  0.000000e+00  0.000000e+00  0.000000e+00  0.000000e+00  0.000000e+00  0.000000e+00  0.000000e+00  0.000000e+00  0.000000e+00  0.000000e+00  0.000000e+00  0.000000e+00  0.000000e+00  0.000000e+00  0.000000e+00  0.000000e+00
9.456255e+05  0.000000e+00  0.000000e+00  0.000000e+00  0.000000e+00  0.000000e+00  0.000000e+00  0.000000e+00  0.000000e+00  0.000000e+00  0.000000e+00  0.000000e+00  0.000000e+00  0.000000e+00  0.000000e+00  0.000000e+00  0.000000e+00
