# dR/dEr [1/keV/kg/Myr]
# Er [keV], S, F, Ne, Cl, Na, Si, O, P, N, C, Al, Mg, Be, B, Ar, Li
1.061009e+01  5.221473e+01  3.823069e+01  0.000000e+00  0.000000e+00  1.257870e+01  0.000000e+00  3.628436e+00  0.000000e+00  0.000000e+00  0.000000e+00  0.000000e+00  0.000000e+00  5.300755e-02  0.000000e+00  0.000000e+00  0.000000e+00
1.190472e+01  1.997158e+01  3.284845e+00  0.000000e+00  0.000000e+00  6.324059e+00  0.000000e+00  0.000000e+00  0.000000e+00  0.000000e+00  0.000000e+00  0.000000e+00  0.000000e+00  0.000000e+00  0.000000e+00  0.000000e+00  0.000000e+00
1.335731e+01  2.860566e+01  5.927178e+00  0.000000e+00  0.000000e+00  0.000000e+00  0.000000e+00  0.000000e+00  0.000000e+00  0.000000e+00  0.000000e+00  0.000000e+00  0.000000e+00  0.000000e+00  0.000000e+00  0.000000e+00  0.000000e+00
1.498715e+01  7.372669e+00  7.051136e+00  0.000000e+00  0.000000e+00  3.018153e+00  0.000000e+00  1.250211e+00  0.000000e+00  0.000000e+00  0.000000e+00  0.000000e+00  0.000000e+00  0.000000e+00  0.000000e+00  0.000000e+00  0.000000e+00
1.681586e+01  1.821546e+01  7.082724e+00  2.648820e+00  0.000000e+00  5.090143e+00  1.114252e+00  0.000000e+00  0.000000e+00  0.000000e+00  0.000000e+00  0.000000e+00  0.000000e+00  0.000000e+00  0.000000e+00  0.000000e+00  0.000000e+00
1.886771e+01  1.250987e+01  8.576192e+00  0.000000e+00  0.000000e+00  2.360763e+00  0.000000e+00  0.000000e+00  0.000000e+00  0.000000e+00  0.000000e+00  0.000000e+00  0.000000e+00  0.000000e+00  0.000000e+00  0.000000e+00  0.000000e+00
2.116992e+01  1.254113e+01  9.668679e+00  0.000000e+00  0.000000e+00  2.544894e+00  0.000000e+00  1.127958e+00  0.000000e+00  0.000000e+00  0.000000e+00  3.110558e-01  0.000000e+00  0.000000e+00  0.000000e+00  0.000000e+00  0.000000e+00
2.375304e+01  2.312416e+01  4.567750e+00  2.018480e+00  0.000000e+00  5.110060e+00  0.000000e+00  1.875221e+00  0.000000e+00  0.000000e+00  0.000000e+00  0.000000e+00  0.000000e+00  0.000000e+00  0.000000e+00  0.000000e+00  0.000000e+00
2.665135e+01  1.996029e+01  8.108131e+00  8.959687e-01  2.594013e-02  1.441748e+00  0.000000e+00  0.000000e+00  1.126774e+00  0.000000e+00  0.000000e+00  0.000000e+00  0.000000e+00  0.000000e+00  0.000000e+00  0.000000e+00  0.000000e+00
2.990330e+01  2.239108e+01  1.012478e+01  1.113016e+00  0.000000e+00  9.483406e-01  0.000000e+00  1.425123e+00  0.000000e+00  0.000000e+00  0.000000e+00  8.048846e-02  0.000000e+00  5.298595e-01  0.000000e+00  0.000000e+00  0.000000e+00
3.355206e+01  2.859230e+01  7.309997e+00  1.098640e+00  0.000000e+00  2.317413e+00  0.000000e+00  2.336634e+00  0.000000e+00  0.000000e+00  0.000000e+00  4.775977e-01  0.000000e+00  4.700090e-01  0.000000e+00  0.000000e+00  0.000000e+00
3.764603e+01  3.147815e+01  5.023457e+00  3.054120e-03  6.342973e-01  3.064763e+00  0.000000e+00  2.834657e-02  0.000000e+00  0.000000e+00  0.000000e+00  0.000000e+00  0.000000e+00  4.776984e-03  0.000000e+00  0.000000e+00  0.000000e+00
4.223954e+01  2.913021e+01  1.471598e+01  2.156444e-01  0.000000e+00  6.630719e+00  0.000000e+00  8.914405e-01  0.000000e+00  0.000000e+00  0.000000e+00  1.366297e-01  0.000000e+00  3.424375e+00  0.000000e+00  0.000000e+00  0.000000e+00
4.739354e+01  4.083929e+01  1.591226e+01  5.038402e-01  1.281618e+00  1.942053e+00  0.000000e+00  1.818976e+00  0.000000e+00  0.000000e+00  0.000000e+00  0.000000e+00  0.000000e+00  1.265955e+00  0.000000e+00  0.000000e+00  0.000000e+00
5.317643e+01  3.565734e+01  9.154295e+00  1.250453e+00  0.000000e+00  4.578713e+00  0.000000e+00  2.422087e+00  0.000000e+00  0.000000e+00  0.000000e+00  1.238335e-01  0.000000e+00  0.000000e+00  0.000000e+00  0.000000e+00  0.000000e+00
5.966493e+01  4.779959e+01  1.685155e+01  1.390544e+00  7.142533e-01  2.959204e+00  0.000000e+00  2.202541e+00  0.000000e+00  0.000000e+00  0.000000e+00  2.045544e-01  0.000000e+00  5.582047e-02  0.000000e+00  0.000000e+00  0.000000e+00
6.694516e+01  5.185672e+01  1.417624e+01  2.320948e+00  0.000000e+00  6.454006e+00  0.000000e+00  6.756804e-01  0.000000e+00  7.026706e-02  0.000000e+00  6.204669e-01  0.000000e+00  9.065834e+00  0.000000e+00  0.000000e+00  0.000000e+00
7.511370e+01  5.436749e+01  1.915788e+01  1.917893e+00  7.401942e-01  3.832601e+00  0.000000e+00  1.698737e+00  0.000000e+00  0.000000e+00  0.000000e+00  1.212658e-01  0.000000e+00  2.744394e+03  0.000000e+00  0.000000e+00  0.000000e+00
8.427896e+01  6.917277e+01  2.191783e+01  1.290078e+00  1.733537e+00  5.468044e+00  0.000000e+00  2.895359e+00  0.000000e+00  0.000000e+00  0.000000e+00  0.000000e+00  0.000000e+00  3.341793e+03  0.000000e+00  0.000000e+00  0.000000e+00
9.456255e+01  6.890293e+01  1.701114e+01  1.671750e+00  8.869435e-01  4.730596e+00  0.000000e+00  8.627480e-01  0.000000e+00  5.024226e-02  0.000000e+00  4.969938e-04  0.000000e+00  2.528844e+03  0.000000e+00  0.000000e+00  0.000000e+00
1.061009e+02  8.126278e+01  2.232031e+01  1.343700e+00  3.141335e-01  6.818947e+00  0.000000e+00  1.501463e+00  0.000000e+00  0.000000e+00  1.150294e-01  6.535829e-01  0.000000e+00  1.936585e+03  0.000000e+00  0.000000e+00  0.000000e+00
1.190472e+02  8.728965e+01  2.833502e+01  2.973408e+00  4.615173e-01  6.121094e+00  0.000000e+00  8.944606e-01  0.000000e+00  1.573922e-01  3.489142e-01  1.715078e+03  0.000000e+00  1.418922e+03  0.000000e+00  5.593188e-02  0.000000e+00
1.335731e+02  9.834780e+01  3.092220e+01  2.087387e+00  8.607681e-04  7.627088e+00  0.000000e+00  1.125137e+00  0.000000e+00  0.000000e+00  0.000000e+00  1.427904e+03  0.000000e+00  1.042075e+03  0.000000e+00  0.000000e+00  0.000000e+00
1.498715e+02  2.412290e+02  3.568006e+01  1.602108e+00  4.899865e-01  4.567102e+00  0.000000e+00  1.869474e+00  0.000000e+00  2.571625e-01  2.022483e-01  1.068362e+03  0.000000e+00  7.794540e+02  0.000000e+00  0.000000e+00  0.000000e+00
1.681586e+02  3.472064e+02  3.598701e+01  2.069296e+00  5.090143e-01  3.836841e+00  2.794801e-04  2.433814e+00  0.000000e+00  1.503546e-01  0.000000e+00  7.897724e+02  0.000000e+00  5.716173e+02  0.000000e+00  0.000000e+00  0.000000e+00
1.886771e+02  2.017440e+02  4.268386e+01  1.517437e+00  5.114086e-01  8.323423e+00  2.258667e-01  2.267341e+00  1.589829e-01  1.589829e-01  0.000000e+00  5.912823e+02  0.000000e+00  4.218314e+02  0.000000e+00  0.000000e+00  0.000000e+00
2.116992e+02  8.774901e+01  5.293019e+01  1.965060e+00  1.214931e+00  3.437455e+00  1.416937e-01  1.972234e+00  0.000000e+00  0.000000e+00  2.219990e-04  4.646163e+02  0.000000e+00  2.811216e+02  0.000000e+00  5.431080e-04  0.000000e+00
2.375304e+02  6.348851e+01  2.736152e+02  3.044308e+00  1.062517e+00  5.100914e+00  6.123745e-02  2.121271e+00  2.564734e-01  0.000000e+00  7.888297e-02  3.460544e+02  0.000000e+00  2.048283e+02  0.000000e+00  2.171634e-01  0.000000e+00
2.665135e+02  5.219329e+01  2.280363e+02  3.125857e+00  7.393495e-01  7.297512e+00  1.383105e-01  1.649827e+00  0.000000e+00  1.125513e-01  9.381223e-02  2.543080e+02  0.000000e+00  1.448228e+02  0.000000e+00  0.000000e+00  0.000000e+00
2.990330e+02  3.172932e+01  3.444467e+01  1.717680e+00  6.253690e-01  5.692341e+00  7.664355e-03  3.109570e+00  2.458208e-04  6.013866e-04  1.588800e-02  1.919475e+02  0.000000e+00  1.085781e+02  0.000000e+00  0.000000e+00  0.000000e+00
3.355206e+02  2.780203e+01  3.063237e+01  2.005088e+00  8.273259e-01  6.021597e+00  8.940266e-02  2.278463e+00  8.670559e-02  7.116932e-02  1.258599e-01  1.429809e+02  9.926438e-03  7.432966e+01  0.000000e+00  0.000000e+00  1.315003e-03
3.764603e+02  1.855265e+01  2.277129e+01  2.507263e+00  6.985661e-01  6.772935e+00  3.329975e-02  1.617035e+00  0.000000e+00  9.791636e-02  0.000000e+00  9.439037e+01  0.000000e+00  5.443734e+01  0.000000e+00  0.000000e+00  0.000000e+00
4.223954e+02  1.197155e+01  1.893076e+01  1.606260e+00  7.663385e-01  5.737485e+00  5.670583e-02  2.318339e+00  1.719687e-01  7.118909e-02  9.860957e-02  7.260942e+01  0.000000e+00  2.975119e+01  0.000000e+00  2.721988e-04  0.000000e+00
4.739354e+02  9.416088e+00  1.535950e+01  2.265558e+00  1.351155e+00  4.859018e+00  7.613589e-02  2.145275e+00  1.552969e-01  6.336317e-02  0.000000e+00  4.472845e+01  0.000000e+00  1.991766e+01  6.336317e-02  0.000000e+00  0.000000e+00
5.317643e+02  7.270984e+00  9.993598e+00  2.363999e+00  6.445469e-01  5.181176e+00  1.596009e-01  1.910964e+00  1.919310e-01  1.851403e-01  7.009271e-02  3.694522e+01  0.000000e+00  1.564762e+01  8.837938e-05  9.700334e-02  0.000000e+00
5.966493e+02  6.484118e+00  8.670694e+00  2.415569e+00  1.101942e+00  5.051327e+00  1.498535e-01  1.869895e+00  1.873699e-01  1.017083e-01  2.655588e-02  2.677023e+01  0.000000e+00  1.043628e+01  0.000000e+00  3.014073e-04  0.000000e+00
6.694516e+02  4.950444e+00  7.283171e+00  2.959055e+00  1.622166e+00  4.841665e+00  1.553631e-01  2.377004e+00  1.431258e-01  1.215978e-01  3.501544e-02  1.866684e+01  0.000000e+00  5.869737e+00  0.000000e+00  0.000000e+00  0.000000e+00
7.511370e+02  4.027002e+00  5.669878e+00  2.043778e+00  1.314821e+00  3.240212e+00  4.295598e-02  1.765539e+00  1.738384e-01  1.202407e-01  2.379896e-02  1.196892e+01  0.000000e+00  4.041683e+00  0.000000e+00  0.000000e+00  0.000000e+00
8.427896e+02  2.499555e+00  4.681445e+00  1.746627e+00  1.476395e+00  3.577411e+00  1.034162e-01  2.016265e+00  7.207065e-02  3.126581e-02  5.654867e-02  6.371515e+00  0.000000e+00  1.983709e+00  0.000000e+00  5.384365e-02  0.000000e+00
9.456255e+02  2.437103e+00  3.883965e+00  2.332641e+00  9.695986e-01  2.980128e+00  1.299697e-01  2.075994e+00  2.109589e-01  0.000000e+00  9.682005e-02  5.225535e+00  7.310921e-04  1.572180e+00  0.000000e+00  0.000000e+00  0.000000e+00
1.061009e+03  2.234894e+00  2.735388e+00  2.187464e+00  1.493781e+00  2.385016e+00  1.674602e-01  1.935942e+00  1.570954e-01  2.185426e-01  2.404969e-02  3.749635e+00  0.000000e+00  5.732286e-01  5.085138e-03  3.139015e-03  0.000000e+00
1.190472e+03  1.486074e+00  2.361379e+00  2.002541e+00  1.510022e+00  1.800140e+00  1.592840e-01  1.174400e+00  1.871508e-01  8.339557e-02  5.798839e-02  2.268322e+00  0.000000e+00  6.718871e-01  0.000000e+00  0.000000e+00  0.000000e+00
1.335731e+03  1.477721e+00  2.066968e+00  1.634541e+00  1.156061e+00  1.480572e+00  7.296530e-02  1.539477e+00  7.948693e-02  1.438066e-01  2.547239e-02  1.134518e+00  0.000000e+00  2.152923e-01  3.397305e-02  0.000000e+00  0.000000e+00
1.498715e+03  9.326235e-01  1.535175e+00  1.336689e+00  1.240408e+00  1.020479e+00  2.226867e-01  1.343555e+00  2.491279e-01  2.074959e-01  4.255546e-02  6.887568e-01  7.120336e-04  3.562257e-01  0.000000e+00  0.000000e+00  1.649232e-03
1.681586e+03  3.876062e-01  1.449129e+00  1.036810e+00  1.078370e+00  1.207843e+00  1.191570e-01  1.024005e+00  1.585512e-01  1.446821e-01  8.868431e-02  6.614715e-01  0.000000e+00  2.098646e-01  2.195482e-02  0.000000e+00  2.623776e-04
1.886771e+03  5.265930e-01  8.869870e-01  1.056786e+00  1.391712e+00  9.627708e-01  1.300017e-01  9.092097e-01  1.626607e-01  1.158994e-01  8.630694e-02  3.391394e-01  2.105360e-02  1.953688e-02  1.663148e-02  1.490417e-04  0.000000e+00
2.116992e+03  4.132885e-01  9.215411e-01  6.930876e-01  8.401457e-01  3.931396e-01  1.172098e-01  6.795495e-01  1.441050e-01  3.509427e-02  6.700698e-02  1.596425e-01  9.981513e-03  6.176023e-02  5.431080e-05  0.000000e+00  5.431080e-05
2.375304e+03  1.619314e-01  5.427433e-01  6.194171e-01  1.201140e+00  3.936861e-01  1.916423e-01  6.151709e-01  1.352703e-01  8.484346e-02  2.186007e-02  1.986943e-01  3.094700e-05  0.000000e+00  2.772288e-03  0.000000e+00  5.157959e-03
2.665135e+03  1.811938e-01  3.911120e-01  4.940172e-01  1.000951e+00  1.908899e-01  1.269161e-01  3.851977e-01  2.307414e-01  5.267314e-02  1.060536e-01  1.029580e-01  3.278527e-02  1.967984e-02  5.945122e-03  0.000000e+00  1.598583e-02
2.990330e+03  3.858058e-02  2.791946e-01  3.143198e-01  7.650489e-01  1.654049e-01  1.597627e-01  2.736002e-01  1.445783e-01  4.246050e-02  3.568472e-02  8.371368e-02  5.298733e-03  0.000000e+00  5.358734e-03  0.000000e+00  2.231169e-02
3.355206e+03  3.885334e-02  3.240011e-01  2.953466e-01  7.840019e-01  5.632364e-02  1.605943e-01  1.758751e-01  9.436429e-02  3.800235e-02  4.228765e-02  1.702133e-02  1.718678e-02  1.461615e-02  7.173541e-04  0.000000e+00  4.827498e-05
3.764603e+03  1.400433e-02  1.217116e-01  2.094744e-01  4.837280e-01  4.852517e-02  1.239660e-01  1.049505e-01  7.137051e-02  2.229241e-02  4.473016e-02  3.285482e-02  2.052855e-03  1.248392e-05  1.299409e-02  0.000000e+00  1.107332e-02
4.223954e+03  1.416589e-03  9.404151e-02  7.688208e-02  3.882492e-01  1.943141e-02  6.405783e-02  9.413978e-02  8.248617e-02  3.489236e-02  2.896933e-02  2.718603e-02  4.553716e-03  0.000000e+00  1.344885e-02  0.000000e+00  6.244796e-03
4.739354e+03  1.921933e-03  6.262399e-02  1.068073e-01  3.552513e-01  2.255496e-02  7.247036e-02  2.220611e-02  5.842050e-02  1.487379e-02  1.819912e-02  1.944323e-02  8.105022e-03  5.933456e-05  3.586955e-04  0.000000e+00  1.743569e-03
5.317643e+03  1.134861e-02  5.646306e-02  6.487417e-02  2.207751e-01  1.937649e-03  5.144828e-02  7.892675e-03  1.029365e-01  3.699006e-02  2.315877e-02  6.788523e-03  1.160880e-02  0.000000e+00  8.612332e-03  0.000000e+00  1.361755e-02
5.966493e+03  3.468638e-03  2.478492e-02  3.040370e-02  1.268927e-01  9.212515e-03  6.726120e-02  6.723308e-03  3.956423e-02  1.474105e-02  3.169308e-02  3.841277e-04  1.287696e-03  0.000000e+00  2.092675e-03  0.000000e+00  4.314185e-03
6.694516e+03  1.098041e-05  1.695522e-02  2.360439e-02  9.167628e-02  1.525183e-03  9.426137e-02  1.831591e-03  2.207756e-02  1.695551e-02  2.677397e-02  1.293851e-02  1.856091e-02  0.000000e+00  1.437511e-03  0.000000e+00  6.590626e-05
7.511370e+03  5.854671e-04  1.363970e-02  2.444468e-02  5.515754e-02  6.346481e-03  4.527173e-02  6.725434e-03  1.655511e-02  4.891131e-03  1.522820e-02  4.866209e-04  3.902048e-03  0.000000e+00  1.722678e-04  0.000000e+00  1.435042e-02
8.427896e+03  1.448134e-03  9.616486e-03  1.225609e-02  1.202334e-02  1.720076e-03  5.850372e-02  1.197709e-02  4.369492e-02  5.889389e-03  4.548495e-03  9.857087e-03  8.585524e-03  0.000000e+00  1.033679e-04  0.000000e+00  2.262729e-03
9.456255e+03  0.000000e+00  2.837720e-03  1.258511e-02  3.190563e-02  2.158223e-03  3.856471e-02  1.215867e-05  1.412735e-02  8.556986e-03  4.895070e-03  1.701700e-02  1.057596e-02  0.000000e+00  4.616238e-03  0.000000e+00  2.545268e-04
1.061009e+04  0.000000e+00  9.955829e-03  4.871282e-03  1.900701e-02  6.314743e-04  2.621127e-02  2.731111e-03  1.062425e-02  2.437967e-04  6.821089e-03  6.615514e-03  7.377537e-03  0.000000e+00  6.928170e-06  0.000000e+00  4.042639e-03
1.190472e+04  0.000000e+00  3.945423e-05  3.706181e-05  9.725160e-03  0.000000e+00  8.039688e-03  3.947762e-06  5.382470e-04  1.234948e-05  6.957026e-03  1.727389e-02  4.031344e-03  0.000000e+00  7.902815e-04  0.000000e+00  1.425219e-03
1.335731e+04  0.000000e+00  1.762389e-03  6.110311e-03  1.256280e-02  0.000000e+00  8.957901e-03  1.346337e-05  1.938913e-03  1.751020e-04  5.250452e-03  2.586104e-03  7.643637e-04  0.000000e+00  0.000000e+00  0.000000e+00  1.589916e-03
1.498715e+04  0.000000e+00  2.454508e-03  7.120336e-05  7.088672e-04  0.000000e+00  4.512134e-03  0.000000e+00  6.992121e-03  2.222253e-04  8.331089e-04  1.534321e-05  5.953291e-03  0.000000e+00  1.257637e-05  0.000000e+00  3.747634e-03
1.681586e+04  0.000000e+00  1.680324e-04  4.371380e-06  4.258504e-04  0.000000e+00  8.299135e-03  2.794801e-06  5.995094e-04  0.000000e+00  6.346006e-05  4.111233e-05  3.693209e-05  0.000000e+00  2.061425e-03  0.000000e+00  2.820225e-03
1.886771e+04  0.000000e+00  3.819261e-04  0.000000e+00  1.603633e-03  0.000000e+00  5.309480e-03  0.000000e+00  4.037256e-03  0.000000e+00  0.000000e+00  1.308620e-03  1.652066e-03  0.000000e+00  3.067591e-03  0.000000e+00  2.017748e-03
2.116992e+04  0.000000e+00  2.219990e-06  0.000000e+00  1.014032e-03  0.000000e+00  1.071480e-05  0.000000e+00  5.765126e-04  0.000000e+00  0.000000e+00  0.000000e+00  1.418525e-03  0.000000e+00  4.842003e-03  0.000000e+00  5.765126e-04
2.375304e+04  0.000000e+00  0.000000e+00  0.000000e+00  1.978568e-06  0.000000e+00  6.178769e-04  1.857491e-05  9.648851e-05  0.000000e+00  1.402147e-04  6.670536e-04  6.189400e-06  0.000000e+00  0.000000e+00  0.000000e+00  2.006198e-03
2.665135e+04  0.000000e+00  1.655490e-05  0.000000e+00  1.381266e-03  0.000000e+00  0.000000e+00  0.000000e+00  0.000000e+00  0.000000e+00  1.055134e-05  0.000000e+00  0.000000e+00  0.000000e+00  0.000000e+00  0.000000e+00  1.655490e-05
2.990330e+04  0.000000e+00  0.000000e+00  0.000000e+00  1.573084e-04  0.000000e+00  0.000000e+00  0.000000e+00  0.000000e+00  0.000000e+00  0.000000e+00  0.000000e+00  2.339519e-04  0.000000e+00  6.065031e-04  0.000000e+00  3.086357e-04
3.355206e+04  0.000000e+00  0.000000e+00  0.000000e+00  0.000000e+00  0.000000e+00  0.000000e+00  0.000000e+00  0.000000e+00  0.000000e+00  0.000000e+00  0.000000e+00  3.426780e-06  0.000000e+00  1.537399e-03  0.000000e+00  1.676246e-05
3.764603e+04  0.000000e+00  0.000000e+00  0.000000e+00  2.834657e-05  0.000000e+00  0.000000e+00  0.000000e+00  0.000000e+00  0.000000e+00  0.000000e+00  0.000000e+00  1.249545e-04  0.000000e+00  2.834657e-05  0.000000e+00  1.248392e-06
4.223954e+04  0.000000e+00  0.000000e+00  0.000000e+00  1.636711e-05  0.000000e+00  0.000000e+00  0.000000e+00  1.139271e-03  0.000000e+00  0.000000e+00  0.000000e+00  1.383700e-04  0.000000e+00  0.000000e+00  0.000000e+00  0.000000e+00
4.739354e+04  0.000000e+00  0.000000e+00  0.000000e+00  0.000000e+00  0.000000e+00  0.000000e+00  0.000000e+00  9.916330e-07  0.000000e+00  0.000000e+00  0.000000e+00  1.557884e-05  0.000000e+00  9.925486e-05  0.000000e+00  0.000000e+00
5.317643e+04  0.000000e+00  0.000000e+00  0.000000e+00  0.000000e+00  0.000000e+00  0.000000e+00  0.000000e+00  0.000000e+00  0.000000e+00  0.000000e+00  0.000000e+00  0.000000e+00  0.000000e+00  0.000000e+00  0.000000e+00  0.000000e+00
5.966493e+04  0.000000e+00  0.000000e+00  0.000000e+00  0.000000e+00  0.000000e+00  0.000000e+00  0.000000e+00  0.000000e+00  0.000000e+00  0.000000e+00  0.000000e+00  0.000000e+00  0.000000e+00  0.000000e+00  0.000000e+00  0.000000e+00
6.694516e+04  0.000000e+00  0.000000e+00  0.000000e+00  0.000000e+00  0.000000e+00  0.000000e+00  0.000000e+00  0.000000e+00  0.000000e+00  0.000000e+00  0.000000e+00  0.000000e+00  0.000000e+00  0.000000e+00  0.000000e+00  3.493744e-05
7.511370e+04  0.000000e+00  0.000000e+00  0.000000e+00  0.000000e+00  0.000000e+00  0.000000e+00  0.000000e+00  0.000000e+00  0.000000e+00  0.000000e+00  0.000000e+00  0.000000e+00  0.000000e+00  0.000000e+00  0.000000e+00  4.891131e-04
8.427896e+04  0.000000e+00  0.000000e+00  0.000000e+00  0.000000e+00  0.000000e+00  0.000000e+00  0.000000e+00  0.000000e+00  0.000000e+00  0.000000e+00  0.000000e+00  0.000000e+00  0.000000e+00  0.000000e+00  0.000000e+00  0.000000e+00
9.456255e+04  0.000000e+00  0.000000e+00  0.000000e+00  0.000000e+00  0.000000e+00  0.000000e+00  0.000000e+00  0.000000e+00  0.000000e+00  0.000000e+00  0.000000e+00  0.000000e+00  0.000000e+00  0.000000e+00  0.000000e+00  0.000000e+00
1.061009e+05  0.000000e+00  0.000000e+00  0.000000e+00  0.000000e+00  0.000000e+00  0.000000e+00  0.000000e+00  0.000000e+00  0.000000e+00  0.000000e+00  0.000000e+00  0.000000e+00  0.000000e+00  0.000000e+00  0.000000e+00  0.000000e+00
1.190472e+05  0.000000e+00  0.000000e+00  0.000000e+00  0.000000e+00  0.000000e+00  0.000000e+00  0.000000e+00  0.000000e+00  0.000000e+00  0.000000e+00  0.000000e+00  0.000000e+00  0.000000e+00  0.000000e+00  0.000000e+00  0.000000e+00
1.335731e+05  0.000000e+00  0.000000e+00  0.000000e+00  0.000000e+00  0.000000e+00  0.000000e+00  0.000000e+00  0.000000e+00  0.000000e+00  0.000000e+00  0.000000e+00  0.000000e+00  0.000000e+00  0.000000e+00  0.000000e+00  0.000000e+00
1.498715e+05  0.000000e+00  0.000000e+00  0.000000e+00  0.000000e+00  0.000000e+00  0.000000e+00  0.000000e+00  0.000000e+00  0.000000e+00  0.000000e+00  0.000000e+00  0.000000e+00  0.000000e+00  0.000000e+00  0.000000e+00  0.000000e+00
1.681586e+05  0.000000e+00  0.000000e+00  0.000000e+00  0.000000e+00  0.000000e+00  0.000000e+00  0.000000e+00  0.000000e+00  0.000000e+00  0.000000e+00  0.000000e+00  0.000000e+00  0.000000e+00  0.000000e+00  0.000000e+00  0.000000e+00
1.886771e+05  0.000000e+00  0.000000e+00  0.000000e+00  0.000000e+00  0.000000e+00  0.000000e+00  0.000000e+00  0.000000e+00  0.000000e+00  0.000000e+00  0.000000e+00  0.000000e+00  0.000000e+00  0.000000e+00  0.000000e+00  0.000000e+00
2.116992e+05  0.000000e+00  0.000000e+00  0.000000e+00  0.000000e+00  0.000000e+00  0.000000e+00  0.000000e+00  0.000000e+00  0.000000e+00  0.000000e+00  0.000000e+00  0.000000e+00  0.000000e+00  0.000000e+00  0.000000e+00  0.000000e+00
2.375304e+05  0.000000e+00  0.000000e+00  0.000000e+00  0.000000e+00  0.000000e+00  0.000000e+00  0.000000e+00  0.000000e+00  0.000000e+00  0.000000e+00  0.000000e+00  0.000000e+00  0.000000e+00  0.000000e+00  0.000000e+00  0.000000e+00
2.665135e+05  0.000000e+00  0.000000e+00  0.000000e+00  0.000000e+00  0.000000e+00  0.000000e+00  0.000000e+00  0.000000e+00  0.000000e+00  0.000000e+00  0.000000e+00  0.000000e+00  0.000000e+00  0.000000e+00  0.000000e+00  0.000000e+00
2.990330e+05  0.000000e+00  0.000000e+00  0.000000e+00  0.000000e+00  0.000000e+00  0.000000e+00  0.000000e+00  0.000000e+00  0.000000e+00  0.000000e+00  0.000000e+00  0.000000e+00  0.000000e+00  0.000000e+00  0.000000e+00  0.000000e+00
3.355206e+05  0.000000e+00  0.000000e+00  0.000000e+00  0.000000e+00  0.000000e+00  0.000000e+00  0.000000e+00  0.000000e+00  0.000000e+00  0.000000e+00  0.000000e+00  0.000000e+00  0.000000e+00  0.000000e+00  0.000000e+00  0.000000e+00
3.764603e+05  0.000000e+00  0.000000e+00  0.000000e+00  0.000000e+00  0.000000e+00  0.000000e+00  0.000000e+00  0.000000e+00  0.000000e+00  0.000000e+00  0.000000e+00  0.000000e+00  0.000000e+00  0.000000e+00  0.000000e+00  0.000000e+00
4.223954e+05  0.000000e+00  0.000000e+00  0.000000e+00  0.000000e+00  0.000000e+00  0.000000e+00  0.000000e+00  0.000000e+00  0.000000e+00  0.000000e+00  0.000000e+00  0.000000e+00  0.000000e+00  0.000000e+00  0.000000e+00  0.000000e+00
4.739354e+05  0.000000e+00  0.000000e+00  0.000000e+00  0.000000e+00  0.000000e+00  0.000000e+00  0.000000e+00  0.000000e+00  0.000000e+00  0.000000e+00  0.000000e+00  0.000000e+00  0.000000e+00  0.000000e+00  0.000000e+00  0.000000e+00
5.317643e+05  0.000000e+00  0.000000e+00  0.000000e+00  0.000000e+00  0.000000e+00  0.000000e+00  0.000000e+00  0.000000e+00  0.000000e+00  0.000000e+00  0.000000e+00  0.000000e+00  0.000000e+00  0.000000e+00  0.000000e+00  0.000000e+00
5.966493e+05  0.000000e+00  0.000000e+00  0.000000e+00  0.000000e+00  0.000000e+00  0.000000e+00  0.000000e+00  0.000000e+00  0.000000e+00  0.000000e+00  0.000000e+00  0.000000e+00  0.000000e+00  0.000000e+00  0.000000e+00  0.000000e+00
6.694516e+05  0.000000e+00  0.000000e+00  0.000000e+00  0.000000e+00  0.000000e+00  0.000000e+00  0.000000e+00  0.000000e+00  0.000000e+00  0.000000e+00  0.000000e+00  0.000000e+00  0.000000e+00  0.000000e+00  0.000000e+00  0.000000e+00
7.511370e+05  0.000000e+00  0.000000e+00  0.000000e+00  0.000000e+00  0.000000e+00  0.000000e+00  0.000000e+00  0.000000e+00  0.000000e+00  0.000000e+00  0.000000e+00  0.000000e+00  0.000000e+00  0.000000e+00  0.000000e+00  0.000000e+00
8.427896e+05  0.000000e+00  0.000000e+00  0.000000e+00  0.000000e+00  0.000000e+00  0.000000e+00  0.000000e+00  0.000000e+00  0.000000e+00  0.000000e+00  0.000000e+00  0.000000e+00  0.000000e+00  0.000000e+00  0.000000e+00  0.000000e+00
9.456255e+05  0.000000e+00  0.000000e+00  0.000000e+00  0.000000e+00  0.000000e+00  0.000000e+00  0.000000e+00  0.000000e+00  0.000000e+00  0.000000e+00  0.000000e+00  0.000000e+00  0.000000e+00  0.000000e+00  0.000000e+00  0.000000e+00
