# dR/dEr [1/keV/kg/Myr]
# Er [keV], S, F, Ne, Cl, Na, Si, O, P, N, C, Al, Mg, Be, B, Ar, Li
1.061009e+01  5.147611e+02  3.678306e+02  0.000000e+00  0.000000e+00  1.079114e+02  0.000000e+00  3.821049e+01  0.000000e+00  0.000000e+00  0.000000e+00  0.000000e+00  0.000000e+00  1.237041e-01  0.000000e+00  0.000000e+00  0.000000e+00
1.190472e+01  1.996375e+02  2.686000e+01  0.000000e+00  0.000000e+00  6.209572e+01  0.000000e+00  0.000000e+00  0.000000e+00  0.000000e+00  0.000000e+00  0.000000e+00  0.000000e+00  0.000000e+00  0.000000e+00  0.000000e+00  0.000000e+00
1.335731e+01  2.705441e+02  5.871084e+01  0.000000e+00  0.000000e+00  0.000000e+00  0.000000e+00  0.000000e+00  0.000000e+00  0.000000e+00  0.000000e+00  0.000000e+00  0.000000e+00  0.000000e+00  0.000000e+00  0.000000e+00  0.000000e+00
1.498715e+01  7.362254e+01  6.356548e+01  0.000000e+00  0.000000e+00  3.015530e+01  0.000000e+00  1.348483e+01  0.000000e+00  0.000000e+00  0.000000e+00  0.000000e+00  0.000000e+00  0.000000e+00  0.000000e+00  0.000000e+00  0.000000e+00
1.681586e+01  1.810691e+02  5.519829e+01  2.676978e+01  0.000000e+00  4.915456e+01  1.201837e+01  0.000000e+00  0.000000e+00  0.000000e+00  0.000000e+00  0.000000e+00  0.000000e+00  0.000000e+00  0.000000e+00  0.000000e+00  0.000000e+00
1.886771e+01  1.259678e+02  7.503448e+01  0.000000e+00  0.000000e+00  2.385859e+01  0.000000e+00  0.000000e+00  0.000000e+00  0.000000e+00  0.000000e+00  0.000000e+00  0.000000e+00  0.000000e+00  0.000000e+00  0.000000e+00  0.000000e+00
2.116992e+01  1.225862e+02  8.652891e+01  0.000000e+00  0.000000e+00  2.532620e+01  0.000000e+00  1.160303e+01  0.000000e+00  0.000000e+00  0.000000e+00  7.461315e-01  0.000000e+00  0.000000e+00  0.000000e+00  0.000000e+00  0.000000e+00
2.375304e+01  2.241638e+02  4.508324e+01  1.256842e+01  0.000000e+00  4.413828e+01  0.000000e+00  1.895155e+01  0.000000e+00  0.000000e+00  0.000000e+00  0.000000e+00  0.000000e+00  0.000000e+00  0.000000e+00  0.000000e+00  0.000000e+00
2.665135e+01  1.953390e+02  6.262243e+01  9.216611e+00  6.698551e-02  1.520649e+01  0.000000e+00  0.000000e+00  4.054810e+00  0.000000e+00  0.000000e+00  0.000000e+00  0.000000e+00  0.000000e+00  0.000000e+00  0.000000e+00  0.000000e+00
2.990330e+01  2.107252e+02  9.344534e+01  1.209691e+01  0.000000e+00  6.632536e+00  0.000000e+00  1.497274e+01  0.000000e+00  0.000000e+00  0.000000e+00  2.278335e-01  0.000000e+00  1.798971e+00  0.000000e+00  0.000000e+00  0.000000e+00
3.355206e+01  2.805684e+02  6.857454e+01  9.953447e+00  0.000000e+00  2.330077e+01  0.000000e+00  1.577848e+01  0.000000e+00  0.000000e+00  0.000000e+00  1.615116e+00  0.000000e+00  1.337621e+00  0.000000e+00  0.000000e+00  0.000000e+00
3.764603e+01  3.006150e+02  4.307049e+01  6.322911e-03  6.524861e+00  2.360006e+01  0.000000e+00  8.462833e-02  0.000000e+00  0.000000e+00  0.000000e+00  0.000000e+00  0.000000e+00  1.050074e-02  0.000000e+00  0.000000e+00  0.000000e+00
4.223954e+01  2.858175e+02  1.444166e+02  6.922962e-01  0.000000e+00  5.998652e+01  0.000000e+00  9.578554e+00  0.000000e+00  0.000000e+00  0.000000e+00  2.992463e-01  0.000000e+00  1.754286e+01  0.000000e+00  0.000000e+00  0.000000e+00
4.739354e+01  4.019404e+02  1.540007e+02  5.182881e+00  1.222938e+01  1.987902e+01  0.000000e+00  1.892275e+01  0.000000e+00  0.000000e+00  0.000000e+00  0.000000e+00  0.000000e+00  7.276465e+00  0.000000e+00  0.000000e+00  0.000000e+00
5.317643e+01  3.508840e+02  9.104577e+01  1.303904e+01  0.000000e+00  4.355660e+01  0.000000e+00  2.527958e+01  0.000000e+00  0.000000e+00  0.000000e+00  2.970403e-01  0.000000e+00  0.000000e+00  0.000000e+00  0.000000e+00  0.000000e+00
5.966493e+01  4.666434e+02  1.661199e+02  1.433724e+01  7.504144e+00  2.588360e+01  0.000000e+00  1.841879e+01  0.000000e+00  0.000000e+00  0.000000e+00  7.125941e-01  0.000000e+00  1.310456e-01  0.000000e+00  0.000000e+00  0.000000e+00
6.694516e+01  5.063663e+02  1.380756e+02  2.376818e+01  0.000000e+00  6.203777e+01  0.000000e+00  6.750931e+00  0.000000e+00  1.412216e-01  0.000000e+00  2.919433e+00  0.000000e+00  5.351107e+01  0.000000e+00  0.000000e+00  0.000000e+00
7.511370e+01  5.280328e+02  1.802936e+02  1.696864e+01  7.136618e+00  3.446919e+01  0.000000e+00  1.602998e+01  0.000000e+00  0.000000e+00  0.000000e+00  3.893067e-01  0.000000e+00  1.714627e+04  0.000000e+00  0.000000e+00  0.000000e+00
8.427896e+01  6.698726e+02  2.125842e+02  1.273930e+01  1.631020e+01  5.189668e+01  0.000000e+00  2.569141e+01  0.000000e+00  0.000000e+00  0.000000e+00  0.000000e+00  0.000000e+00  2.087544e+04  0.000000e+00  0.000000e+00  0.000000e+00
9.456255e+01  6.758111e+02  1.682173e+02  1.454292e+01  8.742068e+00  4.500636e+01  0.000000e+00  8.296211e+00  0.000000e+00  1.008899e-01  0.000000e+00  9.126649e-04  0.000000e+00  1.567908e+04  0.000000e+00  0.000000e+00  0.000000e+00
1.061009e+02  7.989499e+02  2.162510e+02  1.327173e+01  3.410186e+00  6.371405e+01  0.000000e+00  1.570189e+01  0.000000e+00  0.000000e+00  4.007211e-01  4.315279e+00  0.000000e+00  1.212952e+04  0.000000e+00  0.000000e+00  0.000000e+00
1.190472e+02  8.541488e+02  2.750070e+02  2.797841e+01  4.530468e+00  5.472533e+01  0.000000e+00  7.699259e+00  0.000000e+00  1.697639e+00  1.641718e+00  1.081863e+04  0.000000e+00  8.848592e+03  0.000000e+00  1.338870e-01  0.000000e+00
1.335731e+02  9.665869e+02  3.051246e+02  1.974476e+01  1.782038e-03  7.273986e+01  0.000000e+00  1.004055e+01  0.000000e+00  0.000000e+00  0.000000e+00  8.913106e+03  0.000000e+00  6.472830e+03  0.000000e+00  0.000000e+00  0.000000e+00
1.498715e+02  2.383420e+03  3.500850e+02  1.612469e+01  4.612374e+00  4.430608e+01  0.000000e+00  1.557825e+01  0.000000e+00  2.718223e+00  7.254373e-01  6.689509e+03  0.000000e+00  4.846944e+03  0.000000e+00  0.000000e+00  0.000000e+00
1.681586e+02  3.444242e+03  3.497433e+02  1.937469e+01  4.915456e+00  3.704059e+01  5.132292e-04  2.131618e+01  0.000000e+00  5.145408e-01  0.000000e+00  4.914319e+03  0.000000e+00  3.517577e+03  0.000000e+00  0.000000e+00  0.000000e+00
1.886771e+02  1.991287e+03  4.196617e+02  1.398446e+01  5.214666e+00  7.803263e+01  2.373019e+00  1.929361e+01  1.539766e+00  1.539766e+00  0.000000e+00  3.730399e+03  0.000000e+00  2.636146e+03  0.000000e+00  0.000000e+00  0.000000e+00
2.116992e+02  8.660866e+02  5.172513e+02  1.840895e+01  1.107236e+01  3.221460e+01  1.372318e+00  1.917229e+01  0.000000e+00  0.000000e+00  4.076724e-04  2.875322e+03  0.000000e+00  1.723362e+03  0.000000e+00  1.124390e-03  0.000000e+00
2.375304e+02  6.230985e+02  2.717676e+03  2.970337e+01  1.070198e+01  4.836524e+01  6.720756e-01  1.954604e+01  2.441747e+00  0.000000e+00  8.508351e-01  2.144472e+03  0.000000e+00  1.244957e+03  0.000000e+00  1.682111e+00  0.000000e+00
2.665135e+02  5.112918e+02  2.257455e+03  3.048123e+01  6.145901e+00  6.744807e+01  1.253065e+00  1.501159e+01  0.000000e+00  1.090071e+00  3.221909e-01  1.589540e+03  0.000000e+00  9.088164e+02  0.000000e+00  0.000000e+00  0.000000e+00
2.990330e+02  3.074180e+02  3.391061e+02  1.689736e+01  6.081253e+00  5.394026e+01  2.198735e-02  2.800284e+01  4.793075e-04  1.321965e-03  3.190419e-02  1.198294e+03  0.000000e+00  6.833956e+02  0.000000e+00  0.000000e+00  0.000000e+00
3.355206e+02  2.661676e+02  2.967330e+02  1.991619e+01  7.706173e+00  5.709394e+01  8.658740e-01  2.039596e+01  9.515861e-01  7.321014e-01  5.878243e-01  8.853708e+02  2.330356e-02  4.488316e+02  0.000000e+00  0.000000e+00  3.227533e-03
3.764603e+02  1.783927e+02  2.214241e+02  2.371806e+01  5.004726e+00  6.494059e+01  7.658412e-02  1.488976e+01  0.000000e+00  8.871019e-01  0.000000e+00  5.996390e+02  0.000000e+00  3.298553e+02  0.000000e+00  0.000000e+00  0.000000e+00
4.223954e+02  1.153491e+02  1.807752e+02  1.551545e+01  7.266570e+00  5.399663e+01  5.818682e-01  2.225705e+01  1.478797e+00  6.881275e-01  4.632624e-01  4.575719e+02  0.000000e+00  1.881807e+02  0.000000e+00  5.635300e-04  0.000000e+00
4.739354e+02  8.791065e+01  1.451428e+02  2.208732e+01  1.342749e+01  4.545959e+01  6.079984e-01  1.926715e+01  1.009217e+00  2.280187e-01  0.000000e+00  2.753137e+02  0.000000e+00  1.264455e+02  2.280187e-01  0.000000e+00  0.000000e+00
5.317643e+02  6.660475e+01  9.510539e+01  2.210533e+01  6.129851e+00  4.993065e+01  1.609228e+00  1.880012e+01  1.534550e+00  1.511681e+00  5.793908e-01  2.249215e+02  0.000000e+00  1.004408e+02  1.622973e-04  7.513712e-01  0.000000e+00
5.966493e+02  5.960665e+01  7.967927e+01  2.251808e+01  9.569017e+00  4.919257e+01  1.095145e+00  1.714626e+01  1.671919e+00  9.768256e-01  9.016211e-02  1.695907e+02  0.000000e+00  6.547734e+01  0.000000e+00  6.625519e-04  0.000000e+00
6.694516e+02  4.478579e+01  6.638100e+01  2.800986e+01  1.511115e+01  4.651592e+01  1.264716e+00  2.283697e+01  1.293209e+00  1.171280e+00  3.160099e-01  1.160088e+02  0.000000e+00  3.345514e+01  0.000000e+00  0.000000e+00  0.000000e+00
7.511370e+02  3.577510e+01  5.144632e+01  2.002125e+01  1.233826e+01  3.115847e+01  4.366946e-01  1.715720e+01  1.705453e+00  9.470186e-01  2.229383e-01  7.121822e+01  0.000000e+00  2.450115e+01  0.000000e+00  0.000000e+00  0.000000e+00
8.427896e+02  2.242519e+01  4.183499e+01  1.652793e+01  1.424119e+01  3.368456e+01  1.065380e+00  1.932140e+01  6.877087e-01  2.997253e-01  1.850290e-01  3.935566e+01  0.000000e+00  1.243721e+01  0.000000e+00  3.088429e-01  0.000000e+00
9.456255e+02  2.130554e+01  3.576750e+01  2.175701e+01  8.767583e+00  2.887129e+01  1.033805e+00  1.928813e+01  2.053154e+00  0.000000e+00  8.661576e-01  3.085337e+01  1.887908e-03  9.809090e+00  0.000000e+00  0.000000e+00  0.000000e+00
1.061009e+03  1.951791e+01  2.481564e+01  2.018836e+01  1.402487e+01  2.256318e+01  1.428184e+00  1.866906e+01  1.523252e+00  1.736561e+00  8.208642e-02  2.308248e+01  0.000000e+00  3.015445e+00  1.059308e-02  7.369234e-03  0.000000e+00
1.190472e+03  1.299482e+01  2.164226e+01  1.864559e+01  1.426672e+01  1.797604e+01  1.243368e+00  1.108571e+01  1.854217e+00  7.993239e-01  1.832339e-01  1.427967e+01  0.000000e+00  4.174226e+00  0.000000e+00  0.000000e+00  0.000000e+00
1.335731e+03  1.260923e+01  1.858312e+01  1.519873e+01  1.106392e+01  1.446228e+01  6.351025e-01  1.502753e+01  6.801703e-01  1.300023e+00  2.019310e-01  7.037258e+00  0.000000e+00  1.110815e+00  1.948667e-01  0.000000e+00  0.000000e+00
1.498715e+03  8.168584e+00  1.401694e+01  1.279183e+01  1.137024e+01  9.738204e+00  1.733173e+00  1.256152e+01  2.034068e+00  1.578499e+00  3.044614e-01  4.667596e+00  2.125767e-03  2.218635e+00  0.000000e+00  0.000000e+00  4.650819e-03
1.681586e+03  3.176452e+00  1.236936e+01  9.571423e+00  1.011950e+01  1.116773e+01  1.094752e+00  9.971891e+00  1.320648e+00  1.187099e+00  5.174721e-01  3.913575e+00  0.000000e+00  1.590981e+00  8.607380e-02  0.000000e+00  6.439774e-04
1.886771e+03  4.015534e+00  7.560602e+00  9.651960e+00  1.334047e+01  8.946024e+00  1.041050e+00  8.986533e+00  1.359815e+00  9.753871e-01  5.449078e-01  2.034117e+00  1.586999e-01  1.770001e-01  5.518999e-02  3.478197e-04  0.000000e+00
2.116992e+03  3.561053e+00  7.817361e+00  6.295099e+00  8.148809e+00  3.625771e+00  8.534776e-01  6.453606e+00  1.218600e+00  3.260186e-01  4.525300e-01  7.788567e-01  8.286943e-02  3.434219e-01  1.124390e-04  0.000000e+00  1.124390e-04
2.375304e+03  1.351513e+00  4.699324e+00  5.482790e+00  1.103205e+01  3.459776e+00  1.385094e+00  5.775461e+00  1.153908e+00  8.122225e-01  1.618674e-01  1.267061e+00  6.034124e-05  0.000000e+00  6.649904e-03  0.000000e+00  1.793589e-02
2.665135e+03  1.369734e+00  3.131864e+00  4.434427e+00  8.843116e+00  1.722477e+00  1.111655e+00  3.624084e+00  1.937382e+00  3.743801e-01  7.138060e-01  5.266125e-01  1.713921e-01  1.211671e-01  2.018478e-02  0.000000e+00  7.452824e-02
2.990330e+03  2.355565e-01  2.157786e+00  2.668810e+00  6.741617e+00  1.419030e+00  1.278256e+00  2.548394e+00  1.380718e+00  1.936211e-01  1.609971e-01  3.939639e-01  1.770172e-02  0.000000e+00  1.812190e-02  0.000000e+00  9.420545e-02
3.355206e+03  2.246786e-01  2.446527e+00  2.159291e+00  6.968078e+00  4.198086e-01  1.366405e+00  1.716079e+00  8.789715e-01  2.713521e-01  2.864241e-01  5.720583e-02  1.022404e-01  9.196045e-02  2.030569e-03  0.000000e+00  9.666662e-05
3.764603e+03  1.026389e-01  9.360202e-01  1.561102e+00  4.373867e+00  2.880144e-01  9.236746e-01  9.693285e-01  6.338633e-01  1.453651e-01  2.447746e-01  1.501725e-01  5.000148e-03  2.292511e-05  7.994989e-02  0.000000e+00  3.250203e-02
4.223954e+03  2.985099e-03  7.842273e-01  5.239450e-01  3.589518e+00  9.122597e-02  5.157379e-01  9.323963e-01  6.810440e-01  1.998079e-01  1.495821e-01  1.286032e-01  1.516341e-02  0.000000e+00  7.759690e-02  0.000000e+00  2.161544e-02
4.739354e+03  6.170096e-03  4.515582e-01  7.843443e-01  3.160420e+00  1.342658e-01  6.096877e-01  1.609129e-01  4.156993e-01  7.746268e-02  8.456384e-02  7.398533e-02  3.164582e-02  1.384695e-04  1.201125e-03  0.000000e+00  4.236671e-03
5.317643e+03  7.478584e-02  3.445836e-01  4.055115e-01  1.970320e+00  4.954644e-03  4.117708e-01  3.692911e-02  7.737477e-01  2.394301e-01  1.157680e-01  1.929227e-02  6.743560e-02  0.000000e+00  2.881865e-02  0.000000e+00  8.533033e-02
5.966493e+03  1.064879e-02  1.522848e-01  1.288812e-01  9.819795e-01  5.549197e-02  5.266495e-01  4.146494e-02  2.146917e-01  8.521764e-02  1.855292e-01  1.101978e-03  3.093563e-03  0.000000e+00  7.235932e-03  0.000000e+00  1.470542e-02
6.694516e+03  2.140988e-05  9.004493e-02  1.301042e-01  6.529240e-01  3.622026e-03  6.855947e-01  4.136394e-03  1.580871e-01  7.848916e-02  1.525684e-01  4.580841e-02  1.317962e-01  0.000000e+00  4.551263e-03  0.000000e+00  1.617598e-04
7.511370e+03  1.465078e-03  6.154497e-02  1.466380e-01  4.926298e-01  3.552807e-02  3.096646e-01  2.350888e-02  9.911004e-02  1.921690e-02  8.915667e-02  1.299494e-03  1.292876e-02  0.000000e+00  4.882645e-04  0.000000e+00  6.725287e-02
8.427896e+03  5.044780e-03  3.121751e-02  7.307056e-02  5.769752e-02  5.824921e-03  3.566666e-01  8.324911e-02  2.150797e-01  2.238368e-02  1.397545e-02  4.637976e-02  3.535424e-02  0.000000e+00  2.587319e-04  0.000000e+00  7.432522e-03
9.456255e+03  0.000000e+00  9.621433e-03  6.682385e-02  1.828160e-01  7.231549e-03  2.565530e-01  2.517196e-05  7.617957e-02  3.523695e-02  1.847141e-02  9.035936e-02  4.226834e-02  0.000000e+00  1.701343e-02  0.000000e+00  7.204729e-04
1.061009e+04  0.000000e+00  5.921836e-02  3.673153e-02  1.066492e-01  1.511163e-03  1.467230e-01  7.885595e-03  6.207057e-02  6.793802e-04  3.333191e-02  2.179553e-02  3.202490e-02  0.000000e+00  1.350872e-05  0.000000e+00  1.486694e-02
1.190472e+04  0.000000e+00  8.716017e-05  9.096423e-05  4.983939e-02  0.000000e+00  3.927757e-02  7.249555e-06  1.495482e-03  2.407932e-05  2.752837e-02  1.216741e-01  2.508454e-02  0.000000e+00  1.588295e-03  0.000000e+00  4.002424e-03
1.335731e+04  0.000000e+00  5.079826e-03  3.664830e-02  5.871770e-02  0.000000e+00  7.147253e-02  2.959511e-05  6.016714e-03  4.986965e-04  1.792752e-02  8.645284e-03  2.388122e-03  0.000000e+00  0.000000e+00  0.000000e+00  5.031293e-03
1.498715e+04  0.000000e+00  9.637021e-03  2.125767e-04  1.878232e-03  0.000000e+00  2.394350e-02  0.000000e+00  4.418295e-02  5.217018e-04  2.880676e-03  3.176487e-05  4.721920e-02  0.000000e+00  2.544588e-05  0.000000e+00  1.902890e-02
1.681586e+04  0.000000e+00  4.850833e-04  8.523426e-06  1.016013e-03  0.000000e+00  4.329550e-02  5.132292e-06  1.884160e-03  0.000000e+00  1.894592e-04  1.061649e-04  8.790597e-05  0.000000e+00  6.426095e-03  0.000000e+00  1.055735e-02
1.886771e+04  0.000000e+00  9.155196e-04  0.000000e+00  5.753097e-03  0.000000e+00  2.834105e-02  0.000000e+00  1.962529e-02  0.000000e+00  0.000000e+00  4.541623e-03  5.904023e-03  0.000000e+00  1.608249e-02  0.000000e+00  6.726222e-03
2.116992e+04  0.000000e+00  4.076724e-06  0.000000e+00  3.221030e-03  0.000000e+00  2.274998e-05  0.000000e+00  2.008363e-03  0.000000e+00  0.000000e+00  0.000000e+00  5.104703e-03  0.000000e+00  2.608449e-02  0.000000e+00  2.008363e-03
2.375304e+04  0.000000e+00  0.000000e+00  0.000000e+00  3.633384e-06  0.000000e+00  2.083402e-03  4.559011e-05  2.768043e-04  0.000000e+00  3.291716e-04  2.264770e-03  1.206825e-05  0.000000e+00  0.000000e+00  0.000000e+00  7.520931e-03
2.665135e+04  0.000000e+00  4.063223e-05  0.000000e+00  5.421435e-03  0.000000e+00  0.000000e+00  0.000000e+00  0.000000e+00  0.000000e+00  2.462375e-05  0.000000e+00  0.000000e+00  0.000000e+00  0.000000e+00  0.000000e+00  4.063223e-05
2.990330e+04  0.000000e+00  0.000000e+00  0.000000e+00  3.161558e-04  0.000000e+00  0.000000e+00  0.000000e+00  0.000000e+00  0.000000e+00  0.000000e+00  0.000000e+00  5.360293e-04  0.000000e+00  2.018844e-03  0.000000e+00  9.855735e-04
3.355206e+04  0.000000e+00  0.000000e+00  0.000000e+00  0.000000e+00  0.000000e+00  0.000000e+00  0.000000e+00  0.000000e+00  0.000000e+00  0.000000e+00  0.000000e+00  7.094423e-06  0.000000e+00  1.190843e-02  0.000000e+00  3.911868e-05
3.764603e+04  0.000000e+00  0.000000e+00  0.000000e+00  8.462833e-05  0.000000e+00  0.000000e+00  0.000000e+00  0.000000e+00  0.000000e+00  0.000000e+00  0.000000e+00  2.511315e-04  0.000000e+00  8.462833e-05  0.000000e+00  2.292511e-06
4.223954e+04  0.000000e+00  0.000000e+00  0.000000e+00  4.226500e-05  0.000000e+00  0.000000e+00  0.000000e+00  5.000941e-03  0.000000e+00  0.000000e+00  0.000000e+00  3.026395e-04  0.000000e+00  0.000000e+00  0.000000e+00  0.000000e+00
4.739354e+04  0.000000e+00  0.000000e+00  0.000000e+00  0.000000e+00  0.000000e+00  0.000000e+00  0.000000e+00  1.821006e-06  0.000000e+00  0.000000e+00  0.000000e+00  3.948973e-05  0.000000e+00  1.994809e-04  0.000000e+00  0.000000e+00
5.317643e+04  0.000000e+00  0.000000e+00  0.000000e+00  0.000000e+00  0.000000e+00  0.000000e+00  0.000000e+00  0.000000e+00  0.000000e+00  0.000000e+00  0.000000e+00  0.000000e+00  0.000000e+00  0.000000e+00  0.000000e+00  0.000000e+00
5.966493e+04  0.000000e+00  0.000000e+00  0.000000e+00  0.000000e+00  0.000000e+00  0.000000e+00  0.000000e+00  0.000000e+00  0.000000e+00  0.000000e+00  0.000000e+00  0.000000e+00  0.000000e+00  0.000000e+00  0.000000e+00  0.000000e+00
6.694516e+04  0.000000e+00  0.000000e+00  0.000000e+00  0.000000e+00  0.000000e+00  0.000000e+00  0.000000e+00  0.000000e+00  0.000000e+00  0.000000e+00  0.000000e+00  0.000000e+00  0.000000e+00  0.000000e+00  0.000000e+00  9.950304e-05
7.511370e+04  0.000000e+00  0.000000e+00  0.000000e+00  0.000000e+00  0.000000e+00  0.000000e+00  0.000000e+00  0.000000e+00  0.000000e+00  0.000000e+00  0.000000e+00  0.000000e+00  0.000000e+00  0.000000e+00  0.000000e+00  1.921690e-03
8.427896e+04  0.000000e+00  0.000000e+00  0.000000e+00  0.000000e+00  0.000000e+00  0.000000e+00  0.000000e+00  0.000000e+00  0.000000e+00  0.000000e+00  0.000000e+00  0.000000e+00  0.000000e+00  0.000000e+00  0.000000e+00  0.000000e+00
9.456255e+04  0.000000e+00  0.000000e+00  0.000000e+00  0.000000e+00  0.000000e+00  0.000000e+00  0.000000e+00  0.000000e+00  0.000000e+00  0.000000e+00  0.000000e+00  0.000000e+00  0.000000e+00  0.000000e+00  0.000000e+00  0.000000e+00
1.061009e+05  0.000000e+00  0.000000e+00  0.000000e+00  0.000000e+00  0.000000e+00  0.000000e+00  0.000000e+00  0.000000e+00  0.000000e+00  0.000000e+00  0.000000e+00  0.000000e+00  0.000000e+00  0.000000e+00  0.000000e+00  0.000000e+00
1.190472e+05  0.000000e+00  0.000000e+00  0.000000e+00  0.000000e+00  0.000000e+00  0.000000e+00  0.000000e+00  0.000000e+00  0.000000e+00  0.000000e+00  0.000000e+00  0.000000e+00  0.000000e+00  0.000000e+00  0.000000e+00  0.000000e+00
1.335731e+05  0.000000e+00  0.000000e+00  0.000000e+00  0.000000e+00  0.000000e+00  0.000000e+00  0.000000e+00  0.000000e+00  0.000000e+00  0.000000e+00  0.000000e+00  0.000000e+00  0.000000e+00  0.000000e+00  0.000000e+00  0.000000e+00
1.498715e+05  0.000000e+00  0.000000e+00  0.000000e+00  0.000000e+00  0.000000e+00  0.000000e+00  0.000000e+00  0.000000e+00  0.000000e+00  0.000000e+00  0.000000e+00  0.000000e+00  0.000000e+00  0.000000e+00  0.000000e+00  0.000000e+00
1.681586e+05  0.000000e+00  0.000000e+00  0.000000e+00  0.000000e+00  0.000000e+00  0.000000e+00  0.000000e+00  0.000000e+00  0.000000e+00  0.000000e+00  0.000000e+00  0.000000e+00  0.000000e+00  0.000000e+00  0.000000e+00  0.000000e+00
1.886771e+05  0.000000e+00  0.000000e+00  0.000000e+00  0.000000e+00  0.000000e+00  0.000000e+00  0.000000e+00  0.000000e+00  0.000000e+00  0.000000e+00  0.000000e+00  0.000000e+00  0.000000e+00  0.000000e+00  0.000000e+00  0.000000e+00
2.116992e+05  0.000000e+00  0.000000e+00  0.000000e+00  0.000000e+00  0.000000e+00  0.000000e+00  0.000000e+00  0.000000e+00  0.000000e+00  0.000000e+00  0.000000e+00  0.000000e+00  0.000000e+00  0.000000e+00  0.000000e+00  0.000000e+00
2.375304e+05  0.000000e+00  0.000000e+00  0.000000e+00  0.000000e+00  0.000000e+00  0.000000e+00  0.000000e+00  0.000000e+00  0.000000e+00  0.000000e+00  0.000000e+00  0.000000e+00  0.000000e+00  0.000000e+00  0.000000e+00  0.000000e+00
2.665135e+05  0.000000e+00  0.000000e+00  0.000000e+00  0.000000e+00  0.000000e+00  0.000000e+00  0.000000e+00  0.000000e+00  0.000000e+00  0.000000e+00  0.000000e+00  0.000000e+00  0.000000e+00  0.000000e+00  0.000000e+00  0.000000e+00
2.990330e+05  0.000000e+00  0.000000e+00  0.000000e+00  0.000000e+00  0.000000e+00  0.000000e+00  0.000000e+00  0.000000e+00  0.000000e+00  0.000000e+00  0.000000e+00  0.000000e+00  0.000000e+00  0.000000e+00  0.000000e+00  0.000000e+00
3.355206e+05  0.000000e+00  0.000000e+00  0.000000e+00  0.000000e+00  0.000000e+00  0.000000e+00  0.000000e+00  0.000000e+00  0.000000e+00  0.000000e+00  0.000000e+00  0.000000e+00  0.000000e+00  0.000000e+00  0.000000e+00  0.000000e+00
3.764603e+05  0.000000e+00  0.000000e+00  0.000000e+00  0.000000e+00  0.000000e+00  0.000000e+00  0.000000e+00  0.000000e+00  0.000000e+00  0.000000e+00  0.000000e+00  0.000000e+00  0.000000e+00  0.000000e+00  0.000000e+00  0.000000e+00
4.223954e+05  0.000000e+00  0.000000e+00  0.000000e+00  0.000000e+00  0.000000e+00  0.000000e+00  0.000000e+00  0.000000e+00  0.000000e+00  0.000000e+00  0.000000e+00  0.000000e+00  0.000000e+00  0.000000e+00  0.000000e+00  0.000000e+00
4.739354e+05  0.000000e+00  0.000000e+00  0.000000e+00  0.000000e+00  0.000000e+00  0.000000e+00  0.000000e+00  0.000000e+00  0.000000e+00  0.000000e+00  0.000000e+00  0.000000e+00  0.000000e+00  0.000000e+00  0.000000e+00  0.000000e+00
5.317643e+05  0.000000e+00  0.000000e+00  0.000000e+00  0.000000e+00  0.000000e+00  0.000000e+00  0.000000e+00  0.000000e+00  0.000000e+00  0.000000e+00  0.000000e+00  0.000000e+00  0.000000e+00  0.000000e+00  0.000000e+00  0.000000e+00
5.966493e+05  0.000000e+00  0.000000e+00  0.000000e+00  0.000000e+00  0.000000e+00  0.000000e+00  0.000000e+00  0.000000e+00  0.000000e+00  0.000000e+00  0.000000e+00  0.000000e+00  0.000000e+00  0.000000e+00  0.000000e+00  0.000000e+00
6.694516e+05  0.000000e+00  0.000000e+00  0.000000e+00  0.000000e+00  0.000000e+00  0.000000e+00  0.000000e+00  0.000000e+00  0.000000e+00  0.000000e+00  0.000000e+00  0.000000e+00  0.000000e+00  0.000000e+00  0.000000e+00  0.000000e+00
7.511370e+05  0.000000e+00  0.000000e+00  0.000000e+00  0.000000e+00  0.000000e+00  0.000000e+00  0.000000e+00  0.000000e+00  0.000000e+00  0.000000e+00  0.000000e+00  0.000000e+00  0.000000e+00  0.000000e+00  0.000000e+00  0.000000e+00
8.427896e+05  0.000000e+00  0.000000e+00  0.000000e+00  0.000000e+00  0.000000e+00  0.000000e+00  0.000000e+00  0.000000e+00  0.000000e+00  0.000000e+00  0.000000e+00  0.000000e+00  0.000000e+00  0.000000e+00  0.000000e+00  0.000000e+00
9.456255e+05  0.000000e+00  0.000000e+00  0.000000e+00  0.000000e+00  0.000000e+00  0.000000e+00  0.000000e+00  0.000000e+00  0.000000e+00  0.000000e+00  0.000000e+00  0.000000e+00  0.000000e+00  0.000000e+00  0.000000e+00  0.000000e+00
