# dR/dEr [1/keV/kg/Myr]
# Er [keV], S, F, Ne, Cl, Na, Si, O, P, N, C, Al, Mg, Be, B, Ar, Li
1.061009e+01  1.770482e+01  1.341766e+01  0.000000e+00  0.000000e+00  4.984804e+00  0.000000e+00  1.179157e+00  0.000000e+00  0.000000e+00  0.000000e+00  0.000000e+00  0.000000e+00  4.738864e-02  0.000000e+00  0.000000e+00  0.000000e+00
1.190472e+01  6.602477e+00  1.397314e+00  0.000000e+00  0.000000e+00  2.103385e+00  0.000000e+00  0.000000e+00  0.000000e+00  0.000000e+00  0.000000e+00  0.000000e+00  0.000000e+00  0.000000e+00  0.000000e+00  0.000000e+00  0.000000e+00
1.335731e+01  9.625911e+00  1.976717e+00  0.000000e+00  0.000000e+00  0.000000e+00  0.000000e+00  0.000000e+00  0.000000e+00  0.000000e+00  0.000000e+00  0.000000e+00  0.000000e+00  0.000000e+00  0.000000e+00  0.000000e+00  0.000000e+00
1.498715e+01  2.435172e+00  2.698467e+00  0.000000e+00  0.000000e+00  1.016011e+00  0.000000e+00  4.029729e-01  0.000000e+00  0.000000e+00  0.000000e+00  0.000000e+00  0.000000e+00  0.000000e+00  0.000000e+00  0.000000e+00  0.000000e+00
1.681586e+01  6.022131e+00  2.826481e+00  8.697117e-01  0.000000e+00  1.702173e+00  3.591499e-01  0.000000e+00  0.000000e+00  0.000000e+00  0.000000e+00  0.000000e+00  0.000000e+00  0.000000e+00  0.000000e+00  0.000000e+00  0.000000e+00
1.886771e+01  4.121248e+00  3.184708e+00  0.000000e+00  0.000000e+00  7.751314e-01  0.000000e+00  0.000000e+00  0.000000e+00  0.000000e+00  0.000000e+00  0.000000e+00  0.000000e+00  0.000000e+00  0.000000e+00  0.000000e+00  0.000000e+00
2.116992e+01  4.184146e+00  3.522480e+00  0.000000e+00  0.000000e+00  8.405240e-01  0.000000e+00  3.687436e-01  0.000000e+00  0.000000e+00  0.000000e+00  2.355358e-01  0.000000e+00  0.000000e+00  0.000000e+00  0.000000e+00  0.000000e+00
2.375304e+01  7.729702e+00  1.516242e+00  9.396362e-01  0.000000e+00  1.989914e+00  0.000000e+00  6.157088e-01  0.000000e+00  0.000000e+00  0.000000e+00  0.000000e+00  0.000000e+00  0.000000e+00  0.000000e+00  0.000000e+00  0.000000e+00
2.665135e+01  6.750718e+00  3.256458e+00  2.929035e-01  2.259377e-02  4.669060e-01  0.000000e+00  0.000000e+00  6.526444e-01  0.000000e+00  0.000000e+00  0.000000e+00  0.000000e+00  0.000000e+00  0.000000e+00  0.000000e+00  0.000000e+00
2.990330e+01  7.649981e+00  3.488529e+00  3.570448e-01  0.000000e+00  5.014410e-01  0.000000e+00  4.630153e-01  0.000000e+00  0.000000e+00  0.000000e+00  6.652604e-02  0.000000e+00  3.599845e-01  0.000000e+00  0.000000e+00  0.000000e+00
3.355206e+01  9.759749e+00  2.634220e+00  3.754325e-01  0.000000e+00  7.629963e-01  0.000000e+00  1.018472e+00  0.000000e+00  0.000000e+00  0.000000e+00  3.256680e-01  0.000000e+00  3.579482e-01  0.000000e+00  0.000000e+00  0.000000e+00
3.764603e+01  1.095934e+01  1.998350e+00  2.774327e-03  2.073598e-01  1.336588e+00  0.000000e+00  2.435482e-02  0.000000e+00  0.000000e+00  0.000000e+00  0.000000e+00  0.000000e+00  4.306064e-03  0.000000e+00  0.000000e+00  0.000000e+00
4.223954e+01  9.878263e+00  4.968685e+00  1.573662e-01  0.000000e+00  2.365229e+00  0.000000e+00  2.897981e-01  0.000000e+00  0.000000e+00  0.000000e+00  1.095449e-01  0.000000e+00  1.768057e+00  0.000000e+00  0.000000e+00  0.000000e+00
4.739354e+01  1.373275e+01  5.424491e+00  1.647117e-01  4.304976e-01  6.430161e-01  0.000000e+00  5.930302e-01  0.000000e+00  0.000000e+00  0.000000e+00  0.000000e+00  0.000000e+00  6.176877e-01  0.000000e+00  0.000000e+00  0.000000e+00
5.317643e+01  1.212239e+01  3.030350e+00  4.071721e-01  0.000000e+00  1.648198e+00  0.000000e+00  7.879790e-01  0.000000e+00  0.000000e+00  0.000000e+00  9.376850e-02  0.000000e+00  0.000000e+00  0.000000e+00  0.000000e+00  0.000000e+00
5.966493e+01  1.607966e+01  5.745533e+00  4.536773e-01  2.320574e-01  1.166297e+00  0.000000e+00  8.744308e-01  0.000000e+00  0.000000e+00  0.000000e+00  1.442291e-01  0.000000e+00  4.494117e-02  0.000000e+00  0.000000e+00  0.000000e+00
6.694516e+01  1.757594e+01  4.822354e+00  7.612907e-01  0.000000e+00  2.227538e+00  0.000000e+00  2.274565e-01  0.000000e+00  5.542247e-02  0.000000e+00  3.222833e-01  0.000000e+00  4.366086e+00  0.000000e+00  0.000000e+00  0.000000e+00
7.511370e+01  1.844134e+01  6.724133e+00  7.281472e-01  2.481032e-01  1.381022e+00  0.000000e+00  5.722909e-01  0.000000e+00  0.000000e+00  0.000000e+00  8.849350e-02  0.000000e+00  1.279753e+03  0.000000e+00  0.000000e+00  0.000000e+00
8.427896e+01  2.345414e+01  7.400542e+00  4.271775e-01  6.040281e-01  1.904134e+00  0.000000e+00  1.075509e+00  0.000000e+00  0.000000e+00  0.000000e+00  0.000000e+00  0.000000e+00  1.557457e+03  0.000000e+00  0.000000e+00  0.000000e+00
9.456255e+01  2.319104e+01  5.740887e+00  6.348794e-01  2.937884e-01  1.743314e+00  0.000000e+00  2.895818e-01  0.000000e+00  3.969457e-02  0.000000e+00  4.584713e-04  0.000000e+00  1.184225e+03  0.000000e+00  0.000000e+00  0.000000e+00
1.061009e+02  2.716856e+01  7.596897e+00  4.711205e-01  1.010375e-01  2.383646e+00  0.000000e+00  4.899132e-01  0.000000e+00  0.000000e+00  8.110597e-02  2.917746e-01  0.000000e+00  8.985201e+02  0.000000e+00  0.000000e+00  0.000000e+00
1.190472e+02  2.924733e+01  9.659134e+00  1.007457e+00  1.571703e-01  2.300925e+00  0.000000e+00  3.394877e-01  0.000000e+00  5.073128e-02  1.812332e-01  7.923769e+02  0.000000e+00  6.613114e+02  0.000000e+00  4.245009e-02  0.000000e+00
1.335731e+02  3.288907e+01  1.034946e+01  7.568192e-01  7.819117e-04  2.636124e+00  0.000000e+00  3.993011e-01  0.000000e+00  0.000000e+00  0.000000e+00  6.642223e+02  0.000000e+00  4.872709e+02  0.000000e+00  0.000000e+00  0.000000e+00
1.498715e+02  8.027150e+01  1.205471e+01  5.289747e-01  1.668159e-01  1.528173e+00  0.000000e+00  7.647100e-01  0.000000e+00  8.671223e-02  1.177358e-01  4.965022e+02  0.000000e+00  3.643578e+02  0.000000e+00  0.000000e+00  0.000000e+00
1.681586e+02  1.152702e+02  1.223699e+01  7.322944e-01  1.702173e-01  1.350002e+00  2.578173e-04  8.975712e-01  0.000000e+00  9.207261e-02  0.000000e+00  3.698819e+02  0.000000e+00  2.683727e+02  0.000000e+00  0.000000e+00  0.000000e+00
1.886771e+02  6.728544e+01  1.432122e+01  5.427655e-01  1.676913e-01  2.890494e+00  7.338299e-02  8.759050e-01  5.293463e-02  5.293463e-02  0.000000e+00  2.739530e+02  0.000000e+00  1.959558e+02  0.000000e+00  0.000000e+00  0.000000e+00
2.116992e+02  2.938500e+01  1.791240e+01  6.854414e-01  4.364715e-01  1.248473e+00  4.717804e-02  6.729804e-01  0.000000e+00  0.000000e+00  2.047916e-04  2.173155e+02  0.000000e+00  1.325172e+02  0.000000e+00  4.933529e-04  0.000000e+00
2.375304e+02  2.136252e+01  9.076601e+01  1.035324e+00  3.574806e-01  1.796699e+00  1.952341e-02  7.832809e-01  8.657803e-02  0.000000e+00  2.542587e-02  1.621140e+02  0.000000e+00  9.707997e+01  0.000000e+00  7.986431e-02  0.000000e+00
2.665135e+02  1.759495e+01  7.579811e+01  1.045906e+00  2.979929e-01  2.598921e+00  4.726415e-02  5.967459e-01  0.000000e+00  3.747485e-02  5.715060e-02  1.184562e+02  0.000000e+00  6.714019e+01  0.000000e+00  0.000000e+00  0.000000e+00
2.990330e+02  1.083066e+01  1.157012e+01  5.806992e-01  2.098043e-01  1.979558e+00  6.303337e-03  1.143789e+00  2.250271e-04  5.421014e-04  1.255253e-02  8.941109e+01  0.000000e+00  5.017993e+01  0.000000e+00  0.000000e+00  0.000000e+00
3.355206e+02  9.583739e+00  1.041373e+01  6.814384e-01  2.869072e-01  2.088882e+00  2.976733e-02  8.288732e-01  2.764303e-02  2.326615e-02  6.609865e-02  6.695309e+01  7.991796e-03  3.533783e+01  0.000000e+00  0.000000e+00  1.159710e-03
3.764603e+02  6.375912e+00  7.754224e+00  8.813387e-01  2.976615e-01  2.335561e+00  2.596690e-02  5.771848e-01  0.000000e+00  3.346046e-02  0.000000e+00  4.345242e+01  0.000000e+00  2.566092e+01  0.000000e+00  0.000000e+00  0.000000e+00
4.223954e+02  4.122162e+00  6.560815e+00  5.483525e-01  2.784529e-01  2.000560e+00  1.864027e-02  7.978521e-01  6.858415e-02  2.380434e-02  5.132572e-02  3.357689e+01  0.000000e+00  1.366498e+01  0.000000e+00  2.472622e-04  0.000000e+00
4.739354e+02  3.351471e+00  5.389117e+00  7.746501e-01  4.508250e-01  1.728446e+00  3.462854e-02  8.025976e-01  6.914895e-02  3.670089e-02  0.000000e+00  2.113231e+01  0.000000e+00  9.252658e+00  3.670089e-02  0.000000e+00  0.000000e+00
5.317643e+02  2.640981e+00  3.533395e+00  8.349745e-01  2.260972e-01  1.769693e+00  5.279192e-02  6.518672e-01  7.590672e-02  7.489235e-02  2.929114e-02  1.752800e+01  0.000000e+00  7.176561e+00  8.152900e-05  3.567408e-02  0.000000e+00
5.966493e+02  2.358838e+00  3.141613e+00  8.591692e-01  4.194661e-01  1.714120e+00  6.516670e-02  6.798342e-01  7.143830e-02  3.448803e-02  1.804196e-02  1.236605e+01  0.000000e+00  4.876880e+00  0.000000e+00  2.716943e-04  0.000000e+00
6.694516e+02  1.830989e+00  2.652203e+00  1.033250e+00  5.858417e-01  1.664395e+00  6.270692e-02  8.224044e-01  4.932060e-02  4.066237e-02  1.456369e-02  8.635510e+00  0.000000e+00  2.889899e+00  0.000000e+00  0.000000e+00  0.000000e+00
7.511370e+02  1.485884e+00  2.069794e+00  6.991127e-01  4.728436e-01  1.103648e+00  1.589314e-02  6.092035e-01  5.913886e-02  4.968127e-02  9.743647e-03  5.741521e+00  0.000000e+00  1.918567e+00  0.000000e+00  0.000000e+00  0.000000e+00
8.427896e+02  9.304991e-01  1.745212e+00  6.161013e-01  5.012019e-01  1.249390e+00  3.378143e-02  6.987536e-01  2.420866e-02  1.169127e-02  3.700552e-02  2.999596e+00  0.000000e+00  9.625236e-01  0.000000e+00  2.650323e-02  0.000000e+00
9.456255e+02  9.267601e-01  1.397479e+00  8.252367e-01  3.559487e-01  1.026389e+00  5.270785e-02  7.291018e-01  7.046670e-02  0.000000e+00  3.762742e-02  2.537851e+00  6.367790e-04  7.377899e-01  0.000000e+00  0.000000e+00  0.000000e+00
1.061009e+03  8.430039e-01  9.920834e-01  7.819886e-01  5.271494e-01  8.379217e-01  6.111422e-02  6.618799e-01  5.363291e-02  8.926070e-02  1.478574e-02  1.771837e+00  0.000000e+00  2.933898e-01  4.064451e-03  2.527228e-03  0.000000e+00
1.190472e+03  5.654441e-01  8.508285e-01  7.106208e-01  5.332498e-01  5.983217e-01  6.481079e-02  4.153865e-01  6.730506e-02  2.901396e-02  3.905624e-02  1.063966e+00  0.000000e+00  3.085386e-01  0.000000e+00  0.000000e+00  0.000000e+00
1.335731e+03  5.673345e-01  7.691852e-01  5.852208e-01  3.992962e-01  5.013929e-01  3.074972e-02  5.234205e-01  3.125072e-02  5.429394e-02  1.174101e-02  5.262778e-01  0.000000e+00  1.129694e-01  1.672241e-02  0.000000e+00  0.000000e+00
1.498715e+03  3.556163e-01  5.661350e-01  4.655864e-01  4.469842e-01  3.563613e-01  9.300285e-02  4.743453e-01  9.537861e-02  8.421465e-02  2.170900e-02  3.003304e-01  6.117654e-04  1.657731e-01  0.000000e+00  0.000000e+00  1.365845e-03
1.681586e+03  1.585678e-01  5.587373e-01  3.745472e-01  3.831577e-01  4.348885e-01  4.453657e-02  3.469585e-01  6.317473e-02  5.953038e-02  4.391921e-02  3.203128e-01  0.000000e+00  8.594041e-02  1.209436e-02  0.000000e+00  2.313925e-04
1.886771e+03  2.190814e-01  3.466364e-01  3.876745e-01  4.777371e-01  3.494373e-01  5.350503e-02  3.064445e-01  6.449446e-02  4.483418e-02  4.119272e-02  1.616993e-01  9.842741e-03  6.676239e-03  1.168746e-02  1.332429e-04  0.000000e+00
2.116992e+03  1.589001e-01  3.619303e-01  2.489741e-01  2.906678e-01  1.429484e-01  4.843646e-02  2.377394e-01  5.609220e-02  1.433845e-02  2.969775e-02  8.376840e-02  4.545920e-03  3.106083e-02  4.933529e-05  0.000000e+00  4.933529e-05
2.375304e+03  6.871234e-02  2.065190e-01  2.341490e-01  4.297501e-01  1.517657e-01  8.355195e-02  2.167105e-01  5.043602e-02  3.002889e-02  9.970608e-03  9.344773e-02  2.832924e-05  0.000000e+00  2.099215e-03  0.000000e+00  3.641122e-03
2.665135e+03  7.615668e-02  1.601903e-01  1.839103e-01  3.724619e-01  7.293539e-02  4.761573e-02  1.356022e-01  8.908758e-02  2.204661e-02  4.586720e-02  5.395655e-02  1.663160e-02  8.911508e-03  4.039092e-03  0.000000e+00  8.439411e-03
2.990330e+03  2.003654e-02  1.155418e-01  1.218168e-01  2.842220e-01  6.213733e-02  6.497328e-02  9.795979e-02  5.164407e-02  2.405280e-02  2.156525e-02  4.497004e-02  3.898762e-03  0.000000e+00  3.654055e-03  0.000000e+00  1.236279e-02
3.355206e+03  1.946968e-02  1.357155e-01  1.276234e-01  2.925538e-01  2.522323e-02  6.221019e-02  5.867752e-02  3.485301e-02  1.694526e-02  1.999985e-02  1.082688e-02  8.110750e-03  6.461771e-03  5.929140e-04  0.000000e+00  4.404994e-05
3.764603e+03  6.451412e-03  5.123599e-02  9.046620e-02  1.790625e-01  2.235184e-02  5.477447e-02  3.718713e-02  2.685549e-02  1.189526e-02  2.359624e-02  1.879493e-02  1.668087e-03  1.151628e-05  6.155435e-03  0.000000e+00  7.501552e-03
4.223954e+03  1.144924e-03  3.653813e-02  3.722965e-02  1.410519e-01  1.070506e-02  2.585359e-02  3.241788e-02  3.316769e-02  1.787269e-02  1.632453e-02  1.467791e-02  3.238492e-03  0.000000e+00  6.555031e-03  0.000000e+00  4.472066e-03
4.739354e+03  1.402528e-03  2.827678e-02  4.616287e-02  1.336086e-01  1.080802e-02  2.918672e-02  9.275404e-03  2.556251e-02  8.132484e-03  1.090339e-02  1.129939e-02  4.555055e-03  5.304497e-05  3.030694e-04  0.000000e+00  1.425405e-03
5.317643e+03  5.205692e-03  2.732640e-02  3.188455e-02  8.253139e-02  1.525536e-03  2.253552e-02  4.130929e-03  4.377716e-02  1.712155e-02  1.346026e-02  5.047134e-03  5.648231e-03  0.000000e+00  5.471314e-03  0.000000e+00  6.241823e-03
5.966493e+03  2.448603e-03  1.258025e-02  1.747944e-02  5.272166e-02  4.270363e-03  2.804464e-02  3.834529e-03  2.094337e-02  7.587205e-03  1.496717e-02  3.159152e-04  9.982404e-04  0.000000e+00  1.484426e-03  0.000000e+00  2.661012e-03
6.694516e+03  1.005159e-05  9.083066e-03  1.270407e-02  4.009609e-02  1.185184e-03  4.141267e-02  1.426555e-03  1.085805e-02  9.561003e-03  1.315353e-02  8.047228e-03  8.269736e-03  0.000000e+00  1.061088e-03  0.000000e+00  5.812318e-05
7.511370e+03  4.790437e-04  7.772546e-03  1.170037e-02  2.071215e-02  3.224652e-03  2.134031e-02  4.087411e-03  9.101851e-03  2.686008e-03  7.342931e-03  4.128438e-04  2.622472e-03  0.000000e+00  1.494165e-04  0.000000e+00  8.070751e-03
8.427896e+03  1.021064e-03  6.356609e-03  5.770774e-03  7.204016e-03  1.244714e-03  2.878129e-02  5.046583e-03  2.327883e-02  3.486419e-03  3.008076e-03  5.119974e-03  4.941611e-03  0.000000e+00  9.068226e-05  0.000000e+00  1.700986e-03
9.456255e+03  0.000000e+00  1.778475e-03  6.126977e-03  1.605256e-02  1.399644e-03  1.829339e-02  1.104480e-05  7.815100e-03  4.847323e-03  2.877649e-03  8.371217e-03  6.212743e-03  0.000000e+00  2.692042e-03  0.000000e+00  2.103738e-04
1.061009e+04  0.000000e+00  4.787345e-03  2.014331e-03  9.701767e-03  4.797994e-04  1.350484e-02  1.986701e-03  5.183114e-03  2.027744e-04  3.862014e-03  4.252417e-03  3.935018e-03  0.000000e+00  6.342127e-06  0.000000e+00  2.370611e-03
1.190472e+04  0.000000e+00  3.554320e-05  3.268506e-05  5.277203e-03  0.000000e+00  4.451070e-03  3.641767e-06  4.505127e-04  1.130485e-05  4.112969e-03  6.950933e-03  1.878462e-03  0.000000e+00  6.233269e-04  0.000000e+00  1.098645e-03
1.335731e+04  0.000000e+00  1.298563e-03  2.853174e-03  6.624442e-03  0.000000e+00  3.729591e-03  1.213614e-05  1.318462e-03  1.443599e-04  3.252660e-03  1.790566e-03  5.704904e-04  0.000000e+00  0.000000e+00  0.000000e+00  1.141047e-03
1.498715e+04  0.000000e+00  1.349086e-03  6.117654e-05  5.572030e-04  0.000000e+00  2.449457e-03  0.000000e+00  3.165673e-03  1.789140e-04  5.909606e-04  1.393759e-05  2.225222e-03  0.000000e+00  1.145868e-05  0.000000e+00  2.070222e-03
1.681586e+04  0.000000e+00  1.448560e-04  4.001611e-06  3.273231e-04  0.000000e+00  4.302944e-03  2.578173e-06  4.460448e-04  0.000000e+00  5.452365e-05  3.580871e-05  3.277933e-05  0.000000e+00  1.426744e-03  0.000000e+00  1.677281e-03
1.886771e+04  0.000000e+00  2.934901e-04  0.000000e+00  9.327743e-04  0.000000e+00  2.648853e-03  0.000000e+00  2.141222e-03  0.000000e+00  0.000000e+00  9.255090e-04  9.740455e-04  0.000000e+00  1.654076e-03  0.000000e+00  1.468917e-03
2.116992e+04  0.000000e+00  2.047916e-06  0.000000e+00  7.241900e-04  0.000000e+00  9.705301e-06  0.000000e+00  4.064927e-04  0.000000e+00  0.000000e+00  0.000000e+00  8.216307e-04  0.000000e+00  2.405910e-03  0.000000e+00  4.064927e-04
2.375304e+04  0.000000e+00  0.000000e+00  0.000000e+00  1.825207e-06  0.000000e+00  4.484660e-04  1.638134e-05  7.935431e-05  0.000000e+00  1.128871e-04  4.531936e-04  5.665848e-06  0.000000e+00  0.000000e+00  0.000000e+00  1.195007e-03
2.665135e+04  0.000000e+00  1.459988e-05  0.000000e+00  7.595449e-04  0.000000e+00  0.000000e+00  0.000000e+00  0.000000e+00  0.000000e+00  9.432878e-06  0.000000e+00  0.000000e+00  0.000000e+00  0.000000e+00  0.000000e+00  1.459988e-05
2.990330e+04  0.000000e+00  0.000000e+00  0.000000e+00  1.240755e-04  0.000000e+00  0.000000e+00  0.000000e+00  0.000000e+00  0.000000e+00  0.000000e+00  0.000000e+00  1.871088e-04  0.000000e+00  4.230178e-04  0.000000e+00  2.259857e-04
3.355206e+04  0.000000e+00  0.000000e+00  0.000000e+00  0.000000e+00  0.000000e+00  0.000000e+00  0.000000e+00  0.000000e+00  0.000000e+00  0.000000e+00  0.000000e+00  3.112847e-06  0.000000e+00  5.653960e-04  0.000000e+00  1.498560e-05
3.764603e+04  0.000000e+00  0.000000e+00  0.000000e+00  2.435482e-05  0.000000e+00  0.000000e+00  0.000000e+00  0.000000e+00  0.000000e+00  0.000000e+00  0.000000e+00  9.855663e-05  0.000000e+00  2.435482e-05  0.000000e+00  1.151628e-06
4.223954e+04  0.000000e+00  0.000000e+00  0.000000e+00  1.425571e-05  0.000000e+00  0.000000e+00  0.000000e+00  6.288321e-04  0.000000e+00  0.000000e+00  0.000000e+00  1.111380e-04  0.000000e+00  0.000000e+00  0.000000e+00  0.000000e+00
4.739354e+04  0.000000e+00  0.000000e+00  0.000000e+00  0.000000e+00  0.000000e+00  0.000000e+00  0.000000e+00  9.147704e-07  0.000000e+00  0.000000e+00  0.000000e+00  1.362018e-05  0.000000e+00  7.828632e-05  0.000000e+00  0.000000e+00
5.317643e+04  0.000000e+00  0.000000e+00  0.000000e+00  0.000000e+00  0.000000e+00  0.000000e+00  0.000000e+00  0.000000e+00  0.000000e+00  0.000000e+00  0.000000e+00  0.000000e+00  0.000000e+00  0.000000e+00  0.000000e+00  0.000000e+00
5.966493e+04  0.000000e+00  0.000000e+00  0.000000e+00  0.000000e+00  0.000000e+00  0.000000e+00  0.000000e+00  0.000000e+00  0.000000e+00  0.000000e+00  0.000000e+00  0.000000e+00  0.000000e+00  0.000000e+00  0.000000e+00  0.000000e+00
6.694516e+04  0.000000e+00  0.000000e+00  0.000000e+00  0.000000e+00  0.000000e+00  0.000000e+00  0.000000e+00  0.000000e+00  0.000000e+00  0.000000e+00  0.000000e+00  0.000000e+00  0.000000e+00  0.000000e+00  0.000000e+00  2.880358e-05
7.511370e+04  0.000000e+00  0.000000e+00  0.000000e+00  0.000000e+00  0.000000e+00  0.000000e+00  0.000000e+00  0.000000e+00  0.000000e+00  0.000000e+00  0.000000e+00  0.000000e+00  0.000000e+00  0.000000e+00  0.000000e+00  2.686008e-04
8.427896e+04  0.000000e+00  0.000000e+00  0.000000e+00  0.000000e+00  0.000000e+00  0.000000e+00  0.000000e+00  0.000000e+00  0.000000e+00  0.000000e+00  0.000000e+00  0.000000e+00  0.000000e+00  0.000000e+00  0.000000e+00  0.000000e+00
9.456255e+04  0.000000e+00  0.000000e+00  0.000000e+00  0.000000e+00  0.000000e+00  0.000000e+00  0.000000e+00  0.000000e+00  0.000000e+00  0.000000e+00  0.000000e+00  0.000000e+00  0.000000e+00  0.000000e+00  0.000000e+00  0.000000e+00
1.061009e+05  0.000000e+00  0.000000e+00  0.000000e+00  0.000000e+00  0.000000e+00  0.000000e+00  0.000000e+00  0.000000e+00  0.000000e+00  0.000000e+00  0.000000e+00  0.000000e+00  0.000000e+00  0.000000e+00  0.000000e+00  0.000000e+00
1.190472e+05  0.000000e+00  0.000000e+00  0.000000e+00  0.000000e+00  0.000000e+00  0.000000e+00  0.000000e+00  0.000000e+00  0.000000e+00  0.000000e+00  0.000000e+00  0.000000e+00  0.000000e+00  0.000000e+00  0.000000e+00  0.000000e+00
1.335731e+05  0.000000e+00  0.000000e+00  0.000000e+00  0.000000e+00  0.000000e+00  0.000000e+00  0.000000e+00  0.000000e+00  0.000000e+00  0.000000e+00  0.000000e+00  0.000000e+00  0.000000e+00  0.000000e+00  0.000000e+00  0.000000e+00
1.498715e+05  0.000000e+00  0.000000e+00  0.000000e+00  0.000000e+00  0.000000e+00  0.000000e+00  0.000000e+00  0.000000e+00  0.000000e+00  0.000000e+00  0.000000e+00  0.000000e+00  0.000000e+00  0.000000e+00  0.000000e+00  0.000000e+00
1.681586e+05  0.000000e+00  0.000000e+00  0.000000e+00  0.000000e+00  0.000000e+00  0.000000e+00  0.000000e+00  0.000000e+00  0.000000e+00  0.000000e+00  0.000000e+00  0.000000e+00  0.000000e+00  0.000000e+00  0.000000e+00  0.000000e+00
1.886771e+05  0.000000e+00  0.000000e+00  0.000000e+00  0.000000e+00  0.000000e+00  0.000000e+00  0.000000e+00  0.000000e+00  0.000000e+00  0.000000e+00  0.000000e+00  0.000000e+00  0.000000e+00  0.000000e+00  0.000000e+00  0.000000e+00
2.116992e+05  0.000000e+00  0.000000e+00  0.000000e+00  0.000000e+00  0.000000e+00  0.000000e+00  0.000000e+00  0.000000e+00  0.000000e+00  0.000000e+00  0.000000e+00  0.000000e+00  0.000000e+00  0.000000e+00  0.000000e+00  0.000000e+00
2.375304e+05  0.000000e+00  0.000000e+00  0.000000e+00  0.000000e+00  0.000000e+00  0.000000e+00  0.000000e+00  0.000000e+00  0.000000e+00  0.000000e+00  0.000000e+00  0.000000e+00  0.000000e+00  0.000000e+00  0.000000e+00  0.000000e+00
2.665135e+05  0.000000e+00  0.000000e+00  0.000000e+00  0.000000e+00  0.000000e+00  0.000000e+00  0.000000e+00  0.000000e+00  0.000000e+00  0.000000e+00  0.000000e+00  0.000000e+00  0.000000e+00  0.000000e+00  0.000000e+00  0.000000e+00
2.990330e+05  0.000000e+00  0.000000e+00  0.000000e+00  0.000000e+00  0.000000e+00  0.000000e+00  0.000000e+00  0.000000e+00  0.000000e+00  0.000000e+00  0.000000e+00  0.000000e+00  0.000000e+00  0.000000e+00  0.000000e+00  0.000000e+00
3.355206e+05  0.000000e+00  0.000000e+00  0.000000e+00  0.000000e+00  0.000000e+00  0.000000e+00  0.000000e+00  0.000000e+00  0.000000e+00  0.000000e+00  0.000000e+00  0.000000e+00  0.000000e+00  0.000000e+00  0.000000e+00  0.000000e+00
3.764603e+05  0.000000e+00  0.000000e+00  0.000000e+00  0.000000e+00  0.000000e+00  0.000000e+00  0.000000e+00  0.000000e+00  0.000000e+00  0.000000e+00  0.000000e+00  0.000000e+00  0.000000e+00  0.000000e+00  0.000000e+00  0.000000e+00
4.223954e+05  0.000000e+00  0.000000e+00  0.000000e+00  0.000000e+00  0.000000e+00  0.000000e+00  0.000000e+00  0.000000e+00  0.000000e+00  0.000000e+00  0.000000e+00  0.000000e+00  0.000000e+00  0.000000e+00  0.000000e+00  0.000000e+00
4.739354e+05  0.000000e+00  0.000000e+00  0.000000e+00  0.000000e+00  0.000000e+00  0.000000e+00  0.000000e+00  0.000000e+00  0.000000e+00  0.000000e+00  0.000000e+00  0.000000e+00  0.000000e+00  0.000000e+00  0.000000e+00  0.000000e+00
5.317643e+05  0.000000e+00  0.000000e+00  0.000000e+00  0.000000e+00  0.000000e+00  0.000000e+00  0.000000e+00  0.000000e+00  0.000000e+00  0.000000e+00  0.000000e+00  0.000000e+00  0.000000e+00  0.000000e+00  0.000000e+00  0.000000e+00
5.966493e+05  0.000000e+00  0.000000e+00  0.000000e+00  0.000000e+00  0.000000e+00  0.000000e+00  0.000000e+00  0.000000e+00  0.000000e+00  0.000000e+00  0.000000e+00  0.000000e+00  0.000000e+00  0.000000e+00  0.000000e+00  0.000000e+00
6.694516e+05  0.000000e+00  0.000000e+00  0.000000e+00  0.000000e+00  0.000000e+00  0.000000e+00  0.000000e+00  0.000000e+00  0.000000e+00  0.000000e+00  0.000000e+00  0.000000e+00  0.000000e+00  0.000000e+00  0.000000e+00  0.000000e+00
7.511370e+05  0.000000e+00  0.000000e+00  0.000000e+00  0.000000e+00  0.000000e+00  0.000000e+00  0.000000e+00  0.000000e+00  0.000000e+00  0.000000e+00  0.000000e+00  0.000000e+00  0.000000e+00  0.000000e+00  0.000000e+00  0.000000e+00
8.427896e+05  0.000000e+00  0.000000e+00  0.000000e+00  0.000000e+00  0.000000e+00  0.000000e+00  0.000000e+00  0.000000e+00  0.000000e+00  0.000000e+00  0.000000e+00  0.000000e+00  0.000000e+00  0.000000e+00  0.000000e+00  0.000000e+00
9.456255e+05  0.000000e+00  0.000000e+00  0.000000e+00  0.000000e+00  0.000000e+00  0.000000e+00  0.000000e+00  0.000000e+00  0.000000e+00  0.000000e+00  0.000000e+00  0.000000e+00  0.000000e+00  0.000000e+00  0.000000e+00  0.000000e+00
