# dR/dEr [1/keV/kg/Myr]
# Er [keV], S, F, Ne, Cl, Na, Si, O, P, N, C, Al, Mg, Be, B, Ar, Li
1.061009e+01  3.621297e+01  2.679686e+01  0.000000e+00  0.000000e+00  9.139140e+00  0.000000e+00  2.486161e+00  0.000000e+00  0.000000e+00  0.000000e+00  0.000000e+00  0.000000e+00  5.130564e-02  0.000000e+00  0.000000e+00  0.000000e+00
1.190472e+01  1.376198e+01  2.434413e+00  0.000000e+00  0.000000e+00  4.367184e+00  0.000000e+00  0.000000e+00  0.000000e+00  0.000000e+00  0.000000e+00  0.000000e+00  0.000000e+00  0.000000e+00  0.000000e+00  0.000000e+00  0.000000e+00
1.335731e+01  1.981301e+01  4.088056e+00  0.000000e+00  0.000000e+00  0.000000e+00  0.000000e+00  0.000000e+00  0.000000e+00  0.000000e+00  0.000000e+00  0.000000e+00  0.000000e+00  0.000000e+00  0.000000e+00  0.000000e+00  0.000000e+00
1.498715e+01  5.079759e+00  5.071945e+00  0.000000e+00  0.000000e+00  2.086359e+00  0.000000e+00  8.550067e-01  0.000000e+00  0.000000e+00  0.000000e+00  0.000000e+00  0.000000e+00  0.000000e+00  0.000000e+00  0.000000e+00  0.000000e+00
1.681586e+01  1.254239e+01  5.216108e+00  1.819982e+00  0.000000e+00  3.519331e+00  7.620255e-01  0.000000e+00  0.000000e+00  0.000000e+00  0.000000e+00  0.000000e+00  0.000000e+00  0.000000e+00  0.000000e+00  0.000000e+00  0.000000e+00
1.886771e+01  8.607461e+00  6.152894e+00  0.000000e+00  0.000000e+00  1.622061e+00  0.000000e+00  0.000000e+00  0.000000e+00  0.000000e+00  0.000000e+00  0.000000e+00  0.000000e+00  0.000000e+00  0.000000e+00  0.000000e+00  0.000000e+00
2.116992e+01  8.665011e+00  6.857159e+00  0.000000e+00  0.000000e+00  1.750981e+00  0.000000e+00  7.739800e-01  0.000000e+00  0.000000e+00  0.000000e+00  2.861810e-01  0.000000e+00  0.000000e+00  0.000000e+00  0.000000e+00  0.000000e+00
2.375304e+01  1.598419e+01  3.150701e+00  1.585349e+00  0.000000e+00  3.709297e+00  0.000000e+00  1.288449e+00  0.000000e+00  0.000000e+00  0.000000e+00  0.000000e+00  0.000000e+00  0.000000e+00  0.000000e+00  0.000000e+00  0.000000e+00
2.665135e+01  1.383661e+01  5.973549e+00  6.147942e-01  2.491487e-02  9.870663e-01  0.000000e+00  0.000000e+00  9.534496e-01  0.000000e+00  0.000000e+00  0.000000e+00  0.000000e+00  0.000000e+00  0.000000e+00  0.000000e+00  0.000000e+00
2.990330e+01  1.560893e+01  7.081640e+00  7.603063e-01  0.000000e+00  7.559193e-01  0.000000e+00  9.764543e-01  0.000000e+00  0.000000e+00  0.000000e+00  7.611872e-02  0.000000e+00  4.715987e-01  0.000000e+00  0.000000e+00  0.000000e+00
3.355206e+01  1.992984e+01  5.179120e+00  7.654807e-01  0.000000e+00  1.593142e+00  0.000000e+00  1.775229e+00  0.000000e+00  0.000000e+00  0.000000e+00  4.255153e-01  0.000000e+00  4.335989e-01  0.000000e+00  0.000000e+00  0.000000e+00
3.764603e+01  2.203036e+01  3.652794e+00  2.972811e-03  4.352410e-01  2.315257e+00  0.000000e+00  2.711624e-02  0.000000e+00  0.000000e+00  0.000000e+00  0.000000e+00  0.000000e+00  4.636791e-03  0.000000e+00  0.000000e+00  0.000000e+00
4.223954e+01  2.020566e+01  1.020125e+01  1.964505e-01  0.000000e+00  4.689031e+00  0.000000e+00  6.108682e-01  0.000000e+00  0.000000e+00  0.000000e+00  1.279789e-01  0.000000e+00  2.778816e+00  0.000000e+00  0.000000e+00  0.000000e+00
4.739354e+01  2.828812e+01  1.107041e+01  3.457242e-01  8.876430e-01  1.336899e+00  0.000000e+00  1.247541e+00  0.000000e+00  0.000000e+00  0.000000e+00  0.000000e+00  0.000000e+00  9.976522e-01  0.000000e+00  0.000000e+00  0.000000e+00
5.317643e+01  2.477260e+01  6.309777e+00  8.572276e-01  0.000000e+00  3.227191e+00  0.000000e+00  1.660060e+00  0.000000e+00  0.000000e+00  0.000000e+00  1.139307e-01  0.000000e+00  0.000000e+00  0.000000e+00  0.000000e+00  0.000000e+00
5.966493e+01  3.312597e+01  1.171629e+01  9.538471e-01  4.893864e-01  2.146908e+00  0.000000e+00  1.607602e+00  0.000000e+00  0.000000e+00  0.000000e+00  1.842889e-01  0.000000e+00  5.237712e-02  0.000000e+00  0.000000e+00  0.000000e+00
6.694516e+01  3.600807e+01  9.842139e+00  1.595598e+00  0.000000e+00  4.512887e+00  0.000000e+00  4.670777e-01  0.000000e+00  6.550062e-02  0.000000e+00  5.060731e-01  0.000000e+00  7.128858e+00  0.000000e+00  0.000000e+00  0.000000e+00
7.511370e+01  3.775137e+01  1.346704e+01  1.379052e+00  5.125239e-01  2.712459e+00  0.000000e+00  1.177349e+00  0.000000e+00  0.000000e+00  0.000000e+00  1.104723e-01  0.000000e+00  2.133545e+03  0.000000e+00  0.000000e+00  0.000000e+00
8.427896e+01  4.802642e+01  1.520045e+01  8.882784e-01  1.210729e+00  3.829737e+00  0.000000e+00  2.074749e+00  0.000000e+00  0.000000e+00  0.000000e+00  0.000000e+00  0.000000e+00  2.598312e+03  0.000000e+00  0.000000e+00  0.000000e+00
9.456255e+01  4.775309e+01  1.178815e+01  1.204802e+00  6.107189e-01  3.361197e+00  0.000000e+00  5.970925e-01  0.000000e+00  4.685737e-02  0.000000e+00  4.864822e-04  0.000000e+00  1.969256e+03  0.000000e+00  0.000000e+00  0.000000e+00
1.061009e+02  5.618716e+01  1.551446e+01  9.392305e-01  2.147170e-01  4.787527e+00  0.000000e+00  1.029882e+00  0.000000e+00  0.000000e+00  1.036333e-01  4.981128e-01  0.000000e+00  1.503389e+03  0.000000e+00  0.000000e+00  0.000000e+00
1.190472e+02  6.040456e+01  1.970526e+01  2.066427e+00  3.199482e-01  4.390522e+00  0.000000e+00  6.486285e-01  0.000000e+00  1.076390e-01  2.845858e-01  1.329686e+03  0.000000e+00  1.103102e+03  0.000000e+00  5.149370e-02  0.000000e+00
1.335731e+02  6.799433e+01  2.137370e+01  1.481242e+00  8.378521e-04  5.324298e+00  0.000000e+00  7.966870e-01  0.000000e+00  0.000000e+00  0.000000e+00  1.109758e+03  0.000000e+00  8.110121e+02  0.000000e+00  0.000000e+00  0.000000e+00
1.498715e+02  1.665300e+02  2.473908e+01  1.103499e+00  3.416157e-01  3.158590e+00  0.000000e+00  1.375425e+00  0.000000e+00  1.778126e-01  1.713661e-01  8.300047e+02  0.000000e+00  6.063575e+02  0.000000e+00  0.000000e+00  0.000000e+00
1.681586e+02  2.395206e+02  2.500531e+01  1.457427e+00  3.519331e-01  2.689382e+00  2.735691e-04  1.738901e+00  0.000000e+00  1.294436e-01  0.000000e+00  6.148379e+02  0.000000e+00  4.456129e+02  0.000000e+00  0.000000e+00  0.000000e+00
1.886771e+02  1.393612e+02  2.954608e+01  1.070824e+00  3.512208e-01  5.829717e+00  1.547576e-01  1.640496e+00  1.096213e-01  1.096213e-01  0.000000e+00  4.587062e+02  0.000000e+00  3.276247e+02  0.000000e+00  0.000000e+00  0.000000e+00
2.116992e+02  6.068644e+01  3.672933e+01  1.378313e+00  8.578475e-01  2.437350e+00  9.770006e-02  1.370766e+00  0.000000e+00  0.000000e+00  2.173036e-04  3.617388e+02  0.000000e+00  2.194898e+02  0.000000e+00  5.286489e-04  0.000000e+00
2.375304e+02  4.397544e+01  1.887089e+02  2.113752e+00  7.349681e-01  3.584109e+00  4.176962e-02  1.510310e+00  1.778429e-01  0.000000e+00  5.394727e-02  2.695931e+02  0.000000e+00  1.602081e+02  0.000000e+00  1.560458e-01  0.000000e+00
2.665135e+02  3.617297e+01  1.573716e+02  2.161112e+00  5.431604e-01  5.145581e+00  9.636831e-02  1.168790e+00  0.000000e+00  7.760591e-02  8.065211e-02  1.976903e+02  0.000000e+00  1.123570e+02  0.000000e+00  0.000000e+00  0.000000e+00
2.990330e+02  2.207084e+01  2.384383e+01  1.193494e+00  4.323250e-01  3.979204e+00  7.237617e-03  2.217069e+00  2.399480e-04  5.837374e-04  1.481760e-02  1.491414e+02  0.000000e+00  8.417392e+01  0.000000e+00  0.000000e+00  0.000000e+00
3.355206e+02  1.940023e+01  2.128372e+01  1.393479e+00  5.777564e-01  4.210000e+00  6.164457e-02  1.620094e+00  5.914125e-02  4.883484e-02  1.029539e-01  1.113630e+02  9.314116e-03  5.822317e+01  0.000000e+00  0.000000e+00  1.267539e-03
3.764603e+02  1.293055e+01  1.583606e+01  1.758928e+00  5.250223e-01  4.729205e+00  3.091628e-02  1.140850e+00  0.000000e+00  6.822354e-02  0.000000e+00  7.301859e+01  0.000000e+00  4.254425e+01  0.000000e+00  0.000000e+00  0.000000e+00
4.223954e+02  8.350176e+00  1.323250e+01  1.120352e+00  5.425527e-01  4.018802e+00  3.896076e-02  1.617214e+00  1.249704e-01  4.913589e-02  8.047213e-02  5.630248e+01  0.000000e+00  2.302759e+01  0.000000e+00  2.649521e-04  0.000000e+00
4.739354e+02  6.642695e+00  1.078027e+01  1.576580e+00  9.329056e-01  3.427043e+00  5.777302e-02  1.533093e+00  1.186518e-01  5.361641e-02  0.000000e+00  3.493838e+01  0.000000e+00  1.544276e+01  5.361641e-02  0.000000e+00  0.000000e+00
5.317643e+02  5.159137e+00  7.024301e+00  1.662257e+00  4.529087e-01  3.607846e+00  1.100398e-01  1.329090e+00  1.409008e-01  1.361513e-01  5.153687e-02  2.890072e+01  0.000000e+00  1.209721e+01  8.651013e-05  6.970310e-02  0.000000e+00
5.966493e+02  4.603512e+00  6.147157e+00  1.702477e+00  7.926939e-01  3.508124e+00  1.133141e-01  1.325602e+00  1.346049e-01  7.044348e-02  2.363592e-02  2.073972e+01  0.000000e+00  8.121202e+00  0.000000e+00  2.925617e-04  0.000000e+00
6.694516e+02  3.532093e+00  5.169597e+00  2.072842e+00  1.147309e+00  3.375860e+00  1.146231e-01  1.660041e+00  1.001163e-01  8.408081e-02  2.569128e-02  1.448790e+01  0.000000e+00  4.658430e+00  0.000000e+00  0.000000e+00  0.000000e+00
7.511370e+02  2.871843e+00  4.028080e+00  1.420974e+00  9.299076e-01  2.253045e+00  3.043115e-02  1.231178e+00  1.206382e-01  8.964426e-02  1.736918e-02  9.402383e+00  0.000000e+00  3.160676e+00  0.000000e+00  0.000000e+00  0.000000e+00
8.427896e+02  1.785320e+00  3.346885e+00  1.227397e+00  1.025603e+00  2.509624e+00  7.095933e-02  1.409567e+00  4.991583e-02  2.221662e-02  4.968763e-02  4.967302e+00  0.000000e+00  1.557204e+00  0.000000e+00  4.312637e-02  0.000000e+00
9.456255e+02  1.754571e+00  2.746274e+00  1.640105e+00  6.911232e-01  2.078007e+00  9.566710e-02  1.458063e+00  1.457624e-01  0.000000e+00  6.979634e-02  4.123053e+00  7.021965e-04  1.223720e+00  0.000000e+00  0.000000e+00  0.000000e+00
1.061009e+03  1.606089e+00  1.942456e+00  1.543730e+00  1.050757e+00  1.672895e+00  1.196478e-01  1.347312e+00  1.091026e-01  1.615064e-01  2.072735e-02  2.925130e+00  0.000000e+00  4.624630e-01  4.758643e-03  2.945382e-03  0.000000e+00
1.190472e+03  1.068733e+00  1.671280e+00  1.410270e+00  1.061025e+00  1.241453e+00  1.181365e-01  8.259812e-01  1.317303e-01  5.824132e-02  5.138277e-02  1.764245e+00  0.000000e+00  5.210611e-01  0.000000e+00  0.000000e+00  0.000000e+00
1.335731e+03  1.069708e+00  1.476679e+00  1.153533e+00  8.069940e-01  1.027081e+00  5.401572e-02  1.070173e+00  5.824959e-02  1.034539e-01  1.930959e-02  8.824125e-01  0.000000e+00  1.743282e-01  2.721090e-02  0.000000e+00  0.000000e+00
1.498715e+03  6.725350e-01  1.092963e+00  9.348054e-01  8.774253e-01  7.141418e-01  1.655080e-01  9.447348e-01  1.807570e-01  1.534960e-01  3.358108e-02  5.231115e-01  6.811292e-04  2.764192e-01  0.000000e+00  0.000000e+00  1.560565e-03
1.681586e+03  2.855229e-01  1.049899e+00  7.340628e-01  7.604313e-01  8.554596e-01  8.490962e-02  7.107945e-01  1.154600e-01  1.070187e-01  7.066846e-02  5.223987e-01  0.000000e+00  1.549274e-01  1.827107e-02  0.000000e+00  2.529074e-04
1.886771e+03  3.922878e-01  6.440622e-01  7.517866e-01  9.706790e-01  6.826764e-01  9.608133e-02  6.296650e-01  1.188610e-01  8.448342e-02  6.744000e-02  2.659540e-01  1.615853e-02  1.361239e-02  1.495837e-02  1.442564e-04  0.000000e+00
2.116992e+03  2.984575e-01  6.705075e-01  4.904055e-01  5.868306e-01  2.787426e-01  8.729554e-02  4.765379e-01  1.045731e-01  2.568056e-02  5.116495e-02  1.299487e-01  7.548439e-03  4.950242e-02  5.286489e-05  0.000000e+00  5.286489e-05
2.375304e+03  1.199896e-01  3.906434e-01  4.446897e-01  8.482530e-01  2.842505e-01  1.449004e-01  4.321146e-01  9.721966e-02  5.993264e-02  1.659646e-02  1.542556e-01  3.020766e-05  0.000000e+00  2.550591e-03  0.000000e+00  4.648495e-03
2.665135e+03  1.354122e-01  2.891360e-01  3.533794e-01  7.155483e-01  1.372886e-01  9.126358e-02  2.703375e-01  1.671317e-01  3.952831e-02  8.049680e-02  8.361482e-02  2.651736e-02  1.525156e-02  5.291424e-03  0.000000e+00  1.309501e-02
2.990330e+03  3.093226e-02  2.076946e-01  2.278456e-01  5.478172e-01  1.187356e-01  1.179006e-01  1.933183e-01  1.017198e-01  3.539727e-02  3.024332e-02  6.876665e-02  4.833202e-03  0.000000e+00  4.774361e-03  0.000000e+00  1.857607e-02
3.355206e+03  3.089371e-02  2.420273e-01  2.232099e-01  5.611098e-01  4.286815e-02  1.163330e-01  1.215553e-01  6.698011e-02  2.898203e-02  3.279974e-02  1.481472e-02  1.349425e-02  1.127337e-02  6.784088e-04  0.000000e+00  4.706642e-05
3.764603e+03  1.066685e-02  9.060385e-02  1.579247e-01  3.451978e-01  3.772824e-02  9.383219e-02  7.419927e-02  5.114562e-02  1.787916e-02  3.617893e-02  2.747283e-02  1.931405e-03  1.221988e-05  1.025156e-02  0.000000e+00  9.824998e-03
4.223954e+03  1.329975e-03  6.833162e-02  6.016510e-02  2.753615e-01  1.611156e-02  4.723363e-02  6.549526e-02  6.051470e-02  2.805999e-02  2.389095e-02  2.239004e-02  4.106478e-03  0.000000e+00  1.065722e-02  0.000000e+00  5.651017e-03
4.739354e+03  1.750867e-03  4.782796e-02  8.061962e-02  2.547970e-01  1.780308e-02  5.299770e-02  1.657662e-02  4.442654e-02  1.225196e-02  1.539866e-02  1.643845e-02  6.781898e-03  5.742951e-05  3.413424e-04  0.000000e+00  1.643318e-03
5.317643e+03  8.794312e-03  4.440592e-02  5.103529e-02  1.582501e-01  1.803929e-03  3.868781e-02  6.450228e-03  7.725966e-02  2.853682e-02  1.939496e-02  6.208111e-03  9.197973e-03  0.000000e+00  7.491830e-03  0.000000e+00  1.048575e-02
5.966493e+03  3.122573e-03  1.964919e-02  2.555395e-02  9.453122e-02  7.149638e-03  5.011645e-02  5.536439e-03  3.213895e-02  1.174277e-02  2.487143e-02  3.627401e-04  1.192922e-03  0.000000e+00  1.888507e-03  0.000000e+00  3.721598e-03
6.694516e+03  1.071808e-05  1.374438e-02  1.917617e-02  6.954595e-02  1.414587e-03  7.142684e-02  1.699835e-03  1.721002e-02  1.414815e-02  2.126860e-02  1.118474e-02  1.417719e-02  0.000000e+00  1.313765e-03  0.000000e+00  6.352746e-05
7.511370e+03  5.519494e-04  1.142143e-02  1.923690e-02  3.942180e-02  5.126993e-03  3.498438e-02  5.773212e-03  1.342479e-02  4.067144e-03  1.202613e-02  4.637028e-04  3.458042e-03  0.000000e+00  1.652666e-04  0.000000e+00  1.193524e-02
8.427896e+03  1.304666e-03  8.469847e-03  9.545731e-03  1.011816e-02  1.561466e-03  4.621837e-02  9.027632e-03  3.570707e-02  5.008299e-03  4.006890e-03  8.039763e-03  7.224480e-03  0.000000e+00  9.949953e-05  0.000000e+00  2.077196e-03
9.456255e+03  0.000000e+00  2.458844e-03  9.965496e-03  2.541561e-02  1.890503e-03  2.999384e-02  1.183497e-05  1.158993e-02  7.172327e-03  4.153134e-03  1.357481e-02  8.949930e-03  0.000000e+00  3.904975e-03  0.000000e+00  2.407085e-04
1.061009e+04  0.000000e+00  7.872171e-03  3.594732e-03  1.524945e-02  5.815541e-04  2.103647e-02  2.480704e-03  8.435735e-03  2.309836e-04  5.659422e-03  5.778786e-03  6.072423e-03  0.000000e+00  6.762654e-06  0.000000e+00  3.423982e-03
1.190472e+04  0.000000e+00  3.829118e-05  3.572412e-05  7.941204e-03  0.000000e+00  6.619564e-03  3.864266e-06  5.108805e-04  1.205444e-05  5.905155e-03  1.280108e-02  3.167051e-03  0.000000e+00  7.366741e-04  0.000000e+00  1.319361e-03
1.335731e+04  0.000000e+00  1.608479e-03  4.745057e-03  1.026156e-02  0.000000e+00  6.623678e-03  1.306825e-05  1.722702e-03  1.654741e-04  4.536439e-03  2.314340e-03  7.007682e-04  0.000000e+00  0.000000e+00  0.000000e+00  1.438002e-03
1.498715e+04  0.000000e+00  2.041470e-03  6.811292e-05  6.596623e-04  0.000000e+00  3.708061e-03  0.000000e+00  5.409425e-03  2.085171e-04  7.518281e-04  1.493473e-05  4.294016e-03  0.000000e+00  1.225496e-05  0.000000e+00  3.100489e-03
1.681586e+04  0.000000e+00  1.608988e-04  4.266946e-06  3.935022e-04  0.000000e+00  6.730666e-03  2.735691e-06  5.491347e-04  0.000000e+00  6.070570e-05  3.948741e-05  3.567122e-05  0.000000e+00  1.842909e-03  0.000000e+00  2.400432e-03
1.886771e+04  0.000000e+00  3.528924e-04  0.000000e+00  1.358473e-03  0.000000e+00  4.238494e-03  0.000000e+00  3.312164e-03  0.000000e+00  0.000000e+00  1.179971e-03  1.404690e-03  0.000000e+00  2.524340e-03  0.000000e+00  1.835183e-03
2.116992e+04  0.000000e+00  2.173036e-06  0.000000e+00  9.160037e-04  0.000000e+00  1.041855e-05  0.000000e+00  5.193967e-04  0.000000e+00  0.000000e+00  0.000000e+00  1.200322e-03  0.000000e+00  3.875927e-03  0.000000e+00  5.193967e-04
2.375304e+04  0.000000e+00  0.000000e+00  0.000000e+00  1.936721e-06  0.000000e+00  5.613778e-04  1.790447e-05  9.111620e-05  0.000000e+00  1.315654e-04  5.937076e-04  6.041533e-06  0.000000e+00  0.000000e+00  0.000000e+00  1.708356e-03
2.665135e+04  0.000000e+00  1.595738e-05  0.000000e+00  1.148969e-03  0.000000e+00  0.000000e+00  0.000000e+00  0.000000e+00  0.000000e+00  1.021257e-05  0.000000e+00  0.000000e+00  0.000000e+00  0.000000e+00  0.000000e+00  1.595738e-05
2.990330e+04  0.000000e+00  0.000000e+00  0.000000e+00  1.466376e-04  0.000000e+00  0.000000e+00  0.000000e+00  0.000000e+00  0.000000e+00  0.000000e+00  0.000000e+00  2.190138e-04  0.000000e+00  5.439749e-04  0.000000e+00  2.814316e-04
3.355206e+04  0.000000e+00  0.000000e+00  0.000000e+00  0.000000e+00  0.000000e+00  0.000000e+00  0.000000e+00  0.000000e+00  0.000000e+00  0.000000e+00  0.000000e+00  3.335549e-06  0.000000e+00  1.104720e-03  0.000000e+00  1.622427e-05
3.764603e+04  0.000000e+00  0.000000e+00  0.000000e+00  2.711624e-05  0.000000e+00  0.000000e+00  0.000000e+00  0.000000e+00  0.000000e+00  0.000000e+00  0.000000e+00  1.164784e-04  0.000000e+00  2.711624e-05  0.000000e+00  1.221988e-06
4.223954e+04  0.000000e+00  0.000000e+00  0.000000e+00  1.572022e-05  0.000000e+00  0.000000e+00  0.000000e+00  9.455021e-04  0.000000e+00  0.000000e+00  0.000000e+00  1.296776e-04  0.000000e+00  0.000000e+00  0.000000e+00  0.000000e+00
4.739354e+04  0.000000e+00  0.000000e+00  0.000000e+00  0.000000e+00  0.000000e+00  0.000000e+00  0.000000e+00  9.706596e-07  0.000000e+00  0.000000e+00  0.000000e+00  1.498132e-05  0.000000e+00  9.252208e-05  0.000000e+00  0.000000e+00
5.317643e+04  0.000000e+00  0.000000e+00  0.000000e+00  0.000000e+00  0.000000e+00  0.000000e+00  0.000000e+00  0.000000e+00  0.000000e+00  0.000000e+00  0.000000e+00  0.000000e+00  0.000000e+00  0.000000e+00  0.000000e+00  0.000000e+00
5.966493e+04  0.000000e+00  0.000000e+00  0.000000e+00  0.000000e+00  0.000000e+00  0.000000e+00  0.000000e+00  0.000000e+00  0.000000e+00  0.000000e+00  0.000000e+00  0.000000e+00  0.000000e+00  0.000000e+00  0.000000e+00  0.000000e+00
6.694516e+04  0.000000e+00  0.000000e+00  0.000000e+00  0.000000e+00  0.000000e+00  0.000000e+00  0.000000e+00  0.000000e+00  0.000000e+00  0.000000e+00  0.000000e+00  0.000000e+00  0.000000e+00  0.000000e+00  0.000000e+00  3.301642e-05
7.511370e+04  0.000000e+00  0.000000e+00  0.000000e+00  0.000000e+00  0.000000e+00  0.000000e+00  0.000000e+00  0.000000e+00  0.000000e+00  0.000000e+00  0.000000e+00  0.000000e+00  0.000000e+00  0.000000e+00  0.000000e+00  4.067144e-04
8.427896e+04  0.000000e+00  0.000000e+00  0.000000e+00  0.000000e+00  0.000000e+00  0.000000e+00  0.000000e+00  0.000000e+00  0.000000e+00  0.000000e+00  0.000000e+00  0.000000e+00  0.000000e+00  0.000000e+00  0.000000e+00  0.000000e+00
9.456255e+04  0.000000e+00  0.000000e+00  0.000000e+00  0.000000e+00  0.000000e+00  0.000000e+00  0.000000e+00  0.000000e+00  0.000000e+00  0.000000e+00  0.000000e+00  0.000000e+00  0.000000e+00  0.000000e+00  0.000000e+00  0.000000e+00
1.061009e+05  0.000000e+00  0.000000e+00  0.000000e+00  0.000000e+00  0.000000e+00  0.000000e+00  0.000000e+00  0.000000e+00  0.000000e+00  0.000000e+00  0.000000e+00  0.000000e+00  0.000000e+00  0.000000e+00  0.000000e+00  0.000000e+00
1.190472e+05  0.000000e+00  0.000000e+00  0.000000e+00  0.000000e+00  0.000000e+00  0.000000e+00  0.000000e+00  0.000000e+00  0.000000e+00  0.000000e+00  0.000000e+00  0.000000e+00  0.000000e+00  0.000000e+00  0.000000e+00  0.000000e+00
1.335731e+05  0.000000e+00  0.000000e+00  0.000000e+00  0.000000e+00  0.000000e+00  0.000000e+00  0.000000e+00  0.000000e+00  0.000000e+00  0.000000e+00  0.000000e+00  0.000000e+00  0.000000e+00  0.000000e+00  0.000000e+00  0.000000e+00
1.498715e+05  0.000000e+00  0.000000e+00  0.000000e+00  0.000000e+00  0.000000e+00  0.000000e+00  0.000000e+00  0.000000e+00  0.000000e+00  0.000000e+00  0.000000e+00  0.000000e+00  0.000000e+00  0.000000e+00  0.000000e+00  0.000000e+00
1.681586e+05  0.000000e+00  0.000000e+00  0.000000e+00  0.000000e+00  0.000000e+00  0.000000e+00  0.000000e+00  0.000000e+00  0.000000e+00  0.000000e+00  0.000000e+00  0.000000e+00  0.000000e+00  0.000000e+00  0.000000e+00  0.000000e+00
1.886771e+05  0.000000e+00  0.000000e+00  0.000000e+00  0.000000e+00  0.000000e+00  0.000000e+00  0.000000e+00  0.000000e+00  0.000000e+00  0.000000e+00  0.000000e+00  0.000000e+00  0.000000e+00  0.000000e+00  0.000000e+00  0.000000e+00
2.116992e+05  0.000000e+00  0.000000e+00  0.000000e+00  0.000000e+00  0.000000e+00  0.000000e+00  0.000000e+00  0.000000e+00  0.000000e+00  0.000000e+00  0.000000e+00  0.000000e+00  0.000000e+00  0.000000e+00  0.000000e+00  0.000000e+00
2.375304e+05  0.000000e+00  0.000000e+00  0.000000e+00  0.000000e+00  0.000000e+00  0.000000e+00  0.000000e+00  0.000000e+00  0.000000e+00  0.000000e+00  0.000000e+00  0.000000e+00  0.000000e+00  0.000000e+00  0.000000e+00  0.000000e+00
2.665135e+05  0.000000e+00  0.000000e+00  0.000000e+00  0.000000e+00  0.000000e+00  0.000000e+00  0.000000e+00  0.000000e+00  0.000000e+00  0.000000e+00  0.000000e+00  0.000000e+00  0.000000e+00  0.000000e+00  0.000000e+00  0.000000e+00
2.990330e+05  0.000000e+00  0.000000e+00  0.000000e+00  0.000000e+00  0.000000e+00  0.000000e+00  0.000000e+00  0.000000e+00  0.000000e+00  0.000000e+00  0.000000e+00  0.000000e+00  0.000000e+00  0.000000e+00  0.000000e+00  0.000000e+00
3.355206e+05  0.000000e+00  0.000000e+00  0.000000e+00  0.000000e+00  0.000000e+00  0.000000e+00  0.000000e+00  0.000000e+00  0.000000e+00  0.000000e+00  0.000000e+00  0.000000e+00  0.000000e+00  0.000000e+00  0.000000e+00  0.000000e+00
3.764603e+05  0.000000e+00  0.000000e+00  0.000000e+00  0.000000e+00  0.000000e+00  0.000000e+00  0.000000e+00  0.000000e+00  0.000000e+00  0.000000e+00  0.000000e+00  0.000000e+00  0.000000e+00  0.000000e+00  0.000000e+00  0.000000e+00
4.223954e+05  0.000000e+00  0.000000e+00  0.000000e+00  0.000000e+00  0.000000e+00  0.000000e+00  0.000000e+00  0.000000e+00  0.000000e+00  0.000000e+00  0.000000e+00  0.000000e+00  0.000000e+00  0.000000e+00  0.000000e+00  0.000000e+00
4.739354e+05  0.000000e+00  0.000000e+00  0.000000e+00  0.000000e+00  0.000000e+00  0.000000e+00  0.000000e+00  0.000000e+00  0.000000e+00  0.000000e+00  0.000000e+00  0.000000e+00  0.000000e+00  0.000000e+00  0.000000e+00  0.000000e+00
5.317643e+05  0.000000e+00  0.000000e+00  0.000000e+00  0.000000e+00  0.000000e+00  0.000000e+00  0.000000e+00  0.000000e+00  0.000000e+00  0.000000e+00  0.000000e+00  0.000000e+00  0.000000e+00  0.000000e+00  0.000000e+00  0.000000e+00
5.966493e+05  0.000000e+00  0.000000e+00  0.000000e+00  0.000000e+00  0.000000e+00  0.000000e+00  0.000000e+00  0.000000e+00  0.000000e+00  0.000000e+00  0.000000e+00  0.000000e+00  0.000000e+00  0.000000e+00  0.000000e+00  0.000000e+00
6.694516e+05  0.000000e+00  0.000000e+00  0.000000e+00  0.000000e+00  0.000000e+00  0.000000e+00  0.000000e+00  0.000000e+00  0.000000e+00  0.000000e+00  0.000000e+00  0.000000e+00  0.000000e+00  0.000000e+00  0.000000e+00  0.000000e+00
7.511370e+05  0.000000e+00  0.000000e+00  0.000000e+00  0.000000e+00  0.000000e+00  0.000000e+00  0.000000e+00  0.000000e+00  0.000000e+00  0.000000e+00  0.000000e+00  0.000000e+00  0.000000e+00  0.000000e+00  0.000000e+00  0.000000e+00
8.427896e+05  0.000000e+00  0.000000e+00  0.000000e+00  0.000000e+00  0.000000e+00  0.000000e+00  0.000000e+00  0.000000e+00  0.000000e+00  0.000000e+00  0.000000e+00  0.000000e+00  0.000000e+00  0.000000e+00  0.000000e+00  0.000000e+00
9.456255e+05  0.000000e+00  0.000000e+00  0.000000e+00  0.000000e+00  0.000000e+00  0.000000e+00  0.000000e+00  0.000000e+00  0.000000e+00  0.000000e+00  0.000000e+00  0.000000e+00  0.000000e+00  0.000000e+00  0.000000e+00  0.000000e+00
