# dR/dEr [1/keV/kg/Myr]
# Er [keV], S, F, Ne, Cl, Na, Si, O, P, N, C, Al, Mg, Be, B, Ar, Li
1.061009e+01  3.869712e+03  2.781758e+03  0.000000e+00  0.000000e+00  8.673804e+02  0.000000e+00  2.797712e+02  0.000000e+00  0.000000e+00  0.000000e+00  0.000000e+00  0.000000e+00  5.555910e+00  0.000000e+00  0.000000e+00  0.000000e+00
1.190472e+01  1.500969e+03  2.150809e+02  0.000000e+00  0.000000e+00  4.722630e+02  0.000000e+00  0.000000e+00  0.000000e+00  0.000000e+00  0.000000e+00  0.000000e+00  0.000000e+00  0.000000e+00  0.000000e+00  0.000000e+00  0.000000e+00
1.335731e+01  2.085088e+03  4.394732e+02  0.000000e+00  0.000000e+00  0.000000e+00  0.000000e+00  0.000000e+00  0.000000e+00  0.000000e+00  0.000000e+00  0.000000e+00  0.000000e+00  0.000000e+00  0.000000e+00  0.000000e+00  0.000000e+00
1.498715e+01  5.577763e+02  4.994594e+02  0.000000e+00  0.000000e+00  2.273699e+02  0.000000e+00  9.715644e+01  0.000000e+00  0.000000e+00  0.000000e+00  0.000000e+00  0.000000e+00  0.000000e+00  0.000000e+00  0.000000e+00  0.000000e+00
1.681586e+01  1.353357e+03  4.235225e+02  1.995702e+02  0.000000e+00  3.752128e+02  8.659077e+01  0.000000e+00  0.000000e+00  0.000000e+00  0.000000e+00  0.000000e+00  0.000000e+00  0.000000e+00  0.000000e+00  0.000000e+00  0.000000e+00
1.886771e+01  9.392197e+02  5.504081e+02  0.000000e+00  0.000000e+00  1.778671e+02  0.000000e+00  0.000000e+00  0.000000e+00  0.000000e+00  0.000000e+00  0.000000e+00  0.000000e+00  0.000000e+00  0.000000e+00  0.000000e+00  0.000000e+00
2.116992e+01  9.318310e+02  6.853716e+02  0.000000e+00  0.000000e+00  1.877461e+02  0.000000e+00  8.442680e+01  0.000000e+00  0.000000e+00  0.000000e+00  1.140092e+01  0.000000e+00  0.000000e+00  0.000000e+00  0.000000e+00  0.000000e+00
2.375304e+01  1.710160e+03  3.379817e+02  8.570886e+01  0.000000e+00  3.477401e+02  0.000000e+00  1.412849e+02  0.000000e+00  0.000000e+00  0.000000e+00  0.000000e+00  0.000000e+00  0.000000e+00  0.000000e+00  0.000000e+00  0.000000e+00
2.665135e+01  1.478495e+03  5.326751e+02  6.706259e+01  1.939201e+00  1.109134e+02  0.000000e+00  0.000000e+00  5.152145e+01  0.000000e+00  0.000000e+00  0.000000e+00  0.000000e+00  0.000000e+00  0.000000e+00  0.000000e+00  0.000000e+00
2.990330e+01  1.625715e+03  7.282262e+02  8.777566e+01  0.000000e+00  5.772823e+01  0.000000e+00  1.084632e+02  0.000000e+00  0.000000e+00  0.000000e+00  4.714036e+00  0.000000e+00  2.322929e+01  0.000000e+00  0.000000e+00  0.000000e+00
3.355206e+01  2.085577e+03  5.237921e+02  7.946358e+01  0.000000e+00  1.717295e+02  0.000000e+00  1.305821e+02  0.000000e+00  0.000000e+00  0.000000e+00  2.135664e+01  0.000000e+00  2.021944e+01  0.000000e+00  0.000000e+00  0.000000e+00
3.764603e+01  2.286451e+03  3.437504e+02  4.366176e-01  4.747668e+01  1.855589e+02  0.000000e+00  1.820816e+00  0.000000e+00  0.000000e+00  0.000000e+00  0.000000e+00  0.000000e+00  5.824445e-01  0.000000e+00  0.000000e+00  0.000000e+00
4.223954e+01  2.152825e+03  1.095453e+03  8.835704e+00  0.000000e+00  4.515489e+02  0.000000e+00  6.946392e+01  0.000000e+00  0.000000e+00  0.000000e+00  5.987559e+00  0.000000e+00  1.474706e+02  0.000000e+00  0.000000e+00  0.000000e+00
4.739354e+01  3.040766e+03  1.159190e+03  3.771207e+01  9.396797e+01  1.464007e+02  0.000000e+00  1.383217e+02  0.000000e+00  0.000000e+00  0.000000e+00  0.000000e+00  0.000000e+00  7.381242e+01  0.000000e+00  0.000000e+00  0.000000e+00
5.317643e+01  2.633068e+03  6.855081e+02  9.460424e+01  0.000000e+00  3.315994e+02  0.000000e+00  1.838035e+02  0.000000e+00  0.000000e+00  0.000000e+00  4.538788e+00  0.000000e+00  0.000000e+00  0.000000e+00  0.000000e+00  0.000000e+00
5.966493e+01  3.528673e+03  1.242545e+03  1.057897e+02  5.436035e+01  2.053512e+02  0.000000e+00  1.500750e+02  0.000000e+00  0.000000e+00  0.000000e+00  9.074764e+00  0.000000e+00  2.557515e+00  0.000000e+00  0.000000e+00  0.000000e+00
6.694516e+01  3.829298e+03  1.046237e+03  1.759315e+02  0.000000e+00  4.606523e+02  0.000000e+00  5.090178e+01  0.000000e+00  2.753974e+00  0.000000e+00  2.561995e+01  0.000000e+00  4.940332e+02  0.000000e+00  0.000000e+00  0.000000e+00
7.511370e+01  4.000490e+03  1.355860e+03  1.326242e+02  5.488034e+01  2.710814e+02  0.000000e+00  1.239042e+02  0.000000e+00  0.000000e+00  0.000000e+00  4.968682e+00  0.000000e+00  1.541945e+05  0.000000e+00  0.000000e+00  0.000000e+00
8.427896e+01  5.092950e+03  1.620542e+03  9.513506e+01  1.255474e+02  3.954411e+02  0.000000e+00  2.016976e+02  0.000000e+00  0.000000e+00  0.000000e+00  0.000000e+00  0.000000e+00  1.863668e+05  0.000000e+00  0.000000e+00  0.000000e+00
9.456255e+01  5.098259e+03  1.264309e+03  1.134061e+02  6.516144e+01  3.402409e+02  0.000000e+00  6.391578e+01  0.000000e+00  2.049291e+00  0.000000e+00  9.962677e-02  0.000000e+00  1.408186e+05  0.000000e+00  0.000000e+00  0.000000e+00
1.061009e+02  6.041393e+03  1.644746e+03  9.881038e+01  2.482733e+01  4.897915e+02  0.000000e+00  1.151704e+02  0.000000e+00  0.000000e+00  5.103115e+00  3.978682e+01  0.000000e+00  1.090742e+05  0.000000e+00  0.000000e+00  0.000000e+00
1.190472e+02  6.462816e+03  2.087450e+03  2.193217e+02  3.396230e+01  4.229608e+02  0.000000e+00  5.739364e+01  0.000000e+00  1.223127e+01  1.440716e+01  9.636889e+04  0.000000e+00  7.956667e+04  0.000000e+00  2.131617e+00  0.000000e+00
1.335731e+02  7.301982e+03  2.300983e+03  1.485146e+02  1.230556e-01  5.566214e+02  0.000000e+00  7.988504e+01  0.000000e+00  0.000000e+00  0.000000e+00  7.966806e+04  0.000000e+00  5.826522e+04  0.000000e+00  0.000000e+00  0.000000e+00
1.498715e+02  1.797083e+04  2.634339e+03  1.203363e+02  3.705257e+01  3.384443e+02  0.000000e+00  1.254858e+02  0.000000e+00  1.988866e+01  9.358617e+00  5.949704e+04  0.000000e+00  4.380540e+04  0.000000e+00  0.000000e+00  0.000000e+00
1.681586e+02  2.589751e+04  2.651732e+03  1.489344e+02  3.752128e+01  2.816056e+02  5.602425e-02  1.680382e+02  0.000000e+00  6.155706e+00  0.000000e+00  4.405331e+04  0.000000e+00  3.181263e+04  0.000000e+00  0.000000e+00  0.000000e+00
1.886771e+02  1.501732e+04  3.167558e+03  1.083599e+02  3.825572e+01  6.035492e+02  1.719025e+01  1.544242e+02  1.159262e+01  1.159262e+01  0.000000e+00  3.320839e+04  0.000000e+00  2.362477e+04  0.000000e+00  0.000000e+00  0.000000e+00
2.116992e+02  6.519819e+03  3.908348e+03  1.396860e+02  8.595950e+01  2.459180e+02  1.033193e+01  1.456392e+02  0.000000e+00  0.000000e+00  4.450164e-02  2.590972e+04  0.000000e+00  1.546334e+04  0.000000e+00  7.764282e-02  0.000000e+00
2.375304e+02  4.703914e+03  2.043924e+04  2.240508e+02  7.953799e+01  3.652873e+02  4.920143e+00  1.511721e+02  1.884139e+01  0.000000e+00  6.130157e+00  1.915318e+04  0.000000e+00  1.128357e+04  0.000000e+00  1.585007e+01  0.000000e+00
2.665135e+02  3.858910e+03  1.699849e+04  2.318830e+02  4.976857e+01  5.230170e+02  1.000387e+01  1.167178e+02  0.000000e+00  8.206947e+00  3.773395e+00  1.418403e+04  0.000000e+00  8.211516e+03  0.000000e+00  0.000000e+00  0.000000e+00
2.990330e+02  2.327963e+03  2.555302e+03  1.267898e+02  4.621940e+01  4.142538e+02  4.164367e-01  2.138021e+02  4.148857e-02  7.332542e-02  6.480428e-01  1.085112e+04  0.000000e+00  6.126848e+03  0.000000e+00  0.000000e+00  0.000000e+00
3.355206e+02  2.028135e+03  2.253495e+03  1.491285e+02  5.997267e+01  4.367766e+02  6.519009e+00  1.592197e+02  6.966389e+00  5.326971e+00  5.265888e+00  7.963370e+03  4.547976e-01  4.061458e+03  0.000000e+00  0.000000e+00  1.179056e-01
3.764603e+02  1.361526e+03  1.677890e+03  1.816486e+02  4.346266e+01  4.939180e+02  1.371181e+00  1.164112e+02  0.000000e+00  7.082199e+00  0.000000e+00  5.420039e+03  0.000000e+00  2.988151e+03  0.000000e+00  0.000000e+00  0.000000e+00
4.223954e+02  8.729918e+02  1.375530e+03  1.177890e+02  5.498894e+01  4.125948e+02  4.260735e+00  1.697160e+02  1.173197e+01  5.207605e+00  4.099402e+00  4.085966e+03  0.000000e+00  1.682108e+03  0.000000e+00  3.891359e-02  0.000000e+00
4.739354e+02  6.718492e+02  1.107139e+03  1.672468e+02  1.012031e+02  3.484332e+02  4.913652e+00  1.507011e+02  9.106946e+00  2.897264e+00  0.000000e+00  2.465683e+03  0.000000e+00  1.136341e+03  2.897264e+00  0.000000e+00  0.000000e+00
5.317643e+02  5.120054e+02  7.205150e+02  1.698259e+02  4.592439e+01  3.777593e+02  1.218878e+01  1.411330e+02  1.234891e+01  1.225424e+01  4.664286e+00  2.033718e+03  0.000000e+00  8.840541e+02  1.771642e-02  7.079964e+00  0.000000e+00
5.966493e+02  4.561512e+02  6.116454e+02  1.744470e+02  7.465367e+01  3.727536e+02  8.755010e+00  1.328628e+02  1.321618e+01  7.418438e+00  1.164222e+00  1.509739e+03  0.000000e+00  5.806095e+02  0.000000e+00  3.674976e-02  0.000000e+00
6.694516e+02  3.456706e+02  5.122369e+02  2.145304e+02  1.156408e+02  3.536166e+02  9.694025e+00  1.727414e+02  1.054012e+01  8.995590e+00  2.450459e+00  1.050608e+03  0.000000e+00  3.024437e+02  0.000000e+00  0.000000e+00  0.000000e+00
7.511370e+02  2.809441e+02  3.989492e+02  1.511418e+02  9.307895e+01  2.378165e+02  3.382891e+00  1.297767e+02  1.290027e+01  6.911415e+00  1.759037e+00  6.491516e+02  0.000000e+00  2.262343e+02  0.000000e+00  0.000000e+00  0.000000e+00
8.427896e+02  1.743220e+02  3.257377e+02  1.254719e+02  1.084439e+02  2.580442e+02  7.830368e+00  1.459807e+02  5.284208e+00  2.294479e+00  2.341032e+00  3.578581e+02  0.000000e+00  1.103427e+02  0.000000e+00  2.123380e+00  0.000000e+00
9.456255e+02  1.672642e+02  2.768156e+02  1.672509e+02  6.695032e+01  2.180513e+02  8.392644e+00  1.496421e+02  1.554861e+01  0.000000e+00  6.855466e+00  2.784672e+02  5.465412e-02  8.897021e+01  0.000000e+00  0.000000e+00  0.000000e+00
1.061009e+03  1.524152e+02  1.917018e+02  1.550933e+02  1.066157e+02  1.725935e+02  1.145348e+01  1.425397e+02  1.152111e+01  1.359028e+01  9.968121e-01  2.131011e+02  0.000000e+00  2.712020e+01  2.224746e-01  1.438196e-01  0.000000e+00
1.190472e+03  1.015931e+02  1.676973e+02  1.434940e+02  1.089293e+02  1.343779e+02  9.432552e+00  8.448257e+01  1.389256e+01  6.168469e+00  2.365702e+00  1.284670e+02  0.000000e+00  3.611365e+01  0.000000e+00  0.000000e+00  0.000000e+00
1.335731e+03  9.899802e+01  1.439237e+02  1.165468e+02  8.499168e+01  1.094090e+02  4.979913e+00  1.134300e+02  4.902134e+00  9.668545e+00  1.657618e+00  6.325058e+01  0.000000e+00  1.120001e+01  1.339762e+00  0.000000e+00  0.000000e+00
1.498715e+03  6.274628e+01  1.084283e+02  9.739693e+01  8.737137e+01  7.402880e+01  1.414502e+01  9.603242e+01  1.643790e+01  1.325522e+01  2.637920e+00  4.197432e+01  4.573683e-02  2.057941e+01  0.000000e+00  0.000000e+00  9.772038e-02
1.681586e+03  2.601104e+01  9.723461e+01  7.365148e+01  7.710388e+01  8.460180e+01  8.431662e+00  7.570083e+01  1.073401e+01  9.130172e+00  4.345887e+00  3.355222e+01  0.000000e+00  1.372921e+01  9.942186e-01  0.000000e+00  2.352525e-02
1.886771e+03  3.285280e+01  5.976125e+01  7.456605e+01  1.016385e+02  6.794383e+01  8.216687e+00  6.783151e+01  1.082717e+01  7.173631e+00  4.656646e+00  1.798200e+01  1.315444e+00  1.413085e+00  7.360044e-01  1.562159e-02  0.000000e+00
2.116992e+03  2.772697e+01  6.166410e+01  4.923115e+01  6.155599e+01  2.808185e+01  7.370717e+00  4.919591e+01  9.769532e+00  2.568083e+00  3.895482e+00  7.797456e+00  6.660583e-01  2.961372e+00  7.764282e-03  0.000000e+00  7.764282e-03
2.375304e+03  1.078365e+01  3.713719e+01  4.283952e+01  8.535265e+01  2.687416e+01  1.174626e+01  4.433549e+01  9.448084e+00  5.969361e+00  1.444847e+00  1.176129e+01  5.223101e-03  0.000000e+00  1.016108e-01  0.000000e+00  2.319140e-01
2.665135e+03  1.111892e+01  2.487269e+01  3.445975e+01  6.955163e+01  1.329393e+01  8.383100e+00  2.760347e+01  1.550757e+01  3.267120e+00  6.194291e+00  5.088698e+00  1.334302e+00  1.104450e+00  2.606369e-01  0.000000e+00  6.692638e-01
2.990330e+03  1.986271e+00  1.733510e+01  2.130493e+01  5.252023e+01  1.171006e+01  1.054697e+01  1.957930e+01  1.060600e+01  2.076950e+00  1.696964e+00  3.900814e+00  2.554883e-01  0.000000e+00  2.396254e-01  0.000000e+00  9.171960e-01
3.355206e+03  2.146223e+00  2.004906e+01  1.787960e+01  5.464484e+01  3.432779e+00  1.108339e+01  1.311317e+01  6.840490e+00  2.141588e+00  2.442857e+00  7.206056e-01  9.254820e-01  7.126200e-01  4.201389e-02  0.000000e+00  7.706794e-03
3.764603e+03  9.180932e-01  7.828023e+00  1.255045e+01  3.372944e+01  2.838208e+00  7.496496e+00  7.320777e+00  4.965864e+00  1.323645e+00  2.342926e+00  1.580219e+00  9.927592e-02  2.502511e-03  5.623442e-01  0.000000e+00  4.429232e-01
4.223954e+03  7.112299e-02  6.296847e+00  4.262098e+00  2.751352e+01  8.365063e-01  4.012263e+00  6.943597e+00  5.342592e+00  1.741663e+00  1.430780e+00  1.183595e+00  2.248919e-01  0.000000e+00  6.433135e-01  0.000000e+00  2.906669e-01
4.739354e+03  7.874830e-02  3.713662e+00  6.458949e+00  2.477030e+01  1.104859e+00  4.830606e+00  1.409998e+00  3.399338e+00  6.515029e-01  8.778732e-01  8.826694e-01  3.706090e-01  6.219067e-03  2.310337e-02  0.000000e+00  9.118037e-02
5.317643e+03  5.986932e-01  3.052450e+00  3.671077e+00  1.502535e+01  8.994301e-02  3.302057e+00  3.331159e-01  6.248291e+00  2.239731e+00  1.063066e+00  3.041838e-01  6.340006e-01  0.000000e+00  3.761244e-01  0.000000e+00  8.873691e-01
5.966493e+03  1.514810e-01  1.400864e+00  1.363790e+00  7.757394e+00  5.548608e-01  4.201408e+00  3.977191e-01  1.977362e+00  8.457315e-01  1.691935e+00  2.087127e-02  5.804302e-02  0.000000e+00  9.568762e-02  0.000000e+00  1.787925e-01
6.694516e+03  1.853226e-03  9.671171e-01  1.205873e+00  5.404549e+00  6.457736e-02  5.785764e+00  7.571548e-02  1.361800e+00  7.440232e-01  1.383169e+00  5.969925e-01  1.011245e+00  0.000000e+00  6.351203e-02  0.000000e+00  5.909277e-03
7.511370e+03  2.944076e-02  5.877260e-01  1.268744e+00  3.886495e+00  2.548258e-01  2.772097e+00  2.943252e-01  9.346777e-01  2.196587e-01  7.854465e-01  3.553150e-02  1.570204e-01  0.000000e+00  1.329906e-02  0.000000e+00  6.445739e-01
8.427896e+03  6.424441e-02  4.084591e-01  7.015776e-01  6.287800e-01  7.902014e-02  3.153007e+00  7.025994e-01  2.128309e+00  2.661477e-01  1.796690e-01  4.070130e-01  3.642242e-01  0.000000e+00  8.733977e-03  0.000000e+00  1.154767e-01
9.456255e+03  0.000000e+00  1.203749e-01  7.360776e-01  1.732796e+00  8.706306e-02  2.161364e+00  1.738206e-03  7.249667e-01  3.706667e-01  2.181322e-01  8.970899e-01  4.652603e-01  0.000000e+00  2.041178e-01  0.000000e+00  1.490709e-02
1.061009e+04  0.000000e+00  4.575250e-01  3.312211e-01  9.441818e-01  2.429701e-02  1.359387e+00  1.201799e-01  5.127950e-01  1.535255e-02  3.492554e-01  2.648923e-01  3.171574e-01  0.000000e+00  1.169307e-03  0.000000e+00  1.852884e-01
1.190472e+04  0.000000e+00  4.898707e-03  3.323030e-03  5.019615e-01  0.000000e+00  4.260228e-01  7.913635e-04  3.292652e-02  2.084291e-03  2.855790e-01  1.160703e+00  1.718030e-01  0.000000e+00  3.097347e-02  0.000000e+00  6.784943e-02
1.335731e+04  0.000000e+00  7.311260e-02  3.794161e-01  5.975322e-01  0.000000e+00  6.226415e-01  1.641552e-03  7.836364e-02  1.002816e-02  2.100076e-01  1.177439e-01  3.591283e-02  0.000000e+00  0.000000e+00  0.000000e+00  7.581879e-02
1.498715e+04  0.000000e+00  1.107187e-01  4.573683e-03  3.234776e-02  0.000000e+00  1.951228e-01  0.000000e+00  3.934504e-01  1.018165e-02  3.809393e-02  2.193468e-03  4.255230e-01  0.000000e+00  1.924540e-03  0.000000e+00  1.536283e-01
1.681586e+04  0.000000e+00  1.122603e-02  7.377826e-04  1.838708e-02  0.000000e+00  3.958150e-01  5.602425e-04  2.702048e-02  0.000000e+00  4.076299e-03  3.073427e-03  3.656456e-03  0.000000e+00  8.540769e-02  0.000000e+00  1.284949e-01
1.886771e+04  0.000000e+00  1.605086e-02  0.000000e+00  7.443742e-02  0.000000e+00  2.750160e-01  0.000000e+00  1.710206e-01  0.000000e+00  0.000000e+00  5.895601e-02  7.706653e-02  0.000000e+00  1.255781e-01  0.000000e+00  9.368161e-02
2.116992e+04  0.000000e+00  4.450164e-04  0.000000e+00  4.590262e-02  0.000000e+00  1.480766e-03  0.000000e+00  2.557616e-02  0.000000e+00  0.000000e+00  0.000000e+00  6.486166e-02  0.000000e+00  2.368198e-01  0.000000e+00  2.557616e-02
2.375304e+04  0.000000e+00  0.000000e+00  0.000000e+00  3.966213e-04  0.000000e+00  2.896052e-02  1.665460e-03  5.242627e-03  0.000000e+00  6.424187e-03  2.924394e-02  1.044620e-03  0.000000e+00  0.000000e+00  0.000000e+00  9.063277e-02
2.665135e+04  0.000000e+00  1.484343e-03  0.000000e+00  6.237374e-02  0.000000e+00  0.000000e+00  0.000000e+00  0.000000e+00  0.000000e+00  1.105924e-03  0.000000e+00  0.000000e+00  0.000000e+00  0.000000e+00  0.000000e+00  1.484343e-03
2.990330e+04  0.000000e+00  0.000000e+00  0.000000e+00  6.165380e-03  0.000000e+00  0.000000e+00  0.000000e+00  0.000000e+00  0.000000e+00  0.000000e+00  0.000000e+00  1.032975e-02  0.000000e+00  2.739365e-02  0.000000e+00  1.321070e-02
3.355206e+04  0.000000e+00  0.000000e+00  0.000000e+00  0.000000e+00  0.000000e+00  0.000000e+00  0.000000e+00  0.000000e+00  0.000000e+00  0.000000e+00  0.000000e+00  4.898931e-04  0.000000e+00  1.122099e-01  0.000000e+00  1.756933e-03
3.764603e+04  0.000000e+00  0.000000e+00  0.000000e+00  1.820816e-03  0.000000e+00  0.000000e+00  0.000000e+00  0.000000e+00  0.000000e+00  0.000000e+00  0.000000e+00  4.897336e-03  0.000000e+00  1.820816e-03  0.000000e+00  2.502511e-04
4.223954e+04  0.000000e+00  0.000000e+00  0.000000e+00  1.223553e-03  0.000000e+00  0.000000e+00  0.000000e+00  4.631888e-02  0.000000e+00  0.000000e+00  0.000000e+00  6.281276e-03  0.000000e+00  0.000000e+00  0.000000e+00  0.000000e+00
4.739354e+04  0.000000e+00  0.000000e+00  0.000000e+00  0.000000e+00  0.000000e+00  0.000000e+00  0.000000e+00  1.987815e-04  0.000000e+00  0.000000e+00  0.000000e+00  1.289275e-03  0.000000e+00  3.890092e-03  0.000000e+00  0.000000e+00
5.317643e+04  0.000000e+00  0.000000e+00  0.000000e+00  0.000000e+00  0.000000e+00  0.000000e+00  0.000000e+00  0.000000e+00  0.000000e+00  0.000000e+00  0.000000e+00  0.000000e+00  0.000000e+00  0.000000e+00  0.000000e+00  0.000000e+00
5.966493e+04  0.000000e+00  0.000000e+00  0.000000e+00  0.000000e+00  0.000000e+00  0.000000e+00  0.000000e+00  0.000000e+00  0.000000e+00  0.000000e+00  0.000000e+00  0.000000e+00  0.000000e+00  0.000000e+00  0.000000e+00  0.000000e+00
6.694516e+04  0.000000e+00  0.000000e+00  0.000000e+00  0.000000e+00  0.000000e+00  0.000000e+00  0.000000e+00  0.000000e+00  0.000000e+00  0.000000e+00  0.000000e+00  0.000000e+00  0.000000e+00  0.000000e+00  0.000000e+00  2.000881e-03
7.511370e+04  0.000000e+00  0.000000e+00  0.000000e+00  0.000000e+00  0.000000e+00  0.000000e+00  0.000000e+00  0.000000e+00  0.000000e+00  0.000000e+00  0.000000e+00  0.000000e+00  0.000000e+00  0.000000e+00  0.000000e+00  2.196587e-02
8.427896e+04  0.000000e+00  0.000000e+00  0.000000e+00  0.000000e+00  0.000000e+00  0.000000e+00  0.000000e+00  0.000000e+00  0.000000e+00  0.000000e+00  0.000000e+00  0.000000e+00  0.000000e+00  0.000000e+00  0.000000e+00  0.000000e+00
9.456255e+04  0.000000e+00  0.000000e+00  0.000000e+00  0.000000e+00  0.000000e+00  0.000000e+00  0.000000e+00  0.000000e+00  0.000000e+00  0.000000e+00  0.000000e+00  0.000000e+00  0.000000e+00  0.000000e+00  0.000000e+00  0.000000e+00
1.061009e+05  0.000000e+00  0.000000e+00  0.000000e+00  0.000000e+00  0.000000e+00  0.000000e+00  0.000000e+00  0.000000e+00  0.000000e+00  0.000000e+00  0.000000e+00  0.000000e+00  0.000000e+00  0.000000e+00  0.000000e+00  0.000000e+00
1.190472e+05  0.000000e+00  0.000000e+00  0.000000e+00  0.000000e+00  0.000000e+00  0.000000e+00  0.000000e+00  0.000000e+00  0.000000e+00  0.000000e+00  0.000000e+00  0.000000e+00  0.000000e+00  0.000000e+00  0.000000e+00  0.000000e+00
1.335731e+05  0.000000e+00  0.000000e+00  0.000000e+00  0.000000e+00  0.000000e+00  0.000000e+00  0.000000e+00  0.000000e+00  0.000000e+00  0.000000e+00  0.000000e+00  0.000000e+00  0.000000e+00  0.000000e+00  0.000000e+00  0.000000e+00
1.498715e+05  0.000000e+00  0.000000e+00  0.000000e+00  0.000000e+00  0.000000e+00  0.000000e+00  0.000000e+00  0.000000e+00  0.000000e+00  0.000000e+00  0.000000e+00  0.000000e+00  0.000000e+00  0.000000e+00  0.000000e+00  0.000000e+00
1.681586e+05  0.000000e+00  0.000000e+00  0.000000e+00  0.000000e+00  0.000000e+00  0.000000e+00  0.000000e+00  0.000000e+00  0.000000e+00  0.000000e+00  0.000000e+00  0.000000e+00  0.000000e+00  0.000000e+00  0.000000e+00  0.000000e+00
1.886771e+05  0.000000e+00  0.000000e+00  0.000000e+00  0.000000e+00  0.000000e+00  0.000000e+00  0.000000e+00  0.000000e+00  0.000000e+00  0.000000e+00  0.000000e+00  0.000000e+00  0.000000e+00  0.000000e+00  0.000000e+00  0.000000e+00
2.116992e+05  0.000000e+00  0.000000e+00  0.000000e+00  0.000000e+00  0.000000e+00  0.000000e+00  0.000000e+00  0.000000e+00  0.000000e+00  0.000000e+00  0.000000e+00  0.000000e+00  0.000000e+00  0.000000e+00  0.000000e+00  0.000000e+00
2.375304e+05  0.000000e+00  0.000000e+00  0.000000e+00  0.000000e+00  0.000000e+00  0.000000e+00  0.000000e+00  0.000000e+00  0.000000e+00  0.000000e+00  0.000000e+00  0.000000e+00  0.000000e+00  0.000000e+00  0.000000e+00  0.000000e+00
2.665135e+05  0.000000e+00  0.000000e+00  0.000000e+00  0.000000e+00  0.000000e+00  0.000000e+00  0.000000e+00  0.000000e+00  0.000000e+00  0.000000e+00  0.000000e+00  0.000000e+00  0.000000e+00  0.000000e+00  0.000000e+00  0.000000e+00
2.990330e+05  0.000000e+00  0.000000e+00  0.000000e+00  0.000000e+00  0.000000e+00  0.000000e+00  0.000000e+00  0.000000e+00  0.000000e+00  0.000000e+00  0.000000e+00  0.000000e+00  0.000000e+00  0.000000e+00  0.000000e+00  0.000000e+00
3.355206e+05  0.000000e+00  0.000000e+00  0.000000e+00  0.000000e+00  0.000000e+00  0.000000e+00  0.000000e+00  0.000000e+00  0.000000e+00  0.000000e+00  0.000000e+00  0.000000e+00  0.000000e+00  0.000000e+00  0.000000e+00  0.000000e+00
3.764603e+05  0.000000e+00  0.000000e+00  0.000000e+00  0.000000e+00  0.000000e+00  0.000000e+00  0.000000e+00  0.000000e+00  0.000000e+00  0.000000e+00  0.000000e+00  0.000000e+00  0.000000e+00  0.000000e+00  0.000000e+00  0.000000e+00
4.223954e+05  0.000000e+00  0.000000e+00  0.000000e+00  0.000000e+00  0.000000e+00  0.000000e+00  0.000000e+00  0.000000e+00  0.000000e+00  0.000000e+00  0.000000e+00  0.000000e+00  0.000000e+00  0.000000e+00  0.000000e+00  0.000000e+00
4.739354e+05  0.000000e+00  0.000000e+00  0.000000e+00  0.000000e+00  0.000000e+00  0.000000e+00  0.000000e+00  0.000000e+00  0.000000e+00  0.000000e+00  0.000000e+00  0.000000e+00  0.000000e+00  0.000000e+00  0.000000e+00  0.000000e+00
5.317643e+05  0.000000e+00  0.000000e+00  0.000000e+00  0.000000e+00  0.000000e+00  0.000000e+00  0.000000e+00  0.000000e+00  0.000000e+00  0.000000e+00  0.000000e+00  0.000000e+00  0.000000e+00  0.000000e+00  0.000000e+00  0.000000e+00
5.966493e+05  0.000000e+00  0.000000e+00  0.000000e+00  0.000000e+00  0.000000e+00  0.000000e+00  0.000000e+00  0.000000e+00  0.000000e+00  0.000000e+00  0.000000e+00  0.000000e+00  0.000000e+00  0.000000e+00  0.000000e+00  0.000000e+00
6.694516e+05  0.000000e+00  0.000000e+00  0.000000e+00  0.000000e+00  0.000000e+00  0.000000e+00  0.000000e+00  0.000000e+00  0.000000e+00  0.000000e+00  0.000000e+00  0.000000e+00  0.000000e+00  0.000000e+00  0.000000e+00  0.000000e+00
7.511370e+05  0.000000e+00  0.000000e+00  0.000000e+00  0.000000e+00  0.000000e+00  0.000000e+00  0.000000e+00  0.000000e+00  0.000000e+00  0.000000e+00  0.000000e+00  0.000000e+00  0.000000e+00  0.000000e+00  0.000000e+00  0.000000e+00
8.427896e+05  0.000000e+00  0.000000e+00  0.000000e+00  0.000000e+00  0.000000e+00  0.000000e+00  0.000000e+00  0.000000e+00  0.000000e+00  0.000000e+00  0.000000e+00  0.000000e+00  0.000000e+00  0.000000e+00  0.000000e+00  0.000000e+00
9.456255e+05  0.000000e+00  0.000000e+00  0.000000e+00  0.000000e+00  0.000000e+00  0.000000e+00  0.000000e+00  0.000000e+00  0.000000e+00  0.000000e+00  0.000000e+00  0.000000e+00  0.000000e+00  0.000000e+00  0.000000e+00  0.000000e+00
