# dR/dEr [1/keV/kg/Myr]
# Er [keV], S, F, Ne, Cl, Na, Si, O, P, N, C, Al, Mg, Be, B, Ar, Li
1.061009e+01  6.967482e-02  6.774248e-02  0.000000e+00  0.000000e+00  4.841901e-02  0.000000e+00  5.153359e-03  0.000000e+00  0.000000e+00  0.000000e+00  0.000000e+00  0.000000e+00  7.959233e-03  0.000000e+00  0.000000e+00  0.000000e+00
1.190472e+01  1.534635e-02  1.962418e-02  0.000000e+00  0.000000e+00  4.940300e-03  0.000000e+00  0.000000e+00  0.000000e+00  0.000000e+00  0.000000e+00  0.000000e+00  0.000000e+00  0.000000e+00  0.000000e+00  0.000000e+00  0.000000e+00
1.335731e+01  2.477576e-02  8.763168e-03  0.000000e+00  0.000000e+00  0.000000e+00  0.000000e+00  0.000000e+00  0.000000e+00  0.000000e+00  0.000000e+00  0.000000e+00  0.000000e+00  0.000000e+00  0.000000e+00  0.000000e+00  0.000000e+00
1.498715e+01  5.654192e-03  1.869873e-02  0.000000e+00  0.000000e+00  7.266255e-03  0.000000e+00  8.947033e-04  0.000000e+00  0.000000e+00  0.000000e+00  0.000000e+00  0.000000e+00  0.000000e+00  0.000000e+00  0.000000e+00  0.000000e+00
1.681586e+01  1.398966e-02  1.117550e-02  1.997198e-03  0.000000e+00  4.033828e-03  7.974052e-04  0.000000e+00  0.000000e+00  0.000000e+00  0.000000e+00  0.000000e+00  0.000000e+00  0.000000e+00  0.000000e+00  0.000000e+00  0.000000e+00
1.886771e+01  9.517984e-03  1.039558e-02  0.000000e+00  0.000000e+00  1.780005e-03  0.000000e+00  0.000000e+00  0.000000e+00  0.000000e+00  0.000000e+00  0.000000e+00  0.000000e+00  0.000000e+00  0.000000e+00  0.000000e+00  0.000000e+00
2.116992e+01  1.181444e-02  1.725926e-02  0.000000e+00  0.000000e+00  1.948135e-03  0.000000e+00  8.390640e-04  0.000000e+00  0.000000e+00  0.000000e+00  9.435849e-03  0.000000e+00  0.000000e+00  0.000000e+00  0.000000e+00  0.000000e+00
2.375304e+01  2.172791e-02  3.546201e-03  4.544306e-03  0.000000e+00  1.024847e-02  0.000000e+00  1.413908e-03  0.000000e+00  0.000000e+00  0.000000e+00  0.000000e+00  0.000000e+00  0.000000e+00  0.000000e+00  0.000000e+00  0.000000e+00
2.665135e+01  2.305634e-02  2.070937e-02  6.664922e-04  2.825968e-03  1.045673e-03  0.000000e+00  0.000000e+00  6.580244e-03  0.000000e+00  0.000000e+00  0.000000e+00  0.000000e+00  0.000000e+00  0.000000e+00  0.000000e+00  0.000000e+00
2.990330e+01  2.438207e-02  8.877316e-03  7.863588e-04  0.000000e+00  1.351074e-02  0.000000e+00  1.042426e-03  0.000000e+00  0.000000e+00  0.000000e+00  5.784923e-03  0.000000e+00  7.066849e-03  0.000000e+00  0.000000e+00  0.000000e+00
3.355206e+01  2.817057e-02  1.058920e-02  9.222772e-04  0.000000e+00  1.758604e-03  0.000000e+00  5.252924e-03  0.000000e+00  0.000000e+00  0.000000e+00  7.356551e-03  0.000000e+00  1.603888e-02  0.000000e+00  0.000000e+00  0.000000e+00
3.764603e+01  4.113216e-02  2.266983e-02  8.195360e-04  4.718404e-04  1.184558e-02  0.000000e+00  2.600434e-03  0.000000e+00  0.000000e+00  0.000000e+00  0.000000e+00  0.000000e+00  9.431358e-04  0.000000e+00  0.000000e+00  0.000000e+00
4.223954e+01  3.587687e-02  1.759698e-02  4.974992e-03  0.000000e+00  6.903816e-03  0.000000e+00  1.475476e-03  0.000000e+00  0.000000e+00  0.000000e+00  6.668272e-03  0.000000e+00  1.609961e-02  0.000000e+00  0.000000e+00  0.000000e+00
4.739354e+01  3.975383e-02  1.460575e-02  3.747961e-04  1.027718e-03  3.025219e-03  0.000000e+00  1.344194e-03  0.000000e+00  0.000000e+00  0.000000e+00  0.000000e+00  0.000000e+00  1.248646e-02  0.000000e+00  0.000000e+00  0.000000e+00
5.317643e+01  3.933703e-02  7.492830e-03  9.202365e-04  0.000000e+00  1.302145e-02  0.000000e+00  1.778352e-03  0.000000e+00  0.000000e+00  0.000000e+00  3.756479e-03  0.000000e+00  0.000000e+00  0.000000e+00  0.000000e+00  0.000000e+00
5.966493e+01  4.389246e-02  2.226985e-02  1.029972e-03  5.224505e-04  9.919195e-03  0.000000e+00  8.428560e-03  0.000000e+00  0.000000e+00  0.000000e+00  3.583874e-03  0.000000e+00  2.748650e-03  0.000000e+00  0.000000e+00  0.000000e+00
6.694516e+01  5.304856e-02  1.981326e-02  1.744756e-03  0.000000e+00  6.851111e-03  0.000000e+00  1.626712e-03  0.000000e+00  2.745063e-03  0.000000e+00  2.170465e-03  0.000000e+00  4.197642e-02  0.000000e+00  0.000000e+00  0.000000e+00
7.511370e+01  5.680536e-02  2.246592e-02  4.232393e-03  5.904829e-04  5.468669e-03  0.000000e+00  1.372991e-03  0.000000e+00  0.000000e+00  0.000000e+00  2.797644e-03  0.000000e+00  1.346549e+01  0.000000e+00  0.000000e+00  0.000000e+00
8.427896e+01  6.683373e-02  2.141390e-02  9.948614e-04  3.503312e-03  6.377986e-03  0.000000e+00  5.054227e-03  0.000000e+00  0.000000e+00  0.000000e+00  0.000000e+00  0.000000e+00  1.604058e+01  0.000000e+00  0.000000e+00  0.000000e+00
9.456255e+01  6.539419e-02  1.774147e-02  2.712975e-03  6.844232e-04  1.194717e-02  0.000000e+00  1.057863e-03  0.000000e+00  2.189708e-03  0.000000e+00  2.463518e-04  0.000000e+00  1.235570e+01  0.000000e+00  0.000000e+00  0.000000e+00
1.061009e+02  7.099651e-02  2.654385e-02  3.750529e-03  4.411873e-04  8.143531e-03  0.000000e+00  1.628877e-03  0.000000e+00  0.000000e+00  2.015361e-03  2.474414e-03  0.000000e+00  9.144800e+00  0.000000e+00  0.000000e+00  0.000000e+00
1.190472e+02  7.448351e-02  3.369856e-02  2.705260e-03  1.168762e-03  1.479129e-02  0.000000e+00  1.469677e-03  0.000000e+00  1.126365e-04  1.220542e-03  7.874037e+00  0.000000e+00  6.855881e+00  0.000000e+00  1.903154e-03  0.000000e+00
1.335731e+02  8.753565e-02  3.232101e-02  4.057175e-03  2.309766e-04  9.676927e-03  0.000000e+00  1.343157e-03  0.000000e+00  0.000000e+00  0.000000e+00  6.716480e+00  0.000000e+00  5.124705e+00  0.000000e+00  0.000000e+00  0.000000e+00
1.498715e+02  1.998788e-01  3.720208e-02  1.428726e-03  6.117941e-04  4.895245e-03  0.000000e+00  6.425480e-03  0.000000e+00  8.321402e-04  1.451886e-03  5.037155e+00  0.000000e+00  3.850954e+00  0.000000e+00  0.000000e+00  0.000000e+00
1.681586e+02  2.801852e-01  4.444922e-02  2.586566e-03  4.033828e-04  7.303678e-03  1.385338e-04  5.022180e-03  0.000000e+00  1.387276e-03  0.000000e+00  3.942573e+00  0.000000e+00  2.777502e+00  0.000000e+00  0.000000e+00  0.000000e+00
1.886771e+02  1.740952e-01  4.115469e-02  2.320714e-03  3.837977e-04  9.739970e-03  1.652133e-04  5.566005e-03  1.244398e-04  1.244398e-04  0.000000e+00  2.843257e+00  0.000000e+00  1.974533e+00  0.000000e+00  0.000000e+00  0.000000e+00
2.116992e+02  8.283906e-02  5.527395e-02  2.542146e-03  1.852210e-03  6.912455e-03  1.109071e-04  2.757797e-03  0.000000e+00  0.000000e+00  1.100413e-04  2.285952e+00  0.000000e+00  1.404624e+00  0.000000e+00  1.457364e-04  0.000000e+00
2.375304e+02  6.118878e-02  2.204680e-01  3.729185e-03  1.556357e-03  8.612759e-03  4.254475e-05  5.376911e-03  3.545337e-04  0.000000e+00  5.645196e-05  1.699724e+00  0.000000e+00  1.064912e+00  0.000000e+00  2.234215e-04  0.000000e+00
2.665135e+02  5.191919e-02  1.860105e-01  3.496230e-03  1.794819e-03  1.179966e-02  1.161078e-04  3.715377e-03  0.000000e+00  8.809664e-05  7.168807e-04  1.213662e+00  0.000000e+00  6.956654e-01  0.000000e+00  0.000000e+00  0.000000e+00
2.990330e+02  3.866468e-02  3.519849e-02  1.750713e-03  8.125103e-04  9.150796e-03  4.753189e-04  5.195980e-03  8.965239e-05  1.187338e-04  6.924464e-04  9.431978e-01  0.000000e+00  5.105840e-01  0.000000e+00  0.000000e+00  0.000000e+00
3.355206e+02  3.545773e-02  3.514455e-02  2.165072e-03  1.370137e-03  8.462450e-03  6.997765e-05  3.345868e-03  6.023875e-05  5.294136e-05  6.575393e-04  6.975218e-01  4.887867e-04  3.727674e-01  0.000000e+00  0.000000e+00  1.689478e-04
3.764603e+02  2.509561e-02  2.546916e-02  4.060928e-03  1.860040e-03  7.933632e-03  1.373123e-03  2.858595e-03  0.000000e+00  8.219804e-05  0.000000e+00  4.544657e-01  0.000000e+00  2.585419e-01  0.000000e+00  0.000000e+00  0.000000e+00
4.223954e+02  1.624277e-02  2.545902e-02  1.688078e-03  1.591951e-03  8.146217e-03  1.055218e-04  3.067865e-03  7.516062e-04  1.190543e-04  4.170367e-04  3.348398e-01  0.000000e+00  1.374628e-01  0.000000e+00  7.304123e-05  0.000000e+00
4.739354e+02  1.520667e-02  2.189414e-02  2.657005e-03  1.678586e-03  6.904702e-03  4.886627e-04  5.508790e-03  4.134555e-04  3.700343e-04  0.000000e+00  2.289186e-01  0.000000e+00  1.010022e-01  3.700343e-04  0.000000e+00  0.000000e+00
5.317643e+02  1.379756e-02  1.851263e-02  4.375655e-03  9.266976e-04  5.492130e-03  1.881849e-04  2.409558e-03  6.174065e-04  4.263541e-04  5.614348e-04  1.955685e-01  0.000000e+00  7.132920e-02  4.380823e-05  9.979873e-05  0.000000e+00
5.966493e+02  1.293061e-02  1.684132e-02  3.867031e-03  3.121692e-03  5.586176e-03  5.746838e-04  4.124651e-03  4.792710e-04  2.049340e-04  3.541814e-04  1.279345e-01  0.000000e+00  4.916303e-02  0.000000e+00  5.950785e-05  0.000000e+00
6.694516e+02  1.077715e-02  1.596502e-02  4.725505e-03  3.228417e-03  5.847003e-03  3.948515e-04  3.626815e-03  1.750421e-04  9.639071e-05  2.945362e-04  8.705045e-02  0.000000e+00  3.150770e-02  0.000000e+00  0.000000e+00  0.000000e+00
7.511370e+02  8.440856e-03  1.124491e-02  3.198200e-03  2.378967e-03  3.846542e-03  3.670679e-04  2.712784e-03  3.567250e-04  3.097944e-04  2.317868e-04  5.966143e-02  0.000000e+00  2.256028e-02  0.000000e+00  0.000000e+00  0.000000e+00
8.427896e+02  6.896514e-03  1.092934e-02  3.119378e-03  1.527104e-03  4.734656e-03  7.683600e-05  2.803514e-03  5.779285e-05  2.318542e-04  7.842261e-04  3.306931e-02  0.000000e+00  1.275542e-02  0.000000e+00  1.495475e-04  0.000000e+00
9.456255e+02  6.150640e-03  8.026387e-03  3.761941e-03  1.699651e-03  4.104274e-03  3.932463e-04  2.752700e-03  2.313110e-04  0.000000e+00  5.601522e-04  2.854638e-02  7.964661e-05  7.872432e-03  0.000000e+00  0.000000e+00  0.000000e+00
1.061009e+03  5.475313e-03  5.385592e-03  3.893074e-03  2.453576e-03  3.767798e-03  2.639463e-04  2.552434e-03  2.741117e-04  6.054501e-04  2.587658e-04  1.973465e-02  0.000000e+00  3.685461e-03  2.441869e-04  1.545679e-04  0.000000e+00
1.190472e+03  4.071954e-03  4.706111e-03  3.295777e-03  2.480382e-03  1.827595e-03  2.781932e-04  1.794053e-03  7.659734e-04  2.004521e-04  1.076682e-03  1.313782e-02  0.000000e+00  2.381897e-03  0.000000e+00  0.000000e+00  0.000000e+00
1.335731e+03  3.711768e-03  5.237251e-03  3.078545e-03  1.843626e-03  1.644970e-03  4.802996e-04  1.672873e-03  2.345905e-04  4.675548e-04  3.318194e-04  6.063370e-03  0.000000e+00  1.527071e-03  9.435808e-05  0.000000e+00  0.000000e+00
1.498715e+03  2.222815e-03  3.973598e-03  2.443507e-03  2.401079e-03  2.067268e-03  1.042893e-03  2.095926e-03  5.645713e-04  5.982514e-04  5.055535e-04  2.852177e-03  6.531995e-05  1.444561e-03  0.000000e+00  0.000000e+00  1.185291e-04
1.681586e+03  1.616777e-03  3.614589e-03  2.275478e-03  1.626626e-03  1.929002e-03  3.996169e-04  1.153446e-03  6.394438e-04  4.337442e-04  4.022423e-04  3.293592e-03  0.000000e+00  7.020934e-04  1.192399e-04  0.000000e+00  3.370952e-05
1.886771e+03  1.878516e-03  2.997239e-03  2.369728e-03  1.692551e-03  1.832001e-03  5.243633e-04  1.164091e-03  5.304136e-04  2.383900e-04  5.296017e-04  1.593718e-03  1.214165e-04  1.640067e-05  3.122540e-04  2.237903e-05  0.000000e+00
2.116992e+03  1.076495e-03  2.727497e-03  1.317493e-03  1.311714e-03  1.065381e-03  2.766581e-04  1.029212e-03  4.339830e-04  2.488597e-04  3.700809e-04  1.113053e-03  9.913209e-05  3.616097e-04  1.457364e-05  0.000000e+00  1.457364e-05
2.375304e+03  1.014575e-03  1.512926e-03  1.652745e-03  2.123411e-03  1.156480e-03  7.693151e-04  9.085875e-04  2.593543e-04  1.162582e-04  2.532333e-04  1.099827e-03  1.128657e-05  0.000000e+00  8.409710e-05  0.000000e+00  9.983029e-05
2.665135e+03  5.951510e-04  1.420116e-03  1.145672e-03  2.158495e-03  6.860486e-04  2.493496e-04  6.753632e-04  5.456642e-04  1.745274e-04  2.698755e-04  7.802804e-04  1.309760e-04  1.307805e-04  7.929135e-05  0.000000e+00  9.125172e-05
2.990330e+03  4.404850e-04  9.313791e-04  9.088636e-04  1.390495e-03  5.064485e-04  5.587594e-04  5.008822e-04  4.618499e-04  4.677172e-04  4.937556e-04  5.098986e-04  1.658973e-04  0.000000e+00  8.254186e-05  0.000000e+00  1.243561e-04
3.355206e+03  2.195840e-04  1.151679e-03  1.143239e-03  1.839438e-03  3.103211e-04  5.738523e-04  1.655489e-04  4.252850e-04  1.851643e-04  3.230604e-04  2.593669e-04  9.246609e-05  2.725889e-05  5.155818e-05  0.000000e+00  1.613848e-05
3.764603e+03  1.542308e-04  5.889936e-04  9.515163e-04  1.115964e-03  2.107466e-04  6.366958e-04  1.186251e-04  2.200913e-04  3.438206e-04  3.957670e-04  3.375670e-04  1.131307e-04  6.188076e-06  5.989504e-05  0.000000e+00  2.214491e-04
4.223954e+03  8.745078e-05  2.419106e-04  4.825641e-04  8.884166e-04  1.780068e-04  2.292385e-04  2.031598e-04  3.757536e-04  2.419702e-04  3.874438e-04  1.971439e-04  1.403942e-04  0.000000e+00  9.942429e-05  0.000000e+00  1.520922e-04
4.739354e+03  4.433966e-05  3.774768e-04  5.050777e-04  9.673342e-04  1.488603e-04  4.037411e-04  6.255559e-05  2.587983e-04  1.640057e-04  2.134145e-04  1.714250e-04  6.613067e-05  8.909251e-06  3.205566e-05  0.000000e+00  1.116542e-04
5.317643e+03  3.488767e-05  3.655285e-04  4.981835e-04  5.448558e-04  9.605738e-05  3.974193e-04  4.571984e-05  3.552770e-04  1.901791e-04  3.119189e-04  2.236787e-04  8.573432e-05  0.000000e+00  1.151034e-04  0.000000e+00  9.768564e-05
5.966493e+03  7.520479e-05  2.129811e-04  3.124249e-04  4.794085e-04  7.496819e-05  2.443694e-04  1.066187e-04  2.820435e-04  1.661643e-04  1.735512e-04  2.382237e-05  6.190878e-05  0.000000e+00  4.291561e-05  0.000000e+00  4.854944e-05
6.694516e+03  4.004625e-06  1.856646e-04  2.445598e-04  3.548191e-04  6.424838e-05  5.181494e-04  7.484706e-05  2.580192e-04  1.547566e-04  1.607083e-04  1.540312e-04  5.352699e-05  0.000000e+00  4.386215e-05  0.000000e+00  8.467447e-06
7.511370e+03  3.486635e-05  1.634886e-04  1.611358e-04  1.964088e-04  3.570229e-05  3.454135e-04  5.987837e-05  2.639584e-04  2.196761e-05  1.190378e-04  4.716587e-05  5.862259e-05  0.000000e+00  2.086131e-05  0.000000e+00  1.228403e-04
8.427896e+03  2.537189e-05  1.581886e-04  7.926460e-05  2.178393e-04  4.223684e-05  3.730480e-04  3.977694e-05  2.908741e-04  5.388704e-05  7.649817e-05  3.448123e-05  9.396520e-05  0.000000e+00  1.314933e-05  0.000000e+00  9.229598e-05
9.456255e+03  0.000000e+00  4.135668e-05  6.188472e-05  2.542792e-04  2.597325e-05  2.247015e-04  3.262632e-06  1.493848e-04  6.673098e-05  4.566646e-05  1.008914e-04  1.443694e-04  0.000000e+00  4.550245e-05  0.000000e+00  1.829353e-05
1.061009e+04  0.000000e+00  6.613158e-05  3.310096e-05  1.541311e-04  2.173482e-05  1.915490e-04  7.758727e-05  6.627897e-05  1.965050e-05  7.523276e-05  7.948119e-05  2.924659e-05  0.000000e+00  2.526748e-06  0.000000e+00  5.478243e-05
1.190472e+04  0.000000e+00  8.390403e-06  4.761596e-06  9.387399e-05  0.000000e+00  9.977238e-05  1.956842e-06  4.129365e-05  4.503932e-06  7.195142e-05  5.230469e-05  1.102392e-05  0.000000e+00  3.087325e-05  0.000000e+00  6.206865e-05
1.335731e+04  0.000000e+00  4.646534e-05  3.265966e-05  8.816519e-05  0.000000e+00  6.195936e-05  2.658118e-06  3.631346e-05  1.238510e-05  4.383383e-05  4.860471e-05  2.864850e-05  0.000000e+00  0.000000e+00  0.000000e+00  4.769264e-05
1.498715e+04  0.000000e+00  1.256426e-05  6.531995e-06  3.450362e-05  0.000000e+00  4.637975e-05  0.000000e+00  2.411331e-05  1.094257e-05  1.708501e-05  4.117163e-06  1.269332e-05  0.000000e+00  3.847382e-06  0.000000e+00  4.628425e-05
1.681586e+04  0.000000e+00  1.612215e-05  1.594270e-06  1.833613e-05  0.000000e+00  6.754821e-05  1.385338e-06  1.948644e-05  0.000000e+00  5.821647e-06  4.478858e-06  5.482370e-06  0.000000e+00  4.376176e-05  0.000000e+00  3.584078e-05
1.886771e+04  0.000000e+00  1.547336e-05  0.000000e+00  1.241133e-05  0.000000e+00  4.116356e-05  0.000000e+00  2.138756e-05  0.000000e+00  0.000000e+00  2.490431e-05  1.590428e-05  0.000000e+00  2.153024e-05  0.000000e+00  5.701825e-05
2.116992e+04  0.000000e+00  1.100413e-06  0.000000e+00  2.444299e-05  0.000000e+00  2.777572e-06  0.000000e+00  1.010073e-05  0.000000e+00  0.000000e+00  0.000000e+00  8.284036e-06  0.000000e+00  2.353594e-05  0.000000e+00  1.010073e-05
2.375304e+04  0.000000e+00  0.000000e+00  0.000000e+00  9.807440e-07  0.000000e+00  1.648097e-05  2.386451e-06  5.983910e-06  0.000000e+00  6.904296e-06  8.896635e-06  2.257313e-06  0.000000e+00  0.000000e+00  0.000000e+00  2.406664e-05
2.665135e+04  0.000000e+00  2.126927e-06  0.000000e+00  7.197231e-06  0.000000e+00  0.000000e+00  0.000000e+00  0.000000e+00  0.000000e+00  1.584314e-06  0.000000e+00  0.000000e+00  0.000000e+00  0.000000e+00  0.000000e+00  2.126927e-06
2.990330e+04  0.000000e+00  0.000000e+00  0.000000e+00  6.145431e-06  0.000000e+00  0.000000e+00  0.000000e+00  0.000000e+00  0.000000e+00  0.000000e+00  0.000000e+00  1.089862e-05  0.000000e+00  1.182004e-05  0.000000e+00  8.702919e-06
3.355206e+04  0.000000e+00  0.000000e+00  0.000000e+00  0.000000e+00  0.000000e+00  0.000000e+00  0.000000e+00  0.000000e+00  0.000000e+00  0.000000e+00  0.000000e+00  9.195346e-07  0.000000e+00  1.581703e-06  0.000000e+00  2.516930e-06
3.764603e+04  0.000000e+00  0.000000e+00  0.000000e+00  2.600434e-06  0.000000e+00  0.000000e+00  0.000000e+00  0.000000e+00  0.000000e+00  0.000000e+00  0.000000e+00  4.881490e-06  0.000000e+00  2.600434e-06  0.000000e+00  6.188076e-07
4.223954e+04  0.000000e+00  0.000000e+00  0.000000e+00  1.783065e-06  0.000000e+00  0.000000e+00  0.000000e+00  8.169082e-06  0.000000e+00  0.000000e+00  0.000000e+00  7.302962e-06  0.000000e+00  0.000000e+00  0.000000e+00  0.000000e+00
4.739354e+04  0.000000e+00  0.000000e+00  0.000000e+00  0.000000e+00  0.000000e+00  0.000000e+00  0.000000e+00  4.915364e-07  0.000000e+00  0.000000e+00  0.000000e+00  2.080695e-06  0.000000e+00  3.877505e-06  0.000000e+00  0.000000e+00
5.317643e+04  0.000000e+00  0.000000e+00  0.000000e+00  0.000000e+00  0.000000e+00  0.000000e+00  0.000000e+00  0.000000e+00  0.000000e+00  0.000000e+00  0.000000e+00  0.000000e+00  0.000000e+00  0.000000e+00  0.000000e+00  0.000000e+00
5.966493e+04  0.000000e+00  0.000000e+00  0.000000e+00  0.000000e+00  0.000000e+00  0.000000e+00  0.000000e+00  0.000000e+00  0.000000e+00  0.000000e+00  0.000000e+00  0.000000e+00  0.000000e+00  0.000000e+00  0.000000e+00  0.000000e+00
6.694516e+04  0.000000e+00  0.000000e+00  0.000000e+00  0.000000e+00  0.000000e+00  0.000000e+00  0.000000e+00  0.000000e+00  0.000000e+00  0.000000e+00  0.000000e+00  0.000000e+00  0.000000e+00  0.000000e+00  0.000000e+00  2.471153e-06
7.511370e+04  0.000000e+00  0.000000e+00  0.000000e+00  0.000000e+00  0.000000e+00  0.000000e+00  0.000000e+00  0.000000e+00  0.000000e+00  0.000000e+00  0.000000e+00  0.000000e+00  0.000000e+00  0.000000e+00  0.000000e+00  2.196761e-06
8.427896e+04  0.000000e+00  0.000000e+00  0.000000e+00  0.000000e+00  0.000000e+00  0.000000e+00  0.000000e+00  0.000000e+00  0.000000e+00  0.000000e+00  0.000000e+00  0.000000e+00  0.000000e+00  0.000000e+00  0.000000e+00  0.000000e+00
9.456255e+04  0.000000e+00  0.000000e+00  0.000000e+00  0.000000e+00  0.000000e+00  0.000000e+00  0.000000e+00  0.000000e+00  0.000000e+00  0.000000e+00  0.000000e+00  0.000000e+00  0.000000e+00  0.000000e+00  0.000000e+00  0.000000e+00
1.061009e+05  0.000000e+00  0.000000e+00  0.000000e+00  0.000000e+00  0.000000e+00  0.000000e+00  0.000000e+00  0.000000e+00  0.000000e+00  0.000000e+00  0.000000e+00  0.000000e+00  0.000000e+00  0.000000e+00  0.000000e+00  0.000000e+00
1.190472e+05  0.000000e+00  0.000000e+00  0.000000e+00  0.000000e+00  0.000000e+00  0.000000e+00  0.000000e+00  0.000000e+00  0.000000e+00  0.000000e+00  0.000000e+00  0.000000e+00  0.000000e+00  0.000000e+00  0.000000e+00  0.000000e+00
1.335731e+05  0.000000e+00  0.000000e+00  0.000000e+00  0.000000e+00  0.000000e+00  0.000000e+00  0.000000e+00  0.000000e+00  0.000000e+00  0.000000e+00  0.000000e+00  0.000000e+00  0.000000e+00  0.000000e+00  0.000000e+00  0.000000e+00
1.498715e+05  0.000000e+00  0.000000e+00  0.000000e+00  0.000000e+00  0.000000e+00  0.000000e+00  0.000000e+00  0.000000e+00  0.000000e+00  0.000000e+00  0.000000e+00  0.000000e+00  0.000000e+00  0.000000e+00  0.000000e+00  0.000000e+00
1.681586e+05  0.000000e+00  0.000000e+00  0.000000e+00  0.000000e+00  0.000000e+00  0.000000e+00  0.000000e+00  0.000000e+00  0.000000e+00  0.000000e+00  0.000000e+00  0.000000e+00  0.000000e+00  0.000000e+00  0.000000e+00  0.000000e+00
1.886771e+05  0.000000e+00  0.000000e+00  0.000000e+00  0.000000e+00  0.000000e+00  0.000000e+00  0.000000e+00  0.000000e+00  0.000000e+00  0.000000e+00  0.000000e+00  0.000000e+00  0.000000e+00  0.000000e+00  0.000000e+00  0.000000e+00
2.116992e+05  0.000000e+00  0.000000e+00  0.000000e+00  0.000000e+00  0.000000e+00  0.000000e+00  0.000000e+00  0.000000e+00  0.000000e+00  0.000000e+00  0.000000e+00  0.000000e+00  0.000000e+00  0.000000e+00  0.000000e+00  0.000000e+00
2.375304e+05  0.000000e+00  0.000000e+00  0.000000e+00  0.000000e+00  0.000000e+00  0.000000e+00  0.000000e+00  0.000000e+00  0.000000e+00  0.000000e+00  0.000000e+00  0.000000e+00  0.000000e+00  0.000000e+00  0.000000e+00  0.000000e+00
2.665135e+05  0.000000e+00  0.000000e+00  0.000000e+00  0.000000e+00  0.000000e+00  0.000000e+00  0.000000e+00  0.000000e+00  0.000000e+00  0.000000e+00  0.000000e+00  0.000000e+00  0.000000e+00  0.000000e+00  0.000000e+00  0.000000e+00
2.990330e+05  0.000000e+00  0.000000e+00  0.000000e+00  0.000000e+00  0.000000e+00  0.000000e+00  0.000000e+00  0.000000e+00  0.000000e+00  0.000000e+00  0.000000e+00  0.000000e+00  0.000000e+00  0.000000e+00  0.000000e+00  0.000000e+00
3.355206e+05  0.000000e+00  0.000000e+00  0.000000e+00  0.000000e+00  0.000000e+00  0.000000e+00  0.000000e+00  0.000000e+00  0.000000e+00  0.000000e+00  0.000000e+00  0.000000e+00  0.000000e+00  0.000000e+00  0.000000e+00  0.000000e+00
3.764603e+05  0.000000e+00  0.000000e+00  0.000000e+00  0.000000e+00  0.000000e+00  0.000000e+00  0.000000e+00  0.000000e+00  0.000000e+00  0.000000e+00  0.000000e+00  0.000000e+00  0.000000e+00  0.000000e+00  0.000000e+00  0.000000e+00
4.223954e+05  0.000000e+00  0.000000e+00  0.000000e+00  0.000000e+00  0.000000e+00  0.000000e+00  0.000000e+00  0.000000e+00  0.000000e+00  0.000000e+00  0.000000e+00  0.000000e+00  0.000000e+00  0.000000e+00  0.000000e+00  0.000000e+00
4.739354e+05  0.000000e+00  0.000000e+00  0.000000e+00  0.000000e+00  0.000000e+00  0.000000e+00  0.000000e+00  0.000000e+00  0.000000e+00  0.000000e+00  0.000000e+00  0.000000e+00  0.000000e+00  0.000000e+00  0.000000e+00  0.000000e+00
5.317643e+05  0.000000e+00  0.000000e+00  0.000000e+00  0.000000e+00  0.000000e+00  0.000000e+00  0.000000e+00  0.000000e+00  0.000000e+00  0.000000e+00  0.000000e+00  0.000000e+00  0.000000e+00  0.000000e+00  0.000000e+00  0.000000e+00
5.966493e+05  0.000000e+00  0.000000e+00  0.000000e+00  0.000000e+00  0.000000e+00  0.000000e+00  0.000000e+00  0.000000e+00  0.000000e+00  0.000000e+00  0.000000e+00  0.000000e+00  0.000000e+00  0.000000e+00  0.000000e+00  0.000000e+00
6.694516e+05  0.000000e+00  0.000000e+00  0.000000e+00  0.000000e+00  0.000000e+00  0.000000e+00  0.000000e+00  0.000000e+00  0.000000e+00  0.000000e+00  0.000000e+00  0.000000e+00  0.000000e+00  0.000000e+00  0.000000e+00  0.000000e+00
7.511370e+05  0.000000e+00  0.000000e+00  0.000000e+00  0.000000e+00  0.000000e+00  0.000000e+00  0.000000e+00  0.000000e+00  0.000000e+00  0.000000e+00  0.000000e+00  0.000000e+00  0.000000e+00  0.000000e+00  0.000000e+00  0.000000e+00
8.427896e+05  0.000000e+00  0.000000e+00  0.000000e+00  0.000000e+00  0.000000e+00  0.000000e+00  0.000000e+00  0.000000e+00  0.000000e+00  0.000000e+00  0.000000e+00  0.000000e+00  0.000000e+00  0.000000e+00  0.000000e+00  0.000000e+00
9.456255e+05  0.000000e+00  0.000000e+00  0.000000e+00  0.000000e+00  0.000000e+00  0.000000e+00  0.000000e+00  0.000000e+00  0.000000e+00  0.000000e+00  0.000000e+00  0.000000e+00  0.000000e+00  0.000000e+00  0.000000e+00  0.000000e+00
