# dR/dEr [1/keV/kg/Myr]
# Er [keV], S, F, Ne, Cl, Na, Si, O, P, N, C, Al, Mg, Be, B, Ar, Li
1.061009e+01  2.152013e+03  1.549636e+03  0.000000e+00  0.000000e+00  5.102731e+02  0.000000e+00  1.519334e+02  0.000000e+00  0.000000e+00  0.000000e+00  0.000000e+00  0.000000e+00  2.869720e+00  0.000000e+00  0.000000e+00  0.000000e+00
1.190472e+01  8.226919e+02  1.311500e+02  0.000000e+00  0.000000e+00  2.594280e+02  0.000000e+00  0.000000e+00  0.000000e+00  0.000000e+00  0.000000e+00  0.000000e+00  0.000000e+00  0.000000e+00  0.000000e+00  0.000000e+00  0.000000e+00
1.335731e+01  1.160633e+03  2.439097e+02  0.000000e+00  0.000000e+00  0.000000e+00  0.000000e+00  0.000000e+00  0.000000e+00  0.000000e+00  0.000000e+00  0.000000e+00  0.000000e+00  0.000000e+00  0.000000e+00  0.000000e+00  0.000000e+00
1.498715e+01  3.041113e+02  2.865460e+02  0.000000e+00  0.000000e+00  1.249843e+02  0.000000e+00  5.254542e+01  0.000000e+00  0.000000e+00  0.000000e+00  0.000000e+00  0.000000e+00  0.000000e+00  0.000000e+00  0.000000e+00  0.000000e+00
1.681586e+01  7.488191e+02  2.765641e+02  1.095107e+02  0.000000e+00  2.076339e+02  4.683116e+01  0.000000e+00  0.000000e+00  0.000000e+00  0.000000e+00  0.000000e+00  0.000000e+00  0.000000e+00  0.000000e+00  0.000000e+00  0.000000e+00
1.886771e+01  5.162085e+02  3.335454e+02  0.000000e+00  0.000000e+00  9.760155e+01  0.000000e+00  0.000000e+00  0.000000e+00  0.000000e+00  0.000000e+00  0.000000e+00  0.000000e+00  0.000000e+00  0.000000e+00  0.000000e+00  0.000000e+00
2.116992e+01  5.136644e+02  3.889843e+02  0.000000e+00  0.000000e+00  1.045677e+02  0.000000e+00  4.676831e+01  0.000000e+00  0.000000e+00  0.000000e+00  1.016091e+01  0.000000e+00  0.000000e+00  0.000000e+00  0.000000e+00  0.000000e+00
2.375304e+01  9.450546e+02  1.873727e+02  6.872093e+01  0.000000e+00  2.005166e+02  0.000000e+00  7.752767e+01  0.000000e+00  0.000000e+00  0.000000e+00  0.000000e+00  0.000000e+00  0.000000e+00  0.000000e+00  0.000000e+00  0.000000e+00
2.665135e+01  8.187500e+02  3.192559e+02  3.714939e+01  1.187248e+00  6.033430e+01  0.000000e+00  0.000000e+00  3.655261e+01  0.000000e+00  0.000000e+00  0.000000e+00  0.000000e+00  0.000000e+00  0.000000e+00  0.000000e+00  0.000000e+00
2.990330e+01  8.996970e+02  4.022525e+02  4.699866e+01  0.000000e+00  3.748472e+01  0.000000e+00  5.944453e+01  0.000000e+00  0.000000e+00  0.000000e+00  3.590876e+00  0.000000e+00  1.966947e+01  0.000000e+00  0.000000e+00  0.000000e+00
3.355206e+01  1.160603e+03  3.018077e+02  4.412330e+01  0.000000e+00  9.548658e+01  0.000000e+00  9.540824e+01  0.000000e+00  0.000000e+00  0.000000e+00  1.782197e+01  0.000000e+00  1.804720e+01  0.000000e+00  0.000000e+00  0.000000e+00
3.764603e+01  1.288874e+03  1.994413e+02  1.669177e-01  2.629976e+01  1.277303e+02  0.000000e+00  1.122844e+00  0.000000e+00  0.000000e+00  0.000000e+00  0.000000e+00  0.000000e+00  2.598338e-01  0.000000e+00  0.000000e+00  0.000000e+00
4.223954e+01  1.193631e+03  6.042241e+02  7.994768e+00  0.000000e+00  2.626831e+02  0.000000e+00  3.751922e+01  0.000000e+00  0.000000e+00  0.000000e+00  4.914428e+00  0.000000e+00  1.110745e+02  0.000000e+00  0.000000e+00  0.000000e+00
4.739354e+01  1.671961e+03  6.551472e+02  2.089064e+01  5.212754e+01  8.060897e+01  0.000000e+00  7.566701e+01  0.000000e+00  0.000000e+00  0.000000e+00  0.000000e+00  0.000000e+00  4.342885e+01  0.000000e+00  0.000000e+00  0.000000e+00
5.317643e+01  1.459575e+03  3.766434e+02  5.204691e+01  0.000000e+00  1.887283e+02  0.000000e+00  1.009045e+02  0.000000e+00  0.000000e+00  0.000000e+00  4.045131e+00  0.000000e+00  0.000000e+00  0.000000e+00  0.000000e+00  0.000000e+00
5.966493e+01  1.949871e+03  6.962670e+02  5.781466e+01  2.979284e+01  1.196290e+02  0.000000e+00  8.634206e+01  0.000000e+00  0.000000e+00  0.000000e+00  8.505896e+00  0.000000e+00  2.244413e+00  0.000000e+00  0.000000e+00  0.000000e+00
6.694516e+01  2.123378e+03  5.811168e+02  9.621336e+01  0.000000e+00  2.609888e+02  0.000000e+00  2.798051e+01  0.000000e+00  2.469373e+00  0.000000e+00  2.570336e+01  0.000000e+00  3.213675e+02  0.000000e+00  0.000000e+00  0.000000e+00
7.511370e+01  2.221708e+03  7.780884e+02  7.488373e+01  3.019334e+01  1.529423e+02  0.000000e+00  6.888950e+01  0.000000e+00  0.000000e+00  0.000000e+00  4.495789e+00  0.000000e+00  9.945159e+04  0.000000e+00  0.000000e+00  0.000000e+00
8.427896e+01  2.824669e+03  8.936229e+02  5.289971e+01  7.041467e+01  2.242922e+02  0.000000e+00  1.133721e+02  0.000000e+00  0.000000e+00  0.000000e+00  0.000000e+00  0.000000e+00  1.213760e+05  0.000000e+00  0.000000e+00  0.000000e+00
9.456255e+01  2.820204e+03  6.979986e+02  6.833448e+01  3.634947e+01  1.929935e+02  0.000000e+00  3.523305e+01  0.000000e+00  1.775605e+00  0.000000e+00  2.742303e-02  0.000000e+00  9.180464e+04  0.000000e+00  0.000000e+00  0.000000e+00
1.061009e+02  3.332924e+03  9.144745e+02  5.519880e+01  1.327046e+01  2.769000e+02  0.000000e+00  6.273052e+01  0.000000e+00  0.000000e+00  4.783217e+00  2.321482e+01  0.000000e+00  7.027893e+04  0.000000e+00  0.000000e+00  0.000000e+00
1.190472e+02  3.570900e+03  1.157505e+03  1.200715e+02  1.895014e+01  2.425928e+02  0.000000e+00  3.330133e+01  0.000000e+00  6.615077e+00  1.445406e+01  6.227683e+04  0.000000e+00  5.170521e+04  0.000000e+00  1.840802e+00  0.000000e+00
1.335731e+02  4.033225e+03  1.270210e+03  8.685437e+01  4.704379e-02  3.103282e+02  0.000000e+00  4.367041e+01  0.000000e+00  0.000000e+00  0.000000e+00  5.182060e+04  0.000000e+00  3.769472e+04  0.000000e+00  0.000000e+00  0.000000e+00
1.498715e+02  9.901736e+03  1.462821e+03  6.610923e+01  1.988955e+01  1.867374e+02  0.000000e+00  7.386671e+01  0.000000e+00  1.079113e+01  6.601655e+00  3.875547e+04  0.000000e+00  2.832071e+04  0.000000e+00  0.000000e+00  0.000000e+00
1.681586e+02  1.427473e+04  1.470508e+03  8.488567e+01  2.076339e+01  1.577343e+02  1.542111e-02  9.646809e+01  0.000000e+00  4.360638e+00  0.000000e+00  2.878530e+04  0.000000e+00  2.071604e+04  0.000000e+00  0.000000e+00  0.000000e+00
1.886771e+02  8.286218e+03  1.747115e+03  6.054095e+01  2.115401e+01  3.363874e+02  9.421322e+00  8.997507e+01  6.485200e+00  6.485200e+00  0.000000e+00  2.152930e+04  0.000000e+00  1.540231e+04  0.000000e+00  0.000000e+00  0.000000e+00
2.116992e+02  3.602390e+03  2.166728e+03  7.842184e+01  4.867297e+01  1.406338e+02  5.779941e+00  8.080806e+01  0.000000e+00  0.000000e+00  1.224942e-02  1.680383e+04  0.000000e+00  1.021947e+04  0.000000e+00  2.968262e-02  0.000000e+00
2.375304e+02  2.607660e+03  1.125075e+04  1.244819e+02  4.390180e+01  2.070726e+02  2.601389e+00  8.681391e+01  1.044199e+01  0.000000e+00  3.315392e+00  1.257117e+04  0.000000e+00  7.358115e+03  0.000000e+00  8.162216e+00  0.000000e+00
2.665135e+02  2.136118e+03  9.366925e+03  1.279907e+02  2.873682e+01  2.939668e+02  5.554795e+00  6.587028e+01  0.000000e+00  4.591170e+00  2.694254e+00  9.288627e+03  0.000000e+00  5.245637e+03  0.000000e+00  0.000000e+00  0.000000e+00
2.990330e+02  1.298094e+03  1.414234e+03  6.963575e+01  2.559233e+01  2.305282e+02  3.380739e-01  1.243209e+02  1.349923e-02  3.271114e-02  5.614956e-01  6.951459e+03  0.000000e+00  3.914267e+03  0.000000e+00  0.000000e+00  0.000000e+00
3.355206e+02  1.130562e+03  1.253176e+03  8.208862e+01  3.346525e+01  2.447456e+02  3.646896e+00  9.159122e+01  3.683285e+00  2.950881e+00  5.222800e+00  5.168194e+03  3.991193e-01  2.682057e+03  0.000000e+00  0.000000e+00  6.931109e-02
3.764603e+02  7.576234e+02  9.284426e+02  1.013860e+02  2.684821e+01  2.760699e+02  1.148781e+00  6.472178e+01  0.000000e+00  3.932493e+00  0.000000e+00  3.450774e+03  0.000000e+00  1.958058e+03  0.000000e+00  0.000000e+00  0.000000e+00
4.223954e+02  4.900461e+02  7.684624e+02  6.457100e+01  3.104386e+01  2.328113e+02  2.353525e+00  9.388706e+01  7.050211e+00  2.906389e+00  4.088584e+00  2.638290e+03  0.000000e+00  1.087014e+03  0.000000e+00  1.487655e-02  0.000000e+00
4.739354e+02  3.801033e+02  6.242742e+02  9.334394e+01  5.566743e+01  1.960408e+02  3.159893e+00  8.658749e+01  6.182274e+00  2.055504e+00  0.000000e+00  1.622428e+03  0.000000e+00  7.344461e+02  2.055504e+00  0.000000e+00  0.000000e+00
5.317643e+02  2.935545e+02  4.068460e+02  9.484432e+01  2.573432e+01  2.105558e+02  6.607314e+00  7.896873e+01  7.027095e+00  7.156884e+00  2.765052e+00  1.342120e+03  0.000000e+00  5.693844e+02  4.876582e-03  3.645928e+00  0.000000e+00
5.966493e+02  2.607279e+02  3.493110e+02  9.710949e+01  4.364199e+01  2.064295e+02  6.194837e+00  7.512333e+01  7.589108e+00  4.154633e+00  9.858088e-01  9.859622e+02  0.000000e+00  3.758722e+02  0.000000e+00  1.639441e-02  0.000000e+00
6.694516e+02  1.986182e+02  2.919473e+02  1.206368e+02  6.589397e+01  1.974860e+02  6.465008e+00  9.694987e+01  5.746336e+00  4.962189e+00  1.423283e+00  6.758578e+02  0.000000e+00  2.133341e+02  0.000000e+00  0.000000e+00  0.000000e+00
7.511370e+02  1.614812e+02  2.278358e+02  8.405210e+01  5.331634e+01  1.318902e+02  1.841773e+00  7.259293e+01  7.154836e+00  4.729941e+00  1.000912e+00  4.355464e+02  0.000000e+00  1.458071e+02  0.000000e+00  0.000000e+00  0.000000e+00
8.427896e+02  1.002849e+02  1.889852e+02  7.103580e+01  6.046538e+01  1.443279e+02  4.294198e+00  8.188847e+01  2.931347e+00  1.306326e+00  1.819811e+00  2.312109e+02  0.000000e+00  7.291843e+01  0.000000e+00  2.005018e+00  0.000000e+00
9.456255e+02  9.608025e+01  1.570710e+02  9.502139e+01  3.856825e+01  1.215840e+02  5.274779e+00  8.417957e+01  8.627737e+00  0.000000e+00  3.948220e+00  1.891383e+02  3.346120e-02  5.827584e+01  0.000000e+00  0.000000e+00  0.000000e+00
1.061009e+03  8.831419e+01  1.091316e+02  8.882651e+01  6.052985e+01  9.665125e+01  6.382971e+00  7.891611e+01  6.436538e+00  8.352229e+00  7.024886e-01  1.368125e+02  0.000000e+00  2.083147e+01  1.856292e-01  1.262126e-01  0.000000e+00
1.190472e+03  5.969632e+01  9.438666e+01  8.062958e+01  6.166320e+01  7.413555e+01  6.268520e+00  4.803362e+01  7.784295e+00  3.421976e+00  1.877798e+00  8.331606e+01  0.000000e+00  2.451207e+01  0.000000e+00  0.000000e+00  0.000000e+00
1.335731e+03  5.830849e+01  8.330524e+01  6.613530e+01  4.704056e+01  6.063431e+01  2.900130e+00  6.266398e+01  3.054416e+00  5.838538e+00  1.011930e+00  4.071924e+01  0.000000e+00  7.774534e+00  1.265081e+00  0.000000e+00  0.000000e+00
1.498715e+03  3.727151e+01  6.153869e+01  5.465018e+01  4.974731e+01  4.160283e+01  8.562892e+00  5.415902e+01  9.431559e+00  7.898969e+00  1.692330e+00  2.501708e+01  2.820456e-02  1.273049e+01  0.000000e+00  0.000000e+00  7.398134e-02
1.681586e+03  1.518009e+01  5.796880e+01  4.153147e+01  4.341074e+01  4.878204e+01  4.838131e+00  4.202774e+01  6.270144e+00  5.652397e+00  3.080862e+00  2.419830e+01  0.000000e+00  7.854573e+00  8.678430e-01  0.000000e+00  1.382938e-02
1.886771e+03  1.983180e+01  3.523696e+01  4.273027e+01  5.642983e+01  3.886352e+01  5.085159e+00  3.743228e+01  6.671920e+00  4.358499e+00  3.542202e+00  1.265367e+01  8.364892e-01  7.846356e-01  6.516947e-01  8.068811e-03  0.000000e+00
2.116992e+03  1.627113e+01  3.658207e+01  2.746174e+01  3.443510e+01  1.596475e+01  4.565728e+00  2.737050e+01  5.731043e+00  1.485288e+00  2.349664e+00  6.197298e+00  3.934898e-01  2.047944e+00  2.968262e-03  0.000000e+00  2.968262e-03
2.375304e+03  6.468197e+00  2.149857e+01  2.468379e+01  4.837069e+01  1.565114e+01  7.177640e+00  2.496992e+01  5.336238e+00  3.347511e+00  8.888272e-01  6.980776e+00  1.699452e-03  0.000000e+00  9.055920e-02  0.000000e+00  2.147502e-01
2.665135e+03  6.843787e+00  1.527222e+01  1.980828e+01  3.976282e+01  7.819601e+00  5.103823e+00  1.568281e+01  9.056575e+00  1.861387e+00  3.988701e+00  3.855074e+00  1.289064e+00  6.457462e-01  2.206951e-01  0.000000e+00  6.614997e-01
2.990330e+03  1.438965e+00  1.063534e+01  1.247664e+01  3.042176e+01  6.586014e+00  6.025735e+00  1.104643e+01  5.924837e+00  1.446027e+00  1.207536e+00  2.946045e+00  2.227492e-01  0.000000e+00  1.999658e-01  0.000000e+00  8.188232e-01
3.355206e+03  1.355815e+00  1.235827e+01  1.109674e+01  3.157599e+01  2.239386e+00  6.273782e+00  7.204683e+00  3.874045e+00  1.453426e+00  1.571808e+00  5.221627e-01  5.645959e-01  4.630742e-01  3.200372e-02  0.000000e+00  2.645733e-03
3.764603e+03  5.728337e-01  4.676338e+00  8.117434e+00  1.962112e+01  1.620903e+00  4.904092e+00  4.096421e+00  2.909933e+00  8.730346e-01  1.606289e+00  1.109934e+00  8.237152e-02  6.888355e-04  4.460488e-01  0.000000e+00  3.441073e-01
4.223954e+03  5.404487e-02  3.662433e+00  2.971155e+00  1.573194e+01  6.983729e-01  2.438082e+00  3.884523e+00  3.255793e+00  1.310714e+00  1.131137e+00  9.546969e-01  1.739448e-01  0.000000e+00  4.302531e-01  0.000000e+00  2.604263e-01
4.739354e+03  7.125345e-02  2.400962e+00  3.888035e+00  1.411406e+01  7.581164e-01  2.850700e+00  8.861831e-01  2.090357e+00  5.228657e-01  6.290960e-01  7.603373e-01  3.204080e-01  3.212251e-03  1.485419e-02  0.000000e+00  7.143120e-02
5.317643e+03  4.724383e-01  2.026508e+00  2.268053e+00  8.872972e+00  7.109069e-02  2.049174e+00  3.280242e-01  3.955403e+00  1.395681e+00  8.537923e-01  2.549830e-01  3.979386e-01  0.000000e+00  2.879121e-01  0.000000e+00  4.879905e-01
5.966493e+03  1.276408e-01  9.791518e-01  1.076266e+00  4.871597e+00  3.158175e-01  2.560639e+00  2.840174e-01  1.378687e+00  5.302634e-01  1.100959e+00  1.694383e-02  4.506901e-02  0.000000e+00  8.761054e-02  0.000000e+00  1.260858e-01
6.694516e+03  6.029883e-04  6.131214e-01  8.393910e-01  3.499540e+00  5.453476e-02  3.498731e+00  6.382596e-02  8.533138e-01  5.844212e-01  9.471799e-01  4.574374e-01  6.903491e-01  0.000000e+00  5.452035e-02  0.000000e+00  3.473783e-03
7.511370e+03  2.345555e-02  5.254966e-01  8.454637e-01  2.216448e+00  2.384257e-01  1.726350e+00  2.185483e-01  6.250409e-01  1.929836e-01  5.012889e-01  2.321307e-02  1.317456e-01  0.000000e+00  7.275039e-03  0.000000e+00  4.737172e-01
8.427896e+03  6.021713e-02  3.252444e-01  4.776747e-01  4.457126e-01  7.221245e-02  2.204670e+00  4.320445e-01  1.458156e+00  2.359684e-01  1.372992e-01  4.083380e-01  3.194693e-01  0.000000e+00  4.915043e-03  0.000000e+00  9.631456e-02
9.456255e+03  0.000000e+00  8.417751e-02  4.292723e-01  1.135724e+00  7.012097e-02  1.447050e+00  6.645112e-04  4.766814e-01  3.220986e-01  1.914629e-01  5.518022e-01  4.223502e-01  0.000000e+00  1.779239e-01  0.000000e+00  1.135535e-02
1.061009e+04  0.000000e+00  3.295826e-01  1.880572e-01  6.800277e-01  2.086592e-02  9.653572e-01  9.961172e-02  3.553662e-01  1.104239e-02  2.369383e-01  2.065628e-01  2.987991e-01  0.000000e+00  3.804599e-04  0.000000e+00  1.581646e-01
1.190472e+04  0.000000e+00  2.145746e-03  1.953452e-03  3.620540e-01  0.000000e+00  2.774641e-01  2.178289e-04  2.425335e-02  6.781705e-04  2.539245e-01  6.173659e-01  1.373341e-01  0.000000e+00  2.777261e-02  0.000000e+00  5.626737e-02
1.335731e+04  0.000000e+00  6.666872e-02  2.134012e-01  4.573134e-01  0.000000e+00  3.573481e-01  7.323112e-04  6.404288e-02  7.762672e-03  1.560170e-01  9.791695e-02  2.932374e-02  0.000000e+00  0.000000e+00  0.000000e+00  6.083644e-02
1.498715e+04  0.000000e+00  9.689394e-02  2.820456e-03  2.596846e-02  0.000000e+00  1.603536e-01  0.000000e+00  2.554888e-01  8.935168e-03  3.487839e-02  8.385564e-04  2.224956e-01  0.000000e+00  6.886232e-04  0.000000e+00  1.411298e-01
1.681586e+04  0.000000e+00  6.909130e-03  2.400540e-04  1.465254e-02  0.000000e+00  2.870070e-01  1.542111e-04  2.286895e-02  0.000000e+00  2.513734e-03  1.881661e-03  1.964634e-03  0.000000e+00  7.077785e-02  0.000000e+00  1.106822e-01
1.886771e+04  0.000000e+00  1.315171e-02  0.000000e+00  5.228781e-02  0.000000e+00  1.981201e-01  0.000000e+00  1.430838e-01  0.000000e+00  0.000000e+00  5.460289e-02  5.408625e-02  0.000000e+00  1.173103e-01  0.000000e+00  8.241830e-02
2.116992e+04  0.000000e+00  1.224942e-04  0.000000e+00  3.888490e-02  0.000000e+00  5.845513e-04  0.000000e+00  2.397287e-02  0.000000e+00  0.000000e+00  0.000000e+00  4.601701e-02  0.000000e+00  1.793150e-01  0.000000e+00  2.397287e-02
2.375304e+04  0.000000e+00  0.000000e+00  0.000000e+00  1.091731e-04  0.000000e+00  2.603375e-02  9.790452e-04  4.256098e-03  0.000000e+00  5.637710e-03  2.476240e-02  3.398904e-04  0.000000e+00  0.000000e+00  0.000000e+00  7.846458e-02
2.665135e+04  0.000000e+00  8.725749e-04  0.000000e+00  5.454163e-02  0.000000e+00  0.000000e+00  0.000000e+00  0.000000e+00  0.000000e+00  5.712281e-04  0.000000e+00  0.000000e+00  0.000000e+00  0.000000e+00  0.000000e+00  8.725749e-04
2.990330e+04  0.000000e+00  0.000000e+00  0.000000e+00  5.528237e-03  0.000000e+00  0.000000e+00  0.000000e+00  0.000000e+00  0.000000e+00  0.000000e+00  0.000000e+00  8.908976e-03  0.000000e+00  2.305021e-02  0.000000e+00  1.151462e-02
3.355206e+04  0.000000e+00  0.000000e+00  0.000000e+00  0.000000e+00  0.000000e+00  0.000000e+00  0.000000e+00  0.000000e+00  0.000000e+00  0.000000e+00  0.000000e+00  1.872847e-04  0.000000e+00  5.778406e-02  0.000000e+00  9.074851e-04
3.764603e+04  0.000000e+00  0.000000e+00  0.000000e+00  1.122844e-03  0.000000e+00  0.000000e+00  0.000000e+00  0.000000e+00  0.000000e+00  0.000000e+00  0.000000e+00  4.391235e-03  0.000000e+00  1.122844e-03  0.000000e+00  6.888355e-05
4.223954e+04  0.000000e+00  0.000000e+00  0.000000e+00  7.491029e-04  0.000000e+00  0.000000e+00  0.000000e+00  4.582959e-02  0.000000e+00  0.000000e+00  0.000000e+00  5.009995e-03  0.000000e+00  0.000000e+00  0.000000e+00  0.000000e+00
4.739354e+04  0.000000e+00  0.000000e+00  0.000000e+00  0.000000e+00  0.000000e+00  0.000000e+00  0.000000e+00  5.471615e-05  0.000000e+00  0.000000e+00  0.000000e+00  7.223548e-04  0.000000e+00  3.488082e-03  0.000000e+00  0.000000e+00
5.317643e+04  0.000000e+00  0.000000e+00  0.000000e+00  0.000000e+00  0.000000e+00  0.000000e+00  0.000000e+00  0.000000e+00  0.000000e+00  0.000000e+00  0.000000e+00  0.000000e+00  0.000000e+00  0.000000e+00  0.000000e+00  0.000000e+00
5.966493e+04  0.000000e+00  0.000000e+00  0.000000e+00  0.000000e+00  0.000000e+00  0.000000e+00  0.000000e+00  0.000000e+00  0.000000e+00  0.000000e+00  0.000000e+00  0.000000e+00  0.000000e+00  0.000000e+00  0.000000e+00  0.000000e+00
6.694516e+04  0.000000e+00  0.000000e+00  0.000000e+00  0.000000e+00  0.000000e+00  0.000000e+00  0.000000e+00  0.000000e+00  0.000000e+00  0.000000e+00  0.000000e+00  0.000000e+00  0.000000e+00  0.000000e+00  0.000000e+00  1.548857e-03
7.511370e+04  0.000000e+00  0.000000e+00  0.000000e+00  0.000000e+00  0.000000e+00  0.000000e+00  0.000000e+00  0.000000e+00  0.000000e+00  0.000000e+00  0.000000e+00  0.000000e+00  0.000000e+00  0.000000e+00  0.000000e+00  1.929836e-02
8.427896e+04  0.000000e+00  0.000000e+00  0.000000e+00  0.000000e+00  0.000000e+00  0.000000e+00  0.000000e+00  0.000000e+00  0.000000e+00  0.000000e+00  0.000000e+00  0.000000e+00  0.000000e+00  0.000000e+00  0.000000e+00  0.000000e+00
9.456255e+04  0.000000e+00  0.000000e+00  0.000000e+00  0.000000e+00  0.000000e+00  0.000000e+00  0.000000e+00  0.000000e+00  0.000000e+00  0.000000e+00  0.000000e+00  0.000000e+00  0.000000e+00  0.000000e+00  0.000000e+00  0.000000e+00
1.061009e+05  0.000000e+00  0.000000e+00  0.000000e+00  0.000000e+00  0.000000e+00  0.000000e+00  0.000000e+00  0.000000e+00  0.000000e+00  0.000000e+00  0.000000e+00  0.000000e+00  0.000000e+00  0.000000e+00  0.000000e+00  0.000000e+00
1.190472e+05  0.000000e+00  0.000000e+00  0.000000e+00  0.000000e+00  0.000000e+00  0.000000e+00  0.000000e+00  0.000000e+00  0.000000e+00  0.000000e+00  0.000000e+00  0.000000e+00  0.000000e+00  0.000000e+00  0.000000e+00  0.000000e+00
1.335731e+05  0.000000e+00  0.000000e+00  0.000000e+00  0.000000e+00  0.000000e+00  0.000000e+00  0.000000e+00  0.000000e+00  0.000000e+00  0.000000e+00  0.000000e+00  0.000000e+00  0.000000e+00  0.000000e+00  0.000000e+00  0.000000e+00
1.498715e+05  0.000000e+00  0.000000e+00  0.000000e+00  0.000000e+00  0.000000e+00  0.000000e+00  0.000000e+00  0.000000e+00  0.000000e+00  0.000000e+00  0.000000e+00  0.000000e+00  0.000000e+00  0.000000e+00  0.000000e+00  0.000000e+00
1.681586e+05  0.000000e+00  0.000000e+00  0.000000e+00  0.000000e+00  0.000000e+00  0.000000e+00  0.000000e+00  0.000000e+00  0.000000e+00  0.000000e+00  0.000000e+00  0.000000e+00  0.000000e+00  0.000000e+00  0.000000e+00  0.000000e+00
1.886771e+05  0.000000e+00  0.000000e+00  0.000000e+00  0.000000e+00  0.000000e+00  0.000000e+00  0.000000e+00  0.000000e+00  0.000000e+00  0.000000e+00  0.000000e+00  0.000000e+00  0.000000e+00  0.000000e+00  0.000000e+00  0.000000e+00
2.116992e+05  0.000000e+00  0.000000e+00  0.000000e+00  0.000000e+00  0.000000e+00  0.000000e+00  0.000000e+00  0.000000e+00  0.000000e+00  0.000000e+00  0.000000e+00  0.000000e+00  0.000000e+00  0.000000e+00  0.000000e+00  0.000000e+00
2.375304e+05  0.000000e+00  0.000000e+00  0.000000e+00  0.000000e+00  0.000000e+00  0.000000e+00  0.000000e+00  0.000000e+00  0.000000e+00  0.000000e+00  0.000000e+00  0.000000e+00  0.000000e+00  0.000000e+00  0.000000e+00  0.000000e+00
2.665135e+05  0.000000e+00  0.000000e+00  0.000000e+00  0.000000e+00  0.000000e+00  0.000000e+00  0.000000e+00  0.000000e+00  0.000000e+00  0.000000e+00  0.000000e+00  0.000000e+00  0.000000e+00  0.000000e+00  0.000000e+00  0.000000e+00
2.990330e+05  0.000000e+00  0.000000e+00  0.000000e+00  0.000000e+00  0.000000e+00  0.000000e+00  0.000000e+00  0.000000e+00  0.000000e+00  0.000000e+00  0.000000e+00  0.000000e+00  0.000000e+00  0.000000e+00  0.000000e+00  0.000000e+00
3.355206e+05  0.000000e+00  0.000000e+00  0.000000e+00  0.000000e+00  0.000000e+00  0.000000e+00  0.000000e+00  0.000000e+00  0.000000e+00  0.000000e+00  0.000000e+00  0.000000e+00  0.000000e+00  0.000000e+00  0.000000e+00  0.000000e+00
3.764603e+05  0.000000e+00  0.000000e+00  0.000000e+00  0.000000e+00  0.000000e+00  0.000000e+00  0.000000e+00  0.000000e+00  0.000000e+00  0.000000e+00  0.000000e+00  0.000000e+00  0.000000e+00  0.000000e+00  0.000000e+00  0.000000e+00
4.223954e+05  0.000000e+00  0.000000e+00  0.000000e+00  0.000000e+00  0.000000e+00  0.000000e+00  0.000000e+00  0.000000e+00  0.000000e+00  0.000000e+00  0.000000e+00  0.000000e+00  0.000000e+00  0.000000e+00  0.000000e+00  0.000000e+00
4.739354e+05  0.000000e+00  0.000000e+00  0.000000e+00  0.000000e+00  0.000000e+00  0.000000e+00  0.000000e+00  0.000000e+00  0.000000e+00  0.000000e+00  0.000000e+00  0.000000e+00  0.000000e+00  0.000000e+00  0.000000e+00  0.000000e+00
5.317643e+05  0.000000e+00  0.000000e+00  0.000000e+00  0.000000e+00  0.000000e+00  0.000000e+00  0.000000e+00  0.000000e+00  0.000000e+00  0.000000e+00  0.000000e+00  0.000000e+00  0.000000e+00  0.000000e+00  0.000000e+00  0.000000e+00
5.966493e+05  0.000000e+00  0.000000e+00  0.000000e+00  0.000000e+00  0.000000e+00  0.000000e+00  0.000000e+00  0.000000e+00  0.000000e+00  0.000000e+00  0.000000e+00  0.000000e+00  0.000000e+00  0.000000e+00  0.000000e+00  0.000000e+00
6.694516e+05  0.000000e+00  0.000000e+00  0.000000e+00  0.000000e+00  0.000000e+00  0.000000e+00  0.000000e+00  0.000000e+00  0.000000e+00  0.000000e+00  0.000000e+00  0.000000e+00  0.000000e+00  0.000000e+00  0.000000e+00  0.000000e+00
7.511370e+05  0.000000e+00  0.000000e+00  0.000000e+00  0.000000e+00  0.000000e+00  0.000000e+00  0.000000e+00  0.000000e+00  0.000000e+00  0.000000e+00  0.000000e+00  0.000000e+00  0.000000e+00  0.000000e+00  0.000000e+00  0.000000e+00
8.427896e+05  0.000000e+00  0.000000e+00  0.000000e+00  0.000000e+00  0.000000e+00  0.000000e+00  0.000000e+00  0.000000e+00  0.000000e+00  0.000000e+00  0.000000e+00  0.000000e+00  0.000000e+00  0.000000e+00  0.000000e+00  0.000000e+00
9.456255e+05  0.000000e+00  0.000000e+00  0.000000e+00  0.000000e+00  0.000000e+00  0.000000e+00  0.000000e+00  0.000000e+00  0.000000e+00  0.000000e+00  0.000000e+00  0.000000e+00  0.000000e+00  0.000000e+00  0.000000e+00  0.000000e+00
