# dR/dEr [1/keV/kg/Myr]
# Er [keV], S, F, Ne, Cl, Na, Si, O, P, N, C, Al, Mg, Be, B, Ar, Li
1.061009e+01  1.362437e+00  1.179411e+00  0.000000e+00  0.000000e+00  8.377703e-01  0.000000e+00  7.765628e-02  0.000000e+00  0.000000e+00  0.000000e+00  0.000000e+00  0.000000e+00  4.473029e-02  0.000000e+00  0.000000e+00  0.000000e+00
1.190472e+01  3.918067e-01  3.297429e-01  0.000000e+00  0.000000e+00  1.255708e-01  0.000000e+00  0.000000e+00  0.000000e+00  0.000000e+00  0.000000e+00  0.000000e+00  0.000000e+00  0.000000e+00  0.000000e+00  0.000000e+00  0.000000e+00
1.335731e+01  5.865466e-01  1.422009e-01  0.000000e+00  0.000000e+00  0.000000e+00  0.000000e+00  0.000000e+00  0.000000e+00  0.000000e+00  0.000000e+00  0.000000e+00  0.000000e+00  0.000000e+00  0.000000e+00  0.000000e+00  0.000000e+00
1.498715e+01  1.444121e-01  3.305545e-01  0.000000e+00  0.000000e+00  9.294046e-02  0.000000e+00  2.330018e-02  0.000000e+00  0.000000e+00  0.000000e+00  0.000000e+00  0.000000e+00  0.000000e+00  0.000000e+00  0.000000e+00  0.000000e+00
1.681586e+01  3.572733e-01  2.160981e-01  5.125441e-02  0.000000e+00  1.021471e-01  2.076631e-02  0.000000e+00  0.000000e+00  0.000000e+00  0.000000e+00  0.000000e+00  0.000000e+00  0.000000e+00  0.000000e+00  0.000000e+00  0.000000e+00
1.886771e+01  2.436755e-01  2.223469e-01  0.000000e+00  0.000000e+00  4.568054e-02  0.000000e+00  0.000000e+00  0.000000e+00  0.000000e+00  0.000000e+00  0.000000e+00  0.000000e+00  0.000000e+00  0.000000e+00  0.000000e+00  0.000000e+00
2.116992e+01  2.605947e-01  3.336534e-01  0.000000e+00  0.000000e+00  4.980339e-02  0.000000e+00  2.162152e-02  0.000000e+00  0.000000e+00  0.000000e+00  1.541425e-01  0.000000e+00  0.000000e+00  0.000000e+00  0.000000e+00  0.000000e+00
2.375304e+01  4.811076e-01  9.030666e-02  8.199489e-02  0.000000e+00  1.833536e-01  0.000000e+00  3.628534e-02  0.000000e+00  0.000000e+00  0.000000e+00  0.000000e+00  0.000000e+00  0.000000e+00  0.000000e+00  0.000000e+00  0.000000e+00
2.665135e+01  5.115958e-01  3.559077e-01  1.717458e-02  1.992492e-02  2.712827e-02  0.000000e+00  0.000000e+00  9.764848e-02  0.000000e+00  0.000000e+00  0.000000e+00  0.000000e+00  0.000000e+00  0.000000e+00  0.000000e+00  0.000000e+00
2.990330e+01  4.943526e-01  2.171345e-01  2.054899e-02  0.000000e+00  2.085777e-01  0.000000e+00  2.698462e-02  0.000000e+00  0.000000e+00  0.000000e+00  5.091476e-02  0.000000e+00  1.068078e-01  0.000000e+00  0.000000e+00  0.000000e+00
3.355206e+01  6.296384e-01  1.972239e-01  2.300545e-02  0.000000e+00  4.506607e-02  0.000000e+00  8.870537e-02  0.000000e+00  0.000000e+00  0.000000e+00  1.003895e-01  0.000000e+00  2.147733e-01  0.000000e+00  0.000000e+00  0.000000e+00
3.764603e+01  8.230593e-01  3.528275e-01  3.524004e-03  1.215867e-02  1.830462e-01  0.000000e+00  2.043212e-02  0.000000e+00  0.000000e+00  0.000000e+00  0.000000e+00  0.000000e+00  4.631787e-03  0.000000e+00  0.000000e+00  0.000000e+00
4.223954e+01  7.559942e-01  3.708343e-01  7.880977e-02  0.000000e+00  1.562712e-01  0.000000e+00  2.066252e-02  0.000000e+00  0.000000e+00  0.000000e+00  8.078170e-02  0.000000e+00  2.329029e-01  0.000000e+00  0.000000e+00  0.000000e+00
4.739354e+01  8.951325e-01  3.412574e-01  9.657978e-03  2.594459e-02  4.818729e-02  0.000000e+00  3.469287e-02  0.000000e+00  0.000000e+00  0.000000e+00  0.000000e+00  0.000000e+00  1.798240e-01  0.000000e+00  0.000000e+00  0.000000e+00
5.317643e+01  8.760915e-01  1.814175e-01  2.378225e-02  0.000000e+00  2.074623e-01  0.000000e+00  4.598627e-02  0.000000e+00  0.000000e+00  0.000000e+00  6.136523e-02  0.000000e+00  0.000000e+00  0.000000e+00  0.000000e+00  0.000000e+00
5.966493e+01  1.031315e+00  4.388356e-01  2.656321e-02  1.352435e-02  1.586572e-01  0.000000e+00  1.050358e-01  0.000000e+00  0.000000e+00  0.000000e+00  5.519434e-02  0.000000e+00  3.249144e-02  0.000000e+00  0.000000e+00  0.000000e+00
6.694516e+01  1.197584e+00  3.717759e-01  4.481610e-02  0.000000e+00  1.445549e-01  0.000000e+00  2.080678e-02  0.000000e+00  3.947998e-02  0.000000e+00  3.292796e-02  0.000000e+00  6.393604e-01  0.000000e+00  0.000000e+00  0.000000e+00
7.511370e+01  1.246417e+00  4.603693e-01  7.113425e-02  1.492515e-02  1.053443e-01  0.000000e+00  3.458882e-02  0.000000e+00  0.000000e+00  0.000000e+00  4.431799e-02  0.000000e+00  1.990978e+02  0.000000e+00  0.000000e+00  0.000000e+00
8.427896e+01  1.545902e+00  4.777729e-01  2.538032e-02  6.490323e-02  1.296818e-01  0.000000e+00  9.839617e-02  0.000000e+00  0.000000e+00  0.000000e+00  0.000000e+00  0.000000e+00  2.373929e+02  0.000000e+00  0.000000e+00  0.000000e+00
9.456255e+01  1.493342e+00  3.902756e-01  5.079962e-02  1.745873e-02  2.136540e-01  0.000000e+00  1.912106e-02  0.000000e+00  2.876179e-02  0.000000e+00  8.121045e-04  0.000000e+00  1.826647e+02  0.000000e+00  0.000000e+00  0.000000e+00
1.061009e+02  1.687965e+00  5.530391e-01  6.236176e-02  6.515280e-03  1.698231e-01  0.000000e+00  3.169913e-02  0.000000e+00  0.000000e+00  3.103806e-02  3.730637e-02  0.000000e+00  1.369857e+02  0.000000e+00  0.000000e+00  0.000000e+00
1.190472e+02  1.811069e+00  6.903695e-01  6.235574e-02  1.531764e-02  2.623604e-01  0.000000e+00  2.588104e-02  0.000000e+00  2.933319e-03  1.851675e-02  1.169555e+02  0.000000e+00  1.014144e+02  0.000000e+00  2.825870e-02  0.000000e+00
1.335731e+02  2.089956e+00  7.136769e-01  7.108613e-02  9.931992e-04  1.943808e-01  0.000000e+00  2.689925e-02  0.000000e+00  0.000000e+00  0.000000e+00  9.936149e+01  0.000000e+00  7.594449e+01  0.000000e+00  0.000000e+00  0.000000e+00
1.498715e+02  4.923358e+00  8.327891e-01  3.216233e-02  1.102400e-02  9.723113e-02  0.000000e+00  1.091266e-01  0.000000e+00  9.792353e-03  1.894796e-02  7.463220e+01  0.000000e+00  5.689099e+01  0.000000e+00  0.000000e+00  0.000000e+00
1.681586e+02  6.974656e+00  9.033511e-01  5.168532e-02  1.021471e-02  1.332675e-01  4.566799e-04  8.760468e-02  0.000000e+00  1.827983e-02  0.000000e+00  5.818186e+01  0.000000e+00  4.108230e+01  0.000000e+00  0.000000e+00  0.000000e+00
1.886771e+02  4.199429e+00  9.397545e-01  4.382863e-02  9.864806e-03  2.015362e-01  4.276774e-03  9.008169e-02  3.162058e-03  3.162058e-03  0.000000e+00  4.171705e+01  0.000000e+00  2.921489e+01  0.000000e+00  0.000000e+00  0.000000e+00
2.116992e+02  1.899859e+00  1.231920e+00  5.151580e-02  3.689967e-02  1.220998e-01  2.818187e-03  5.552815e-02  0.000000e+00  0.000000e+00  3.627538e-04  3.375034e+01  0.000000e+00  2.073522e+01  0.000000e+00  6.266663e-04  0.000000e+00
2.375304e+02  1.396240e+00  5.494442e+00  7.382169e-02  3.124044e-02  1.558337e-01  1.116822e-03  9.588404e-02  5.910715e-03  0.000000e+00  1.470142e-03  2.524648e+01  0.000000e+00  1.580318e+01  0.000000e+00  5.266912e-03  0.000000e+00
2.665135e+02  1.173156e+00  4.605807e+00  6.890823e-02  2.967729e-02  2.266623e-01  2.896215e-03  6.411581e-02  0.000000e+00  2.238566e-03  1.064342e-02  1.791975e+01  0.000000e+00  1.035463e+01  0.000000e+00  0.000000e+00  0.000000e+00
2.990330e+02  7.850973e-01  7.828838e-01  3.781383e-02  1.490825e-02  1.736256e-01  4.647831e-03  9.529995e-02  3.375391e-04  5.831074e-04  9.095277e-03  1.404009e+01  0.000000e+00  7.578855e+00  0.000000e+00  0.000000e+00  0.000000e+00
3.355206e+02  7.295601e-01  7.431655e-01  4.833171e-02  2.680106e-02  1.605928e-01  1.778156e-03  6.449365e-02  1.581299e-03  1.364226e-03  8.152684e-03  1.032244e+01  5.777885e-03  5.516391e+00  0.000000e+00  0.000000e+00  1.064028e-03
3.764603e+02  4.931519e-01  5.333403e-01  7.563107e-02  2.961761e-02  1.662926e-01  1.819510e-02  5.424018e-02  0.000000e+00  2.050363e-03  0.000000e+00  6.624630e+00  0.000000e+00  3.849114e+00  0.000000e+00  0.000000e+00  0.000000e+00
4.223954e+02  3.184027e-01  5.170072e-01  3.590447e-02  2.801587e-02  1.632989e-01  1.322602e-03  6.029016e-02  1.146648e-02  1.651399e-03  5.532807e-03  4.975550e+00  0.000000e+00  1.985495e+00  0.000000e+00  3.140772e-04  0.000000e+00
4.739354e+02  2.843742e-01  4.314082e-01  5.556030e-02  3.229819e-02  1.361021e-01  7.914354e-03  9.727816e-02  6.807411e-03  5.491178e-03  0.000000e+00  3.337410e+00  0.000000e+00  1.481015e+00  5.491178e-03  0.000000e+00  0.000000e+00
5.317643e+02  2.404256e-01  3.261549e-01  7.688854e-02  1.880615e-02  1.208464e-01  3.433872e-03  4.815876e-02  9.966749e-03  7.375592e-03  8.257075e-03  2.839954e+00  0.000000e+00  1.054390e+00  1.444149e-04  2.352643e-03  0.000000e+00
5.966493e+02  2.230634e-01  2.940653e-01  7.000852e-02  5.048266e-02  1.207117e-01  8.388267e-03  7.049700e-02  8.535923e-03  2.889875e-03  5.353071e-03  1.883260e+00  0.000000e+00  7.488840e-01  0.000000e+00  2.922460e-04  0.000000e+00
6.694516e+02  1.908940e-01  2.764466e-01  8.474702e-02  5.734432e-02  1.214820e-01  5.436723e-03  6.738688e-02  3.287002e-03  2.440456e-03  4.469624e-03  1.285865e+00  0.000000e+00  4.699881e-01  0.000000e+00  0.000000e+00  0.000000e+00
7.511370e+02  1.440988e-01  1.964770e-01  5.933194e-02  4.387086e-02  7.758145e-02  3.507243e-03  5.275587e-02  5.345777e-03  4.422581e-03  2.934057e-03  8.903993e-01  0.000000e+00  3.261081e-01  0.000000e+00  0.000000e+00  0.000000e+00
8.427896e+02  1.092958e-01  1.831979e-01  5.533152e-02  3.271078e-02  9.527485e-02  1.980110e-03  5.377105e-02  1.458972e-03  2.399115e-03  1.132533e-02  4.828741e-01  0.000000e+00  1.949360e-01  0.000000e+00  2.479998e-03  0.000000e+00
9.456255e+02  1.055665e-01  1.347787e-01  7.071547e-02  3.205120e-02  7.949903e-02  5.811169e-03  5.403611e-02  4.490758e-03  0.000000e+00  7.301844e-03  4.244836e-01  5.615604e-04  1.175130e-01  0.000000e+00  0.000000e+00  0.000000e+00
1.061009e+03  8.923647e-02  8.938783e-02  7.131201e-02  4.285374e-02  7.165935e-02  4.700791e-03  5.073350e-02  4.871164e-03  1.030518e-02  3.105113e-03  2.827510e-01  0.000000e+00  4.715869e-02  2.991510e-03  1.827128e-03  0.000000e+00
1.190472e+03  6.501353e-02  8.177756e-02  6.155005e-02  4.560475e-02  4.057200e-02  5.153390e-03  3.375364e-02  1.030325e-02  3.223634e-03  1.467545e-02  1.934498e-01  0.000000e+00  3.673545e-02  0.000000e+00  0.000000e+00  0.000000e+00
1.335731e+03  5.941896e-02  8.456877e-02  5.604214e-02  3.214582e-02  3.469463e-02  6.308813e-03  3.690882e-02  2.951003e-03  5.953409e-03  4.435651e-03  8.071240e-02  0.000000e+00  2.213156e-02  1.564773e-03  0.000000e+00  0.000000e+00
1.498715e+03  3.719981e-02  6.231037e-02  4.273331e-02  4.435458e-02  3.429656e-02  1.424256e-02  3.972958e-02  9.227681e-03  8.644129e-03  7.014786e-03  4.418319e-02  5.132317e-04  2.384135e-02  0.000000e+00  0.000000e+00  1.043709e-03
1.681586e+03  2.492798e-02  5.740218e-02  3.947816e-02  3.001805e-02  3.590765e-02  6.310093e-03  2.393169e-02  9.840232e-03  6.896681e-03  6.165088e-03  4.714250e-02  0.000000e+00  1.049395e-02  1.563263e-03  0.000000e+00  2.123016e-04
1.886771e+03  2.848495e-02  4.412014e-02  3.929258e-02  3.368118e-02  3.207352e-02  8.019714e-03  2.371971e-02  7.788386e-03  3.753858e-03  7.023683e-03  2.300274e-02  1.935387e-03  4.091012e-04  4.465658e-03  1.257684e-04  0.000000e+00
2.116992e+03  1.867132e-02  4.418060e-02  2.157266e-02  2.468883e-02  1.600879e-02  4.371892e-03  1.911522e-02  6.165807e-03  3.229683e-03  5.320476e-03  1.519446e-02  1.666734e-03  5.100885e-03  6.266663e-05  0.000000e+00  6.266663e-05
2.375304e+03  1.521791e-02  2.484642e-02  2.627369e-02  3.925415e-02  1.836236e-02  1.158770e-02  1.720619e-02  4.030317e-03  2.166211e-03  2.672339e-03  1.575360e-02  4.249366e-05  0.000000e+00  1.373796e-03  0.000000e+00  1.418750e-03
2.665135e+03  9.297463e-03  2.074153e-02  1.860273e-02  3.665066e-02  1.052713e-02  3.853034e-03  1.187857e-02  8.920900e-03  2.774143e-03  4.272602e-03  1.145762e-02  1.765820e-03  1.526556e-03  1.198403e-03  0.000000e+00  1.115724e-03
2.990330e+03  5.585532e-03  1.320668e-02  1.312143e-02  2.490737e-02  7.548977e-03  8.424417e-03  8.858985e-03  6.747058e-03  6.142468e-03  7.025900e-03  7.265531e-03  1.902635e-03  0.000000e+00  1.126389e-03  0.000000e+00  1.744072e-03
3.355206e+03  2.878120e-03  1.758969e-02  1.728408e-02  3.054512e-02  4.419926e-03  8.850662e-03  3.627065e-03  5.638030e-03  2.251574e-03  4.459706e-03  3.012669e-03  1.485505e-03  5.280036e-04  4.537783e-04  0.000000e+00  6.242819e-05
3.764603e+03  1.755367e-03  8.370301e-03  1.342264e-02  1.823084e-02  3.037375e-03  9.611888e-03  2.473898e-03  3.222262e-03  4.067055e-03  5.365835e-03  4.365049e-03  1.234230e-03  2.039914e-05  7.214439e-04  0.000000e+00  3.165490e-03
4.223954e+03  8.837439e-04  3.863267e-03  7.040446e-03  1.450440e-02  2.104732e-03  3.228532e-03  3.375579e-03  5.147158e-03  3.080327e-03  5.450083e-03  2.484151e-03  1.365686e-03  0.000000e+00  1.405460e-03  0.000000e+00  1.906650e-03
4.739354e+03  7.023928e-04  4.819989e-03  7.031230e-03  1.583504e-02  2.031971e-03  5.208608e-03  9.011862e-04  3.535083e-03  1.990624e-03  2.937460e-03  2.146304e-03  7.626836e-04  5.006932e-05  2.499023e-04  0.000000e+00  1.088119e-03
5.317643e+03  4.991885e-04  4.869259e-03  6.711940e-03  8.828247e-03  1.085248e-03  4.966735e-03  4.991008e-04  5.311982e-03  2.814646e-03  4.144155e-03  2.764036e-03  1.085630e-03  0.000000e+00  1.748044e-03  0.000000e+00  1.482896e-03
5.966493e+03  1.012114e-03  3.322303e-03  3.970679e-03  6.381724e-03  1.028758e-03  3.679804e-03  1.325359e-03  4.111709e-03  2.180153e-03  2.098599e-03  2.329433e-04  7.072397e-04  0.000000e+00  5.917149e-04  0.000000e+00  5.772964e-04
6.694516e+03  1.507732e-05  2.411190e-03  3.589257e-03  5.162271e-03  8.228850e-04  7.011618e-03  9.970101e-04  3.346164e-03  1.967987e-03  2.100663e-03  2.014376e-03  8.934275e-04  0.000000e+00  5.656611e-04  0.000000e+00  5.332775e-05
7.511370e+03  3.604918e-04  1.983474e-03  1.968788e-03  2.743354e-03  4.632938e-04  4.851322e-03  7.973670e-04  3.502926e-03  3.267570e-04  1.536364e-03  3.421729e-04  8.610869e-04  0.000000e+00  1.358409e-04  0.000000e+00  1.701460e-03
8.427896e+03  3.907460e-04  2.286050e-03  1.112184e-03  2.739400e-03  5.556573e-04  5.204276e-03  5.130586e-04  4.549138e-03  7.449766e-04  1.135804e-03  5.231122e-04  1.049420e-03  0.000000e+00  8.369755e-05  0.000000e+00  9.310327e-04
9.456255e+03  0.000000e+00  4.481440e-04  7.981434e-04  3.323507e-03  3.463755e-04  3.052955e-03  1.402931e-05  2.046606e-03  8.979432e-04  6.493358e-04  1.201357e-03  1.697368e-03  0.000000e+00  6.378495e-04  0.000000e+00  1.610066e-04
1.061009e+04  0.000000e+00  8.233638e-04  4.672475e-04  2.126360e-03  3.200584e-04  2.796237e-03  9.965795e-04  1.004941e-03  1.599315e-04  9.615217e-04  1.114144e-03  4.390876e-04  0.000000e+00  9.513145e-06  0.000000e+00  6.012050e-04
1.190472e+04  0.000000e+00  3.955543e-05  2.998840e-05  1.191970e-03  0.000000e+00  1.272445e-03  6.450775e-06  3.526975e-04  1.695720e-05  1.024126e-03  8.461317e-04  1.700521e-04  0.000000e+00  4.440245e-04  0.000000e+00  6.956727e-04
1.335731e+04  0.000000e+00  6.944614e-04  4.891209e-04  1.160829e-03  0.000000e+00  7.828403e-04  1.305415e-05  4.829040e-04  1.098012e-04  6.521780e-04  6.178083e-04  3.218919e-04  0.000000e+00  0.000000e+00  0.000000e+00  5.090083e-04
1.498715e+04  0.000000e+00  1.688905e-04  5.132317e-05  3.946186e-04  0.000000e+00  6.241886e-04  0.000000e+00  3.366736e-04  1.293507e-04  2.355659e-04  1.770379e-05  1.949950e-04  0.000000e+00  1.558669e-05  0.000000e+00  5.653661e-04
1.681586e+04  0.000000e+00  1.230625e-04  6.002389e-06  2.264239e-04  0.000000e+00  8.361745e-04  4.566799e-06  2.436515e-04  0.000000e+00  4.574182e-05  3.157886e-05  3.159944e-05  0.000000e+00  5.764826e-04  0.000000e+00  4.236475e-04
1.886771e+04  0.000000e+00  2.011138e-04  0.000000e+00  1.512439e-04  0.000000e+00  5.562903e-04  0.000000e+00  2.822039e-04  0.000000e+00  0.000000e+00  3.616565e-04  1.840492e-04  0.000000e+00  3.015902e-04  0.000000e+00  6.967138e-04
2.116992e+04  0.000000e+00  3.627538e-06  0.000000e+00  3.080957e-04  0.000000e+00  1.186415e-05  0.000000e+00  1.555588e-04  0.000000e+00  0.000000e+00  0.000000e+00  1.229322e-04  0.000000e+00  3.472536e-04  0.000000e+00  1.555588e-04
2.375304e+04  0.000000e+00  0.000000e+00  0.000000e+00  3.233046e-06  0.000000e+00  2.044955e-04  1.502980e-05  5.851272e-05  0.000000e+00  8.161480e-05  1.344631e-04  8.498732e-06  0.000000e+00  0.000000e+00  0.000000e+00  3.014473e-04
2.665135e+04  0.000000e+00  1.339532e-05  0.000000e+00  9.587989e-05  0.000000e+00  0.000000e+00  0.000000e+00  0.000000e+00  0.000000e+00  8.903724e-06  0.000000e+00  0.000000e+00  0.000000e+00  0.000000e+00  0.000000e+00  1.339532e-05
2.990330e+04  0.000000e+00  0.000000e+00  0.000000e+00  8.838467e-05  0.000000e+00  0.000000e+00  0.000000e+00  0.000000e+00  0.000000e+00  0.000000e+00  0.000000e+00  1.348630e-04  0.000000e+00  1.532861e-04  0.000000e+00  1.172653e-04
3.355206e+04  0.000000e+00  0.000000e+00  0.000000e+00  0.000000e+00  0.000000e+00  0.000000e+00  0.000000e+00  0.000000e+00  0.000000e+00  0.000000e+00  0.000000e+00  3.953997e-06  0.000000e+00  3.728688e-05  0.000000e+00  1.414496e-05
3.764603e+04  0.000000e+00  0.000000e+00  0.000000e+00  2.043212e-05  0.000000e+00  0.000000e+00  0.000000e+00  0.000000e+00  0.000000e+00  0.000000e+00  0.000000e+00  7.020644e-05  0.000000e+00  2.043212e-05  0.000000e+00  2.039914e-06
4.223954e+04  0.000000e+00  0.000000e+00  0.000000e+00  1.257177e-05  0.000000e+00  0.000000e+00  0.000000e+00  1.294416e-04  0.000000e+00  0.000000e+00  0.000000e+00  8.317130e-05  0.000000e+00  0.000000e+00  0.000000e+00  0.000000e+00
4.739354e+04  0.000000e+00  0.000000e+00  0.000000e+00  0.000000e+00  0.000000e+00  0.000000e+00  0.000000e+00  1.620362e-06  0.000000e+00  0.000000e+00  0.000000e+00  1.282496e-05  0.000000e+00  5.576696e-05  0.000000e+00  0.000000e+00
5.317643e+04  0.000000e+00  0.000000e+00  0.000000e+00  0.000000e+00  0.000000e+00  0.000000e+00  0.000000e+00  0.000000e+00  0.000000e+00  0.000000e+00  0.000000e+00  0.000000e+00  0.000000e+00  0.000000e+00  0.000000e+00  0.000000e+00
5.966493e+04  0.000000e+00  0.000000e+00  0.000000e+00  0.000000e+00  0.000000e+00  0.000000e+00  0.000000e+00  0.000000e+00  0.000000e+00  0.000000e+00  0.000000e+00  0.000000e+00  0.000000e+00  0.000000e+00  0.000000e+00  0.000000e+00
6.694516e+04  0.000000e+00  0.000000e+00  0.000000e+00  0.000000e+00  0.000000e+00  0.000000e+00  0.000000e+00  0.000000e+00  0.000000e+00  0.000000e+00  0.000000e+00  0.000000e+00  0.000000e+00  0.000000e+00  0.000000e+00  2.190823e-05
7.511370e+04  0.000000e+00  0.000000e+00  0.000000e+00  0.000000e+00  0.000000e+00  0.000000e+00  0.000000e+00  0.000000e+00  0.000000e+00  0.000000e+00  0.000000e+00  0.000000e+00  0.000000e+00  0.000000e+00  0.000000e+00  3.267570e-05
8.427896e+04  0.000000e+00  0.000000e+00  0.000000e+00  0.000000e+00  0.000000e+00  0.000000e+00  0.000000e+00  0.000000e+00  0.000000e+00  0.000000e+00  0.000000e+00  0.000000e+00  0.000000e+00  0.000000e+00  0.000000e+00  0.000000e+00
9.456255e+04  0.000000e+00  0.000000e+00  0.000000e+00  0.000000e+00  0.000000e+00  0.000000e+00  0.000000e+00  0.000000e+00  0.000000e+00  0.000000e+00  0.000000e+00  0.000000e+00  0.000000e+00  0.000000e+00  0.000000e+00  0.000000e+00
1.061009e+05  0.000000e+00  0.000000e+00  0.000000e+00  0.000000e+00  0.000000e+00  0.000000e+00  0.000000e+00  0.000000e+00  0.000000e+00  0.000000e+00  0.000000e+00  0.000000e+00  0.000000e+00  0.000000e+00  0.000000e+00  0.000000e+00
1.190472e+05  0.000000e+00  0.000000e+00  0.000000e+00  0.000000e+00  0.000000e+00  0.000000e+00  0.000000e+00  0.000000e+00  0.000000e+00  0.000000e+00  0.000000e+00  0.000000e+00  0.000000e+00  0.000000e+00  0.000000e+00  0.000000e+00
1.335731e+05  0.000000e+00  0.000000e+00  0.000000e+00  0.000000e+00  0.000000e+00  0.000000e+00  0.000000e+00  0.000000e+00  0.000000e+00  0.000000e+00  0.000000e+00  0.000000e+00  0.000000e+00  0.000000e+00  0.000000e+00  0.000000e+00
1.498715e+05  0.000000e+00  0.000000e+00  0.000000e+00  0.000000e+00  0.000000e+00  0.000000e+00  0.000000e+00  0.000000e+00  0.000000e+00  0.000000e+00  0.000000e+00  0.000000e+00  0.000000e+00  0.000000e+00  0.000000e+00  0.000000e+00
1.681586e+05  0.000000e+00  0.000000e+00  0.000000e+00  0.000000e+00  0.000000e+00  0.000000e+00  0.000000e+00  0.000000e+00  0.000000e+00  0.000000e+00  0.000000e+00  0.000000e+00  0.000000e+00  0.000000e+00  0.000000e+00  0.000000e+00
1.886771e+05  0.000000e+00  0.000000e+00  0.000000e+00  0.000000e+00  0.000000e+00  0.000000e+00  0.000000e+00  0.000000e+00  0.000000e+00  0.000000e+00  0.000000e+00  0.000000e+00  0.000000e+00  0.000000e+00  0.000000e+00  0.000000e+00
2.116992e+05  0.000000e+00  0.000000e+00  0.000000e+00  0.000000e+00  0.000000e+00  0.000000e+00  0.000000e+00  0.000000e+00  0.000000e+00  0.000000e+00  0.000000e+00  0.000000e+00  0.000000e+00  0.000000e+00  0.000000e+00  0.000000e+00
2.375304e+05  0.000000e+00  0.000000e+00  0.000000e+00  0.000000e+00  0.000000e+00  0.000000e+00  0.000000e+00  0.000000e+00  0.000000e+00  0.000000e+00  0.000000e+00  0.000000e+00  0.000000e+00  0.000000e+00  0.000000e+00  0.000000e+00
2.665135e+05  0.000000e+00  0.000000e+00  0.000000e+00  0.000000e+00  0.000000e+00  0.000000e+00  0.000000e+00  0.000000e+00  0.000000e+00  0.000000e+00  0.000000e+00  0.000000e+00  0.000000e+00  0.000000e+00  0.000000e+00  0.000000e+00
2.990330e+05  0.000000e+00  0.000000e+00  0.000000e+00  0.000000e+00  0.000000e+00  0.000000e+00  0.000000e+00  0.000000e+00  0.000000e+00  0.000000e+00  0.000000e+00  0.000000e+00  0.000000e+00  0.000000e+00  0.000000e+00  0.000000e+00
3.355206e+05  0.000000e+00  0.000000e+00  0.000000e+00  0.000000e+00  0.000000e+00  0.000000e+00  0.000000e+00  0.000000e+00  0.000000e+00  0.000000e+00  0.000000e+00  0.000000e+00  0.000000e+00  0.000000e+00  0.000000e+00  0.000000e+00
3.764603e+05  0.000000e+00  0.000000e+00  0.000000e+00  0.000000e+00  0.000000e+00  0.000000e+00  0.000000e+00  0.000000e+00  0.000000e+00  0.000000e+00  0.000000e+00  0.000000e+00  0.000000e+00  0.000000e+00  0.000000e+00  0.000000e+00
4.223954e+05  0.000000e+00  0.000000e+00  0.000000e+00  0.000000e+00  0.000000e+00  0.000000e+00  0.000000e+00  0.000000e+00  0.000000e+00  0.000000e+00  0.000000e+00  0.000000e+00  0.000000e+00  0.000000e+00  0.000000e+00  0.000000e+00
4.739354e+05  0.000000e+00  0.000000e+00  0.000000e+00  0.000000e+00  0.000000e+00  0.000000e+00  0.000000e+00  0.000000e+00  0.000000e+00  0.000000e+00  0.000000e+00  0.000000e+00  0.000000e+00  0.000000e+00  0.000000e+00  0.000000e+00
5.317643e+05  0.000000e+00  0.000000e+00  0.000000e+00  0.000000e+00  0.000000e+00  0.000000e+00  0.000000e+00  0.000000e+00  0.000000e+00  0.000000e+00  0.000000e+00  0.000000e+00  0.000000e+00  0.000000e+00  0.000000e+00  0.000000e+00
5.966493e+05  0.000000e+00  0.000000e+00  0.000000e+00  0.000000e+00  0.000000e+00  0.000000e+00  0.000000e+00  0.000000e+00  0.000000e+00  0.000000e+00  0.000000e+00  0.000000e+00  0.000000e+00  0.000000e+00  0.000000e+00  0.000000e+00
6.694516e+05  0.000000e+00  0.000000e+00  0.000000e+00  0.000000e+00  0.000000e+00  0.000000e+00  0.000000e+00  0.000000e+00  0.000000e+00  0.000000e+00  0.000000e+00  0.000000e+00  0.000000e+00  0.000000e+00  0.000000e+00  0.000000e+00
7.511370e+05  0.000000e+00  0.000000e+00  0.000000e+00  0.000000e+00  0.000000e+00  0.000000e+00  0.000000e+00  0.000000e+00  0.000000e+00  0.000000e+00  0.000000e+00  0.000000e+00  0.000000e+00  0.000000e+00  0.000000e+00  0.000000e+00
8.427896e+05  0.000000e+00  0.000000e+00  0.000000e+00  0.000000e+00  0.000000e+00  0.000000e+00  0.000000e+00  0.000000e+00  0.000000e+00  0.000000e+00  0.000000e+00  0.000000e+00  0.000000e+00  0.000000e+00  0.000000e+00  0.000000e+00
9.456255e+05  0.000000e+00  0.000000e+00  0.000000e+00  0.000000e+00  0.000000e+00  0.000000e+00  0.000000e+00  0.000000e+00  0.000000e+00  0.000000e+00  0.000000e+00  0.000000e+00  0.000000e+00  0.000000e+00  0.000000e+00  0.000000e+00
