# dR/dEr [1/keV/kg/Myr]
# Er [keV], S, F, Ne, Cl, Na, Si, O, P, N, C, Al, Mg, Be, B, Ar, Li
1.061009e+01  4.711094e-02  4.615270e-02  0.000000e+00  0.000000e+00  3.243595e-02  0.000000e+00  3.905860e-03  0.000000e+00  0.000000e+00  0.000000e+00  0.000000e+00  0.000000e+00  6.740351e-03  0.000000e+00  0.000000e+00  0.000000e+00
1.190472e+01  9.635141e-03  1.328422e-02  0.000000e+00  0.000000e+00  3.102508e-03  0.000000e+00  0.000000e+00  0.000000e+00  0.000000e+00  0.000000e+00  0.000000e+00  0.000000e+00  0.000000e+00  0.000000e+00  0.000000e+00  0.000000e+00
1.335731e+01  1.603919e-02  6.113081e-03  0.000000e+00  0.000000e+00  0.000000e+00  0.000000e+00  0.000000e+00  0.000000e+00  0.000000e+00  0.000000e+00  0.000000e+00  0.000000e+00  0.000000e+00  0.000000e+00  0.000000e+00  0.000000e+00
1.498715e+01  3.549895e-03  1.231487e-02  0.000000e+00  0.000000e+00  5.230845e-03  0.000000e+00  5.611162e-04  0.000000e+00  0.000000e+00  0.000000e+00  0.000000e+00  0.000000e+00  0.000000e+00  0.000000e+00  0.000000e+00  0.000000e+00
1.681586e+01  8.783146e-03  7.119805e-03  1.253569e-03  0.000000e+00  2.533754e-03  5.000954e-04  0.000000e+00  0.000000e+00  0.000000e+00  0.000000e+00  0.000000e+00  0.000000e+00  0.000000e+00  0.000000e+00  0.000000e+00  0.000000e+00
1.886771e+01  5.974894e-03  6.590057e-03  0.000000e+00  0.000000e+00  1.117244e-03  0.000000e+00  0.000000e+00  0.000000e+00  0.000000e+00  0.000000e+00  0.000000e+00  0.000000e+00  0.000000e+00  0.000000e+00  0.000000e+00  0.000000e+00
2.116992e+01  7.856261e-03  1.124734e-02  0.000000e+00  0.000000e+00  1.223026e-03  0.000000e+00  5.265275e-04  0.000000e+00  0.000000e+00  0.000000e+00  6.532007e-03  0.000000e+00  0.000000e+00  0.000000e+00  0.000000e+00  0.000000e+00
2.375304e+01  1.428989e-02  2.226769e-03  2.903136e-03  0.000000e+00  6.605723e-03  0.000000e+00  8.874588e-04  0.000000e+00  0.000000e+00  0.000000e+00  0.000000e+00  0.000000e+00  0.000000e+00  0.000000e+00  0.000000e+00  0.000000e+00
2.665135e+01  1.490683e-02  1.387997e-02  4.182357e-04  2.150572e-03  6.559360e-04  0.000000e+00  0.000000e+00  4.284796e-03  0.000000e+00  0.000000e+00  0.000000e+00  0.000000e+00  0.000000e+00  0.000000e+00  0.000000e+00  0.000000e+00
2.990330e+01  1.666812e-02  5.587560e-03  4.930750e-04  0.000000e+00  9.344069e-03  0.000000e+00  6.539772e-04  0.000000e+00  0.000000e+00  0.000000e+00  4.348054e-03  0.000000e+00  4.725073e-03  0.000000e+00  0.000000e+00  0.000000e+00
3.355206e+01  1.808420e-02  7.011913e-03  5.797829e-04  0.000000e+00  1.103893e-03  0.000000e+00  3.369024e-03  0.000000e+00  0.000000e+00  0.000000e+00  5.144489e-03  0.000000e+00  1.129822e-02  0.000000e+00  0.000000e+00  0.000000e+00
3.764603e+01  2.700398e-02  1.555051e-02  7.275882e-04  2.960882e-04  8.013306e-03  0.000000e+00  1.936887e-03  0.000000e+00  0.000000e+00  0.000000e+00  0.000000e+00  0.000000e+00  8.317723e-04  0.000000e+00  0.000000e+00  0.000000e+00
4.223954e+01  2.351659e-02  1.168394e-02  3.394926e-03  0.000000e+00  4.363801e-03  0.000000e+00  1.139501e-03  0.000000e+00  0.000000e+00  0.000000e+00  4.796442e-03  0.000000e+00  1.092526e-02  0.000000e+00  0.000000e+00  0.000000e+00
4.739354e+01  2.570901e-02  9.219706e-03  2.351912e-04  6.456461e-04  2.110542e-03  0.000000e+00  8.434359e-04  0.000000e+00  0.000000e+00  0.000000e+00  0.000000e+00  0.000000e+00  8.746630e-03  0.000000e+00  0.000000e+00  0.000000e+00
5.317643e+01  2.524690e-02  4.823616e-03  5.773728e-04  0.000000e+00  8.896869e-03  0.000000e+00  1.115734e-03  0.000000e+00  0.000000e+00  0.000000e+00  2.600439e-03  0.000000e+00  0.000000e+00  0.000000e+00  0.000000e+00  0.000000e+00
5.966493e+01  2.823281e-02  1.475767e-02  6.462996e-04  3.277650e-04  6.770534e-03  0.000000e+00  6.026641e-03  0.000000e+00  0.000000e+00  0.000000e+00  2.419526e-03  0.000000e+00  1.975016e-03  0.000000e+00  0.000000e+00  0.000000e+00
6.694516e+01  3.407396e-02  1.323973e-02  1.095070e-03  0.000000e+00  4.545168e-03  0.000000e+00  1.171040e-03  0.000000e+00  1.937159e-03  0.000000e+00  1.397932e-03  0.000000e+00  2.817845e-02  0.000000e+00  0.000000e+00  0.000000e+00
7.511370e+01  3.671866e-02  1.467298e-02  2.848092e-03  3.709369e-04  3.595491e-03  0.000000e+00  8.626545e-04  0.000000e+00  0.000000e+00  0.000000e+00  1.909107e-03  0.000000e+00  9.210528e+00  0.000000e+00  0.000000e+00  0.000000e+00
8.427896e+01  4.258558e-02  1.385685e-02  6.246394e-04  2.369580e-03  4.192941e-03  0.000000e+00  3.282207e-03  0.000000e+00  0.000000e+00  0.000000e+00  0.000000e+00  0.000000e+00  1.096440e+01  0.000000e+00  0.000000e+00  0.000000e+00
9.456255e+01  4.213471e-02  1.151232e-02  1.737265e-03  4.297278e-04  7.972672e-03  0.000000e+00  7.597688e-04  0.000000e+00  1.593043e-03  0.000000e+00  2.216399e-04  0.000000e+00  8.445529e+00  0.000000e+00  0.000000e+00  0.000000e+00
1.061009e+02  4.539061e-02  1.737353e-02  2.583645e-03  3.365042e-04  5.279268e-03  0.000000e+00  1.099116e-03  0.000000e+00  0.000000e+00  1.360600e-03  1.679826e-03  0.000000e+00  6.244051e+00  0.000000e+00  0.000000e+00  0.000000e+00
1.190472e+02  4.726891e-02  2.218014e-02  1.767544e-03  8.299856e-04  9.841784e-03  0.000000e+00  1.007123e-03  0.000000e+00  7.064035e-05  7.861150e-04  5.380523e+00  0.000000e+00  4.686657e+00  0.000000e+00  1.362838e-03  0.000000e+00
1.335731e+02  5.583228e-02  2.114001e-02  2.740711e-03  2.050622e-04  6.375831e-03  0.000000e+00  9.136701e-04  0.000000e+00  0.000000e+00  0.000000e+00  4.592914e+00  0.000000e+00  3.502896e+00  0.000000e+00  0.000000e+00  0.000000e+00
1.498715e+02  1.264910e-01  2.403300e-02  9.504569e-04  4.379429e-04  3.399754e-03  0.000000e+00  4.251827e-03  0.000000e+00  5.987473e-04  1.000547e-03  3.443974e+00  0.000000e+00  2.633551e+00  0.000000e+00  0.000000e+00  0.000000e+00
1.681586e+02  1.770025e-01  2.944593e-02  1.690845e-03  2.533754e-04  4.909922e-03  1.246373e-04  3.380977e-03  0.000000e+00  9.575712e-04  0.000000e+00  2.697710e+00  0.000000e+00  1.896340e+00  0.000000e+00  0.000000e+00  0.000000e+00
1.886771e+02  1.107276e-01  2.659952e-02  1.534409e-03  2.408741e-04  6.337081e-03  1.036484e-04  3.744857e-03  7.814837e-05  7.814837e-05  0.000000e+00  1.949935e+00  0.000000e+00  1.349555e+00  0.000000e+00  0.000000e+00  0.000000e+00
2.116992e+02  5.331982e-02  3.565189e-02  1.670366e-03  1.196041e-03  4.656210e-03  6.964981e-05  1.824344e-03  0.000000e+00  0.000000e+00  9.900291e-05  1.563672e+00  0.000000e+00  9.603310e-01  0.000000e+00  1.293855e-04  0.000000e+00
2.375304e+02  3.938268e-02  1.393458e-01  2.499664e-03  1.037198e-03  5.790918e-03  2.667042e-05  3.602874e-03  2.606504e-04  0.000000e+00  3.540404e-05  1.162004e+00  0.000000e+00  7.280434e-01  0.000000e+00  1.408924e-04  0.000000e+00
2.665135e+02  3.346218e-02  1.176302e-01  2.361238e-03  1.184144e-03  7.798419e-03  7.299034e-05  2.542962e-03  0.000000e+00  5.532481e-05  4.700175e-04  8.297993e-01  0.000000e+00  4.750927e-01  0.000000e+00  0.000000e+00  0.000000e+00
2.990330e+02  2.546764e-02  2.287919e-02  1.139117e-03  5.484957e-04  6.120495e-03  3.432075e-04  3.417457e-03  8.012477e-05  1.047139e-04  5.037645e-04  6.449845e-01  0.000000e+00  3.493871e-01  0.000000e+00  0.000000e+00  0.000000e+00
3.355206e+02  2.326074e-02  2.309062e-02  1.385631e-03  9.264128e-04  5.640059e-03  4.394606e-05  2.203447e-03  3.776243e-05  3.322164e-05  4.497501e-04  4.768655e-01  3.512130e-04  2.545890e-01  0.000000e+00  0.000000e+00  1.304099e-04
3.764603e+02  1.667580e-02  1.673313e-02  2.727894e-03  1.237614e-03  5.177561e-03  9.886687e-04  1.900269e-03  0.000000e+00  5.167321e-05  0.000000e+00  3.124274e-01  0.000000e+00  1.761586e-01  0.000000e+00  0.000000e+00  0.000000e+00
4.223954e+02  1.081688e-02  1.675464e-02  1.110359e-03  1.069832e-03  5.382449e-03  8.311288e-05  2.028401e-03  5.151706e-04  9.163159e-05  2.864037e-04  2.285369e-01  0.000000e+00  9.492683e-02  0.000000e+00  6.484636e-05  0.000000e+00
4.739354e+02  1.011630e-02  1.445045e-02  1.732955e-03  1.136133e-03  4.503944e-03  3.281194e-04  3.675432e-03  2.664453e-04  2.409518e-04  0.000000e+00  1.567344e-01  0.000000e+00  6.933655e-02  2.409518e-04  0.000000e+00  0.000000e+00
5.317643e+02  9.280922e-03  1.254923e-02  2.967649e-03  6.101929e-04  3.559947e-03  1.351077e-04  1.590929e-03  4.306706e-04  2.753513e-04  3.955559e-04  1.343332e-01  0.000000e+00  4.874294e-02  3.941377e-05  6.293432e-05  0.000000e+00
5.966493e+02  8.750523e-03  1.133800e-02  2.578584e-03  2.138418e-03  3.637411e-03  3.896825e-04  2.797088e-03  3.153662e-04  1.454879e-04  2.368146e-04  8.776621e-02  0.000000e+00  3.337475e-02  0.000000e+00  5.248129e-05  0.000000e+00
6.694516e+02  7.229725e-03  1.082314e-02  3.200605e-03  2.162060e-03  3.830780e-03  2.809621e-04  2.443548e-03  1.234969e-04  6.054621e-05  2.062777e-04  5.964644e-02  0.000000e+00  2.140302e-02  0.000000e+00  0.000000e+00  0.000000e+00
7.511370e+02  5.693756e-03  7.569862e-03  2.163800e-03  1.581184e-03  2.566875e-03  2.700051e-04  1.809950e-03  2.512906e-04  2.197314e-04  1.653150e-04  4.048324e-02  0.000000e+00  1.550880e-02  0.000000e+00  0.000000e+00  0.000000e+00
8.427896e+02  4.739333e-03  7.400865e-03  2.108060e-03  9.960780e-04  3.114329e-03  4.821597e-05  1.864583e-03  3.630735e-05  1.721543e-04  5.423834e-04  2.271173e-02  0.000000e+00  8.677536e-03  0.000000e+00  9.589563e-05  0.000000e+00
9.456255e+02  4.123845e-03  5.487448e-03  2.506734e-03  1.116138e-03  2.725823e-03  2.644720e-04  1.816368e-03  1.623367e-04  0.000000e+00  4.060233e-04  1.942169e-02  6.061134e-05  5.392749e-03  0.000000e+00  0.000000e+00  0.000000e+00
1.061009e+03  3.722652e-03  3.713694e-03  2.605676e-03  1.670686e-03  2.498413e-03  1.771080e-04  1.700629e-03  1.861288e-04  4.044286e-04  1.818845e-04  1.353381e-02  0.000000e+00  2.586577e-03  1.762464e-04  1.110633e-04  0.000000e+00
1.190472e+03  2.772613e-03  3.201416e-03  2.204322e-03  1.668421e-03  1.201240e-03  1.776483e-04  1.192488e-03  5.398363e-04  1.383544e-04  7.515909e-04  9.026997e-03  0.000000e+00  1.603910e-03  0.000000e+00  0.000000e+00  0.000000e+00
1.335731e+03  2.537300e-03  3.582836e-03  2.066833e-03  1.256392e-03  1.072382e-03  3.395290e-04  1.086539e-03  1.720710e-04  3.424410e-04  2.411034e-04  4.275401e-03  0.000000e+00  1.046232e-03  6.050605e-05  0.000000e+00  0.000000e+00
1.498715e+03  1.489581e-03  2.745603e-03  1.676768e-03  1.610557e-03  1.435839e-03  7.324417e-04  1.395880e-03  3.905167e-04  4.164175e-04  3.565446e-04  1.970451e-03  4.865241e-05  9.508049e-04  0.000000e+00  0.000000e+00  8.937207e-05
1.681586e+03  1.109745e-03  2.466005e-03  1.545256e-03  1.087118e-03  1.272765e-03  2.782615e-04  7.669528e-04  4.416757e-04  2.906897e-04  2.670078e-04  2.261540e-03  0.000000e+00  4.773815e-04  8.214735e-05  0.000000e+00  2.602019e-05
1.886771e+03  1.295946e-03  2.079151e-03  1.610637e-03  1.124234e-03  1.233527e-03  3.644703e-04  7.696630e-04  3.671888e-04  1.653553e-04  3.715126e-04  1.091524e-03  8.079509e-05  1.031016e-05  2.138550e-04  1.895189e-05  0.000000e+00
2.116992e+03  7.231081e-04  1.844050e-03  9.023855e-04  8.838279e-04  7.421178e-04  1.878902e-04  6.897382e-04  3.052192e-04  1.804456e-04  2.604387e-04  7.631751e-04  6.831254e-05  2.496519e-04  1.293855e-05  0.000000e+00  1.293855e-05
2.375304e+03  7.010248e-04  1.035117e-03  1.130546e-03  1.425651e-03  7.829635e-04  5.205268e-04  6.019329e-04  1.848953e-04  7.753246e-05  1.880474e-04  7.540039e-04  1.008711e-05  0.000000e+00  5.821658e-05  0.000000e+00  6.959940e-05
2.665135e+03  4.025922e-04  9.793422e-04  7.839901e-04  1.452350e-03  4.774166e-04  1.734788e-04  4.581986e-04  3.677349e-04  1.220194e-04  1.819297e-04  5.380586e-04  9.060534e-05  9.721853e-05  5.301619e-05  0.000000e+00  6.247373e-05
2.990330e+03  3.112042e-04  6.482951e-04  6.317607e-04  9.262397e-04  3.550581e-04  3.835167e-04  3.374708e-04  3.293380e-04  3.274699e-04  3.394640e-04  3.461046e-04  1.189384e-04  0.000000e+00  5.772212e-05  0.000000e+00  8.365755e-05
3.355206e+03  1.535320e-04  7.895062e-04  7.798890e-04  1.243338e-03  2.147967e-04  4.002232e-04  1.107354e-04  3.074262e-04  1.361959e-04  2.276199e-04  1.827622e-04  6.352684e-05  1.735995e-05  3.875207e-05  0.000000e+00  1.441033e-05
3.764603e+03  1.121756e-04  4.131347e-04  6.647259e-04  7.594912e-04  1.458924e-04  4.394157e-04  7.864860e-05  1.561243e-04  2.489707e-04  2.747553e-04  2.391857e-04  8.197265e-05  5.567343e-06  4.304088e-05  0.000000e+00  1.541279e-04
4.223954e+03  6.597471e-05  1.643155e-04  3.310581e-04  6.075846e-04  1.260711e-04  1.622006e-04  1.403414e-04  2.684655e-04  1.714581e-04  2.731666e-04  1.367974e-04  1.051553e-04  0.000000e+00  7.027425e-05  0.000000e+00  1.086573e-04
4.739354e+03  3.025731e-05  2.660269e-04  3.528123e-04  6.641674e-04  1.045055e-04  2.902318e-04  4.361237e-05  1.819382e-04  1.185129e-04  1.466462e-04  1.177572e-04  4.607442e-05  7.544884e-06  2.416768e-05  0.000000e+00  8.319010e-05
5.317643e+03  2.368611e-05  2.536029e-04  3.457495e-04  3.759739e-04  7.079347e-05  2.842811e-04  3.388166e-05  2.427185e-04  1.291062e-04  2.195097e-04  1.602782e-04  6.231415e-05  0.000000e+00  7.895184e-05  0.000000e+00  6.776788e-05
5.966493e+03  5.344824e-05  1.451818e-04  2.199397e-04  3.383445e-04  5.353377e-05  1.685630e-04  7.681357e-05  1.906245e-04  1.181965e-04  1.240992e-04  1.720112e-05  4.679170e-05  0.000000e+00  3.018838e-05  0.000000e+00  3.411392e-05
6.694516e+03  3.579042e-06  1.308589e-04  1.688846e-04  2.439729e-04  4.702730e-05  3.622350e-04  5.393056e-05  1.846189e-04  1.095675e-04  1.122975e-04  1.065080e-04  3.465182e-05  0.000000e+00  3.153555e-05  0.000000e+00  6.535977e-06
7.511370e+03  2.539554e-05  1.154650e-04  1.157042e-04  1.398607e-04  2.442300e-05  2.419798e-04  4.146665e-05  1.873602e-04  1.422176e-05  8.568592e-05  3.734700e-05  4.020704e-05  0.000000e+00  1.666645e-05  0.000000e+00  8.441837e-05
8.427896e+03  1.712894e-05  1.089527e-04  5.549349e-05  1.552947e-04  2.930640e-05  2.574030e-04  2.838825e-05  1.954750e-04  3.660480e-05  5.341544e-05  2.220834e-05  6.679072e-05  0.000000e+00  1.051610e-05  0.000000e+00  6.836231e-05
9.456255e+03  0.000000e+00  2.955268e-05  4.366037e-05  1.786587e-04  1.802065e-05  1.557841e-04  2.896581e-06  1.035385e-04  4.663771e-05  3.108844e-05  7.223570e-05  1.033376e-04  0.000000e+00  3.191789e-05  0.000000e+00  1.374975e-05
1.061009e+04  0.000000e+00  4.841263e-05  2.379667e-05  1.078873e-04  1.561465e-05  1.303927e-04  5.569818e-05  4.654896e-05  1.520572e-05  5.428358e-05  5.457359e-05  1.888859e-05  0.000000e+00  2.258223e-06  0.000000e+00  4.049484e-05
1.190472e+04  0.000000e+00  7.317151e-06  3.675450e-06  6.635810e-05  0.000000e+00  7.051014e-05  1.760548e-06  3.054647e-05  4.025286e-06  4.974565e-05  3.619650e-05  7.553066e-06  0.000000e+00  2.178689e-05  0.000000e+00  4.608325e-05
1.335731e+04  0.000000e+00  3.243804e-05  2.216132e-05  6.179873e-05  0.000000e+00  4.432769e-05  2.344253e-06  2.524830e-05  9.252549e-06  2.883678e-05  3.419375e-05  2.147215e-05  0.000000e+00  0.000000e+00  0.000000e+00  3.504505e-05
1.498715e+04  0.000000e+00  8.526220e-06  4.865241e-06  2.511554e-05  0.000000e+00  3.351869e-05  0.000000e+00  1.659605e-05  7.862679e-06  1.201821e-05  3.655238e-06  8.753336e-06  0.000000e+00  3.426318e-06  0.000000e+00  3.323137e-05
1.681586e+04  0.000000e+00  1.208073e-05  1.424842e-06  1.384072e-05  0.000000e+00  4.807252e-05  1.246373e-06  1.406253e-05  0.000000e+00  4.336150e-06  3.408426e-06  4.464125e-06  0.000000e+00  3.137507e-05  0.000000e+00  2.579321e-05
1.886771e+04  0.000000e+00  1.130769e-05  0.000000e+00  8.822870e-06  0.000000e+00  2.901815e-05  0.000000e+00  1.464359e-05  0.000000e+00  0.000000e+00  1.719762e-05  1.118692e-05  0.000000e+00  1.504605e-05  0.000000e+00  4.094942e-05
2.116992e+04  0.000000e+00  9.900291e-07  0.000000e+00  1.708863e-05  0.000000e+00  2.469153e-06  0.000000e+00  6.819152e-06  0.000000e+00  0.000000e+00  0.000000e+00  5.394238e-06  0.000000e+00  1.615525e-05  0.000000e+00  6.819152e-06
2.375304e+04  0.000000e+00  0.000000e+00  0.000000e+00  8.823643e-07  0.000000e+00  1.171657e-05  1.842089e-06  4.320726e-06  0.000000e+00  4.961015e-06  5.948514e-06  2.017422e-06  0.000000e+00  0.000000e+00  0.000000e+00  1.689955e-05
2.665135e+04  0.000000e+00  1.641763e-06  0.000000e+00  4.907252e-06  0.000000e+00  0.000000e+00  0.000000e+00  0.000000e+00  0.000000e+00  1.341691e-06  0.000000e+00  0.000000e+00  0.000000e+00  0.000000e+00  0.000000e+00  1.641763e-06
2.990330e+04  0.000000e+00  0.000000e+00  0.000000e+00  4.336758e-06  0.000000e+00  0.000000e+00  0.000000e+00  0.000000e+00  0.000000e+00  0.000000e+00  0.000000e+00  7.768833e-06  0.000000e+00  8.157147e-06  0.000000e+00  6.297595e-06
3.355206e+04  0.000000e+00  0.000000e+00  0.000000e+00  0.000000e+00  0.000000e+00  0.000000e+00  0.000000e+00  0.000000e+00  0.000000e+00  0.000000e+00  0.000000e+00  8.163674e-07  0.000000e+00  9.974418e-07  0.000000e+00  2.131486e-06
3.764603e+04  0.000000e+00  0.000000e+00  0.000000e+00  1.936887e-06  0.000000e+00  0.000000e+00  0.000000e+00  0.000000e+00  0.000000e+00  0.000000e+00  0.000000e+00  3.444810e-06  0.000000e+00  1.936887e-06  0.000000e+00  5.567343e-07
4.223954e+04  0.000000e+00  0.000000e+00  0.000000e+00  1.356919e-06  0.000000e+00  0.000000e+00  0.000000e+00  5.489332e-06  0.000000e+00  0.000000e+00  0.000000e+00  5.363682e-06  0.000000e+00  0.000000e+00  0.000000e+00  0.000000e+00
4.739354e+04  0.000000e+00  0.000000e+00  0.000000e+00  0.000000e+00  0.000000e+00  0.000000e+00  0.000000e+00  4.422297e-07  0.000000e+00  0.000000e+00  0.000000e+00  1.651585e-06  0.000000e+00  2.736310e-06  0.000000e+00  0.000000e+00
5.317643e+04  0.000000e+00  0.000000e+00  0.000000e+00  0.000000e+00  0.000000e+00  0.000000e+00  0.000000e+00  0.000000e+00  0.000000e+00  0.000000e+00  0.000000e+00  0.000000e+00  0.000000e+00  0.000000e+00  0.000000e+00  0.000000e+00
5.966493e+04  0.000000e+00  0.000000e+00  0.000000e+00  0.000000e+00  0.000000e+00  0.000000e+00  0.000000e+00  0.000000e+00  0.000000e+00  0.000000e+00  0.000000e+00  0.000000e+00  0.000000e+00  0.000000e+00  0.000000e+00  0.000000e+00
6.694516e+04  0.000000e+00  0.000000e+00  0.000000e+00  0.000000e+00  0.000000e+00  0.000000e+00  0.000000e+00  0.000000e+00  0.000000e+00  0.000000e+00  0.000000e+00  0.000000e+00  0.000000e+00  0.000000e+00  0.000000e+00  1.846126e-06
7.511370e+04  0.000000e+00  0.000000e+00  0.000000e+00  0.000000e+00  0.000000e+00  0.000000e+00  0.000000e+00  0.000000e+00  0.000000e+00  0.000000e+00  0.000000e+00  0.000000e+00  0.000000e+00  0.000000e+00  0.000000e+00  1.422176e-06
8.427896e+04  0.000000e+00  0.000000e+00  0.000000e+00  0.000000e+00  0.000000e+00  0.000000e+00  0.000000e+00  0.000000e+00  0.000000e+00  0.000000e+00  0.000000e+00  0.000000e+00  0.000000e+00  0.000000e+00  0.000000e+00  0.000000e+00
9.456255e+04  0.000000e+00  0.000000e+00  0.000000e+00  0.000000e+00  0.000000e+00  0.000000e+00  0.000000e+00  0.000000e+00  0.000000e+00  0.000000e+00  0.000000e+00  0.000000e+00  0.000000e+00  0.000000e+00  0.000000e+00  0.000000e+00
1.061009e+05  0.000000e+00  0.000000e+00  0.000000e+00  0.000000e+00  0.000000e+00  0.000000e+00  0.000000e+00  0.000000e+00  0.000000e+00  0.000000e+00  0.000000e+00  0.000000e+00  0.000000e+00  0.000000e+00  0.000000e+00  0.000000e+00
1.190472e+05  0.000000e+00  0.000000e+00  0.000000e+00  0.000000e+00  0.000000e+00  0.000000e+00  0.000000e+00  0.000000e+00  0.000000e+00  0.000000e+00  0.000000e+00  0.000000e+00  0.000000e+00  0.000000e+00  0.000000e+00  0.000000e+00
1.335731e+05  0.000000e+00  0.000000e+00  0.000000e+00  0.000000e+00  0.000000e+00  0.000000e+00  0.000000e+00  0.000000e+00  0.000000e+00  0.000000e+00  0.000000e+00  0.000000e+00  0.000000e+00  0.000000e+00  0.000000e+00  0.000000e+00
1.498715e+05  0.000000e+00  0.000000e+00  0.000000e+00  0.000000e+00  0.000000e+00  0.000000e+00  0.000000e+00  0.000000e+00  0.000000e+00  0.000000e+00  0.000000e+00  0.000000e+00  0.000000e+00  0.000000e+00  0.000000e+00  0.000000e+00
1.681586e+05  0.000000e+00  0.000000e+00  0.000000e+00  0.000000e+00  0.000000e+00  0.000000e+00  0.000000e+00  0.000000e+00  0.000000e+00  0.000000e+00  0.000000e+00  0.000000e+00  0.000000e+00  0.000000e+00  0.000000e+00  0.000000e+00
1.886771e+05  0.000000e+00  0.000000e+00  0.000000e+00  0.000000e+00  0.000000e+00  0.000000e+00  0.000000e+00  0.000000e+00  0.000000e+00  0.000000e+00  0.000000e+00  0.000000e+00  0.000000e+00  0.000000e+00  0.000000e+00  0.000000e+00
2.116992e+05  0.000000e+00  0.000000e+00  0.000000e+00  0.000000e+00  0.000000e+00  0.000000e+00  0.000000e+00  0.000000e+00  0.000000e+00  0.000000e+00  0.000000e+00  0.000000e+00  0.000000e+00  0.000000e+00  0.000000e+00  0.000000e+00
2.375304e+05  0.000000e+00  0.000000e+00  0.000000e+00  0.000000e+00  0.000000e+00  0.000000e+00  0.000000e+00  0.000000e+00  0.000000e+00  0.000000e+00  0.000000e+00  0.000000e+00  0.000000e+00  0.000000e+00  0.000000e+00  0.000000e+00
2.665135e+05  0.000000e+00  0.000000e+00  0.000000e+00  0.000000e+00  0.000000e+00  0.000000e+00  0.000000e+00  0.000000e+00  0.000000e+00  0.000000e+00  0.000000e+00  0.000000e+00  0.000000e+00  0.000000e+00  0.000000e+00  0.000000e+00
2.990330e+05  0.000000e+00  0.000000e+00  0.000000e+00  0.000000e+00  0.000000e+00  0.000000e+00  0.000000e+00  0.000000e+00  0.000000e+00  0.000000e+00  0.000000e+00  0.000000e+00  0.000000e+00  0.000000e+00  0.000000e+00  0.000000e+00
3.355206e+05  0.000000e+00  0.000000e+00  0.000000e+00  0.000000e+00  0.000000e+00  0.000000e+00  0.000000e+00  0.000000e+00  0.000000e+00  0.000000e+00  0.000000e+00  0.000000e+00  0.000000e+00  0.000000e+00  0.000000e+00  0.000000e+00
3.764603e+05  0.000000e+00  0.000000e+00  0.000000e+00  0.000000e+00  0.000000e+00  0.000000e+00  0.000000e+00  0.000000e+00  0.000000e+00  0.000000e+00  0.000000e+00  0.000000e+00  0.000000e+00  0.000000e+00  0.000000e+00  0.000000e+00
4.223954e+05  0.000000e+00  0.000000e+00  0.000000e+00  0.000000e+00  0.000000e+00  0.000000e+00  0.000000e+00  0.000000e+00  0.000000e+00  0.000000e+00  0.000000e+00  0.000000e+00  0.000000e+00  0.000000e+00  0.000000e+00  0.000000e+00
4.739354e+05  0.000000e+00  0.000000e+00  0.000000e+00  0.000000e+00  0.000000e+00  0.000000e+00  0.000000e+00  0.000000e+00  0.000000e+00  0.000000e+00  0.000000e+00  0.000000e+00  0.000000e+00  0.000000e+00  0.000000e+00  0.000000e+00
5.317643e+05  0.000000e+00  0.000000e+00  0.000000e+00  0.000000e+00  0.000000e+00  0.000000e+00  0.000000e+00  0.000000e+00  0.000000e+00  0.000000e+00  0.000000e+00  0.000000e+00  0.000000e+00  0.000000e+00  0.000000e+00  0.000000e+00
5.966493e+05  0.000000e+00  0.000000e+00  0.000000e+00  0.000000e+00  0.000000e+00  0.000000e+00  0.000000e+00  0.000000e+00  0.000000e+00  0.000000e+00  0.000000e+00  0.000000e+00  0.000000e+00  0.000000e+00  0.000000e+00  0.000000e+00
6.694516e+05  0.000000e+00  0.000000e+00  0.000000e+00  0.000000e+00  0.000000e+00  0.000000e+00  0.000000e+00  0.000000e+00  0.000000e+00  0.000000e+00  0.000000e+00  0.000000e+00  0.000000e+00  0.000000e+00  0.000000e+00  0.000000e+00
7.511370e+05  0.000000e+00  0.000000e+00  0.000000e+00  0.000000e+00  0.000000e+00  0.000000e+00  0.000000e+00  0.000000e+00  0.000000e+00  0.000000e+00  0.000000e+00  0.000000e+00  0.000000e+00  0.000000e+00  0.000000e+00  0.000000e+00
8.427896e+05  0.000000e+00  0.000000e+00  0.000000e+00  0.000000e+00  0.000000e+00  0.000000e+00  0.000000e+00  0.000000e+00  0.000000e+00  0.000000e+00  0.000000e+00  0.000000e+00  0.000000e+00  0.000000e+00  0.000000e+00  0.000000e+00
9.456255e+05  0.000000e+00  0.000000e+00  0.000000e+00  0.000000e+00  0.000000e+00  0.000000e+00  0.000000e+00  0.000000e+00  0.000000e+00  0.000000e+00  0.000000e+00  0.000000e+00  0.000000e+00  0.000000e+00  0.000000e+00  0.000000e+00
