# dR/dEr [1/keV/kg/Myr]
# Er [keV], S, F, Ne, Cl, Na, Si, O, P, N, C, Al, Mg, Be, B, Ar, Li
1.061009e+01  3.994687e-01  3.917558e-01  0.000000e+00  0.000000e+00  2.785423e-01  0.000000e+00  2.515511e-02  0.000000e+00  0.000000e+00  0.000000e+00  0.000000e+00  0.000000e+00  3.026697e-02  0.000000e+00  0.000000e+00  0.000000e+00
1.190472e+01  9.465937e-02  1.073609e-01  0.000000e+00  0.000000e+00  3.049207e-02  0.000000e+00  0.000000e+00  0.000000e+00  0.000000e+00  0.000000e+00  0.000000e+00  0.000000e+00  0.000000e+00  0.000000e+00  0.000000e+00  0.000000e+00
1.335731e+01  1.483114e-01  4.224799e-02  0.000000e+00  0.000000e+00  0.000000e+00  0.000000e+00  0.000000e+00  0.000000e+00  0.000000e+00  0.000000e+00  0.000000e+00  0.000000e+00  0.000000e+00  0.000000e+00  0.000000e+00  0.000000e+00
1.498715e+01  3.487466e-02  1.194551e-01  0.000000e+00  0.000000e+00  3.135563e-02  0.000000e+00  5.503068e-03  0.000000e+00  0.000000e+00  0.000000e+00  0.000000e+00  0.000000e+00  0.000000e+00  0.000000e+00  0.000000e+00  0.000000e+00
1.681586e+01  8.628543e-02  7.224817e-02  1.230989e-02  0.000000e+00  2.491001e-02  4.904614e-03  0.000000e+00  0.000000e+00  0.000000e+00  0.000000e+00  0.000000e+00  0.000000e+00  0.000000e+00  0.000000e+00  0.000000e+00  0.000000e+00
1.886771e+01  5.868512e-02  6.606367e-02  0.000000e+00  0.000000e+00  1.097120e-02  0.000000e+00  0.000000e+00  0.000000e+00  0.000000e+00  0.000000e+00  0.000000e+00  0.000000e+00  0.000000e+00  0.000000e+00  0.000000e+00  0.000000e+00
2.116992e+01  6.820099e-02  1.094789e-01  0.000000e+00  0.000000e+00  1.201377e-02  0.000000e+00  5.168514e-03  0.000000e+00  0.000000e+00  0.000000e+00  4.616549e-02  0.000000e+00  0.000000e+00  0.000000e+00  0.000000e+00  0.000000e+00
2.375304e+01  1.245475e-01  2.188123e-02  2.956728e-02  0.000000e+00  6.967976e-02  0.000000e+00  8.714733e-03  0.000000e+00  0.000000e+00  0.000000e+00  0.000000e+00  0.000000e+00  0.000000e+00  0.000000e+00  0.000000e+00  0.000000e+00
2.665135e+01  1.361215e-01  1.211896e-01  4.105497e-03  9.865552e-03  6.435132e-03  0.000000e+00  0.000000e+00  4.637007e-02  0.000000e+00  0.000000e+00  0.000000e+00  0.000000e+00  0.000000e+00  0.000000e+00  0.000000e+00  0.000000e+00
2.990330e+01  1.378352e-01  5.512277e-02  4.834357e-03  0.000000e+00  6.821730e-02  0.000000e+00  6.417095e-03  0.000000e+00  0.000000e+00  0.000000e+00  2.325851e-02  0.000000e+00  4.565399e-02  0.000000e+00  0.000000e+00  0.000000e+00
3.355206e+01  1.682938e-01  6.621051e-02  5.707387e-03  0.000000e+00  1.084129e-02  0.000000e+00  3.480308e-02  0.000000e+00  0.000000e+00  0.000000e+00  4.471478e-02  0.000000e+00  7.628212e-02  0.000000e+00  0.000000e+00  0.000000e+00
3.764603e+01  2.527840e-01  1.215808e-01  3.015194e-03  2.906469e-03  7.115846e-02  0.000000e+00  9.645183e-03  0.000000e+00  0.000000e+00  0.000000e+00  0.000000e+00  0.000000e+00  3.587837e-03  0.000000e+00  0.000000e+00  0.000000e+00
4.223954e+01  2.099849e-01  1.012133e-01  2.682765e-02  0.000000e+00  4.347729e-02  0.000000e+00  7.102787e-03  0.000000e+00  0.000000e+00  0.000000e+00  2.859288e-02  0.000000e+00  1.059646e-01  0.000000e+00  0.000000e+00  0.000000e+00
4.739354e+01  2.386875e-01  9.177341e-02  2.308690e-03  6.349211e-03  1.439461e-02  0.000000e+00  8.278330e-03  0.000000e+00  0.000000e+00  0.000000e+00  0.000000e+00  0.000000e+00  5.925580e-02  0.000000e+00  0.000000e+00  0.000000e+00
5.317643e+01  2.420788e-01  4.502732e-02  5.666220e-03  0.000000e+00  6.819458e-02  0.000000e+00  1.094905e-02  0.000000e+00  0.000000e+00  0.000000e+00  1.837881e-02  0.000000e+00  0.000000e+00  0.000000e+00  0.000000e+00  0.000000e+00
5.966493e+01  2.628208e-01  1.243436e-01  6.343866e-03  3.216166e-03  6.079427e-02  0.000000e+00  4.407798e-02  0.000000e+00  0.000000e+00  0.000000e+00  2.124661e-02  0.000000e+00  1.195203e-02  0.000000e+00  0.000000e+00  0.000000e+00
6.694516e+01  3.222926e-01  1.097300e-01  1.075272e-02  0.000000e+00  4.060451e-02  0.000000e+00  7.019651e-03  0.000000e+00  1.261700e-02  0.000000e+00  1.458239e-02  0.000000e+00  2.640334e-01  0.000000e+00  0.000000e+00  0.000000e+00
7.511370e+01  3.405938e-01  1.343781e-01  2.773554e-02  3.647403e-03  3.478113e-02  0.000000e+00  8.484732e-03  0.000000e+00  0.000000e+00  0.000000e+00  1.508630e-02  0.000000e+00  7.688921e+01  0.000000e+00  0.000000e+00  0.000000e+00
8.427896e+01  4.166440e-01  1.284439e-01  6.136948e-03  1.818924e-02  3.919979e-02  0.000000e+00  3.209209e-02  0.000000e+00  0.000000e+00  0.000000e+00  0.000000e+00  0.000000e+00  9.176591e+01  0.000000e+00  0.000000e+00  0.000000e+00
9.456255e+01  3.912992e-01  1.100172e-01  1.794781e-02  4.222009e-03  7.139117e-02  0.000000e+00  5.642443e-03  0.000000e+00  9.779926e-03  0.000000e+00  8.477743e-04  0.000000e+00  7.095640e+01  0.000000e+00  0.000000e+00  0.000000e+00
1.061009e+02  4.316261e-01  1.523982e-01  1.845554e-02  2.118087e-03  4.827592e-02  0.000000e+00  8.548271e-03  0.000000e+00  0.000000e+00  1.194785e-02  1.649952e-02  0.000000e+00  5.245320e+01  0.000000e+00  0.000000e+00  0.000000e+00
1.190472e+02  4.574387e-01  1.973213e-01  1.608465e-02  5.186458e-03  8.673790e-02  0.000000e+00  8.422960e-03  0.000000e+00  6.927952e-04  8.200281e-03  4.515441e+01  0.000000e+00  3.917810e+01  0.000000e+00  9.010819e-03  0.000000e+00
1.335731e+02  5.297082e-01  1.872405e-01  2.269996e-02  8.497970e-04  5.849111e-02  0.000000e+00  7.731043e-03  0.000000e+00  0.000000e+00  0.000000e+00  3.855459e+01  0.000000e+00  2.934409e+01  0.000000e+00  0.000000e+00  0.000000e+00
1.498715e+02  1.222414e+00  2.228866e-01  8.298315e-03  3.269370e-03  2.702737e-02  0.000000e+00  4.032629e-02  0.000000e+00  3.523374e-03  9.317262e-03  2.882030e+01  0.000000e+00  2.204859e+01  0.000000e+00  0.000000e+00  0.000000e+00
1.681586e+02  1.715024e+00  2.517104e-01  1.618287e-02  2.491001e-03  4.210524e-02  4.767385e-04  2.688664e-02  0.000000e+00  9.189966e-03  0.000000e+00  2.249625e+01  0.000000e+00  1.604014e+01  0.000000e+00  0.000000e+00  0.000000e+00
1.886771e+02  1.059863e+00  2.444391e-01  1.488377e-02  2.365008e-03  5.810539e-02  1.017041e-03  3.437835e-02  7.680500e-04  7.680500e-04  0.000000e+00  1.611250e+01  0.000000e+00  1.133274e+01  0.000000e+00  0.000000e+00  0.000000e+00
2.116992e+02  4.963711e-01  3.300030e-01  1.438774e-02  1.220675e-02  4.023462e-02  6.845253e-04  1.549987e-02  0.000000e+00  0.000000e+00  3.786869e-04  1.302197e+01  0.000000e+00  8.017689e+00  0.000000e+00  5.361857e-04  0.000000e+00
2.375304e+02  3.692168e-01  1.350468e+00  2.211394e-02  8.379244e-03  4.747952e-02  2.613895e-04  3.003090e-02  1.835468e-03  0.000000e+00  3.472201e-04  9.696044e+00  0.000000e+00  6.063676e+00  0.000000e+00  1.393997e-03  0.000000e+00
2.665135e+02  3.126733e-01  1.139161e+00  1.885338e-02  1.196073e-02  6.974146e-02  7.185175e-04  2.000588e-02  0.000000e+00  5.437378e-04  5.196002e-03  6.937956e+00  0.000000e+00  3.975852e+00  0.000000e+00  0.000000e+00  0.000000e+00
2.990330e+02  2.231196e-01  2.064676e-01  1.003946e-02  4.208321e-03  5.156631e-02  1.946261e-03  3.222941e-02  3.190052e-04  4.516819e-04  3.092684e-03  5.396028e+00  0.000000e+00  2.917080e+00  0.000000e+00  0.000000e+00  0.000000e+00
3.355206e+02  2.086059e-01  2.039309e-01  1.355525e-02  7.400945e-03  4.786989e-02  4.319063e-04  2.074880e-02  3.700991e-04  3.261112e-04  3.693218e-03  4.002236e+00  2.125405e-03  2.160712e+00  0.000000e+00  0.000000e+00  5.722974e-04
3.764603e+02  1.434655e-01  1.508852e-01  2.373180e-02  1.208101e-02  4.799260e-02  6.163033e-03  1.619914e-02  0.000000e+00  5.086714e-04  0.000000e+00  2.568383e+00  0.000000e+00  1.498334e+00  0.000000e+00  0.000000e+00  0.000000e+00
4.223954e+02  9.222888e-02  1.504337e-01  9.699153e-03  9.850517e-03  4.624026e-02  4.848777e-04  1.779381e-02  4.141906e-03  5.689137e-04  2.579883e-03  1.926073e+00  0.000000e+00  7.690453e-01  0.000000e+00  2.687294e-04  0.000000e+00
4.739354e+02  8.744300e-02  1.294433e-01  1.597769e-02  8.947265e-03  4.315876e-02  2.905659e-03  3.211296e-02  2.794664e-03  2.607581e-03  0.000000e+00  1.311571e+00  0.000000e+00  5.730950e-01  2.607581e-03  0.000000e+00  0.000000e+00
5.317643e+02  8.003305e-02  1.032232e-01  2.373684e-02  5.215987e-03  3.286893e-02  1.002725e-03  1.375011e-02  3.149617e-03  2.919044e-03  2.604845e-03  1.106333e+00  0.000000e+00  4.065543e-01  1.507580e-04  6.226754e-04  0.000000e+00
5.966493e+02  7.372464e-02  9.538835e-02  2.293674e-02  1.717950e-02  3.289326e-02  3.178314e-03  2.340292e-02  3.060071e-03  9.264355e-04  2.288120e-03  7.233446e-01  0.000000e+00  2.882396e-01  0.000000e+00  2.263772e-04  0.000000e+00
6.694516e+02  6.259410e-02  8.802271e-02  2.615352e-02  1.889163e-02  3.494178e-02  2.259866e-03  1.990586e-02  9.574253e-04  5.952574e-04  1.384898e-03  4.925948e-01  0.000000e+00  1.831570e-01  0.000000e+00  0.000000e+00  0.000000e+00
7.511370e+02  4.864463e-02  6.535027e-02  1.771351e-02  1.374248e-02  2.199911e-02  1.451409e-03  1.526236e-02  1.714954e-03  1.748024e-03  1.032042e-03  3.524538e-01  0.000000e+00  1.258209e-01  0.000000e+00  0.000000e+00  0.000000e+00
8.427896e+02  3.696447e-02  6.313754e-02  1.708468e-02  8.990315e-03  2.754293e-02  4.733016e-04  1.608923e-02  3.570424e-04  9.806494e-04  4.677994e-03  1.885514e-01  0.000000e+00  7.248191e-02  0.000000e+00  9.871102e-04  0.000000e+00
9.456255e+02  3.609605e-02  4.409269e-02  2.206642e-02  1.025271e-02  2.378439e-02  2.235807e-03  1.650784e-02  1.264805e-03  0.000000e+00  2.678879e-03  1.651680e-01  2.780490e-04  4.565524e-02  0.000000e+00  0.000000e+00  0.000000e+00
1.061009e+03  3.059968e-02  2.937501e-02  2.195970e-02  1.350518e-02  2.231325e-02  1.417475e-03  1.452537e-02  1.409741e-03  3.681917e-03  1.576061e-03  1.133486e-01  0.000000e+00  2.039336e-02  1.043890e-03  6.721122e-04  0.000000e+00
1.190472e+03  2.320485e-02  2.606968e-02  1.922267e-02  1.449126e-02  1.044545e-02  1.813990e-03  1.061934e-02  3.582541e-03  9.859125e-04  5.791303e-03  7.129345e-02  0.000000e+00  1.440733e-02  0.000000e+00  0.000000e+00  0.000000e+00
1.335731e+03  2.065058e-02  2.885567e-02  1.763328e-02  9.979615e-03  9.737646e-03  2.479722e-03  9.932966e-03  1.153021e-03  2.259974e-03  1.517426e-03  3.197971e-02  0.000000e+00  8.989382e-03  6.228244e-04  0.000000e+00  0.000000e+00
1.498715e+03  1.295250e-02  2.190211e-02  1.313177e-02  1.358647e-02  1.071630e-02  5.398700e-03  1.210775e-02  3.030010e-03  3.392399e-03  2.629798e-03  1.563257e-02  2.422760e-04  9.414566e-03  0.000000e+00  0.000000e+00  4.784525e-04
1.681586e+03  9.020138e-03  2.060622e-02  1.238382e-02  9.592024e-03  1.124360e-02  2.155189e-03  6.682287e-03  3.565683e-03  2.731476e-03  2.623962e-03  1.912946e-02  0.000000e+00  4.233875e-03  7.540876e-04  0.000000e+00  1.141883e-04
1.886771e+03  1.039355e-02  1.605413e-02  1.333220e-02  9.709633e-03  1.075255e-02  2.863910e-03  6.477433e-03  2.838688e-03  1.293055e-03  2.820746e-03  9.222276e-03  7.815587e-04  1.014933e-04  1.773400e-03  8.510183e-05  0.000000e+00
2.116992e+03  6.423341e-03  1.573397e-02  7.276122e-03  7.300030e-03  5.436649e-03  1.714939e-03  5.929394e-03  2.427492e-03  1.246246e-03  1.863911e-03  6.140609e-03  4.909833e-04  2.102580e-03  5.361857e-05  0.000000e+00  5.361857e-05
2.375304e+03  5.403345e-03  8.448102e-03  9.360359e-03  1.202414e-02  6.655915e-03  4.571745e-03  5.463967e-03  1.452673e-03  6.416119e-04  1.156330e-03  6.622577e-03  4.016037e-05  0.000000e+00  4.114504e-04  0.000000e+00  5.674413e-04
2.665135e+03  3.522837e-03  7.778266e-03  6.483867e-03  1.278450e-02  3.619950e-03  1.362752e-03  3.727591e-03  3.324576e-03  9.508258e-04  1.685501e-03  4.308518e-03  7.893718e-04  6.017439e-04  5.122462e-04  0.000000e+00  5.025349e-04
2.990330e+03  2.171207e-03  5.176511e-03  5.100035e-03  8.183491e-03  2.528126e-03  3.123313e-03  2.824371e-03  2.245955e-03  2.536064e-03  2.735537e-03  3.171450e-03  7.936730e-04  0.000000e+00  5.017081e-04  0.000000e+00  8.347214e-04
3.355206e+03  1.387559e-03  6.414936e-03  6.459754e-03  1.043264e-02  1.668992e-03  2.986859e-03  9.522952e-04  1.988774e-03  1.030404e-03  1.694441e-03  1.413510e-03  5.074692e-04  1.753042e-04  2.072917e-04  0.000000e+00  5.772455e-05
3.764603e+03  7.233529e-04  3.146634e-03  5.082358e-03  6.238297e-03  1.249343e-03  3.562044e-03  7.046664e-04  1.140996e-03  1.682609e-03  2.196519e-03  1.983010e-03  4.753057e-04  2.129513e-05  2.990516e-04  0.000000e+00  1.146030e-03
4.223954e+03  3.528403e-04  1.388407e-03  2.845869e-03  4.814629e-03  9.189862e-04  1.181854e-03  1.040503e-03  1.829578e-03  1.355873e-03  1.978534e-03  1.113942e-03  6.624985e-04  0.000000e+00  4.834604e-04  0.000000e+00  7.929656e-04
4.739354e+03  2.391017e-04  1.975425e-03  2.673381e-03  5.355400e-03  7.268694e-04  1.965343e-03  3.732133e-04  1.405810e-03  8.232553e-04  1.272843e-03  9.748865e-04  3.583848e-04  3.387965e-05  1.225361e-04  0.000000e+00  4.518950e-04
5.317643e+03  2.170302e-04  1.973120e-03  2.772057e-03  2.915541e-03  4.123170e-04  1.925351e-03  2.523203e-04  2.083658e-03  1.116754e-03  1.614271e-03  1.052599e-03  4.434576e-04  0.000000e+00  6.472276e-04  0.000000e+00  4.893504e-04
5.966493e+03  4.023533e-04  1.183519e-03  1.684852e-03  2.511433e-03  3.515666e-04  1.379571e-03  5.511891e-04  1.738699e-03  8.512113e-04  8.817734e-04  9.754411e-05  2.665809e-04  0.000000e+00  2.393777e-04  0.000000e+00  2.896010e-04
6.694516e+03  1.424944e-05  9.970159e-04  1.336021e-03  2.028123e-03  2.896423e-04  2.674903e-03  3.354185e-04  1.284045e-03  8.840494e-04  8.759120e-04  8.800022e-04  3.691172e-04  0.000000e+00  2.122033e-04  0.000000e+00  2.868282e-05
7.511370e+03  1.432788e-04  8.014229e-04  8.095344e-04  1.018583e-03  1.882376e-04  1.833262e-03  3.893430e-04  1.292826e-03  1.508374e-04  5.732461e-04  1.817624e-04  3.524151e-04  0.000000e+00  7.699505e-05  0.000000e+00  7.512075e-04
8.427896e+03  1.504145e-04  8.624414e-04  3.980773e-04  1.062193e-03  2.194704e-04  2.102297e-03  1.956532e-04  1.785413e-03  3.160461e-04  4.192175e-04  2.316641e-04  4.916825e-04  0.000000e+00  4.722389e-05  0.000000e+00  4.133426e-04
9.456255e+03  0.000000e+00  2.227341e-04  3.687297e-04  1.376979e-03  1.669907e-04  1.305676e-03  1.200370e-05  8.470327e-04  3.908899e-04  2.599550e-04  5.411125e-04  7.009276e-04  0.000000e+00  2.486239e-04  0.000000e+00  7.354988e-05
1.061009e+04  0.000000e+00  3.170589e-04  1.534027e-04  8.096496e-04  1.028106e-04  1.110826e-03  3.778165e-04  3.497871e-04  7.828152e-05  4.221189e-04  4.989165e-04  1.987934e-04  0.000000e+00  8.990787e-06  0.000000e+00  2.658415e-04
1.190472e+04  0.000000e+00  3.103566e-05  1.612953e-05  5.200285e-04  0.000000e+00  5.137401e-04  6.734110e-06  1.580777e-04  1.602610e-05  4.077657e-04  2.680836e-04  6.572859e-05  0.000000e+00  1.419012e-04  0.000000e+00  2.768358e-04
1.335731e+04  0.000000e+00  2.373091e-04  1.919544e-04  4.787554e-04  0.000000e+00  2.968929e-04  1.011190e-05  1.966180e-04  4.957314e-05  3.135472e-04  2.720264e-04  1.316287e-04  0.000000e+00  0.000000e+00  0.000000e+00  2.266001e-04
1.498715e+04  0.000000e+00  8.094688e-05  2.422760e-05  1.481419e-04  0.000000e+00  2.398254e-04  0.000000e+00  1.388669e-04  4.758190e-05  9.529797e-05  1.514765e-05  6.274405e-05  0.000000e+00  1.393881e-05  0.000000e+00  2.180082e-04
1.681586e+04  0.000000e+00  5.882159e-05  5.672803e-06  8.244984e-05  0.000000e+00  3.448245e-04  4.767385e-06  9.257244e-05  0.000000e+00  2.159287e-05  1.563585e-05  1.945100e-05  0.000000e+00  2.325891e-04  0.000000e+00  1.821493e-04
1.886771e+04  0.000000e+00  6.913426e-05  0.000000e+00  7.690707e-05  0.000000e+00  2.046460e-04  0.000000e+00  1.285834e-04  0.000000e+00  0.000000e+00  1.428856e-04  8.980002e-05  0.000000e+00  1.244551e-04  0.000000e+00  2.821391e-04
2.116992e+04  0.000000e+00  3.786869e-06  0.000000e+00  1.256650e-04  0.000000e+00  1.016705e-05  0.000000e+00  5.988109e-05  0.000000e+00  0.000000e+00  0.000000e+00  5.837646e-05  0.000000e+00  1.399943e-04  0.000000e+00  5.988109e-05
2.375304e+04  0.000000e+00  0.000000e+00  0.000000e+00  3.375050e-06  0.000000e+00  8.355739e-05  8.083916e-06  2.450197e-05  0.000000e+00  3.002215e-05  5.747497e-05  8.032074e-06  0.000000e+00  0.000000e+00  0.000000e+00  1.251370e-04
2.665135e+04  0.000000e+00  7.204798e-06  0.000000e+00  4.609106e-05  0.000000e+00  0.000000e+00  0.000000e+00  0.000000e+00  0.000000e+00  6.024748e-06  0.000000e+00  0.000000e+00  0.000000e+00  0.000000e+00  0.000000e+00  7.204798e-06
2.990330e+04  0.000000e+00  0.000000e+00  0.000000e+00  2.824594e-05  0.000000e+00  0.000000e+00  0.000000e+00  0.000000e+00  0.000000e+00  0.000000e+00  0.000000e+00  4.770855e-05  0.000000e+00  6.511660e-05  0.000000e+00  4.376601e-05
3.355206e+04  0.000000e+00  0.000000e+00  0.000000e+00  0.000000e+00  0.000000e+00  0.000000e+00  0.000000e+00  0.000000e+00  0.000000e+00  0.000000e+00  0.000000e+00  3.383103e-06  0.000000e+00  9.868741e-06  0.000000e+00  9.571255e-06
3.764603e+04  0.000000e+00  0.000000e+00  0.000000e+00  9.645183e-06  0.000000e+00  0.000000e+00  0.000000e+00  0.000000e+00  0.000000e+00  0.000000e+00  0.000000e+00  2.243655e-05  0.000000e+00  9.645183e-06  0.000000e+00  2.129513e-06
4.223954e+04  0.000000e+00  0.000000e+00  0.000000e+00  6.224742e-06  0.000000e+00  0.000000e+00  0.000000e+00  4.624909e-05  0.000000e+00  0.000000e+00  0.000000e+00  3.085126e-05  0.000000e+00  0.000000e+00  0.000000e+00  0.000000e+00
4.739354e+04  0.000000e+00  0.000000e+00  0.000000e+00  0.000000e+00  0.000000e+00  0.000000e+00  0.000000e+00  1.691532e-06  0.000000e+00  0.000000e+00  0.000000e+00  7.239339e-06  0.000000e+00  1.782199e-05  0.000000e+00  0.000000e+00
5.317643e+04  0.000000e+00  0.000000e+00  0.000000e+00  0.000000e+00  0.000000e+00  0.000000e+00  0.000000e+00  0.000000e+00  0.000000e+00  0.000000e+00  0.000000e+00  0.000000e+00  0.000000e+00  0.000000e+00  0.000000e+00  0.000000e+00
5.966493e+04  0.000000e+00  0.000000e+00  0.000000e+00  0.000000e+00  0.000000e+00  0.000000e+00  0.000000e+00  0.000000e+00  0.000000e+00  0.000000e+00  0.000000e+00  0.000000e+00  0.000000e+00  0.000000e+00  0.000000e+00  0.000000e+00
6.694516e+04  0.000000e+00  0.000000e+00  0.000000e+00  0.000000e+00  0.000000e+00  0.000000e+00  0.000000e+00  0.000000e+00  0.000000e+00  0.000000e+00  0.000000e+00  0.000000e+00  0.000000e+00  0.000000e+00  0.000000e+00  9.891141e-06
7.511370e+04  0.000000e+00  0.000000e+00  0.000000e+00  0.000000e+00  0.000000e+00  0.000000e+00  0.000000e+00  0.000000e+00  0.000000e+00  0.000000e+00  0.000000e+00  0.000000e+00  0.000000e+00  0.000000e+00  0.000000e+00  1.508374e-05
8.427896e+04  0.000000e+00  0.000000e+00  0.000000e+00  0.000000e+00  0.000000e+00  0.000000e+00  0.000000e+00  0.000000e+00  0.000000e+00  0.000000e+00  0.000000e+00  0.000000e+00  0.000000e+00  0.000000e+00  0.000000e+00  0.000000e+00
9.456255e+04  0.000000e+00  0.000000e+00  0.000000e+00  0.000000e+00  0.000000e+00  0.000000e+00  0.000000e+00  0.000000e+00  0.000000e+00  0.000000e+00  0.000000e+00  0.000000e+00  0.000000e+00  0.000000e+00  0.000000e+00  0.000000e+00
1.061009e+05  0.000000e+00  0.000000e+00  0.000000e+00  0.000000e+00  0.000000e+00  0.000000e+00  0.000000e+00  0.000000e+00  0.000000e+00  0.000000e+00  0.000000e+00  0.000000e+00  0.000000e+00  0.000000e+00  0.000000e+00  0.000000e+00
1.190472e+05  0.000000e+00  0.000000e+00  0.000000e+00  0.000000e+00  0.000000e+00  0.000000e+00  0.000000e+00  0.000000e+00  0.000000e+00  0.000000e+00  0.000000e+00  0.000000e+00  0.000000e+00  0.000000e+00  0.000000e+00  0.000000e+00
1.335731e+05  0.000000e+00  0.000000e+00  0.000000e+00  0.000000e+00  0.000000e+00  0.000000e+00  0.000000e+00  0.000000e+00  0.000000e+00  0.000000e+00  0.000000e+00  0.000000e+00  0.000000e+00  0.000000e+00  0.000000e+00  0.000000e+00
1.498715e+05  0.000000e+00  0.000000e+00  0.000000e+00  0.000000e+00  0.000000e+00  0.000000e+00  0.000000e+00  0.000000e+00  0.000000e+00  0.000000e+00  0.000000e+00  0.000000e+00  0.000000e+00  0.000000e+00  0.000000e+00  0.000000e+00
1.681586e+05  0.000000e+00  0.000000e+00  0.000000e+00  0.000000e+00  0.000000e+00  0.000000e+00  0.000000e+00  0.000000e+00  0.000000e+00  0.000000e+00  0.000000e+00  0.000000e+00  0.000000e+00  0.000000e+00  0.000000e+00  0.000000e+00
1.886771e+05  0.000000e+00  0.000000e+00  0.000000e+00  0.000000e+00  0.000000e+00  0.000000e+00  0.000000e+00  0.000000e+00  0.000000e+00  0.000000e+00  0.000000e+00  0.000000e+00  0.000000e+00  0.000000e+00  0.000000e+00  0.000000e+00
2.116992e+05  0.000000e+00  0.000000e+00  0.000000e+00  0.000000e+00  0.000000e+00  0.000000e+00  0.000000e+00  0.000000e+00  0.000000e+00  0.000000e+00  0.000000e+00  0.000000e+00  0.000000e+00  0.000000e+00  0.000000e+00  0.000000e+00
2.375304e+05  0.000000e+00  0.000000e+00  0.000000e+00  0.000000e+00  0.000000e+00  0.000000e+00  0.000000e+00  0.000000e+00  0.000000e+00  0.000000e+00  0.000000e+00  0.000000e+00  0.000000e+00  0.000000e+00  0.000000e+00  0.000000e+00
2.665135e+05  0.000000e+00  0.000000e+00  0.000000e+00  0.000000e+00  0.000000e+00  0.000000e+00  0.000000e+00  0.000000e+00  0.000000e+00  0.000000e+00  0.000000e+00  0.000000e+00  0.000000e+00  0.000000e+00  0.000000e+00  0.000000e+00
2.990330e+05  0.000000e+00  0.000000e+00  0.000000e+00  0.000000e+00  0.000000e+00  0.000000e+00  0.000000e+00  0.000000e+00  0.000000e+00  0.000000e+00  0.000000e+00  0.000000e+00  0.000000e+00  0.000000e+00  0.000000e+00  0.000000e+00
3.355206e+05  0.000000e+00  0.000000e+00  0.000000e+00  0.000000e+00  0.000000e+00  0.000000e+00  0.000000e+00  0.000000e+00  0.000000e+00  0.000000e+00  0.000000e+00  0.000000e+00  0.000000e+00  0.000000e+00  0.000000e+00  0.000000e+00
3.764603e+05  0.000000e+00  0.000000e+00  0.000000e+00  0.000000e+00  0.000000e+00  0.000000e+00  0.000000e+00  0.000000e+00  0.000000e+00  0.000000e+00  0.000000e+00  0.000000e+00  0.000000e+00  0.000000e+00  0.000000e+00  0.000000e+00
4.223954e+05  0.000000e+00  0.000000e+00  0.000000e+00  0.000000e+00  0.000000e+00  0.000000e+00  0.000000e+00  0.000000e+00  0.000000e+00  0.000000e+00  0.000000e+00  0.000000e+00  0.000000e+00  0.000000e+00  0.000000e+00  0.000000e+00
4.739354e+05  0.000000e+00  0.000000e+00  0.000000e+00  0.000000e+00  0.000000e+00  0.000000e+00  0.000000e+00  0.000000e+00  0.000000e+00  0.000000e+00  0.000000e+00  0.000000e+00  0.000000e+00  0.000000e+00  0.000000e+00  0.000000e+00
5.317643e+05  0.000000e+00  0.000000e+00  0.000000e+00  0.000000e+00  0.000000e+00  0.000000e+00  0.000000e+00  0.000000e+00  0.000000e+00  0.000000e+00  0.000000e+00  0.000000e+00  0.000000e+00  0.000000e+00  0.000000e+00  0.000000e+00
5.966493e+05  0.000000e+00  0.000000e+00  0.000000e+00  0.000000e+00  0.000000e+00  0.000000e+00  0.000000e+00  0.000000e+00  0.000000e+00  0.000000e+00  0.000000e+00  0.000000e+00  0.000000e+00  0.000000e+00  0.000000e+00  0.000000e+00
6.694516e+05  0.000000e+00  0.000000e+00  0.000000e+00  0.000000e+00  0.000000e+00  0.000000e+00  0.000000e+00  0.000000e+00  0.000000e+00  0.000000e+00  0.000000e+00  0.000000e+00  0.000000e+00  0.000000e+00  0.000000e+00  0.000000e+00
7.511370e+05  0.000000e+00  0.000000e+00  0.000000e+00  0.000000e+00  0.000000e+00  0.000000e+00  0.000000e+00  0.000000e+00  0.000000e+00  0.000000e+00  0.000000e+00  0.000000e+00  0.000000e+00  0.000000e+00  0.000000e+00  0.000000e+00
8.427896e+05  0.000000e+00  0.000000e+00  0.000000e+00  0.000000e+00  0.000000e+00  0.000000e+00  0.000000e+00  0.000000e+00  0.000000e+00  0.000000e+00  0.000000e+00  0.000000e+00  0.000000e+00  0.000000e+00  0.000000e+00  0.000000e+00
9.456255e+05  0.000000e+00  0.000000e+00  0.000000e+00  0.000000e+00  0.000000e+00  0.000000e+00  0.000000e+00  0.000000e+00  0.000000e+00  0.000000e+00  0.000000e+00  0.000000e+00  0.000000e+00  0.000000e+00  0.000000e+00  0.000000e+00
