# dR/dEr [1/keV/kg/Myr]
# Er [keV], S, F, Ne, Cl, Na, Si, O, P, N, C, Al, Mg, Be, B, Ar, Li
1.061009e+01  2.044114e-02  1.892690e-02  0.000000e+00  0.000000e+00  1.159548e-02  0.000000e+00  3.180127e-03  0.000000e+00  0.000000e+00  0.000000e+00  0.000000e+00  0.000000e+00  5.294103e-03  0.000000e+00  0.000000e+00  0.000000e+00
1.190472e+01  2.959078e-03  4.850128e-03  0.000000e+00  0.000000e+00  9.531881e-04  0.000000e+00  0.000000e+00  0.000000e+00  0.000000e+00  0.000000e+00  0.000000e+00  0.000000e+00  0.000000e+00  0.000000e+00  0.000000e+00  0.000000e+00
1.335731e+01  6.580199e-03  2.968748e-03  0.000000e+00  0.000000e+00  0.000000e+00  0.000000e+00  0.000000e+00  0.000000e+00  0.000000e+00  0.000000e+00  0.000000e+00  0.000000e+00  0.000000e+00  0.000000e+00  0.000000e+00  0.000000e+00
1.498715e+01  1.090189e-03  4.236807e-03  0.000000e+00  0.000000e+00  2.425406e-03  0.000000e+00  1.720284e-04  0.000000e+00  0.000000e+00  0.000000e+00  0.000000e+00  0.000000e+00  0.000000e+00  0.000000e+00  0.000000e+00  0.000000e+00
1.681586e+01  2.697321e-03  2.253343e-03  3.848125e-04  0.000000e+00  7.786932e-04  1.533205e-04  0.000000e+00  0.000000e+00  0.000000e+00  0.000000e+00  0.000000e+00  0.000000e+00  0.000000e+00  0.000000e+00  0.000000e+00  0.000000e+00
1.886771e+01  1.834520e-03  2.062506e-03  0.000000e+00  0.000000e+00  3.429645e-04  0.000000e+00  0.000000e+00  0.000000e+00  0.000000e+00  0.000000e+00  0.000000e+00  0.000000e+00  0.000000e+00  0.000000e+00  0.000000e+00  0.000000e+00
2.116992e+01  3.221548e-03  3.778142e-03  0.000000e+00  0.000000e+00  3.755572e-04  0.000000e+00  1.615709e-04  0.000000e+00  0.000000e+00  0.000000e+00  2.474597e-03  0.000000e+00  0.000000e+00  0.000000e+00  0.000000e+00  0.000000e+00
2.375304e+01  5.889416e-03  6.840152e-04  9.221606e-04  0.000000e+00  2.157728e-03  0.000000e+00  2.724264e-04  0.000000e+00  0.000000e+00  0.000000e+00  0.000000e+00  0.000000e+00  0.000000e+00  0.000000e+00  0.000000e+00  0.000000e+00
2.665135e+01  4.922542e-03  5.315145e-03  1.283403e-04  1.121106e-03  2.011653e-04  0.000000e+00  0.000000e+00  1.431284e-03  0.000000e+00  0.000000e+00  0.000000e+00  0.000000e+00  0.000000e+00  0.000000e+00  0.000000e+00  0.000000e+00
2.990330e+01  8.419604e-03  1.722823e-03  1.511238e-04  0.000000e+00  3.518602e-03  0.000000e+00  2.006019e-04  0.000000e+00  0.000000e+00  0.000000e+00  2.367037e-03  0.000000e+00  1.679057e-03  0.000000e+00  0.000000e+00  0.000000e+00
3.355206e+01  5.914519e-03  2.775778e-03  1.784126e-04  0.000000e+00  3.389049e-04  0.000000e+00  1.083283e-03  0.000000e+00  0.000000e+00  0.000000e+00  2.336865e-03  0.000000e+00  4.377448e-03  0.000000e+00  0.000000e+00  0.000000e+00
3.764603e+01  9.995304e-03  5.747318e-03  7.514349e-04  9.085799e-05  3.174540e-03  0.000000e+00  8.862345e-04  0.000000e+00  0.000000e+00  0.000000e+00  0.000000e+00  0.000000e+00  7.490102e-04  0.000000e+00  0.000000e+00  0.000000e+00
4.223954e+01  8.355493e-03  4.767346e-03  1.259705e-03  0.000000e+00  1.357921e-03  0.000000e+00  7.896320e-04  0.000000e+00  0.000000e+00  0.000000e+00  1.975183e-03  0.000000e+00  5.080395e-03  0.000000e+00  0.000000e+00  0.000000e+00
4.739354e+01  8.991432e-03  2.865564e-03  7.217107e-05  1.984775e-04  9.069996e-04  0.000000e+00  2.587846e-04  0.000000e+00  0.000000e+00  0.000000e+00  0.000000e+00  0.000000e+00  3.348428e-03  0.000000e+00  0.000000e+00  0.000000e+00
5.317643e+01  8.187693e-03  1.895865e-03  1.771293e-04  0.000000e+00  3.292033e-03  0.000000e+00  3.422733e-04  0.000000e+00  0.000000e+00  0.000000e+00  9.851550e-04  0.000000e+00  0.000000e+00  0.000000e+00  0.000000e+00  0.000000e+00
5.966493e+01  9.779653e-03  5.461782e-03  1.983121e-04  1.005391e-04  2.993276e-03  0.000000e+00  2.890113e-03  0.000000e+00  0.000000e+00  0.000000e+00  8.796829e-04  0.000000e+00  7.849085e-04  0.000000e+00  0.000000e+00  0.000000e+00
6.694516e+01  1.133561e-02  4.968669e-03  3.361338e-04  0.000000e+00  2.017504e-03  0.000000e+00  5.429807e-04  0.000000e+00  7.478899e-04  0.000000e+00  4.535096e-04  0.000000e+00  1.103521e-02  0.000000e+00  0.000000e+00  0.000000e+00
7.511370e+01  1.238149e-02  5.510292e-03  1.176887e-03  1.140182e-04  1.410159e-03  0.000000e+00  2.652344e-04  0.000000e+00  0.000000e+00  0.000000e+00  7.083840e-04  0.000000e+00  3.741709e+00  0.000000e+00  0.000000e+00  0.000000e+00
8.427896e+01  1.394739e-02  4.857125e-03  1.918442e-04  8.493794e-04  1.838187e-03  0.000000e+00  1.092346e-03  0.000000e+00  0.000000e+00  0.000000e+00  0.000000e+00  0.000000e+00  4.448235e+00  0.000000e+00  0.000000e+00  0.000000e+00
9.456255e+01  1.442753e-02  4.316234e-03  5.580231e-04  1.319823e-04  3.001767e-03  0.000000e+00  4.299199e-04  0.000000e+00  8.305571e-04  0.000000e+00  3.010916e-04  0.000000e+00  3.434957e+00  0.000000e+00  0.000000e+00  0.000000e+00
1.061009e+02  1.536566e-02  6.040774e-03  9.901962e-04  3.109407e-04  1.738830e-03  0.000000e+00  4.747006e-04  0.000000e+00  0.000000e+00  4.946820e-04  7.423552e-04  0.000000e+00  2.532858e+00  0.000000e+00  0.000000e+00  0.000000e+00
1.190472e+02  1.525222e-02  8.337339e-03  7.106133e-04  3.470365e-04  3.452460e-03  0.000000e+00  4.567883e-04  0.000000e+00  2.165709e-05  2.550272e-04  2.193449e+00  0.000000e+00  1.902135e+00  0.000000e+00  6.784464e-04  0.000000e+00
1.335731e+02  1.833736e-02  7.696356e-03  1.058279e-03  2.117831e-04  2.401259e-03  0.000000e+00  4.210898e-04  0.000000e+00  0.000000e+00  0.000000e+00  1.881471e+00  0.000000e+00  1.418170e+00  0.000000e+00  0.000000e+00  0.000000e+00
1.498715e+02  4.020452e-02  8.176923e-03  4.244840e-04  2.672740e-04  1.826524e-03  0.000000e+00  1.477646e-03  0.000000e+00  2.570177e-04  4.419192e-04  1.400057e+00  0.000000e+00  1.066734e+00  0.000000e+00  0.000000e+00  0.000000e+00
1.681586e+02  5.584927e-02  1.105697e-02  6.513002e-04  7.786932e-05  1.973592e-03  1.693163e-04  1.243101e-03  0.000000e+00  4.202879e-04  0.000000e+00  1.098777e+00  0.000000e+00  7.666289e-01  0.000000e+00  0.000000e+00  0.000000e+00
1.886771e+02  3.574156e-02  9.359444e-03  5.838131e-04  7.393146e-05  2.174245e-03  3.179326e-05  1.460123e-03  2.400965e-05  2.400965e-05  0.000000e+00  8.040840e-01  0.000000e+00  5.501153e-01  0.000000e+00  0.000000e+00  0.000000e+00
2.116992e+02  1.810754e-02  1.183783e-02  5.655279e-04  3.927820e-04  1.866619e-03  2.139863e-05  6.725292e-04  0.000000e+00  0.000000e+00  1.344927e-04  6.336631e-01  0.000000e+00  3.900695e-01  0.000000e+00  1.336261e-04  0.000000e+00
2.375304e+02  1.357292e-02  4.416208e-02  1.111121e-03  3.615621e-04  2.261407e-03  8.171094e-06  1.278867e-03  1.583116e-04  0.000000e+00  1.085426e-05  4.721474e-01  0.000000e+00  2.931127e-01  0.000000e+00  4.356889e-05  0.000000e+00
2.665135e+02  1.136125e-02  3.731237e-02  1.018998e-03  4.655423e-04  2.858536e-03  2.246082e-05  1.039681e-03  0.000000e+00  1.699753e-05  1.598027e-04  3.381116e-01  0.000000e+00  1.903734e-01  0.000000e+00  0.000000e+00  0.000000e+00
2.990330e+02  9.271058e-03  8.082509e-03  3.873820e-04  2.051659e-04  2.288969e-03  1.421036e-04  1.254159e-03  9.490630e-05  9.429480e-05  2.626452e-04  2.609620e-01  0.000000e+00  1.435961e-01  0.000000e+00  0.000000e+00  0.000000e+00
3.355206e+02  8.288327e-03  8.623014e-03  4.461636e-04  3.651825e-04  2.130770e-03  1.350162e-05  8.987200e-04  1.156938e-05  1.019443e-05  1.795396e-04  1.938399e-01  1.395787e-04  1.035464e-01  0.000000e+00  0.000000e+00  8.350050e-05
3.764603e+02  6.345096e-03  6.356133e-03  1.126835e-03  5.048947e-04  1.872897e-03  4.356770e-04  6.844192e-04  0.000000e+00  1.590104e-05  0.000000e+00  1.306462e-01  0.000000e+00  7.059737e-02  0.000000e+00  0.000000e+00  0.000000e+00
4.223954e+02  4.145256e-03  6.167194e-03  4.120007e-04  4.567593e-04  1.966837e-03  7.528624e-05  7.247929e-04  2.120348e-04  7.791323e-05  1.388481e-04  9.229375e-02  0.000000e+00  4.128930e-02  0.000000e+00  6.697171e-05  0.000000e+00
4.739354e+02  3.768768e-03  5.347893e-03  6.211113e-04  4.874940e-04  1.588536e-03  1.179626e-04  1.294270e-03  8.675693e-05  8.048701e-05  0.000000e+00  6.387132e-02  0.000000e+00  2.872039e-02  8.048701e-05  0.000000e+00  0.000000e+00
5.317643e+02  3.690097e-03  5.114668e-03  1.175615e-03  2.074930e-04  1.247177e-03  7.643114e-05  5.939414e-04  1.894453e-04  9.033522e-05  1.632228e-04  5.540992e-02  0.000000e+00  1.961291e-02  5.354251e-05  1.946151e-05  0.000000e+00
5.966493e+02  3.533861e-03  4.424892e-03  9.932417e-04  8.463456e-04  1.295455e-03  1.402210e-04  1.138347e-03  1.082836e-04  6.526299e-05  8.415221e-05  3.622875e-02  0.000000e+00  1.322121e-02  0.000000e+00  4.725935e-05  0.000000e+00
6.694516e+02  2.807484e-03  4.283868e-03  1.301310e-03  8.101285e-04  1.387484e-03  1.859225e-04  9.790483e-04  6.574144e-05  1.860787e-05  7.864023e-05  2.451965e-02  0.000000e+00  8.398430e-03  0.000000e+00  0.000000e+00  0.000000e+00
7.511370e+02  2.270091e-03  3.047435e-03  8.956991e-04  5.776791e-04  1.052519e-03  1.363369e-04  6.788732e-04  1.197742e-04  1.181737e-04  6.493143e-05  1.593843e-02  0.000000e+00  6.327284e-03  0.000000e+00  0.000000e+00  0.000000e+00
8.427896e+02  1.911236e-03  3.013433e-03  8.463473e-04  3.614548e-04  1.120621e-03  1.479564e-05  7.181040e-04  1.116121e-05  8.793580e-05  2.395084e-04  9.422527e-03  0.000000e+00  3.284553e-03  0.000000e+00  3.075464e-05  0.000000e+00
9.456255e+02  1.547029e-03  2.277760e-03  9.639308e-04  3.785478e-04  1.018781e-03  9.528649e-05  7.009354e-04  9.175032e-05  0.000000e+00  2.031959e-04  7.645310e-03  3.159705e-05  2.289034e-03  0.000000e+00  0.000000e+00  0.000000e+00
1.061009e+03  1.472655e-03  1.670040e-03  1.003135e-03  7.124859e-04  9.289157e-04  6.503811e-05  6.676427e-04  6.719722e-05  1.539511e-04  9.329403e-05  5.517602e-03  0.000000e+00  1.237990e-03  7.534956e-05  4.413865e-05  0.000000e+00
1.190472e+03  1.132010e-03  1.346038e-03  8.580438e-04  6.845475e-04  4.683362e-04  5.653192e-05  4.511309e-04  2.279934e-04  5.143293e-05  3.171723e-04  3.530367e-03  0.000000e+00  6.440432e-04  0.000000e+00  0.000000e+00  0.000000e+00
1.335731e+03  1.070667e-03  1.472331e-03  8.088122e-04  5.316682e-04  3.798442e-04  1.482243e-04  3.811418e-04  1.083691e-04  1.979357e-04  1.191977e-04  2.013490e-03  0.000000e+00  4.290347e-04  1.940486e-05  0.000000e+00  0.000000e+00
1.498715e+03  5.508342e-04  1.217572e-03  7.217254e-04  6.241341e-04  6.523490e-04  3.229695e-04  5.388485e-04  1.860766e-04  2.028329e-04  1.632362e-04  8.761632e-04  2.226121e-05  3.260952e-04  0.000000e+00  0.000000e+00  4.716768e-05
1.681586e+03  4.525755e-04  1.036027e-03  6.178048e-04  4.519276e-04  4.482355e-04  1.267481e-04  3.199716e-04  1.874470e-04  1.175933e-04  9.787222e-05  9.666273e-04  0.000000e+00  1.874376e-04  3.765987e-05  0.000000e+00  1.666054e-05
1.886771e+03  5.495168e-04  8.968677e-04  6.480858e-04  4.422250e-04  4.945718e-04  1.664493e-04  2.707253e-04  1.506499e-04  7.821230e-05  1.689146e-04  4.567972e-04  2.842412e-05  3.172675e-06  7.925027e-05  1.488546e-05  0.000000e+00
2.116992e+03  2.869819e-04  7.092782e-04  3.795677e-04  3.630619e-04  3.251897e-04  8.870412e-05  2.713404e-04  1.571421e-04  9.053060e-05  1.128424e-04  3.002358e-04  2.566279e-05  1.181411e-04  1.336261e-05  0.000000e+00  1.336261e-05
2.375304e+03  2.807416e-04  4.342394e-04  4.622106e-04  5.617770e-04  2.948348e-04  2.050951e-04  2.235954e-04  1.072607e-04  2.916210e-05  1.123341e-04  3.188542e-04  1.194800e-05  0.000000e+00  2.205487e-05  0.000000e+00  3.408331e-05
2.665135e+03  1.619911e-04  4.081992e-04  3.356724e-04  5.690844e-04  2.111122e-04  8.693081e-05  1.875627e-04  1.515650e-04  6.518461e-05  7.980431e-05  2.196296e-04  4.223527e-05  5.506296e-05  1.883933e-05  0.000000e+00  2.391004e-05
2.990330e+03  1.333053e-04  3.116030e-04  2.989429e-04  3.575278e-04  1.583314e-04  1.599386e-04  1.333086e-04  1.595570e-04  1.465363e-04  1.267076e-04  1.460489e-04  5.231147e-05  0.000000e+00  2.622005e-05  0.000000e+00  3.382472e-05
3.355206e+03  7.950480e-05  3.254365e-04  3.115605e-04  4.741326e-04  9.063620e-05  1.756136e-04  5.195240e-05  1.584257e-04  8.334349e-05  1.016768e-04  8.024463e-05  2.889752e-05  5.470414e-06  2.109624e-05  0.000000e+00  1.691715e-05
3.764603e+03  5.722734e-05  1.877836e-04  3.028902e-04  3.106990e-04  6.610214e-05  1.934939e-04  3.548336e-05  8.088391e-05  1.200501e-04  1.133738e-04  1.194138e-04  3.374227e-05  7.563080e-06  2.121566e-05  0.000000e+00  5.976481e-05
4.223954e+03  3.899734e-05  6.469755e-05  1.396734e-04  2.495200e-04  5.675608e-05  7.920027e-05  6.030412e-05  1.389183e-04  8.514851e-05  1.246713e-04  5.700418e-05  6.263701e-05  0.000000e+00  3.134342e-05  0.000000e+00  5.433538e-05
4.739354e+03  1.122713e-05  1.223299e-04  1.527250e-04  2.836977e-04  4.322556e-05  1.406123e-04  2.169325e-05  8.756721e-05  6.264111e-05  5.999364e-05  4.580306e-05  2.177153e-05  5.926010e-06  1.433951e-05  0.000000e+00  4.472896e-05
5.317643e+03  1.153116e-05  1.067783e-04  1.408110e-04  1.633083e-04  3.472186e-05  1.365805e-04  2.165149e-05  1.018048e-04  4.938028e-05  9.933691e-05  6.972194e-05  3.391529e-05  0.000000e+00  3.236813e-05  0.000000e+00  2.723057e-05
5.966493e+03  2.631985e-05  5.636495e-05  1.002718e-04  1.650589e-04  2.308562e-05  7.639964e-05  4.156456e-05  7.160088e-05  5.339992e-05  6.289476e-05  7.122052e-06  2.801185e-05  0.000000e+00  1.350403e-05  0.000000e+00  1.691790e-05
6.694516e+03  4.239309e-06  5.891997e-05  6.940218e-05  1.016028e-04  2.325849e-05  1.537462e-04  2.396276e-05  8.733210e-05  5.548362e-05  4.810659e-05  4.470537e-05  1.142126e-05  0.000000e+00  1.637245e-05  0.000000e+00  4.184939e-06
7.511370e+03  1.067644e-05  4.926601e-05  5.661921e-05  6.668656e-05  9.107974e-06  1.104260e-04  1.880539e-05  8.522488e-05  4.677052e-06  4.310944e-05  2.437308e-05  1.708124e-05  0.000000e+00  1.198616e-05  0.000000e+00  3.473135e-05
8.427896e+03  6.227678e-06  4.194297e-05  2.362434e-05  6.941912e-05  1.126970e-05  1.066592e-04  1.402884e-05  7.293911e-05  1.394135e-05  2.422006e-05  7.204709e-06  3.282249e-05  0.000000e+00  6.890953e-06  0.000000e+00  3.779928e-05
9.456255e+03  0.000000e+00  1.419292e-05  2.446404e-05  7.942665e-05  7.910056e-06  6.751581e-05  2.991516e-06  4.284494e-05  2.489564e-05  1.230472e-05  3.684081e-05  4.892697e-05  0.000000e+00  1.523601e-05  0.000000e+00  7.485227e-06
1.061009e+04  0.000000e+00  2.786513e-05  1.115445e-05  4.637240e-05  7.603663e-06  5.105708e-05  2.532538e-05  2.142748e-05  9.328804e-06  2.907737e-05  2.287090e-05  6.172551e-06  0.000000e+00  2.674823e-06  0.000000e+00  2.454859e-05
1.190472e+04  0.000000e+00  7.119371e-06  2.353364e-06  3.072781e-05  0.000000e+00  3.269848e-05  2.391656e-06  1.451201e-05  4.767877e-06  2.211918e-05  1.661612e-05  4.231608e-06  0.000000e+00  8.411388e-06  0.000000e+00  2.416328e-05
1.335731e+04  0.000000e+00  1.373127e-05  8.014705e-06  2.922389e-05  0.000000e+00  2.146593e-05  2.110998e-06  9.743340e-06  5.312869e-06  9.874229e-06  1.490444e-05  1.256710e-05  0.000000e+00  0.000000e+00  0.000000e+00  1.836000e-05
1.498715e+04  0.000000e+00  4.243839e-06  2.226121e-06  1.276511e-05  0.000000e+00  1.787569e-05  0.000000e+00  7.416524e-06  3.124777e-06  5.376050e-06  3.775038e-06  3.429781e-06  0.000000e+00  3.781149e-06  0.000000e+00  1.478568e-05
1.681586e+04  0.000000e+00  5.744897e-06  1.687699e-06  8.144588e-06  0.000000e+00  2.315771e-05  1.693163e-06  6.611244e-06  0.000000e+00  1.984032e-06  1.776833e-06  3.342879e-06  0.000000e+00  1.563538e-05  0.000000e+00  1.387562e-05
1.886771e+04  0.000000e+00  5.755888e-06  0.000000e+00  5.025247e-06  0.000000e+00  1.284213e-05  0.000000e+00  6.483269e-06  0.000000e+00  0.000000e+00  7.052149e-06  5.294176e-06  0.000000e+00  7.149342e-06  0.000000e+00  1.998883e-05
2.116992e+04  0.000000e+00  1.344927e-06  0.000000e+00  6.591171e-06  0.000000e+00  2.676876e-06  0.000000e+00  2.479283e-06  0.000000e+00  0.000000e+00  0.000000e+00  1.801880e-06  0.000000e+00  7.307523e-06  0.000000e+00  2.479283e-06
2.375304e+04  0.000000e+00  0.000000e+00  0.000000e+00  1.198667e-06  0.000000e+00  5.185743e-06  1.179476e-06  1.788979e-06  0.000000e+00  1.971601e-06  2.113808e-06  2.389599e-06  0.000000e+00  0.000000e+00  0.000000e+00  7.580276e-06
2.665135e+04  0.000000e+00  1.051209e-06  0.000000e+00  2.383039e-06  0.000000e+00  0.000000e+00  0.000000e+00  0.000000e+00  0.000000e+00  1.053810e-06  0.000000e+00  0.000000e+00  0.000000e+00  0.000000e+00  0.000000e+00  1.051209e-06
2.990330e+04  0.000000e+00  0.000000e+00  0.000000e+00  1.674317e-06  0.000000e+00  0.000000e+00  0.000000e+00  0.000000e+00  0.000000e+00  0.000000e+00  0.000000e+00  3.095353e-06  0.000000e+00  3.100094e-06  0.000000e+00  3.680578e-06
3.355206e+04  0.000000e+00  0.000000e+00  0.000000e+00  0.000000e+00  0.000000e+00  0.000000e+00  0.000000e+00  0.000000e+00  0.000000e+00  0.000000e+00  0.000000e+00  8.431239e-07  0.000000e+00  3.084441e-07  0.000000e+00  1.674142e-06
3.764603e+04  0.000000e+00  0.000000e+00  0.000000e+00  8.862345e-07  0.000000e+00  0.000000e+00  0.000000e+00  0.000000e+00  0.000000e+00  0.000000e+00  0.000000e+00  1.329957e-06  0.000000e+00  8.862345e-07  0.000000e+00  7.563080e-07
4.223954e+04  0.000000e+00  0.000000e+00  0.000000e+00  7.073698e-07  0.000000e+00  0.000000e+00  0.000000e+00  1.959001e-06  0.000000e+00  0.000000e+00  0.000000e+00  2.647068e-06  0.000000e+00  0.000000e+00  0.000000e+00  0.000000e+00
4.739354e+04  0.000000e+00  0.000000e+00  0.000000e+00  0.000000e+00  0.000000e+00  0.000000e+00  0.000000e+00  6.007568e-07  0.000000e+00  0.000000e+00  0.000000e+00  1.231201e-06  0.000000e+00  1.056423e-06  0.000000e+00  0.000000e+00
5.317643e+04  0.000000e+00  0.000000e+00  0.000000e+00  0.000000e+00  0.000000e+00  0.000000e+00  0.000000e+00  0.000000e+00  0.000000e+00  0.000000e+00  0.000000e+00  0.000000e+00  0.000000e+00  0.000000e+00  0.000000e+00  0.000000e+00
5.966493e+04  0.000000e+00  0.000000e+00  0.000000e+00  0.000000e+00  0.000000e+00  0.000000e+00  0.000000e+00  0.000000e+00  0.000000e+00  0.000000e+00  0.000000e+00  0.000000e+00  0.000000e+00  0.000000e+00  0.000000e+00  0.000000e+00
6.694516e+04  0.000000e+00  0.000000e+00  0.000000e+00  0.000000e+00  0.000000e+00  0.000000e+00  0.000000e+00  0.000000e+00  0.000000e+00  0.000000e+00  0.000000e+00  0.000000e+00  0.000000e+00  0.000000e+00  0.000000e+00  1.060057e-06
7.511370e+04  0.000000e+00  0.000000e+00  0.000000e+00  0.000000e+00  0.000000e+00  0.000000e+00  0.000000e+00  0.000000e+00  0.000000e+00  0.000000e+00  0.000000e+00  0.000000e+00  0.000000e+00  0.000000e+00  0.000000e+00  4.677052e-07
8.427896e+04  0.000000e+00  0.000000e+00  0.000000e+00  0.000000e+00  0.000000e+00  0.000000e+00  0.000000e+00  0.000000e+00  0.000000e+00  0.000000e+00  0.000000e+00  0.000000e+00  0.000000e+00  0.000000e+00  0.000000e+00  0.000000e+00
9.456255e+04  0.000000e+00  0.000000e+00  0.000000e+00  0.000000e+00  0.000000e+00  0.000000e+00  0.000000e+00  0.000000e+00  0.000000e+00  0.000000e+00  0.000000e+00  0.000000e+00  0.000000e+00  0.000000e+00  0.000000e+00  0.000000e+00
1.061009e+05  0.000000e+00  0.000000e+00  0.000000e+00  0.000000e+00  0.000000e+00  0.000000e+00  0.000000e+00  0.000000e+00  0.000000e+00  0.000000e+00  0.000000e+00  0.000000e+00  0.000000e+00  0.000000e+00  0.000000e+00  0.000000e+00
1.190472e+05  0.000000e+00  0.000000e+00  0.000000e+00  0.000000e+00  0.000000e+00  0.000000e+00  0.000000e+00  0.000000e+00  0.000000e+00  0.000000e+00  0.000000e+00  0.000000e+00  0.000000e+00  0.000000e+00  0.000000e+00  0.000000e+00
1.335731e+05  0.000000e+00  0.000000e+00  0.000000e+00  0.000000e+00  0.000000e+00  0.000000e+00  0.000000e+00  0.000000e+00  0.000000e+00  0.000000e+00  0.000000e+00  0.000000e+00  0.000000e+00  0.000000e+00  0.000000e+00  0.000000e+00
1.498715e+05  0.000000e+00  0.000000e+00  0.000000e+00  0.000000e+00  0.000000e+00  0.000000e+00  0.000000e+00  0.000000e+00  0.000000e+00  0.000000e+00  0.000000e+00  0.000000e+00  0.000000e+00  0.000000e+00  0.000000e+00  0.000000e+00
1.681586e+05  0.000000e+00  0.000000e+00  0.000000e+00  0.000000e+00  0.000000e+00  0.000000e+00  0.000000e+00  0.000000e+00  0.000000e+00  0.000000e+00  0.000000e+00  0.000000e+00  0.000000e+00  0.000000e+00  0.000000e+00  0.000000e+00
1.886771e+05  0.000000e+00  0.000000e+00  0.000000e+00  0.000000e+00  0.000000e+00  0.000000e+00  0.000000e+00  0.000000e+00  0.000000e+00  0.000000e+00  0.000000e+00  0.000000e+00  0.000000e+00  0.000000e+00  0.000000e+00  0.000000e+00
2.116992e+05  0.000000e+00  0.000000e+00  0.000000e+00  0.000000e+00  0.000000e+00  0.000000e+00  0.000000e+00  0.000000e+00  0.000000e+00  0.000000e+00  0.000000e+00  0.000000e+00  0.000000e+00  0.000000e+00  0.000000e+00  0.000000e+00
2.375304e+05  0.000000e+00  0.000000e+00  0.000000e+00  0.000000e+00  0.000000e+00  0.000000e+00  0.000000e+00  0.000000e+00  0.000000e+00  0.000000e+00  0.000000e+00  0.000000e+00  0.000000e+00  0.000000e+00  0.000000e+00  0.000000e+00
2.665135e+05  0.000000e+00  0.000000e+00  0.000000e+00  0.000000e+00  0.000000e+00  0.000000e+00  0.000000e+00  0.000000e+00  0.000000e+00  0.000000e+00  0.000000e+00  0.000000e+00  0.000000e+00  0.000000e+00  0.000000e+00  0.000000e+00
2.990330e+05  0.000000e+00  0.000000e+00  0.000000e+00  0.000000e+00  0.000000e+00  0.000000e+00  0.000000e+00  0.000000e+00  0.000000e+00  0.000000e+00  0.000000e+00  0.000000e+00  0.000000e+00  0.000000e+00  0.000000e+00  0.000000e+00
3.355206e+05  0.000000e+00  0.000000e+00  0.000000e+00  0.000000e+00  0.000000e+00  0.000000e+00  0.000000e+00  0.000000e+00  0.000000e+00  0.000000e+00  0.000000e+00  0.000000e+00  0.000000e+00  0.000000e+00  0.000000e+00  0.000000e+00
3.764603e+05  0.000000e+00  0.000000e+00  0.000000e+00  0.000000e+00  0.000000e+00  0.000000e+00  0.000000e+00  0.000000e+00  0.000000e+00  0.000000e+00  0.000000e+00  0.000000e+00  0.000000e+00  0.000000e+00  0.000000e+00  0.000000e+00
4.223954e+05  0.000000e+00  0.000000e+00  0.000000e+00  0.000000e+00  0.000000e+00  0.000000e+00  0.000000e+00  0.000000e+00  0.000000e+00  0.000000e+00  0.000000e+00  0.000000e+00  0.000000e+00  0.000000e+00  0.000000e+00  0.000000e+00
4.739354e+05  0.000000e+00  0.000000e+00  0.000000e+00  0.000000e+00  0.000000e+00  0.000000e+00  0.000000e+00  0.000000e+00  0.000000e+00  0.000000e+00  0.000000e+00  0.000000e+00  0.000000e+00  0.000000e+00  0.000000e+00  0.000000e+00
5.317643e+05  0.000000e+00  0.000000e+00  0.000000e+00  0.000000e+00  0.000000e+00  0.000000e+00  0.000000e+00  0.000000e+00  0.000000e+00  0.000000e+00  0.000000e+00  0.000000e+00  0.000000e+00  0.000000e+00  0.000000e+00  0.000000e+00
5.966493e+05  0.000000e+00  0.000000e+00  0.000000e+00  0.000000e+00  0.000000e+00  0.000000e+00  0.000000e+00  0.000000e+00  0.000000e+00  0.000000e+00  0.000000e+00  0.000000e+00  0.000000e+00  0.000000e+00  0.000000e+00  0.000000e+00
6.694516e+05  0.000000e+00  0.000000e+00  0.000000e+00  0.000000e+00  0.000000e+00  0.000000e+00  0.000000e+00  0.000000e+00  0.000000e+00  0.000000e+00  0.000000e+00  0.000000e+00  0.000000e+00  0.000000e+00  0.000000e+00  0.000000e+00
7.511370e+05  0.000000e+00  0.000000e+00  0.000000e+00  0.000000e+00  0.000000e+00  0.000000e+00  0.000000e+00  0.000000e+00  0.000000e+00  0.000000e+00  0.000000e+00  0.000000e+00  0.000000e+00  0.000000e+00  0.000000e+00  0.000000e+00
8.427896e+05  0.000000e+00  0.000000e+00  0.000000e+00  0.000000e+00  0.000000e+00  0.000000e+00  0.000000e+00  0.000000e+00  0.000000e+00  0.000000e+00  0.000000e+00  0.000000e+00  0.000000e+00  0.000000e+00  0.000000e+00  0.000000e+00
9.456255e+05  0.000000e+00  0.000000e+00  0.000000e+00  0.000000e+00  0.000000e+00  0.000000e+00  0.000000e+00  0.000000e+00  0.000000e+00  0.000000e+00  0.000000e+00  0.000000e+00  0.000000e+00  0.000000e+00  0.000000e+00  0.000000e+00
