# dR/dEr [1/keV/kg/Myr]
# Er [keV], S, F, Ne, Cl, Na, Si, O, P, N, C, Al, Mg, Be, B, Ar, Li
1.061009e+01  1.484696e-01  1.412823e-01  0.000000e+00  0.000000e+00  9.906046e-02  0.000000e+00  8.452925e-03  0.000000e+00  0.000000e+00  0.000000e+00  0.000000e+00  0.000000e+00  1.182506e-02  0.000000e+00  0.000000e+00  0.000000e+00
1.190472e+01  3.712786e-02  3.909670e-02  0.000000e+00  0.000000e+00  1.194553e-02  0.000000e+00  0.000000e+00  0.000000e+00  0.000000e+00  0.000000e+00  0.000000e+00  0.000000e+00  0.000000e+00  0.000000e+00  0.000000e+00  0.000000e+00
1.335731e+01  5.680579e-02  1.748529e-02  0.000000e+00  0.000000e+00  0.000000e+00  0.000000e+00  0.000000e+00  0.000000e+00  0.000000e+00  0.000000e+00  0.000000e+00  0.000000e+00  0.000000e+00  0.000000e+00  0.000000e+00  0.000000e+00
1.498715e+01  1.367993e-02  3.981499e-02  0.000000e+00  0.000000e+00  1.348721e-02  0.000000e+00  2.170007e-03  0.000000e+00  0.000000e+00  0.000000e+00  0.000000e+00  0.000000e+00  0.000000e+00  0.000000e+00  0.000000e+00  0.000000e+00
1.681586e+01  3.384719e-02  2.601304e-02  4.835047e-03  0.000000e+00  9.749217e-03  1.934021e-03  0.000000e+00  0.000000e+00  0.000000e+00  0.000000e+00  0.000000e+00  0.000000e+00  0.000000e+00  0.000000e+00  0.000000e+00  0.000000e+00
1.886771e+01  2.303523e-02  2.454962e-02  0.000000e+00  0.000000e+00  4.309241e-03  0.000000e+00  0.000000e+00  0.000000e+00  0.000000e+00  0.000000e+00  0.000000e+00  0.000000e+00  0.000000e+00  0.000000e+00  0.000000e+00  0.000000e+00
2.116992e+01  2.670515e-02  3.788006e-02  0.000000e+00  0.000000e+00  4.714048e-03  0.000000e+00  2.032372e-03  0.000000e+00  0.000000e+00  0.000000e+00  1.790182e-02  0.000000e+00  0.000000e+00  0.000000e+00  0.000000e+00  0.000000e+00
2.375304e+01  4.864033e-02  8.576748e-03  1.051897e-02  0.000000e+00  2.296548e-02  0.000000e+00  3.422951e-03  0.000000e+00  0.000000e+00  0.000000e+00  0.000000e+00  0.000000e+00  0.000000e+00  0.000000e+00  0.000000e+00  0.000000e+00
2.665135e+01  5.203097e-02  4.386734e-02  1.614370e-03  4.533707e-03  2.534948e-03  0.000000e+00  0.000000e+00  1.428294e-02  0.000000e+00  0.000000e+00  0.000000e+00  0.000000e+00  0.000000e+00  0.000000e+00  0.000000e+00  0.000000e+00
2.990330e+01  5.195757e-02  2.135675e-02  1.908045e-03  0.000000e+00  2.584356e-02  0.000000e+00  2.526389e-03  0.000000e+00  0.000000e+00  0.000000e+00  9.256361e-03  0.000000e+00  1.437870e-02  0.000000e+00  0.000000e+00  0.000000e+00
3.355206e+01  6.544991e-02  2.338262e-02  2.224853e-03  0.000000e+00  4.256703e-03  0.000000e+00  1.197971e-02  0.000000e+00  0.000000e+00  0.000000e+00  1.413729e-02  0.000000e+00  2.969879e-02  0.000000e+00  0.000000e+00  0.000000e+00
3.764603e+01  9.138982e-02  4.476212e-02  8.322524e-04  1.142887e-03  2.453425e-02  0.000000e+00  4.351548e-03  0.000000e+00  0.000000e+00  0.000000e+00  0.000000e+00  0.000000e+00  1.178462e-03  0.000000e+00  0.000000e+00  0.000000e+00
4.223954e+01  7.922435e-02  3.825644e-02  9.674924e-03  0.000000e+00  1.642531e-02  0.000000e+00  2.590201e-03  0.000000e+00  0.000000e+00  0.000000e+00  1.191839e-02  0.000000e+00  3.267003e-02  0.000000e+00  0.000000e+00  0.000000e+00
4.739354e+01  9.131780e-02  3.482629e-02  9.078270e-04  2.482902e-03  6.027611e-03  0.000000e+00  3.256510e-03  0.000000e+00  0.000000e+00  0.000000e+00  0.000000e+00  0.000000e+00  2.359907e-02  0.000000e+00  0.000000e+00  0.000000e+00
5.317643e+01  9.014378e-02  1.735996e-02  2.229794e-03  0.000000e+00  2.599324e-02  0.000000e+00  4.309380e-03  0.000000e+00  0.000000e+00  0.000000e+00  7.126844e-03  0.000000e+00  0.000000e+00  0.000000e+00  0.000000e+00  0.000000e+00
5.966493e+01  1.021279e-01  4.818559e-02  2.495021e-03  1.266194e-03  1.983042e-02  0.000000e+00  1.605026e-02  0.000000e+00  0.000000e+00  0.000000e+00  7.131822e-03  0.000000e+00  4.925766e-03  0.000000e+00  0.000000e+00  0.000000e+00
6.694516e+01  1.222362e-01  4.213512e-02  4.224353e-03  0.000000e+00  1.512377e-02  0.000000e+00  3.019410e-03  0.000000e+00  5.072941e-03  0.000000e+00  4.889009e-03  0.000000e+00  8.653207e-02  0.000000e+00  0.000000e+00  0.000000e+00
7.511370e+01  1.298603e-01  5.053646e-02  8.936165e-03  1.426779e-03  1.206611e-02  0.000000e+00  3.316210e-03  0.000000e+00  0.000000e+00  0.000000e+00  5.440610e-03  0.000000e+00  2.695875e+01  0.000000e+00  0.000000e+00  0.000000e+00
8.427896e+01  1.562196e-01  4.920335e-02  2.406708e-03  7.227242e-03  1.406128e-02  0.000000e+00  1.120424e-02  0.000000e+00  0.000000e+00  0.000000e+00  0.000000e+00  0.000000e+00  3.219401e+01  0.000000e+00  0.000000e+00  0.000000e+00
9.456255e+01  1.513177e-01  4.013520e-02  6.206342e-03  1.655696e-03  2.484370e-02  0.000000e+00  2.118369e-03  0.000000e+00  3.756614e-03  0.000000e+00  1.652471e-04  0.000000e+00  2.478183e+01  0.000000e+00  0.000000e+00  0.000000e+00
1.061009e+02  1.666703e-01  5.889630e-02  7.405230e-03  6.850368e-04  1.846957e-02  0.000000e+00  3.477463e-03  0.000000e+00  0.000000e+00  4.010518e-03  5.041458e-03  0.000000e+00  1.838141e+01  0.000000e+00  0.000000e+00  0.000000e+00
1.190472e+02  1.770407e-01  7.424571e-02  6.166411e-03  2.214370e-03  3.111440e-02  0.000000e+00  3.162909e-03  0.000000e+00  2.731877e-04  2.749292e-03  1.583311e+01  0.000000e+00  1.374708e+01  0.000000e+00  3.369308e-03  0.000000e+00
1.335731e+02  2.053175e-01  7.255816e-02  8.557839e-03  2.345606e-04  2.139117e-02  0.000000e+00  2.914190e-03  0.000000e+00  0.000000e+00  0.000000e+00  1.348449e+01  0.000000e+00  1.027483e+01  0.000000e+00  0.000000e+00  0.000000e+00
1.498715e+02  4.759669e-01  8.500641e-02  3.168244e-03  1.188397e-03  1.017229e-02  0.000000e+00  1.351346e-02  0.000000e+00  1.527061e-03  2.958481e-03  1.011813e+01  0.000000e+00  7.717003e+00  0.000000e+00  0.000000e+00  0.000000e+00
1.681586e+02  6.705408e-01  9.710328e-02  5.798417e-03  9.749217e-04  1.518427e-02  9.292525e-05  1.046266e-02  0.000000e+00  2.786644e-03  0.000000e+00  7.884897e+00  0.000000e+00  5.584983e+00  0.000000e+00  0.000000e+00  0.000000e+00
1.886771e+02  4.111857e-01  9.430168e-02  5.105145e-03  9.293305e-04  2.198200e-02  4.004056e-04  1.166603e-02  3.008890e-04  3.008890e-04  0.000000e+00  5.675509e+00  0.000000e+00  3.968254e+00  0.000000e+00  0.000000e+00  0.000000e+00
2.116992e+02  1.914638e-01  1.264976e-01  5.627473e-03  4.150974e-03  1.443793e-02  2.681676e-04  5.965038e-03  0.000000e+00  0.000000e+00  7.381315e-05  4.576923e+00  0.000000e+00  2.813531e+00  0.000000e+00  1.479977e-04  0.000000e+00
2.375304e+02  1.411892e-01  5.274655e-01  7.994794e-03  3.324899e-03  1.811293e-02  1.032905e-04  1.116862e-02  6.821779e-04  0.000000e+00  1.369182e-04  3.405970e+00  0.000000e+00  2.130624e+00  0.000000e+00  5.351638e-04  0.000000e+00
2.665135e+02  1.194245e-01  4.443246e-01  7.499720e-03  3.855896e-03  2.549462e-02  2.800924e-04  7.528010e-03  0.000000e+00  2.130131e-04  1.522871e-03  2.435109e+00  0.000000e+00  1.397265e+00  0.000000e+00  0.000000e+00  0.000000e+00
2.990330e+02  8.522156e-02  7.984714e-02  3.976811e-03  1.720946e-03  1.943550e-02  8.208618e-04  1.135859e-02  7.399364e-05  1.483596e-04  1.187946e-03  1.890417e+00  0.000000e+00  1.021973e+00  0.000000e+00  0.000000e+00  0.000000e+00
3.355206e+02  7.845991e-02  7.799331e-02  4.990533e-03  2.884102e-03  1.821780e-02  1.692023e-04  7.315972e-03  1.462481e-04  1.282340e-04  1.335611e-03  1.399151e+00  8.759389e-04  7.488957e-01  0.000000e+00  0.000000e+00  2.607664e-04
3.764603e+02  5.424313e-02  5.676691e-02  8.571844e-03  3.987293e-03  1.782328e-02  2.461805e-03  6.105405e-03  0.000000e+00  1.982902e-04  0.000000e+00  9.034514e-01  0.000000e+00  5.223954e-01  0.000000e+00  0.000000e+00  0.000000e+00
4.223954e+02  3.513636e-02  5.587425e-02  3.794999e-03  3.302993e-03  1.770664e-02  1.542434e-04  6.711371e-03  1.483335e-03  1.867857e-04  8.490302e-04  6.744570e-01  0.000000e+00  2.719689e-01  0.000000e+00  7.417458e-05  0.000000e+00
4.739354e+02  3.268169e-02  4.783338e-02  5.975876e-03  3.518301e-03  1.536739e-02  9.886259e-04  1.151710e-02  9.282374e-04  8.031887e-04  0.000000e+00  4.574436e-01  0.000000e+00  2.009835e-01  8.031887e-04  0.000000e+00  0.000000e+00
5.317643e+02  2.894824e-02  3.837341e-02  9.015575e-03  2.031062e-03  1.252735e-02  3.772429e-04  5.268746e-03  1.205531e-03  9.496504e-04  1.046667e-03  3.885759e-01  0.000000e+00  1.434265e-01  2.938554e-05  2.390489e-04  0.000000e+00
5.966493e+02  2.688477e-02  3.522095e-02  8.281014e-03  6.332169e-03  1.254615e-02  1.177403e-03  8.458870e-03  1.023146e-03  3.928122e-04  7.206421e-04  2.553230e-01  0.000000e+00  9.972501e-02  0.000000e+00  7.435595e-05  0.000000e+00
6.694516e+02  2.251637e-02  3.278197e-02  9.905524e-03  6.813779e-03  1.304121e-02  7.338235e-04  7.618514e-03  3.603758e-04  2.329577e-04  5.558745e-04  1.741960e-01  0.000000e+00  6.376417e-02  0.000000e+00  0.000000e+00  0.000000e+00
7.511370e+02  1.755340e-02  2.347562e-02  6.653301e-03  5.074014e-03  8.358434e-03  6.250778e-04  5.801854e-03  6.750835e-04  6.170698e-04  4.239308e-04  1.211321e-01  0.000000e+00  4.460785e-02  0.000000e+00  0.000000e+00  0.000000e+00
8.427896e+02  1.379801e-02  2.248101e-02  6.467111e-03  3.455938e-03  1.044190e-02  1.861115e-04  6.033015e-03  1.396239e-04  3.949436e-04  1.512604e-03  6.577100e-02  0.000000e+00  2.547369e-02  0.000000e+00  3.418824e-04  0.000000e+00
9.456255e+02  1.280623e-02  1.638241e-02  8.057514e-03  3.713568e-03  8.902104e-03  8.114289e-04  6.039762e-03  4.702276e-04  0.000000e+00  1.016386e-03  5.746229e-02  1.277772e-04  1.571461e-02  0.000000e+00  0.000000e+00  0.000000e+00
1.061009e+03  1.121800e-02  1.090807e-02  8.222826e-03  5.089092e-03  8.096860e-03  5.644789e-04  5.507970e-03  5.661196e-04  1.279712e-03  4.858438e-04  3.933004e-02  0.000000e+00  7.060206e-03  4.339625e-04  2.769962e-04  0.000000e+00
1.190472e+03  8.254363e-03  9.651079e-03  7.018465e-03  5.239929e-03  4.065645e-03  6.431306e-04  3.895059e-03  1.424652e-03  3.984840e-04  2.023864e-03  2.595952e-02  0.000000e+00  4.959011e-03  0.000000e+00  0.000000e+00  0.000000e+00
1.335731e+03  7.545445e-03  1.057280e-02  6.449022e-03  3.794698e-03  3.688398e-03  8.986741e-04  3.788094e-03  4.228048e-04  8.390253e-04  5.828737e-04  1.152839e-02  0.000000e+00  3.034597e-03  2.157132e-04  0.000000e+00  0.000000e+00
1.498715e+03  4.658170e-03  7.889071e-03  4.968789e-03  5.032333e-03  4.098989e-03  2.004268e-03  4.491920e-03  1.126462e-03  1.175202e-03  9.343890e-04  5.617209e-03  1.093059e-04  3.075094e-03  0.000000e+00  0.000000e+00  1.933851e-04
1.681586e+03  3.197479e-03  7.392110e-03  4.649371e-03  3.474938e-03  4.202117e-03  7.781151e-04  2.526396e-03  1.252752e-03  9.027290e-04  8.482371e-04  6.572939e-03  0.000000e+00  1.432576e-03  2.436037e-04  0.000000e+00  5.202975e-05
1.886771e+03  3.751034e-03  5.878178e-03  4.858280e-03  3.705196e-03  3.852905e-03  1.019233e-03  2.536901e-03  1.060690e-03  4.835014e-04  1.022803e-03  3.220336e-03  2.506906e-04  3.956410e-05  6.091815e-04  3.324860e-05  0.000000e+00
2.116992e+03  2.228434e-03  5.608475e-03  2.701060e-03  2.758824e-03  2.070182e-03  5.744500e-04  2.198394e-03  8.299268e-04  4.515755e-04  7.058671e-04  2.210409e-03  1.906076e-04  7.055392e-04  1.479977e-05  0.000000e+00  1.479977e-05
2.375304e+03  1.957794e-03  3.048237e-03  3.349583e-03  4.476648e-03  2.365939e-03  1.560421e-03  1.976716e-03  5.058207e-04  2.524977e-04  4.210019e-04  2.173780e-03  9.315248e-06  0.000000e+00  1.595502e-04  0.000000e+00  1.857219e-04
2.665135e+03  1.220867e-03  2.823577e-03  2.337345e-03  4.510028e-03  1.327307e-03  5.011631e-04  1.397613e-03  1.134020e-03  3.337045e-04  5.737129e-04  1.536316e-03  2.711035e-04  2.310622e-04  1.613317e-04  0.000000e+00  1.842736e-04
2.990330e+03  8.142109e-04  1.821592e-03  1.780569e-03  2.978636e-03  9.779856e-04  1.114405e-03  1.050783e-03  8.683317e-04  8.812180e-04  9.582354e-04  1.034056e-03  3.001459e-04  0.000000e+00  1.586230e-04  0.000000e+00  2.600133e-04
3.355206e+03  4.273462e-04  2.319355e-03  2.308409e-03  3.807375e-03  6.055399e-04  1.112921e-03  3.636443e-04  7.642318e-04  3.368355e-04  6.100686e-04  4.800861e-04  1.803513e-04  6.369831e-05  8.249741e-05  0.000000e+00  1.399532e-05
3.764603e+03  2.700462e-04  1.124113e-03  1.837049e-03  2.274428e-03  4.190069e-04  1.241197e-03  2.614340e-04  4.151300e-04  6.123104e-04  7.670545e-04  6.310002e-04  1.996517e-04  4.150819e-06  1.151301e-04  0.000000e+00  4.209987e-04
4.223954e+03  1.401966e-04  4.988839e-04  9.539198e-04  1.797534e-03  3.347203e-04  4.392474e-04  4.004804e-04  6.896704e-04  4.613259e-04  7.184286e-04  3.876448e-04  2.322209e-04  0.000000e+00  1.865197e-04  0.000000e+00  2.730336e-04
4.739354e+03  8.622785e-05  7.118315e-04  9.765924e-04  1.938045e-03  2.829463e-04  7.393813e-04  1.266146e-04  4.941051e-04  2.945683e-04  4.165917e-04  3.394955e-04  1.248741e-04  1.323651e-05  4.917273e-05  0.000000e+00  1.836441e-04
5.317643e+03  7.182585e-05  7.082804e-04  9.637169e-04  1.093548e-03  1.649212e-04  7.230638e-04  8.239569e-05  7.227439e-04  3.842859e-04  5.793521e-04  4.029874e-04  1.565102e-04  0.000000e+00  2.238643e-04  0.000000e+00  1.880238e-04
5.966493e+03  1.364005e-04  4.195837e-04  5.899073e-04  9.168805e-04  1.390332e-04  4.822600e-04  1.891978e-04  5.713934e-04  3.075431e-04  3.237978e-04  4.114054e-05  1.012596e-04  0.000000e+00  8.183235e-05  0.000000e+00  9.089447e-05
6.694516e+03  3.305175e-06  3.469527e-04  4.709254e-04  7.166710e-04  1.118186e-04  9.920442e-04  1.347597e-04  4.681152e-04  2.908960e-04  3.137517e-04  2.982999e-04  1.185742e-04  0.000000e+00  7.741910e-05  0.000000e+00  1.306928e-05
7.511370e+03  6.093615e-05  3.048177e-04  2.984991e-04  3.725504e-04  7.103894e-05  6.523471e-04  1.187648e-04  4.805830e-04  4.862977e-05  2.151504e-04  7.284305e-05  1.136263e-04  0.000000e+00  2.979604e-05  0.000000e+00  2.427362e-04
8.427896e+03  5.048943e-05  3.062371e-04  1.514716e-04  3.978858e-04  7.961471e-05  7.346636e-04  7.689101e-05  5.955786e-04  1.081676e-04  1.436637e-04  7.766955e-05  1.710140e-04  0.000000e+00  1.960084e-05  0.000000e+00  1.535788e-04
9.456255e+03  0.000000e+00  7.536177e-05  1.174495e-04  4.839568e-04  5.133436e-05  4.400040e-04  3.313257e-06  2.884004e-04  1.260673e-04  9.109664e-05  1.883877e-04  2.623932e-04  0.000000e+00  8.699163e-05  0.000000e+00  2.927118e-05
1.061009e+04  0.000000e+00  1.171034e-04  6.049718e-05  2.947559e-04  3.867178e-05  3.802798e-04  1.411218e-04  1.278740e-04  3.026931e-05  1.383611e-04  1.558453e-04  6.527480e-05  0.000000e+00  2.085424e-06  0.000000e+00  9.255719e-05
1.190472e+04  0.000000e+00  9.759998e-06  7.349397e-06  1.775129e-04  0.000000e+00  1.838235e-04  1.312604e-06  6.888704e-05  3.717273e-06  1.388148e-04  1.019156e-04  2.230070e-05  0.000000e+00  5.705448e-05  0.000000e+00  1.064066e-04
1.335731e+04  0.000000e+00  8.682395e-05  6.593177e-05  1.690240e-04  0.000000e+00  1.110547e-04  3.321358e-06  6.933471e-05  1.954667e-05  9.241600e-05  9.214959e-05  4.765330e-05  0.000000e+00  0.000000e+00  0.000000e+00  8.185048e-05
1.498715e+04  0.000000e+00  2.541526e-05  1.093059e-05  5.825776e-05  0.000000e+00  8.463513e-05  0.000000e+00  4.876070e-05  1.960983e-05  3.257805e-05  4.181047e-06  2.566645e-05  0.000000e+00  3.566891e-06  0.000000e+00  8.501954e-05
1.681586e+04  0.000000e+00  2.666924e-05  1.315814e-06  3.076904e-05  0.000000e+00  1.251729e-04  9.292525e-07  3.521831e-05  0.000000e+00  9.741902e-06  7.185441e-06  7.841223e-06  0.000000e+00  7.988847e-05  0.000000e+00  6.395619e-05
1.886771e+04  0.000000e+00  2.707467e-05  0.000000e+00  2.335473e-05  0.000000e+00  7.722758e-05  0.000000e+00  4.302327e-05  0.000000e+00  0.000000e+00  4.843046e-05  3.003039e-05  0.000000e+00  4.183603e-05  0.000000e+00  1.017044e-04
2.116992e+04  0.000000e+00  7.381315e-07  0.000000e+00  4.578813e-05  0.000000e+00  2.833767e-06  0.000000e+00  2.010021e-05  0.000000e+00  0.000000e+00  0.000000e+00  1.798115e-05  0.000000e+00  4.724305e-05  0.000000e+00  2.010021e-05
2.375304e+04  0.000000e+00  0.000000e+00  0.000000e+00  6.578604e-07  0.000000e+00  3.011610e-05  3.683424e-06  1.033404e-05  0.000000e+00  1.237297e-05  1.810171e-05  1.863050e-06  0.000000e+00  0.000000e+00  0.000000e+00  4.522430e-05
2.665135e+04  0.000000e+00  3.282855e-06  0.000000e+00  1.453595e-05  0.000000e+00  0.000000e+00  0.000000e+00  0.000000e+00  0.000000e+00  2.353821e-06  0.000000e+00  0.000000e+00  0.000000e+00  0.000000e+00  0.000000e+00  3.282855e-06
2.990330e+04  0.000000e+00  0.000000e+00  0.000000e+00  1.135690e-05  0.000000e+00  0.000000e+00  0.000000e+00  0.000000e+00  0.000000e+00  0.000000e+00  0.000000e+00  1.956552e-05  0.000000e+00  2.258732e-05  0.000000e+00  1.492869e-05
3.355206e+04  0.000000e+00  0.000000e+00  0.000000e+00  0.000000e+00  0.000000e+00  0.000000e+00  0.000000e+00  0.000000e+00  0.000000e+00  0.000000e+00  0.000000e+00  9.338026e-07  0.000000e+00  3.788669e-06  0.000000e+00  3.739413e-06
3.764603e+04  0.000000e+00  0.000000e+00  0.000000e+00  4.351548e-06  0.000000e+00  0.000000e+00  0.000000e+00  0.000000e+00  0.000000e+00  0.000000e+00  0.000000e+00  9.021106e-06  0.000000e+00  4.351548e-06  0.000000e+00  4.150819e-07
4.223954e+04  0.000000e+00  0.000000e+00  0.000000e+00  2.860576e-06  0.000000e+00  0.000000e+00  0.000000e+00  1.672072e-05  0.000000e+00  0.000000e+00  0.000000e+00  1.244222e-05  0.000000e+00  0.000000e+00  0.000000e+00  0.000000e+00
4.739354e+04  0.000000e+00  0.000000e+00  0.000000e+00  0.000000e+00  0.000000e+00  0.000000e+00  0.000000e+00  3.297112e-07  0.000000e+00  0.000000e+00  0.000000e+00  2.879202e-06  0.000000e+00  7.165719e-06  0.000000e+00  0.000000e+00
5.317643e+04  0.000000e+00  0.000000e+00  0.000000e+00  0.000000e+00  0.000000e+00  0.000000e+00  0.000000e+00  0.000000e+00  0.000000e+00  0.000000e+00  0.000000e+00  0.000000e+00  0.000000e+00  0.000000e+00  0.000000e+00  0.000000e+00
5.966493e+04  0.000000e+00  0.000000e+00  0.000000e+00  0.000000e+00  0.000000e+00  0.000000e+00  0.000000e+00  0.000000e+00  0.000000e+00  0.000000e+00  0.000000e+00  0.000000e+00  0.000000e+00  0.000000e+00  0.000000e+00  0.000000e+00
6.694516e+04  0.000000e+00  0.000000e+00  0.000000e+00  0.000000e+00  0.000000e+00  0.000000e+00  0.000000e+00  0.000000e+00  0.000000e+00  0.000000e+00  0.000000e+00  0.000000e+00  0.000000e+00  0.000000e+00  0.000000e+00  3.900072e-06
7.511370e+04  0.000000e+00  0.000000e+00  0.000000e+00  0.000000e+00  0.000000e+00  0.000000e+00  0.000000e+00  0.000000e+00  0.000000e+00  0.000000e+00  0.000000e+00  0.000000e+00  0.000000e+00  0.000000e+00  0.000000e+00  4.862977e-06
8.427896e+04  0.000000e+00  0.000000e+00  0.000000e+00  0.000000e+00  0.000000e+00  0.000000e+00  0.000000e+00  0.000000e+00  0.000000e+00  0.000000e+00  0.000000e+00  0.000000e+00  0.000000e+00  0.000000e+00  0.000000e+00  0.000000e+00
9.456255e+04  0.000000e+00  0.000000e+00  0.000000e+00  0.000000e+00  0.000000e+00  0.000000e+00  0.000000e+00  0.000000e+00  0.000000e+00  0.000000e+00  0.000000e+00  0.000000e+00  0.000000e+00  0.000000e+00  0.000000e+00  0.000000e+00
1.061009e+05  0.000000e+00  0.000000e+00  0.000000e+00  0.000000e+00  0.000000e+00  0.000000e+00  0.000000e+00  0.000000e+00  0.000000e+00  0.000000e+00  0.000000e+00  0.000000e+00  0.000000e+00  0.000000e+00  0.000000e+00  0.000000e+00
1.190472e+05  0.000000e+00  0.000000e+00  0.000000e+00  0.000000e+00  0.000000e+00  0.000000e+00  0.000000e+00  0.000000e+00  0.000000e+00  0.000000e+00  0.000000e+00  0.000000e+00  0.000000e+00  0.000000e+00  0.000000e+00  0.000000e+00
1.335731e+05  0.000000e+00  0.000000e+00  0.000000e+00  0.000000e+00  0.000000e+00  0.000000e+00  0.000000e+00  0.000000e+00  0.000000e+00  0.000000e+00  0.000000e+00  0.000000e+00  0.000000e+00  0.000000e+00  0.000000e+00  0.000000e+00
1.498715e+05  0.000000e+00  0.000000e+00  0.000000e+00  0.000000e+00  0.000000e+00  0.000000e+00  0.000000e+00  0.000000e+00  0.000000e+00  0.000000e+00  0.000000e+00  0.000000e+00  0.000000e+00  0.000000e+00  0.000000e+00  0.000000e+00
1.681586e+05  0.000000e+00  0.000000e+00  0.000000e+00  0.000000e+00  0.000000e+00  0.000000e+00  0.000000e+00  0.000000e+00  0.000000e+00  0.000000e+00  0.000000e+00  0.000000e+00  0.000000e+00  0.000000e+00  0.000000e+00  0.000000e+00
1.886771e+05  0.000000e+00  0.000000e+00  0.000000e+00  0.000000e+00  0.000000e+00  0.000000e+00  0.000000e+00  0.000000e+00  0.000000e+00  0.000000e+00  0.000000e+00  0.000000e+00  0.000000e+00  0.000000e+00  0.000000e+00  0.000000e+00
2.116992e+05  0.000000e+00  0.000000e+00  0.000000e+00  0.000000e+00  0.000000e+00  0.000000e+00  0.000000e+00  0.000000e+00  0.000000e+00  0.000000e+00  0.000000e+00  0.000000e+00  0.000000e+00  0.000000e+00  0.000000e+00  0.000000e+00
2.375304e+05  0.000000e+00  0.000000e+00  0.000000e+00  0.000000e+00  0.000000e+00  0.000000e+00  0.000000e+00  0.000000e+00  0.000000e+00  0.000000e+00  0.000000e+00  0.000000e+00  0.000000e+00  0.000000e+00  0.000000e+00  0.000000e+00
2.665135e+05  0.000000e+00  0.000000e+00  0.000000e+00  0.000000e+00  0.000000e+00  0.000000e+00  0.000000e+00  0.000000e+00  0.000000e+00  0.000000e+00  0.000000e+00  0.000000e+00  0.000000e+00  0.000000e+00  0.000000e+00  0.000000e+00
2.990330e+05  0.000000e+00  0.000000e+00  0.000000e+00  0.000000e+00  0.000000e+00  0.000000e+00  0.000000e+00  0.000000e+00  0.000000e+00  0.000000e+00  0.000000e+00  0.000000e+00  0.000000e+00  0.000000e+00  0.000000e+00  0.000000e+00
3.355206e+05  0.000000e+00  0.000000e+00  0.000000e+00  0.000000e+00  0.000000e+00  0.000000e+00  0.000000e+00  0.000000e+00  0.000000e+00  0.000000e+00  0.000000e+00  0.000000e+00  0.000000e+00  0.000000e+00  0.000000e+00  0.000000e+00
3.764603e+05  0.000000e+00  0.000000e+00  0.000000e+00  0.000000e+00  0.000000e+00  0.000000e+00  0.000000e+00  0.000000e+00  0.000000e+00  0.000000e+00  0.000000e+00  0.000000e+00  0.000000e+00  0.000000e+00  0.000000e+00  0.000000e+00
4.223954e+05  0.000000e+00  0.000000e+00  0.000000e+00  0.000000e+00  0.000000e+00  0.000000e+00  0.000000e+00  0.000000e+00  0.000000e+00  0.000000e+00  0.000000e+00  0.000000e+00  0.000000e+00  0.000000e+00  0.000000e+00  0.000000e+00
4.739354e+05  0.000000e+00  0.000000e+00  0.000000e+00  0.000000e+00  0.000000e+00  0.000000e+00  0.000000e+00  0.000000e+00  0.000000e+00  0.000000e+00  0.000000e+00  0.000000e+00  0.000000e+00  0.000000e+00  0.000000e+00  0.000000e+00
5.317643e+05  0.000000e+00  0.000000e+00  0.000000e+00  0.000000e+00  0.000000e+00  0.000000e+00  0.000000e+00  0.000000e+00  0.000000e+00  0.000000e+00  0.000000e+00  0.000000e+00  0.000000e+00  0.000000e+00  0.000000e+00  0.000000e+00
5.966493e+05  0.000000e+00  0.000000e+00  0.000000e+00  0.000000e+00  0.000000e+00  0.000000e+00  0.000000e+00  0.000000e+00  0.000000e+00  0.000000e+00  0.000000e+00  0.000000e+00  0.000000e+00  0.000000e+00  0.000000e+00  0.000000e+00
6.694516e+05  0.000000e+00  0.000000e+00  0.000000e+00  0.000000e+00  0.000000e+00  0.000000e+00  0.000000e+00  0.000000e+00  0.000000e+00  0.000000e+00  0.000000e+00  0.000000e+00  0.000000e+00  0.000000e+00  0.000000e+00  0.000000e+00
7.511370e+05  0.000000e+00  0.000000e+00  0.000000e+00  0.000000e+00  0.000000e+00  0.000000e+00  0.000000e+00  0.000000e+00  0.000000e+00  0.000000e+00  0.000000e+00  0.000000e+00  0.000000e+00  0.000000e+00  0.000000e+00  0.000000e+00
8.427896e+05  0.000000e+00  0.000000e+00  0.000000e+00  0.000000e+00  0.000000e+00  0.000000e+00  0.000000e+00  0.000000e+00  0.000000e+00  0.000000e+00  0.000000e+00  0.000000e+00  0.000000e+00  0.000000e+00  0.000000e+00  0.000000e+00
9.456255e+05  0.000000e+00  0.000000e+00  0.000000e+00  0.000000e+00  0.000000e+00  0.000000e+00  0.000000e+00  0.000000e+00  0.000000e+00  0.000000e+00  0.000000e+00  0.000000e+00  0.000000e+00  0.000000e+00  0.000000e+00  0.000000e+00
