# dR/dEr [1/keV/kg/Myr]
# Er [keV], S, F, Ne, Cl, Na, Si, O, P, N, C, Al, Mg, Be, B, Ar, Li
1.061009e+01  4.811738e+02  3.547355e+02  0.000000e+00  0.000000e+00  1.187615e+02  0.000000e+00  3.302792e+01  0.000000e+00  0.000000e+00  0.000000e+00  0.000000e+00  0.000000e+00  3.624866e-01  0.000000e+00  0.000000e+00  0.000000e+00
1.190472e+01  1.836752e+02  3.099971e+01  0.000000e+00  0.000000e+00  5.833685e+01  0.000000e+00  0.000000e+00  0.000000e+00  0.000000e+00  0.000000e+00  0.000000e+00  0.000000e+00  0.000000e+00  0.000000e+00  0.000000e+00  0.000000e+00
1.335731e+01  2.651252e+02  5.438595e+01  0.000000e+00  0.000000e+00  0.000000e+00  0.000000e+00  0.000000e+00  0.000000e+00  0.000000e+00  0.000000e+00  0.000000e+00  0.000000e+00  0.000000e+00  0.000000e+00  0.000000e+00  0.000000e+00
1.498715e+01  6.778465e+01  6.663809e+01  0.000000e+00  0.000000e+00  2.757938e+01  0.000000e+00  1.136796e+01  0.000000e+00  0.000000e+00  0.000000e+00  0.000000e+00  0.000000e+00  0.000000e+00  0.000000e+00  0.000000e+00  0.000000e+00
1.681586e+01  1.674245e+02  6.968908e+01  2.426880e+01  0.000000e+00  4.705409e+01  1.013170e+01  0.000000e+00  0.000000e+00  0.000000e+00  0.000000e+00  0.000000e+00  0.000000e+00  0.000000e+00  0.000000e+00  0.000000e+00  0.000000e+00
1.886771e+01  1.148291e+02  8.231852e+01  0.000000e+00  0.000000e+00  2.162959e+01  0.000000e+00  0.000000e+00  0.000000e+00  0.000000e+00  0.000000e+00  0.000000e+00  0.000000e+00  0.000000e+00  0.000000e+00  0.000000e+00  0.000000e+00
2.116992e+01  1.156967e+02  9.103949e+01  0.000000e+00  0.000000e+00  2.337215e+01  0.000000e+00  1.031455e+01  0.000000e+00  0.000000e+00  0.000000e+00  3.102503e+00  0.000000e+00  0.000000e+00  0.000000e+00  0.000000e+00  0.000000e+00
2.375304e+01  2.135206e+02  4.207999e+01  2.128226e+01  0.000000e+00  4.883035e+01  0.000000e+00  1.718099e+01  0.000000e+00  0.000000e+00  0.000000e+00  0.000000e+00  0.000000e+00  0.000000e+00  0.000000e+00  0.000000e+00  0.000000e+00
2.665135e+01  1.840646e+02  7.902074e+01  8.193135e+00  1.964482e-01  1.313369e+01  0.000000e+00  0.000000e+00  1.216959e+01  0.000000e+00  0.000000e+00  0.000000e+00  0.000000e+00  0.000000e+00  0.000000e+00  0.000000e+00  0.000000e+00
2.990330e+01  2.086133e+02  9.478362e+01  1.010075e+01  0.000000e+00  9.031987e+00  0.000000e+00  1.299962e+01  0.000000e+00  0.000000e+00  0.000000e+00  7.009394e-01  0.000000e+00  5.770568e+00  0.000000e+00  0.000000e+00  0.000000e+00
3.355206e+01  2.657503e+02  6.858309e+01  1.026624e+01  0.000000e+00  2.125487e+01  0.000000e+00  2.349838e+01  0.000000e+00  0.000000e+00  0.000000e+00  5.176959e+00  0.000000e+00  4.594205e+00  0.000000e+00  0.000000e+00  0.000000e+00
3.764603e+01  2.929320e+02  4.741878e+01  1.789855e-02  5.800296e+00  3.010975e+01  0.000000e+00  2.284848e-01  0.000000e+00  0.000000e+00  0.000000e+00  0.000000e+00  0.000000e+00  3.024435e-02  0.000000e+00  0.000000e+00  0.000000e+00
4.223954e+01  2.687152e+02  1.357411e+02  2.192600e+00  0.000000e+00  6.274144e+01  0.000000e+00  8.093963e+00  0.000000e+00  0.000000e+00  0.000000e+00  1.287916e+00  0.000000e+00  3.636646e+01  0.000000e+00  0.000000e+00  0.000000e+00
4.739354e+01  3.769986e+02  1.475842e+02  4.607339e+00  1.187528e+01  1.774016e+01  0.000000e+00  1.661721e+01  0.000000e+00  0.000000e+00  0.000000e+00  0.000000e+00  0.000000e+00  1.262924e+01  0.000000e+00  0.000000e+00  0.000000e+00
5.317643e+01  3.295648e+02  8.422327e+01  1.141652e+01  0.000000e+00  4.235635e+01  0.000000e+00  2.210525e+01  0.000000e+00  0.000000e+00  0.000000e+00  1.235129e+00  0.000000e+00  0.000000e+00  0.000000e+00  0.000000e+00  0.000000e+00
5.966493e+01  4.421523e+02  1.556168e+02  1.270648e+01  6.515241e+00  2.811063e+01  0.000000e+00  2.101865e+01  0.000000e+00  0.000000e+00  0.000000e+00  2.154011e+00  0.000000e+00  5.156346e-01  0.000000e+00  0.000000e+00  0.000000e+00
6.694516e+01  4.797449e+02  1.308783e+02  2.127057e+01  0.000000e+00  6.024030e+01  0.000000e+00  6.174254e+00  0.000000e+00  6.841337e-01  0.000000e+00  6.631783e+00  0.000000e+00  9.293642e+01  0.000000e+00  0.000000e+00  0.000000e+00
7.511370e+01  5.030202e+02  1.794739e+02  1.819028e+01  6.853965e+00  3.605280e+01  0.000000e+00  1.575869e+01  0.000000e+00  0.000000e+00  0.000000e+00  1.232990e+00  0.000000e+00  2.784734e+04  0.000000e+00  0.000000e+00  0.000000e+00
8.427896e+01  6.403820e+02  2.027467e+02  1.186131e+01  1.603260e+01  5.095040e+01  0.000000e+00  2.753802e+01  0.000000e+00  0.000000e+00  0.000000e+00  0.000000e+00  0.000000e+00  3.393814e+04  0.000000e+00  0.000000e+00  0.000000e+00
9.456255e+01  6.369050e+02  1.569274e+02  1.592874e+01  8.155607e+00  4.406728e+01  0.000000e+00  7.970310e+00  0.000000e+00  4.868251e-01  0.000000e+00  2.495543e-03  0.000000e+00  2.570320e+04  0.000000e+00  0.000000e+00  0.000000e+00
1.061009e+02  7.498180e+02  2.065619e+02  1.232628e+01  2.849002e+00  6.379183e+01  0.000000e+00  1.368629e+01  0.000000e+00  0.000000e+00  1.211289e+00  6.534220e+00  0.000000e+00  1.965062e+04  0.000000e+00  0.000000e+00  0.000000e+00
1.190472e+02  8.064519e+02  2.623674e+02  2.766077e+01  4.228475e+00  5.792383e+01  0.000000e+00  8.655878e+00  0.000000e+00  1.431141e+00  3.729326e+00  1.740082e+04  0.000000e+00  1.440678e+04  0.000000e+00  5.550614e-01  0.000000e+00
1.335731e+02  9.071848e+02  2.847853e+02  1.956017e+01  5.044497e-03  7.084404e+01  0.000000e+00  1.066094e+01  0.000000e+00  0.000000e+00  0.000000e+00  1.450998e+04  0.000000e+00  1.058210e+04  0.000000e+00  0.000000e+00  0.000000e+00
1.498715e+02  2.222546e+03  3.294973e+02  1.471797e+01  4.568791e+00  4.217968e+01  0.000000e+00  1.791595e+01  0.000000e+00  2.330984e+00  2.176924e+00  1.085153e+04  0.000000e+00  7.910691e+03  0.000000e+00  0.000000e+00  0.000000e+00
1.681586e+02  3.196804e+03  3.328140e+02  1.936677e+01  4.705409e+00  3.554485e+01  1.403347e-03  2.309611e+01  0.000000e+00  1.628361e+00  0.000000e+00  8.018454e+03  0.000000e+00  5.816485e+03  0.000000e+00  0.000000e+00  0.000000e+00
1.886771e+02  1.859297e+03  3.939805e+02  1.421736e+01  4.682699e+00  7.773908e+01  2.060300e+00  2.162895e+01  1.465087e+00  1.465087e+00  0.000000e+00  5.994409e+03  0.000000e+00  4.283026e+03  0.000000e+00  0.000000e+00  0.000000e+00
2.116992e+02  8.090767e+02  4.893502e+02  1.837112e+01  1.140047e+01  3.218378e+01  1.305761e+00  1.820914e+01  0.000000e+00  0.000000e+00  1.114718e-03  4.722827e+03  0.000000e+00  2.863409e+03  0.000000e+00  3.182862e-03  0.000000e+00
2.375304e+02  5.861523e+02  2.518499e+03  2.813434e+01  9.744347e+00  4.758331e+01  5.543391e-01  1.984404e+01  2.374223e+00  0.000000e+00  7.172697e-01  3.518975e+03  0.000000e+00  2.086189e+03  0.000000e+00  2.109680e+00  0.000000e+00
2.665135e+02  4.821639e+02  2.100410e+03  2.883111e+01  7.125308e+00  6.832992e+01  1.292443e+00  1.545976e+01  0.000000e+00  1.037202e+00  1.020211e+00  2.582304e+03  0.000000e+00  1.467296e+03  0.000000e+00  0.000000e+00  0.000000e+00
2.990330e+02  2.937354e+02  3.177258e+02  1.590623e+01  5.758940e+00  5.282487e+01  6.784064e-02  2.942919e+01  1.333495e-03  3.807538e-03  1.539476e-01  1.946676e+03  0.000000e+00  1.101097e+03  0.000000e+00  0.000000e+00  0.000000e+00
3.355206e+02  2.581381e+02  2.835089e+02  1.853215e+01  7.679849e+00  5.598981e+01  8.238792e-01  2.156201e+01  7.848841e-01  6.508039e-01  1.338819e+00  1.453911e+03  9.169424e-02  7.590955e+02  0.000000e+00  0.000000e+00  9.597253e-03
3.764603e+02  1.719587e+02  2.109162e+02  2.332655e+01  6.921110e+00  6.297280e+01  3.219976e-01  1.512872e+01  0.000000e+00  9.149793e-01  0.000000e+00  9.538235e+02  0.000000e+00  5.562096e+02  0.000000e+00  0.000000e+00  0.000000e+00
4.223954e+02  1.110263e+02  1.759602e+02  1.494376e+01  7.150336e+00  5.346496e+01  5.178959e-01  2.151013e+01  1.620747e+00  6.553746e-01  1.052662e+00  7.365668e+02  0.000000e+00  3.017226e+02  0.000000e+00  1.595210e-03  0.000000e+00
4.739354e+02  8.816815e+01  1.432633e+02  2.095979e+01  1.241425e+01  4.552626e+01  7.319078e-01  2.015716e+01  1.558765e+00  6.843463e-01  0.000000e+00  4.550642e+02  0.000000e+00  2.011403e+02  6.843463e-01  0.000000e+00  0.000000e+00
5.317643e+02  6.834074e+01  9.300307e+01  2.204586e+01  6.021832e+00  4.811278e+01  1.465518e+00  1.765901e+01  1.860371e+00  1.788001e+00  6.531913e-01  3.762835e+02  0.000000e+00  1.582605e+02  4.437772e-04  9.423595e-01  0.000000e+00
5.966493e+02  6.094181e+01  8.139844e+01  2.258505e+01  1.043497e+01  4.672456e+01  1.479650e+00  1.752249e+01  1.771201e+00  9.353777e-01  2.892135e-01  2.710347e+02  0.000000e+00  1.060838e+02  0.000000e+00  1.908290e-03  0.000000e+00
6.694516e+02  4.666783e+01  6.840174e+01  2.753628e+01  1.516889e+01  4.495309e+01  1.513515e+00  2.204982e+01  1.341363e+00  1.124135e+00  3.229102e-01  1.896334e+02  0.000000e+00  6.041307e+01  0.000000e+00  0.000000e+00  0.000000e+00
7.511370e+02  3.803794e+01  5.332418e+01  1.885130e+01  1.231151e+01  3.002098e+01  3.861766e-01  1.632440e+01  1.598473e+00  1.189760e+00  2.162557e-01  1.223843e+02  0.000000e+00  4.102981e+01  0.000000e+00  0.000000e+00  0.000000e+00
8.427896e+02  2.352330e+01  4.419171e+01  1.627316e+01  1.367415e+01  3.341062e+01  9.454700e-01  1.874067e+01  6.677959e-01  2.845114e-01  6.069287e-01  6.464901e+01  0.000000e+00  2.006335e+01  0.000000e+00  5.730674e-01  0.000000e+00
9.456255e+02  2.314010e+01  3.636069e+01  2.176752e+01  9.172611e+00  2.761898e+01  1.253987e+00  1.940877e+01  1.946124e+00  0.000000e+00  8.995164e-01  5.349489e+01  5.536662e-03  1.594169e+01  0.000000e+00  0.000000e+00  0.000000e+00
1.061009e+03  2.122874e+01  2.577774e+01  2.047659e+01  1.395965e+01  2.220361e+01  1.598981e+00  1.792977e+01  1.446891e+00  2.127817e+00  2.596761e-01  3.803213e+01  0.000000e+00  5.979227e+00  4.810047e-02  2.899626e-02  0.000000e+00
1.190472e+03  1.407623e+01  2.214697e+01  1.873501e+01  1.407076e+01  1.653746e+01  1.572831e+00  1.095624e+01  1.712611e+00  7.685959e-01  6.097106e-01  2.291448e+01  0.000000e+00  6.870944e+00  0.000000e+00  0.000000e+00  0.000000e+00
1.335731e+03  1.414122e+01  1.946603e+01  1.528037e+01  1.072263e+01  1.367654e+01  6.912070e-01  1.425253e+01  7.737729e-01  1.363138e+00  2.366874e-01  1.154386e+01  0.000000e+00  2.224697e+00  3.615811e-01  0.000000e+00  0.000000e+00
1.498715e+03  8.882118e+00  1.439789e+01  1.238891e+01  1.162955e+01  9.458471e+00  2.155078e+00  1.255056e+01  2.406668e+00  2.031734e+00  4.130549e-01  6.874608e+00  5.739280e-03  3.621860e+00  0.000000e+00  0.000000e+00  1.429569e-02
1.681586e+03  3.722357e+00  1.387045e+01  9.710786e+00  1.009693e+01  1.135414e+01  1.111985e+00  9.466502e+00  1.508522e+00  1.406071e+00  9.242464e-01  6.821728e+00  0.000000e+00  2.038523e+00  2.351583e-01  0.000000e+00  1.914904e-03
1.886771e+03  5.157638e+00  8.444933e+00  9.929411e+00  1.293199e+01  9.031790e+00  1.257904e+00  8.370572e+00  1.557647e+00  1.126615e+00  8.697214e-01  3.467033e+00  2.071885e-01  1.825624e-01  1.758789e-01  1.019206e-03  0.000000e+00
2.116992e+03  3.935197e+00  8.806828e+00  6.513218e+00  7.783546e+00  3.674297e+00  1.155118e+00  6.327254e+00  1.375257e+00  3.257968e-01  6.669139e-01  1.665810e+00  9.322291e-02  6.463381e-01  3.182862e-04  0.000000e+00  3.182862e-04
2.375304e+03  1.534376e+00  5.152085e+00  5.854384e+00  1.125927e+01  3.733124e+00  1.896443e+00  5.743657e+00  1.293533e+00  7.977594e-01  2.083691e-01  1.999653e+00  1.678771e-04  0.000000e+00  2.765109e-02  0.000000e+00  5.420566e-02
2.665135e+03  1.782029e+00  3.793141e+00  4.665014e+00  9.470335e+00  1.793355e+00  1.212924e+00  3.585375e+00  2.209940e+00  5.240601e-01  1.068578e+00  1.068445e+00  3.489514e-01  1.991837e-01  6.474684e-02  0.000000e+00  1.698103e-01
2.990330e+03  3.874941e-01  2.737478e+00  3.001990e+00  7.265956e+00  1.566257e+00  1.545174e+00  2.563704e+00  1.334802e+00  4.422433e-01  3.678218e-01  8.879462e-01  5.328176e-02  0.000000e+00  5.808643e-02  0.000000e+00  2.397743e-01
3.355206e+03  3.974576e-01  3.184751e+00  2.925463e+00  7.411426e+00  5.514107e-01  1.525220e+00  1.623426e+00  8.723750e-01  3.797582e-01  4.198943e-01  1.806170e-01  1.755047e-01  1.514456e-01  6.247129e-03  0.000000e+00  2.711590e-04
3.764603e+03  1.336295e-01  1.180932e+00  2.060569e+00  4.559067e+00  4.968281e-01  1.213661e+00  9.909973e-01  6.716172e-01  2.170393e-01  4.586158e-01  3.473109e-01  1.862936e-02  6.268520e-05  1.361836e-01  0.000000e+00  1.153944e-01
4.223954e+03  1.303344e-02  9.015101e-01  7.730179e-01  3.637286e+00  2.050023e-01  6.230795e-01  8.641270e-01  7.900027e-01  3.597690e-01  2.927693e-01  2.879146e-01  4.721250e-02  0.000000e+00  1.380428e-01  0.000000e+00  6.462639e-02
4.739354e+03  1.954157e-02  6.174567e-01  1.053419e+00  3.355543e+00  2.318982e-01  6.867263e-01  2.185885e-01  5.826798e-01  1.558793e-01  1.901958e-01  2.075385e-01  8.617820e-02  4.057532e-04  3.015480e-03  0.000000e+00  1.557685e-02
5.317643e+03  1.156035e-01  5.737436e-01  6.496882e-01  2.091397e+00  1.821202e-02  4.943738e-01  8.399242e-02  1.016318e+00  3.705945e-01  2.390964e-01  6.824255e-02  1.187516e-01  0.000000e+00  9.083515e-02  0.000000e+00  1.350575e-01
5.966493e+03  3.673112e-02  2.459702e-01  3.214046e-01  1.243809e+00  9.202013e-02  6.573688e-01  6.649366e-02  4.106869e-01  1.464284e-01  3.262000e-01  3.400086e-03  1.230681e-02  0.000000e+00  2.186241e-02  0.000000e+00  4.648819e-02
6.694516e+03  5.956504e-05  1.724112e-01  2.398117e-01  9.116742e-01  1.467730e-02  9.259017e-01  1.772164e-02  2.125890e-01  1.799502e-01  2.760130e-01  1.376971e-01  1.866695e-01  0.000000e+00  1.437494e-02  0.000000e+00  4.810021e-04
7.511370e+03  5.240968e-03  1.423393e-01  2.516217e-01  5.174641e-01  6.700000e-02  4.447355e-01  7.279329e-02  1.614009e-01  5.249380e-02  1.551898e-01  3.944666e-03  4.169378e-02  0.000000e+00  1.328135e-03  0.000000e+00  1.522468e-01
8.427896e+03  1.524923e-02  1.010548e-01  1.236741e-01  1.205787e-01  1.765631e-02  5.938713e-01  1.206719e-01  4.574294e-01  6.265560e-02  4.795612e-02  1.053563e-01  9.087809e-02  0.000000e+00  7.563203e-04  0.000000e+00  2.219769e-02
9.456255e+03  0.000000e+00  3.025889e-02  1.301207e-01  3.241936e-01  2.348575e-02  3.874419e-01  7.125541e-05  1.439790e-01  9.117623e-02  5.183182e-02  1.766392e-01  1.103712e-01  0.000000e+00  4.887126e-02  0.000000e+00  2.216565e-03
1.061009e+04  0.000000e+00  1.031529e-01  4.644324e-02  1.955201e-01  6.253815e-03  2.682784e-01  2.804604e-02  1.096646e-01  2.082827e-03  7.058235e-02  7.157104e-02  7.900649e-02  0.000000e+00  3.758300e-05  0.000000e+00  4.248855e-02
1.190472e+04  0.000000e+00  2.516293e-04  2.704873e-04  9.990725e-02  0.000000e+00  8.271426e-02  1.982280e-05  4.558233e-03  6.699177e-05  7.376717e-02  1.706326e-01  4.248352e-02  0.000000e+00  7.694333e-03  0.000000e+00  1.362813e-02
1.335731e+04  0.000000e+00  1.798521e-02  6.194981e-02  1.318719e-01  0.000000e+00  8.525069e-02  8.524016e-05  2.055542e-02  1.536430e-03  5.719443e-02  2.764408e-02  7.511707e-03  0.000000e+00  0.000000e+00  0.000000e+00  1.638861e-02
1.498715e+04  0.000000e+00  2.632497e-02  5.739280e-04  6.705326e-03  0.000000e+00  4.707359e-02  0.000000e+00  7.116675e-02  2.052778e-03  8.703582e-03  8.991825e-05  5.748814e-02  0.000000e+00  7.156585e-05  0.000000e+00  3.889252e-02
1.681586e+04  0.000000e+00  1.334377e-03  2.371327e-05  4.127956e-03  0.000000e+00  8.630575e-02  1.403347e-05  5.933269e-03  0.000000e+00  5.115139e-04  3.113494e-04  2.591990e-04  0.000000e+00  2.160662e-02  0.000000e+00  2.963984e-02
1.886771e+04  0.000000e+00  3.712078e-03  0.000000e+00  1.726286e-02  0.000000e+00  5.449830e-02  0.000000e+00  4.308661e-02  0.000000e+00  0.000000e+00  1.372508e-02  1.766702e-02  0.000000e+00  3.250562e-02  0.000000e+00  2.050568e-02
2.116992e+04  0.000000e+00  1.114718e-05  0.000000e+00  1.056267e-02  0.000000e+00  6.493009e-05  0.000000e+00  6.070827e-03  0.000000e+00  0.000000e+00  0.000000e+00  1.532061e-02  0.000000e+00  5.054465e-02  0.000000e+00  6.070827e-03
2.375304e+04  0.000000e+00  0.000000e+00  0.000000e+00  9.934934e-06  0.000000e+00  6.312628e-03  1.355648e-04  8.540631e-04  0.000000e+00  1.295216e-03  7.264715e-03  3.357542e-05  0.000000e+00  0.000000e+00  0.000000e+00  2.109153e-02
2.665135e+04  0.000000e+00  1.208223e-04  0.000000e+00  1.480972e-02  0.000000e+00  0.000000e+00  0.000000e+00  0.000000e+00  0.000000e+00  7.215425e-05  0.000000e+00  0.000000e+00  0.000000e+00  0.000000e+00  0.000000e+00  1.208223e-04
2.990330e+04  0.000000e+00  0.000000e+00  0.000000e+00  1.531585e-03  0.000000e+00  0.000000e+00  0.000000e+00  0.000000e+00  0.000000e+00  0.000000e+00  0.000000e+00  2.209991e-03  0.000000e+00  6.448975e-03  0.000000e+00  3.118357e-03
3.355206e+04  0.000000e+00  0.000000e+00  0.000000e+00  0.000000e+00  0.000000e+00  0.000000e+00  0.000000e+00  0.000000e+00  0.000000e+00  0.000000e+00  0.000000e+00  2.008250e-05  0.000000e+00  1.493539e-02  0.000000e+00  1.146283e-04
3.764603e+04  0.000000e+00  0.000000e+00  0.000000e+00  2.284848e-04  0.000000e+00  0.000000e+00  0.000000e+00  0.000000e+00  0.000000e+00  0.000000e+00  0.000000e+00  1.216581e-03  0.000000e+00  2.284848e-04  0.000000e+00  6.268520e-06
4.223954e+04  0.000000e+00  0.000000e+00  0.000000e+00  1.239504e-04  0.000000e+00  0.000000e+00  0.000000e+00  1.206560e-02  0.000000e+00  0.000000e+00  0.000000e+00  1.297357e-03  0.000000e+00  0.000000e+00  0.000000e+00  0.000000e+00
4.739354e+04  0.000000e+00  0.000000e+00  0.000000e+00  0.000000e+00  0.000000e+00  0.000000e+00  0.000000e+00  4.979262e-06  0.000000e+00  0.000000e+00  0.000000e+00  1.154502e-04  0.000000e+00  9.663645e-04  0.000000e+00  0.000000e+00
5.317643e+04  0.000000e+00  0.000000e+00  0.000000e+00  0.000000e+00  0.000000e+00  0.000000e+00  0.000000e+00  0.000000e+00  0.000000e+00  0.000000e+00  0.000000e+00  0.000000e+00  0.000000e+00  0.000000e+00  0.000000e+00  0.000000e+00
5.966493e+04  0.000000e+00  0.000000e+00  0.000000e+00  0.000000e+00  0.000000e+00  0.000000e+00  0.000000e+00  0.000000e+00  0.000000e+00  0.000000e+00  0.000000e+00  0.000000e+00  0.000000e+00  0.000000e+00  0.000000e+00  0.000000e+00
6.694516e+04  0.000000e+00  0.000000e+00  0.000000e+00  0.000000e+00  0.000000e+00  0.000000e+00  0.000000e+00  0.000000e+00  0.000000e+00  0.000000e+00  0.000000e+00  0.000000e+00  0.000000e+00  0.000000e+00  0.000000e+00  3.065581e-04
7.511370e+04  0.000000e+00  0.000000e+00  0.000000e+00  0.000000e+00  0.000000e+00  0.000000e+00  0.000000e+00  0.000000e+00  0.000000e+00  0.000000e+00  0.000000e+00  0.000000e+00  0.000000e+00  0.000000e+00  0.000000e+00  5.249380e-03
8.427896e+04  0.000000e+00  0.000000e+00  0.000000e+00  0.000000e+00  0.000000e+00  0.000000e+00  0.000000e+00  0.000000e+00  0.000000e+00  0.000000e+00  0.000000e+00  0.000000e+00  0.000000e+00  0.000000e+00  0.000000e+00  0.000000e+00
9.456255e+04  0.000000e+00  0.000000e+00  0.000000e+00  0.000000e+00  0.000000e+00  0.000000e+00  0.000000e+00  0.000000e+00  0.000000e+00  0.000000e+00  0.000000e+00  0.000000e+00  0.000000e+00  0.000000e+00  0.000000e+00  0.000000e+00
1.061009e+05  0.000000e+00  0.000000e+00  0.000000e+00  0.000000e+00  0.000000e+00  0.000000e+00  0.000000e+00  0.000000e+00  0.000000e+00  0.000000e+00  0.000000e+00  0.000000e+00  0.000000e+00  0.000000e+00  0.000000e+00  0.000000e+00
1.190472e+05  0.000000e+00  0.000000e+00  0.000000e+00  0.000000e+00  0.000000e+00  0.000000e+00  0.000000e+00  0.000000e+00  0.000000e+00  0.000000e+00  0.000000e+00  0.000000e+00  0.000000e+00  0.000000e+00  0.000000e+00  0.000000e+00
1.335731e+05  0.000000e+00  0.000000e+00  0.000000e+00  0.000000e+00  0.000000e+00  0.000000e+00  0.000000e+00  0.000000e+00  0.000000e+00  0.000000e+00  0.000000e+00  0.000000e+00  0.000000e+00  0.000000e+00  0.000000e+00  0.000000e+00
1.498715e+05  0.000000e+00  0.000000e+00  0.000000e+00  0.000000e+00  0.000000e+00  0.000000e+00  0.000000e+00  0.000000e+00  0.000000e+00  0.000000e+00  0.000000e+00  0.000000e+00  0.000000e+00  0.000000e+00  0.000000e+00  0.000000e+00
1.681586e+05  0.000000e+00  0.000000e+00  0.000000e+00  0.000000e+00  0.000000e+00  0.000000e+00  0.000000e+00  0.000000e+00  0.000000e+00  0.000000e+00  0.000000e+00  0.000000e+00  0.000000e+00  0.000000e+00  0.000000e+00  0.000000e+00
1.886771e+05  0.000000e+00  0.000000e+00  0.000000e+00  0.000000e+00  0.000000e+00  0.000000e+00  0.000000e+00  0.000000e+00  0.000000e+00  0.000000e+00  0.000000e+00  0.000000e+00  0.000000e+00  0.000000e+00  0.000000e+00  0.000000e+00
2.116992e+05  0.000000e+00  0.000000e+00  0.000000e+00  0.000000e+00  0.000000e+00  0.000000e+00  0.000000e+00  0.000000e+00  0.000000e+00  0.000000e+00  0.000000e+00  0.000000e+00  0.000000e+00  0.000000e+00  0.000000e+00  0.000000e+00
2.375304e+05  0.000000e+00  0.000000e+00  0.000000e+00  0.000000e+00  0.000000e+00  0.000000e+00  0.000000e+00  0.000000e+00  0.000000e+00  0.000000e+00  0.000000e+00  0.000000e+00  0.000000e+00  0.000000e+00  0.000000e+00  0.000000e+00
2.665135e+05  0.000000e+00  0.000000e+00  0.000000e+00  0.000000e+00  0.000000e+00  0.000000e+00  0.000000e+00  0.000000e+00  0.000000e+00  0.000000e+00  0.000000e+00  0.000000e+00  0.000000e+00  0.000000e+00  0.000000e+00  0.000000e+00
2.990330e+05  0.000000e+00  0.000000e+00  0.000000e+00  0.000000e+00  0.000000e+00  0.000000e+00  0.000000e+00  0.000000e+00  0.000000e+00  0.000000e+00  0.000000e+00  0.000000e+00  0.000000e+00  0.000000e+00  0.000000e+00  0.000000e+00
3.355206e+05  0.000000e+00  0.000000e+00  0.000000e+00  0.000000e+00  0.000000e+00  0.000000e+00  0.000000e+00  0.000000e+00  0.000000e+00  0.000000e+00  0.000000e+00  0.000000e+00  0.000000e+00  0.000000e+00  0.000000e+00  0.000000e+00
3.764603e+05  0.000000e+00  0.000000e+00  0.000000e+00  0.000000e+00  0.000000e+00  0.000000e+00  0.000000e+00  0.000000e+00  0.000000e+00  0.000000e+00  0.000000e+00  0.000000e+00  0.000000e+00  0.000000e+00  0.000000e+00  0.000000e+00
4.223954e+05  0.000000e+00  0.000000e+00  0.000000e+00  0.000000e+00  0.000000e+00  0.000000e+00  0.000000e+00  0.000000e+00  0.000000e+00  0.000000e+00  0.000000e+00  0.000000e+00  0.000000e+00  0.000000e+00  0.000000e+00  0.000000e+00
4.739354e+05  0.000000e+00  0.000000e+00  0.000000e+00  0.000000e+00  0.000000e+00  0.000000e+00  0.000000e+00  0.000000e+00  0.000000e+00  0.000000e+00  0.000000e+00  0.000000e+00  0.000000e+00  0.000000e+00  0.000000e+00  0.000000e+00
5.317643e+05  0.000000e+00  0.000000e+00  0.000000e+00  0.000000e+00  0.000000e+00  0.000000e+00  0.000000e+00  0.000000e+00  0.000000e+00  0.000000e+00  0.000000e+00  0.000000e+00  0.000000e+00  0.000000e+00  0.000000e+00  0.000000e+00
5.966493e+05  0.000000e+00  0.000000e+00  0.000000e+00  0.000000e+00  0.000000e+00  0.000000e+00  0.000000e+00  0.000000e+00  0.000000e+00  0.000000e+00  0.000000e+00  0.000000e+00  0.000000e+00  0.000000e+00  0.000000e+00  0.000000e+00
6.694516e+05  0.000000e+00  0.000000e+00  0.000000e+00  0.000000e+00  0.000000e+00  0.000000e+00  0.000000e+00  0.000000e+00  0.000000e+00  0.000000e+00  0.000000e+00  0.000000e+00  0.000000e+00  0.000000e+00  0.000000e+00  0.000000e+00
7.511370e+05  0.000000e+00  0.000000e+00  0.000000e+00  0.000000e+00  0.000000e+00  0.000000e+00  0.000000e+00  0.000000e+00  0.000000e+00  0.000000e+00  0.000000e+00  0.000000e+00  0.000000e+00  0.000000e+00  0.000000e+00  0.000000e+00
8.427896e+05  0.000000e+00  0.000000e+00  0.000000e+00  0.000000e+00  0.000000e+00  0.000000e+00  0.000000e+00  0.000000e+00  0.000000e+00  0.000000e+00  0.000000e+00  0.000000e+00  0.000000e+00  0.000000e+00  0.000000e+00  0.000000e+00
9.456255e+05  0.000000e+00  0.000000e+00  0.000000e+00  0.000000e+00  0.000000e+00  0.000000e+00  0.000000e+00  0.000000e+00  0.000000e+00  0.000000e+00  0.000000e+00  0.000000e+00  0.000000e+00  0.000000e+00  0.000000e+00  0.000000e+00
