# dR/dEr [1/keV/kg/Myr]
# Er [keV], S, F, Ne, Cl, Na, Si, O, P, N, C, Al, Mg, Be, B, Ar, Li
1.061009e+01  2.404613e+04  1.718725e+04  0.000000e+00  0.000000e+00  4.566300e+03  0.000000e+00  1.927065e+03  0.000000e+00  0.000000e+00  0.000000e+00  0.000000e+00  0.000000e+00  4.675964e-01  0.000000e+00  0.000000e+00  0.000000e+00
1.190472e+01  9.420573e+03  1.107351e+03  0.000000e+00  0.000000e+00  2.873139e+03  0.000000e+00  0.000000e+00  0.000000e+00  0.000000e+00  0.000000e+00  0.000000e+00  0.000000e+00  0.000000e+00  0.000000e+00  0.000000e+00  0.000000e+00
1.335731e+01  1.178357e+04  2.720481e+03  0.000000e+00  0.000000e+00  0.000000e+00  0.000000e+00  0.000000e+00  0.000000e+00  0.000000e+00  0.000000e+00  0.000000e+00  0.000000e+00  0.000000e+00  0.000000e+00  0.000000e+00  0.000000e+00
1.498715e+01  3.508999e+03  2.885829e+03  0.000000e+00  0.000000e+00  1.441913e+03  0.000000e+00  6.910426e+02  0.000000e+00  0.000000e+00  0.000000e+00  0.000000e+00  0.000000e+00  0.000000e+00  0.000000e+00  0.000000e+00  0.000000e+00
1.681586e+01  8.431406e+03  1.835152e+03  1.284684e+03  0.000000e+00  2.206458e+03  6.158923e+02  0.000000e+00  0.000000e+00  0.000000e+00  0.000000e+00  0.000000e+00  0.000000e+00  0.000000e+00  0.000000e+00  0.000000e+00  0.000000e+00
1.886771e+01  5.981363e+03  2.922000e+03  0.000000e+00  0.000000e+00  1.144976e+03  0.000000e+00  0.000000e+00  0.000000e+00  0.000000e+00  0.000000e+00  0.000000e+00  0.000000e+00  0.000000e+00  0.000000e+00  0.000000e+00  0.000000e+00
2.116992e+01  5.610325e+03  3.672630e+03  0.000000e+00  0.000000e+00  1.172425e+03  0.000000e+00  5.588810e+02  0.000000e+00  0.000000e+00  0.000000e+00  5.850059e+00  0.000000e+00  0.000000e+00  0.000000e+00  0.000000e+00  0.000000e+00
2.375304e+01  1.014866e+04  2.073522e+03  1.824593e+02  0.000000e+00  1.970866e+03  0.000000e+00  9.094865e+02  0.000000e+00  0.000000e+00  0.000000e+00  0.000000e+00  0.000000e+00  0.000000e+00  0.000000e+00  0.000000e+00  0.000000e+00
2.665135e+01  9.054710e+03  2.297391e+03  4.439350e+02  2.667411e-01  7.671604e+02  0.000000e+00  0.000000e+00  4.804266e+01  0.000000e+00  0.000000e+00  0.000000e+00  0.000000e+00  0.000000e+00  0.000000e+00  0.000000e+00  0.000000e+00
2.990330e+01  9.222318e+03  3.999170e+03  6.344167e+02  0.000000e+00  2.972058e+02  0.000000e+00  7.419992e+02  0.000000e+00  0.000000e+00  0.000000e+00  1.075347e+00  0.000000e+00  1.444856e+01  0.000000e+00  0.000000e+00  0.000000e+00
3.355206e+01  1.304714e+04  3.219586e+03  4.100509e+02  0.000000e+00  1.092380e+03  0.000000e+00  4.851006e+02  0.000000e+00  0.000000e+00  0.000000e+00  1.292014e+01  0.000000e+00  8.788290e+00  0.000000e+00  0.000000e+00  0.000000e+00
3.764603e+01  1.376623e+04  1.877654e+03  2.211504e-02  3.142819e+02  9.392336e+02  0.000000e+00  3.222601e-01  0.000000e+00  0.000000e+00  0.000000e+00  0.000000e+00  0.000000e+00  3.818773e-02  0.000000e+00  0.000000e+00  0.000000e+00
4.223954e+01  1.334332e+04  6.722368e+03  4.593520e+00  0.000000e+00  2.468081e+03  0.000000e+00  4.904163e+02  0.000000e+00  0.000000e+00  0.000000e+00  2.157846e+00  0.000000e+00  2.519472e+02  0.000000e+00  0.000000e+00  0.000000e+00
4.739354e+01  1.880431e+04  7.082209e+03  2.496430e+02  5.399368e+02  9.609067e+02  0.000000e+00  9.296405e+02  0.000000e+00  0.000000e+00  0.000000e+00  0.000000e+00  0.000000e+00  1.701696e+02  0.000000e+00  0.000000e+00  0.000000e+00
5.317643e+01  1.645185e+04  4.268444e+03  6.397513e+02  0.000000e+00  2.001019e+03  0.000000e+00  1.246737e+03  0.000000e+00  0.000000e+00  0.000000e+00  2.328951e+00  0.000000e+00  0.000000e+00  0.000000e+00  0.000000e+00  0.000000e+00
5.966493e+01  2.140977e+04  7.845964e+03  7.047510e+02  3.718805e+02  1.142822e+03  0.000000e+00  7.934130e+02  0.000000e+00  0.000000e+00  0.000000e+00  4.908667e+00  0.000000e+00  8.450278e-01  0.000000e+00  0.000000e+00  0.000000e+00
6.694516e+01  2.344639e+04  6.353664e+03  1.151774e+03  0.000000e+00  2.786918e+03  0.000000e+00  3.228042e+02  0.000000e+00  1.180289e+00  0.000000e+00  3.761395e+01  0.000000e+00  1.423377e+03  0.000000e+00  0.000000e+00  0.000000e+00
7.511370e+01  2.429414e+04  8.026774e+03  7.586416e+02  3.210441e+02  1.495387e+03  0.000000e+00  6.967603e+02  0.000000e+00  0.000000e+00  0.000000e+00  2.583126e+00  0.000000e+00  4.567735e+05  0.000000e+00  0.000000e+00  0.000000e+00
8.427896e+01  3.067314e+04  9.755684e+03  5.852325e+02  7.287404e+02  2.372007e+03  0.000000e+00  1.100546e+03  0.000000e+00  0.000000e+00  0.000000e+00  0.000000e+00  0.000000e+00  5.526542e+05  0.000000e+00  0.000000e+00  0.000000e+00
9.456255e+01  3.129393e+04  7.936671e+03  6.385056e+02  3.998286e+02  2.146135e+03  0.000000e+00  3.739594e+02  0.000000e+00  8.385331e-01  0.000000e+00  2.952674e-03  0.000000e+00  4.129889e+05  0.000000e+00  0.000000e+00  0.000000e+00
1.061009e+02  3.702951e+04  9.929229e+03  6.370369e+02  1.788055e+02  2.830599e+03  0.000000e+00  7.842771e+02  0.000000e+00  0.000000e+00  2.760346e+00  1.397539e+02  0.000000e+00  3.205666e+05  0.000000e+00  0.000000e+00  0.000000e+00
1.190472e+02  3.926888e+04  1.267543e+04  1.225476e+03  2.085918e+02  2.378526e+03  0.000000e+00  3.048004e+02  0.000000e+00  8.699710e+01  2.115188e+01  2.883276e+05  0.000000e+00  2.342285e+05  0.000000e+00  1.044354e+00  0.000000e+00
1.335731e+02  4.475196e+04  1.422311e+04  9.322200e+02  6.232865e-03  3.302315e+03  0.000000e+00  4.163968e+02  0.000000e+00  0.000000e+00  0.000000e+00  2.340941e+05  0.000000e+00  1.714377e+05  0.000000e+00  0.000000e+00  0.000000e+00
1.498715e+02  1.108896e+05  1.627140e+04  7.641709e+02  2.078347e+02  2.008750e+03  0.000000e+00  6.758393e+02  0.000000e+00  1.382895e+02  8.559878e+00  1.758995e+05  0.000000e+00  1.292374e+05  0.000000e+00  0.000000e+00  0.000000e+00
1.681586e+02  1.608337e+05  1.609014e+04  8.848524e+02  2.206458e+02  1.728546e+03  1.660411e-03  8.743008e+02  0.000000e+00  5.416179e+00  0.000000e+00  1.303706e+05  0.000000e+00  9.188013e+04  0.000000e+00  0.000000e+00  0.000000e+00
1.886771e+02  9.272189e+04  1.947463e+04  6.250682e+02  2.491472e+02  3.471460e+03  1.175989e+02  8.237741e+02  6.884076e+01  6.884076e+01  0.000000e+00  9.998510e+04  0.000000e+00  7.002171e+04  0.000000e+00  0.000000e+00  0.000000e+00
2.116992e+02  4.037385e+04  2.396486e+04  8.064359e+02  4.813435e+02  1.497836e+03  6.135439e+01  8.827243e+02  0.000000e+00  0.000000e+00  1.318911e-03  7.460950e+04  0.000000e+00  4.392856e+04  0.000000e+00  3.932672e-03  0.000000e+00
2.375304e+02  2.897923e+04  1.271479e+05  1.376229e+03  5.155158e+02  2.173642e+03  3.626649e+01  8.963802e+02  1.077376e+02  0.000000e+00  4.360184e+01  5.561318e+04  0.000000e+00  3.159390e+04  0.000000e+00  5.575212e+01  0.000000e+00
2.665135e+02  2.366970e+04  1.052158e+05  1.391261e+03  2.752317e+02  2.981187e+03  5.162235e+01  6.498313e+02  0.000000e+00  4.873553e+01  3.408071e+00  4.221483e+04  0.000000e+00  2.449391e+04  0.000000e+00  0.000000e+00  0.000000e+00
2.990330e+02  1.412679e+04  1.577496e+04  7.885615e+02  2.774064e+02  2.443098e+03  1.047505e-01  1.212736e+03  1.612321e-03  4.807551e-03  2.651675e-01  3.200631e+04  0.000000e+00  1.811672e+04  0.000000e+00  0.000000e+00  0.000000e+00
3.355206e+02  1.211542e+04  1.359254e+04  9.501170e+02  3.370753e+02  2.574122e+03  3.871200e+01  8.699815e+02  5.134941e+01  3.526301e+01  7.526157e+00  2.310406e+04  1.502696e-01  1.127955e+04  0.000000e+00  0.000000e+00  1.256787e-02
3.764603e+02  8.171592e+03  1.024282e+04  1.084077e+03  1.786627e+02  2.964900e+03  5.749061e-01  6.617131e+02  0.000000e+00  3.654583e+01  0.000000e+00  1.659237e+04  0.000000e+00  8.151315e+03  0.000000e+00  0.000000e+00  0.000000e+00
4.223954e+02  5.274824e+03  8.207158e+03  7.103292e+02  3.411262e+02  2.399581e+03  2.801154e+01  1.019943e+03  6.220343e+01  3.075118e+01  5.963380e+00  1.224194e+04  0.000000e+00  4.950497e+03  0.000000e+00  1.971005e-03  0.000000e+00
4.739354e+02  3.945203e+03  6.574926e+03  1.034303e+03  6.334183e+02  2.053893e+03  2.558226e+01  8.567478e+02  3.294633e+01  2.701637e+00  0.000000e+00  7.251051e+03  0.000000e+00  3.551751e+03  2.701637e+00  0.000000e+00  0.000000e+00
5.317643e+02  2.954276e+03  4.364079e+03  9.859924e+02  2.773304e+02  2.264280e+03  7.775068e+01  8.876377e+02  5.662183e+01  6.528256e+01  2.467189e+01  5.762386e+03  0.000000e+00  2.782414e+03  5.250680e-04  2.490356e+01  0.000000e+00
5.966493e+02  2.644361e+03  3.536815e+03  1.021396e+03  4.041921e+02  2.271875e+03  4.051217e+01  7.564873e+02  7.442826e+01  4.355063e+01  7.241432e-01  4.583568e+03  0.000000e+00  1.735142e+03  0.000000e+00  2.409483e-03  0.000000e+00
6.694516e+02  1.969315e+03  2.899907e+03  1.262296e+03  6.875766e+02  2.120964e+03  5.197752e+01  1.042640e+03  5.421269e+01  5.282103e+01  1.558854e+01  2.987204e+03  0.000000e+00  8.032405e+02  0.000000e+00  0.000000e+00  0.000000e+00
7.511370e+02  1.523798e+03  2.261759e+03  9.341434e+02  5.601387e+02  1.413400e+03  2.298987e+01  8.018113e+02  7.897829e+01  3.321622e+01  1.153559e+01  1.834052e+03  0.000000e+00  6.396982e+02  0.000000e+00  0.000000e+00  0.000000e+00
8.427896e+02  9.753423e+02  1.818819e+03  7.504295e+02  6.494452e+02  1.506034e+03  5.195994e+01  8.787136e+02  3.036288e+01  1.407733e+01  1.739365e+00  1.065570e+03  0.000000e+00  3.594810e+02  0.000000e+00  3.967247e+00  0.000000e+00
9.456255e+02  9.073230e+02  1.587086e+03  9.714201e+02  3.788997e+02  1.333430e+03  4.197911e+01  8.562941e+02  9.288303e+01  0.000000e+00  3.825767e+01  7.673617e+02  7.517786e-03  2.674355e+02  0.000000e+00  0.000000e+00  0.000000e+00
1.061009e+03  8.184905e+02  1.072061e+03  8.869981e+02  6.279536e+02  1.023528e+03  5.506457e+01  8.531213e+02  6.956161e+01  6.522861e+01  8.604973e-01  6.387638e+02  0.000000e+00  5.989050e+01  8.117142e-02  4.751941e-02  0.000000e+00
1.190472e+03  5.536604e+02  9.537718e+02  8.265383e+02  6.515615e+02  8.475417e+02  4.415889e+01  5.069793e+02  9.024951e+01  3.698191e+01  1.661883e+00  3.746280e+02  0.000000e+00  1.031294e+02  0.000000e+00  0.000000e+00  0.000000e+00
1.335731e+03  5.191874e+02  8.176462e+02  6.778818e+02  5.047834e+02  6.699704e+02  3.025502e+01  6.967326e+02  2.631272e+01  5.665238e+01  8.989377e+00  1.722745e+02  0.000000e+00  2.946242e+01  2.503164e+00  0.000000e+00  0.000000e+00
1.498715e+03  3.459711e+02  6.288826e+02  5.860795e+02  4.954444e+02  4.408315e+02  6.767805e+01  5.580110e+02  7.428844e+01  5.645515e+01  1.313413e+01  1.404735e+02  8.094807e-03  5.980301e+01  0.000000e+00  0.000000e+00  2.185971e-02
1.681586e+03  1.309808e+02  5.127272e+02  4.238611e+02  4.585243e+02  4.968919e+02  4.954869e+01  4.608269e+02  5.438325e+01  4.852379e+01  1.183644e+01  8.791957e+01  0.000000e+00  5.862538e+01  1.104800e+00  0.000000e+00  2.507621e-03
1.886771e+03  1.463371e+02  3.220128e+02  4.304408e+02  6.054892e+02  4.040583e+02  4.041743e+01  4.225875e+02  5.845167e+01  3.639466e+01  1.644033e+01  5.245651e+01  6.499742e+00  7.291851e+00  4.109420e-01  1.314744e-03  0.000000e+00
2.116992e+03  1.466261e+02  3.306636e+02  2.727769e+02  3.788103e+02  1.632383e+02  3.018028e+01  2.939926e+02  5.201014e+01  1.644107e+01  1.256812e+01  1.318186e+01  4.127667e+00  5.590097e+00  3.932672e-04  0.000000e+00  3.932672e-04
2.375304e+03  5.923721e+01  1.948935e+02  2.397934e+02  4.820160e+02  1.508047e+02  4.772486e+01  2.594236e+02  4.758995e+01  3.696639e+01  5.928202e+00  4.014196e+01  2.029792e-04  0.000000e+00  5.213871e-02  0.000000e+00  1.234177e-01
2.665135e+03  4.889938e+01  1.226432e+02  1.950308e+02  3.777240e+02  7.755135e+01  4.590854e+01  1.632502e+02  7.920082e+01  1.108162e+01  2.062786e+01  9.242421e+00  2.200844e+00  2.528894e+00  1.621155e-01  0.000000e+00  9.493717e-01
2.990330e+03  6.061355e+00  7.927681e+01  1.125439e+02  2.875595e+02  5.934947e+01  5.215612e+01  1.139638e+02  6.404413e+01  3.068213e+00  4.342418e+00  5.772356e+00  1.133024e-01  0.000000e+00  1.449663e-01  0.000000e+00  1.146297e+00
3.355206e+03  7.474466e+00  8.575994e+01  7.566916e+01  3.022442e+02  1.702622e+01  5.729526e+01  7.879849e+01  4.038298e+01  8.813876e+00  9.078616e+00  5.699293e-01  2.050095e+00  1.633443e+00  9.584037e-03  0.000000e+00  3.313525e-04
3.764603e+03  3.744151e+00  3.501659e+01  5.600925e+01  1.940420e+02  6.608254e+00  3.453822e+01  4.185446e+01  2.815411e+01  5.726486e+00  5.789850e+00  2.349375e+00  3.000818e-02  7.416782e-05  1.153788e+00  0.000000e+00  3.180363e-01
4.223954e+03  2.161593e-02  3.235308e+01  1.781106e+01  1.602863e+02  1.116435e+00  1.879732e+01  4.409387e+01  2.735567e+01  5.575365e+00  3.927558e+00  1.696573e+00  1.112832e-01  0.000000e+00  1.329879e+00  0.000000e+00  1.440952e-01
4.739354e+03  4.093979e-02  1.660692e+01  2.747092e+01  1.375935e+02  2.358915e+00  2.483530e+01  5.825698e+00  1.312014e+01  1.026565e+00  2.277690e+00  8.811727e-01  3.960475e-01  5.234090e-04  4.395891e-03  0.000000e+00  2.484391e-02
5.317643e+03  2.421245e+00  9.124823e+00  1.335816e+01  8.395221e+01  3.200219e-02  1.673593e+01  4.741629e-01  2.811584e+01  7.712380e+00  2.542189e+00  1.425387e-01  1.313745e+00  0.000000e+00  3.006515e-01  0.000000e+00  2.313806e+00
5.966493e+03  8.581900e-02  4.953891e+00  1.599598e+00  3.541652e+01  1.335982e+00  2.041210e+01  1.543708e+00  5.365739e+00  2.542017e+00  3.723024e+00  5.249964e-03  2.247698e-02  0.000000e+00  4.950243e-02  0.000000e+00  1.534712e-01
6.694516e+03  7.201975e-05  2.241461e+00  3.139683e+00  2.247066e+01  2.636994e-02  2.487864e+01  3.173486e-02  6.575805e+00  9.821208e-01  3.535636e+00  4.732774e-01  4.342658e+00  0.000000e+00  2.968506e-02  0.000000e+00  6.298858e-04
7.511370e+03  8.327421e-03  7.388881e-01  2.856058e+00  2.145297e+01  4.493027e-01  1.114108e+01  2.545604e-01  3.418253e+00  2.471425e-01  1.660067e+00  5.774862e-03  1.096113e-01  0.000000e+00  1.843690e-03  0.000000e+00  9.591378e-01
8.427896e+03  3.475070e-02  2.983374e-01  1.889738e+00  1.671021e+00  3.846739e-02  1.065673e+01  2.087187e+00  4.168185e+00  2.558602e-01  1.372939e-01  5.975564e-01  4.155472e-01  0.000000e+00  1.014088e-03  0.000000e+00  4.521132e-02
9.456255e+03  0.000000e+00  9.813818e-02  1.543342e+00  4.747673e+00  6.676020e-02  8.638558e+00  8.804156e-05  2.519888e+00  4.223685e-01  2.172767e-01  1.688870e+00  5.021770e-01  0.000000e+00  2.097008e-01  0.000000e+00  3.400545e-03
1.061009e+04  0.000000e+00  9.386171e-01  1.324332e+00  2.114999e+00  1.175087e-02  3.681181e+00  6.155043e-02  1.068866e+00  3.166234e-03  1.004365e+00  2.117435e-01  4.122914e-01  0.000000e+00  4.544139e-05  0.000000e+00  1.837951e-01
1.190472e+04  0.000000e+00  3.188065e-04  3.542108e-04  1.369722e+00  0.000000e+00  7.651725e-01  2.345392e-05  6.810958e-03  8.099937e-05  3.149526e-01  3.555051e+00  3.640776e-01  0.000000e+00  1.327450e-02  0.000000e+00  2.564281e-02
1.335731e+04  0.000000e+00  3.713429e-02  9.512372e-01  9.367086e-01  0.000000e+00  2.793446e+00  1.076277e-04  5.390060e-02  2.365976e-03  1.830768e-01  6.740908e-02  1.529049e-02  0.000000e+00  0.000000e+00  0.000000e+00  3.772211e-02
1.498715e+04  0.000000e+00  1.238833e-01  8.094807e-04  1.176221e-02  0.000000e+00  3.174750e-01  0.000000e+00  1.261431e+00  3.364116e-03  1.970727e-02  1.111009e-04  1.669933e+00  0.000000e+00  8.772051e-05  0.000000e+00  2.340825e-01
1.681586e+04  0.000000e+00  1.865657e-03  2.867158e-05  7.647306e-03  0.000000e+00  6.890304e-01  1.660411e-05  1.210867e-02  0.000000e+00  7.214504e-04  4.227562e-04  3.362537e-04  0.000000e+00  5.399286e-02  0.000000e+00  1.228523e-01
1.886771e+04  0.000000e+00  6.863561e-03  0.000000e+00  6.795305e-02  0.000000e+00  5.591031e-01  0.000000e+00  2.454748e-01  0.000000e+00  0.000000e+00  3.117661e-02  6.853060e-02  0.000000e+00  1.928533e-01  0.000000e+00  4.421684e-02
2.116992e+04  0.000000e+00  1.318911e-05  0.000000e+00  2.427038e-02  0.000000e+00  8.109757e-05  0.000000e+00  1.383450e-02  0.000000e+00  0.000000e+00  0.000000e+00  6.048212e-02  0.000000e+00  4.486106e-01  0.000000e+00  1.383450e-02
2.375304e+04  0.000000e+00  0.000000e+00  0.000000e+00  1.175481e-05  0.000000e+00  1.370927e-02  1.775259e-04  1.318731e-03  0.000000e+00  2.122614e-03  1.818966e-02  4.059585e-05  0.000000e+00  0.000000e+00  0.000000e+00  8.714367e-02
2.665135e+04  0.000000e+00  1.582202e-04  0.000000e+00  6.967230e-02  0.000000e+00  0.000000e+00  0.000000e+00  0.000000e+00  0.000000e+00  9.307675e-05  0.000000e+00  0.000000e+00  0.000000e+00  0.000000e+00  0.000000e+00  1.582202e-04
2.990330e+04  0.000000e+00  0.000000e+00  0.000000e+00  2.642337e-03  0.000000e+00  0.000000e+00  0.000000e+00  0.000000e+00  0.000000e+00  0.000000e+00  0.000000e+00  3.689843e-03  0.000000e+00  1.549606e-02  0.000000e+00  6.513980e-03
3.355206e+04  0.000000e+00  0.000000e+00  0.000000e+00  0.000000e+00  0.000000e+00  0.000000e+00  0.000000e+00  0.000000e+00  0.000000e+00  0.000000e+00  0.000000e+00  2.481348e-05  0.000000e+00  3.946948e-01  0.000000e+00  1.478670e-04
3.764603e+04  0.000000e+00  0.000000e+00  0.000000e+00  3.222601e-04  0.000000e+00  0.000000e+00  0.000000e+00  0.000000e+00  0.000000e+00  0.000000e+00  0.000000e+00  2.098883e-03  0.000000e+00  3.222601e-04  0.000000e+00  7.416782e-06
4.223954e+04  0.000000e+00  0.000000e+00  0.000000e+00  1.683023e-04  0.000000e+00  0.000000e+00  0.000000e+00  6.254606e-02  0.000000e+00  0.000000e+00  0.000000e+00  2.169261e-03  0.000000e+00  0.000000e+00  0.000000e+00  0.000000e+00
4.739354e+04  0.000000e+00  0.000000e+00  0.000000e+00  0.000000e+00  0.000000e+00  0.000000e+00  0.000000e+00  5.891360e-06  0.000000e+00  0.000000e+00  0.000000e+00  1.558909e-04  0.000000e+00  1.667202e-03  0.000000e+00  0.000000e+00
5.317643e+04  0.000000e+00  0.000000e+00  0.000000e+00  0.000000e+00  0.000000e+00  0.000000e+00  0.000000e+00  0.000000e+00  0.000000e+00  0.000000e+00  0.000000e+00  0.000000e+00  0.000000e+00  0.000000e+00  0.000000e+00  0.000000e+00
5.966493e+04  0.000000e+00  0.000000e+00  0.000000e+00  0.000000e+00  0.000000e+00  0.000000e+00  0.000000e+00  0.000000e+00  0.000000e+00  0.000000e+00  0.000000e+00  0.000000e+00  0.000000e+00  0.000000e+00  0.000000e+00  0.000000e+00
6.694516e+04  0.000000e+00  0.000000e+00  0.000000e+00  0.000000e+00  0.000000e+00  0.000000e+00  0.000000e+00  0.000000e+00  0.000000e+00  0.000000e+00  0.000000e+00  0.000000e+00  0.000000e+00  0.000000e+00  0.000000e+00  4.720743e-04
7.511370e+04  0.000000e+00  0.000000e+00  0.000000e+00  0.000000e+00  0.000000e+00  0.000000e+00  0.000000e+00  0.000000e+00  0.000000e+00  0.000000e+00  0.000000e+00  0.000000e+00  0.000000e+00  0.000000e+00  0.000000e+00  2.471425e-02
8.427896e+04  0.000000e+00  0.000000e+00  0.000000e+00  0.000000e+00  0.000000e+00  0.000000e+00  0.000000e+00  0.000000e+00  0.000000e+00  0.000000e+00  0.000000e+00  0.000000e+00  0.000000e+00  0.000000e+00  0.000000e+00  0.000000e+00
9.456255e+04  0.000000e+00  0.000000e+00  0.000000e+00  0.000000e+00  0.000000e+00  0.000000e+00  0.000000e+00  0.000000e+00  0.000000e+00  0.000000e+00  0.000000e+00  0.000000e+00  0.000000e+00  0.000000e+00  0.000000e+00  0.000000e+00
1.061009e+05  0.000000e+00  0.000000e+00  0.000000e+00  0.000000e+00  0.000000e+00  0.000000e+00  0.000000e+00  0.000000e+00  0.000000e+00  0.000000e+00  0.000000e+00  0.000000e+00  0.000000e+00  0.000000e+00  0.000000e+00  0.000000e+00
1.190472e+05  0.000000e+00  0.000000e+00  0.000000e+00  0.000000e+00  0.000000e+00  0.000000e+00  0.000000e+00  0.000000e+00  0.000000e+00  0.000000e+00  0.000000e+00  0.000000e+00  0.000000e+00  0.000000e+00  0.000000e+00  0.000000e+00
1.335731e+05  0.000000e+00  0.000000e+00  0.000000e+00  0.000000e+00  0.000000e+00  0.000000e+00  0.000000e+00  0.000000e+00  0.000000e+00  0.000000e+00  0.000000e+00  0.000000e+00  0.000000e+00  0.000000e+00  0.000000e+00  0.000000e+00
1.498715e+05  0.000000e+00  0.000000e+00  0.000000e+00  0.000000e+00  0.000000e+00  0.000000e+00  0.000000e+00  0.000000e+00  0.000000e+00  0.000000e+00  0.000000e+00  0.000000e+00  0.000000e+00  0.000000e+00  0.000000e+00  0.000000e+00
1.681586e+05  0.000000e+00  0.000000e+00  0.000000e+00  0.000000e+00  0.000000e+00  0.000000e+00  0.000000e+00  0.000000e+00  0.000000e+00  0.000000e+00  0.000000e+00  0.000000e+00  0.000000e+00  0.000000e+00  0.000000e+00  0.000000e+00
1.886771e+05  0.000000e+00  0.000000e+00  0.000000e+00  0.000000e+00  0.000000e+00  0.000000e+00  0.000000e+00  0.000000e+00  0.000000e+00  0.000000e+00  0.000000e+00  0.000000e+00  0.000000e+00  0.000000e+00  0.000000e+00  0.000000e+00
2.116992e+05  0.000000e+00  0.000000e+00  0.000000e+00  0.000000e+00  0.000000e+00  0.000000e+00  0.000000e+00  0.000000e+00  0.000000e+00  0.000000e+00  0.000000e+00  0.000000e+00  0.000000e+00  0.000000e+00  0.000000e+00  0.000000e+00
2.375304e+05  0.000000e+00  0.000000e+00  0.000000e+00  0.000000e+00  0.000000e+00  0.000000e+00  0.000000e+00  0.000000e+00  0.000000e+00  0.000000e+00  0.000000e+00  0.000000e+00  0.000000e+00  0.000000e+00  0.000000e+00  0.000000e+00
2.665135e+05  0.000000e+00  0.000000e+00  0.000000e+00  0.000000e+00  0.000000e+00  0.000000e+00  0.000000e+00  0.000000e+00  0.000000e+00  0.000000e+00  0.000000e+00  0.000000e+00  0.000000e+00  0.000000e+00  0.000000e+00  0.000000e+00
2.990330e+05  0.000000e+00  0.000000e+00  0.000000e+00  0.000000e+00  0.000000e+00  0.000000e+00  0.000000e+00  0.000000e+00  0.000000e+00  0.000000e+00  0.000000e+00  0.000000e+00  0.000000e+00  0.000000e+00  0.000000e+00  0.000000e+00
3.355206e+05  0.000000e+00  0.000000e+00  0.000000e+00  0.000000e+00  0.000000e+00  0.000000e+00  0.000000e+00  0.000000e+00  0.000000e+00  0.000000e+00  0.000000e+00  0.000000e+00  0.000000e+00  0.000000e+00  0.000000e+00  0.000000e+00
3.764603e+05  0.000000e+00  0.000000e+00  0.000000e+00  0.000000e+00  0.000000e+00  0.000000e+00  0.000000e+00  0.000000e+00  0.000000e+00  0.000000e+00  0.000000e+00  0.000000e+00  0.000000e+00  0.000000e+00  0.000000e+00  0.000000e+00
4.223954e+05  0.000000e+00  0.000000e+00  0.000000e+00  0.000000e+00  0.000000e+00  0.000000e+00  0.000000e+00  0.000000e+00  0.000000e+00  0.000000e+00  0.000000e+00  0.000000e+00  0.000000e+00  0.000000e+00  0.000000e+00  0.000000e+00
4.739354e+05  0.000000e+00  0.000000e+00  0.000000e+00  0.000000e+00  0.000000e+00  0.000000e+00  0.000000e+00  0.000000e+00  0.000000e+00  0.000000e+00  0.000000e+00  0.000000e+00  0.000000e+00  0.000000e+00  0.000000e+00  0.000000e+00
5.317643e+05  0.000000e+00  0.000000e+00  0.000000e+00  0.000000e+00  0.000000e+00  0.000000e+00  0.000000e+00  0.000000e+00  0.000000e+00  0.000000e+00  0.000000e+00  0.000000e+00  0.000000e+00  0.000000e+00  0.000000e+00  0.000000e+00
5.966493e+05  0.000000e+00  0.000000e+00  0.000000e+00  0.000000e+00  0.000000e+00  0.000000e+00  0.000000e+00  0.000000e+00  0.000000e+00  0.000000e+00  0.000000e+00  0.000000e+00  0.000000e+00  0.000000e+00  0.000000e+00  0.000000e+00
6.694516e+05  0.000000e+00  0.000000e+00  0.000000e+00  0.000000e+00  0.000000e+00  0.000000e+00  0.000000e+00  0.000000e+00  0.000000e+00  0.000000e+00  0.000000e+00  0.000000e+00  0.000000e+00  0.000000e+00  0.000000e+00  0.000000e+00
7.511370e+05  0.000000e+00  0.000000e+00  0.000000e+00  0.000000e+00  0.000000e+00  0.000000e+00  0.000000e+00  0.000000e+00  0.000000e+00  0.000000e+00  0.000000e+00  0.000000e+00  0.000000e+00  0.000000e+00  0.000000e+00  0.000000e+00
8.427896e+05  0.000000e+00  0.000000e+00  0.000000e+00  0.000000e+00  0.000000e+00  0.000000e+00  0.000000e+00  0.000000e+00  0.000000e+00  0.000000e+00  0.000000e+00  0.000000e+00  0.000000e+00  0.000000e+00  0.000000e+00  0.000000e+00
9.456255e+05  0.000000e+00  0.000000e+00  0.000000e+00  0.000000e+00  0.000000e+00  0.000000e+00  0.000000e+00  0.000000e+00  0.000000e+00  0.000000e+00  0.000000e+00  0.000000e+00  0.000000e+00  0.000000e+00  0.000000e+00  0.000000e+00
