# dR/dEr [1/keV/kg/Myr]
# Er [keV], S, F, Ne, Cl, Na, Si, O, P, N, C, Al, Mg, Be, B, Ar, Li
1.061009e+01  1.299629e+04  9.254559e+03  0.000000e+00  0.000000e+00  2.550260e+03  0.000000e+00  1.006887e+03  0.000000e+00  0.000000e+00  0.000000e+00  0.000000e+00  0.000000e+00  4.575842e-01  0.000000e+00  0.000000e+00  0.000000e+00
1.190472e+01  5.071705e+03  6.223900e+02  0.000000e+00  0.000000e+00  1.566090e+03  0.000000e+00  0.000000e+00  0.000000e+00  0.000000e+00  0.000000e+00  0.000000e+00  0.000000e+00  0.000000e+00  0.000000e+00  0.000000e+00  0.000000e+00
1.335731e+01  6.631750e+03  1.480650e+03  0.000000e+00  0.000000e+00  0.000000e+00  0.000000e+00  0.000000e+00  0.000000e+00  0.000000e+00  0.000000e+00  0.000000e+00  0.000000e+00  0.000000e+00  0.000000e+00  0.000000e+00  0.000000e+00
1.498715e+01  1.887067e+03  1.561641e+03  0.000000e+00  0.000000e+00  7.739312e+02  0.000000e+00  3.548149e+02  0.000000e+00  0.000000e+00  0.000000e+00  0.000000e+00  0.000000e+00  0.000000e+00  0.000000e+00  0.000000e+00  0.000000e+00
1.681586e+01  4.585074e+03  1.107158e+03  6.893552e+02  0.000000e+00  1.219486e+03  3.162291e+02  0.000000e+00  0.000000e+00  0.000000e+00  0.000000e+00  0.000000e+00  0.000000e+00  0.000000e+00  0.000000e+00  0.000000e+00  0.000000e+00
1.886771e+01  3.214205e+03  1.663002e+03  0.000000e+00  0.000000e+00  6.143885e+02  0.000000e+00  0.000000e+00  0.000000e+00  0.000000e+00  0.000000e+00  0.000000e+00  0.000000e+00  0.000000e+00  0.000000e+00  0.000000e+00  0.000000e+00
2.116992e+01  3.069326e+03  2.072382e+03  0.000000e+00  0.000000e+00  6.398848e+02  0.000000e+00  2.984634e+02  0.000000e+00  0.000000e+00  0.000000e+00  5.521294e+00  0.000000e+00  0.000000e+00  0.000000e+00  0.000000e+00  0.000000e+00
2.375304e+01  5.591767e+03  1.133182e+03  1.420869e+02  0.000000e+00  1.065105e+03  0.000000e+00  4.880261e+02  0.000000e+00  0.000000e+00  0.000000e+00  0.000000e+00  0.000000e+00  0.000000e+00  0.000000e+00  0.000000e+00  0.000000e+00
2.665135e+01  4.919907e+03  1.350230e+03  2.370779e+02  2.597464e-01  4.008310e+02  0.000000e+00  0.000000e+00  4.194325e+01  0.000000e+00  0.000000e+00  0.000000e+00  0.000000e+00  0.000000e+00  0.000000e+00  0.000000e+00  0.000000e+00
2.990330e+01  5.134668e+03  2.251427e+03  3.237738e+02  0.000000e+00  1.545323e+02  0.000000e+00  3.891246e+02  0.000000e+00  0.000000e+00  0.000000e+00  1.035660e+00  0.000000e+00  1.325772e+01  0.000000e+00  0.000000e+00  0.000000e+00
3.355206e+01  6.991717e+03  1.715133e+03  2.372783e+02  0.000000e+00  5.920577e+02  0.000000e+00  2.997678e+02  0.000000e+00  0.000000e+00  0.000000e+00  1.185797e+01  0.000000e+00  8.289212e+00  0.000000e+00  0.000000e+00  0.000000e+00
3.764603e+01  7.483782e+03  1.034141e+03  2.172352e-02  1.678383e+02  5.133291e+02  0.000000e+00  3.128987e-01  0.000000e+00  0.000000e+00  0.000000e+00  0.000000e+00  0.000000e+00  3.744007e-02  0.000000e+00  0.000000e+00  0.000000e+00
4.223954e+01  7.222976e+03  3.641700e+03  4.297273e+00  0.000000e+00  1.394227e+03  0.000000e+00  2.518196e+02  0.000000e+00  0.000000e+00  0.000000e+00  2.060873e+00  0.000000e+00  1.992553e+02  0.000000e+00  0.000000e+00  0.000000e+00
4.739354e+01  1.016144e+04  3.850653e+03  1.333187e+02  3.012989e+02  5.103768e+02  0.000000e+00  4.891144e+02  0.000000e+00  0.000000e+00  0.000000e+00  0.000000e+00  0.000000e+00  1.203468e+02  0.000000e+00  0.000000e+00  0.000000e+00
5.317643e+01  8.855477e+03  2.309362e+03  3.376413e+02  0.000000e+00  1.085500e+03  0.000000e+00  6.573531e+02  0.000000e+00  0.000000e+00  0.000000e+00  2.198067e+00  0.000000e+00  0.000000e+00  0.000000e+00  0.000000e+00  0.000000e+00
5.966493e+01  1.166489e+04  4.203262e+03  3.733313e+02  1.950243e+02  6.244412e+02  0.000000e+00  4.374880e+02  0.000000e+00  0.000000e+00  0.000000e+00  4.557866e+00  0.000000e+00  8.095651e-01  0.000000e+00  0.000000e+00  0.000000e+00
6.694516e+01  1.271301e+04  3.460928e+03  6.111765e+02  0.000000e+00  1.516597e+03  0.000000e+00  1.732616e+02  0.000000e+00  1.124367e+00  0.000000e+00  3.131894e+01  0.000000e+00  9.170750e+02  0.000000e+00  0.000000e+00  0.000000e+00
7.511370e+01  1.322839e+04  4.388811e+03  4.126429e+02  1.767832e+02  8.345499e+02  0.000000e+00  3.923207e+02  0.000000e+00  0.000000e+00  0.000000e+00  2.416534e+00  0.000000e+00  2.967389e+05  0.000000e+00  0.000000e+00  0.000000e+00
8.427896e+01  1.675211e+04  5.329484e+03  3.203796e+02  4.044221e+02  1.290259e+03  0.000000e+00  6.081224e+02  0.000000e+00  0.000000e+00  0.000000e+00  0.000000e+00  0.000000e+00  3.591342e+05  0.000000e+00  0.000000e+00  0.000000e+00
9.456255e+01  1.696362e+04  4.270925e+03  3.488920e+02  2.196871e+02  1.137481e+03  0.000000e+00  2.067911e+02  0.000000e+00  7.989026e-01  0.000000e+00  2.911502e-03  0.000000e+00  2.690112e+05  0.000000e+00  0.000000e+00  0.000000e+00
1.061009e+02  2.012140e+04  5.408378e+03  3.392409e+02  9.125445e+01  1.557304e+03  0.000000e+00  4.109006e+02  0.000000e+00  0.000000e+00  2.563076e+00  8.697223e+01  0.000000e+00  2.092927e+05  0.000000e+00  0.000000e+00  0.000000e+00
1.190472e+02  2.141110e+04  6.886884e+03  6.861417e+02  1.138883e+02  1.305497e+03  0.000000e+00  1.689424e+02  0.000000e+00  4.466855e+01  1.761193e+01  1.872696e+05  0.000000e+00  1.525753e+05  0.000000e+00  9.858262e-01  0.000000e+00
1.335731e+02  2.433527e+04  7.713583e+03  4.930952e+02  6.122519e-03  1.807642e+03  0.000000e+00  2.351319e+02  0.000000e+00  0.000000e+00  0.000000e+00  1.527697e+05  0.000000e+00  1.115589e+05  0.000000e+00  0.000000e+00  0.000000e+00
1.498715e+02  6.018975e+04  8.811921e+03  4.104461e+02  1.144393e+02  1.105047e+03  0.000000e+00  3.692232e+02  0.000000e+00  7.104158e+01  7.474880e+00  1.146485e+05  0.000000e+00  8.401034e+04  0.000000e+00  0.000000e+00  0.000000e+00
1.681586e+02  8.713671e+04  8.752434e+03  4.795979e+02  1.219486e+02  9.310935e+02  1.637258e-03  4.947720e+02  0.000000e+00  4.802255e+00  0.000000e+00  8.467825e+04  0.000000e+00  6.007739e+04  0.000000e+00  0.000000e+00  0.000000e+00
1.886771e+02  5.029663e+04  1.056302e+04  3.435979e+02  1.334684e+02  1.913923e+03  6.167210e+01  4.578639e+02  3.830811e+01  3.830811e+01  0.000000e+00  6.475517e+04  0.000000e+00  4.556809e+04  0.000000e+00  0.000000e+00  0.000000e+00
2.116992e+02  2.186740e+04  1.299746e+04  4.453064e+02  2.685974e+02  8.024875e+02  3.414214e+01  4.802458e+02  0.000000e+00  0.000000e+00  1.300520e-03  4.896545e+04  0.000000e+00  2.891292e+04  0.000000e+00  3.863048e-03  0.000000e+00
2.375304e+02  1.570693e+04  6.882755e+04  7.475377e+02  2.745736e+02  1.184976e+03  1.837340e+01  4.834967e+02  6.012297e+01  0.000000e+00  2.238731e+01  3.639092e+04  0.000000e+00  2.084566e+04  0.000000e+00  3.588112e+01  0.000000e+00
2.665135e+02  1.285019e+04  5.705439e+04  7.623494e+02  1.480845e+02  1.644775e+03  2.987157e+01  3.613581e+02  0.000000e+00  2.712007e+01  3.020909e+00  2.739925e+04  0.000000e+00  1.589358e+04  0.000000e+00  0.000000e+00  0.000000e+00
2.990330e+02  7.688667e+03  8.545968e+03  4.241103e+02  1.525346e+02  1.340938e+03  1.008312e-01  6.684835e+02  1.586805e-03  4.713426e-03  2.526352e-01  2.083387e+04  0.000000e+00  1.183101e+04  0.000000e+00  0.000000e+00  0.000000e+00
3.355206e+02  6.616027e+03  7.414169e+03  5.067710e+02  1.887500e+02  1.412057e+03  2.154224e+01  4.850066e+02  2.601474e+01  1.883177e+01  6.269582e+00  1.510153e+04  1.439633e-01  7.459701e+03  0.000000e+00  0.000000e+00  1.228472e-02
3.764603e+02  4.455135e+03  5.551243e+03  5.904488e+02  1.054110e+02  1.614239e+03  5.454630e-01  3.649648e+02  0.000000e+00  2.114745e+01  0.000000e+00  1.068221e+04  0.000000e+00  5.441633e+03  0.000000e+00  0.000000e+00  0.000000e+00
4.223954e+02  2.871716e+03  4.481520e+03  3.849345e+02  1.822697e+02  1.322849e+03  1.495973e+01  5.557494e+02  3.487679e+01  1.711273e+01  4.965653e+00  7.945687e+03  0.000000e+00  3.239865e+03  0.000000e+00  1.936110e-03  0.000000e+00
4.739354e+02  2.151461e+03  3.585273e+03  5.578135e+02  3.419282e+02  1.117448e+03  1.390567e+01  4.703197e+02  2.013732e+01  2.358642e+00  0.000000e+00  4.698317e+03  0.000000e+00  2.265437e+03  2.358642e+00  0.000000e+00  0.000000e+00
5.317643e+02  1.617917e+03  2.362126e+03  5.417541e+02  1.502098e+02  1.236785e+03  4.138814e+01  4.757271e+02  3.283576e+01  3.578351e+01  1.382506e+01  3.784825e+03  0.000000e+00  1.776858e+03  5.177464e-04  1.602751e+01  0.000000e+00
5.966493e+02  1.445099e+03  1.936543e+03  5.569258e+02  2.259314e+02  1.234224e+03  2.302367e+01  4.167569e+02  4.075085e+01  2.423978e+01  6.644601e-01  2.966807e+03  0.000000e+00  1.123224e+03  0.000000e+00  2.362309e-03  0.000000e+00
6.694516e+02  1.079425e+03  1.600362e+03  6.914147e+02  3.736000e+02  1.156985e+03  2.852904e+01  5.675041e+02  3.099362e+01  2.920791e+01  8.055754e+00  1.975354e+03  0.000000e+00  5.314370e+02  0.000000e+00  0.000000e+00  0.000000e+00
7.511370e+02  8.509999e+02  1.246247e+03  5.049892e+02  3.025545e+02  7.750325e+02  1.167147e+01  4.323765e+02  4.283299e+01  1.902557e+01  5.874484e+00  1.197295e+03  0.000000e+00  4.198026e+02  0.000000e+00  0.000000e+00  0.000000e+00
8.427896e+02  5.385916e+02  1.003878e+03  4.081834e+02  3.552057e+02  8.254160e+02  2.756111e+01  4.786800e+02  1.694328e+01  7.534510e+00  1.566385e+00  6.868248e+02  0.000000e+00  2.224744e+02  0.000000e+00  3.198260e+00  0.000000e+00
9.456255e+02  5.033704e+02  8.727398e+02  5.346627e+02  2.086816e+02  7.223864e+02  2.367421e+01  4.725751e+02  5.121043e+01  0.000000e+00  2.095399e+01  5.043683e+02  7.320647e-03  1.723219e+02  0.000000e+00  0.000000e+00  0.000000e+00
1.061009e+03  4.568551e+02  5.929488e+02  4.898582e+02  3.431421e+02  5.589956e+02  3.208937e+01  4.656602e+02  3.809558e+01  3.744506e+01  7.631501e-01  4.097169e+02  0.000000e+00  4.170049e+01  7.746732e-02  4.552519e-02  0.000000e+00
1.190472e+03  3.081622e+02  5.255004e+02  4.549442e+02  3.544010e+02  4.572404e+02  2.548787e+01  2.750858e+02  4.743209e+01  2.013136e+01  1.503347e+00  2.454493e+02  0.000000e+00  6.890597e+01  0.000000e+00  0.000000e+00  0.000000e+00
1.335731e+03  2.901317e+02  4.489048e+02  3.716920e+02  2.755550e+02  3.639048e+02  1.570679e+01  3.767850e+02  1.451283e+01  3.068478e+01  4.855219e+00  1.153048e+02  0.000000e+00  1.869274e+01  2.017966e+00  0.000000e+00  0.000000e+00
1.498715e+03  1.912258e+02  3.431239e+02  3.188427e+02  2.743446e+02  2.410764e+02  3.836714e+01  3.068829e+02  4.384237e+01  3.341971e+01  6.901253e+00  8.872672e+01  7.859660e-03  3.932473e+01  0.000000e+00  0.000000e+00  2.105892e-02
1.681586e+03  7.300552e+01  2.859452e+02  2.325664e+02  2.488399e+02  2.710323e+02  2.701744e+01  2.502934e+02  3.083048e+01  2.673013e+01  7.754074e+00  5.940195e+01  0.000000e+00  3.494939e+01  9.419798e-01  0.000000e+00  2.451123e-03
1.886771e+03  8.495811e+01  1.780154e+02  2.350263e+02  3.308588e+02  2.191281e+02  2.297354e+01  2.279280e+02  3.202614e+01  2.066964e+01  9.985935e+00  3.405801e+01  3.558935e+00  4.219472e+00  3.798538e-01  1.286593e-03  0.000000e+00
2.116992e+03  8.242057e+01  1.828676e+02  1.516294e+02  2.042360e+02  8.900640e+01  1.800960e+01  1.600076e+02  2.886341e+01  8.399590e+00  8.081148e+00  1.007686e+01  2.116742e+00  4.260940e+00  3.863048e-04  0.000000e+00  3.863048e-04
2.375304e+03  3.225082e+01  1.096921e+02  1.317924e+02  2.669408e+02  8.270804e+01  2.828680e+01  1.422053e+02  2.683677e+01  1.968266e+01  3.478563e+00  2.464691e+01  1.997669e-04  0.000000e+00  4.920858e-02  0.000000e+00  1.146043e-01
2.665135e+03  2.852231e+01  6.916313e+01  1.067557e+02  2.105583e+02  4.191282e+01  2.552970e+01  8.952632e+01  4.476581e+01  7.020707e+00  1.317612e+01  6.944401e+00  1.799514e+00  1.835817e+00  1.487541e-01  0.000000e+00  7.911159e-01
2.990330e+03  3.795770e+00  4.563566e+01  6.260232e+01  1.593688e+02  3.351687e+01  2.913433e+01  6.220351e+01  3.459494e+01  2.364175e+00  2.569907e+00  4.582002e+00  1.057754e-01  0.000000e+00  1.330486e-01  0.000000e+00  9.708538e-01
3.355206e+03  4.363066e+00  5.041007e+01  4.397554e+01  1.668605e+02  9.289488e+00  3.202377e+01  4.309933e+01  2.191220e+01  5.231682e+00  5.421663e+00  5.073660e-01  1.496497e+00  1.224766e+00  9.230332e-03  0.000000e+00  3.257991e-04
3.764603e+03  2.198360e+00  2.033678e+01  3.224005e+01  1.059629e+02  4.698495e+00  1.965634e+01  2.298999e+01  1.542322e+01  3.109283e+00  3.816859e+00  1.807743e+00  2.879047e-02  7.313363e-05  8.989915e-01  0.000000e+00  2.867402e-01
4.223954e+03  2.065939e-02  1.815930e+01  1.013076e+01  8.742922e+01  9.236804e-01  1.081888e+01  2.366171e+01  1.532170e+01  3.317219e+00  2.446815e+00  1.379721e+00  1.025874e-01  0.000000e+00  1.003520e+00  0.000000e+00  1.340173e-01
4.739354e+03  3.829948e-02  9.413245e+00  1.599957e+01  7.565879e+01  1.765812e+00  1.394150e+01  3.444816e+00  7.887912e+00  8.158103e-01  1.336061e+00  7.579414e-01  3.381425e-01  5.122017e-04  4.254828e-03  0.000000e+00  2.385496e-02
5.317643e+03  1.394376e+00  5.828939e+00  7.917925e+00  4.630373e+01  3.039608e-02  9.184250e+00  3.949014e-01  1.616384e+01  4.737012e+00  1.597612e+00  1.329450e-01  9.628304e-01  0.000000e+00  2.664186e-01  0.000000e+00  1.572410e+00
5.966493e+03  7.922068e-02  2.960480e+00  1.329286e+00  2.042487e+01  9.411146e-01  1.145405e+01  8.243174e-01  3.377755e+00  1.600261e+00  2.698820e+00  5.053531e-03  2.126914e-02  0.000000e+00  4.598551e-02  0.000000e+00  1.361455e-01
6.694516e+03  7.087999e-05  1.511743e+00  2.048033e+00  1.317324e+01  2.500782e-02  1.433116e+01  3.010022e-02  3.552370e+00  8.021872e-01  2.349478e+00  4.183753e-01  2.546395e+00  0.000000e+00  2.780053e-02  0.000000e+00  6.156943e-04
7.511370e+03  7.998812e-03  6.136885e-01  2.069253e+00  1.190688e+01  3.628648e-01  6.461576e+00  2.248180e-01  1.960225e+00  2.106954e-01  1.229640e+00  5.584545e-03  9.985097e-02  0.000000e+00  1.792507e-03  0.000000e+00  7.554970e-01
8.427896e+03  3.226722e-02  2.675524e-01  1.278782e+00  9.900846e-01  3.584484e-02  6.431127e+00  1.413321e+00  2.955416e+00  2.208711e-01  1.233970e-01  4.975503e-01  3.529793e-01  0.000000e+00  9.886288e-04  0.000000e+00  4.235938e-02
9.456255e+03  0.000000e+00  8.716871e-02  1.093758e+00  3.076415e+00  6.032576e-02  5.017143e+00  8.648288e-05  1.419037e+00  3.592870e-01  1.869924e-01  1.264168e+00  4.265646e-01  0.000000e+00  1.800077e-01  0.000000e+00  3.275045e-03
1.061009e+04  0.000000e+00  7.182941e-01  8.055651e-01  1.505538e+00  1.109351e-02  2.385416e+00  5.714259e-02  8.027562e-01  3.051730e-03  5.820651e-01  1.902034e-01  3.467700e-01  0.000000e+00  4.472225e-05  0.000000e+00  1.576026e-01
1.190472e+04  0.000000e+00  3.124657e-04  3.462304e-04  8.507253e-01  0.000000e+00  5.588240e-01  2.312688e-05  6.574760e-03  7.971749e-05  2.692407e-01  2.366594e+00  2.835238e-01  0.000000e+00  1.264556e-02  0.000000e+00  2.421780e-02
1.335731e+04  0.000000e+00  3.476570e-02  6.525964e-01  7.337861e-01  0.000000e+00  1.612713e+00  1.055205e-04  4.904268e-02  2.277941e-03  1.630758e-01  6.198149e-02  1.433540e-02  0.000000e+00  0.000000e+00  0.000000e+00  3.485464e-02
1.498715e+04  0.000000e+00  1.056162e-01  7.859660e-04  1.117475e-02  0.000000e+00  2.516181e-01  0.000000e+00  7.838236e-01  3.222937e-03  1.830716e-02  1.091340e-04  1.023560e+00  0.000000e+00  8.622793e-05  0.000000e+00  1.903645e-01
1.681586e+04  0.000000e+00  1.812656e-03  2.821783e-05  7.227706e-03  0.000000e+00  5.301841e-01  1.637258e-05  1.135029e-02  0.000000e+00  7.004929e-04  4.116702e-04  3.289302e-04  0.000000e+00  4.940348e-02  0.000000e+00  1.058046e-01
1.886771e+04  0.000000e+00  6.488153e-03  0.000000e+00  5.933572e-02  0.000000e+00  4.117515e-01  0.000000e+00  2.024995e-01  0.000000e+00  0.000000e+00  2.895513e-02  5.989589e-02  0.000000e+00  1.573923e-01  0.000000e+00  4.124026e-02
2.116992e+04  0.000000e+00  1.300520e-05  0.000000e+00  2.243297e-02  0.000000e+00  7.958411e-05  0.000000e+00  1.284581e-02  0.000000e+00  0.000000e+00  0.000000e+00  5.280343e-02  0.000000e+00  3.405657e-01  0.000000e+00  1.284581e-02
2.375304e+04  0.000000e+00  0.000000e+00  0.000000e+00  1.159090e-05  0.000000e+00  1.277757e-02  1.735262e-04  1.269390e-03  0.000000e+00  2.033535e-03  1.669048e-02  3.995339e-05  0.000000e+00  0.000000e+00  0.000000e+00  7.506842e-02
2.665135e+04  0.000000e+00  1.546554e-04  0.000000e+00  5.939983e-02  0.000000e+00  0.000000e+00  0.000000e+00  0.000000e+00  0.000000e+00  9.108378e-05  0.000000e+00  0.000000e+00  0.000000e+00  0.000000e+00  0.000000e+00  1.546554e-04
2.990330e+04  0.000000e+00  0.000000e+00  0.000000e+00  2.517145e-03  0.000000e+00  0.000000e+00  0.000000e+00  0.000000e+00  0.000000e+00  0.000000e+00  0.000000e+00  3.525457e-03  0.000000e+00  1.426603e-02  0.000000e+00  6.095134e-03
3.355206e+04  0.000000e+00  0.000000e+00  0.000000e+00  0.000000e+00  0.000000e+00  0.000000e+00  0.000000e+00  0.000000e+00  0.000000e+00  0.000000e+00  0.000000e+00  2.437419e-05  0.000000e+00  2.540189e-01  0.000000e+00  1.447008e-04
3.764603e+04  0.000000e+00  0.000000e+00  0.000000e+00  3.128987e-04  0.000000e+00  0.000000e+00  0.000000e+00  0.000000e+00  0.000000e+00  0.000000e+00  0.000000e+00  1.999439e-03  0.000000e+00  3.128987e-04  0.000000e+00  7.313363e-06
4.223954e+04  0.000000e+00  0.000000e+00  0.000000e+00  1.638889e-04  0.000000e+00  0.000000e+00  0.000000e+00  5.240437e-02  0.000000e+00  0.000000e+00  0.000000e+00  2.072107e-03  0.000000e+00  0.000000e+00  0.000000e+00  0.000000e+00
4.739354e+04  0.000000e+00  0.000000e+00  0.000000e+00  0.000000e+00  0.000000e+00  0.000000e+00  0.000000e+00  5.809210e-06  0.000000e+00  0.000000e+00  0.000000e+00  1.518753e-04  0.000000e+00  1.588211e-03  0.000000e+00  0.000000e+00
5.317643e+04  0.000000e+00  0.000000e+00  0.000000e+00  0.000000e+00  0.000000e+00  0.000000e+00  0.000000e+00  0.000000e+00  0.000000e+00  0.000000e+00  0.000000e+00  0.000000e+00  0.000000e+00  0.000000e+00  0.000000e+00  0.000000e+00
5.966493e+04  0.000000e+00  0.000000e+00  0.000000e+00  0.000000e+00  0.000000e+00  0.000000e+00  0.000000e+00  0.000000e+00  0.000000e+00  0.000000e+00  0.000000e+00  0.000000e+00  0.000000e+00  0.000000e+00  0.000000e+00  0.000000e+00
6.694516e+04  0.000000e+00  0.000000e+00  0.000000e+00  0.000000e+00  0.000000e+00  0.000000e+00  0.000000e+00  0.000000e+00  0.000000e+00  0.000000e+00  0.000000e+00  0.000000e+00  0.000000e+00  0.000000e+00  0.000000e+00  4.545090e-04
7.511370e+04  0.000000e+00  0.000000e+00  0.000000e+00  0.000000e+00  0.000000e+00  0.000000e+00  0.000000e+00  0.000000e+00  0.000000e+00  0.000000e+00  0.000000e+00  0.000000e+00  0.000000e+00  0.000000e+00  0.000000e+00  2.106954e-02
8.427896e+04  0.000000e+00  0.000000e+00  0.000000e+00  0.000000e+00  0.000000e+00  0.000000e+00  0.000000e+00  0.000000e+00  0.000000e+00  0.000000e+00  0.000000e+00  0.000000e+00  0.000000e+00  0.000000e+00  0.000000e+00  0.000000e+00
9.456255e+04  0.000000e+00  0.000000e+00  0.000000e+00  0.000000e+00  0.000000e+00  0.000000e+00  0.000000e+00  0.000000e+00  0.000000e+00  0.000000e+00  0.000000e+00  0.000000e+00  0.000000e+00  0.000000e+00  0.000000e+00  0.000000e+00
1.061009e+05  0.000000e+00  0.000000e+00  0.000000e+00  0.000000e+00  0.000000e+00  0.000000e+00  0.000000e+00  0.000000e+00  0.000000e+00  0.000000e+00  0.000000e+00  0.000000e+00  0.000000e+00  0.000000e+00  0.000000e+00  0.000000e+00
1.190472e+05  0.000000e+00  0.000000e+00  0.000000e+00  0.000000e+00  0.000000e+00  0.000000e+00  0.000000e+00  0.000000e+00  0.000000e+00  0.000000e+00  0.000000e+00  0.000000e+00  0.000000e+00  0.000000e+00  0.000000e+00  0.000000e+00
1.335731e+05  0.000000e+00  0.000000e+00  0.000000e+00  0.000000e+00  0.000000e+00  0.000000e+00  0.000000e+00  0.000000e+00  0.000000e+00  0.000000e+00  0.000000e+00  0.000000e+00  0.000000e+00  0.000000e+00  0.000000e+00  0.000000e+00
1.498715e+05  0.000000e+00  0.000000e+00  0.000000e+00  0.000000e+00  0.000000e+00  0.000000e+00  0.000000e+00  0.000000e+00  0.000000e+00  0.000000e+00  0.000000e+00  0.000000e+00  0.000000e+00  0.000000e+00  0.000000e+00  0.000000e+00
1.681586e+05  0.000000e+00  0.000000e+00  0.000000e+00  0.000000e+00  0.000000e+00  0.000000e+00  0.000000e+00  0.000000e+00  0.000000e+00  0.000000e+00  0.000000e+00  0.000000e+00  0.000000e+00  0.000000e+00  0.000000e+00  0.000000e+00
1.886771e+05  0.000000e+00  0.000000e+00  0.000000e+00  0.000000e+00  0.000000e+00  0.000000e+00  0.000000e+00  0.000000e+00  0.000000e+00  0.000000e+00  0.000000e+00  0.000000e+00  0.000000e+00  0.000000e+00  0.000000e+00  0.000000e+00
2.116992e+05  0.000000e+00  0.000000e+00  0.000000e+00  0.000000e+00  0.000000e+00  0.000000e+00  0.000000e+00  0.000000e+00  0.000000e+00  0.000000e+00  0.000000e+00  0.000000e+00  0.000000e+00  0.000000e+00  0.000000e+00  0.000000e+00
2.375304e+05  0.000000e+00  0.000000e+00  0.000000e+00  0.000000e+00  0.000000e+00  0.000000e+00  0.000000e+00  0.000000e+00  0.000000e+00  0.000000e+00  0.000000e+00  0.000000e+00  0.000000e+00  0.000000e+00  0.000000e+00  0.000000e+00
2.665135e+05  0.000000e+00  0.000000e+00  0.000000e+00  0.000000e+00  0.000000e+00  0.000000e+00  0.000000e+00  0.000000e+00  0.000000e+00  0.000000e+00  0.000000e+00  0.000000e+00  0.000000e+00  0.000000e+00  0.000000e+00  0.000000e+00
2.990330e+05  0.000000e+00  0.000000e+00  0.000000e+00  0.000000e+00  0.000000e+00  0.000000e+00  0.000000e+00  0.000000e+00  0.000000e+00  0.000000e+00  0.000000e+00  0.000000e+00  0.000000e+00  0.000000e+00  0.000000e+00  0.000000e+00
3.355206e+05  0.000000e+00  0.000000e+00  0.000000e+00  0.000000e+00  0.000000e+00  0.000000e+00  0.000000e+00  0.000000e+00  0.000000e+00  0.000000e+00  0.000000e+00  0.000000e+00  0.000000e+00  0.000000e+00  0.000000e+00  0.000000e+00
3.764603e+05  0.000000e+00  0.000000e+00  0.000000e+00  0.000000e+00  0.000000e+00  0.000000e+00  0.000000e+00  0.000000e+00  0.000000e+00  0.000000e+00  0.000000e+00  0.000000e+00  0.000000e+00  0.000000e+00  0.000000e+00  0.000000e+00
4.223954e+05  0.000000e+00  0.000000e+00  0.000000e+00  0.000000e+00  0.000000e+00  0.000000e+00  0.000000e+00  0.000000e+00  0.000000e+00  0.000000e+00  0.000000e+00  0.000000e+00  0.000000e+00  0.000000e+00  0.000000e+00  0.000000e+00
4.739354e+05  0.000000e+00  0.000000e+00  0.000000e+00  0.000000e+00  0.000000e+00  0.000000e+00  0.000000e+00  0.000000e+00  0.000000e+00  0.000000e+00  0.000000e+00  0.000000e+00  0.000000e+00  0.000000e+00  0.000000e+00  0.000000e+00
5.317643e+05  0.000000e+00  0.000000e+00  0.000000e+00  0.000000e+00  0.000000e+00  0.000000e+00  0.000000e+00  0.000000e+00  0.000000e+00  0.000000e+00  0.000000e+00  0.000000e+00  0.000000e+00  0.000000e+00  0.000000e+00  0.000000e+00
5.966493e+05  0.000000e+00  0.000000e+00  0.000000e+00  0.000000e+00  0.000000e+00  0.000000e+00  0.000000e+00  0.000000e+00  0.000000e+00  0.000000e+00  0.000000e+00  0.000000e+00  0.000000e+00  0.000000e+00  0.000000e+00  0.000000e+00
6.694516e+05  0.000000e+00  0.000000e+00  0.000000e+00  0.000000e+00  0.000000e+00  0.000000e+00  0.000000e+00  0.000000e+00  0.000000e+00  0.000000e+00  0.000000e+00  0.000000e+00  0.000000e+00  0.000000e+00  0.000000e+00  0.000000e+00
7.511370e+05  0.000000e+00  0.000000e+00  0.000000e+00  0.000000e+00  0.000000e+00  0.000000e+00  0.000000e+00  0.000000e+00  0.000000e+00  0.000000e+00  0.000000e+00  0.000000e+00  0.000000e+00  0.000000e+00  0.000000e+00  0.000000e+00
8.427896e+05  0.000000e+00  0.000000e+00  0.000000e+00  0.000000e+00  0.000000e+00  0.000000e+00  0.000000e+00  0.000000e+00  0.000000e+00  0.000000e+00  0.000000e+00  0.000000e+00  0.000000e+00  0.000000e+00  0.000000e+00  0.000000e+00
9.456255e+05  0.000000e+00  0.000000e+00  0.000000e+00  0.000000e+00  0.000000e+00  0.000000e+00  0.000000e+00  0.000000e+00  0.000000e+00  0.000000e+00  0.000000e+00  0.000000e+00  0.000000e+00  0.000000e+00  0.000000e+00  0.000000e+00
