# dR/dEr [1/keV/kg/Myr]
# Er [keV], S, F, Ne, Cl, Na, Si, O, P, N, C, Al, Mg, Be, B, Ar, Li
1.061009e+01  2.967119e+02  2.219512e+02  0.000000e+00  0.000000e+00  7.768560e+01  0.000000e+00  2.005291e+01  0.000000e+00  0.000000e+00  0.000000e+00  0.000000e+00  0.000000e+00  3.413708e-01  0.000000e+00  0.000000e+00  0.000000e+00
1.190472e+01  1.122121e+02  2.086854e+01  0.000000e+00  0.000000e+00  3.570858e+01  0.000000e+00  0.000000e+00  0.000000e+00  0.000000e+00  0.000000e+00  0.000000e+00  0.000000e+00  0.000000e+00  0.000000e+00  0.000000e+00  0.000000e+00
1.335731e+01  1.629349e+02  3.330810e+01  0.000000e+00  0.000000e+00  0.000000e+00  0.000000e+00  0.000000e+00  0.000000e+00  0.000000e+00  0.000000e+00  0.000000e+00  0.000000e+00  0.000000e+00  0.000000e+00  0.000000e+00  0.000000e+00
1.498715e+01  4.139786e+01  4.312692e+01  0.000000e+00  0.000000e+00  1.692666e+01  0.000000e+00  6.886163e+00  0.000000e+00  0.000000e+00  0.000000e+00  0.000000e+00  0.000000e+00  0.000000e+00  0.000000e+00  0.000000e+00  0.000000e+00
1.681586e+01  1.023032e+02  4.564251e+01  1.479556e+01  0.000000e+00  2.885750e+01  6.137299e+00  0.000000e+00  0.000000e+00  0.000000e+00  0.000000e+00  0.000000e+00  0.000000e+00  0.000000e+00  0.000000e+00  0.000000e+00  0.000000e+00
1.886771e+01  7.007716e+01  5.251889e+01  0.000000e+00  0.000000e+00  1.318656e+01  0.000000e+00  0.000000e+00  0.000000e+00  0.000000e+00  0.000000e+00  0.000000e+00  0.000000e+00  0.000000e+00  0.000000e+00  0.000000e+00  0.000000e+00
2.116992e+01  7.088564e+01  5.769904e+01  0.000000e+00  0.000000e+00  1.427803e+01  0.000000e+00  6.278881e+00  0.000000e+00  0.000000e+00  0.000000e+00  2.706363e+00  0.000000e+00  0.000000e+00  0.000000e+00  0.000000e+00  0.000000e+00
2.375304e+01  1.309136e+02  2.574359e+01  1.473343e+01  0.000000e+00  3.195010e+01  0.000000e+00  1.047446e+01  0.000000e+00  0.000000e+00  0.000000e+00  0.000000e+00  0.000000e+00  0.000000e+00  0.000000e+00  0.000000e+00  0.000000e+00
2.665135e+01  1.133891e+02  5.192163e+01  4.987492e+00  1.831924e-01  7.968910e+00  0.000000e+00  0.000000e+00  9.389370e+00  0.000000e+00  0.000000e+00  0.000000e+00  0.000000e+00  0.000000e+00  0.000000e+00  0.000000e+00  0.000000e+00
2.990330e+01  1.289692e+02  5.879155e+01  6.108448e+00  0.000000e+00  6.656185e+00  0.000000e+00  7.896364e+00  0.000000e+00  0.000000e+00  0.000000e+00  6.364296e-01  0.000000e+00  4.741631e+00  0.000000e+00  0.000000e+00  0.000000e+00
3.355206e+01  1.643754e+02  4.340582e+01  6.339951e+00  0.000000e+00  1.297053e+01  0.000000e+00  1.598344e+01  0.000000e+00  0.000000e+00  0.000000e+00  4.258098e+00  0.000000e+00  3.997230e+00  0.000000e+00  0.000000e+00  0.000000e+00
3.764603e+01  1.826192e+02  3.110506e+01  1.702095e-02  3.530874e+00  2.050789e+01  0.000000e+00  2.108519e-01  0.000000e+00  0.000000e+00  0.000000e+00  0.000000e+00  0.000000e+00  2.862210e-02  0.000000e+00  0.000000e+00  0.000000e+00
4.223954e+01  1.657772e+02  8.354921e+01  1.872483e+00  0.000000e+00  3.942155e+01  0.000000e+00  4.912115e+00  0.000000e+00  0.000000e+00  0.000000e+00  1.146510e+00  0.000000e+00  2.651626e+01  0.000000e+00  0.000000e+00  0.000000e+00
4.739354e+01  2.318519e+02  9.126666e+01  2.804673e+00  7.293015e+00  1.083597e+01  0.000000e+00  1.010588e+01  0.000000e+00  0.000000e+00  0.000000e+00  0.000000e+00  0.000000e+00  8.909857e+00  0.000000e+00  0.000000e+00  0.000000e+00
5.317643e+01  2.035818e+02  5.147667e+01  6.940119e+00  0.000000e+00  2.668473e+01  0.000000e+00  1.343370e+01  0.000000e+00  0.000000e+00  0.000000e+00  1.077423e+00  0.000000e+00  0.000000e+00  0.000000e+00  0.000000e+00  0.000000e+00
5.966493e+01  2.718203e+02  9.620187e+01  7.729537e+00  3.957557e+00  1.840487e+01  0.000000e+00  1.380999e+01  0.000000e+00  0.000000e+00  0.000000e+00  1.799038e+00  0.000000e+00  4.610955e-01  0.000000e+00  0.000000e+00  0.000000e+00
6.694516e+01  2.958865e+02  8.078455e+01  1.296040e+01  0.000000e+00  3.740002e+01  0.000000e+00  3.789407e+00  0.000000e+00  6.048282e-01  0.000000e+00  4.833192e+00  0.000000e+00  6.593666e+01  0.000000e+00  0.000000e+00  0.000000e+00
7.511370e+01  3.103666e+02  1.121776e+02  1.176721e+01  4.205922e+00  2.280071e+01  0.000000e+00  9.688000e+00  0.000000e+00  0.000000e+00  0.000000e+00  1.052975e+00  0.000000e+00  1.942164e+04  0.000000e+00  0.000000e+00  0.000000e+00
8.427896e+01  3.950836e+02  1.248632e+02  7.252439e+00  9.975106e+00  3.178472e+01  0.000000e+00  1.760674e+01  0.000000e+00  0.000000e+00  0.000000e+00  0.000000e+00  0.000000e+00  2.366382e+04  0.000000e+00  0.000000e+00  0.000000e+00
9.456255e+01  3.917202e+02  9.668809e+01  1.029810e+01  4.987240e+00  2.811326e+01  0.000000e+00  4.891959e+00  0.000000e+00  4.305819e-01  0.000000e+00  2.396340e-03  0.000000e+00  1.795920e+04  0.000000e+00  0.000000e+00  0.000000e+00
1.061009e+02  4.599778e+02  1.275353e+02  7.690843e+00  1.723730e+00  3.979806e+01  0.000000e+00  8.322194e+00  0.000000e+00  0.000000e+00  1.011674e+00  4.504774e+00  0.000000e+00  1.367347e+04  0.000000e+00  0.000000e+00  0.000000e+00
1.190472e+02  4.950860e+02  1.621419e+02  1.703316e+01  2.605710e+00  3.717529e+01  0.000000e+00  5.581471e+00  0.000000e+00  8.669166e-01  2.717904e+00  1.208832e+04  0.000000e+00  1.004332e+04  0.000000e+00  4.844678e-01  0.000000e+00
1.335731e+02  5.565661e+02  1.747511e+02  1.238674e+01  4.797155e-03  4.403664e+01  0.000000e+00  6.683981e+00  0.000000e+00  0.000000e+00  0.000000e+00  1.010872e+04  0.000000e+00  7.390344e+03  0.000000e+00  0.000000e+00  0.000000e+00
1.498715e+02  1.361110e+03  2.030008e+02  8.986642e+00  2.815771e+00  2.586506e+01  0.000000e+00  1.192474e+01  0.000000e+00  1.430196e+00  1.681776e+00  7.556383e+03  0.000000e+00  5.523285e+03  0.000000e+00  0.000000e+00  0.000000e+00
1.681586e+02  1.956055e+03  2.054389e+02  1.215948e+01  2.885750e+00  2.223307e+01  1.347561e-03  1.467670e+01  0.000000e+00  1.288577e+00  0.000000e+00  5.602063e+03  0.000000e+00  4.068734e+03  0.000000e+00  0.000000e+00  0.000000e+00
1.886771e+02  1.139665e+03  2.420100e+02  8.966495e+00  2.853511e+00  4.838099e+01  1.251489e+00  1.406392e+01  8.975194e-01  8.975194e-01  0.000000e+00  4.168539e+03  0.000000e+00  2.982274e+03  0.000000e+00  0.000000e+00  0.000000e+00
2.116992e+02  4.966947e+02  3.016295e+02  1.145243e+01  7.198468e+00  2.040477e+01  7.999150e-01  1.125085e+01  0.000000e+00  0.000000e+00  1.070406e-03  3.296983e+03  0.000000e+00  2.005136e+03  0.000000e+00  3.026800e-03  0.000000e+00
2.375304e+02  3.605377e+02  1.540574e+03  1.738264e+01  5.989858e+00  2.975106e+01  3.345205e-01  1.264885e+01  1.459684e+00  0.000000e+00  4.344875e-01  2.458180e+03  0.000000e+00  1.464679e+03  0.000000e+00  1.332644e+00  0.000000e+00
2.665135e+02  2.967528e+02  1.285787e+03  1.767913e+01  4.729898e+00  4.293619e+01  7.981526e-01  9.763323e+00  0.000000e+00  6.353951e-01  8.062419e-01  1.800044e+03  0.000000e+00  1.021064e+03  0.000000e+00  0.000000e+00  0.000000e+00
2.990330e+02  1.816307e+02  1.952429e+02  9.804122e+00  3.534523e+00  3.289446e+01  6.150015e-02  1.875286e+01  1.274284e-03  3.603308e-03  1.361619e-01  1.357015e+03  0.000000e+00  7.649840e+02  0.000000e+00  0.000000e+00  0.000000e+00
3.355206e+02  1.602306e+02  1.749914e+02  1.145023e+01  4.770691e+00  3.483115e+01  5.047123e-01  1.366237e+01  4.736448e-01  3.961706e-01  9.789002e-01  1.015724e+03  8.199566e-02  5.337081e+02  0.000000e+00  0.000000e+00  9.001044e-03
3.764603e+02  1.065907e+02  1.303421e+02  1.460050e+01  4.677268e+00  3.909800e+01  2.836927e-01  9.515937e+00  0.000000e+00  5.650488e-01  0.000000e+00  6.617250e+02  0.000000e+00  3.895423e+02  0.000000e+00  0.000000e+00  0.000000e+00
4.223954e+02  6.885761e+01  1.094481e+02  9.242562e+00  4.539552e+00  3.330977e+01  3.155916e-01  1.334535e+01  1.063085e+00  4.018093e-01  7.675264e-01  5.119357e+02  0.000000e+00  2.089065e+02  0.000000e+00  1.516994e-03  0.000000e+00
4.739354e+02  5.541113e+01  8.954790e+01  1.297584e+01  7.606215e+00  2.863161e+01  5.069528e-01  1.291996e+01  1.072970e+00  5.280031e-01  0.000000e+00  3.192524e+02  0.000000e+00  1.400935e+02  5.280031e-01  0.000000e+00  0.000000e+00
5.317643e+02  4.330235e+01  5.829318e+01  1.380587e+01  3.764051e+00  2.975205e+01  8.949783e-01  1.091925e+01  1.216036e+00  1.188427e+00  4.353755e-01  2.642161e+02  0.000000e+00  1.096664e+02  4.261362e-04  5.952701e-01  0.000000e+00
5.966493e+02  3.862427e+01  5.150874e+01  1.420449e+01  6.730052e+00  2.882432e+01  1.005398e+00  1.109763e+01  1.144337e+00  5.758240e-01  2.376445e-01  1.881988e+02  0.000000e+00  7.406438e+01  0.000000e+00  1.805932e-03  0.000000e+00
6.694516e+02  2.977308e+01  4.332806e+01  1.716567e+01  9.593331e+00  2.787222e+01  1.000369e+00  1.370066e+01  8.300829e-01  6.893980e-01  2.146448e-01  1.317569e+02  0.000000e+00  4.315442e+01  0.000000e+00  0.000000e+00  0.000000e+00
7.511370e+02  2.422647e+01  3.385688e+01  1.166081e+01  7.769857e+00  1.854438e+01  2.440942e-01  1.013619e+01  9.853898e-01  7.899135e-01  1.424108e-01  8.649759e+01  0.000000e+00  2.883323e+01  0.000000e+00  0.000000e+00  0.000000e+00
8.427896e+02  1.502507e+01  2.827379e+01  1.018702e+01  8.438342e+00  2.083602e+01  5.753838e-01  1.165644e+01  4.101164e-01  1.808179e-01  4.927236e-01  4.529967e+01  0.000000e+00  1.423158e+01  0.000000e+00  4.058918e-01  0.000000e+00
9.456255e+02  1.492362e+01  2.293244e+01  1.364627e+01  5.832858e+00  1.714146e+01  8.309810e-01  1.213575e+01  1.192788e+00  0.000000e+00  5.822516e-01  3.796289e+01  5.163063e-03  1.114748e+01  0.000000e+00  0.000000e+00  0.000000e+00
1.061009e+03  1.363815e+01  1.630322e+01  1.287970e+01  8.741131e+00  1.388861e+01  1.013146e+00  1.108903e+01  8.934541e-01  1.411506e+00  2.057243e-01  2.670097e+01  0.000000e+00  4.337563e+00  4.276366e-02  2.592930e-02  0.000000e+00
1.190472e+03  9.078529e+00  1.398061e+01  1.175420e+01  8.819992e+00  1.012298e+01  1.040130e+00  6.874277e+00  1.077244e+00  4.775321e-01  5.013662e-01  1.597136e+01  0.000000e+00  4.762631e+00  0.000000e+00  0.000000e+00  0.000000e+00
1.335731e+03  9.147654e+00  1.244679e+01  9.620126e+00  6.656913e+00  8.433535e+00  4.649459e-01  8.802768e+00  5.036165e-01  8.741400e-01  1.639623e-01  8.013578e+00  0.000000e+00  1.638421e+00  2.561004e-01  0.000000e+00  0.000000e+00
1.498715e+03  5.733000e+00  9.177919e+00  7.715729e+00  7.338830e+00  5.891777e+00  1.441855e+00  7.862458e+00  1.551202e+00  1.343047e+00  3.000441e-01  4.663728e+00  5.296361e-03  2.526423e+00  0.000000e+00  0.000000e+00  1.298985e-02
1.681586e+03  2.468370e+00  8.986966e+00  6.131734e+00  6.346960e+00  7.170734e+00  7.119751e-01  5.837008e+00  9.902912e-01  9.369111e-01  6.622143e-01  4.827749e+00  0.000000e+00  1.354602e+00  1.765462e-01  0.000000e+00  1.795944e-03
1.886771e+03  3.442168e+00  5.505190e+00  6.312846e+00  8.012452e+00  5.723619e+00  8.354660e-01  5.148352e+00  1.020996e+00  7.302088e-01  6.123667e-01  2.443126e+00  1.456000e-01  1.127421e-01  1.466215e-01  9.598345e-04  0.000000e+00
2.116992e+03  2.548163e+00  5.756497e+00  4.106820e+00  4.837105e+00  2.325518e+00  7.703942e-01  3.952244e+00  8.962467e-01  2.155016e-01  4.545081e-01  1.218064e+00  6.459745e-02  4.649034e-01  3.026800e-04  0.000000e+00  3.026800e-04
2.375304e+03  1.033132e+00  3.318030e+00  3.769125e+00  7.083141e+00  2.422610e+00  1.290519e+00  3.596233e+00  8.270031e-01  5.007881e-01  1.433200e-01  1.405786e+00  1.604228e-04  0.000000e+00  2.412049e-02  0.000000e+00  4.528520e-02
2.665135e+03  1.195074e+00  2.516463e+00  2.985122e+00  6.056461e+00  1.157245e+00  7.773350e-01  2.243505e+00  1.434947e+00  3.494328e-01  7.232473e-01  7.796526e-01  2.508424e-01  1.367016e-01  5.320198e-02  0.000000e+00  1.243827e-01
2.990330e+03  2.811720e-01  1.824166e+00  1.952222e+00  4.645460e+00  1.001877e+00  1.024710e+00  1.613601e+00  8.377697e-01  3.353187e-01  2.885110e-01  6.585270e-01  4.530564e-02  0.000000e+00  4.777664e-02  0.000000e+00  1.804184e-01
3.355206e+03  2.887345e-01  2.128241e+00  1.981537e+00  4.741641e+00  3.801029e-01  9.889697e-01  9.946221e-01  5.539766e-01  2.603426e-01  2.944172e-01  1.449097e-01  1.228800e-01  1.034396e-01  5.672185e-03  0.000000e+00  2.585162e-04
3.764603e+03  9.234239e-02  7.909612e-01  1.394886e+00  2.909713e+00  3.446788e-01  8.301078e-01  6.222233e-01  4.313650e-01  1.604652e-01  3.371860e-01  2.646853e-01  1.672426e-02  6.019333e-05  9.473961e-02  0.000000e+00  9.510452e-02
4.223954e+03  1.163715e-02  5.869478e-01  5.487321e-01  2.302009e+00  1.527708e-01  4.098063e-01  5.356081e-01  5.196215e-01  2.614588e-01  2.212147e-01  2.133170e-01  3.943847e-02  0.000000e+00  9.775989e-02  0.000000e+00  5.429631e-02
4.739354e+03  1.668852e-02  4.263792e-01  7.137392e-01  2.153136e+00  1.624620e-01  4.514487e-01  1.463535e-01  3.964504e-01  1.152282e-01  1.487198e-01  1.591247e-01  6.514557e-02  3.821170e-04  2.764562e-03  0.000000e+00  1.401740e-02
5.317643e+03  8.032579e-02  4.064534e-01  4.657270e-01  1.337321e+00  1.613061e-02  3.355398e-01  6.132320e-02  6.847131e-01  2.583675e-01  1.827733e-01  5.846650e-02  8.403292e-02  0.000000e+00  7.277787e-02  0.000000e+00  9.286490e-02
5.966493e+03  3.067846e-02  1.781942e-01  2.448136e-01  8.287713e-01  6.352689e-02  4.399363e-01  5.056337e-02  3.030691e-01  1.065022e-01  2.279449e-01  3.082309e-03  1.081999e-02  0.000000e+00  1.829391e-02  0.000000e+00  3.686977e-02
6.694516e+03  5.692016e-05  1.273409e-01  1.777883e-01  6.211640e-01  1.292446e-02  6.316324e-01  1.560637e-02  1.520189e-01  1.358557e-01  1.965585e-01  1.090722e-01  1.283469e-01  0.000000e+00  1.232261e-02  0.000000e+00  4.511208e-04
7.511370e+03  4.719375e-03  1.073850e-01  1.761974e-01  3.315973e-01  4.799018e-02  3.123904e-01  5.730185e-02  1.208779e-01  3.938032e-02  1.093134e-01  3.619527e-03  3.428069e-02  0.000000e+00  1.230381e-03  0.000000e+00  1.152173e-01
8.427896e+03  1.273622e-02  8.234493e-02  8.618358e-02  9.374300e-02  1.491832e-02  4.246453e-01  8.023597e-02  3.387271e-01  4.841327e-02  3.919468e-02  7.678283e-02  6.929206e-02  0.000000e+00  7.071554e-04  0.000000e+00  1.906989e-02
9.456255e+03  0.000000e+00  2.411900e-02  9.270369e-02  2.338444e-01  1.901726e-02  2.733408e-01  6.776162e-05  1.089000e-01  6.917182e-02  3.996434e-02  1.262542e-01  8.459603e-02  0.000000e+00  3.755517e-02  0.000000e+00  2.012567e-03
1.061009e+04  0.000000e+00  7.242349e-02  3.069708e-02  1.408417e-01  5.460297e-03  1.955319e-01  2.377240e-02  7.755328e-02  1.895257e-03  5.387861e-02  5.774580e-02  5.837451e-02  0.000000e+00  3.591419e-05  0.000000e+00  3.263296e-02
1.190472e+04  0.000000e+00  2.379570e-04  2.536839e-04  7.461864e-02  0.000000e+00  6.190477e-02  1.903480e-05  4.163545e-03  6.401711e-05  5.700274e-02  1.116474e-01  2.941609e-02  0.000000e+00  6.802397e-03  0.000000e+00  1.190638e-02
1.335731e+04  0.000000e+00  1.537359e-02  4.317870e-02  9.688286e-02  0.000000e+00  5.652414e-02  8.066803e-05  1.695319e-02  1.393782e-03  4.550089e-02  2.287836e-02  6.463439e-03  0.000000e+00  0.000000e+00  0.000000e+00  1.375908e-02
1.498715e+04  0.000000e+00  1.975203e-02  5.296361e-04  5.939280e-03  0.000000e+00  3.470027e-02  0.000000e+00  4.920851e-02  1.835654e-03  7.282937e-03  8.550938e-05  3.659790e-02  0.000000e+00  6.817999e-05  0.000000e+00  2.878212e-02
1.681586e+04  0.000000e+00  1.234418e-03  2.266032e-05  3.616986e-03  0.000000e+00  6.272155e-02  1.347561e-05  5.101500e-03  0.000000e+00  4.720387e-04  2.903404e-04  2.436713e-04  0.000000e+00  1.796480e-02  0.000000e+00  2.293348e-02
1.886771e+04  0.000000e+00  3.253762e-03  0.000000e+00  1.333196e-02  0.000000e+00  3.889744e-02  0.000000e+00  3.167232e-02  0.000000e+00  0.000000e+00  1.147410e-02  1.370374e-02  0.000000e+00  2.391065e-02  0.000000e+00  1.738084e-02
2.116992e+04  0.000000e+00  1.070406e-05  0.000000e+00  8.865988e-03  0.000000e+00  6.160214e-05  0.000000e+00  5.070379e-03  0.000000e+00  0.000000e+00  0.000000e+00  1.182052e-02  0.000000e+00  3.615154e-02  0.000000e+00  5.070379e-03
2.375304e+04  0.000000e+00  0.000000e+00  0.000000e+00  9.540001e-06  0.000000e+00  5.338584e-03  1.271431e-04  7.742410e-04  0.000000e+00  1.158219e-03  5.969360e-03  3.208456e-05  0.000000e+00  0.000000e+00  0.000000e+00  1.633221e-02
2.665135e+04  0.000000e+00  1.133164e-04  0.000000e+00  1.111318e-02  0.000000e+00  0.000000e+00  0.000000e+00  0.000000e+00  0.000000e+00  6.795108e-05  0.000000e+00  0.000000e+00  0.000000e+00  0.000000e+00  0.000000e+00  1.133164e-04
2.990330e+04  0.000000e+00  0.000000e+00  0.000000e+00  1.354042e-03  0.000000e+00  0.000000e+00  0.000000e+00  0.000000e+00  0.000000e+00  0.000000e+00  0.000000e+00  1.969043e-03  0.000000e+00  5.356633e-03  0.000000e+00  2.665273e-03
3.355206e+04  0.000000e+00  0.000000e+00  0.000000e+00  0.000000e+00  0.000000e+00  0.000000e+00  0.000000e+00  0.000000e+00  0.000000e+00  0.000000e+00  0.000000e+00  1.909782e-05  0.000000e+00  9.434395e-03  0.000000e+00  1.079509e-04
3.764603e+04  0.000000e+00  0.000000e+00  0.000000e+00  2.108519e-04  0.000000e+00  0.000000e+00  0.000000e+00  0.000000e+00  0.000000e+00  0.000000e+00  0.000000e+00  1.075553e-03  0.000000e+00  2.108519e-04  0.000000e+00  6.019333e-06
4.223954e+04  0.000000e+00  0.000000e+00  0.000000e+00  1.155866e-04  0.000000e+00  0.000000e+00  0.000000e+00  9.016488e-03  0.000000e+00  0.000000e+00  0.000000e+00  1.155531e-03  0.000000e+00  0.000000e+00  0.000000e+00  0.000000e+00
4.739354e+04  0.000000e+00  0.000000e+00  0.000000e+00  0.000000e+00  0.000000e+00  0.000000e+00  0.000000e+00  4.781327e-06  0.000000e+00  0.000000e+00  0.000000e+00  1.077980e-04  0.000000e+00  8.543425e-04  0.000000e+00  0.000000e+00
5.317643e+04  0.000000e+00  0.000000e+00  0.000000e+00  0.000000e+00  0.000000e+00  0.000000e+00  0.000000e+00  0.000000e+00  0.000000e+00  0.000000e+00  0.000000e+00  0.000000e+00  0.000000e+00  0.000000e+00  0.000000e+00  0.000000e+00
5.966493e+04  0.000000e+00  0.000000e+00  0.000000e+00  0.000000e+00  0.000000e+00  0.000000e+00  0.000000e+00  0.000000e+00  0.000000e+00  0.000000e+00  0.000000e+00  0.000000e+00  0.000000e+00  0.000000e+00  0.000000e+00  0.000000e+00
6.694516e+04  0.000000e+00  0.000000e+00  0.000000e+00  0.000000e+00  0.000000e+00  0.000000e+00  0.000000e+00  0.000000e+00  0.000000e+00  0.000000e+00  0.000000e+00  0.000000e+00  0.000000e+00  0.000000e+00  0.000000e+00  2.780960e-04
7.511370e+04  0.000000e+00  0.000000e+00  0.000000e+00  0.000000e+00  0.000000e+00  0.000000e+00  0.000000e+00  0.000000e+00  0.000000e+00  0.000000e+00  0.000000e+00  0.000000e+00  0.000000e+00  0.000000e+00  0.000000e+00  3.938032e-03
8.427896e+04  0.000000e+00  0.000000e+00  0.000000e+00  0.000000e+00  0.000000e+00  0.000000e+00  0.000000e+00  0.000000e+00  0.000000e+00  0.000000e+00  0.000000e+00  0.000000e+00  0.000000e+00  0.000000e+00  0.000000e+00  0.000000e+00
9.456255e+04  0.000000e+00  0.000000e+00  0.000000e+00  0.000000e+00  0.000000e+00  0.000000e+00  0.000000e+00  0.000000e+00  0.000000e+00  0.000000e+00  0.000000e+00  0.000000e+00  0.000000e+00  0.000000e+00  0.000000e+00  0.000000e+00
1.061009e+05  0.000000e+00  0.000000e+00  0.000000e+00  0.000000e+00  0.000000e+00  0.000000e+00  0.000000e+00  0.000000e+00  0.000000e+00  0.000000e+00  0.000000e+00  0.000000e+00  0.000000e+00  0.000000e+00  0.000000e+00  0.000000e+00
1.190472e+05  0.000000e+00  0.000000e+00  0.000000e+00  0.000000e+00  0.000000e+00  0.000000e+00  0.000000e+00  0.000000e+00  0.000000e+00  0.000000e+00  0.000000e+00  0.000000e+00  0.000000e+00  0.000000e+00  0.000000e+00  0.000000e+00
1.335731e+05  0.000000e+00  0.000000e+00  0.000000e+00  0.000000e+00  0.000000e+00  0.000000e+00  0.000000e+00  0.000000e+00  0.000000e+00  0.000000e+00  0.000000e+00  0.000000e+00  0.000000e+00  0.000000e+00  0.000000e+00  0.000000e+00
1.498715e+05  0.000000e+00  0.000000e+00  0.000000e+00  0.000000e+00  0.000000e+00  0.000000e+00  0.000000e+00  0.000000e+00  0.000000e+00  0.000000e+00  0.000000e+00  0.000000e+00  0.000000e+00  0.000000e+00  0.000000e+00  0.000000e+00
1.681586e+05  0.000000e+00  0.000000e+00  0.000000e+00  0.000000e+00  0.000000e+00  0.000000e+00  0.000000e+00  0.000000e+00  0.000000e+00  0.000000e+00  0.000000e+00  0.000000e+00  0.000000e+00  0.000000e+00  0.000000e+00  0.000000e+00
1.886771e+05  0.000000e+00  0.000000e+00  0.000000e+00  0.000000e+00  0.000000e+00  0.000000e+00  0.000000e+00  0.000000e+00  0.000000e+00  0.000000e+00  0.000000e+00  0.000000e+00  0.000000e+00  0.000000e+00  0.000000e+00  0.000000e+00
2.116992e+05  0.000000e+00  0.000000e+00  0.000000e+00  0.000000e+00  0.000000e+00  0.000000e+00  0.000000e+00  0.000000e+00  0.000000e+00  0.000000e+00  0.000000e+00  0.000000e+00  0.000000e+00  0.000000e+00  0.000000e+00  0.000000e+00
2.375304e+05  0.000000e+00  0.000000e+00  0.000000e+00  0.000000e+00  0.000000e+00  0.000000e+00  0.000000e+00  0.000000e+00  0.000000e+00  0.000000e+00  0.000000e+00  0.000000e+00  0.000000e+00  0.000000e+00  0.000000e+00  0.000000e+00
2.665135e+05  0.000000e+00  0.000000e+00  0.000000e+00  0.000000e+00  0.000000e+00  0.000000e+00  0.000000e+00  0.000000e+00  0.000000e+00  0.000000e+00  0.000000e+00  0.000000e+00  0.000000e+00  0.000000e+00  0.000000e+00  0.000000e+00
2.990330e+05  0.000000e+00  0.000000e+00  0.000000e+00  0.000000e+00  0.000000e+00  0.000000e+00  0.000000e+00  0.000000e+00  0.000000e+00  0.000000e+00  0.000000e+00  0.000000e+00  0.000000e+00  0.000000e+00  0.000000e+00  0.000000e+00
3.355206e+05  0.000000e+00  0.000000e+00  0.000000e+00  0.000000e+00  0.000000e+00  0.000000e+00  0.000000e+00  0.000000e+00  0.000000e+00  0.000000e+00  0.000000e+00  0.000000e+00  0.000000e+00  0.000000e+00  0.000000e+00  0.000000e+00
3.764603e+05  0.000000e+00  0.000000e+00  0.000000e+00  0.000000e+00  0.000000e+00  0.000000e+00  0.000000e+00  0.000000e+00  0.000000e+00  0.000000e+00  0.000000e+00  0.000000e+00  0.000000e+00  0.000000e+00  0.000000e+00  0.000000e+00
4.223954e+05  0.000000e+00  0.000000e+00  0.000000e+00  0.000000e+00  0.000000e+00  0.000000e+00  0.000000e+00  0.000000e+00  0.000000e+00  0.000000e+00  0.000000e+00  0.000000e+00  0.000000e+00  0.000000e+00  0.000000e+00  0.000000e+00
4.739354e+05  0.000000e+00  0.000000e+00  0.000000e+00  0.000000e+00  0.000000e+00  0.000000e+00  0.000000e+00  0.000000e+00  0.000000e+00  0.000000e+00  0.000000e+00  0.000000e+00  0.000000e+00  0.000000e+00  0.000000e+00  0.000000e+00
5.317643e+05  0.000000e+00  0.000000e+00  0.000000e+00  0.000000e+00  0.000000e+00  0.000000e+00  0.000000e+00  0.000000e+00  0.000000e+00  0.000000e+00  0.000000e+00  0.000000e+00  0.000000e+00  0.000000e+00  0.000000e+00  0.000000e+00
5.966493e+05  0.000000e+00  0.000000e+00  0.000000e+00  0.000000e+00  0.000000e+00  0.000000e+00  0.000000e+00  0.000000e+00  0.000000e+00  0.000000e+00  0.000000e+00  0.000000e+00  0.000000e+00  0.000000e+00  0.000000e+00  0.000000e+00
6.694516e+05  0.000000e+00  0.000000e+00  0.000000e+00  0.000000e+00  0.000000e+00  0.000000e+00  0.000000e+00  0.000000e+00  0.000000e+00  0.000000e+00  0.000000e+00  0.000000e+00  0.000000e+00  0.000000e+00  0.000000e+00  0.000000e+00
7.511370e+05  0.000000e+00  0.000000e+00  0.000000e+00  0.000000e+00  0.000000e+00  0.000000e+00  0.000000e+00  0.000000e+00  0.000000e+00  0.000000e+00  0.000000e+00  0.000000e+00  0.000000e+00  0.000000e+00  0.000000e+00  0.000000e+00
8.427896e+05  0.000000e+00  0.000000e+00  0.000000e+00  0.000000e+00  0.000000e+00  0.000000e+00  0.000000e+00  0.000000e+00  0.000000e+00  0.000000e+00  0.000000e+00  0.000000e+00  0.000000e+00  0.000000e+00  0.000000e+00  0.000000e+00
9.456255e+05  0.000000e+00  0.000000e+00  0.000000e+00  0.000000e+00  0.000000e+00  0.000000e+00  0.000000e+00  0.000000e+00  0.000000e+00  0.000000e+00  0.000000e+00  0.000000e+00  0.000000e+00  0.000000e+00  0.000000e+00  0.000000e+00
