# dR/dEr [1/keV/kg/Myr]
# Er [keV], S, F, Ne, Cl, Na, Si, O, P, N, C, Al, Mg, Be, B, Ar, Li
1.061009e+01  5.417806e+02  3.981698e+02  0.000000e+00  0.000000e+00  1.319434e+02  0.000000e+00  3.734392e+01  0.000000e+00  0.000000e+00  0.000000e+00  0.000000e+00  0.000000e+00  3.673754e-01  0.000000e+00  0.000000e+00  0.000000e+00
1.190472e+01  2.072015e+02  3.423397e+01  0.000000e+00  0.000000e+00  6.576397e+01  0.000000e+00  0.000000e+00  0.000000e+00  0.000000e+00  0.000000e+00  0.000000e+00  0.000000e+00  0.000000e+00  0.000000e+00  0.000000e+00  0.000000e+00
1.335731e+01  2.984549e+02  6.132173e+01  0.000000e+00  0.000000e+00  0.000000e+00  0.000000e+00  0.000000e+00  0.000000e+00  0.000000e+00  0.000000e+00  0.000000e+00  0.000000e+00  0.000000e+00  0.000000e+00  0.000000e+00  0.000000e+00
1.498715e+01  7.647616e+01  7.422724e+01  0.000000e+00  0.000000e+00  3.109525e+01  0.000000e+00  1.286252e+01  0.000000e+00  0.000000e+00  0.000000e+00  0.000000e+00  0.000000e+00  0.000000e+00  0.000000e+00  0.000000e+00  0.000000e+00
1.681586e+01  1.888554e+02  7.721049e+01  2.739739e+01  0.000000e+00  5.300839e+01  1.146373e+01  0.000000e+00  0.000000e+00  0.000000e+00  0.000000e+00  0.000000e+00  0.000000e+00  0.000000e+00  0.000000e+00  0.000000e+00  0.000000e+00
1.886771e+01  1.295857e+02  9.175517e+01  0.000000e+00  0.000000e+00  2.441795e+01  0.000000e+00  0.000000e+00  0.000000e+00  0.000000e+00  0.000000e+00  0.000000e+00  0.000000e+00  0.000000e+00  0.000000e+00  0.000000e+00  0.000000e+00
2.116992e+01  1.303920e+02  1.017890e+02  0.000000e+00  0.000000e+00  2.636587e+01  0.000000e+00  1.165031e+01  0.000000e+00  0.000000e+00  0.000000e+00  3.200304e+00  0.000000e+00  0.000000e+00  0.000000e+00  0.000000e+00  0.000000e+00
2.375304e+01  2.405783e+02  4.744615e+01  2.315460e+01  0.000000e+00  5.423800e+01  0.000000e+00  1.939587e+01  0.000000e+00  0.000000e+00  0.000000e+00  0.000000e+00  0.000000e+00  0.000000e+00  0.000000e+00  0.000000e+00  0.000000e+00
2.665135e+01  2.072612e+02  8.757777e+01  9.254167e+00  1.995583e-01  1.485177e+01  0.000000e+00  0.000000e+00  1.293026e+01  0.000000e+00  0.000000e+00  0.000000e+00  0.000000e+00  0.000000e+00  0.000000e+00  0.000000e+00  0.000000e+00
2.990330e+01  2.345645e+02  1.064978e+02  1.143540e+01  0.000000e+00  9.774506e+00  0.000000e+00  1.469432e+01  0.000000e+00  0.000000e+00  0.000000e+00  7.163684e-01  0.000000e+00  6.031770e+00  0.000000e+00  0.000000e+00  0.000000e+00
3.355206e+01  2.988976e+02  7.677277e+01  1.153676e+01  0.000000e+00  2.398658e+01  0.000000e+00  2.579739e+01  0.000000e+00  0.000000e+00  0.000000e+00  5.410175e+00  0.000000e+00  4.742560e+00  0.000000e+00  0.000000e+00  0.000000e+00
3.764603e+01  3.289446e+02  5.266221e+01  1.810026e-02  6.551448e+00  3.311193e+01  0.000000e+00  2.326206e-01  0.000000e+00  0.000000e+00  0.000000e+00  0.000000e+00  0.000000e+00  3.061876e-02  0.000000e+00  0.000000e+00  0.000000e+00
4.223954e+01  3.025184e+02  1.528732e+02  2.273192e+00  0.000000e+00  7.022057e+01  0.000000e+00  9.154879e+00  0.000000e+00  0.000000e+00  0.000000e+00  1.322105e+00  0.000000e+00  3.919981e+01  0.000000e+00  0.000000e+00  0.000000e+00
4.739354e+01  4.246861e+02  1.660157e+02  5.204000e+00  1.337140e+01  2.002439e+01  0.000000e+00  1.877566e+01  0.000000e+00  0.000000e+00  0.000000e+00  0.000000e+00  0.000000e+00  1.377324e+01  0.000000e+00  0.000000e+00  0.000000e+00
5.317643e+01  3.709201e+02  9.499682e+01  1.290129e+01  0.000000e+00  4.748078e+01  0.000000e+00  2.498288e+01  0.000000e+00  0.000000e+00  0.000000e+00  1.274064e+00  0.000000e+00  0.000000e+00  0.000000e+00  0.000000e+00  0.000000e+00
5.966493e+01  4.979551e+02  1.751333e+02  1.435567e+01  7.364604e+00  3.122605e+01  0.000000e+00  2.331895e+01  0.000000e+00  0.000000e+00  0.000000e+00  2.244686e+00  0.000000e+00  5.288205e-01  0.000000e+00  0.000000e+00  0.000000e+00
6.694516e+01  5.400471e+02  1.473007e+02  2.401750e+01  0.000000e+00  6.766581e+01  0.000000e+00  6.961359e+00  0.000000e+00  7.033797e-01  0.000000e+00  7.147244e+00  0.000000e+00  1.010262e+02  0.000000e+00  0.000000e+00  0.000000e+00
7.511370e+01  5.661440e+02  2.013531e+02  2.025666e+01  7.719692e+00  4.033499e+01  0.000000e+00  1.773747e+01  0.000000e+00  0.000000e+00  0.000000e+00  1.278310e+00  0.000000e+00  3.039232e+04  0.000000e+00  0.000000e+00  0.000000e+00
8.427896e+01  7.207035e+02  2.282735e+02  1.337646e+01  1.801084e+01  5.720069e+01  0.000000e+00  3.074040e+01  0.000000e+00  0.000000e+00  0.000000e+00  0.000000e+00  0.000000e+00  3.703971e+04  0.000000e+00  0.000000e+00  0.000000e+00
9.456255e+01  7.173077e+02  1.767242e+02  1.773544e+01  9.196986e+00  4.927859e+01  0.000000e+00  8.977608e+00  0.000000e+00  5.004728e-01  0.000000e+00  2.518134e-03  0.000000e+00  2.803773e+04  0.000000e+00  0.000000e+00  0.000000e+00
1.061009e+02  8.449534e+02  2.324523e+02  1.385378e+01  3.225177e+00  7.160159e+01  0.000000e+00  1.546793e+01  0.000000e+00  0.000000e+00  1.262280e+00  7.151950e+00  0.000000e+00  2.145766e+04  0.000000e+00  0.000000e+00  0.000000e+00
1.190472e+02  9.085511e+02  2.952007e+02  3.111804e+01  4.762149e+00  6.460890e+01  0.000000e+00  9.633105e+00  0.000000e+00  1.619295e+00  4.019191e+00  1.900739e+04  0.000000e+00  1.572403e+04  0.000000e+00  5.724871e-01  0.000000e+00
1.335731e+02  1.022293e+03  3.209458e+02  2.189716e+01  5.101345e-03  7.959620e+01  0.000000e+00  1.194991e+01  0.000000e+00  0.000000e+00  0.000000e+00  1.583838e+04  0.000000e+00  1.154613e+04  0.000000e+00  0.000000e+00  0.000000e+00
1.498715e+02  2.505604e+03  3.710086e+02  1.660683e+01  5.138627e+00  4.752306e+01  0.000000e+00  1.982517e+01  0.000000e+00  2.630936e+00  2.312366e+00  1.184563e+04  0.000000e+00  8.631203e+03  0.000000e+00  0.000000e+00  0.000000e+00
1.681586e+02  3.604766e+03  3.745557e+02  2.171063e+01  5.300839e+00  3.990271e+01  1.416051e-03  2.580748e+01  0.000000e+00  1.718679e+00  0.000000e+00  8.747391e+03  0.000000e+00  6.342969e+03  0.000000e+00  0.000000e+00  0.000000e+00
1.886771e+02  2.095728e+03  4.438625e+02  1.592064e+01  5.287191e+00  8.730036e+01  2.328892e+00  2.404813e+01  1.651113e+00  1.651113e+00  0.000000e+00  6.546289e+03  0.000000e+00  4.675700e+03  0.000000e+00  0.000000e+00  0.000000e+00
2.116992e+02  9.116933e+02  5.509045e+02  2.061943e+01  1.276148e+01  3.601669e+01  1.471556e+00  2.048991e+01  0.000000e+00  0.000000e+00  1.124809e-03  5.152785e+03  0.000000e+00  3.121348e+03  0.000000e+00  3.218731e-03  0.000000e+00
2.375304e+02  6.601914e+02  2.840130e+03  3.166043e+01  1.098355e+01  5.337969e+01  6.280610e-01  2.218142e+01  2.672798e+00  0.000000e+00  8.115702e-01  3.838850e+03  0.000000e+00  2.272929e+03  0.000000e+00  2.352133e+00  0.000000e+00
2.665135e+02  5.429684e+02  2.368179e+03  3.248746e+01  7.887713e+00  7.658133e+01  1.452392e+00  1.730806e+01  0.000000e+00  1.168899e+00  1.077100e+00  2.818527e+03  0.000000e+00  1.602344e+03  0.000000e+00  0.000000e+00  0.000000e+00
2.990330e+02  3.304487e+02  3.579447e+02  1.791065e+01  6.488632e+00  5.933016e+01  6.935815e-02  3.287289e+01  1.347044e-03  3.854674e-03  1.582634e-01  2.124882e+03  0.000000e+00  1.202731e+03  0.000000e+00  0.000000e+00  0.000000e+00
3.355206e+02  2.901239e+02  3.190413e+02  2.086378e+01  8.627087e+00  6.289144e+01  9.284891e-01  2.411152e+01  8.892663e-01  7.350846e-01  1.441914e+00  1.585890e+03  9.403906e-02  8.267155e+02  0.000000e+00  0.000000e+00  9.735912e-03
3.764603e+02  1.933440e+02  2.373102e+02  2.617267e+01  7.614612e+00  7.076550e+01  3.313708e-01  1.695437e+01  0.000000e+00  1.028215e+00  0.000000e+00  1.042472e+03  0.000000e+00  6.062760e+02  0.000000e+00  0.000000e+00  0.000000e+00
4.223954e+02  1.248193e+02  1.976822e+02  1.681185e+01  8.001821e+00  6.002684e+01  5.848521e-01  2.418217e+01  1.799854e+00  7.384788e-01  1.134375e+00  8.044369e+02  0.000000e+00  3.298285e+02  0.000000e+00  1.613187e-03  0.000000e+00
4.739354e+02  9.881488e+01  1.607634e+02  2.357756e+01  1.399712e+01  5.102304e+01  8.029893e-01  2.249768e+01  1.706889e+00  7.271220e-01  0.000000e+00  4.959612e+02  0.000000e+00  2.196309e+02  7.271220e-01  0.000000e+00  0.000000e+00
5.317643e+02  7.644962e+01  1.043292e+02  2.472893e+01  6.757371e+00  5.410909e+01  1.653692e+00  1.987189e+01  2.065384e+00  1.978237e+00  7.232450e-01  4.099568e+02  0.000000e+00  1.730160e+02  4.477946e-04  1.050659e+00  0.000000e+00
5.966493e+02  6.816845e+01  9.108287e+01  2.531214e+01  1.162492e+01  5.258733e+01  1.626979e+00  1.960425e+01  1.973263e+00  1.053170e+00  3.023046e-01  2.960921e+02  0.000000e+00  1.157503e+02  0.000000e+00  1.931913e-03  0.000000e+00
6.694516e+02  5.212571e+01  7.651661e+01  3.091947e+01  1.698193e+01  5.053244e+01  1.675712e+00  2.477933e+01  1.506462e+00  1.266399e+00  3.582940e-01  2.071348e+02  0.000000e+00  6.553926e+01  0.000000e+00  0.000000e+00  0.000000e+00
7.511370e+02  4.248680e+01  5.962586e+01  2.121165e+01  1.378619e+01  3.377478e+01  4.335304e-01  1.835311e+01  1.799850e+00  1.314724e+00  2.406160e-01  1.331576e+02  0.000000e+00  4.470664e+01  0.000000e+00  0.000000e+00  0.000000e+00
8.427896e+02  2.626585e+01  4.932422e+01  1.825516e+01  1.538707e+01  3.750513e+01  1.068024e+00  2.105550e+01  7.519292e-01  3.186193e-01  6.366626e-01  7.049440e+01  0.000000e+00  2.181801e+01  0.000000e+00  6.219783e-01  0.000000e+00
9.456255e+02  2.578151e+01  4.071982e+01  2.440909e+01  1.024969e+01  3.104731e+01  1.387763e+00  2.177316e+01  2.193036e+00  0.000000e+00  1.002330e+00  5.813716e+01  5.624316e-03  1.738618e+01  0.000000e+00  0.000000e+00  0.000000e+00
1.061009e+03  2.366205e+01  2.884352e+01  2.294005e+01  1.565706e+01  2.491482e+01  1.786753e+00  2.016897e+01  1.628387e+00  2.351705e+00  2.740138e-01  4.145132e+01  0.000000e+00  6.456474e+00  4.939294e-02  2.973776e-02  0.000000e+00
1.190472e+03  1.568222e+01  2.479670e+01  2.099903e+01  1.578230e+01  1.865021e+01  1.737992e+00  1.228628e+01  1.922173e+00  8.639670e-01  6.379573e-01  2.501164e+01  0.000000e+00  7.502555e+00  0.000000e+00  0.000000e+00  0.000000e+00
1.335731e+03  1.573534e+01  2.173447e+01  1.711946e+01  1.205216e+01  1.539605e+01  7.640719e-01  1.603950e+01  8.582024e-01  1.520848e+00  2.600081e-01  1.260896e+01  0.000000e+00  2.397020e+00  3.924418e-01  0.000000e+00  0.000000e+00
1.498715e+03  9.890895e+00  1.609045e+01  1.391661e+01  1.301990e+01  1.062270e+01  2.379475e+00  1.407562e+01  2.677808e+00  2.247363e+00  4.480881e-01  7.555357e+00  5.843165e-03  3.952716e+00  0.000000e+00  0.000000e+00  1.460788e-02
1.681586e+03  4.121147e+00  1.543098e+01  1.087150e+01  1.131694e+01  1.271019e+01  1.241946e+00  1.065601e+01  1.673904e+00  1.554361e+00  1.002252e+00  7.415469e+00  0.000000e+00  2.252492e+00  2.515636e-01  0.000000e+00  1.942570e-03
1.886771e+03  5.694766e+00  9.385514e+00  1.109951e+01  1.454067e+01  1.010411e+01  1.391362e+00  9.430032e+00  1.728807e+00  1.251220e+00  9.475669e-01  3.773063e+00  2.263157e-01  2.051558e-01  1.833031e-01  1.032952e-03  0.000000e+00
2.116992e+03  4.378399e+00  9.781616e+00  7.292571e+00  8.748918e+00  4.112178e+00  1.275275e+00  7.102940e+00  1.528213e+00  3.618335e-01  7.324758e-01  1.796508e+00  1.024726e-01  6.992257e-01  3.218731e-04  0.000000e+00  3.218731e-04
2.375304e+03  1.694711e+00  5.739897e+00  6.525394e+00  1.261313e+01  4.153874e+00  2.084793e+00  6.443132e+00  1.442902e+00  8.943281e-01  2.287508e-01  2.180216e+00  1.695828e-04  0.000000e+00  2.852274e-02  0.000000e+00  5.648422e-02
2.665135e+03  1.964785e+00  4.195736e+00  5.207333e+00  1.056842e+01  1.999149e+00  1.351850e+00  4.022654e+00  2.457297e+00  5.783781e-01  1.174364e+00  1.153417e+00  3.773813e-01  2.183441e-01  6.767757e-02  0.000000e+00  1.828165e-01
2.990330e+03  4.187395e-01  3.023014e+00  3.337761e+00  8.107687e+00  1.747588e+00  1.710377e+00  2.872760e+00  1.497453e+00  4.729355e-01  3.901277e-01  9.532265e-01  5.530346e-02  0.000000e+00  6.070317e-02  0.000000e+00  2.563890e-01
3.355206e+03  4.297596e-01  3.514999e+00  3.218048e+00  8.272783e+00  6.048621e-01  1.697589e+00  1.829597e+00  9.763045e-01  4.165126e-01  4.582128e-01  1.900651e-01  1.914891e-01  1.657880e-01  6.384640e-03  0.000000e+00  2.740589e-04
3.764603e+03  1.465492e-01  1.302790e+00  2.267493e+00  5.091827e+00  5.432853e-01  1.332807e+00  1.110493e+00  7.491945e-01  2.343518e-01  4.941746e-01  3.708293e-01  1.908869e-02  6.325267e-05  1.480261e-01  0.000000e+00  1.206784e-01
4.223954e+03  1.337102e-02  1.001890e+00  8.412510e-01  4.070504e+00  2.198813e-01  6.898083e-01  9.723015e-01  8.759445e-01  3.887915e-01  3.136757e-01  3.087879e-01  4.917697e-02  0.000000e+00  1.499642e-01  0.000000e+00  6.725939e-02
4.739354e+03  2.025984e-02  6.762871e-01  1.158927e+00  3.743284e+00  2.524146e-01  7.618729e-01  2.410085e-01  6.400105e-01  1.672338e-01  2.018392e-01  2.209054e-01  9.205506e-02  4.112255e-04  3.074902e-03  0.000000e+00  1.595242e-02
5.317643e+03  1.263057e-01  6.234760e-01  7.053309e-01  2.334138e+00  1.872129e-02  5.442683e-01  9.048775e-02  1.119117e+00  4.050146e-01  2.552558e-01  7.068254e-02  1.292315e-01  0.000000e+00  9.567781e-02  0.000000e+00  1.481629e-01
5.966493e+03  3.825753e-02  2.664535e-01  3.425765e-01  1.373527e+00  1.008467e-01  7.257375e-01  7.126059e-02  4.423115e-01  1.583635e-01  3.556520e-01  3.476142e-03  1.267279e-02  0.000000e+00  2.277351e-02  0.000000e+00  4.904362e-02
6.694516e+03  6.017025e-05  1.855478e-01  2.580387e-01  1.001435e+00  1.510734e-02  1.017605e+00  1.823963e-02  2.314526e-01  1.921645e-01  2.994705e-01  1.454077e-01  2.045588e-01  0.000000e+00  1.489099e-02  0.000000e+00  4.879515e-04
7.511370e+03  5.366435e-03  1.522596e-01  2.738400e-01  5.775186e-01  7.254831e-02  4.856517e-01  7.697168e-02  1.736351e-01  5.616461e-02  1.689597e-01  4.021931e-03  4.362319e-02  0.000000e+00  1.351023e-03  0.000000e+00  1.627088e-01
8.427896e+03  1.589116e-02  1.060015e-01  1.349178e-01  1.283111e-01  1.835208e-02  6.447427e-01  1.328005e-01  4.918133e-01  6.657898e-02  5.024761e-02  1.135452e-01  9.689871e-02  0.000000e+00  7.678277e-04  0.000000e+00  2.298621e-02
9.456255e+03  0.000000e+00  3.188792e-02  1.412843e-01  3.512072e-01  2.466066e-02  4.219886e-01  7.205842e-05  1.542169e-01  9.733057e-02  5.511255e-02  1.916036e-01  1.175837e-01  0.000000e+00  5.200901e-02  0.000000e+00  2.265356e-03
1.061009e+04  0.000000e+00  1.120978e-01  5.139509e-02  2.114443e-01  6.449669e-03  2.897258e-01  2.911817e-02  1.191104e-01  2.127640e-03  7.539180e-02  7.521231e-02  8.485756e-02  0.000000e+00  3.796486e-05  0.000000e+00  4.522545e-02
1.190472e+04  0.000000e+00  2.547861e-04  2.743953e-04  1.072568e-01  0.000000e+00  8.882527e-02  2.000225e-05  4.652302e-03  6.767243e-05  7.840388e-02  1.890166e-01  4.621950e-02  0.000000e+00  7.910790e-03  0.000000e+00  1.405535e-02
1.335731e+04  0.000000e+00  1.864186e-02  6.770110e-02  1.420025e-01  0.000000e+00  9.432889e-02  8.629539e-05  2.149337e-02  1.570563e-03  6.029446e-02  2.885145e-02  7.774957e-03  0.000000e+00  0.000000e+00  0.000000e+00  1.705157e-02
1.498715e+04  0.000000e+00  2.816487e-02  5.843165e-04  6.892684e-03  0.000000e+00  5.054512e-02  0.000000e+00  7.785829e-02  2.105272e-03  9.066298e-03  9.093157e-05  6.417421e-02  0.000000e+00  7.234285e-05  0.000000e+00  4.181439e-02
1.681586e+04  0.000000e+00  1.357824e-03  2.395421e-05  4.253912e-03  0.000000e+00  9.322354e-02  1.416051e-05  6.142177e-03  0.000000e+00  5.207726e-04  3.162786e-04  2.628039e-04  0.000000e+00  2.254850e-02  0.000000e+00  3.149243e-02
1.886771e+04  0.000000e+00  3.825025e-03  0.000000e+00  1.833819e-02  0.000000e+00  5.916892e-02  0.000000e+00  4.635046e-02  0.000000e+00  0.000000e+00  1.429994e-02  1.874997e-02  0.000000e+00  3.497828e-02  0.000000e+00  2.129830e-02
2.116992e+04  0.000000e+00  1.124809e-05  0.000000e+00  1.099023e-02  0.000000e+00  6.569681e-05  0.000000e+00  6.326386e-03  0.000000e+00  0.000000e+00  0.000000e+00  1.627823e-02  0.000000e+00  5.480354e-02  0.000000e+00  6.326386e-03
2.375304e+04  0.000000e+00  0.000000e+00  0.000000e+00  1.002487e-05  0.000000e+00  6.560092e-03  1.375234e-04  8.731674e-04  0.000000e+00  1.328337e-03  7.593548e-03  3.391656e-05  0.000000e+00  0.000000e+00  0.000000e+00  2.240579e-02
2.665135e+04  0.000000e+00  1.225679e-04  0.000000e+00  1.584445e-02  0.000000e+00  0.000000e+00  0.000000e+00  0.000000e+00  0.000000e+00  7.312738e-05  0.000000e+00  0.000000e+00  0.000000e+00  0.000000e+00  0.000000e+00  1.225679e-04
2.990330e+04  0.000000e+00  0.000000e+00  0.000000e+00  1.574671e-03  0.000000e+00  0.000000e+00  0.000000e+00  0.000000e+00  0.000000e+00  0.000000e+00  0.000000e+00  2.268253e-03  0.000000e+00  6.725351e-03  0.000000e+00  3.232402e-03
3.355206e+04  0.000000e+00  0.000000e+00  0.000000e+00  0.000000e+00  0.000000e+00  0.000000e+00  0.000000e+00  0.000000e+00  0.000000e+00  0.000000e+00  0.000000e+00  2.030882e-05  0.000000e+00  1.665183e-02  0.000000e+00  1.161743e-04
3.764603e+04  0.000000e+00  0.000000e+00  0.000000e+00  2.326206e-04  0.000000e+00  0.000000e+00  0.000000e+00  0.000000e+00  0.000000e+00  0.000000e+00  0.000000e+00  1.250806e-03  0.000000e+00  2.326206e-04  0.000000e+00  6.325267e-06
4.223954e+04  0.000000e+00  0.000000e+00  0.000000e+00  1.259128e-04  0.000000e+00  0.000000e+00  0.000000e+00  1.293157e-02  0.000000e+00  0.000000e+00  0.000000e+00  1.331641e-03  0.000000e+00  0.000000e+00  0.000000e+00  0.000000e+00
4.739354e+04  0.000000e+00  0.000000e+00  0.000000e+00  0.000000e+00  0.000000e+00  0.000000e+00  0.000000e+00  5.024338e-06  0.000000e+00  0.000000e+00  0.000000e+00  1.172442e-04  0.000000e+00  9.935503e-04  0.000000e+00  0.000000e+00
5.317643e+04  0.000000e+00  0.000000e+00  0.000000e+00  0.000000e+00  0.000000e+00  0.000000e+00  0.000000e+00  0.000000e+00  0.000000e+00  0.000000e+00  0.000000e+00  0.000000e+00  0.000000e+00  0.000000e+00  0.000000e+00  0.000000e+00
5.966493e+04  0.000000e+00  0.000000e+00  0.000000e+00  0.000000e+00  0.000000e+00  0.000000e+00  0.000000e+00  0.000000e+00  0.000000e+00  0.000000e+00  0.000000e+00  0.000000e+00  0.000000e+00  0.000000e+00  0.000000e+00  0.000000e+00
6.694516e+04  0.000000e+00  0.000000e+00  0.000000e+00  0.000000e+00  0.000000e+00  0.000000e+00  0.000000e+00  0.000000e+00  0.000000e+00  0.000000e+00  0.000000e+00  0.000000e+00  0.000000e+00  0.000000e+00  0.000000e+00  3.133684e-04
7.511370e+04  0.000000e+00  0.000000e+00  0.000000e+00  0.000000e+00  0.000000e+00  0.000000e+00  0.000000e+00  0.000000e+00  0.000000e+00  0.000000e+00  0.000000e+00  0.000000e+00  0.000000e+00  0.000000e+00  0.000000e+00  5.616461e-03
8.427896e+04  0.000000e+00  0.000000e+00  0.000000e+00  0.000000e+00  0.000000e+00  0.000000e+00  0.000000e+00  0.000000e+00  0.000000e+00  0.000000e+00  0.000000e+00  0.000000e+00  0.000000e+00  0.000000e+00  0.000000e+00  0.000000e+00
9.456255e+04  0.000000e+00  0.000000e+00  0.000000e+00  0.000000e+00  0.000000e+00  0.000000e+00  0.000000e+00  0.000000e+00  0.000000e+00  0.000000e+00  0.000000e+00  0.000000e+00  0.000000e+00  0.000000e+00  0.000000e+00  0.000000e+00
1.061009e+05  0.000000e+00  0.000000e+00  0.000000e+00  0.000000e+00  0.000000e+00  0.000000e+00  0.000000e+00  0.000000e+00  0.000000e+00  0.000000e+00  0.000000e+00  0.000000e+00  0.000000e+00  0.000000e+00  0.000000e+00  0.000000e+00
1.190472e+05  0.000000e+00  0.000000e+00  0.000000e+00  0.000000e+00  0.000000e+00  0.000000e+00  0.000000e+00  0.000000e+00  0.000000e+00  0.000000e+00  0.000000e+00  0.000000e+00  0.000000e+00  0.000000e+00  0.000000e+00  0.000000e+00
1.335731e+05  0.000000e+00  0.000000e+00  0.000000e+00  0.000000e+00  0.000000e+00  0.000000e+00  0.000000e+00  0.000000e+00  0.000000e+00  0.000000e+00  0.000000e+00  0.000000e+00  0.000000e+00  0.000000e+00  0.000000e+00  0.000000e+00
1.498715e+05  0.000000e+00  0.000000e+00  0.000000e+00  0.000000e+00  0.000000e+00  0.000000e+00  0.000000e+00  0.000000e+00  0.000000e+00  0.000000e+00  0.000000e+00  0.000000e+00  0.000000e+00  0.000000e+00  0.000000e+00  0.000000e+00
1.681586e+05  0.000000e+00  0.000000e+00  0.000000e+00  0.000000e+00  0.000000e+00  0.000000e+00  0.000000e+00  0.000000e+00  0.000000e+00  0.000000e+00  0.000000e+00  0.000000e+00  0.000000e+00  0.000000e+00  0.000000e+00  0.000000e+00
1.886771e+05  0.000000e+00  0.000000e+00  0.000000e+00  0.000000e+00  0.000000e+00  0.000000e+00  0.000000e+00  0.000000e+00  0.000000e+00  0.000000e+00  0.000000e+00  0.000000e+00  0.000000e+00  0.000000e+00  0.000000e+00  0.000000e+00
2.116992e+05  0.000000e+00  0.000000e+00  0.000000e+00  0.000000e+00  0.000000e+00  0.000000e+00  0.000000e+00  0.000000e+00  0.000000e+00  0.000000e+00  0.000000e+00  0.000000e+00  0.000000e+00  0.000000e+00  0.000000e+00  0.000000e+00
2.375304e+05  0.000000e+00  0.000000e+00  0.000000e+00  0.000000e+00  0.000000e+00  0.000000e+00  0.000000e+00  0.000000e+00  0.000000e+00  0.000000e+00  0.000000e+00  0.000000e+00  0.000000e+00  0.000000e+00  0.000000e+00  0.000000e+00
2.665135e+05  0.000000e+00  0.000000e+00  0.000000e+00  0.000000e+00  0.000000e+00  0.000000e+00  0.000000e+00  0.000000e+00  0.000000e+00  0.000000e+00  0.000000e+00  0.000000e+00  0.000000e+00  0.000000e+00  0.000000e+00  0.000000e+00
2.990330e+05  0.000000e+00  0.000000e+00  0.000000e+00  0.000000e+00  0.000000e+00  0.000000e+00  0.000000e+00  0.000000e+00  0.000000e+00  0.000000e+00  0.000000e+00  0.000000e+00  0.000000e+00  0.000000e+00  0.000000e+00  0.000000e+00
3.355206e+05  0.000000e+00  0.000000e+00  0.000000e+00  0.000000e+00  0.000000e+00  0.000000e+00  0.000000e+00  0.000000e+00  0.000000e+00  0.000000e+00  0.000000e+00  0.000000e+00  0.000000e+00  0.000000e+00  0.000000e+00  0.000000e+00
3.764603e+05  0.000000e+00  0.000000e+00  0.000000e+00  0.000000e+00  0.000000e+00  0.000000e+00  0.000000e+00  0.000000e+00  0.000000e+00  0.000000e+00  0.000000e+00  0.000000e+00  0.000000e+00  0.000000e+00  0.000000e+00  0.000000e+00
4.223954e+05  0.000000e+00  0.000000e+00  0.000000e+00  0.000000e+00  0.000000e+00  0.000000e+00  0.000000e+00  0.000000e+00  0.000000e+00  0.000000e+00  0.000000e+00  0.000000e+00  0.000000e+00  0.000000e+00  0.000000e+00  0.000000e+00
4.739354e+05  0.000000e+00  0.000000e+00  0.000000e+00  0.000000e+00  0.000000e+00  0.000000e+00  0.000000e+00  0.000000e+00  0.000000e+00  0.000000e+00  0.000000e+00  0.000000e+00  0.000000e+00  0.000000e+00  0.000000e+00  0.000000e+00
5.317643e+05  0.000000e+00  0.000000e+00  0.000000e+00  0.000000e+00  0.000000e+00  0.000000e+00  0.000000e+00  0.000000e+00  0.000000e+00  0.000000e+00  0.000000e+00  0.000000e+00  0.000000e+00  0.000000e+00  0.000000e+00  0.000000e+00
5.966493e+05  0.000000e+00  0.000000e+00  0.000000e+00  0.000000e+00  0.000000e+00  0.000000e+00  0.000000e+00  0.000000e+00  0.000000e+00  0.000000e+00  0.000000e+00  0.000000e+00  0.000000e+00  0.000000e+00  0.000000e+00  0.000000e+00
6.694516e+05  0.000000e+00  0.000000e+00  0.000000e+00  0.000000e+00  0.000000e+00  0.000000e+00  0.000000e+00  0.000000e+00  0.000000e+00  0.000000e+00  0.000000e+00  0.000000e+00  0.000000e+00  0.000000e+00  0.000000e+00  0.000000e+00
7.511370e+05  0.000000e+00  0.000000e+00  0.000000e+00  0.000000e+00  0.000000e+00  0.000000e+00  0.000000e+00  0.000000e+00  0.000000e+00  0.000000e+00  0.000000e+00  0.000000e+00  0.000000e+00  0.000000e+00  0.000000e+00  0.000000e+00
8.427896e+05  0.000000e+00  0.000000e+00  0.000000e+00  0.000000e+00  0.000000e+00  0.000000e+00  0.000000e+00  0.000000e+00  0.000000e+00  0.000000e+00  0.000000e+00  0.000000e+00  0.000000e+00  0.000000e+00  0.000000e+00  0.000000e+00
9.456255e+05  0.000000e+00  0.000000e+00  0.000000e+00  0.000000e+00  0.000000e+00  0.000000e+00  0.000000e+00  0.000000e+00  0.000000e+00  0.000000e+00  0.000000e+00  0.000000e+00  0.000000e+00  0.000000e+00  0.000000e+00  0.000000e+00
