# dR/dEr [1/keV/kg/Myr]
# Er [keV], S, F, Ne, Cl, Na, Si, O, P, N, C, Al, Mg, Be, B, Ar, Li
1.061009e+01  1.906746e+03  1.368035e+03  0.000000e+00  0.000000e+00  4.152010e+02  0.000000e+00  1.370449e+02  0.000000e+00  0.000000e+00  0.000000e+00  0.000000e+00  0.000000e+00  4.114088e-01  0.000000e+00  0.000000e+00  0.000000e+00
1.190472e+01  7.387228e+02  1.032793e+02  0.000000e+00  0.000000e+00  2.324857e+02  0.000000e+00  0.000000e+00  0.000000e+00  0.000000e+00  0.000000e+00  0.000000e+00  0.000000e+00  0.000000e+00  0.000000e+00  0.000000e+00  0.000000e+00
1.335731e+01  1.036543e+03  2.179741e+02  0.000000e+00  0.000000e+00  0.000000e+00  0.000000e+00  0.000000e+00  0.000000e+00  0.000000e+00  0.000000e+00  0.000000e+00  0.000000e+00  0.000000e+00  0.000000e+00  0.000000e+00  0.000000e+00
1.498715e+01  2.730670e+02  2.397906e+02  0.000000e+00  0.000000e+00  1.110277e+02  0.000000e+00  4.754681e+01  0.000000e+00  0.000000e+00  0.000000e+00  0.000000e+00  0.000000e+00  0.000000e+00  0.000000e+00  0.000000e+00  0.000000e+00
1.681586e+01  6.729019e+02  2.222549e+02  9.859173e+01  0.000000e+00  1.857939e+02  4.237614e+01  0.000000e+00  0.000000e+00  0.000000e+00  0.000000e+00  0.000000e+00  0.000000e+00  0.000000e+00  0.000000e+00  0.000000e+00  0.000000e+00
1.886771e+01  4.642127e+02  2.877809e+02  0.000000e+00  0.000000e+00  8.786997e+01  0.000000e+00  0.000000e+00  0.000000e+00  0.000000e+00  0.000000e+00  0.000000e+00  0.000000e+00  0.000000e+00  0.000000e+00  0.000000e+00  0.000000e+00
2.116992e+01  4.596626e+02  3.348811e+02  0.000000e+00  0.000000e+00  9.404807e+01  0.000000e+00  4.219916e+01  0.000000e+00  0.000000e+00  0.000000e+00  4.200583e+00  0.000000e+00  0.000000e+00  0.000000e+00  0.000000e+00  0.000000e+00
2.375304e+01  8.453472e+02  1.681517e+02  5.235133e+01  0.000000e+00  1.692066e+02  0.000000e+00  6.979760e+01  0.000000e+00  0.000000e+00  0.000000e+00  0.000000e+00  0.000000e+00  0.000000e+00  0.000000e+00  0.000000e+00  0.000000e+00
2.665135e+01  7.283809e+02  2.564830e+02  3.351999e+01  2.282774e-01  5.454211e+01  0.000000e+00  0.000000e+00  2.262545e+01  0.000000e+00  0.000000e+00  0.000000e+00  0.000000e+00  0.000000e+00  0.000000e+00  0.000000e+00  0.000000e+00
2.990330e+01  8.040404e+02  3.605194e+02  4.256585e+01  0.000000e+00  2.514238e+01  0.000000e+00  5.370458e+01  0.000000e+00  0.000000e+00  0.000000e+00  8.638160e-01  0.000000e+00  8.889791e+00  0.000000e+00  0.000000e+00  0.000000e+00
3.355206e+01  1.035324e+03  2.565156e+02  3.916469e+01  0.000000e+00  8.596619e+01  0.000000e+00  6.762348e+01  0.000000e+00  0.000000e+00  0.000000e+00  7.961147e+00  0.000000e+00  6.267901e+00  0.000000e+00  0.000000e+00  0.000000e+00
3.764603e+01  1.127417e+03  1.656704e+02  1.989118e-02  2.373033e+01  9.210224e+01  0.000000e+00  2.708926e-01  0.000000e+00  0.000000e+00  0.000000e+00  0.000000e+00  0.000000e+00  3.396807e-02  0.000000e+00  0.000000e+00  0.000000e+00
4.223954e+01  1.062870e+03  5.377455e+02  3.122050e+00  0.000000e+00  2.300163e+02  0.000000e+00  3.377077e+01  0.000000e+00  0.000000e+00  0.000000e+00  1.654760e+00  0.000000e+00  8.026742e+01  0.000000e+00  0.000000e+00  0.000000e+00
4.739354e+01  1.494878e+03  5.761395e+02  1.884967e+01  4.657615e+01  7.220934e+01  0.000000e+00  6.826692e+01  0.000000e+00  0.000000e+00  0.000000e+00  0.000000e+00  0.000000e+00  3.338934e+01  0.000000e+00  0.000000e+00  0.000000e+00
5.317643e+01  1.298992e+03  3.380970e+02  4.700009e+01  0.000000e+00  1.619441e+02  0.000000e+00  9.113569e+01  0.000000e+00  0.000000e+00  0.000000e+00  1.672282e+00  0.000000e+00  0.000000e+00  0.000000e+00  0.000000e+00  0.000000e+00
5.966493e+01  1.744234e+03  6.133096e+02  5.214999e+01  2.691605e+01  9.847179e+01  0.000000e+00  7.179714e+01  0.000000e+00  0.000000e+00  0.000000e+00  3.213183e+00  0.000000e+00  6.572289e-01  0.000000e+00  0.000000e+00  0.000000e+00
6.694516e+01  1.887840e+03  5.154653e+02  8.662021e+01  0.000000e+00  2.311531e+02  0.000000e+00  2.485600e+01  0.000000e+00  8.917487e-01  0.000000e+00  1.426318e+01  0.000000e+00  2.388404e+02  0.000000e+00  0.000000e+00  0.000000e+00
7.511370e+01  1.976088e+03  6.782753e+02  6.481698e+01  2.698106e+01  1.331986e+02  0.000000e+00  6.149480e+01  0.000000e+00  0.000000e+00  0.000000e+00  1.755657e+00  0.000000e+00  7.486696e+04  0.000000e+00  0.000000e+00  0.000000e+00
8.427896e+01  2.513459e+03  7.980874e+02  4.752672e+01  6.201943e+01  1.953740e+02  0.000000e+00  9.871656e+01  0.000000e+00  0.000000e+00  0.000000e+00  0.000000e+00  0.000000e+00  9.107845e+04  0.000000e+00  0.000000e+00  0.000000e+00
9.456255e+01  2.516932e+03  6.227943e+02  5.611593e+01  3.266226e+01  1.655572e+02  0.000000e+00  3.144204e+01  0.000000e+00  6.340252e-01  0.000000e+00  2.715437e-03  0.000000e+00  6.861840e+04  0.000000e+00  0.000000e+00  0.000000e+00
1.061009e+02  2.980338e+03  8.098333e+02  4.853566e+01  1.199911e+01  2.420758e+02  0.000000e+00  5.649351e+01  0.000000e+00  0.000000e+00  1.806905e+00  1.883589e+01  0.000000e+00  5.302150e+04  0.000000e+00  0.000000e+00  0.000000e+00
1.190472e+02  3.193696e+03  1.027718e+03  1.073025e+02  1.681004e+01  2.081016e+02  0.000000e+00  2.946564e+01  0.000000e+00  5.985789e+00  8.020776e+00  4.711698e+04  0.000000e+00  3.869383e+04  0.000000e+00  7.506644e-01  0.000000e+00
1.335731e+02  3.606464e+03  1.135328e+03  7.313745e+01  5.606095e-03  2.739892e+02  0.000000e+00  3.915246e+01  0.000000e+00  0.000000e+00  0.000000e+00  3.894979e+04  0.000000e+00  2.833563e+04  0.000000e+00  0.000000e+00  0.000000e+00
1.498715e+02  8.875322e+03  1.302201e+03  5.938629e+01  1.767394e+01  1.669222e+02  0.000000e+00  6.011786e+01  0.000000e+00  9.577408e+00  4.038000e+00  2.916811e+04  0.000000e+00  2.121650e+04  0.000000e+00  0.000000e+00  0.000000e+00
1.681586e+02  1.279781e+04  1.307055e+03  7.316549e+01  1.857939e+01  1.374402e+02  1.527003e-03  8.283868e+01  0.000000e+00  2.809270e+00  0.000000e+00  2.145613e+04  0.000000e+00  1.545895e+04  0.000000e+00  0.000000e+00  0.000000e+00
1.886771e+02  7.414572e+03  1.562934e+03  5.325987e+01  1.906397e+01  2.967790e+02  8.511602e+00  7.531550e+01  5.817543e+00  5.817543e+00  0.000000e+00  1.622276e+04  0.000000e+00  1.152972e+04  0.000000e+00  0.000000e+00  0.000000e+00
2.116992e+02  3.219241e+03  1.928656e+03  6.970434e+01  4.248963e+01  1.203434e+02  5.184890e+00  7.158692e+01  0.000000e+00  0.000000e+00  1.212941e-03  1.260968e+04  0.000000e+00  7.561792e+03  0.000000e+00  3.537207e-03  0.000000e+00
2.375304e+02  2.321602e+03  1.009261e+04  1.107498e+02  3.916599e+01  1.810192e+02  2.358722e+00  7.352561e+01  9.298548e+00  0.000000e+00  3.000001e+00  9.377046e+03  0.000000e+00  5.483100e+03  0.000000e+00  7.216394e+00  0.000000e+00
2.665135e+02  1.905764e+03  8.397164e+03  1.143848e+02  2.384635e+01  2.566838e+02  4.930542e+00  5.741099e+01  0.000000e+00  4.118505e+00  1.764340e+00  6.935054e+03  0.000000e+00  3.974695e+03  0.000000e+00  0.000000e+00  0.000000e+00
2.990330e+02  1.149603e+03  1.261255e+03  6.260364e+01  2.285814e+01  2.038136e+02  8.387745e-02  1.067369e+02  1.466392e-03  4.276326e-03  2.004964e-01  5.244776e+03  0.000000e+00  2.983570e+03  0.000000e+00  0.000000e+00  0.000000e+00
3.355206e+02  1.000274e+03  1.111737e+03  7.325691e+01  2.954544e+01  2.155004e+02  3.271445e+00  7.856922e+01  3.339694e+00  2.662587e+00  2.864012e+00  3.877010e+03  1.168737e-01  1.981146e+03  0.000000e+00  0.000000e+00  1.097973e-02
3.764603e+02  6.694836e+02  8.263509e+02  8.927037e+01  2.097177e+01  2.435716e+02  4.252800e-01  5.682102e+01  0.000000e+00  3.490557e+00  0.000000e+00  2.612635e+03  0.000000e+00  1.459798e+03  0.000000e+00  0.000000e+00  0.000000e+00
4.223954e+02  4.314159e+02  6.789669e+02  5.802748e+01  2.692114e+01  2.043684e+02  2.116006e+00  8.355015e+01  5.659797e+00  2.599639e+00  2.262335e+00  1.994156e+03  0.000000e+00  8.206771e+02  0.000000e+00  1.772803e-03  0.000000e+00
4.739354e+02  3.315499e+02  5.463595e+02  8.220493e+01  4.977658e+01  1.713535e+02  2.289483e+00  7.348559e+01  4.445145e+00  1.272323e+00  0.000000e+00  1.204008e+03  0.000000e+00  5.482740e+02  1.272323e+00  0.000000e+00  0.000000e+00
5.317643e+02  2.526408e+02  3.551121e+02  8.364358e+01  2.288913e+01  1.871625e+02  5.920785e+00  6.950499e+01  6.146861e+00  5.931682e+00  2.242811e+00  9.891267e+02  0.000000e+00  4.338889e+02  4.828807e-04  3.223445e+00  0.000000e+00
5.966493e+02  2.251977e+02  3.017791e+02  8.520383e+01  3.698252e+01  1.836850e+02  4.444771e+00  6.506282e+01  6.365654e+00  3.689534e+00  4.455450e-01  7.372764e+02  0.000000e+00  2.840685e+02  0.000000e+00  2.143240e-03  0.000000e+00
6.694516e+02  1.700894e+02  2.525244e+02  1.055725e+02  5.687771e+01  1.745180e+02  4.933556e+00  8.542066e+01  5.083473e+00  4.439397e+00  1.153615e+00  5.108247e+02  0.000000e+00  1.500746e+02  0.000000e+00  0.000000e+00  0.000000e+00
7.511370e+02  1.379501e+02  1.962921e+02  7.428775e+01  4.611131e+01  1.172897e+02  1.534988e+00  6.380273e+01  6.331400e+00  3.687919e+00  7.980988e-01  3.165099e+02  0.000000e+00  1.084260e+02  0.000000e+00  0.000000e+00  0.000000e+00
8.427896e+02  8.553812e+01  1.599291e+02  6.199619e+01  5.355192e+01  1.272519e+02  3.872674e+00  7.231565e+01  2.619169e+00  1.091273e+00  9.806909e-01  1.725478e+02  0.000000e+00  5.296960e+01  0.000000e+00  1.316219e+00  0.000000e+00
9.456255e+02  8.197895e+01  1.358914e+02  8.250708e+01  3.333326e+01  1.075804e+02  4.130985e+00  7.354453e+01  7.720686e+00  0.000000e+00  3.259293e+00  1.363375e+02  6.433732e-03  4.278136e+01  0.000000e+00  0.000000e+00  0.000000e+00
1.061009e+03  7.527354e+01  9.470451e+01  7.671317e+01  5.283685e+01  8.492951e+01  5.677958e+00  7.005969e+01  5.700083e+00  6.857330e+00  4.470676e-01  1.014542e+02  0.000000e+00  1.383557e+01  6.199961e-02  3.695870e-02  0.000000e+00
1.190472e+03  5.002503e+01  8.240481e+01  7.062863e+01  5.363322e+01  6.646148e+01  4.941659e+00  4.164005e+01  6.691761e+00  3.000022e+00  9.619343e-01  6.181030e+01  0.000000e+00  1.833552e+01  0.000000e+00  0.000000e+00  0.000000e+00
1.335731e+03  4.897428e+01  7.076250e+01  5.743341e+01  4.158444e+01  5.395509e+01  2.345570e+00  5.593299e+01  2.559268e+00  4.857764e+00  7.658650e-01  3.085244e+01  0.000000e+00  5.204283e+00  8.304783e-01  0.000000e+00  0.000000e+00
1.498715e+03  3.123019e+01  5.304091e+01  4.792053e+01  4.326989e+01  3.649303e+01  6.913087e+00  4.751542e+01  8.146606e+00  6.485269e+00  1.159144e+00  2.009827e+01  6.804514e-03  9.770171e+00  0.000000e+00  0.000000e+00  1.758899e-02
1.681586e+03  1.239635e+01  4.797187e+01  3.620674e+01  3.802539e+01  4.213879e+01  4.113869e+00  3.726926e+01  5.183939e+00  4.571935e+00  2.252524e+00  1.713690e+01  0.000000e+00  6.579287e+00  4.721342e-01  0.000000e+00  2.190743e-03
1.886771e+03  1.623077e+01  2.924560e+01  3.655348e+01  5.013192e+01  3.356790e+01  4.097073e+00  3.331919e+01  5.296409e+00  3.755152e+00  2.325151e+00  8.975015e+00  6.143761e-01  6.964576e-01  2.632868e-01  1.156761e-03  0.000000e+00
2.116992e+03  1.375552e+01  3.026810e+01  2.415392e+01  3.027770e+01  1.370448e+01  3.600125e+00  2.423397e+01  4.757978e+00  1.169683e+00  1.919922e+00  3.749266e+00  3.066587e-01  1.520253e+00  3.537207e-04  0.000000e+00  3.537207e-04
2.375304e+03  5.135957e+00  1.820687e+01  2.097352e+01  4.205790e+01  1.318234e+01  5.687327e+00  2.182776e+01  4.557039e+00  2.990395e+00  6.447812e-01  5.486895e+00  1.846078e-04  0.000000e+00  3.743773e-02  0.000000e+00  8.081960e-02
2.665135e+03  5.534052e+00  1.232566e+01  1.688661e+01  3.411580e+01  6.473861e+00  4.260228e+00  1.367958e+01  7.622479e+00  1.580223e+00  3.081178e+00  2.448004e+00  7.757988e-01  5.410011e-01  9.974509e-02  0.000000e+00  3.621014e-01
2.990330e+03  9.626505e-01  8.635352e+00  1.039989e+01  2.599280e+01  5.586561e+00  5.075490e+00  9.606863e+00  5.135741e+00  9.224332e-01  7.357808e-01  1.897499e+00  7.663937e-02  0.000000e+00  8.932554e-02  0.000000e+00  4.769875e-01
3.355206e+03  9.953553e-01  9.911741e+00  8.792622e+00  2.673022e+01  1.659334e+00  5.327324e+00  6.447017e+00  3.290316e+00  1.098071e+00  1.171901e+00  3.031662e-01  4.560484e-01  3.992025e-01  7.698768e-03  0.000000e+00  2.997141e-04
3.764603e+03  4.096363e-01  3.762412e+00  6.267000e+00  1.661829e+01  1.326894e+00  3.683626e+00  3.669865e+00  2.427315e+00  5.718556e-01  1.082474e+00  7.112959e-01  2.354168e-02  6.820871e-05  3.325104e-01  0.000000e+00  1.818590e-01
4.223954e+03  1.665337e-02  3.089894e+00  2.091775e+00  1.351924e+01  4.226598e-01  2.021075e+00  3.422412e+00  2.647157e+00  8.620315e-01  6.592395e-01  6.062823e-01  7.048024e-02  0.000000e+00  3.407422e-01  0.000000e+00  9.528531e-02
4.739354e+03  2.782530e-02  1.814244e+00  3.185898e+00  1.206821e+01  5.836768e-01  2.345476e+00  6.786739e-01  1.703842e+00  3.347212e-01  3.800322e-01  3.961775e-01  1.708419e-01  4.605148e-04  3.630506e-03  0.000000e+00  1.958548e-02
5.317643e+03  3.136504e-01  1.486950e+00  1.724609e+00  7.493590e+00  2.383832e-02  1.570065e+00  1.801262e-01  3.115065e+00  1.039417e+00  4.985995e-01  9.637307e-02  3.004365e-01  0.000000e+00  1.550005e-01  0.000000e+00  3.838158e-01
5.966493e+03  5.470707e-02  6.455450e-01  6.319788e-01  3.905793e+00  2.539644e-01  2.083361e+00  1.596950e-01  9.484392e-01  3.758356e-01  8.319678e-01  4.203831e-03  1.639559e-02  0.000000e+00  3.249763e-02  0.000000e+00  7.987290e-02
6.694516e+03  6.550133e-05  4.097399e-01  5.644482e-01  2.692113e+00  1.944384e-02  2.786480e+00  2.343570e-02  6.141780e-01  3.627110e-01  6.831546e-01  2.402140e-01  5.333480e-01  0.000000e+00  2.031459e-02  0.000000e+00  5.502899e-04
7.511370e+03  6.578234e-03  2.872631e-01  6.381687e-01  1.885471e+00  1.510215e-01  1.274548e+00  1.283170e-01  4.049308e-01  1.055274e-01  3.935646e-01  4.751285e-03  6.531332e-02  0.000000e+00  1.562108e-03  0.000000e+00  3.127845e-01
8.427896e+03  2.274759e-02  1.644323e-01  3.316228e-01  2.563339e-01  2.572367e-02  1.530568e+00  3.523496e-01  1.016520e+00  1.175209e-01  7.701543e-02  2.265930e-01  1.763650e-01  0.000000e+00  8.736063e-04  0.000000e+00  3.123454e-02
9.456255e+03  0.000000e+00  5.149405e-02  3.233470e-01  8.122006e-01  3.811896e-02  1.059814e+00  7.918820e-05  3.293671e-01  1.788355e-01  9.815868e-02  4.269041e-01  2.137351e-01  0.000000e+00  9.348531e-02  0.000000e+00  2.731626e-03
1.061009e+04  0.000000e+00  2.534765e-01  1.530453e-01  4.683310e-01  8.451841e-03  6.491256e-01  4.053569e-02  2.701690e-01  2.555087e-03  1.525341e-01  1.176216e-01  1.647023e-01  0.000000e+00  4.132855e-05  0.000000e+00  8.151418e-02
1.190472e+04  0.000000e+00  2.830698e-04  3.094507e-04  2.285060e-01  0.000000e+00  1.844524e-01  2.156949e-05  5.545362e-03  7.366821e-05  1.386368e-01  5.353271e-01  1.044762e-01  0.000000e+00  1.002934e-02  0.000000e+00  1.843586e-02
1.335731e+04  0.000000e+00  2.549879e-02  1.679404e-01  2.905382e-01  0.000000e+00  2.832189e-01  9.573502e-05  3.205557e-02  1.897006e-03  9.722919e-02  4.200810e-02  1.053612e-02  0.000000e+00  0.000000e+00  0.000000e+00  2.420140e-02
1.498715e+04  0.000000e+00  5.290614e-02  6.804514e-04  8.772256e-03  0.000000e+00  1.021317e-01  0.000000e+00  1.941720e-01  2.616475e-03  1.293754e-02  9.992876e-05  1.970737e-01  0.000000e+00  7.922275e-05  0.000000e+00  8.252076e-02
1.681586e+04  0.000000e+00  1.574701e-03  2.607655e-05  5.538587e-03  0.000000e+00  1.968546e-01  1.527003e-05  8.333820e-03  0.000000e+00  6.064529e-04  3.617953e-04  2.951194e-04  0.000000e+00  3.301781e-02  0.000000e+00  5.577062e-02
1.886771e+04  0.000000e+00  4.976157e-03  0.000000e+00  3.204068e-02  0.000000e+00  1.333285e-01  0.000000e+00  9.109835e-02  0.000000e+00  0.000000e+00  2.043763e-02  3.252304e-02  0.000000e+00  6.906180e-02  0.000000e+00  2.968907e-02
2.116992e+04  0.000000e+00  1.212941e-05  0.000000e+00  1.559429e-02  0.000000e+00  7.253413e-05  0.000000e+00  9.055979e-03  0.000000e+00  0.000000e+00  0.000000e+00  2.848375e-02  0.000000e+00  1.202786e-01  0.000000e+00  9.055979e-03
2.375304e+04  0.000000e+00  0.000000e+00  0.000000e+00  1.081035e-05  0.000000e+00  9.180940e-03  1.550928e-04  1.055955e-03  0.000000e+00  1.650884e-03  1.119158e-02  3.692157e-05  0.000000e+00  0.000000e+00  0.000000e+00  3.961886e-02
2.665135e+04  0.000000e+00  1.382266e-04  0.000000e+00  2.975813e-02  0.000000e+00  0.000000e+00  0.000000e+00  0.000000e+00  0.000000e+00  8.189239e-05  0.000000e+00  0.000000e+00  0.000000e+00  0.000000e+00  0.000000e+00  1.382266e-04
2.990330e+04  0.000000e+00  0.000000e+00  0.000000e+00  1.996377e-03  0.000000e+00  0.000000e+00  0.000000e+00  0.000000e+00  0.000000e+00  0.000000e+00  0.000000e+00  2.835151e-03  0.000000e+00  9.728565e-03  0.000000e+00  4.433263e-03
3.355206e+04  0.000000e+00  0.000000e+00  0.000000e+00  0.000000e+00  0.000000e+00  0.000000e+00  0.000000e+00  0.000000e+00  0.000000e+00  0.000000e+00  0.000000e+00  2.231827e-05  0.000000e+00  5.108815e-02  0.000000e+00  1.300989e-04
3.764603e+04  0.000000e+00  0.000000e+00  0.000000e+00  2.708926e-04  0.000000e+00  0.000000e+00  0.000000e+00  0.000000e+00  0.000000e+00  0.000000e+00  0.000000e+00  1.585778e-03  0.000000e+00  2.708926e-04  0.000000e+00  6.820871e-06
4.223954e+04  0.000000e+00  0.000000e+00  0.000000e+00  1.440333e-04  0.000000e+00  0.000000e+00  0.000000e+00  2.471090e-02  0.000000e+00  0.000000e+00  0.000000e+00  1.665141e-03  0.000000e+00  0.000000e+00  0.000000e+00  0.000000e+00
4.739354e+04  0.000000e+00  0.000000e+00  0.000000e+00  0.000000e+00  0.000000e+00  0.000000e+00  0.000000e+00  5.418010e-06  0.000000e+00  0.000000e+00  0.000000e+00  1.337878e-04  0.000000e+00  1.259628e-03  0.000000e+00  0.000000e+00
5.317643e+04  0.000000e+00  0.000000e+00  0.000000e+00  0.000000e+00  0.000000e+00  0.000000e+00  0.000000e+00  0.000000e+00  0.000000e+00  0.000000e+00  0.000000e+00  0.000000e+00  0.000000e+00  0.000000e+00  0.000000e+00  0.000000e+00
5.966493e+04  0.000000e+00  0.000000e+00  0.000000e+00  0.000000e+00  0.000000e+00  0.000000e+00  0.000000e+00  0.000000e+00  0.000000e+00  0.000000e+00  0.000000e+00  0.000000e+00  0.000000e+00  0.000000e+00  0.000000e+00  0.000000e+00
6.694516e+04  0.000000e+00  0.000000e+00  0.000000e+00  0.000000e+00  0.000000e+00  0.000000e+00  0.000000e+00  0.000000e+00  0.000000e+00  0.000000e+00  0.000000e+00  0.000000e+00  0.000000e+00  0.000000e+00  0.000000e+00  3.785025e-04
7.511370e+04  0.000000e+00  0.000000e+00  0.000000e+00  0.000000e+00  0.000000e+00  0.000000e+00  0.000000e+00  0.000000e+00  0.000000e+00  0.000000e+00  0.000000e+00  0.000000e+00  0.000000e+00  0.000000e+00  0.000000e+00  1.055274e-02
8.427896e+04  0.000000e+00  0.000000e+00  0.000000e+00  0.000000e+00  0.000000e+00  0.000000e+00  0.000000e+00  0.000000e+00  0.000000e+00  0.000000e+00  0.000000e+00  0.000000e+00  0.000000e+00  0.000000e+00  0.000000e+00  0.000000e+00
9.456255e+04  0.000000e+00  0.000000e+00  0.000000e+00  0.000000e+00  0.000000e+00  0.000000e+00  0.000000e+00  0.000000e+00  0.000000e+00  0.000000e+00  0.000000e+00  0.000000e+00  0.000000e+00  0.000000e+00  0.000000e+00  0.000000e+00
1.061009e+05  0.000000e+00  0.000000e+00  0.000000e+00  0.000000e+00  0.000000e+00  0.000000e+00  0.000000e+00  0.000000e+00  0.000000e+00  0.000000e+00  0.000000e+00  0.000000e+00  0.000000e+00  0.000000e+00  0.000000e+00  0.000000e+00
1.190472e+05  0.000000e+00  0.000000e+00  0.000000e+00  0.000000e+00  0.000000e+00  0.000000e+00  0.000000e+00  0.000000e+00  0.000000e+00  0.000000e+00  0.000000e+00  0.000000e+00  0.000000e+00  0.000000e+00  0.000000e+00  0.000000e+00
1.335731e+05  0.000000e+00  0.000000e+00  0.000000e+00  0.000000e+00  0.000000e+00  0.000000e+00  0.000000e+00  0.000000e+00  0.000000e+00  0.000000e+00  0.000000e+00  0.000000e+00  0.000000e+00  0.000000e+00  0.000000e+00  0.000000e+00
1.498715e+05  0.000000e+00  0.000000e+00  0.000000e+00  0.000000e+00  0.000000e+00  0.000000e+00  0.000000e+00  0.000000e+00  0.000000e+00  0.000000e+00  0.000000e+00  0.000000e+00  0.000000e+00  0.000000e+00  0.000000e+00  0.000000e+00
1.681586e+05  0.000000e+00  0.000000e+00  0.000000e+00  0.000000e+00  0.000000e+00  0.000000e+00  0.000000e+00  0.000000e+00  0.000000e+00  0.000000e+00  0.000000e+00  0.000000e+00  0.000000e+00  0.000000e+00  0.000000e+00  0.000000e+00
1.886771e+05  0.000000e+00  0.000000e+00  0.000000e+00  0.000000e+00  0.000000e+00  0.000000e+00  0.000000e+00  0.000000e+00  0.000000e+00  0.000000e+00  0.000000e+00  0.000000e+00  0.000000e+00  0.000000e+00  0.000000e+00  0.000000e+00
2.116992e+05  0.000000e+00  0.000000e+00  0.000000e+00  0.000000e+00  0.000000e+00  0.000000e+00  0.000000e+00  0.000000e+00  0.000000e+00  0.000000e+00  0.000000e+00  0.000000e+00  0.000000e+00  0.000000e+00  0.000000e+00  0.000000e+00
2.375304e+05  0.000000e+00  0.000000e+00  0.000000e+00  0.000000e+00  0.000000e+00  0.000000e+00  0.000000e+00  0.000000e+00  0.000000e+00  0.000000e+00  0.000000e+00  0.000000e+00  0.000000e+00  0.000000e+00  0.000000e+00  0.000000e+00
2.665135e+05  0.000000e+00  0.000000e+00  0.000000e+00  0.000000e+00  0.000000e+00  0.000000e+00  0.000000e+00  0.000000e+00  0.000000e+00  0.000000e+00  0.000000e+00  0.000000e+00  0.000000e+00  0.000000e+00  0.000000e+00  0.000000e+00
2.990330e+05  0.000000e+00  0.000000e+00  0.000000e+00  0.000000e+00  0.000000e+00  0.000000e+00  0.000000e+00  0.000000e+00  0.000000e+00  0.000000e+00  0.000000e+00  0.000000e+00  0.000000e+00  0.000000e+00  0.000000e+00  0.000000e+00
3.355206e+05  0.000000e+00  0.000000e+00  0.000000e+00  0.000000e+00  0.000000e+00  0.000000e+00  0.000000e+00  0.000000e+00  0.000000e+00  0.000000e+00  0.000000e+00  0.000000e+00  0.000000e+00  0.000000e+00  0.000000e+00  0.000000e+00
3.764603e+05  0.000000e+00  0.000000e+00  0.000000e+00  0.000000e+00  0.000000e+00  0.000000e+00  0.000000e+00  0.000000e+00  0.000000e+00  0.000000e+00  0.000000e+00  0.000000e+00  0.000000e+00  0.000000e+00  0.000000e+00  0.000000e+00
4.223954e+05  0.000000e+00  0.000000e+00  0.000000e+00  0.000000e+00  0.000000e+00  0.000000e+00  0.000000e+00  0.000000e+00  0.000000e+00  0.000000e+00  0.000000e+00  0.000000e+00  0.000000e+00  0.000000e+00  0.000000e+00  0.000000e+00
4.739354e+05  0.000000e+00  0.000000e+00  0.000000e+00  0.000000e+00  0.000000e+00  0.000000e+00  0.000000e+00  0.000000e+00  0.000000e+00  0.000000e+00  0.000000e+00  0.000000e+00  0.000000e+00  0.000000e+00  0.000000e+00  0.000000e+00
5.317643e+05  0.000000e+00  0.000000e+00  0.000000e+00  0.000000e+00  0.000000e+00  0.000000e+00  0.000000e+00  0.000000e+00  0.000000e+00  0.000000e+00  0.000000e+00  0.000000e+00  0.000000e+00  0.000000e+00  0.000000e+00  0.000000e+00
5.966493e+05  0.000000e+00  0.000000e+00  0.000000e+00  0.000000e+00  0.000000e+00  0.000000e+00  0.000000e+00  0.000000e+00  0.000000e+00  0.000000e+00  0.000000e+00  0.000000e+00  0.000000e+00  0.000000e+00  0.000000e+00  0.000000e+00
6.694516e+05  0.000000e+00  0.000000e+00  0.000000e+00  0.000000e+00  0.000000e+00  0.000000e+00  0.000000e+00  0.000000e+00  0.000000e+00  0.000000e+00  0.000000e+00  0.000000e+00  0.000000e+00  0.000000e+00  0.000000e+00  0.000000e+00
7.511370e+05  0.000000e+00  0.000000e+00  0.000000e+00  0.000000e+00  0.000000e+00  0.000000e+00  0.000000e+00  0.000000e+00  0.000000e+00  0.000000e+00  0.000000e+00  0.000000e+00  0.000000e+00  0.000000e+00  0.000000e+00  0.000000e+00
8.427896e+05  0.000000e+00  0.000000e+00  0.000000e+00  0.000000e+00  0.000000e+00  0.000000e+00  0.000000e+00  0.000000e+00  0.000000e+00  0.000000e+00  0.000000e+00  0.000000e+00  0.000000e+00  0.000000e+00  0.000000e+00  0.000000e+00
9.456255e+05  0.000000e+00  0.000000e+00  0.000000e+00  0.000000e+00  0.000000e+00  0.000000e+00  0.000000e+00  0.000000e+00  0.000000e+00  0.000000e+00  0.000000e+00  0.000000e+00  0.000000e+00  0.000000e+00  0.000000e+00  0.000000e+00
