# dR/dEr [1/keV/kg/Myr]
# Er [keV], S, F, Ne, Cl, Na, Si, O, P, N, C, Al, Mg, Be, B, Ar, Li
1.061009e+01  2.441740e+02  1.838373e+02  0.000000e+00  0.000000e+00  6.569025e+01  0.000000e+00  1.638173e+01  0.000000e+00  0.000000e+00  0.000000e+00  0.000000e+00  0.000000e+00  3.324389e-01  0.000000e+00  0.000000e+00  0.000000e+00
1.190472e+01  9.192977e+01  1.787616e+01  0.000000e+00  0.000000e+00  2.928068e+01  0.000000e+00  0.000000e+00  0.000000e+00  0.000000e+00  0.000000e+00  0.000000e+00  0.000000e+00  0.000000e+00  0.000000e+00  0.000000e+00  0.000000e+00
1.335731e+01  1.338485e+02  2.732243e+01  0.000000e+00  0.000000e+00  0.000000e+00  0.000000e+00  0.000000e+00  0.000000e+00  0.000000e+00  0.000000e+00  0.000000e+00  0.000000e+00  0.000000e+00  0.000000e+00  0.000000e+00  0.000000e+00
1.498715e+01  3.391054e+01  3.625622e+01  0.000000e+00  0.000000e+00  1.390286e+01  0.000000e+00  5.619150e+00  0.000000e+00  0.000000e+00  0.000000e+00  0.000000e+00  0.000000e+00  0.000000e+00  0.000000e+00  0.000000e+00  0.000000e+00
1.681586e+01  8.381691e+01  3.848170e+01  1.210933e+01  0.000000e+00  2.368342e+01  5.008072e+00  0.000000e+00  0.000000e+00  0.000000e+00  0.000000e+00  0.000000e+00  0.000000e+00  0.000000e+00  0.000000e+00  0.000000e+00  0.000000e+00
1.886771e+01  5.738145e+01  4.377555e+01  0.000000e+00  0.000000e+00  1.079245e+01  0.000000e+00  0.000000e+00  0.000000e+00  0.000000e+00  0.000000e+00  0.000000e+00  0.000000e+00  0.000000e+00  0.000000e+00  0.000000e+00  0.000000e+00
2.116992e+01  5.815192e+01  4.806624e+01  0.000000e+00  0.000000e+00  1.169648e+01  0.000000e+00  5.135188e+00  0.000000e+00  0.000000e+00  0.000000e+00  2.550861e+00  0.000000e+00  0.000000e+00  0.000000e+00  0.000000e+00  0.000000e+00
2.375304e+01  1.074309e+02  2.110360e+01  1.265213e+01  0.000000e+00  2.696323e+01  0.000000e+00  8.572750e+00  0.000000e+00  0.000000e+00  0.000000e+00  0.000000e+00  0.000000e+00  0.000000e+00  0.000000e+00  0.000000e+00  0.000000e+00
2.665135e+01  9.327102e+01  4.389886e+01  4.079025e+00  1.776813e-01  6.507673e+00  0.000000e+00  0.000000e+00  8.420393e+00  0.000000e+00  0.000000e+00  0.000000e+00  0.000000e+00  0.000000e+00  0.000000e+00  0.000000e+00  0.000000e+00
2.990330e+01  1.061635e+02  4.848514e+01  4.980781e+00  0.000000e+00  5.918744e+00  0.000000e+00  6.451681e+00  0.000000e+00  0.000000e+00  0.000000e+00  6.101217e-01  0.000000e+00  4.349767e+00  0.000000e+00  0.000000e+00  0.000000e+00
3.355206e+01  1.352916e+02  3.610953e+01  5.219950e+00  0.000000e+00  1.062007e+01  0.000000e+00  1.367926e+01  0.000000e+00  0.000000e+00  0.000000e+00  3.908075e+00  0.000000e+00  3.764736e+00  0.000000e+00  0.000000e+00  0.000000e+00
3.764603e+01  1.509835e+02  2.633478e+01  1.664617e-02  2.887728e+00  1.758712e+01  0.000000e+00  2.035218e-01  0.000000e+00  0.000000e+00  0.000000e+00  0.000000e+00  0.000000e+00  2.793271e-02  0.000000e+00  0.000000e+00  0.000000e+00
4.223954e+01  1.364506e+02  6.869796e+01  1.749749e+00  0.000000e+00  3.266734e+01  0.000000e+00  4.012394e+00  0.000000e+00  0.000000e+00  0.000000e+00  1.089416e+00  0.000000e+00  2.324303e+01  0.000000e+00  0.000000e+00  0.000000e+00
4.739354e+01  1.905240e+02  7.516461e+01  2.293804e+00  5.989246e+00  8.878407e+00  0.000000e+00  8.261617e+00  0.000000e+00  0.000000e+00  0.000000e+00  0.000000e+00  0.000000e+00  7.769729e+00  0.000000e+00  0.000000e+00  0.000000e+00
5.317643e+01  1.676015e+02  4.218071e+01  5.672402e+00  0.000000e+00  2.218851e+01  0.000000e+00  1.097832e+01  0.000000e+00  0.000000e+00  0.000000e+00  1.015516e+00  0.000000e+00  0.000000e+00  0.000000e+00  0.000000e+00  0.000000e+00
5.966493e+01  2.233076e+02  7.923969e+01  6.319744e+00  3.233500e+00  1.554946e+01  0.000000e+00  1.168051e+01  0.000000e+00  0.000000e+00  0.000000e+00  1.665176e+00  0.000000e+00  4.391693e-01  0.000000e+00  0.000000e+00  0.000000e+00
6.694516e+01  2.434320e+02  6.650712e+01  1.060473e+01  0.000000e+00  3.084002e+01  0.000000e+00  3.112463e+00  0.000000e+00  5.729260e-01  0.000000e+00  4.239698e+00  0.000000e+00  5.737877e+01  0.000000e+00  0.000000e+00  0.000000e+00
7.511370e+01  2.554146e+02  9.277690e+01  9.886138e+00  3.452834e+00  1.896886e+01  0.000000e+00  7.959849e+00  0.000000e+00  0.000000e+00  0.000000e+00  9.839564e-01  0.000000e+00  1.679675e+04  0.000000e+00  0.000000e+00  0.000000e+00
8.427896e+01  3.251260e+02  1.026704e+02  5.943611e+00  8.245566e+00  2.627987e+01  0.000000e+00  1.469615e+01  0.000000e+00  0.000000e+00  0.000000e+00  0.000000e+00  0.000000e+00  2.046046e+04  0.000000e+00  0.000000e+00  0.000000e+00
9.456255e+01  3.218372e+02  7.952034e+01  8.643416e+00  4.087408e+00  2.349737e+01  0.000000e+00  4.016606e+00  0.000000e+00  4.079540e-01  0.000000e+00  2.353515e-03  0.000000e+00  1.554216e+04  0.000000e+00  0.000000e+00  0.000000e+00
1.061009e+02  3.775462e+02  1.049975e+02  6.367916e+00  1.405873e+00  3.290662e+01  0.000000e+00  6.803622e+00  0.000000e+00  0.000000e+00  9.363972e-01  3.883842e+00  0.000000e+00  1.181408e+04  0.000000e+00  0.000000e+00  0.000000e+00
1.190472e+02  4.064719e+02  1.335412e+02  1.400691e+01  2.144321e+00  3.113605e+01  0.000000e+00  4.658497e+00  0.000000e+00  7.074090e-01  2.384157e+00  1.043603e+04  0.000000e+00  8.684767e+03  0.000000e+00  4.567513e-01  0.000000e+00
1.335731e+02  4.568578e+02  1.434704e+02  1.030898e+01  4.691529e-03  3.636288e+01  0.000000e+00  5.537469e+00  0.000000e+00  0.000000e+00  0.000000e+00  8.736843e+03  0.000000e+00  6.394520e+03  0.000000e+00  0.000000e+00  0.000000e+00
1.498715e+02  1.116307e+03  1.669373e+02  7.360469e+00  2.316643e+00  2.122728e+01  0.000000e+00  1.014758e+01  0.000000e+00  1.174952e+00  1.509149e+00  6.529455e+03  0.000000e+00  4.779308e+03  0.000000e+00  0.000000e+00  0.000000e+00
1.681586e+02  1.603620e+03  1.690961e+02  1.008154e+01  2.368342e+00  1.841840e+01  1.323479e-03  1.223629e+01  0.000000e+00  1.166146e+00  0.000000e+00  4.848372e+03  0.000000e+00  3.523035e+03  0.000000e+00  0.000000e+00  0.000000e+00
1.886771e+02  9.350937e+02  1.987549e+02  7.451445e+00  2.334890e+00  3.995851e+01  1.022522e+00  1.184274e+01  7.361895e-01  7.361895e-01  0.000000e+00  3.600807e+03  0.000000e+00  2.577518e+03  0.000000e+00  0.000000e+00  0.000000e+00
2.116992e+02  4.078281e+02  2.481003e+02  9.456425e+00  5.987343e+00  1.699641e+01  6.561296e-01  9.268161e+00  0.000000e+00  0.000000e+00  1.051277e-03  2.852202e+03  0.000000e+00  1.736591e+03  0.000000e+00  2.960155e-03  0.000000e+00
2.375304e+02  2.962824e+02  1.262842e+03  1.431601e+01  4.922913e+00  2.462467e+01  2.724989e-01  1.056692e+01  1.199439e+00  0.000000e+00  3.545444e-01  2.126885e+03  0.000000e+00  1.269712e+03  0.000000e+00  1.109114e+00  0.000000e+00
2.665135e+02  2.439279e+02  1.054343e+03  1.450955e+01  4.015292e+00  3.562893e+01  6.571528e-01  8.115829e+00  0.000000e+00  5.211823e-01  7.291708e-01  1.556354e+03  0.000000e+00  8.823165e+02  0.000000e+00  0.000000e+00  0.000000e+00
2.990330e+02  1.496218e+02  1.603803e+02  8.057756e+00  2.902234e+00  2.719145e+01  5.891654e-02  1.564233e+01  1.248866e-03  3.516520e-03  1.290064e-01  1.173538e+03  0.000000e+00  6.605669e+02  0.000000e+00  0.000000e+00  0.000000e+00
3.355206e+02  1.322094e+02  1.440414e+02  9.428177e+00  3.940067e+00  2.877145e+01  4.139898e-01  1.137265e+01  3.858288e-01  3.240085e-01  8.600447e-01  8.788593e+02  7.809658e-02  4.629657e+02  0.000000e+00  0.000000e+00  8.747960e-03
3.764603e+02  8.791608e+01  1.073296e+02  1.209513e+01  3.997925e+00  3.226369e+01  2.684732e-01  7.901153e+00  0.000000e+00  4.652285e-01  0.000000e+00  5.712837e+02  0.000000e+00  3.373185e+02  0.000000e+00  0.000000e+00  0.000000e+00
4.223954e+02  5.680083e+01  9.038469e+01  7.608793e+00  3.784624e+00  2.752883e+01  2.582532e-01  1.101061e+01  8.998486e-01  3.297279e-01  6.734304e-01  4.420855e+02  0.000000e+00  1.801450e+02  0.000000e+00  1.483592e-03  0.000000e+00
4.739354e+02  4.596331e+01  7.410914e+01  1.069484e+01  6.240784e+00  2.375350e+01  4.390136e-01  1.082000e+01  9.232011e-01  4.735135e-01  0.000000e+00  2.766670e+02  0.000000e+00  1.211471e+02  4.735135e-01  0.000000e+00  0.000000e+00
5.317643e+02  3.604867e+01  4.831450e+01  1.143577e+01  3.111041e+00  2.450107e+01  7.331448e-01  8.994680e+00  1.022995e+00  1.009386e+00  3.716667e-01  2.291264e+02  0.000000e+00  9.458506e+01  4.185208e-04  4.954229e-01  0.000000e+00
5.966493e+02  3.215822e+01  4.286259e+01  1.179044e+01  5.648544e+00  2.371969e+01  8.609062e-01  9.239601e+00  9.613152e-01  4.735439e-01  2.180048e-01  1.624959e+02  0.000000e+00  6.408161e+01  0.000000e+00  1.762435e-03  0.000000e+00
6.694516e+02  2.486069e+01  3.608091e+01  1.419298e+01  7.983818e+00  2.298822e+01  8.466566e-01  1.131175e+01  6.841975e-01  5.657899e-01  1.830897e-01  1.137391e+02  0.000000e+00  3.763919e+01  0.000000e+00  0.000000e+00  0.000000e+00
7.511370e+02  2.021743e+01  2.821698e+01  9.610506e+00  6.457725e+00  1.526790e+01  2.036136e-01  8.367559e+00  8.110041e-01  6.694411e-01  1.210562e-01  7.515872e+01  0.000000e+00  2.501673e+01  0.000000e+00  0.000000e+00  0.000000e+00
8.427896e+02  1.255923e+01  2.364580e+01  8.437947e+00  6.944435e+00  1.722309e+01  4.705272e-01  9.625268e+00  3.368000e-01  1.511422e-01  4.505061e-01  3.925046e+01  0.000000e+00  1.239857e+01  0.000000e+00  3.521910e-01  0.000000e+00
9.456255e+02  1.252325e+01  1.906048e+01  1.131215e+01  4.862486e+00  1.414496e+01  7.048576e-01  1.004647e+01  9.786678e-01  0.000000e+00  4.904131e-01  3.304344e+01  5.007740e-03  9.656148e+00  0.000000e+00  0.000000e+00  0.000000e+00
1.061009e+03  1.141832e+01  1.355984e+01  1.069106e+01  7.238018e+00  1.150085e+01  8.418304e-01  9.137494e+00  7.358893e-01  1.197227e+00  1.862778e-01  2.316088e+01  0.000000e+00  3.802104e+00  4.061234e-02  2.469631e-02  0.000000e+00
1.190472e+03  7.619980e+00  1.162050e+01  9.745681e+00  7.310168e+00  8.301547e+00  8.797668e-01  5.699222e+00  8.955677e-01  3.945483e-01  4.613955e-01  1.382519e+01  0.000000e+00  4.105168e+00  0.000000e+00  0.000000e+00  0.000000e+00
1.335731e+03  7.678597e+00  1.040733e+01  7.990110e+00  5.494683e+00  6.938936e+00  3.978371e-01  7.245964e+00  4.230820e-01  7.312824e-01  1.423709e-01  6.915844e+00  0.000000e+00  1.448007e+00  2.222175e-01  0.000000e+00  0.000000e+00
1.498715e+03  4.809461e+00  7.664375e+00  6.378355e+00  6.098900e+00  4.870978e+00  1.227281e+00  6.511690e+00  1.299266e+00  1.136922e+00  2.647332e-01  3.990388e+00  5.112237e-03  2.187610e+00  0.000000e+00  0.000000e+00  1.245703e-02
1.681586e+03  2.095793e+00  7.552495e+00  5.098365e+00  5.263525e+00  5.958106e+00  5.961084e-01  4.802325e+00  8.382011e-01  7.963478e-01  5.778381e-01  4.194410e+00  0.000000e+00  1.151326e+00  1.566671e-01  0.000000e+00  1.745447e-03
1.886771e+03  2.926534e+00  4.640327e+00  5.265073e+00  6.604979e+00  4.765507e+00  7.099370e-01  4.231899e+00  8.623209e-01  6.116424e-01  5.318928e-01  2.121380e+00  1.265569e-01  9.282530e-02  1.354844e-01  9.347206e-04  0.000000e+00
2.116992e+03  2.141144e+00  4.856856e+00  3.411021e+00  3.993565e+00  1.936451e+00  6.547703e-01  3.269812e+00  7.553154e-01  1.832338e-01  3.891780e-01  1.072634e+00  5.608348e-02  4.047198e-01  2.960155e-04  0.000000e+00  2.960155e-04
2.375304e+03  8.844661e-01  2.783425e+00  3.160894e+00  5.880574e+00  2.038706e+00  1.106099e+00  2.979253e+00  6.910684e-01  4.141097e-01  1.238564e-01  1.222084e+00  1.572229e-04  0.000000e+00  2.273457e-02  0.000000e+00  4.192102e-02
2.665135e+03  1.017490e+00  2.135055e+00  2.494950e+00  5.064038e+00  9.720031e-01  6.495989e-01  1.858121e+00  1.207215e+00  2.964189e-01  6.181378e-01  6.866257e-01  2.189252e-01  1.170096e-01  4.880519e-02  0.000000e+00  1.093712e-01
2.990330e+03  2.473180e-01  1.548992e+00  1.643445e+00  3.880272e+00  8.382566e-01  8.694096e-01  1.339938e+00  6.955041e-01  2.992770e-01  2.611692e-01  5.810141e-01  4.226824e-02  0.000000e+00  4.384932e-02  0.000000e+00  1.602541e-01
3.355206e+03  2.537218e-01  1.809874e+00  1.694403e+00  3.965469e+00  3.277786e-01  8.319197e-01  8.159403e-01  4.624593e-01  2.237993e-01  2.551262e-01  1.319666e-01  1.061112e-01  8.797199e-02  5.437716e-03  0.000000e+00  2.531042e-04
3.764603e+03  7.996449e-02  6.745981e-01  1.192425e+00  2.430603e+00  2.976644e-01  7.137172e-01  5.147170e-01  3.614163e-01  1.426250e-01  2.974044e-01  2.364896e-01  1.595595e-02  5.911763e-05  8.155590e-02  0.000000e+00  8.760022e-02
4.223954e+03  1.107306e-02  4.939791e-01  4.783742e-01  1.915913e+00  1.354019e-01  3.459128e-01  4.419900e-01  4.392680e-01  2.296819e-01  1.977547e-01  1.884540e-01  3.646106e-02  0.000000e+00  8.462547e-02  0.000000e+00  5.038971e-02
4.739354e+03  1.559466e-02  3.677876e-01  6.102067e-01  1.802925e+00  1.403614e-01  3.818786e-01  1.246200e-01  3.390240e-01  1.017830e-01  1.343893e-01  1.424090e-01  5.799482e-02  3.721190e-04  2.660969e-03  0.000000e+00  1.338749e-02
5.317643e+03  6.928178e-02  3.535935e-01  4.076206e-01  1.117718e+00  1.530460e-02  2.878432e-01  5.384036e-02  5.840668e-01  2.238200e-01  1.639382e-01  5.466822e-02  7.289379e-02  0.000000e+00  6.632608e-02  0.000000e+00  8.019358e-02
5.966493e+03  2.835399e-02  1.568921e-01  2.187317e-01  7.036843e-01  5.487924e-02  3.740496e-01  4.538312e-02  2.680731e-01  9.395762e-02  1.969500e-01  2.952822e-03  1.023426e-02  0.000000e+00  1.694734e-02  0.000000e+00  3.340184e-02
6.694516e+03  5.578478e-05  1.129026e-01  1.575161e-01  5.323362e-01  1.223132e-02  5.419485e-01  1.476659e-02  1.333615e-01  1.209890e-01  1.712901e-01  9.890404e-02  1.103546e-01  0.000000e+00  1.153439e-02  0.000000e+00  4.384366e-04
7.511370e+03  4.508472e-03  9.570277e-02  1.525723e-01  2.777415e-01  4.186199e-02  2.717637e-01  5.181093e-02  1.080279e-01  3.493339e-02  9.454052e-02  3.485840e-03  3.154354e-02  0.000000e+00  1.189650e-03  0.000000e+00  1.025464e-01
8.427896e+03  1.178854e-02  7.554818e-02  7.464420e-02  8.473017e-02  1.387898e-02  3.709650e-01  6.803702e-02  2.991624e-01  4.348484e-02  3.597411e-02  6.735423e-02  6.192262e-02  0.000000e+00  6.866486e-04  0.000000e+00  1.787054e-02
9.456255e+03  0.000000e+00  2.190133e-02  8.088587e-02  2.048492e-01  1.738709e-02  2.376795e-01  6.626961e-05  9.728251e-02  6.168855e-02  3.587481e-02  1.098935e-01  7.582891e-02  0.000000e+00  3.366928e-02  0.000000e+00  1.929374e-03
1.061009e+04  0.000000e+00  6.252176e-02  2.609848e-02  1.234372e-01  5.148699e-03  1.719960e-01  2.212182e-02  6.727294e-02  1.818666e-03  4.828193e-02  5.270907e-02  5.148163e-02  0.000000e+00  3.519782e-05  0.000000e+00  2.925362e-02
1.190472e+04  0.000000e+00  2.321531e-04  2.465510e-04  6.628523e-02  0.000000e+00  5.513752e-02  1.869464e-05  4.001942e-03  6.274018e-05  5.121945e-02  9.430007e-02  2.526301e-02  0.000000e+00  6.443599e-03  0.000000e+00  1.123446e-02
1.335731e+04  0.000000e+00  1.436900e-02  3.744006e-02  8.530871e-02  0.000000e+00  4.811089e-02  7.872508e-05  1.562212e-02  1.335639e-03  4.127483e-02  2.105887e-02  6.060270e-03  0.000000e+00  0.000000e+00  0.000000e+00  1.274952e-02
1.498715e+04  0.000000e+00  1.752302e-02  5.112237e-04  5.635048e-03  0.000000e+00  3.063999e-02  0.000000e+00  4.229412e-02  1.748365e-03  6.746859e-03  8.362660e-05  3.054659e-02  0.000000e+00  6.673145e-05  0.000000e+00  2.547606e-02
1.681586e+04  0.000000e+00  1.192863e-03  2.220832e-05  3.416021e-03  0.000000e+00  5.502679e-02  1.323479e-05  4.781655e-03  0.000000e+00  4.556286e-04  2.816059e-04  2.370783e-04  0.000000e+00  1.660889e-02  0.000000e+00  2.062021e-02
1.886771e+04  0.000000e+00  3.073409e-03  0.000000e+00  1.196165e-02  0.000000e+00  3.397244e-02  0.000000e+00  2.789669e-02  0.000000e+00  0.000000e+00  1.062497e-02  1.231999e-02  0.000000e+00  2.108649e-02  0.000000e+00  1.619237e-02
2.116992e+04  0.000000e+00  1.051277e-05  0.000000e+00  8.214174e-03  0.000000e+00  6.018494e-05  0.000000e+00  4.693103e-03  0.000000e+00  0.000000e+00  0.000000e+00  1.060065e-02  0.000000e+00  3.148328e-02  0.000000e+00  4.693103e-03
2.375304e+04  0.000000e+00  0.000000e+00  0.000000e+00  9.369514e-06  0.000000e+00  4.968718e-03  1.235682e-04  7.417153e-04  0.000000e+00  1.103144e-03  5.476032e-03  3.144458e-05  0.000000e+00  0.000000e+00  0.000000e+00  1.468974e-02
2.665135e+04  0.000000e+00  1.101303e-04  0.000000e+00  9.859580e-03  0.000000e+00  0.000000e+00  0.000000e+00  0.000000e+00  0.000000e+00  6.617315e-05  0.000000e+00  0.000000e+00  0.000000e+00  0.000000e+00  0.000000e+00  1.101303e-04
2.990330e+04  0.000000e+00  0.000000e+00  0.000000e+00  1.282621e-03  0.000000e+00  0.000000e+00  0.000000e+00  0.000000e+00  0.000000e+00  0.000000e+00  0.000000e+00  1.871787e-03  0.000000e+00  4.938932e-03  0.000000e+00  2.491518e-03
3.355206e+04  0.000000e+00  0.000000e+00  0.000000e+00  0.000000e+00  0.000000e+00  0.000000e+00  0.000000e+00  0.000000e+00  0.000000e+00  0.000000e+00  0.000000e+00  1.867731e-05  0.000000e+00  7.851924e-03  0.000000e+00  1.051264e-04
3.764603e+04  0.000000e+00  0.000000e+00  0.000000e+00  2.035218e-04  0.000000e+00  0.000000e+00  0.000000e+00  0.000000e+00  0.000000e+00  0.000000e+00  0.000000e+00  1.018822e-03  0.000000e+00  2.035218e-04  0.000000e+00  5.911763e-06
4.223954e+04  0.000000e+00  0.000000e+00  0.000000e+00  1.121093e-04  0.000000e+00  0.000000e+00  0.000000e+00  7.997927e-03  0.000000e+00  0.000000e+00  0.000000e+00  1.098257e-03  0.000000e+00  0.000000e+00  0.000000e+00  0.000000e+00
4.739354e+04  0.000000e+00  0.000000e+00  0.000000e+00  0.000000e+00  0.000000e+00  0.000000e+00  0.000000e+00  4.695881e-06  0.000000e+00  0.000000e+00  0.000000e+00  1.046134e-04  0.000000e+00  8.092795e-04  0.000000e+00  0.000000e+00
5.317643e+04  0.000000e+00  0.000000e+00  0.000000e+00  0.000000e+00  0.000000e+00  0.000000e+00  0.000000e+00  0.000000e+00  0.000000e+00  0.000000e+00  0.000000e+00  0.000000e+00  0.000000e+00  0.000000e+00  0.000000e+00  0.000000e+00
5.966493e+04  0.000000e+00  0.000000e+00  0.000000e+00  0.000000e+00  0.000000e+00  0.000000e+00  0.000000e+00  0.000000e+00  0.000000e+00  0.000000e+00  0.000000e+00  0.000000e+00  0.000000e+00  0.000000e+00  0.000000e+00  0.000000e+00
6.694516e+04  0.000000e+00  0.000000e+00  0.000000e+00  0.000000e+00  0.000000e+00  0.000000e+00  0.000000e+00  0.000000e+00  0.000000e+00  0.000000e+00  0.000000e+00  0.000000e+00  0.000000e+00  0.000000e+00  0.000000e+00  2.664950e-04
7.511370e+04  0.000000e+00  0.000000e+00  0.000000e+00  0.000000e+00  0.000000e+00  0.000000e+00  0.000000e+00  0.000000e+00  0.000000e+00  0.000000e+00  0.000000e+00  0.000000e+00  0.000000e+00  0.000000e+00  0.000000e+00  3.493339e-03
8.427896e+04  0.000000e+00  0.000000e+00  0.000000e+00  0.000000e+00  0.000000e+00  0.000000e+00  0.000000e+00  0.000000e+00  0.000000e+00  0.000000e+00  0.000000e+00  0.000000e+00  0.000000e+00  0.000000e+00  0.000000e+00  0.000000e+00
9.456255e+04  0.000000e+00  0.000000e+00  0.000000e+00  0.000000e+00  0.000000e+00  0.000000e+00  0.000000e+00  0.000000e+00  0.000000e+00  0.000000e+00  0.000000e+00  0.000000e+00  0.000000e+00  0.000000e+00  0.000000e+00  0.000000e+00
1.061009e+05  0.000000e+00  0.000000e+00  0.000000e+00  0.000000e+00  0.000000e+00  0.000000e+00  0.000000e+00  0.000000e+00  0.000000e+00  0.000000e+00  0.000000e+00  0.000000e+00  0.000000e+00  0.000000e+00  0.000000e+00  0.000000e+00
1.190472e+05  0.000000e+00  0.000000e+00  0.000000e+00  0.000000e+00  0.000000e+00  0.000000e+00  0.000000e+00  0.000000e+00  0.000000e+00  0.000000e+00  0.000000e+00  0.000000e+00  0.000000e+00  0.000000e+00  0.000000e+00  0.000000e+00
1.335731e+05  0.000000e+00  0.000000e+00  0.000000e+00  0.000000e+00  0.000000e+00  0.000000e+00  0.000000e+00  0.000000e+00  0.000000e+00  0.000000e+00  0.000000e+00  0.000000e+00  0.000000e+00  0.000000e+00  0.000000e+00  0.000000e+00
1.498715e+05  0.000000e+00  0.000000e+00  0.000000e+00  0.000000e+00  0.000000e+00  0.000000e+00  0.000000e+00  0.000000e+00  0.000000e+00  0.000000e+00  0.000000e+00  0.000000e+00  0.000000e+00  0.000000e+00  0.000000e+00  0.000000e+00
1.681586e+05  0.000000e+00  0.000000e+00  0.000000e+00  0.000000e+00  0.000000e+00  0.000000e+00  0.000000e+00  0.000000e+00  0.000000e+00  0.000000e+00  0.000000e+00  0.000000e+00  0.000000e+00  0.000000e+00  0.000000e+00  0.000000e+00
1.886771e+05  0.000000e+00  0.000000e+00  0.000000e+00  0.000000e+00  0.000000e+00  0.000000e+00  0.000000e+00  0.000000e+00  0.000000e+00  0.000000e+00  0.000000e+00  0.000000e+00  0.000000e+00  0.000000e+00  0.000000e+00  0.000000e+00
2.116992e+05  0.000000e+00  0.000000e+00  0.000000e+00  0.000000e+00  0.000000e+00  0.000000e+00  0.000000e+00  0.000000e+00  0.000000e+00  0.000000e+00  0.000000e+00  0.000000e+00  0.000000e+00  0.000000e+00  0.000000e+00  0.000000e+00
2.375304e+05  0.000000e+00  0.000000e+00  0.000000e+00  0.000000e+00  0.000000e+00  0.000000e+00  0.000000e+00  0.000000e+00  0.000000e+00  0.000000e+00  0.000000e+00  0.000000e+00  0.000000e+00  0.000000e+00  0.000000e+00  0.000000e+00
2.665135e+05  0.000000e+00  0.000000e+00  0.000000e+00  0.000000e+00  0.000000e+00  0.000000e+00  0.000000e+00  0.000000e+00  0.000000e+00  0.000000e+00  0.000000e+00  0.000000e+00  0.000000e+00  0.000000e+00  0.000000e+00  0.000000e+00
2.990330e+05  0.000000e+00  0.000000e+00  0.000000e+00  0.000000e+00  0.000000e+00  0.000000e+00  0.000000e+00  0.000000e+00  0.000000e+00  0.000000e+00  0.000000e+00  0.000000e+00  0.000000e+00  0.000000e+00  0.000000e+00  0.000000e+00
3.355206e+05  0.000000e+00  0.000000e+00  0.000000e+00  0.000000e+00  0.000000e+00  0.000000e+00  0.000000e+00  0.000000e+00  0.000000e+00  0.000000e+00  0.000000e+00  0.000000e+00  0.000000e+00  0.000000e+00  0.000000e+00  0.000000e+00
3.764603e+05  0.000000e+00  0.000000e+00  0.000000e+00  0.000000e+00  0.000000e+00  0.000000e+00  0.000000e+00  0.000000e+00  0.000000e+00  0.000000e+00  0.000000e+00  0.000000e+00  0.000000e+00  0.000000e+00  0.000000e+00  0.000000e+00
4.223954e+05  0.000000e+00  0.000000e+00  0.000000e+00  0.000000e+00  0.000000e+00  0.000000e+00  0.000000e+00  0.000000e+00  0.000000e+00  0.000000e+00  0.000000e+00  0.000000e+00  0.000000e+00  0.000000e+00  0.000000e+00  0.000000e+00
4.739354e+05  0.000000e+00  0.000000e+00  0.000000e+00  0.000000e+00  0.000000e+00  0.000000e+00  0.000000e+00  0.000000e+00  0.000000e+00  0.000000e+00  0.000000e+00  0.000000e+00  0.000000e+00  0.000000e+00  0.000000e+00  0.000000e+00
5.317643e+05  0.000000e+00  0.000000e+00  0.000000e+00  0.000000e+00  0.000000e+00  0.000000e+00  0.000000e+00  0.000000e+00  0.000000e+00  0.000000e+00  0.000000e+00  0.000000e+00  0.000000e+00  0.000000e+00  0.000000e+00  0.000000e+00
5.966493e+05  0.000000e+00  0.000000e+00  0.000000e+00  0.000000e+00  0.000000e+00  0.000000e+00  0.000000e+00  0.000000e+00  0.000000e+00  0.000000e+00  0.000000e+00  0.000000e+00  0.000000e+00  0.000000e+00  0.000000e+00  0.000000e+00
6.694516e+05  0.000000e+00  0.000000e+00  0.000000e+00  0.000000e+00  0.000000e+00  0.000000e+00  0.000000e+00  0.000000e+00  0.000000e+00  0.000000e+00  0.000000e+00  0.000000e+00  0.000000e+00  0.000000e+00  0.000000e+00  0.000000e+00
7.511370e+05  0.000000e+00  0.000000e+00  0.000000e+00  0.000000e+00  0.000000e+00  0.000000e+00  0.000000e+00  0.000000e+00  0.000000e+00  0.000000e+00  0.000000e+00  0.000000e+00  0.000000e+00  0.000000e+00  0.000000e+00  0.000000e+00
8.427896e+05  0.000000e+00  0.000000e+00  0.000000e+00  0.000000e+00  0.000000e+00  0.000000e+00  0.000000e+00  0.000000e+00  0.000000e+00  0.000000e+00  0.000000e+00  0.000000e+00  0.000000e+00  0.000000e+00  0.000000e+00  0.000000e+00
9.456255e+05  0.000000e+00  0.000000e+00  0.000000e+00  0.000000e+00  0.000000e+00  0.000000e+00  0.000000e+00  0.000000e+00  0.000000e+00  0.000000e+00  0.000000e+00  0.000000e+00  0.000000e+00  0.000000e+00  0.000000e+00  0.000000e+00
