# dR/dEr [1/keV/kg/Myr]
# Er [keV], S, F, Ne, Cl, Na, Si, O, P, N, C, Al, Mg, Be, B, Ar, Li
1.061009e+01  9.576681e+02  6.946834e+02  0.000000e+00  0.000000e+00  2.204370e+02  0.000000e+00  6.725752e+01  0.000000e+00  0.000000e+00  0.000000e+00  0.000000e+00  0.000000e+00  3.890132e-01  0.000000e+00  0.000000e+00  0.000000e+00
1.190472e+01  3.690045e+02  5.581139e+01  0.000000e+00  0.000000e+00  1.167308e+02  0.000000e+00  0.000000e+00  0.000000e+00  0.000000e+00  0.000000e+00  0.000000e+00  0.000000e+00  0.000000e+00  0.000000e+00  0.000000e+00  0.000000e+00
1.335731e+01  5.260226e+02  1.089889e+02  0.000000e+00  0.000000e+00  0.000000e+00  0.000000e+00  0.000000e+00  0.000000e+00  0.000000e+00  0.000000e+00  0.000000e+00  0.000000e+00  0.000000e+00  0.000000e+00  0.000000e+00  0.000000e+00
1.498715e+01  1.362845e+02  1.254058e+02  0.000000e+00  0.000000e+00  5.531718e+01  0.000000e+00  2.324095e+01  0.000000e+00  0.000000e+00  0.000000e+00  0.000000e+00  0.000000e+00  0.000000e+00  0.000000e+00  0.000000e+00  0.000000e+00
1.681586e+01  3.361718e+02  1.251120e+02  4.896308e+01  0.000000e+00  9.376748e+01  2.071352e+01  0.000000e+00  0.000000e+00  0.000000e+00  0.000000e+00  0.000000e+00  0.000000e+00  0.000000e+00  0.000000e+00  0.000000e+00  0.000000e+00
1.886771e+01  2.311867e+02  1.541191e+02  0.000000e+00  0.000000e+00  4.363839e+01  0.000000e+00  0.000000e+00  0.000000e+00  0.000000e+00  0.000000e+00  0.000000e+00  0.000000e+00  0.000000e+00  0.000000e+00  0.000000e+00  0.000000e+00
2.116992e+01  2.311577e+02  1.743403e+02  0.000000e+00  0.000000e+00  4.694602e+01  0.000000e+00  2.087101e+01  0.000000e+00  0.000000e+00  0.000000e+00  3.663549e+00  0.000000e+00  0.000000e+00  0.000000e+00  0.000000e+00  0.000000e+00
2.375304e+01  4.259395e+02  8.428277e+01  3.410172e+01  0.000000e+00  9.020223e+01  0.000000e+00  3.466321e+01  0.000000e+00  0.000000e+00  0.000000e+00  0.000000e+00  0.000000e+00  0.000000e+00  0.000000e+00  0.000000e+00  0.000000e+00
2.665135e+01  3.663596e+02  1.427200e+02  1.657843e+01  2.135213e-01  2.675992e+01  0.000000e+00  0.000000e+00  1.696359e+01  0.000000e+00  0.000000e+00  0.000000e+00  0.000000e+00  0.000000e+00  0.000000e+00  0.000000e+00  0.000000e+00
2.990330e+01  4.109256e+02  1.855056e+02  2.072233e+01  0.000000e+00  1.460739e+01  0.000000e+00  2.642361e+01  0.000000e+00  0.000000e+00  0.000000e+00  7.868736e-01  0.000000e+00  7.306162e+00  0.000000e+00  0.000000e+00  0.000000e+00
3.355206e+01  5.249094e+02  1.321628e+02  2.016149e+01  0.000000e+00  4.278965e+01  0.000000e+00  4.016561e+01  0.000000e+00  0.000000e+00  0.000000e+00  6.547831e+00  0.000000e+00  5.447809e+00  0.000000e+00  0.000000e+00  0.000000e+00
3.764603e+01  5.743050e+02  8.786739e+01  1.898584e-02  1.173663e+01  5.238397e+01  0.000000e+00  2.512083e-01  0.000000e+00  0.000000e+00  0.000000e+00  0.000000e+00  0.000000e+00  3.226938e-02  0.000000e+00  0.000000e+00  0.000000e+00
4.223954e+01  5.343660e+02  2.704055e+02  2.661323e+00  0.000000e+00  1.203647e+02  0.000000e+00  1.652116e+01  0.000000e+00  0.000000e+00  0.000000e+00  1.479720e+00  0.000000e+00  5.512998e+01  0.000000e+00  0.000000e+00  0.000000e+00
4.739354e+01  7.512937e+02  2.918188e+02  9.322736e+00  2.359598e+01  3.578895e+01  0.000000e+00  3.369558e+01  0.000000e+00  0.000000e+00  0.000000e+00  0.000000e+00  0.000000e+00  2.066083e+01  0.000000e+00  0.000000e+00  0.000000e+00
5.317643e+01  6.542163e+02  1.690530e+02  2.316798e+01  0.000000e+00  8.247687e+01  0.000000e+00  4.488861e+01  0.000000e+00  0.000000e+00  0.000000e+00  1.458485e+00  0.000000e+00  0.000000e+00  0.000000e+00  0.000000e+00  0.000000e+00
5.966493e+01  8.796257e+02  3.088036e+02  2.575289e+01  1.324317e+01  5.211738e+01  0.000000e+00  3.858235e+01  0.000000e+00  0.000000e+00  0.000000e+00  2.687279e+00  0.000000e+00  5.897278e-01  0.000000e+00  0.000000e+00  0.000000e+00
6.694516e+01  9.524321e+02  2.598161e+02  4.296699e+01  0.000000e+00  1.180806e+02  0.000000e+00  1.238397e+01  0.000000e+00  7.923751e-01  0.000000e+00  1.002581e+01  0.000000e+00  1.497634e+02  0.000000e+00  0.000000e+00  0.000000e+00
7.511370e+01  9.978430e+02  3.491396e+02  3.412025e+01  1.364299e+01  6.922461e+01  0.000000e+00  3.124280e+01  0.000000e+00  0.000000e+00  0.000000e+00  1.496572e+00  0.000000e+00  4.591352e+04  0.000000e+00  0.000000e+00  0.000000e+00
8.427896e+01  1.269923e+03  4.027574e+02  2.378213e+01  3.152475e+01  9.970685e+01  0.000000e+00  5.212096e+01  0.000000e+00  0.000000e+00  0.000000e+00  0.000000e+00  0.000000e+00  5.593316e+04  0.000000e+00  0.000000e+00  0.000000e+00
9.456255e+01  1.267836e+03  3.125721e+02  2.976473e+01  1.634737e+01  8.476037e+01  0.000000e+00  1.587342e+01  0.000000e+00  5.635750e-01  0.000000e+00  2.616425e-03  0.000000e+00  4.224408e+04  0.000000e+00  0.000000e+00  0.000000e+00
1.061009e+02  1.497308e+03  4.093677e+02  2.435604e+01  5.842679e+00  1.244389e+02  0.000000e+00  2.780216e+01  0.000000e+00  0.000000e+00  1.511168e+00  1.106584e+01  0.000000e+00  3.247943e+04  0.000000e+00  0.000000e+00  0.000000e+00
1.190472e+02  1.607716e+03  5.195274e+02  5.465831e+01  8.427753e+00  1.093938e+02  0.000000e+00  1.604029e+01  0.000000e+00  2.925862e+00  5.637928e+00  2.881402e+04  0.000000e+00  2.374861e+04  0.000000e+00  6.550137e-01  0.000000e+00
1.335731e+02  1.811603e+03  5.692457e+02  3.770547e+01  5.350937e-03  1.392983e+02  0.000000e+00  2.052003e+01  0.000000e+00  0.000000e+00  0.000000e+00  2.392701e+04  0.000000e+00  1.741640e+04  0.000000e+00  0.000000e+00  0.000000e+00
1.498715e+02  4.448985e+03  6.554316e+02  2.960723e+01  9.018130e+00  8.412784e+01  0.000000e+00  3.248995e+01  0.000000e+00  4.711290e+00  3.030369e+00  1.790484e+04  0.000000e+00  1.302461e+04  0.000000e+00  0.000000e+00  0.000000e+00
1.681586e+02  6.406992e+03  6.600902e+02  3.759665e+01  9.376748e+00  6.969875e+01  1.471324e-03  4.378329e+01  0.000000e+00  2.184247e+00  0.000000e+00  1.318917e+04  0.000000e+00  9.539617e+03  0.000000e+00  0.000000e+00  0.000000e+00
1.886771e+02  3.718566e+03  7.857584e+02  2.746417e+01  9.455290e+00  1.521216e+02  4.187859e+00  4.017002e+01  2.925665e+00  2.925665e+00  0.000000e+00  9.918465e+03  0.000000e+00  7.069810e+03  0.000000e+00  0.000000e+00  0.000000e+00
2.116992e+02  1.615607e+03  9.722387e+02  3.585227e+01  2.197648e+01  6.198861e+01  2.607501e+00  3.611584e+01  0.000000e+00  0.000000e+00  1.168714e-03  7.766480e+03  0.000000e+00  4.684576e+03  0.000000e+00  3.376213e-03  0.000000e+00
2.375304e+02  1.167663e+03  5.050121e+03  5.581239e+01  1.951965e+01  9.274096e+01  1.142382e+00  3.801515e+01  4.713131e+00  0.000000e+00  1.466405e+00  5.782289e+03  0.000000e+00  3.404223e+03  0.000000e+00  3.940327e+00  0.000000e+00
2.665135e+02  9.595117e+02  4.206820e+03  5.755427e+01  1.291625e+01  1.323534e+02  2.538181e+00  2.978416e+01  0.000000e+00  2.071212e+00  1.370423e+00  4.257289e+03  0.000000e+00  2.428320e+03  0.000000e+00  0.000000e+00  0.000000e+00
2.990330e+02  5.813501e+02  6.337447e+02  3.160015e+01  1.149251e+01  1.037183e+02  7.629719e-02  5.594487e+01  1.406271e-03  4.062474e-03  1.782181e-01  3.212634e+03  0.000000e+00  1.823599e+03  0.000000e+00  0.000000e+00  0.000000e+00
3.355206e+02  5.082803e+02  5.619433e+02  3.681312e+01  1.508445e+01  1.098666e+02  1.645222e+00  4.115021e+01  1.617490e+00  1.316871e+00  2.017373e+00  2.388721e+03  1.048701e-01  1.234730e+03  0.000000e+00  0.000000e+00  1.034650e-02
3.764603e+02  3.393450e+02  4.176827e+02  4.555666e+01  1.203915e+01  1.238786e+02  3.752707e-01  2.928481e+01  0.000000e+00  1.796895e+00  0.000000e+00  1.586212e+03  0.000000e+00  9.082158e+02  0.000000e+00  0.000000e+00  0.000000e+00
4.223954e+02  2.188809e+02  3.456620e+02  2.950261e+01  1.379169e+01  1.045988e+02  1.047024e+00  4.239675e+01  3.001500e+00  1.307842e+00  1.590676e+00  1.219198e+03  0.000000e+00  5.010985e+02  0.000000e+00  1.692115e-03  0.000000e+00
4.739354e+02  1.708260e+02  2.796231e+02  4.148975e+01  2.488209e+01  8.821299e+01  1.270582e+00  3.829851e+01  2.634551e+00  9.539325e-01  0.000000e+00  7.445508e+02  0.000000e+00  3.332696e+02  9.539325e-01  0.000000e+00  0.000000e+00
5.317643e+02  1.311518e+02  1.813640e+02  4.292986e+01  1.174492e+01  9.500546e+01  2.949974e+00  3.502310e+01  3.396820e+00  3.229431e+00  1.194615e+00  6.138151e+02  0.000000e+00  2.635635e+02  4.652734e-04  1.760080e+00  0.000000e+00
5.966493e+02  1.168922e+02  1.564248e+02  4.378618e+01  1.956892e+01  9.270430e+01  2.563854e+00  3.368546e+01  3.334697e+00  1.859891e+00  3.661755e-01  4.495763e+02  0.000000e+00  1.745628e+02  0.000000e+00  2.036060e-03  0.000000e+00
6.694516e+02  8.884402e+01  1.311988e+02  5.390454e+01  2.927909e+01  8.860323e+01  2.729279e+00  4.338701e+01  2.624790e+00  2.240365e+00  5.995375e-01  3.136317e+02  0.000000e+00  9.599452e+01  0.000000e+00  0.000000e+00  0.000000e+00
7.511370e+02  7.233621e+01  1.020938e+02  3.739648e+01  2.376970e+01  5.941529e+01  7.621238e-01  3.223526e+01  3.182069e+00  2.099593e+00  4.080968e-01  1.980874e+02  0.000000e+00  6.706334e+01  0.000000e+00  0.000000e+00  0.000000e+00
8.427896e+02  4.471216e+01  8.379936e+01  3.172774e+01  2.709404e+01  6.525479e+01  1.914487e+00  3.681017e+01  1.326899e+00  5.527687e-01  7.863575e-01  1.061129e+02  0.000000e+00  3.257238e+01  0.000000e+00  8.910253e-01  0.000000e+00
9.456255e+02  4.339774e+01  7.019776e+01  4.234867e+01  1.745834e+01  5.447422e+01  2.263912e+00  3.779577e+01  3.885164e+00  0.000000e+00  1.699069e+00  8.597807e+01  6.017848e-03  2.621701e+01  0.000000e+00  0.000000e+00  0.000000e+00
1.061009e+03  3.989808e+01  4.940008e+01  3.960707e+01  2.715593e+01  4.337505e+01  3.030772e+00  3.546808e+01  2.872405e+00  3.807597e+00  3.479030e-01  6.230497e+01  0.000000e+00  9.224854e+00  5.535890e-02  3.316283e-02  0.000000e+00
1.190472e+03  2.643118e+01  4.267777e+01  3.634736e+01  2.742343e+01  3.318295e+01  2.796648e+00  2.132156e+01  3.363556e+00  1.517342e+00  7.798485e-01  3.779371e+01  0.000000e+00  1.133599e+01  0.000000e+00  0.000000e+00  0.000000e+00
1.335731e+03  2.628289e+01  3.698795e+01  2.957607e+01  2.111612e+01  2.717601e+01  1.251919e+00  2.824861e+01  1.407298e+00  2.565812e+00  4.162589e-01  1.905007e+01  0.000000e+00  3.408310e+00  5.621990e-01  0.000000e+00  0.000000e+00
1.498715e+03  1.660316e+01  2.752177e+01  2.434593e+01  2.241312e+01  1.856502e+01  3.842727e+00  2.441323e+01  4.445880e+00  3.639782e+00  6.740006e-01  1.182124e+01  6.310067e-03  5.965319e+00  0.000000e+00  0.000000e+00  1.603386e-02
1.681586e+03  6.747359e+00  2.573387e+01  1.871932e+01  1.957141e+01  2.184694e+01  2.123898e+00  1.879941e+01  2.777819e+00  2.517803e+00  1.458170e+00  1.092980e+01  0.000000e+00  3.651416e+00  3.409653e-01  0.000000e+00  2.064399e-03
1.886771e+03  9.146252e+00  1.563827e+01  1.899502e+01  2.548553e+01  1.735238e+01  2.260374e+00  1.670730e+01  2.859979e+00  2.063276e+00  1.426427e+00  5.614356e+00  3.499714e-01  3.585276e-01  2.194229e-01  1.093791e-03  0.000000e+00
2.116992e+03  7.332767e+00  1.624713e+01  1.254436e+01  1.534207e+01  7.078240e+00  2.042601e+00  1.237339e+01  2.544925e+00  6.069546e-01  1.140281e+00  2.542250e+00  1.648129e-01  1.009150e+00  3.376213e-04  0.000000e+00  3.376213e-04
2.375304e+03  2.764810e+00  9.657641e+00  1.102890e+01  2.175260e+01  6.969961e+00  3.276538e+00  1.118800e+01  2.430657e+00  1.545618e+00  3.624005e-01  3.300193e+00  1.770390e-04  0.000000e+00  3.265141e-02  0.000000e+00  6.760557e-02
2.665135e+03  3.137196e+00  6.816064e+00  8.848736e+00  1.793004e+01  3.385899e+00  2.273128e+00  6.996282e+00  4.094879e+00  9.180633e-01  1.828586e+00  1.639260e+00  5.348341e-01  3.346122e-01  8.197649e-02  0.000000e+00  2.553854e-01
2.990330e+03  6.084074e-01  4.859668e+00  5.568469e+00  1.372770e+01  2.955712e+00  2.789102e+00  4.956525e+00  2.609493e+00  6.462985e-01  5.168554e-01  1.321860e+00  6.510065e-02  0.000000e+00  7.346787e-02  0.000000e+00  3.469953e-01
3.355206e+03  6.253010e-01  5.623761e+00  5.070787e+00  1.403983e+01  9.479229e-01  2.841564e+00  3.243275e+00  1.685187e+00  6.452822e-01  6.994191e-01  2.385392e-01  2.875788e-01  2.521406e-01  7.013019e-03  0.000000e+00  2.867655e-04
3.764603e+03  2.311539e-01  2.097300e+00  3.588647e+00  8.677240e+00  8.209312e-01  2.099488e+00  1.912447e+00  1.270754e+00  3.440155e-01  7.060287e-01  5.026196e-01  2.120520e-02  6.572162e-05  2.172271e-01  0.000000e+00  1.473131e-01
4.223954e+03  1.492649e-02  1.665426e+00  1.261531e+00  6.997070e+00  3.004828e-01  1.123502e+00  1.715702e+00  1.442221e+00  5.585015e-01  4.374862e-01  4.254691e-01  5.871758e-02  0.000000e+00  2.210518e-01  0.000000e+00  8.008454e-02
4.739354e+03  2.371907e-02  1.050595e+00  1.830798e+00  6.341513e+00  3.743141e-01  1.261680e+00  3.850543e-01  1.000067e+00  2.316234e-01  2.675773e-01  2.927358e-01  1.240293e-01  4.354460e-04  3.343123e-03  0.000000e+00  1.768077e-02
5.317643e+03  1.917985e-01  9.264941e-01  1.050571e+00  3.952237e+00  2.111067e-02  8.710109e-01  1.267535e-01  1.777561e+00  6.185650e-01  3.459426e-01  8.237074e-02  1.918193e-01  0.000000e+00  1.208229e-01  0.000000e+00  2.283662e-01
5.966493e+03  4.564911e-02  3.941145e-01  4.584496e-01  2.205397e+00  1.543130e-01  1.167984e+00  1.006694e-01  6.256179e-01  2.324609e-01  5.288191e-01  3.823918e-03  1.440121e-02  0.000000e+00  2.721868e-02  0.000000e+00  6.220980e-02
6.694516e+03  6.281582e-05  2.645655e-01  3.674053e-01  1.567156e+00  1.712934e-02  1.600613e+00  2.066723e-02  3.535700e-01  2.596982e-01  4.380941e-01  1.855802e-01  3.151873e-01  0.000000e+00  1.737319e-02  0.000000e+00  5.185536e-04
7.511370e+03  5.943399e-03  2.060523e-01  4.054404e-01  9.832221e-01  1.030121e-01  7.452954e-01  9.872423e-02  2.503207e-01  7.617089e-02  2.514839e-01  4.372563e-03  5.323341e-02  0.000000e+00  1.453693e-03  0.000000e+00  2.214977e-01
8.427896e+03  1.902448e-02  1.312231e-01  2.040046e-01  1.736487e-01  2.173161e-02  9.534991e-01  2.084972e-01  6.896835e-01  8.758707e-02  6.185560e-02  1.592757e-01  1.296194e-01  0.000000e+00  8.193557e-04  0.000000e+00  2.678697e-02
9.456255e+03  0.000000e+00  4.027011e-02  2.067675e-01  5.142727e-01  3.057087e-02  6.372341e-01  7.558399e-05  2.151967e-01  1.308162e-01  7.275949e-02  2.793002e-01  1.569075e-01  0.000000e+00  6.895076e-02  0.000000e+00  2.488313e-03
1.061009e+04  0.000000e+00  1.649379e-01  8.412817e-02  3.049759e-01  7.377105e-03  4.183120e-01  3.428254e-02  1.749474e-01  2.332207e-03  1.032556e-01  9.366138e-02  1.171835e-01  0.000000e+00  3.963410e-05  0.000000e+00  6.002532e-02
1.190472e+04  0.000000e+00  2.687166e-04  2.916041e-04  1.505629e-01  0.000000e+00  1.239853e-01  2.078300e-05  5.080631e-03  7.064786e-05  1.033790e-01  3.053649e-01  6.806267e-02  0.000000e+00  8.911705e-03  0.000000e+00  1.608310e-02
1.335731e+04  0.000000e+00  2.179978e-02  1.023894e-01  1.995826e-01  0.000000e+00  1.543622e-01  9.094747e-05  2.616730e-02  1.726604e-03  7.617510e-02  3.473001e-02  9.039841e-03  0.000000e+00  0.000000e+00  0.000000e+00  2.026321e-02
1.498715e+04  0.000000e+00  3.819239e-02  6.310067e-04  7.770926e-03  0.000000e+00  7.033332e-02  0.000000e+00  1.187080e-01  2.347749e-03  1.083595e-02  9.538055e-05  1.072187e-01  0.000000e+00  7.574907e-05  0.000000e+00  5.773428e-02
1.681586e+04  0.000000e+00  1.463179e-03  2.500743e-05  4.849606e-03  0.000000e+00  1.325999e-01  1.471324e-05  7.146076e-03  0.000000e+00  5.623853e-04  3.384085e-04  2.786820e-04  0.000000e+00  2.721065e-02  0.000000e+00  4.145077e-02
1.886771e+04  0.000000e+00  4.358945e-03  0.000000e+00  2.403920e-02  0.000000e+00  8.652255e-02  0.000000e+00  6.408623e-02  0.000000e+00  0.000000e+00  1.710523e-02  2.448522e-02  0.000000e+00  4.840083e-02  0.000000e+00  2.514211e-02
2.116992e+04  0.000000e+00  1.168714e-05  0.000000e+00  1.306003e-02  0.000000e+00  6.907112e-05  0.000000e+00  7.573782e-03  0.000000e+00  0.000000e+00  0.000000e+00  2.135589e-02  0.000000e+00  7.961187e-02  0.000000e+00  7.573782e-03
2.375304e+04  0.000000e+00  0.000000e+00  0.000000e+00  1.041617e-05  0.000000e+00  7.761809e-03  1.461482e-04  9.605247e-04  0.000000e+00  1.481329e-03  9.197914e-03  3.540781e-05  0.000000e+00  0.000000e+00  0.000000e+00  2.946806e-02
2.665135e+04  0.000000e+00  1.302548e-04  0.000000e+00  2.148365e-02  0.000000e+00  0.000000e+00  0.000000e+00  0.000000e+00  0.000000e+00  7.743447e-05  0.000000e+00  0.000000e+00  0.000000e+00  0.000000e+00  0.000000e+00  1.302548e-04
2.990330e+04  0.000000e+00  0.000000e+00  0.000000e+00  1.773907e-03  0.000000e+00  0.000000e+00  0.000000e+00  0.000000e+00  0.000000e+00  0.000000e+00  0.000000e+00  2.536879e-03  0.000000e+00  8.069134e-03  0.000000e+00  3.781556e-03
3.355206e+04  0.000000e+00  0.000000e+00  0.000000e+00  0.000000e+00  0.000000e+00  0.000000e+00  0.000000e+00  0.000000e+00  0.000000e+00  0.000000e+00  0.000000e+00  2.130246e-05  0.000000e+00  2.789538e-02  0.000000e+00  1.230168e-04
3.764603e+04  0.000000e+00  0.000000e+00  0.000000e+00  2.512083e-04  0.000000e+00  0.000000e+00  0.000000e+00  0.000000e+00  0.000000e+00  0.000000e+00  0.000000e+00  1.409064e-03  0.000000e+00  2.512083e-04  0.000000e+00  6.572162e-06
4.223954e+04  0.000000e+00  0.000000e+00  0.000000e+00  1.347228e-04  0.000000e+00  0.000000e+00  0.000000e+00  1.772596e-02  0.000000e+00  0.000000e+00  0.000000e+00  1.489675e-03  0.000000e+00  0.000000e+00  0.000000e+00  0.000000e+00
4.739354e+04  0.000000e+00  0.000000e+00  0.000000e+00  0.000000e+00  0.000000e+00  0.000000e+00  0.000000e+00  5.220454e-06  0.000000e+00  0.000000e+00  0.000000e+00  1.252923e-04  0.000000e+00  1.119260e-03  0.000000e+00  0.000000e+00
5.317643e+04  0.000000e+00  0.000000e+00  0.000000e+00  0.000000e+00  0.000000e+00  0.000000e+00  0.000000e+00  0.000000e+00  0.000000e+00  0.000000e+00  0.000000e+00  0.000000e+00  0.000000e+00  0.000000e+00  0.000000e+00  0.000000e+00
5.966493e+04  0.000000e+00  0.000000e+00  0.000000e+00  0.000000e+00  0.000000e+00  0.000000e+00  0.000000e+00  0.000000e+00  0.000000e+00  0.000000e+00  0.000000e+00  0.000000e+00  0.000000e+00  0.000000e+00  0.000000e+00  0.000000e+00
6.694516e+04  0.000000e+00  0.000000e+00  0.000000e+00  0.000000e+00  0.000000e+00  0.000000e+00  0.000000e+00  0.000000e+00  0.000000e+00  0.000000e+00  0.000000e+00  0.000000e+00  0.000000e+00  0.000000e+00  0.000000e+00  3.445028e-04
7.511370e+04  0.000000e+00  0.000000e+00  0.000000e+00  0.000000e+00  0.000000e+00  0.000000e+00  0.000000e+00  0.000000e+00  0.000000e+00  0.000000e+00  0.000000e+00  0.000000e+00  0.000000e+00  0.000000e+00  0.000000e+00  7.617089e-03
8.427896e+04  0.000000e+00  0.000000e+00  0.000000e+00  0.000000e+00  0.000000e+00  0.000000e+00  0.000000e+00  0.000000e+00  0.000000e+00  0.000000e+00  0.000000e+00  0.000000e+00  0.000000e+00  0.000000e+00  0.000000e+00  0.000000e+00
9.456255e+04  0.000000e+00  0.000000e+00  0.000000e+00  0.000000e+00  0.000000e+00  0.000000e+00  0.000000e+00  0.000000e+00  0.000000e+00  0.000000e+00  0.000000e+00  0.000000e+00  0.000000e+00  0.000000e+00  0.000000e+00  0.000000e+00
1.061009e+05  0.000000e+00  0.000000e+00  0.000000e+00  0.000000e+00  0.000000e+00  0.000000e+00  0.000000e+00  0.000000e+00  0.000000e+00  0.000000e+00  0.000000e+00  0.000000e+00  0.000000e+00  0.000000e+00  0.000000e+00  0.000000e+00
1.190472e+05  0.000000e+00  0.000000e+00  0.000000e+00  0.000000e+00  0.000000e+00  0.000000e+00  0.000000e+00  0.000000e+00  0.000000e+00  0.000000e+00  0.000000e+00  0.000000e+00  0.000000e+00  0.000000e+00  0.000000e+00  0.000000e+00
1.335731e+05  0.000000e+00  0.000000e+00  0.000000e+00  0.000000e+00  0.000000e+00  0.000000e+00  0.000000e+00  0.000000e+00  0.000000e+00  0.000000e+00  0.000000e+00  0.000000e+00  0.000000e+00  0.000000e+00  0.000000e+00  0.000000e+00
1.498715e+05  0.000000e+00  0.000000e+00  0.000000e+00  0.000000e+00  0.000000e+00  0.000000e+00  0.000000e+00  0.000000e+00  0.000000e+00  0.000000e+00  0.000000e+00  0.000000e+00  0.000000e+00  0.000000e+00  0.000000e+00  0.000000e+00
1.681586e+05  0.000000e+00  0.000000e+00  0.000000e+00  0.000000e+00  0.000000e+00  0.000000e+00  0.000000e+00  0.000000e+00  0.000000e+00  0.000000e+00  0.000000e+00  0.000000e+00  0.000000e+00  0.000000e+00  0.000000e+00  0.000000e+00
1.886771e+05  0.000000e+00  0.000000e+00  0.000000e+00  0.000000e+00  0.000000e+00  0.000000e+00  0.000000e+00  0.000000e+00  0.000000e+00  0.000000e+00  0.000000e+00  0.000000e+00  0.000000e+00  0.000000e+00  0.000000e+00  0.000000e+00
2.116992e+05  0.000000e+00  0.000000e+00  0.000000e+00  0.000000e+00  0.000000e+00  0.000000e+00  0.000000e+00  0.000000e+00  0.000000e+00  0.000000e+00  0.000000e+00  0.000000e+00  0.000000e+00  0.000000e+00  0.000000e+00  0.000000e+00
2.375304e+05  0.000000e+00  0.000000e+00  0.000000e+00  0.000000e+00  0.000000e+00  0.000000e+00  0.000000e+00  0.000000e+00  0.000000e+00  0.000000e+00  0.000000e+00  0.000000e+00  0.000000e+00  0.000000e+00  0.000000e+00  0.000000e+00
2.665135e+05  0.000000e+00  0.000000e+00  0.000000e+00  0.000000e+00  0.000000e+00  0.000000e+00  0.000000e+00  0.000000e+00  0.000000e+00  0.000000e+00  0.000000e+00  0.000000e+00  0.000000e+00  0.000000e+00  0.000000e+00  0.000000e+00
2.990330e+05  0.000000e+00  0.000000e+00  0.000000e+00  0.000000e+00  0.000000e+00  0.000000e+00  0.000000e+00  0.000000e+00  0.000000e+00  0.000000e+00  0.000000e+00  0.000000e+00  0.000000e+00  0.000000e+00  0.000000e+00  0.000000e+00
3.355206e+05  0.000000e+00  0.000000e+00  0.000000e+00  0.000000e+00  0.000000e+00  0.000000e+00  0.000000e+00  0.000000e+00  0.000000e+00  0.000000e+00  0.000000e+00  0.000000e+00  0.000000e+00  0.000000e+00  0.000000e+00  0.000000e+00
3.764603e+05  0.000000e+00  0.000000e+00  0.000000e+00  0.000000e+00  0.000000e+00  0.000000e+00  0.000000e+00  0.000000e+00  0.000000e+00  0.000000e+00  0.000000e+00  0.000000e+00  0.000000e+00  0.000000e+00  0.000000e+00  0.000000e+00
4.223954e+05  0.000000e+00  0.000000e+00  0.000000e+00  0.000000e+00  0.000000e+00  0.000000e+00  0.000000e+00  0.000000e+00  0.000000e+00  0.000000e+00  0.000000e+00  0.000000e+00  0.000000e+00  0.000000e+00  0.000000e+00  0.000000e+00
4.739354e+05  0.000000e+00  0.000000e+00  0.000000e+00  0.000000e+00  0.000000e+00  0.000000e+00  0.000000e+00  0.000000e+00  0.000000e+00  0.000000e+00  0.000000e+00  0.000000e+00  0.000000e+00  0.000000e+00  0.000000e+00  0.000000e+00
5.317643e+05  0.000000e+00  0.000000e+00  0.000000e+00  0.000000e+00  0.000000e+00  0.000000e+00  0.000000e+00  0.000000e+00  0.000000e+00  0.000000e+00  0.000000e+00  0.000000e+00  0.000000e+00  0.000000e+00  0.000000e+00  0.000000e+00
5.966493e+05  0.000000e+00  0.000000e+00  0.000000e+00  0.000000e+00  0.000000e+00  0.000000e+00  0.000000e+00  0.000000e+00  0.000000e+00  0.000000e+00  0.000000e+00  0.000000e+00  0.000000e+00  0.000000e+00  0.000000e+00  0.000000e+00
6.694516e+05  0.000000e+00  0.000000e+00  0.000000e+00  0.000000e+00  0.000000e+00  0.000000e+00  0.000000e+00  0.000000e+00  0.000000e+00  0.000000e+00  0.000000e+00  0.000000e+00  0.000000e+00  0.000000e+00  0.000000e+00  0.000000e+00
7.511370e+05  0.000000e+00  0.000000e+00  0.000000e+00  0.000000e+00  0.000000e+00  0.000000e+00  0.000000e+00  0.000000e+00  0.000000e+00  0.000000e+00  0.000000e+00  0.000000e+00  0.000000e+00  0.000000e+00  0.000000e+00  0.000000e+00
8.427896e+05  0.000000e+00  0.000000e+00  0.000000e+00  0.000000e+00  0.000000e+00  0.000000e+00  0.000000e+00  0.000000e+00  0.000000e+00  0.000000e+00  0.000000e+00  0.000000e+00  0.000000e+00  0.000000e+00  0.000000e+00  0.000000e+00
9.456255e+05  0.000000e+00  0.000000e+00  0.000000e+00  0.000000e+00  0.000000e+00  0.000000e+00  0.000000e+00  0.000000e+00  0.000000e+00  0.000000e+00  0.000000e+00  0.000000e+00  0.000000e+00  0.000000e+00  0.000000e+00  0.000000e+00
