# dR/dEr [1/keV/kg/Myr]
# Er [keV], S, F, Ne, Cl, Na, Si, O, P, N, C, Al, Mg, Be, B, Ar, Li
1.061009e+01  1.536237e+03  1.105656e+03  0.000000e+00  0.000000e+00  3.398198e+02  0.000000e+00  1.097420e+02  0.000000e+00  0.000000e+00  0.000000e+00  0.000000e+00  0.000000e+00  4.048150e-01  0.000000e+00  0.000000e+00  0.000000e+00
1.190472e+01  5.945405e+02  8.483391e+01  0.000000e+00  0.000000e+00  1.873865e+02  0.000000e+00  0.000000e+00  0.000000e+00  0.000000e+00  0.000000e+00  0.000000e+00  0.000000e+00  0.000000e+00  0.000000e+00  0.000000e+00  0.000000e+00
1.335731e+01  8.375579e+02  1.753321e+02  0.000000e+00  0.000000e+00  0.000000e+00  0.000000e+00  0.000000e+00  0.000000e+00  0.000000e+00  0.000000e+00  0.000000e+00  0.000000e+00  0.000000e+00  0.000000e+00  0.000000e+00  0.000000e+00
1.498715e+01  2.197635e+02  1.954536e+02  0.000000e+00  0.000000e+00  8.925004e+01  0.000000e+00  3.804716e+01  0.000000e+00  0.000000e+00  0.000000e+00  0.000000e+00  0.000000e+00  0.000000e+00  0.000000e+00  0.000000e+00  0.000000e+00
1.681586e+01  5.412522e+02  1.855234e+02  7.918932e+01  0.000000e+00  1.499255e+02  3.390957e+01  0.000000e+00  0.000000e+00  0.000000e+00  0.000000e+00  0.000000e+00  0.000000e+00  0.000000e+00  0.000000e+00  0.000000e+00  0.000000e+00
1.886771e+01  3.731880e+02  2.365163e+02  0.000000e+00  0.000000e+00  7.057756e+01  0.000000e+00  0.000000e+00  0.000000e+00  0.000000e+00  0.000000e+00  0.000000e+00  0.000000e+00  0.000000e+00  0.000000e+00  0.000000e+00  0.000000e+00
2.116992e+01  3.705920e+02  2.726011e+02  0.000000e+00  0.000000e+00  7.559920e+01  0.000000e+00  3.383884e+01  0.000000e+00  0.000000e+00  0.000000e+00  4.036091e+00  0.000000e+00  0.000000e+00  0.000000e+00  0.000000e+00  0.000000e+00
2.375304e+01  6.818332e+02  1.353907e+02  4.605583e+01  0.000000e+00  1.386923e+02  0.000000e+00  5.606175e+01  0.000000e+00  0.000000e+00  0.000000e+00  0.000000e+00  0.000000e+00  0.000000e+00  0.000000e+00  0.000000e+00  0.000000e+00
2.665135e+01  5.871783e+02  2.135116e+02  2.687915e+01  2.238993e-01  4.367281e+01  0.000000e+00  0.000000e+00  2.076809e+01  0.000000e+00  0.000000e+00  0.000000e+00  0.000000e+00  0.000000e+00  0.000000e+00  0.000000e+00  0.000000e+00
2.990330e+01  6.514351e+02  2.926658e+02  3.403612e+01  0.000000e+00  2.110532e+01  0.000000e+00  4.302482e+01  0.000000e+00  0.000000e+00  0.000000e+00  8.407310e-01  0.000000e+00  8.391574e+00  0.000000e+00  0.000000e+00  0.000000e+00
3.355206e+01  8.372904e+02  2.083392e+02  3.179670e+01  0.000000e+00  6.905073e+01  0.000000e+00  5.742725e+01  0.000000e+00  0.000000e+00  0.000000e+00  7.516551e+00  0.000000e+00  6.016520e+00  0.000000e+00  0.000000e+00  0.000000e+00
3.764603e+01  9.122852e+02  1.355488e+02  1.962577e-02  1.902898e+01  7.705830e+01  0.000000e+00  2.650425e-01  0.000000e+00  0.000000e+00  0.000000e+00  0.000000e+00  0.000000e+00  3.346892e-02  0.000000e+00  0.000000e+00  0.000000e+00
4.223954e+01  8.566234e+02  4.335767e+02  2.979690e+00  0.000000e+00  1.876878e+02  0.000000e+00  2.702912e+01  0.000000e+00  0.000000e+00  0.000000e+00  1.601869e+00  0.000000e+00  7.162890e+01  0.000000e+00  0.000000e+00  0.000000e+00
4.739354e+01  1.205113e+03  4.654236e+02  1.511526e+01  3.762559e+01  5.795797e+01  0.000000e+00  5.474837e+01  0.000000e+00  0.000000e+00  0.000000e+00  0.000000e+00  0.000000e+00  2.875661e+01  0.000000e+00  0.000000e+00  0.000000e+00
5.317643e+01  1.047766e+03  2.721455e+02  3.766612e+01  0.000000e+00  1.309351e+02  0.000000e+00  7.302586e+01  0.000000e+00  0.000000e+00  0.000000e+00  1.606797e+00  0.000000e+00  0.000000e+00  0.000000e+00  0.000000e+00  0.000000e+00
5.966493e+01  1.407562e+03  4.946523e+02  4.182651e+01  2.156349e+01  8.050592e+01  0.000000e+00  5.899612e+01  0.000000e+00  0.000000e+00  0.000000e+00  3.050882e+00  0.000000e+00  6.369395e-01  0.000000e+00  0.000000e+00  0.000000e+00
6.694516e+01  1.523533e+03  4.157346e+02  6.957644e+01  0.000000e+00  1.872842e+02  0.000000e+00  1.998059e+01  0.000000e+00  8.616665e-01  0.000000e+00  1.284571e+01  0.000000e+00  2.064838e+02  0.000000e+00  0.000000e+00  0.000000e+00
7.511370e+01  1.594914e+03  5.507133e+02  5.293970e+01  2.179447e+01  1.083839e+02  0.000000e+00  4.971287e+01  0.000000e+00  0.000000e+00  0.000000e+00  1.675603e+00  0.000000e+00  6.427718e+04  0.000000e+00  0.000000e+00  0.000000e+00
8.427896e+01  2.028949e+03  6.440759e+02  3.823503e+01  5.012274e+01  1.581737e+02  0.000000e+00  8.078900e+01  0.000000e+00  0.000000e+00  0.000000e+00  0.000000e+00  0.000000e+00  7.823514e+04  0.000000e+00  0.000000e+00  0.000000e+00
9.456255e+01  2.030508e+03  5.017746e+02  4.594376e+01  2.627353e+01  1.340925e+02  0.000000e+00  2.537729e+01  0.000000e+00  6.126997e-01  0.000000e+00  2.686562e-03  0.000000e+00  5.898762e+04  0.000000e+00  0.000000e+00  0.000000e+00
1.061009e+02  2.402239e+03  6.539126e+02  3.907952e+01  9.595075e+00  1.964844e+02  0.000000e+00  4.527363e+01  0.000000e+00  0.000000e+00  1.715637e+00  1.592222e+01  0.000000e+00  4.551388e+04  0.000000e+00  0.000000e+00  0.000000e+00
1.190472e+02  2.575679e+03  8.298671e+02  8.686400e+01  1.352746e+01  1.699965e+02  0.000000e+00  2.437599e+01  0.000000e+00  4.789854e+00  7.223672e+00  4.042383e+04  0.000000e+00  3.323242e+04  0.000000e+00  7.213691e-01  0.000000e+00
1.335731e+02  2.906578e+03  9.144360e+02  5.942892e+01  5.531294e-03  2.215409e+02  0.000000e+00  3.198609e+01  0.000000e+00  0.000000e+00  0.000000e+00  3.346407e+04  0.000000e+00  2.434449e+04  0.000000e+00  0.000000e+00  0.000000e+00
1.498715e+02  7.148761e+03  1.050021e+03  4.776170e+01  1.433355e+01  1.346598e+02  0.000000e+00  4.947121e+01  0.000000e+00  7.676008e+00  3.707477e+00  2.505424e+04  0.000000e+00  1.822121e+04  0.000000e+00  0.000000e+00  0.000000e+00
1.681586e+02  1.030428e+04  1.055055e+03  5.937214e+01  1.499255e+01  1.110456e+02  1.510765e-03  6.781457e+01  0.000000e+00  2.607454e+00  0.000000e+00  1.843377e+04  0.000000e+00  1.330000e+04  0.000000e+00  0.000000e+00  0.000000e+00
1.886771e+02  5.973000e+03  1.260057e+03  4.324360e+01  1.530134e+01  2.406911e+02  6.818974e+00  6.176476e+01  4.685588e+00  4.685588e+00  0.000000e+00  1.391559e+04  0.000000e+00  9.899352e+03  0.000000e+00  0.000000e+00  0.000000e+00
2.116992e+02  2.593761e+03  1.556056e+03  5.658460e+01  3.451724e+01  9.770502e+01  4.176035e+00  5.776131e+01  0.000000e+00  0.000000e+00  1.200043e-03  1.084316e+04  0.000000e+00  6.514936e+03  0.000000e+00  3.490011e-03  0.000000e+00
2.375304e+02  1.871787e+03  8.125178e+03  8.931243e+01  3.149011e+01  1.467626e+02  1.884279e+00  5.975200e+01  7.512597e+00  0.000000e+00  2.400614e+00  8.065874e+03  0.000000e+00  4.727017e+03  0.000000e+00  5.985164e+00  0.000000e+00
2.665135e+02  1.536973e+03  6.762459e+03  9.222715e+01  1.964654e+01  2.084665e+02  4.002967e+00  4.670343e+01  0.000000e+00  3.317143e+00  1.637134e+00  5.956237e+03  0.000000e+00  3.408439e+03  0.000000e+00  0.000000e+00  0.000000e+00
2.990330e+02  9.282110e+02  1.016614e+03  5.054753e+01  1.842011e+01  1.648434e+02  8.160237e-02  8.709847e+01  1.448811e-03  4.213487e-03  1.937527e-01  4.501433e+03  0.000000e+00  2.559256e+03  0.000000e+00  0.000000e+00  0.000000e+00
3.355206e+02  8.088500e+02  8.976112e+02  5.905598e+01  2.391791e+01  1.744121e+02  2.634900e+00  6.412099e+01  2.667935e+00  2.135087e+00  2.580840e+00  3.334143e+03  1.132656e-01  1.709964e+03  0.000000e+00  0.000000e+00  1.079402e-02
3.764603e+02  5.409638e+02  6.672771e+02  7.225851e+01  1.760745e+01  1.970476e+02  4.100456e-01  4.613963e+01  0.000000e+00  2.833884e+00  0.000000e+00  2.235686e+03  0.000000e+00  1.259757e+03  0.000000e+00  0.000000e+00  0.000000e+00
4.223954e+02  3.486787e+02  5.493311e+02  4.695941e+01  2.180876e+01  1.656069e+02  1.696985e+00  6.753369e+01  4.625473e+00  2.094001e+00  2.037656e+00  1.710696e+03  0.000000e+00  7.039217e+02  0.000000e+00  1.749149e-03  0.000000e+00
4.739354e+02  2.692553e+02  4.427839e+02  6.634406e+01  4.006019e+01  1.391122e+02  1.895609e+00  5.983697e+01  3.769447e+00  1.167876e+00  0.000000e+00  1.036321e+03  0.000000e+00  4.692036e+02  1.167876e+00  0.000000e+00  0.000000e+00
5.317643e+02  2.055871e+02  2.875438e+02  6.783752e+01  1.857212e+01  1.513287e+02  4.764274e+00  5.607626e+01  5.103516e+00  4.892205e+00  1.834411e+00  8.524959e+02  0.000000e+00  3.713366e+02  4.777458e-04  2.673475e+00  0.000000e+00
5.966493e+02  1.832575e+02  2.454648e+02  6.912627e+01  3.024409e+01  1.482553e+02  3.736864e+00  5.289136e+01  5.190638e+00  2.973428e+00  4.205750e-01  6.318146e+02  0.000000e+00  2.440485e+02  0.000000e+00  2.111746e-03  0.000000e+00
6.694516e+02  1.386632e+02  2.055373e+02  8.548648e+01  4.615423e+01  1.410932e+02  4.094701e+00  6.905502e+01  4.134702e+00  3.582756e+00  9.379365e-01  4.389785e+02  0.000000e+00  1.305907e+02  0.000000e+00  0.000000e+00  0.000000e+00
7.511370e+02  1.125873e+02  1.597847e+02  5.989403e+01  3.745054e+01  9.475384e+01  1.233852e+00  5.149994e+01  5.102326e+00  3.089410e+00  6.464554e-01  2.734636e+02  0.000000e+00  9.331595e+01  0.000000e+00  0.000000e+00  0.000000e+00
8.427896e+02  6.973559e+01  1.304663e+02  5.023984e+01  4.324753e+01  1.032163e+02  3.106613e+00  5.850130e+01  2.115843e+00  8.804420e-01  9.186300e-01  1.482339e+02  0.000000e+00  4.547145e+01  0.000000e+00  1.169980e+00  0.000000e+00
9.456255e+02  6.708981e+01  1.104148e+02  6.689990e+01  2.720232e+01  8.689560e+01  3.414167e+00  5.967552e+01  6.223297e+00  0.000000e+00  2.652980e+00  1.180929e+02  6.310339e-03  3.671683e+01  0.000000e+00  0.000000e+00  0.000000e+00
1.061009e+03  6.164264e+01  7.719923e+01  6.231867e+01  4.287564e+01  6.876646e+01  4.663425e+00  5.659346e+01  4.595553e+00  5.694848e+00  4.150512e-01  8.708720e+01  0.000000e+00  1.221585e+01  5.999158e-02  3.581774e-02  0.000000e+00
1.190472e+03  4.089720e+01  6.701599e+01  5.733155e+01  4.343974e+01  5.346043e+01  4.135019e+00  3.374168e+01  5.391693e+00  2.422617e+00  9.040236e-01  5.302569e+01  0.000000e+00  1.579198e+01  0.000000e+00  0.000000e+00  0.000000e+00
1.335731e+03  4.027079e+01  5.768176e+01  4.661813e+01  3.362081e+01  4.351109e+01  1.922736e+00  4.515633e+01  2.123740e+00  3.974688e+00  6.298346e-01  2.657550e+01  0.000000e+00  4.555932e+00  7.382077e-01  0.000000e+00  0.000000e+00
1.498715e+03  2.559404e+01  4.313955e+01  3.874111e+01  3.518321e+01  2.951330e+01  5.742807e+00  3.854402e+01  6.739521e+00  5.409940e+00  9.735717e-01  1.703143e+01  6.657567e-03  8.373715e+00  0.000000e+00  0.000000e+00  1.712251e-02
1.681586e+03  1.023130e+01  3.943187e+01  2.942983e+01  3.087001e+01  3.428209e+01  3.337915e+00  3.007454e+01  4.253822e+00  3.785194e+00  1.968218e+00  1.490659e+01  0.000000e+00  5.461973e+00  4.286962e-01  0.000000e+00  2.153691e-03
1.886771e+03  1.355151e+01  2.400345e+01  2.975417e+01  4.054992e+01  2.727709e+01  3.394740e+00  2.684032e+01  4.362408e+00  3.113576e+00  1.993347e+00  7.750724e+00  5.126756e-01  5.654341e-01  2.496166e-01  1.138221e-03  0.000000e+00
2.116992e+03  1.127832e+01  2.487207e+01  1.966226e+01  2.446554e+01  1.113527e+01  3.012159e+00  1.962227e+01  3.905189e+00  9.515741e-01  1.632007e+00  3.330071e+00  2.517805e-01  1.341904e+00  3.490011e-04  0.000000e+00  3.490011e-04
2.375304e+03  4.216060e+00  1.490938e+01  1.712642e+01  3.418819e+01  1.077880e+01  4.778026e+00  1.769364e+01  3.742911e+00  2.433503e+00  5.364083e-01  4.673141e+00  1.823945e-04  0.000000e+00  3.597170e-02  0.000000e+00  7.674163e-02
2.665135e+03  4.628240e+00  1.022549e+01  1.377943e+01  2.785896e+01  5.277362e+00  3.497314e+00  1.107805e+01  6.265523e+00  1.335715e+00  2.617938e+00  2.163962e+00  6.939284e-01  4.666611e-01  9.415501e-02  0.000000e+00  3.264134e-01
2.990330e+03  8.328865e-01  7.208034e+00  8.540986e+00  2.126753e+01  4.575562e+00  4.202960e+00  7.805772e+00  4.151712e+00  8.265417e-01  6.571469e-01  1.700852e+00  7.308818e-02  0.000000e+00  8.433709e-02  0.000000e+00  4.339106e-01
3.355206e+03  8.584767e-01  8.295790e+00  7.397703e+00  2.182902e+01  1.389422e+00  4.371271e+00  5.199274e+00  2.665105e+00  9.281242e-01  9.956445e-01  2.823432e-01  3.955875e-01  3.473969e-01  7.493023e-03  0.000000e+00  2.959224e-04
3.764603e+03  3.411631e-01  3.128267e+00  5.257561e+00  1.354625e+01  1.143594e+00  3.082167e+00  2.992547e+00  1.979214e+00  4.851541e-01  9.462683e-01  6.388718e-01  2.284005e-02  6.748339e-05  2.927482e-01  0.000000e+00  1.708276e-01
4.223954e+03  1.613174e-02  2.543191e+00  1.780773e+00  1.099204e+01  3.812773e-01  1.681505e+00  2.754816e+00  2.185886e+00  7.526880e-01  5.783291e-01  5.452268e-01  6.678913e-02  0.000000e+00  2.987127e-01  0.000000e+00  9.059784e-02
4.739354e+03  2.655651e-02  1.525875e+00  2.676700e+00  9.857096e+00  5.097649e-01  1.927520e+00  5.678382e-01  1.442029e+00  2.995303e-01  3.398539e-01  3.620995e-01  1.553483e-01  4.531340e-04  3.544827e-03  0.000000e+00  1.901386e-02
5.317643e+03  2.690308e-01  1.282885e+00  1.472772e+00  6.128014e+00  2.300705e-02  1.302943e+00  1.622732e-01  2.611646e+00  8.824494e-01  4.445264e-01  9.202529e-02  2.615748e-01  0.000000e+00  1.439050e-01  0.000000e+00  3.268537e-01
5.966493e+03  5.187078e-02  5.510923e-01  5.739350e-01  3.263505e+00  2.176111e-01  1.736511e+00  1.375364e-01  8.324806e-01  3.224296e-01  7.241812e-01  4.089806e-03  1.578564e-02  0.000000e+00  3.086875e-02  0.000000e+00  7.417080e-02
6.694516e+03  6.471602e-05  3.568683e-01  4.927578e-01  2.270834e+00  1.873854e-02  2.339496e+00  2.259206e-02  5.143326e-01  3.280378e-01  5.956992e-01  2.224793e-01  4.515329e-01  0.000000e+00  1.940627e-02  0.000000e+00  5.409827e-04
7.511370e+03  6.387750e-03  2.598654e-01  5.557081e-01  1.535142e+00  1.345226e-01  1.074108e+00  1.187106e-01  3.464429e-01  9.580538e-02  3.430752e-01  4.638100e-03  6.150083e-02  0.000000e+00  1.529923e-03  0.000000e+00  2.815423e-01
8.427896e+03  2.159859e-02  1.537683e-01  2.851703e-01  2.259894e-01  2.449395e-02  1.318120e+00  2.998804e-01  9.018634e-01  1.076933e-01  7.216494e-02  2.040742e-01  1.608941e-01  0.000000e+00  8.575319e-04  0.000000e+00  2.986858e-02
9.456255e+03  0.000000e+00  4.787271e-02  2.816911e-01  7.032735e-01  3.572335e-02  9.019419e-01  7.813161e-05  2.873280e-01  1.629282e-01  8.979369e-02  3.747261e-01  1.949047e-01  0.000000e+00  8.539057e-02  0.000000e+00  2.658625e-03
1.061009e+04  0.000000e+00  2.226406e-01  1.267638e-01  4.101814e-01  8.122696e-03  5.652245e-01  3.858646e-02  2.366218e-01  2.488254e-03  1.347759e-01  1.099711e-01  1.488759e-01  0.000000e+00  4.083305e-05  0.000000e+00  7.441825e-02
1.190472e+04  0.000000e+00  2.788505e-04  3.042169e-04  2.000938e-01  0.000000e+00  1.629094e-01  2.134012e-05  5.406231e-03  7.278499e-05  1.270142e-01  4.499498e-01  9.191480e-02  0.000000e+00  9.691014e-03  0.000000e+00  1.771521e-02
1.335731e+04  0.000000e+00  2.436214e-02  1.440850e-01  2.592059e-01  0.000000e+00  2.339053e-01  9.432823e-05  3.019497e-02  1.845869e-03  9.045966e-02  3.972119e-02  1.007430e-02  0.000000e+00  0.000000e+00  0.000000e+00  2.296829e-02
1.498715e+04  0.000000e+00  4.803339e-02  6.657567e-04  8.467236e-03  0.000000e+00  9.126895e-02  0.000000e+00  1.666572e-01  2.535702e-03  1.228907e-02  9.859542e-05  1.631374e-01  0.000000e+00  7.820530e-05  0.000000e+00  7.403300e-02
1.681586e+04  0.000000e+00  1.541569e-03  2.576391e-05  5.327713e-03  0.000000e+00  1.744112e-01  1.510765e-05  7.967209e-03  0.000000e+00  5.933563e-04  3.548565e-04  2.902967e-04  0.000000e+00  3.119047e-02  0.000000e+00  5.105568e-02
1.886771e+04  0.000000e+00  4.787296e-03  0.000000e+00  2.941595e-02  0.000000e+00  1.167247e-01  0.000000e+00  8.193604e-02  0.000000e+00  0.000000e+00  1.940929e-02  2.988750e-02  0.000000e+00  6.201477e-02  0.000000e+00  2.828728e-02
2.116992e+04  0.000000e+00  1.200043e-05  0.000000e+00  1.480122e-02  0.000000e+00  7.151752e-05  0.000000e+00  8.598552e-03  0.000000e+00  0.000000e+00  0.000000e+00  2.614548e-02  0.000000e+00  1.060394e-01  0.000000e+00  8.598552e-03
2.375304e+04  0.000000e+00  0.000000e+00  0.000000e+00  1.069540e-05  0.000000e+00  8.743826e-03  1.524696e-04  1.027313e-03  0.000000e+00  1.599920e-03  1.056437e-02  3.647891e-05  0.000000e+00  0.000000e+00  0.000000e+00  3.627702e-02
2.665135e+04  0.000000e+00  1.358887e-04  0.000000e+00  2.701788e-02  0.000000e+00  0.000000e+00  0.000000e+00  0.000000e+00  0.000000e+00  8.057988e-05  0.000000e+00  0.000000e+00  0.000000e+00  0.000000e+00  0.000000e+00  1.358887e-04
2.990330e+04  0.000000e+00  0.000000e+00  0.000000e+00  1.929031e-03  0.000000e+00  0.000000e+00  0.000000e+00  0.000000e+00  0.000000e+00  0.000000e+00  0.000000e+00  2.745055e-03  0.000000e+00  9.207598e-03  0.000000e+00  4.231907e-03
3.355206e+04  0.000000e+00  0.000000e+00  0.000000e+00  0.000000e+00  0.000000e+00  0.000000e+00  0.000000e+00  0.000000e+00  0.000000e+00  0.000000e+00  0.000000e+00  2.202048e-05  0.000000e+00  4.237172e-02  0.000000e+00  1.280137e-04
3.764603e+04  0.000000e+00  0.000000e+00  0.000000e+00  2.650425e-04  0.000000e+00  0.000000e+00  0.000000e+00  0.000000e+00  0.000000e+00  0.000000e+00  0.000000e+00  1.532284e-03  0.000000e+00  2.650425e-04  0.000000e+00  6.748339e-06
4.223954e+04  0.000000e+00  0.000000e+00  0.000000e+00  1.412709e-04  0.000000e+00  0.000000e+00  0.000000e+00  2.238191e-02  0.000000e+00  0.000000e+00  0.000000e+00  1.612126e-03  0.000000e+00  0.000000e+00  0.000000e+00  0.000000e+00
4.739354e+04  0.000000e+00  0.000000e+00  0.000000e+00  0.000000e+00  0.000000e+00  0.000000e+00  0.000000e+00  5.360396e-06  0.000000e+00  0.000000e+00  0.000000e+00  1.312682e-04  0.000000e+00  1.217136e-03  0.000000e+00  0.000000e+00
5.317643e+04  0.000000e+00  0.000000e+00  0.000000e+00  0.000000e+00  0.000000e+00  0.000000e+00  0.000000e+00  0.000000e+00  0.000000e+00  0.000000e+00  0.000000e+00  0.000000e+00  0.000000e+00  0.000000e+00  0.000000e+00  0.000000e+00
5.966493e+04  0.000000e+00  0.000000e+00  0.000000e+00  0.000000e+00  0.000000e+00  0.000000e+00  0.000000e+00  0.000000e+00  0.000000e+00  0.000000e+00  0.000000e+00  0.000000e+00  0.000000e+00  0.000000e+00  0.000000e+00  0.000000e+00
6.694516e+04  0.000000e+00  0.000000e+00  0.000000e+00  0.000000e+00  0.000000e+00  0.000000e+00  0.000000e+00  0.000000e+00  0.000000e+00  0.000000e+00  0.000000e+00  0.000000e+00  0.000000e+00  0.000000e+00  0.000000e+00  3.682993e-04
7.511370e+04  0.000000e+00  0.000000e+00  0.000000e+00  0.000000e+00  0.000000e+00  0.000000e+00  0.000000e+00  0.000000e+00  0.000000e+00  0.000000e+00  0.000000e+00  0.000000e+00  0.000000e+00  0.000000e+00  0.000000e+00  9.580538e-03
8.427896e+04  0.000000e+00  0.000000e+00  0.000000e+00  0.000000e+00  0.000000e+00  0.000000e+00  0.000000e+00  0.000000e+00  0.000000e+00  0.000000e+00  0.000000e+00  0.000000e+00  0.000000e+00  0.000000e+00  0.000000e+00  0.000000e+00
9.456255e+04  0.000000e+00  0.000000e+00  0.000000e+00  0.000000e+00  0.000000e+00  0.000000e+00  0.000000e+00  0.000000e+00  0.000000e+00  0.000000e+00  0.000000e+00  0.000000e+00  0.000000e+00  0.000000e+00  0.000000e+00  0.000000e+00
1.061009e+05  0.000000e+00  0.000000e+00  0.000000e+00  0.000000e+00  0.000000e+00  0.000000e+00  0.000000e+00  0.000000e+00  0.000000e+00  0.000000e+00  0.000000e+00  0.000000e+00  0.000000e+00  0.000000e+00  0.000000e+00  0.000000e+00
1.190472e+05  0.000000e+00  0.000000e+00  0.000000e+00  0.000000e+00  0.000000e+00  0.000000e+00  0.000000e+00  0.000000e+00  0.000000e+00  0.000000e+00  0.000000e+00  0.000000e+00  0.000000e+00  0.000000e+00  0.000000e+00  0.000000e+00
1.335731e+05  0.000000e+00  0.000000e+00  0.000000e+00  0.000000e+00  0.000000e+00  0.000000e+00  0.000000e+00  0.000000e+00  0.000000e+00  0.000000e+00  0.000000e+00  0.000000e+00  0.000000e+00  0.000000e+00  0.000000e+00  0.000000e+00
1.498715e+05  0.000000e+00  0.000000e+00  0.000000e+00  0.000000e+00  0.000000e+00  0.000000e+00  0.000000e+00  0.000000e+00  0.000000e+00  0.000000e+00  0.000000e+00  0.000000e+00  0.000000e+00  0.000000e+00  0.000000e+00  0.000000e+00
1.681586e+05  0.000000e+00  0.000000e+00  0.000000e+00  0.000000e+00  0.000000e+00  0.000000e+00  0.000000e+00  0.000000e+00  0.000000e+00  0.000000e+00  0.000000e+00  0.000000e+00  0.000000e+00  0.000000e+00  0.000000e+00  0.000000e+00
1.886771e+05  0.000000e+00  0.000000e+00  0.000000e+00  0.000000e+00  0.000000e+00  0.000000e+00  0.000000e+00  0.000000e+00  0.000000e+00  0.000000e+00  0.000000e+00  0.000000e+00  0.000000e+00  0.000000e+00  0.000000e+00  0.000000e+00
2.116992e+05  0.000000e+00  0.000000e+00  0.000000e+00  0.000000e+00  0.000000e+00  0.000000e+00  0.000000e+00  0.000000e+00  0.000000e+00  0.000000e+00  0.000000e+00  0.000000e+00  0.000000e+00  0.000000e+00  0.000000e+00  0.000000e+00
2.375304e+05  0.000000e+00  0.000000e+00  0.000000e+00  0.000000e+00  0.000000e+00  0.000000e+00  0.000000e+00  0.000000e+00  0.000000e+00  0.000000e+00  0.000000e+00  0.000000e+00  0.000000e+00  0.000000e+00  0.000000e+00  0.000000e+00
2.665135e+05  0.000000e+00  0.000000e+00  0.000000e+00  0.000000e+00  0.000000e+00  0.000000e+00  0.000000e+00  0.000000e+00  0.000000e+00  0.000000e+00  0.000000e+00  0.000000e+00  0.000000e+00  0.000000e+00  0.000000e+00  0.000000e+00
2.990330e+05  0.000000e+00  0.000000e+00  0.000000e+00  0.000000e+00  0.000000e+00  0.000000e+00  0.000000e+00  0.000000e+00  0.000000e+00  0.000000e+00  0.000000e+00  0.000000e+00  0.000000e+00  0.000000e+00  0.000000e+00  0.000000e+00
3.355206e+05  0.000000e+00  0.000000e+00  0.000000e+00  0.000000e+00  0.000000e+00  0.000000e+00  0.000000e+00  0.000000e+00  0.000000e+00  0.000000e+00  0.000000e+00  0.000000e+00  0.000000e+00  0.000000e+00  0.000000e+00  0.000000e+00
3.764603e+05  0.000000e+00  0.000000e+00  0.000000e+00  0.000000e+00  0.000000e+00  0.000000e+00  0.000000e+00  0.000000e+00  0.000000e+00  0.000000e+00  0.000000e+00  0.000000e+00  0.000000e+00  0.000000e+00  0.000000e+00  0.000000e+00
4.223954e+05  0.000000e+00  0.000000e+00  0.000000e+00  0.000000e+00  0.000000e+00  0.000000e+00  0.000000e+00  0.000000e+00  0.000000e+00  0.000000e+00  0.000000e+00  0.000000e+00  0.000000e+00  0.000000e+00  0.000000e+00  0.000000e+00
4.739354e+05  0.000000e+00  0.000000e+00  0.000000e+00  0.000000e+00  0.000000e+00  0.000000e+00  0.000000e+00  0.000000e+00  0.000000e+00  0.000000e+00  0.000000e+00  0.000000e+00  0.000000e+00  0.000000e+00  0.000000e+00  0.000000e+00
5.317643e+05  0.000000e+00  0.000000e+00  0.000000e+00  0.000000e+00  0.000000e+00  0.000000e+00  0.000000e+00  0.000000e+00  0.000000e+00  0.000000e+00  0.000000e+00  0.000000e+00  0.000000e+00  0.000000e+00  0.000000e+00  0.000000e+00
5.966493e+05  0.000000e+00  0.000000e+00  0.000000e+00  0.000000e+00  0.000000e+00  0.000000e+00  0.000000e+00  0.000000e+00  0.000000e+00  0.000000e+00  0.000000e+00  0.000000e+00  0.000000e+00  0.000000e+00  0.000000e+00  0.000000e+00
6.694516e+05  0.000000e+00  0.000000e+00  0.000000e+00  0.000000e+00  0.000000e+00  0.000000e+00  0.000000e+00  0.000000e+00  0.000000e+00  0.000000e+00  0.000000e+00  0.000000e+00  0.000000e+00  0.000000e+00  0.000000e+00  0.000000e+00
7.511370e+05  0.000000e+00  0.000000e+00  0.000000e+00  0.000000e+00  0.000000e+00  0.000000e+00  0.000000e+00  0.000000e+00  0.000000e+00  0.000000e+00  0.000000e+00  0.000000e+00  0.000000e+00  0.000000e+00  0.000000e+00  0.000000e+00
8.427896e+05  0.000000e+00  0.000000e+00  0.000000e+00  0.000000e+00  0.000000e+00  0.000000e+00  0.000000e+00  0.000000e+00  0.000000e+00  0.000000e+00  0.000000e+00  0.000000e+00  0.000000e+00  0.000000e+00  0.000000e+00  0.000000e+00
9.456255e+05  0.000000e+00  0.000000e+00  0.000000e+00  0.000000e+00  0.000000e+00  0.000000e+00  0.000000e+00  0.000000e+00  0.000000e+00  0.000000e+00  0.000000e+00  0.000000e+00  0.000000e+00  0.000000e+00  0.000000e+00  0.000000e+00
