# dR/dEr [1/keV/kg/Myr]
# Er [keV], S, F, Ne, Cl, Na, Si, O, P, N, C, Al, Mg, Be, B, Ar, Li
1.061009e+01  8.079184e+02  5.881456e+02  0.000000e+00  0.000000e+00  1.888005e+02  0.000000e+00  5.644697e+01  0.000000e+00  0.000000e+00  0.000000e+00  0.000000e+00  0.000000e+00  3.828237e-01  0.000000e+00  0.000000e+00  0.000000e+00
1.190472e+01  3.106259e+02  4.813742e+01  0.000000e+00  0.000000e+00  9.835631e+01  0.000000e+00  0.000000e+00  0.000000e+00  0.000000e+00  0.000000e+00  0.000000e+00  0.000000e+00  0.000000e+00  0.000000e+00  0.000000e+00  0.000000e+00
1.335731e+01  4.441925e+02  9.182677e+01  0.000000e+00  0.000000e+00  0.000000e+00  0.000000e+00  0.000000e+00  0.000000e+00  0.000000e+00  0.000000e+00  0.000000e+00  0.000000e+00  0.000000e+00  0.000000e+00  0.000000e+00  0.000000e+00
1.498715e+01  1.146871e+02  1.070760e+02  0.000000e+00  0.000000e+00  4.657996e+01  0.000000e+00  1.948424e+01  0.000000e+00  0.000000e+00  0.000000e+00  0.000000e+00  0.000000e+00  0.000000e+00  0.000000e+00  0.000000e+00  0.000000e+00
1.681586e+01  2.831126e+02  1.083551e+02  4.118242e+01  0.000000e+00  7.909151e+01  1.736535e+01  0.000000e+00  0.000000e+00  0.000000e+00  0.000000e+00  0.000000e+00  0.000000e+00  0.000000e+00  0.000000e+00  0.000000e+00  0.000000e+00
1.886771e+01  1.945438e+02  1.320450e+02  0.000000e+00  0.000000e+00  3.670387e+01  0.000000e+00  0.000000e+00  0.000000e+00  0.000000e+00  0.000000e+00  0.000000e+00  0.000000e+00  0.000000e+00  0.000000e+00  0.000000e+00  0.000000e+00
2.116992e+01  1.948488e+02  1.483733e+02  0.000000e+00  0.000000e+00  3.954229e+01  0.000000e+00  1.755041e+01  0.000000e+00  0.000000e+00  0.000000e+00  3.525609e+00  0.000000e+00  0.000000e+00  0.000000e+00  0.000000e+00  0.000000e+00
2.375304e+01  3.591825e+02  7.102393e+01  3.044438e+01  0.000000e+00  7.743058e+01  0.000000e+00  2.915492e+01  0.000000e+00  0.000000e+00  0.000000e+00  0.000000e+00  0.000000e+00  0.000000e+00  0.000000e+00  0.000000e+00  0.000000e+00
2.665135e+01  3.090439e+02  1.233133e+02  1.394078e+01  2.094885e-01  2.245635e+01  0.000000e+00  0.000000e+00  1.568692e+01  0.000000e+00  0.000000e+00  0.000000e+00  0.000000e+00  0.000000e+00  0.000000e+00  0.000000e+00  0.000000e+00
2.990330e+01  3.476622e+02  1.572616e+02  1.735477e+01  0.000000e+00  1.289966e+01  0.000000e+00  2.218999e+01  0.000000e+00  0.000000e+00  0.000000e+00  7.663261e-01  0.000000e+00  6.919256e+00  0.000000e+00  0.000000e+00  0.000000e+00
3.355206e+01  4.436885e+02  1.123327e+02  1.706042e+01  0.000000e+00  3.602306e+01  0.000000e+00  3.520710e+01  0.000000e+00  0.000000e+00  0.000000e+00  6.202472e+00  0.000000e+00  5.237765e+00  0.000000e+00  0.000000e+00  0.000000e+00
3.764603e+01  4.861705e+02  7.528386e+01  1.873369e-02  9.869318e+00  4.565780e+01  0.000000e+00  2.458532e-01  0.000000e+00  0.000000e+00  0.000000e+00  0.000000e+00  0.000000e+00  3.179829e-02  0.000000e+00  0.000000e+00  0.000000e+00
4.223954e+01  4.508813e+02  2.280425e+02  2.544915e+00  0.000000e+00  1.024805e+02  0.000000e+00  1.385488e+01  0.000000e+00  0.000000e+00  0.000000e+00  1.433500e+00  0.000000e+00  4.990621e+01  0.000000e+00  0.000000e+00  0.000000e+00
4.739354e+01  6.337040e+02  2.466269e+02  7.839478e+00  1.991733e+01  3.010362e+01  0.000000e+00  2.830779e+01  0.000000e+00  0.000000e+00  0.000000e+00  0.000000e+00  0.000000e+00  1.832309e+01  0.000000e+00  0.000000e+00  0.000000e+00
5.317643e+01  5.522445e+02  1.423486e+02  1.946529e+01  0.000000e+00  6.990657e+01  0.000000e+00  3.770707e+01  0.000000e+00  0.000000e+00  0.000000e+00  1.403570e+00  0.000000e+00  0.000000e+00  0.000000e+00  0.000000e+00  0.000000e+00
5.966493e+01  7.423273e+02  2.607050e+02  2.163767e+01  1.112134e+01  4.465603e+01  0.000000e+00  3.316167e+01  0.000000e+00  0.000000e+00  0.000000e+00  2.553895e+00  0.000000e+00  5.718749e-01  0.000000e+00  0.000000e+00  0.000000e+00
6.694516e+01  8.040964e+02  2.193118e+02  3.612636e+01  0.000000e+00  1.000056e+02  0.000000e+00  1.042795e+01  0.000000e+00  7.662237e-01  0.000000e+00  9.094886e+00  0.000000e+00  1.331659e+02  0.000000e+00  0.000000e+00  0.000000e+00
7.511370e+01  8.425580e+02  2.962490e+02  2.916896e+01  1.150823e+01  5.888705e+01  0.000000e+00  2.638575e+01  0.000000e+00  0.000000e+00  0.000000e+00  1.431111e+00  0.000000e+00  4.060673e+04  0.000000e+00  0.000000e+00  0.000000e+00
8.427896e+01  1.072335e+03  3.399868e+02  2.003718e+01  2.666571e+01  8.445705e+01  0.000000e+00  4.451791e+01  0.000000e+00  0.000000e+00  0.000000e+00  0.000000e+00  0.000000e+00  4.947801e+04  0.000000e+00  0.000000e+00  0.000000e+00
9.456255e+01  1.069674e+03  2.636358e+02  2.549178e+01  1.377579e+01  7.202763e+01  0.000000e+00  1.338931e+01  0.000000e+00  5.450335e-01  0.000000e+00  2.588586e-03  0.000000e+00  3.739221e+04  0.000000e+00  0.000000e+00  0.000000e+00
1.061009e+02  1.262304e+03  3.457266e+02  2.057518e+01  4.893545e+00  1.055185e+02  0.000000e+00  2.334515e+01  0.000000e+00  0.000000e+00  1.436160e+00  9.698839e+00  0.000000e+00  2.870984e+04  0.000000e+00  0.000000e+00  0.000000e+00
1.190472e+02  1.356039e+03  4.388218e+02  4.619994e+01  7.109470e+00  9.341805e+01  0.000000e+00  1.377920e+01  0.000000e+00  2.452921e+00  5.114430e+00  2.545883e+04  0.000000e+00  2.100552e+04  0.000000e+00  6.304419e-01  0.000000e+00
1.335731e+02  1.527301e+03  4.797697e+02  3.204603e+01  5.279872e-03  1.178402e+02  0.000000e+00  1.747523e+01  0.000000e+00  0.000000e+00  0.000000e+00  2.116392e+04  0.000000e+00  1.541126e+04  0.000000e+00  0.000000e+00  0.000000e+00
1.498715e+02  3.748646e+03  5.530552e+02  2.491923e+01  7.620684e+00  7.094310e+01  0.000000e+00  2.798834e+01  0.000000e+00  3.958604e+00  2.803124e+00  1.583419e+04  0.000000e+00  1.152180e+04  0.000000e+00  0.000000e+00  0.000000e+00
1.681586e+02  5.397080e+03  5.573618e+02  3.190099e+01  7.909151e+00  5.897824e+01  1.455669e-03  3.738681e+01  0.000000e+00  2.038943e+00  0.000000e+00  1.167129e+04  0.000000e+00  8.448675e+03  0.000000e+00  0.000000e+00  0.000000e+00
1.886771e+02  3.133789e+03  6.626463e+02  2.332401e+01  7.953595e+00  1.288758e+02  3.516876e+00  3.442719e+01  2.467530e+00  2.467530e+00  0.000000e+00  8.764570e+03  0.000000e+00  6.251324e+03  0.000000e+00  0.000000e+00  0.000000e+00
2.116992e+02  1.362092e+03  8.206114e+02  3.039448e+01  1.867440e+01  5.268220e+01  2.199189e+00  3.048811e+01  0.000000e+00  0.000000e+00  1.156279e-03  6.874074e+03  0.000000e+00  4.151510e+03  0.000000e+00  3.331374e-03  0.000000e+00
2.375304e+02  9.849168e+02  4.253481e+03  4.712213e+01  1.644160e+01  7.861960e+01  9.554629e-01  3.233850e+01  3.979070e+00  0.000000e+00  1.229373e+00  5.119306e+03  0.000000e+00  3.018698e+03  0.000000e+00  3.377712e+00  0.000000e+00
2.665135e+02  8.095546e+02  3.544221e+03  4.852410e+01  1.113461e+01  1.123721e+02  2.147780e+00  2.532603e+01  0.000000e+00  1.746878e+00  1.278866e+00  3.765717e+03  0.000000e+00  2.145561e+03  0.000000e+00  0.000000e+00  0.000000e+00
2.990330e+02  4.911426e+02  5.344027e+02  2.668455e+01  9.690690e+00  8.775737e+01  7.427418e-02  4.771892e+01  1.389450e-03  4.003168e-03  1.723547e-01  2.840400e+03  0.000000e+00  1.611127e+03  0.000000e+00  0.000000e+00  0.000000e+00
3.355206e+02  4.298743e+02  4.745640e+02  3.107926e+01  1.276220e+01  9.299516e+01  1.387594e+00  3.507332e+01  1.352832e+00  1.107356e+00  1.831309e+00  2.114592e+03  1.016953e-01  1.095996e+03  0.000000e+00  0.000000e+00  1.017173e-02
3.764603e+02  2.868468e+02  3.528118e+02  3.859470e+01  1.049548e+01  1.047947e+02  3.622807e-01  2.486968e+01  0.000000e+00  1.520511e+00  0.000000e+00  1.399659e+03  0.000000e+00  8.055362e+02  0.000000e+00  0.000000e+00  0.000000e+00
4.223954e+02  1.850910e+02  2.925195e+02  2.495466e+01  1.171513e+01  8.860951e+01  8.805876e-01  3.585428e+01  2.573238e+00  1.103189e+00  1.443112e+00  1.077239e+03  0.000000e+00  4.424879e+02  0.000000e+00  1.669642e-03  0.000000e+00
4.739354e+02  1.450491e+02  2.369770e+02  3.504385e+01  2.095683e+01  7.489881e+01  1.105464e+00  3.264216e+01  2.313142e+00  8.821405e-01  0.000000e+00  6.598251e+02  0.000000e+00  2.942580e+02  8.821405e-01  0.000000e+00  0.000000e+00
5.317643e+02  1.115871e+02  1.537202e+02  3.640408e+01  9.957743e+00  8.030909e+01  2.481411e+00  2.957004e+01  2.931530e+00  2.787205e+00  1.026369e+00  5.443554e+02  0.000000e+00  2.325506e+02  4.603229e-04  1.508768e+00  0.000000e+00
5.966493e+02  9.947132e+01  1.330495e+02  3.716355e+01  1.673991e+01  7.826636e+01  2.238329e+00  2.864337e+01  2.847217e+00  1.569961e+00  3.467843e-01  3.969967e+02  0.000000e+00  1.544764e+02  0.000000e+00  2.006337e-03  0.000000e+00
6.694516e+02  7.572362e+01  1.116396e+02  4.565535e+01  2.487114e+01  7.491762e+01  2.359837e+00  3.670254e+01  2.222829e+00  1.889502e+00  5.128203e-01  2.772458e+02  0.000000e+00  8.573959e+01  0.000000e+00  0.000000e+00  0.000000e+00
7.511370e+02  6.167813e+01  8.691409e+01  3.156899e+01  2.019361e+01  5.019718e+01  6.429440e-01  2.724055e+01  2.684160e+00  1.827249e+00  3.475695e-01  1.760312e+02  0.000000e+00  5.944147e+01  0.000000e+00  0.000000e+00  0.000000e+00
8.427896e+02  3.812032e+01  7.148948e+01  2.689300e+01  2.288300e+01  5.530464e+01  1.609028e+00  3.115710e+01  1.120034e+00  4.686201e-01  7.401875e-01  9.393779e+01  0.000000e+00  2.887805e+01  0.000000e+00  8.035935e-01  0.000000e+00
9.456255e+02  3.712637e+01  5.964078e+01  3.591306e+01  1.488809e+01  4.605034e+01  1.955057e+00  3.204927e+01  3.276314e+00  0.000000e+00  1.449242e+00  7.654782e+01  5.904188e-03  2.319162e+01  0.000000e+00  0.000000e+00  0.000000e+00
1.061009e+03  3.411689e+01  4.206264e+01  3.363573e+01  2.303473e+01  3.674465e+01  2.590691e+00  2.996476e+01  2.424824e+00  3.295488e+00  3.248448e-01  5.517157e+01  0.000000e+00  8.308071e+00  5.360756e-02  3.215889e-02  0.000000e+00
1.190472e+03  2.259899e+01  3.628015e+01  3.084379e+01  2.324564e+01  2.794512e+01  2.426726e+00  1.808153e+01  2.844202e+00  1.281847e+00  7.362209e-01  3.340960e+01  0.000000e+00  1.003086e+01  0.000000e+00  0.000000e+00  0.000000e+00
1.335731e+03  2.254292e+01  3.154268e+01  2.510989e+01  1.785800e+01  2.293571e+01  1.077852e+00  2.385830e+01  1.214133e+00  2.194712e+00  3.606330e-01  1.685775e+01  0.000000e+00  3.069729e+00  5.070332e-01  0.000000e+00  0.000000e+00
1.498715e+03  1.421839e+01  2.343195e+01  2.059671e+01  1.905033e+01  1.571102e+01  3.326882e+00  2.070948e+01  3.822480e+00  3.151951e+00  5.945616e-01  1.034637e+01  6.175554e-03  5.274313e+00  0.000000e+00  0.000000e+00  1.561838e-02
1.681586e+03  5.815892e+00  2.208137e+01  1.590958e+01  1.661592e+01  1.858298e+01  1.807921e+00  1.586760e+01  2.384147e+00  2.178575e+00  1.306331e+00  9.746756e+00  0.000000e+00  3.156406e+00  3.122436e-01  0.000000e+00  2.029526e-03
1.886771e+03  7.938585e+00  1.341531e+01  1.616997e+01  2.155678e+01  1.475902e+01  1.953653e+00  1.408386e+01  2.458872e+00  1.777669e+00  1.262643e+00  4.989249e+00  3.065816e-01  3.033819e-01  2.085083e-01  1.076388e-03  0.000000e+00
2.116992e+03  6.281457e+00  1.395164e+01  1.066565e+01  1.297254e+01  6.015292e+00  1.774693e+00  1.048431e+01  2.183686e+00  5.187729e-01  9.997973e-01  2.296905e+00  1.424608e-01  9.054402e-01  3.331374e-04  0.000000e+00  3.331374e-04
2.375304e+03  2.384001e+00  8.262213e+00  9.421162e+00  1.848045e+01  5.966624e+00  2.861949e+00  9.486606e+00  2.080331e+00  1.312868e+00  3.150435e-01  2.914241e+00  1.749214e-04  0.000000e+00  3.142202e-02  0.000000e+00  6.425398e-02
2.665135e+03  2.727115e+00  5.893486e+00  7.549549e+00  1.530230e+01  2.890253e+00  1.946354e+00  5.929842e+00  3.513733e+00  8.000502e-01  1.603474e+00  1.478778e+00  4.837830e-01  2.955687e-01  7.763533e-02  0.000000e+00  2.319260e-01
2.990330e+03  5.437479e-01  4.216751e+00  4.775821e+00  1.172673e+01  2.524899e+00  2.408953e+00  4.210511e+00  2.209457e+00  5.898472e-01  4.749702e-01  1.200894e+00  6.215858e-02  0.000000e+00  6.959288e-02  0.000000e+00  3.179885e-01
3.355206e+03  5.587275e-01  4.886953e+00  4.427297e+00  1.198220e+01  8.280902e-01  2.435114e+00  2.733654e+00  1.430384e+00  5.662124e-01  6.156705e-01  2.234473e-01  2.554370e-01  2.228890e-01  6.829889e-03  0.000000e+00  2.831518e-04
3.764603e+03  2.011918e-01  1.816826e+00  3.127859e+00  7.395974e+00  7.270421e-01  1.831015e+00  1.626800e+00  1.084565e+00  3.058510e-01  6.343749e-01  4.598484e-01  2.058574e-02  6.502234e-05  1.941136e-01  0.000000e+00  1.390970e-01
4.223954e+03  1.447031e-02  1.430409e+00  1.116988e+00  5.949563e+00  2.745529e-01  9.708507e-01  1.448136e+00  1.241903e+00  5.016005e-01  3.958850e-01  3.873934e-01  5.582873e-02  0.000000e+00  1.970751e-01  0.000000e+00  7.622325e-02
4.739354e+03  2.268158e-02  9.202652e-01  1.596859e+00  5.414211e+00  3.335436e-01  1.084097e+00  3.345730e-01  8.759832e-01  2.104177e-01  2.459101e-01  2.698126e-01  1.137650e-01  4.285178e-04  3.265417e-03  0.000000e+00  1.717524e-02
5.317643e+03  1.694900e-01  8.229711e-01  9.318098e-01  3.376390e+00  2.040318e-02  7.555283e-01  1.150262e-01  1.547398e+00  5.446739e-01  3.161285e-01  7.886191e-02  1.709455e-01  0.000000e+00  1.129497e-01  0.000000e+00  2.005577e-01
5.966493e+03  4.341488e-02  3.499965e-01  4.210618e-01  1.914503e+00  1.361152e-01  1.012990e+00  9.053698e-02  5.644573e-01  2.068148e-01  4.704017e-01  3.722527e-03  1.388738e-02  0.000000e+00  2.587933e-02  0.000000e+00  5.810162e-02
6.694516e+03  6.206447e-05  2.376456e-01  3.302743e-01  1.371163e+00  1.652996e-02  1.397434e+00  1.994855e-02  3.106326e-01  2.377868e-01  3.914822e-01  1.729888e-01  2.771227e-01  0.000000e+00  1.662919e-02  0.000000e+00  5.097939e-04
7.511370e+03  5.774749e-03  1.887462e-01  3.608976e-01  8.379442e-01  9.312158e-02  6.548811e-01  9.190899e-02  2.236984e-01  6.974327e-02  2.237588e-01  4.270754e-03  5.029737e-02  0.000000e+00  1.424142e-03  0.000000e+00  2.022445e-01
8.427896e+03  1.808019e-02  1.234067e-01  1.803245e-01  1.584479e-01  2.071554e-02  8.484836e-01  1.823092e-01  6.243806e-01  8.090140e-02  5.826587e-02  1.444865e-01  1.191608e-01  0.000000e+00  8.044985e-04  0.000000e+00  2.564852e-02
9.456255e+03  0.000000e+00  3.765645e-02  1.846355e-01  4.591197e-01  2.875573e-02  5.629634e-01  7.458018e-05  1.945696e-01  1.201060e-01  6.712767e-02  2.502657e-01  1.443056e-01  0.000000e+00  6.353255e-02  0.000000e+00  2.423336e-03
1.061009e+04  0.000000e+00  1.471957e-01  7.247181e-02  2.735367e-01  7.100984e-03  3.747348e-01  3.272683e-02  1.563149e-01  2.272625e-03  9.396361e-02  8.796547e-02  1.067593e-01  0.000000e+00  3.916003e-05  0.000000e+00  5.528834e-02
1.190472e+04  0.000000e+00  2.647385e-04  2.866782e-04  1.360155e-01  0.000000e+00  1.123112e-01  2.056187e-05  4.956017e-03  6.980283e-05  9.543024e-02  2.648521e-01  6.076509e-02  0.000000e+00  8.617586e-03  0.000000e+00  1.547965e-02
1.335731e+04  0.000000e+00  2.085408e-02  9.045995e-02  1.807720e-01  0.000000e+00  1.330646e-01  8.961977e-05  2.473858e-02  1.681118e-03  7.123891e-02  3.294745e-02  8.660930e-03  0.000000e+00  0.000000e+00  0.000000e+00  1.929235e-02
1.498715e+04  0.000000e+00  3.497077e-02  6.175554e-04  7.510968e-03  0.000000e+00  6.380473e-02  0.000000e+00  1.048546e-01  2.276675e-03  1.030275e-02  9.411382e-05  9.201963e-02  0.000000e+00  7.478009e-05  0.000000e+00  5.258600e-02
1.681586e+04  0.000000e+00  1.432811e-03  2.470831e-05  4.672378e-03  0.000000e+00  1.196861e-01  1.455669e-05  6.845328e-03  0.000000e+00  5.503969e-04  3.320169e-04  2.741401e-04  0.000000e+00  2.579074e-02  0.000000e+00  3.827372e-02
1.886771e+04  0.000000e+00  4.200126e-03  0.000000e+00  2.223479e-02  0.000000e+00  7.739664e-02  0.000000e+00  5.837150e-02  0.000000e+00  0.000000e+00  1.625989e-02  2.267093e-02  0.000000e+00  4.407215e-02  0.000000e+00  2.398692e-02
2.116992e+04  0.000000e+00  1.156279e-05  0.000000e+00  1.243462e-02  0.000000e+00  6.810904e-05  0.000000e+00  7.197853e-03  0.000000e+00  0.000000e+00  0.000000e+00  1.974866e-02  0.000000e+00  7.142928e-02  0.000000e+00  7.197853e-03
2.375304e+04  0.000000e+00  0.000000e+00  0.000000e+00  1.030535e-05  0.000000e+00  7.400546e-03  1.436795e-04  9.350565e-04  0.000000e+00  1.436485e-03  8.710828e-03  3.498429e-05  0.000000e+00  0.000000e+00  0.000000e+00  2.721533e-02
2.665135e+04  0.000000e+00  1.280545e-04  0.000000e+00  1.967191e-02  0.000000e+00  0.000000e+00  0.000000e+00  0.000000e+00  0.000000e+00  7.620243e-05  0.000000e+00  0.000000e+00  0.000000e+00  0.000000e+00  0.000000e+00  1.280545e-04
2.990330e+04  0.000000e+00  0.000000e+00  0.000000e+00  1.715361e-03  0.000000e+00  0.000000e+00  0.000000e+00  0.000000e+00  0.000000e+00  0.000000e+00  0.000000e+00  2.458103e-03  0.000000e+00  7.661998e-03  0.000000e+00  3.616869e-03
3.355206e+04  0.000000e+00  0.000000e+00  0.000000e+00  0.000000e+00  0.000000e+00  0.000000e+00  0.000000e+00  0.000000e+00  0.000000e+00  0.000000e+00  0.000000e+00  2.101955e-05  0.000000e+00  2.391237e-02  0.000000e+00  1.210595e-04
3.764603e+04  0.000000e+00  0.000000e+00  0.000000e+00  2.458532e-04  0.000000e+00  0.000000e+00  0.000000e+00  0.000000e+00  0.000000e+00  0.000000e+00  0.000000e+00  1.362560e-03  0.000000e+00  2.458532e-04  0.000000e+00  6.502234e-06
4.223954e+04  0.000000e+00  0.000000e+00  0.000000e+00  1.321783e-04  0.000000e+00  0.000000e+00  0.000000e+00  1.618141e-02  0.000000e+00  0.000000e+00  0.000000e+00  1.443336e-03  0.000000e+00  0.000000e+00  0.000000e+00  0.000000e+00
4.739354e+04  0.000000e+00  0.000000e+00  0.000000e+00  0.000000e+00  0.000000e+00  0.000000e+00  0.000000e+00  5.164908e-06  0.000000e+00  0.000000e+00  0.000000e+00  1.229689e-04  0.000000e+00  1.082320e-03  0.000000e+00  0.000000e+00
5.317643e+04  0.000000e+00  0.000000e+00  0.000000e+00  0.000000e+00  0.000000e+00  0.000000e+00  0.000000e+00  0.000000e+00  0.000000e+00  0.000000e+00  0.000000e+00  0.000000e+00  0.000000e+00  0.000000e+00  0.000000e+00  0.000000e+00
5.966493e+04  0.000000e+00  0.000000e+00  0.000000e+00  0.000000e+00  0.000000e+00  0.000000e+00  0.000000e+00  0.000000e+00  0.000000e+00  0.000000e+00  0.000000e+00  0.000000e+00  0.000000e+00  0.000000e+00  0.000000e+00  0.000000e+00
6.694516e+04  0.000000e+00  0.000000e+00  0.000000e+00  0.000000e+00  0.000000e+00  0.000000e+00  0.000000e+00  0.000000e+00  0.000000e+00  0.000000e+00  0.000000e+00  0.000000e+00  0.000000e+00  0.000000e+00  0.000000e+00  3.354270e-04
7.511370e+04  0.000000e+00  0.000000e+00  0.000000e+00  0.000000e+00  0.000000e+00  0.000000e+00  0.000000e+00  0.000000e+00  0.000000e+00  0.000000e+00  0.000000e+00  0.000000e+00  0.000000e+00  0.000000e+00  0.000000e+00  6.974327e-03
8.427896e+04  0.000000e+00  0.000000e+00  0.000000e+00  0.000000e+00  0.000000e+00  0.000000e+00  0.000000e+00  0.000000e+00  0.000000e+00  0.000000e+00  0.000000e+00  0.000000e+00  0.000000e+00  0.000000e+00  0.000000e+00  0.000000e+00
9.456255e+04  0.000000e+00  0.000000e+00  0.000000e+00  0.000000e+00  0.000000e+00  0.000000e+00  0.000000e+00  0.000000e+00  0.000000e+00  0.000000e+00  0.000000e+00  0.000000e+00  0.000000e+00  0.000000e+00  0.000000e+00  0.000000e+00
1.061009e+05  0.000000e+00  0.000000e+00  0.000000e+00  0.000000e+00  0.000000e+00  0.000000e+00  0.000000e+00  0.000000e+00  0.000000e+00  0.000000e+00  0.000000e+00  0.000000e+00  0.000000e+00  0.000000e+00  0.000000e+00  0.000000e+00
1.190472e+05  0.000000e+00  0.000000e+00  0.000000e+00  0.000000e+00  0.000000e+00  0.000000e+00  0.000000e+00  0.000000e+00  0.000000e+00  0.000000e+00  0.000000e+00  0.000000e+00  0.000000e+00  0.000000e+00  0.000000e+00  0.000000e+00
1.335731e+05  0.000000e+00  0.000000e+00  0.000000e+00  0.000000e+00  0.000000e+00  0.000000e+00  0.000000e+00  0.000000e+00  0.000000e+00  0.000000e+00  0.000000e+00  0.000000e+00  0.000000e+00  0.000000e+00  0.000000e+00  0.000000e+00
1.498715e+05  0.000000e+00  0.000000e+00  0.000000e+00  0.000000e+00  0.000000e+00  0.000000e+00  0.000000e+00  0.000000e+00  0.000000e+00  0.000000e+00  0.000000e+00  0.000000e+00  0.000000e+00  0.000000e+00  0.000000e+00  0.000000e+00
1.681586e+05  0.000000e+00  0.000000e+00  0.000000e+00  0.000000e+00  0.000000e+00  0.000000e+00  0.000000e+00  0.000000e+00  0.000000e+00  0.000000e+00  0.000000e+00  0.000000e+00  0.000000e+00  0.000000e+00  0.000000e+00  0.000000e+00
1.886771e+05  0.000000e+00  0.000000e+00  0.000000e+00  0.000000e+00  0.000000e+00  0.000000e+00  0.000000e+00  0.000000e+00  0.000000e+00  0.000000e+00  0.000000e+00  0.000000e+00  0.000000e+00  0.000000e+00  0.000000e+00  0.000000e+00
2.116992e+05  0.000000e+00  0.000000e+00  0.000000e+00  0.000000e+00  0.000000e+00  0.000000e+00  0.000000e+00  0.000000e+00  0.000000e+00  0.000000e+00  0.000000e+00  0.000000e+00  0.000000e+00  0.000000e+00  0.000000e+00  0.000000e+00
2.375304e+05  0.000000e+00  0.000000e+00  0.000000e+00  0.000000e+00  0.000000e+00  0.000000e+00  0.000000e+00  0.000000e+00  0.000000e+00  0.000000e+00  0.000000e+00  0.000000e+00  0.000000e+00  0.000000e+00  0.000000e+00  0.000000e+00
2.665135e+05  0.000000e+00  0.000000e+00  0.000000e+00  0.000000e+00  0.000000e+00  0.000000e+00  0.000000e+00  0.000000e+00  0.000000e+00  0.000000e+00  0.000000e+00  0.000000e+00  0.000000e+00  0.000000e+00  0.000000e+00  0.000000e+00
2.990330e+05  0.000000e+00  0.000000e+00  0.000000e+00  0.000000e+00  0.000000e+00  0.000000e+00  0.000000e+00  0.000000e+00  0.000000e+00  0.000000e+00  0.000000e+00  0.000000e+00  0.000000e+00  0.000000e+00  0.000000e+00  0.000000e+00
3.355206e+05  0.000000e+00  0.000000e+00  0.000000e+00  0.000000e+00  0.000000e+00  0.000000e+00  0.000000e+00  0.000000e+00  0.000000e+00  0.000000e+00  0.000000e+00  0.000000e+00  0.000000e+00  0.000000e+00  0.000000e+00  0.000000e+00
3.764603e+05  0.000000e+00  0.000000e+00  0.000000e+00  0.000000e+00  0.000000e+00  0.000000e+00  0.000000e+00  0.000000e+00  0.000000e+00  0.000000e+00  0.000000e+00  0.000000e+00  0.000000e+00  0.000000e+00  0.000000e+00  0.000000e+00
4.223954e+05  0.000000e+00  0.000000e+00  0.000000e+00  0.000000e+00  0.000000e+00  0.000000e+00  0.000000e+00  0.000000e+00  0.000000e+00  0.000000e+00  0.000000e+00  0.000000e+00  0.000000e+00  0.000000e+00  0.000000e+00  0.000000e+00
4.739354e+05  0.000000e+00  0.000000e+00  0.000000e+00  0.000000e+00  0.000000e+00  0.000000e+00  0.000000e+00  0.000000e+00  0.000000e+00  0.000000e+00  0.000000e+00  0.000000e+00  0.000000e+00  0.000000e+00  0.000000e+00  0.000000e+00
5.317643e+05  0.000000e+00  0.000000e+00  0.000000e+00  0.000000e+00  0.000000e+00  0.000000e+00  0.000000e+00  0.000000e+00  0.000000e+00  0.000000e+00  0.000000e+00  0.000000e+00  0.000000e+00  0.000000e+00  0.000000e+00  0.000000e+00
5.966493e+05  0.000000e+00  0.000000e+00  0.000000e+00  0.000000e+00  0.000000e+00  0.000000e+00  0.000000e+00  0.000000e+00  0.000000e+00  0.000000e+00  0.000000e+00  0.000000e+00  0.000000e+00  0.000000e+00  0.000000e+00  0.000000e+00
6.694516e+05  0.000000e+00  0.000000e+00  0.000000e+00  0.000000e+00  0.000000e+00  0.000000e+00  0.000000e+00  0.000000e+00  0.000000e+00  0.000000e+00  0.000000e+00  0.000000e+00  0.000000e+00  0.000000e+00  0.000000e+00  0.000000e+00
7.511370e+05  0.000000e+00  0.000000e+00  0.000000e+00  0.000000e+00  0.000000e+00  0.000000e+00  0.000000e+00  0.000000e+00  0.000000e+00  0.000000e+00  0.000000e+00  0.000000e+00  0.000000e+00  0.000000e+00  0.000000e+00  0.000000e+00
8.427896e+05  0.000000e+00  0.000000e+00  0.000000e+00  0.000000e+00  0.000000e+00  0.000000e+00  0.000000e+00  0.000000e+00  0.000000e+00  0.000000e+00  0.000000e+00  0.000000e+00  0.000000e+00  0.000000e+00  0.000000e+00  0.000000e+00
9.456255e+05  0.000000e+00  0.000000e+00  0.000000e+00  0.000000e+00  0.000000e+00  0.000000e+00  0.000000e+00  0.000000e+00  0.000000e+00  0.000000e+00  0.000000e+00  0.000000e+00  0.000000e+00  0.000000e+00  0.000000e+00  0.000000e+00
