# dR/dEr [1/keV/kg/Myr]
# Er [keV], S, F, Ne, Cl, Na, Si, O, P, N, C, Al, Mg, Be, B, Ar, Li
1.061009e+01  2.570034e+01  2.109720e+01  0.000000e+00  0.000000e+00  1.036091e+01  0.000000e+00  1.555954e+00  0.000000e+00  0.000000e+00  0.000000e+00  0.000000e+00  0.000000e+00  2.131024e-01  0.000000e+00  0.000000e+00  0.000000e+00
1.190472e+01  8.804706e+00  3.371156e+00  0.000000e+00  0.000000e+00  2.822105e+00  0.000000e+00  0.000000e+00  0.000000e+00  0.000000e+00  0.000000e+00  0.000000e+00  0.000000e+00  0.000000e+00  0.000000e+00  0.000000e+00  0.000000e+00
1.335731e+01  1.306719e+01  2.730618e+00  0.000000e+00  0.000000e+00  0.000000e+00  0.000000e+00  0.000000e+00  0.000000e+00  0.000000e+00  0.000000e+00  0.000000e+00  0.000000e+00  0.000000e+00  0.000000e+00  0.000000e+00  0.000000e+00
1.498715e+01  3.245244e+00  5.127557e+00  0.000000e+00  0.000000e+00  1.482736e+00  0.000000e+00  5.233957e-01  0.000000e+00  0.000000e+00  0.000000e+00  0.000000e+00  0.000000e+00  0.000000e+00  0.000000e+00  0.000000e+00  0.000000e+00
1.681586e+01  8.028457e+00  4.913372e+00  1.151656e+00  0.000000e+00  2.295824e+00  4.664769e-01  0.000000e+00  0.000000e+00  0.000000e+00  0.000000e+00  0.000000e+00  0.000000e+00  0.000000e+00  0.000000e+00  0.000000e+00  0.000000e+00
1.886771e+01  5.475528e+00  5.042461e+00  0.000000e+00  0.000000e+00  1.026415e+00  0.000000e+00  0.000000e+00  0.000000e+00  0.000000e+00  0.000000e+00  0.000000e+00  0.000000e+00  0.000000e+00  0.000000e+00  0.000000e+00  0.000000e+00
2.116992e+01  5.658200e+00  5.870618e+00  0.000000e+00  0.000000e+00  1.119116e+00  0.000000e+00  4.857743e-01  0.000000e+00  0.000000e+00  0.000000e+00  1.001212e+00  0.000000e+00  0.000000e+00  0.000000e+00  0.000000e+00  0.000000e+00
2.375304e+01  1.046721e+01  2.029453e+00  1.879024e+00  0.000000e+00  3.657767e+00  0.000000e+00  8.153103e-01  0.000000e+00  0.000000e+00  0.000000e+00  0.000000e+00  0.000000e+00  0.000000e+00  0.000000e+00  0.000000e+00  0.000000e+00
2.665135e+01  9.692742e+00  6.059427e+00  3.858643e-01  1.071576e-01  6.094293e-01  0.000000e+00  0.000000e+00  1.782389e+00  0.000000e+00  0.000000e+00  0.000000e+00  0.000000e+00  0.000000e+00  0.000000e+00  0.000000e+00  0.000000e+00
2.990330e+01  1.066195e+01  4.886653e+00  4.615718e-01  0.000000e+00  1.637959e+00  0.000000e+00  6.062211e-01  0.000000e+00  0.000000e+00  0.000000e+00  3.088375e-01  0.000000e+00  1.247113e+00  0.000000e+00  0.000000e+00  0.000000e+00
3.355206e+01  1.380402e+01  4.201806e+00  5.172338e-01  0.000000e+00  1.012617e+00  0.000000e+00  2.007501e+00  0.000000e+00  0.000000e+00  0.000000e+00  1.132322e+00  0.000000e+00  1.522544e+00  0.000000e+00  0.000000e+00  0.000000e+00
3.764603e+01  1.652417e+01  4.170479e+00  1.146874e-02  2.731710e-01  2.904927e+00  0.000000e+00  1.146871e-01  0.000000e+00  0.000000e+00  0.000000e+00  0.000000e+00  0.000000e+00  1.856622e-02  0.000000e+00  0.000000e+00  0.000000e+00
4.223954e+01  1.428148e+01  7.082225e+00  6.326983e-01  0.000000e+00  3.532574e+00  0.000000e+00  3.879628e-01  0.000000e+00  0.000000e+00  0.000000e+00  4.880431e-01  0.000000e+00  4.249207e+00  0.000000e+00  0.000000e+00  0.000000e+00
4.739354e+01  1.909293e+01  7.678436e+00  2.169874e-01  5.831609e-01  8.911743e-01  0.000000e+00  7.794400e-01  0.000000e+00  0.000000e+00  0.000000e+00  0.000000e+00  0.000000e+00  1.620825e+00  0.000000e+00  0.000000e+00  0.000000e+00
5.317643e+01  1.750785e+01  4.047521e+00  5.342934e-01  0.000000e+00  2.864908e+00  0.000000e+00  1.033122e+00  0.000000e+00  0.000000e+00  0.000000e+00  3.985898e-01  0.000000e+00  0.000000e+00  0.000000e+00  0.000000e+00  0.000000e+00
5.966493e+01  2.214694e+01  8.375381e+00  5.968029e-01  3.038303e-01  2.333275e+00  0.000000e+00  1.682498e+00  0.000000e+00  0.000000e+00  0.000000e+00  5.405973e-01  0.000000e+00  2.041366e-01  0.000000e+00  0.000000e+00  0.000000e+00
6.694516e+01  2.489534e+01  7.005914e+00  1.006986e+00  0.000000e+00  3.193268e+00  0.000000e+00  3.319432e-01  0.000000e+00  2.434411e-01  0.000000e+00  7.469029e-01  0.000000e+00  1.023812e+01  0.000000e+00  0.000000e+00  0.000000e+00
7.511370e+01  2.611070e+01  9.982229e+00  1.308780e+00  3.354710e-01  2.187447e+00  0.000000e+00  7.774894e-01  0.000000e+00  0.000000e+00  0.000000e+00  3.557924e-01  0.000000e+00  2.910131e+03  0.000000e+00  0.000000e+00  0.000000e+00
8.427896e+01  3.309160e+01  1.030803e+01  5.703389e-01  9.472486e-01  2.823898e+00  0.000000e+00  1.806094e+00  0.000000e+00  0.000000e+00  0.000000e+00  0.000000e+00  0.000000e+00  3.523514e+03  0.000000e+00  0.000000e+00  0.000000e+00
9.456255e+01  3.212405e+01  8.144521e+00  1.094036e+00  3.923263e-01  3.153852e+00  0.000000e+00  3.957095e-01  0.000000e+00  1.740853e-01  0.000000e+00  1.742206e-03  0.000000e+00  2.699427e+03  0.000000e+00  0.000000e+00  0.000000e+00
1.061009e+02  3.707109e+01  1.090088e+01  7.876916e-01  1.316414e-01  3.526914e+00  0.000000e+00  6.536483e-01  0.000000e+00  0.000000e+00  3.040002e-01  6.397830e-01  0.000000e+00  2.023447e+03  0.000000e+00  0.000000e+00  0.000000e+00
1.190472e+02  3.994699e+01  1.390420e+01  1.380533e+00  2.352773e-01  4.099825e+00  0.000000e+00  5.509421e-01  0.000000e+00  6.589162e-02  4.200144e-01  1.766961e+03  0.000000e+00  1.498165e+03  0.000000e+00  1.802838e-01  0.000000e+00
1.335731e+02  4.500828e+01  1.435975e+01  1.246654e+00  3.232329e-03  3.909516e+00  0.000000e+00  5.819022e-01  0.000000e+00  0.000000e+00  0.000000e+00  1.494153e+03  0.000000e+00  1.110891e+03  0.000000e+00  0.000000e+00  0.000000e+00
1.498715e+02  1.085191e+02  1.703327e+01  7.057139e-01  2.308552e-01  2.073495e+00  0.000000e+00  1.602238e+00  0.000000e+00  1.334872e-01  3.245018e-01  1.116459e+03  0.000000e+00  8.318259e+02  0.000000e+00  0.000000e+00  0.000000e+00
1.681586e+02  1.550245e+02  1.756434e+01  1.119625e+00  2.295824e-01  2.177048e+00  9.797143e-04  1.477816e+00  0.000000e+00  2.755141e-01  0.000000e+00  8.464206e+02  0.000000e+00  6.125181e+02  0.000000e+00  0.000000e+00  0.000000e+00
1.886771e+02  9.159107e+01  1.978914e+01  8.644254e-01  2.216464e-01  4.228441e+00  9.607957e-02  1.603233e+00  7.106208e-02  7.106208e-02  0.000000e+00  6.160004e+02  0.000000e+00  4.403534e+02  0.000000e+00  0.000000e+00  0.000000e+00
2.116992e+02  4.051809e+01  2.531383e+01  1.012105e+00  7.037058e-01  2.089365e+00  6.333414e-02  9.914281e-01  0.000000e+00  0.000000e+00  7.782147e-04  4.943228e+02  0.000000e+00  3.039924e+02  0.000000e+00  2.039462e-03  0.000000e+00
2.375304e+02  2.973904e+01  1.219521e+02  1.492283e+00  5.205385e-01  2.786355e+00  2.508441e-02  1.388924e+00  1.192985e-01  0.000000e+00  3.302404e-02  3.693441e+02  0.000000e+00  2.253794e+02  0.000000e+00  1.186299e-01  0.000000e+00
2.665135e+02  2.462076e+01  1.021805e+02  1.430131e+00  5.769534e-01  4.105470e+00  6.511588e-02  9.864393e-01  0.000000e+00  5.030810e-02  1.695958e-01  2.675369e+02  0.000000e+00  1.516124e+02  0.000000e+00  0.000000e+00  0.000000e+00
2.990330e+02  1.564364e+01  1.611312e+01  8.074455e-01  2.916719e-01  3.025122e+00  2.943993e-02  1.882958e+00  8.918822e-04  2.337349e-03  5.505060e-02  2.034736e+02  0.000000e+00  1.123541e+02  0.000000e+00  0.000000e+00  0.000000e+00
3.355206e+02  1.413667e+01  1.486450e+01  9.837715e-01  4.344563e-01  3.111853e+00  3.996114e-02  1.319880e+00  3.551681e-02  3.065029e-02  1.575386e-01  1.524541e+02  3.630118e-02  8.175761e+01  0.000000e+00  0.000000e+00  5.406353e-03
3.764603e+02  9.391903e+00  1.107731e+01  1.373102e+00  5.933460e-01  3.420338e+00  1.129183e-01  9.206426e-01  0.000000e+00  4.609851e-02  0.000000e+00  9.738709e+01  0.000000e+00  5.830620e+01  0.000000e+00  0.000000e+00  0.000000e+00
4.223954e+02  6.083972e+00  9.816353e+00  7.697473e-01  4.770443e-01  3.010253e+00  2.497779e-02  1.174058e+00  1.441403e-01  3.237367e-02  1.193983e-01  7.509151e+01  0.000000e+00  3.008403e+01  0.000000e+00  1.022152e-03  0.000000e+00
4.739354e+02  5.257224e+00  8.235852e+00  1.128986e+00  6.256234e-01  2.702502e+00  8.975591e-02  1.451309e+00  1.435245e-01  1.002311e-01  0.000000e+00  4.883180e+01  0.000000e+00  2.118117e+01  1.002311e-01  0.000000e+00  0.000000e+00
5.317643e+02  4.334759e+00  5.606613e+00  1.307790e+00  3.425946e-01  2.523542e+00  7.111052e-02  9.482204e-01  1.387730e-01  1.450887e-01  7.044336e-02  4.071854e+01  0.000000e+00  1.590353e+01  3.098129e-04  5.299005e-02  0.000000e+00
5.966493e+02  3.895703e+00  5.146990e+00  1.351817e+00  7.609321e-01  2.440915e+00  1.366756e-01  1.144025e+00  1.340343e-01  4.973016e-02  6.250372e-02  2.773755e+01  0.000000e+00  1.110758e+01  0.000000e+00  1.171450e-03  0.000000e+00
6.694516e+02  3.145892e+00  4.427697e+00  1.569406e+00  9.728195e-01  2.433220e+00  1.152042e-01  1.231498e+00  6.910399e-02  5.485140e-02  3.606148e-02  1.922016e+01  0.000000e+00  6.924636e+00  0.000000e+00  0.000000e+00  0.000000e+00
7.511370e+02  2.504646e+00  3.441241e+00  1.043771e+00  7.683693e-01  1.573601e+00  3.241488e-02  9.225296e-01  8.760650e-02  9.165096e-02  2.414753e-02  1.342450e+01  0.000000e+00  4.503990e+00  0.000000e+00  0.000000e+00  0.000000e+00
8.427896e+02  1.639173e+00  3.042169e+00  9.642821e-01  7.052340e-01  1.867240e+00  4.448810e-02  1.041708e+00  3.279355e-02  2.347710e-02  1.240543e-01  6.939107e+00  0.000000e+00  2.411415e+00  0.000000e+00  5.685175e-02  0.000000e+00
9.456255e+02  1.673740e+00  2.273611e+00  1.293500e+00  5.875431e-01  1.525091e+00  1.021228e-01  1.100633e+00  9.540475e-02  0.000000e+00  7.794149e-02  6.065936e+00  3.020111e-03  1.705195e+00  0.000000e+00  0.000000e+00  0.000000e+00
1.061009e+03  1.475751e+00  1.597180e+00  1.247793e+00  8.093567e-01  1.304006e+00  9.376044e-02  9.633477e-01  7.988756e-02  1.736996e-01  4.456154e-02  4.129194e+00  0.000000e+00  7.194414e-01  1.805177e-02  1.147944e-02  0.000000e+00
1.190472e+03  1.028319e+00  1.380051e+00  1.115811e+00  8.360850e-01  8.194782e-01  1.169273e-01  6.481248e-01  1.220292e-01  4.608127e-02  1.383950e-01  2.496640e+00  0.000000e+00  6.570605e-01  0.000000e+00  0.000000e+00  0.000000e+00
1.335731e+03  1.005989e+00  1.343234e+00  9.481373e-01  5.954547e-01  7.129856e-01  7.117978e-02  7.464835e-01  5.467772e-02  9.456080e-02  3.333206e-02  1.168140e+00  0.000000e+00  2.983033e-01  3.587103e-02  0.000000e+00  0.000000e+00
1.498715e+03  6.341690e-01  9.834181e-01  7.181106e-01  7.292824e-01  5.546696e-01  1.936992e-01  7.342163e-01  1.616236e-01  1.569191e-01  6.506019e-02  6.276032e-01  2.880809e-03  3.776398e-01  0.000000e+00  0.000000e+00  6.340400e-03
1.681586e+03  3.306838e-01  1.000250e+00  6.196519e-01  5.955972e-01  6.908596e-01  8.290803e-02  4.913290e-01  1.284396e-01  1.191229e-01  1.039895e-01  7.414146e-01  0.000000e+00  1.711304e-01  3.054616e-02  0.000000e+00  1.078709e-03
1.886771e+03  4.358288e-01  6.568765e-01  6.578053e-01  6.892701e-01  5.772036e-01  1.092788e-01  4.384199e-01  1.226055e-01  7.546775e-02  9.791876e-02  3.694560e-01  2.521589e-02  9.197863e-03  4.331596e-02  5.991813e-04  0.000000e+00
2.116992e+03  2.926305e-01  6.878847e-01  3.950972e-01  4.396706e-01  2.419657e-01  9.075422e-02  3.623217e-01  1.037452e-01  3.331565e-02  6.483526e-02  2.142828e-01  1.282664e-02  7.524144e-02  2.039462e-04  0.000000e+00  2.039462e-04
2.375304e+03  1.625906e-01  3.741545e-01  4.208487e-01  6.840274e-01  2.847517e-01  1.794459e-01  3.342009e-01  8.178149e-02  4.508402e-02  2.571708e-02  2.235524e-01  1.122813e-04  0.000000e+00  8.923314e-03  0.000000e+00  1.364855e-02
2.665135e+03  1.532484e-01  3.178791e-01  3.170676e-01  6.395841e-01  1.390952e-01  7.859775e-02  2.109995e-01  1.603840e-01  4.247516e-02  8.915670e-02  1.417358e-01  3.742590e-02  1.891804e-02  1.399284e-02  0.000000e+00  2.038135e-02
2.990330e+03  5.649497e-02  2.248464e-01  2.229223e-01  4.727424e-01  1.089435e-01  1.281564e-01  1.566683e-01  8.811864e-02  7.039233e-02  7.059100e-02  1.158127e-01  1.555221e-02  0.000000e+00  1.270487e-02  0.000000e+00  3.207005e-02
3.355206e+03  4.844143e-02  2.715482e-01  2.663083e-01  5.075508e-01  5.829654e-02  1.175693e-01  7.920331e-02  6.480446e-02  3.641791e-02  5.015463e-02  3.507181e-02  1.868833e-02  1.203243e-02  2.752517e-03  0.000000e+00  1.777834e-04
3.764603e+03  1.698607e-02  1.093413e-01  1.920856e-01  3.066262e-01  4.850141e-02  1.250461e-01  5.473731e-02  4.807888e-02  3.686690e-02  6.484674e-02  5.476436e-02  7.617563e-03  4.376223e-05  1.291476e-02  0.000000e+00  2.705344e-02
4.223954e+03  5.090122e-03  6.618283e-02  9.384957e-02  2.358175e-01  2.856413e-02  4.912771e-02  5.075377e-02  6.584939e-02  4.515922e-02  5.063720e-02  3.796614e-02  1.202138e-02  0.000000e+00  1.570001e-02  0.000000e+00  1.711184e-02
4.739354e+03  5.638929e-03  6.503558e-02  9.785110e-02  2.388532e-01  2.493132e-02  6.084089e-02  1.788501e-02  5.362084e-02  2.241777e-02  3.448202e-02  3.167475e-02  1.209165e-02  2.385384e-04  1.422449e-03  0.000000e+00  6.503109e-03
5.317643e+03  1.092823e-02  6.617321e-02  8.276922e-02  1.420913e-01  6.716227e-03  5.361247e-02  9.715982e-03  8.908249e-02  3.997075e-02  4.170011e-02  2.046512e-02  1.356680e-02  0.000000e+00  1.799486e-02  0.000000e+00  1.503673e-02
5.966493e+03  9.071225e-03  3.525026e-02  4.989187e-02  1.033330e-01  1.012947e-02  5.659324e-02  1.259096e-02  5.641979e-02  2.161458e-02  3.283120e-02  1.475491e-03  4.292993e-03  0.000000e+00  5.595451e-03  0.000000e+00  8.081833e-03
6.694516e+03  3.983891e-05  2.622368e-02  3.712578e-02  8.408561e-02  5.154379e-03  9.168490e-02  6.195996e-03  3.106192e-02  2.665372e-02  3.115652e-02  2.514744e-02  1.744790e-02  0.000000e+00  4.302855e-03  0.000000e+00  2.709595e-04
7.511370e+03  2.196311e-03  2.232924e-02  2.682169e-02  3.792565e-02  7.550896e-03  5.440526e-02  1.205968e-02  2.942913e-02  6.745383e-03  1.750976e-02  1.900636e-03  9.142852e-03  0.000000e+00  6.897815e-04  0.000000e+00  2.279651e-02
8.427896e+03  3.827136e-03  2.205072e-02  1.351426e-02  2.406865e-02  4.871704e-03  7.145190e-02  9.327487e-03  6.170661e-02  1.017783e-02  1.046373e-02  1.186572e-02  1.396812e-02  0.000000e+00  4.217943e-04  0.000000e+00  6.984439e-03
9.456255e+03  0.000000e+00  5.566651e-03  1.409005e-02  4.151067e-02  4.527615e-03  4.409814e-02  4.565786e-05  2.324980e-02  1.322853e-02  8.376032e-03  1.924778e-02  1.843581e-02  0.000000e+00  7.736458e-03  0.000000e+00  9.766300e-04
1.061009e+04  0.000000e+00  1.078472e-02  4.429809e-03  2.512045e-02  2.038374e-03  3.587591e-02  7.759295e-03  1.231165e-02  9.362979e-04  1.136617e-02  1.373483e-02  9.488004e-03  0.000000e+00  2.513666e-05  0.000000e+00  6.849930e-03
1.190472e+04  0.000000e+00  1.536342e-04  1.523717e-04  1.482118e-02  0.000000e+00  1.310081e-02  1.383883e-05  2.111159e-03  4.480614e-05  1.221943e-02  1.253352e-02  3.762984e-03  0.000000e+00  2.737940e-03  0.000000e+00  4.692137e-03
1.335731e+04  0.000000e+00  5.234004e-03  6.662078e-03  1.669319e-02  0.000000e+00  8.346400e-03  5.232673e-05  4.663997e-03  6.714117e-04  9.888431e-03  6.412228e-03  2.331548e-03  0.000000e+00  0.000000e+00  0.000000e+00  4.325436e-03
1.498715e+04  0.000000e+00  3.391692e-03  2.880809e-04  2.462464e-03  0.000000e+00  6.777551e-03  0.000000e+00  6.513076e-03  8.126823e-04  2.227589e-03  5.761632e-05  3.526301e-03  0.000000e+00  4.660355e-05  0.000000e+00  5.806575e-03
1.681586e+04  0.000000e+00  6.833380e-04  1.586016e-05  1.394921e-03  0.000000e+00  1.088397e-02  9.797143e-06  1.826329e-03  0.000000e+00  2.567524e-04  1.698333e-04  1.494355e-04  0.000000e+00  5.207189e-03  0.000000e+00  4.983502e-03
1.886771e+04  0.000000e+00  1.256563e-03  0.000000e+00  2.563467e-03  0.000000e+00  6.538122e-03  0.000000e+00  5.222665e-03  0.000000e+00  0.000000e+00  3.478956e-03  2.760657e-03  0.000000e+00  4.308921e-03  0.000000e+00  5.784583e-03
2.116992e+04  0.000000e+00  7.782147e-06  0.000000e+00  2.752779e-03  0.000000e+00  4.079808e-05  0.000000e+00  1.523610e-03  0.000000e+00  0.000000e+00  0.000000e+00  2.243895e-03  0.000000e+00  5.622858e-03  0.000000e+00  1.523610e-03
2.375304e+04  0.000000e+00  0.000000e+00  0.000000e+00  6.935846e-06  0.000000e+00  1.757971e-03  7.636676e-05  3.706267e-04  0.000000e+00  5.127678e-04  1.570022e-03  2.245626e-05  0.000000e+00  0.000000e+00  0.000000e+00  3.567127e-03
2.665135e+04  0.000000e+00  6.806195e-05  0.000000e+00  1.911114e-03  0.000000e+00  0.000000e+00  0.000000e+00  0.000000e+00  0.000000e+00  4.241879e-05  0.000000e+00  0.000000e+00  0.000000e+00  0.000000e+00  0.000000e+00  6.806195e-05
2.990330e+04  0.000000e+00  0.000000e+00  0.000000e+00  5.449967e-04  0.000000e+00  0.000000e+00  0.000000e+00  0.000000e+00  0.000000e+00  0.000000e+00  0.000000e+00  8.393960e-04  0.000000e+00  1.541512e-03  0.000000e+00  9.081382e-04
3.355206e+04  0.000000e+00  0.000000e+00  0.000000e+00  0.000000e+00  0.000000e+00  0.000000e+00  0.000000e+00  0.000000e+00  0.000000e+00  0.000000e+00  0.000000e+00  1.286813e-05  0.000000e+00  8.398356e-04  0.000000e+00  6.738888e-05
3.764603e+04  0.000000e+00  0.000000e+00  0.000000e+00  1.146871e-04  0.000000e+00  0.000000e+00  0.000000e+00  0.000000e+00  0.000000e+00  0.000000e+00  0.000000e+00  4.329063e-04  0.000000e+00  1.146871e-04  0.000000e+00  4.376223e-06
4.223954e+04  0.000000e+00  0.000000e+00  0.000000e+00  6.761186e-05  0.000000e+00  0.000000e+00  0.000000e+00  1.685556e-03  0.000000e+00  0.000000e+00  0.000000e+00  4.943571e-04  0.000000e+00  0.000000e+00  0.000000e+00  0.000000e+00
4.739354e+04  0.000000e+00  0.000000e+00  0.000000e+00  0.000000e+00  0.000000e+00  0.000000e+00  0.000000e+00  3.476157e-06  0.000000e+00  0.000000e+00  0.000000e+00  6.373529e-05  0.000000e+00  3.438697e-04  0.000000e+00  0.000000e+00
5.317643e+04  0.000000e+00  0.000000e+00  0.000000e+00  0.000000e+00  0.000000e+00  0.000000e+00  0.000000e+00  0.000000e+00  0.000000e+00  0.000000e+00  0.000000e+00  0.000000e+00  0.000000e+00  0.000000e+00  0.000000e+00  0.000000e+00
5.966493e+04  0.000000e+00  0.000000e+00  0.000000e+00  0.000000e+00  0.000000e+00  0.000000e+00  0.000000e+00  0.000000e+00  0.000000e+00  0.000000e+00  0.000000e+00  0.000000e+00  0.000000e+00  0.000000e+00  0.000000e+00  0.000000e+00
6.694516e+04  0.000000e+00  0.000000e+00  0.000000e+00  0.000000e+00  0.000000e+00  0.000000e+00  0.000000e+00  0.000000e+00  0.000000e+00  0.000000e+00  0.000000e+00  0.000000e+00  0.000000e+00  0.000000e+00  0.000000e+00  1.339642e-04
7.511370e+04  0.000000e+00  0.000000e+00  0.000000e+00  0.000000e+00  0.000000e+00  0.000000e+00  0.000000e+00  0.000000e+00  0.000000e+00  0.000000e+00  0.000000e+00  0.000000e+00  0.000000e+00  0.000000e+00  0.000000e+00  6.745383e-04
8.427896e+04  0.000000e+00  0.000000e+00  0.000000e+00  0.000000e+00  0.000000e+00  0.000000e+00  0.000000e+00  0.000000e+00  0.000000e+00  0.000000e+00  0.000000e+00  0.000000e+00  0.000000e+00  0.000000e+00  0.000000e+00  0.000000e+00
9.456255e+04  0.000000e+00  0.000000e+00  0.000000e+00  0.000000e+00  0.000000e+00  0.000000e+00  0.000000e+00  0.000000e+00  0.000000e+00  0.000000e+00  0.000000e+00  0.000000e+00  0.000000e+00  0.000000e+00  0.000000e+00  0.000000e+00
1.061009e+05  0.000000e+00  0.000000e+00  0.000000e+00  0.000000e+00  0.000000e+00  0.000000e+00  0.000000e+00  0.000000e+00  0.000000e+00  0.000000e+00  0.000000e+00  0.000000e+00  0.000000e+00  0.000000e+00  0.000000e+00  0.000000e+00
1.190472e+05  0.000000e+00  0.000000e+00  0.000000e+00  0.000000e+00  0.000000e+00  0.000000e+00  0.000000e+00  0.000000e+00  0.000000e+00  0.000000e+00  0.000000e+00  0.000000e+00  0.000000e+00  0.000000e+00  0.000000e+00  0.000000e+00
1.335731e+05  0.000000e+00  0.000000e+00  0.000000e+00  0.000000e+00  0.000000e+00  0.000000e+00  0.000000e+00  0.000000e+00  0.000000e+00  0.000000e+00  0.000000e+00  0.000000e+00  0.000000e+00  0.000000e+00  0.000000e+00  0.000000e+00
1.498715e+05  0.000000e+00  0.000000e+00  0.000000e+00  0.000000e+00  0.000000e+00  0.000000e+00  0.000000e+00  0.000000e+00  0.000000e+00  0.000000e+00  0.000000e+00  0.000000e+00  0.000000e+00  0.000000e+00  0.000000e+00  0.000000e+00
1.681586e+05  0.000000e+00  0.000000e+00  0.000000e+00  0.000000e+00  0.000000e+00  0.000000e+00  0.000000e+00  0.000000e+00  0.000000e+00  0.000000e+00  0.000000e+00  0.000000e+00  0.000000e+00  0.000000e+00  0.000000e+00  0.000000e+00
1.886771e+05  0.000000e+00  0.000000e+00  0.000000e+00  0.000000e+00  0.000000e+00  0.000000e+00  0.000000e+00  0.000000e+00  0.000000e+00  0.000000e+00  0.000000e+00  0.000000e+00  0.000000e+00  0.000000e+00  0.000000e+00  0.000000e+00
2.116992e+05  0.000000e+00  0.000000e+00  0.000000e+00  0.000000e+00  0.000000e+00  0.000000e+00  0.000000e+00  0.000000e+00  0.000000e+00  0.000000e+00  0.000000e+00  0.000000e+00  0.000000e+00  0.000000e+00  0.000000e+00  0.000000e+00
2.375304e+05  0.000000e+00  0.000000e+00  0.000000e+00  0.000000e+00  0.000000e+00  0.000000e+00  0.000000e+00  0.000000e+00  0.000000e+00  0.000000e+00  0.000000e+00  0.000000e+00  0.000000e+00  0.000000e+00  0.000000e+00  0.000000e+00
2.665135e+05  0.000000e+00  0.000000e+00  0.000000e+00  0.000000e+00  0.000000e+00  0.000000e+00  0.000000e+00  0.000000e+00  0.000000e+00  0.000000e+00  0.000000e+00  0.000000e+00  0.000000e+00  0.000000e+00  0.000000e+00  0.000000e+00
2.990330e+05  0.000000e+00  0.000000e+00  0.000000e+00  0.000000e+00  0.000000e+00  0.000000e+00  0.000000e+00  0.000000e+00  0.000000e+00  0.000000e+00  0.000000e+00  0.000000e+00  0.000000e+00  0.000000e+00  0.000000e+00  0.000000e+00
3.355206e+05  0.000000e+00  0.000000e+00  0.000000e+00  0.000000e+00  0.000000e+00  0.000000e+00  0.000000e+00  0.000000e+00  0.000000e+00  0.000000e+00  0.000000e+00  0.000000e+00  0.000000e+00  0.000000e+00  0.000000e+00  0.000000e+00
3.764603e+05  0.000000e+00  0.000000e+00  0.000000e+00  0.000000e+00  0.000000e+00  0.000000e+00  0.000000e+00  0.000000e+00  0.000000e+00  0.000000e+00  0.000000e+00  0.000000e+00  0.000000e+00  0.000000e+00  0.000000e+00  0.000000e+00
4.223954e+05  0.000000e+00  0.000000e+00  0.000000e+00  0.000000e+00  0.000000e+00  0.000000e+00  0.000000e+00  0.000000e+00  0.000000e+00  0.000000e+00  0.000000e+00  0.000000e+00  0.000000e+00  0.000000e+00  0.000000e+00  0.000000e+00
4.739354e+05  0.000000e+00  0.000000e+00  0.000000e+00  0.000000e+00  0.000000e+00  0.000000e+00  0.000000e+00  0.000000e+00  0.000000e+00  0.000000e+00  0.000000e+00  0.000000e+00  0.000000e+00  0.000000e+00  0.000000e+00  0.000000e+00
5.317643e+05  0.000000e+00  0.000000e+00  0.000000e+00  0.000000e+00  0.000000e+00  0.000000e+00  0.000000e+00  0.000000e+00  0.000000e+00  0.000000e+00  0.000000e+00  0.000000e+00  0.000000e+00  0.000000e+00  0.000000e+00  0.000000e+00
5.966493e+05  0.000000e+00  0.000000e+00  0.000000e+00  0.000000e+00  0.000000e+00  0.000000e+00  0.000000e+00  0.000000e+00  0.000000e+00  0.000000e+00  0.000000e+00  0.000000e+00  0.000000e+00  0.000000e+00  0.000000e+00  0.000000e+00
6.694516e+05  0.000000e+00  0.000000e+00  0.000000e+00  0.000000e+00  0.000000e+00  0.000000e+00  0.000000e+00  0.000000e+00  0.000000e+00  0.000000e+00  0.000000e+00  0.000000e+00  0.000000e+00  0.000000e+00  0.000000e+00  0.000000e+00
7.511370e+05  0.000000e+00  0.000000e+00  0.000000e+00  0.000000e+00  0.000000e+00  0.000000e+00  0.000000e+00  0.000000e+00  0.000000e+00  0.000000e+00  0.000000e+00  0.000000e+00  0.000000e+00  0.000000e+00  0.000000e+00  0.000000e+00
8.427896e+05  0.000000e+00  0.000000e+00  0.000000e+00  0.000000e+00  0.000000e+00  0.000000e+00  0.000000e+00  0.000000e+00  0.000000e+00  0.000000e+00  0.000000e+00  0.000000e+00  0.000000e+00  0.000000e+00  0.000000e+00  0.000000e+00
9.456255e+05  0.000000e+00  0.000000e+00  0.000000e+00  0.000000e+00  0.000000e+00  0.000000e+00  0.000000e+00  0.000000e+00  0.000000e+00  0.000000e+00  0.000000e+00  0.000000e+00  0.000000e+00  0.000000e+00  0.000000e+00  0.000000e+00
