# dR/dEr [1/keV/kg/Myr]
# Er [keV], S, F, Ne, Cl, Na, Si, O, P, N, C, Al, Mg, Be, B, Ar, Li
1.061009e+01  3.079440e-01  2.942123e-01  0.000000e+00  0.000000e+00  1.978707e-01  0.000000e+00  3.767110e-02  0.000000e+00  0.000000e+00  0.000000e+00  0.000000e+00  0.000000e+00  5.775116e-02  0.000000e+00  0.000000e+00  0.000000e+00
1.190472e+01  5.440699e-02  8.221730e-02  0.000000e+00  0.000000e+00  1.752253e-02  0.000000e+00  0.000000e+00  0.000000e+00  0.000000e+00  0.000000e+00  0.000000e+00  0.000000e+00  0.000000e+00  0.000000e+00  0.000000e+00  0.000000e+00
1.335731e+01  1.042539e-01  4.124217e-02  0.000000e+00  0.000000e+00  0.000000e+00  0.000000e+00  0.000000e+00  0.000000e+00  0.000000e+00  0.000000e+00  0.000000e+00  0.000000e+00  0.000000e+00  0.000000e+00  0.000000e+00  0.000000e+00
1.498715e+01  2.004499e-02  7.321898e-02  0.000000e+00  0.000000e+00  3.480162e-02  0.000000e+00  3.165615e-03  0.000000e+00  0.000000e+00  0.000000e+00  0.000000e+00  0.000000e+00  0.000000e+00  0.000000e+00  0.000000e+00  0.000000e+00
1.681586e+01  4.959508e-02  4.080452e-02  7.076883e-03  0.000000e+00  1.431263e-02  2.821358e-03  0.000000e+00  0.000000e+00  0.000000e+00  0.000000e+00  0.000000e+00  0.000000e+00  0.000000e+00  0.000000e+00  0.000000e+00  0.000000e+00
1.886771e+01  3.373429e-02  3.756967e-02  0.000000e+00  0.000000e+00  6.307279e-03  0.000000e+00  0.000000e+00  0.000000e+00  0.000000e+00  0.000000e+00  0.000000e+00  0.000000e+00  0.000000e+00  0.000000e+00  0.000000e+00  0.000000e+00
2.116992e+01  4.930464e-02  6.613523e-02  0.000000e+00  0.000000e+00  6.905613e-03  0.000000e+00  2.971886e-03  0.000000e+00  0.000000e+00  0.000000e+00  4.157517e-02  0.000000e+00  0.000000e+00  0.000000e+00  0.000000e+00  0.000000e+00
2.375304e+01  9.147020e-02  1.257535e-02  1.667614e-02  0.000000e+00  3.838781e-02  0.000000e+00  5.010050e-03  0.000000e+00  0.000000e+00  0.000000e+00  0.000000e+00  0.000000e+00  0.000000e+00  0.000000e+00  0.000000e+00  0.000000e+00
2.665135e+01  8.739643e-02  8.610257e-02  2.360653e-03  1.510518e-02  3.701195e-03  0.000000e+00  0.000000e+00  2.516754e-02  0.000000e+00  0.000000e+00  0.000000e+00  0.000000e+00  0.000000e+00  0.000000e+00  0.000000e+00  0.000000e+00
2.990330e+01  1.182940e-01  3.161641e-02  2.781325e-03  0.000000e+00  5.904380e-02  0.000000e+00  3.690500e-03  0.000000e+00  0.000000e+00  0.000000e+00  3.238475e-02  0.000000e+00  2.852581e-02  0.000000e+00  0.000000e+00  0.000000e+00
3.355206e+01  1.051679e-01  4.391553e-02  3.277264e-03  0.000000e+00  6.232281e-03  0.000000e+00  1.945077e-02  0.000000e+00  0.000000e+00  0.000000e+00  3.442662e-02  0.000000e+00  7.188890e-02  0.000000e+00  0.000000e+00  0.000000e+00
3.764603e+01  1.639766e-01  9.654176e-02  8.010392e-03  1.671214e-03  5.026290e-02  0.000000e+00  1.337511e-02  0.000000e+00  0.000000e+00  0.000000e+00  0.000000e+00  0.000000e+00  8.023895e-03  0.000000e+00  0.000000e+00  0.000000e+00
4.223954e+01  1.429695e-01  7.528890e-02  2.120045e-02  0.000000e+00  2.480556e-02  0.000000e+00  9.397709e-03  0.000000e+00  0.000000e+00  0.000000e+00  3.167411e-02  0.000000e+00  7.541915e-02  0.000000e+00  0.000000e+00  0.000000e+00
4.739354e+01  1.533984e-01  5.236002e-02  1.327493e-03  3.647618e-03  1.358100e-02  0.000000e+00  4.760297e-03  0.000000e+00  0.000000e+00  0.000000e+00  0.000000e+00  0.000000e+00  5.544047e-02  0.000000e+00  0.000000e+00  0.000000e+00
5.317643e+01  1.463873e-01  3.066475e-02  3.258450e-03  0.000000e+00  5.494586e-02  0.000000e+00  6.296571e-03  0.000000e+00  0.000000e+00  0.000000e+00  1.655137e-02  0.000000e+00  0.000000e+00  0.000000e+00  0.000000e+00  0.000000e+00
5.966493e+01  1.675265e-01  9.128112e-02  3.647800e-03  1.849632e-03  4.532065e-02  0.000000e+00  4.117657e-02  0.000000e+00  0.000000e+00  0.000000e+00  1.483903e-02  0.000000e+00  1.270867e-02  0.000000e+00  0.000000e+00  0.000000e+00
6.694516e+01  1.992037e-01  8.191735e-02  6.181867e-03  0.000000e+00  3.043454e-02  0.000000e+00  7.791112e-03  0.000000e+00  1.246364e-02  0.000000e+00  8.105955e-03  0.000000e+00  1.791869e-01  0.000000e+00  0.000000e+00  0.000000e+00
7.511370e+01  2.157293e-01  9.055134e-02  1.820392e-02  2.095523e-03  2.260707e-02  0.000000e+00  4.874066e-03  0.000000e+00  0.000000e+00  0.000000e+00  1.192189e-02  0.000000e+00  5.919784e+01  0.000000e+00  0.000000e+00  0.000000e+00
8.427896e+01  2.476782e-01  8.245759e-02  3.527257e-03  1.459316e-02  2.823685e-02  0.000000e+00  1.922187e-02  0.000000e+00  0.000000e+00  0.000000e+00  0.000000e+00  0.000000e+00  7.040567e+01  0.000000e+00  0.000000e+00  0.000000e+00
9.456255e+01  2.485354e-01  7.117902e-02  1.002012e-02  2.426626e-03  4.983594e-02  0.000000e+00  5.615655e-03  0.000000e+00  1.200185e-02  0.000000e+00  3.178271e-03  0.000000e+00  5.430494e+01  0.000000e+00  0.000000e+00  0.000000e+00
1.061009e+02  2.664708e-01  1.041160e-01  1.638868e-02  3.616521e-03  3.083816e-02  0.000000e+00  7.050480e-03  0.000000e+00  0.000000e+00  8.344601e-03  1.119430e-02  0.000000e+00  4.011706e+01  0.000000e+00  0.000000e+00  0.000000e+00
1.190472e+02  2.718604e-01  1.372348e-01  1.122252e-02  5.457591e-03  5.940907e-02  0.000000e+00  6.601028e-03  0.000000e+00  3.985274e-04  4.558313e-03  3.461709e+01  0.000000e+00  3.010669e+01  0.000000e+00  9.922073e-03  0.000000e+00
1.335731e+02  3.252043e-01  1.288135e-01  1.712624e-02  2.257635e-03  3.908554e-02  0.000000e+00  6.110162e-03  0.000000e+00  0.000000e+00  0.000000e+00  2.961612e+01  0.000000e+00  2.247120e+01  0.000000e+00  0.000000e+00  0.000000e+00
1.498715e+02  7.256048e-01  1.420302e-01  6.346726e-03  3.454517e-03  2.487176e-02  0.000000e+00  2.551340e-02  0.000000e+00  3.992798e-03  6.519726e-03  2.212122e+01  0.000000e+00  1.689710e+01  0.000000e+00  0.000000e+00  0.000000e+00
1.681586e+02  1.010792e+00  1.811698e-01  1.053998e-02  1.431263e-03  3.140600e-02  1.787273e-03  2.073865e-02  0.000000e+00  6.231134e-03  0.000000e+00  1.736908e+01  0.000000e+00  1.215302e+01  0.000000e+00  0.000000e+00  0.000000e+00
1.886771e+02  6.386876e-01  1.594670e-01  9.399686e-03  1.359727e-03  3.744002e-02  5.849049e-04  2.334581e-02  4.413714e-04  4.413714e-04  0.000000e+00  1.261191e+01  0.000000e+00  8.680468e+00  0.000000e+00  0.000000e+00  0.000000e+00
2.116992e+02  3.142315e-01  2.090073e-01  9.892506e-03  6.961017e-03  2.985100e-02  3.933727e-04  1.113161e-02  0.000000e+00  0.000000e+00  1.419681e-03  1.004405e+01  0.000000e+00  6.177030e+00  0.000000e+00  1.424472e-03  0.000000e+00
2.375304e+02  2.339857e-01  7.968608e-01  1.666883e-02  6.285762e-03  3.635163e-02  1.504112e-04  2.195071e-02  1.999497e-03  0.000000e+00  1.997368e-04  7.473548e+00  0.000000e+00  4.662602e+00  0.000000e+00  7.984391e-04  0.000000e+00
2.665135e+02  1.972128e-01  6.729111e-01  1.536761e-02  7.502268e-03  4.773835e-02  4.125831e-04  1.645761e-02  0.000000e+00  3.124670e-04  2.782022e-03  5.339577e+00  0.000000e+00  3.035352e+00  0.000000e+00  0.000000e+00  0.000000e+00
2.990330e+02  1.547869e-01  1.373716e-01  6.747579e-03  3.404439e-03  3.783744e-02  2.230026e-03  2.086560e-02  1.006752e-03  1.010149e-03  3.795319e-03  4.136308e+00  0.000000e+00  2.259669e+00  0.000000e+00  0.000000e+00  0.000000e+00
3.355206e+02  1.405182e-01  1.421989e-01  7.991573e-03  5.839737e-03  3.489893e-02  2.482014e-04  1.423160e-02  2.129660e-04  1.875133e-04  2.817197e-03  3.066041e+00  2.259956e-03  1.636269e+00  0.000000e+00  0.000000e+00  1.004075e-03
3.764603e+02  1.036484e-01  1.035133e-01  1.770957e-02  7.927310e-03  3.132941e-02  6.694227e-03  1.157633e-02  0.000000e+00  2.920864e-04  0.000000e+00  2.033164e+00  0.000000e+00  1.123603e+00  0.000000e+00  0.000000e+00  0.000000e+00
4.223954e+02  6.713572e-02  1.026807e-01  6.793705e-03  7.066396e-03  3.295058e-02  8.616727e-04  1.221250e-02  3.287941e-03  9.098789e-04  1.998634e-03  1.462757e+00  0.000000e+00  6.290580e-01  0.000000e+00  7.139270e-04  0.000000e+00
4.739354e+02  6.226649e-02  8.887168e-02  1.038518e-02  7.573737e-03  2.696886e-02  2.000873e-03  2.224914e-02  1.546904e-03  1.415275e-03  0.000000e+00  1.008212e+00  0.000000e+00  4.492369e-01  1.415275e-03  0.000000e+00  0.000000e+00
5.317643e+02  5.885491e-02  8.042207e-02  1.887015e-02  3.645626e-03  2.118745e-02  9.984213e-04  9.834263e-03  2.905399e-03  1.603469e-03  2.568794e-03  8.697223e-01  0.000000e+00  3.112166e-01  5.651853e-04  3.566497e-04  0.000000e+00
5.966493e+02  5.584520e-02  7.140650e-02  1.609047e-02  1.357104e-02  2.200010e-02  2.379823e-03  1.794728e-02  1.873305e-03  9.538712e-04  1.429677e-03  5.682551e-01  0.000000e+00  2.118334e-01  0.000000e+00  5.062736e-04  0.000000e+00
6.694516e+02  4.557959e-02  6.895580e-02  2.038110e-02  1.330568e-02  2.316325e-02  2.399507e-03  1.565994e-02  8.850136e-04  3.420156e-04  1.317233e-03  3.852335e-01  0.000000e+00  1.357899e-01  0.000000e+00  0.000000e+00  0.000000e+00
7.511370e+02  3.621228e-02  4.848582e-02  1.403817e-02  9.736056e-03  1.641249e-02  1.879925e-03  1.119815e-02  1.755926e-03  1.588500e-03  1.057049e-03  2.564949e-01  0.000000e+00  9.991958e-02  0.000000e+00  0.000000e+00  0.000000e+00
8.427896e+02  3.037702e-02  4.754644e-02  1.350472e-02  6.010543e-03  1.887601e-02  2.721463e-04  1.169347e-02  2.051206e-04  1.224308e-03  3.651230e-03  1.475264e-01  0.000000e+00  5.412611e-02  0.000000e+00  5.532168e-04  0.000000e+00
9.456255e+02  2.553222e-02  3.556392e-02  1.563840e-02  6.622462e-03  1.670223e-02  1.606865e-03  1.136851e-02  1.224557e-03  0.000000e+00  2.852049e-03  1.233391e-01  4.257217e-04  3.532607e-02  0.000000e+00  0.000000e+00  0.000000e+00
1.061009e+03  2.352958e-02  2.487509e-02  1.632787e-02  1.093039e-02  1.543374e-02  1.089561e-03  1.070955e-02  1.138583e-03  2.513422e-03  1.300070e-03  8.690058e-02  0.000000e+00  1.796361e-02  1.165827e-03  7.146608e-04  0.000000e+00
1.190472e+03  1.784787e-02  2.092428e-02  1.381174e-02  1.073378e-02  7.577797e-03  1.020746e-03  7.327016e-03  3.556466e-03  8.592826e-04  4.979437e-03  5.719822e-02  0.000000e+00  1.024646e-02  0.000000e+00  0.000000e+00  0.000000e+00
1.335731e+03  1.654097e-02  2.314544e-02  1.308101e-02  8.216522e-03  6.441729e-03  2.263950e-03  6.527354e-03  1.386679e-03  2.628182e-03  1.725226e-03  2.949924e-02  0.000000e+00  6.809117e-03  3.490562e-04  0.000000e+00  0.000000e+00
1.498715e+03  9.161108e-03  1.837076e-02  1.109489e-02  1.015270e-02  9.734480e-03  4.840656e-03  8.739129e-03  2.701611e-03  2.908913e-03  2.449259e-03  1.329356e-02  3.359675e-04  5.664051e-03  0.000000e+00  0.000000e+00  6.464999e-04
1.681586e+03  7.180560e-03  1.605734e-02  9.893982e-03  7.061656e-03  7.641719e-03  1.877194e-03  4.957912e-03  2.895383e-03  1.852310e-03  1.620532e-03  1.488504e-02  0.000000e+00  2.985392e-03  5.502193e-04  0.000000e+00  2.003393e-04
1.886771e+03  8.464880e-03  1.375581e-02  1.028801e-02  7.011105e-03  7.833343e-03  2.491676e-03  4.636929e-03  2.365215e-03  1.142475e-03  2.507793e-03  7.052535e-03  4.854488e-04  5.827891e-05  1.323238e-03  1.623793e-04  0.000000e+00
2.116992e+03  4.616819e-03  1.150994e-02  5.814048e-03  5.688849e-03  4.968762e-03  1.297823e-03  4.317760e-03  2.219475e-03  1.273760e-03  1.730358e-03  4.803759e-03  4.326281e-04  1.723035e-03  1.424472e-04  0.000000e+00  1.424472e-04
2.375304e+03  4.504082e-03  6.739985e-03  7.255112e-03  9.028190e-03  4.849408e-03  3.296174e-03  3.676086e-03  1.412227e-03  4.727846e-04  1.491581e-03  4.937765e-03  1.267425e-04  0.000000e+00  3.705391e-04  0.000000e+00  4.992689e-04
2.665135e+03  2.567195e-03  6.345476e-03  5.117505e-03  9.132490e-03  3.212941e-03  1.221221e-03  2.950652e-03  2.365896e-03  9.161164e-04  1.201582e-03  3.467954e-03  6.068512e-04  7.316251e-04  3.200649e-04  0.000000e+00  3.925408e-04
2.990330e+03  2.067915e-03  4.490759e-03  4.362136e-03  5.813140e-03  2.387424e-03  2.504239e-03  2.115617e-03  2.284657e-03  2.207653e-03  2.115824e-03  2.247525e-03  7.899173e-04  0.000000e+00  3.862730e-04  0.000000e+00  5.304326e-04
3.355206e+03  1.107933e-03  5.087068e-03  4.973385e-03  7.751573e-03  1.397554e-03  2.679914e-03  7.602607e-04  2.232148e-03  1.063243e-03  1.529970e-03  1.217978e-03  4.394275e-04  9.936079e-05  2.886294e-04  0.000000e+00  1.794539e-04
3.764603e+03  7.981613e-04  2.798796e-03  4.522524e-03  4.910189e-03  9.827146e-04  2.960088e-03  5.334157e-04  1.138305e-03  1.743423e-03  1.771860e-03  1.692214e-03  5.365886e-04  7.983455e-05  2.935382e-04  0.000000e+00  9.809596e-04
4.223954e+03  5.151442e-04  1.032546e-03  2.160987e-03  3.917923e-03  8.456781e-04  1.128991e-03  9.332696e-04  1.947474e-03  1.196676e-03  1.881119e-03  8.776557e-04  8.232306e-04  0.000000e+00  4.778930e-04  0.000000e+00  7.774867e-04
4.739354e+03  1.889492e-04  1.805515e-03  2.341155e-03  4.392035e-03  6.826857e-04  2.023380e-03  3.035730e-04  1.265040e-03  8.720462e-04  9.435025e-04  7.403911e-04  3.234353e-04  6.464437e-05  1.920531e-04  0.000000e+00  6.241402e-04
5.317643e+03  1.675836e-04  1.645970e-03  2.221781e-03  2.486792e-03  4.992155e-04  1.981416e-03  2.722714e-04  1.572479e-03  8.025472e-04  1.490945e-03  1.065550e-03  4.533183e-04  0.000000e+00  5.166652e-04  0.000000e+00  4.351368e-04
5.966493e+03  3.837263e-04  9.257022e-04  1.495009e-03  2.359628e-03  3.562501e-04  1.143397e-03  5.671517e-04  1.175898e-03  8.023668e-04  8.824557e-04  1.117661e-04  3.666135e-04  0.000000e+00  1.997392e-04  0.000000e+00  2.421129e-04
6.694516e+03  4.496994e-05  8.836792e-04  1.102856e-03  1.569932e-03  3.349058e-04  2.381106e-03  3.620081e-04  1.283900e-03  7.827263e-04  7.307078e-04  6.902679e-04  2.022376e-04  0.000000e+00  2.290587e-04  0.000000e+00  5.032295e-05
7.511370e+03  1.679828e-04  7.604902e-04  8.130627e-04  9.591330e-04  1.508509e-04  1.649306e-03  2.767568e-04  1.289348e-03  8.296402e-05  6.165339e-04  2.956345e-04  2.663279e-04  0.000000e+00  1.472611e-04  0.000000e+00  5.412137e-04
8.427896e+03  1.050523e-04  6.864527e-04  3.683830e-04  1.043954e-03  1.841766e-04  1.668956e-03  1.935947e-04  1.212510e-03  2.267608e-04  3.682814e-04  1.287758e-04  4.773987e-04  0.000000e+00  8.360818e-05  0.000000e+00  5.148756e-04
9.456255e+03  0.000000e+00  2.060637e-04  3.309696e-04  1.188198e-03  1.174155e-04  1.029536e-03  3.188995e-05  6.732199e-04  3.502544e-04  1.962255e-04  5.199216e-04  7.266883e-04  0.000000e+00  2.231575e-04  0.000000e+00  1.024096e-04
1.061009e+04  0.000000e+00  3.729299e-04  1.630055e-04  7.123704e-04  1.113753e-04  8.291235e-04  3.752207e-04  3.166868e-04  1.197425e-04  3.967490e-04  3.569076e-04  1.098791e-04  0.000000e+00  2.837412e-05  0.000000e+00  3.267016e-04
1.190472e+04  0.000000e+00  7.635493e-05  2.829868e-05  4.494940e-04  0.000000e+00  4.828026e-04  2.524590e-05  2.079627e-04  5.057691e-05  3.358947e-04  2.510853e-04  5.851918e-05  0.000000e+00  1.401764e-04  0.000000e+00  3.327232e-04
1.335731e+04  0.000000e+00  2.171423e-04  1.354566e-04  4.291013e-04  0.000000e+00  3.140951e-04  2.261441e-05  1.603495e-04  7.242450e-05  1.712044e-04  2.235201e-04  1.649476e-04  0.000000e+00  0.000000e+00  0.000000e+00  2.561549e-04
1.498715e+04  0.000000e+00  6.163404e-05  3.359675e-05  1.840074e-04  0.000000e+00  2.454461e-04  0.000000e+00  1.102996e-04  5.059411e-05  7.951759e-05  4.024239e-05  5.564318e-05  0.000000e+00  4.020853e-05  0.000000e+00  2.224691e-04
1.681586e+04  0.000000e+00  8.382635e-05  1.790286e-05  1.064556e-04  0.000000e+00  3.379791e-04  1.787273e-05  9.541247e-05  0.000000e+00  2.994313e-05  2.394009e-05  3.799719e-05  0.000000e+00  2.229244e-04  0.000000e+00  1.918704e-04
1.886771e+04  0.000000e+00  8.051314e-05  0.000000e+00  6.748896e-05  0.000000e+00  1.967241e-04  0.000000e+00  9.755394e-05  0.000000e+00  0.000000e+00  1.100882e-04  7.819287e-05  0.000000e+00  1.036290e-04  0.000000e+00  2.887849e-04
2.116992e+04  0.000000e+00  1.419681e-05  0.000000e+00  1.076116e-04  0.000000e+00  2.846554e-05  0.000000e+00  4.182207e-05  0.000000e+00  0.000000e+00  0.000000e+00  3.168405e-05  0.000000e+00  1.090921e-04  0.000000e+00  4.182207e-05
2.375304e+04  0.000000e+00  0.000000e+00  0.000000e+00  1.265292e-05  0.000000e+00  7.806535e-05  1.418294e-05  2.807437e-05  0.000000e+00  3.192272e-05  3.591187e-05  2.534850e-05  0.000000e+00  0.000000e+00  0.000000e+00  1.147352e-04
2.665135e+04  0.000000e+00  1.264055e-05  0.000000e+00  3.467838e-05  0.000000e+00  0.000000e+00  0.000000e+00  0.000000e+00  0.000000e+00  1.149558e-05  0.000000e+00  0.000000e+00  0.000000e+00  0.000000e+00  0.000000e+00  1.264055e-05
2.990330e+04  0.000000e+00  0.000000e+00  0.000000e+00  2.790261e-05  0.000000e+00  0.000000e+00  0.000000e+00  0.000000e+00  0.000000e+00  0.000000e+00  0.000000e+00  5.020288e-05  0.000000e+00  5.082608e-05  0.000000e+00  5.006452e-05
3.355206e+04  0.000000e+00  0.000000e+00  0.000000e+00  0.000000e+00  0.000000e+00  0.000000e+00  0.000000e+00  0.000000e+00  0.000000e+00  0.000000e+00  0.000000e+00  8.987808e-06  0.000000e+00  5.652516e-06  0.000000e+00  1.826252e-05
3.764603e+04  0.000000e+00  0.000000e+00  0.000000e+00  1.337511e-05  0.000000e+00  0.000000e+00  0.000000e+00  0.000000e+00  0.000000e+00  0.000000e+00  0.000000e+00  2.216383e-05  0.000000e+00  1.337511e-05  0.000000e+00  7.983455e-06
4.223954e+04  0.000000e+00  0.000000e+00  0.000000e+00  9.530722e-06  0.000000e+00  0.000000e+00  0.000000e+00  3.368402e-05  0.000000e+00  0.000000e+00  0.000000e+00  3.880137e-05  0.000000e+00  0.000000e+00  0.000000e+00  0.000000e+00
4.739354e+04  0.000000e+00  0.000000e+00  0.000000e+00  0.000000e+00  0.000000e+00  0.000000e+00  0.000000e+00  6.341484e-06  0.000000e+00  0.000000e+00  0.000000e+00  1.483575e-05  0.000000e+00  1.760536e-05  0.000000e+00  0.000000e+00
5.317643e+04  0.000000e+00  0.000000e+00  0.000000e+00  0.000000e+00  0.000000e+00  0.000000e+00  0.000000e+00  0.000000e+00  0.000000e+00  0.000000e+00  0.000000e+00  0.000000e+00  0.000000e+00  0.000000e+00  0.000000e+00  0.000000e+00
5.966493e+04  0.000000e+00  0.000000e+00  0.000000e+00  0.000000e+00  0.000000e+00  0.000000e+00  0.000000e+00  0.000000e+00  0.000000e+00  0.000000e+00  0.000000e+00  0.000000e+00  0.000000e+00  0.000000e+00  0.000000e+00  0.000000e+00
6.694516e+04  0.000000e+00  0.000000e+00  0.000000e+00  0.000000e+00  0.000000e+00  0.000000e+00  0.000000e+00  0.000000e+00  0.000000e+00  0.000000e+00  0.000000e+00  0.000000e+00  0.000000e+00  0.000000e+00  0.000000e+00  1.445059e-05
7.511370e+04  0.000000e+00  0.000000e+00  0.000000e+00  0.000000e+00  0.000000e+00  0.000000e+00  0.000000e+00  0.000000e+00  0.000000e+00  0.000000e+00  0.000000e+00  0.000000e+00  0.000000e+00  0.000000e+00  0.000000e+00  8.296402e-06
8.427896e+04  0.000000e+00  0.000000e+00  0.000000e+00  0.000000e+00  0.000000e+00  0.000000e+00  0.000000e+00  0.000000e+00  0.000000e+00  0.000000e+00  0.000000e+00  0.000000e+00  0.000000e+00  0.000000e+00  0.000000e+00  0.000000e+00
9.456255e+04  0.000000e+00  0.000000e+00  0.000000e+00  0.000000e+00  0.000000e+00  0.000000e+00  0.000000e+00  0.000000e+00  0.000000e+00  0.000000e+00  0.000000e+00  0.000000e+00  0.000000e+00  0.000000e+00  0.000000e+00  0.000000e+00
1.061009e+05  0.000000e+00  0.000000e+00  0.000000e+00  0.000000e+00  0.000000e+00  0.000000e+00  0.000000e+00  0.000000e+00  0.000000e+00  0.000000e+00  0.000000e+00  0.000000e+00  0.000000e+00  0.000000e+00  0.000000e+00  0.000000e+00
1.190472e+05  0.000000e+00  0.000000e+00  0.000000e+00  0.000000e+00  0.000000e+00  0.000000e+00  0.000000e+00  0.000000e+00  0.000000e+00  0.000000e+00  0.000000e+00  0.000000e+00  0.000000e+00  0.000000e+00  0.000000e+00  0.000000e+00
1.335731e+05  0.000000e+00  0.000000e+00  0.000000e+00  0.000000e+00  0.000000e+00  0.000000e+00  0.000000e+00  0.000000e+00  0.000000e+00  0.000000e+00  0.000000e+00  0.000000e+00  0.000000e+00  0.000000e+00  0.000000e+00  0.000000e+00
1.498715e+05  0.000000e+00  0.000000e+00  0.000000e+00  0.000000e+00  0.000000e+00  0.000000e+00  0.000000e+00  0.000000e+00  0.000000e+00  0.000000e+00  0.000000e+00  0.000000e+00  0.000000e+00  0.000000e+00  0.000000e+00  0.000000e+00
1.681586e+05  0.000000e+00  0.000000e+00  0.000000e+00  0.000000e+00  0.000000e+00  0.000000e+00  0.000000e+00  0.000000e+00  0.000000e+00  0.000000e+00  0.000000e+00  0.000000e+00  0.000000e+00  0.000000e+00  0.000000e+00  0.000000e+00
1.886771e+05  0.000000e+00  0.000000e+00  0.000000e+00  0.000000e+00  0.000000e+00  0.000000e+00  0.000000e+00  0.000000e+00  0.000000e+00  0.000000e+00  0.000000e+00  0.000000e+00  0.000000e+00  0.000000e+00  0.000000e+00  0.000000e+00
2.116992e+05  0.000000e+00  0.000000e+00  0.000000e+00  0.000000e+00  0.000000e+00  0.000000e+00  0.000000e+00  0.000000e+00  0.000000e+00  0.000000e+00  0.000000e+00  0.000000e+00  0.000000e+00  0.000000e+00  0.000000e+00  0.000000e+00
2.375304e+05  0.000000e+00  0.000000e+00  0.000000e+00  0.000000e+00  0.000000e+00  0.000000e+00  0.000000e+00  0.000000e+00  0.000000e+00  0.000000e+00  0.000000e+00  0.000000e+00  0.000000e+00  0.000000e+00  0.000000e+00  0.000000e+00
2.665135e+05  0.000000e+00  0.000000e+00  0.000000e+00  0.000000e+00  0.000000e+00  0.000000e+00  0.000000e+00  0.000000e+00  0.000000e+00  0.000000e+00  0.000000e+00  0.000000e+00  0.000000e+00  0.000000e+00  0.000000e+00  0.000000e+00
2.990330e+05  0.000000e+00  0.000000e+00  0.000000e+00  0.000000e+00  0.000000e+00  0.000000e+00  0.000000e+00  0.000000e+00  0.000000e+00  0.000000e+00  0.000000e+00  0.000000e+00  0.000000e+00  0.000000e+00  0.000000e+00  0.000000e+00
3.355206e+05  0.000000e+00  0.000000e+00  0.000000e+00  0.000000e+00  0.000000e+00  0.000000e+00  0.000000e+00  0.000000e+00  0.000000e+00  0.000000e+00  0.000000e+00  0.000000e+00  0.000000e+00  0.000000e+00  0.000000e+00  0.000000e+00
3.764603e+05  0.000000e+00  0.000000e+00  0.000000e+00  0.000000e+00  0.000000e+00  0.000000e+00  0.000000e+00  0.000000e+00  0.000000e+00  0.000000e+00  0.000000e+00  0.000000e+00  0.000000e+00  0.000000e+00  0.000000e+00  0.000000e+00
4.223954e+05  0.000000e+00  0.000000e+00  0.000000e+00  0.000000e+00  0.000000e+00  0.000000e+00  0.000000e+00  0.000000e+00  0.000000e+00  0.000000e+00  0.000000e+00  0.000000e+00  0.000000e+00  0.000000e+00  0.000000e+00  0.000000e+00
4.739354e+05  0.000000e+00  0.000000e+00  0.000000e+00  0.000000e+00  0.000000e+00  0.000000e+00  0.000000e+00  0.000000e+00  0.000000e+00  0.000000e+00  0.000000e+00  0.000000e+00  0.000000e+00  0.000000e+00  0.000000e+00  0.000000e+00
5.317643e+05  0.000000e+00  0.000000e+00  0.000000e+00  0.000000e+00  0.000000e+00  0.000000e+00  0.000000e+00  0.000000e+00  0.000000e+00  0.000000e+00  0.000000e+00  0.000000e+00  0.000000e+00  0.000000e+00  0.000000e+00  0.000000e+00
5.966493e+05  0.000000e+00  0.000000e+00  0.000000e+00  0.000000e+00  0.000000e+00  0.000000e+00  0.000000e+00  0.000000e+00  0.000000e+00  0.000000e+00  0.000000e+00  0.000000e+00  0.000000e+00  0.000000e+00  0.000000e+00  0.000000e+00
6.694516e+05  0.000000e+00  0.000000e+00  0.000000e+00  0.000000e+00  0.000000e+00  0.000000e+00  0.000000e+00  0.000000e+00  0.000000e+00  0.000000e+00  0.000000e+00  0.000000e+00  0.000000e+00  0.000000e+00  0.000000e+00  0.000000e+00
7.511370e+05  0.000000e+00  0.000000e+00  0.000000e+00  0.000000e+00  0.000000e+00  0.000000e+00  0.000000e+00  0.000000e+00  0.000000e+00  0.000000e+00  0.000000e+00  0.000000e+00  0.000000e+00  0.000000e+00  0.000000e+00  0.000000e+00
8.427896e+05  0.000000e+00  0.000000e+00  0.000000e+00  0.000000e+00  0.000000e+00  0.000000e+00  0.000000e+00  0.000000e+00  0.000000e+00  0.000000e+00  0.000000e+00  0.000000e+00  0.000000e+00  0.000000e+00  0.000000e+00  0.000000e+00
9.456255e+05  0.000000e+00  0.000000e+00  0.000000e+00  0.000000e+00  0.000000e+00  0.000000e+00  0.000000e+00  0.000000e+00  0.000000e+00  0.000000e+00  0.000000e+00  0.000000e+00  0.000000e+00  0.000000e+00  0.000000e+00  0.000000e+00
