# dR/dEr [1/keV/kg/Myr]
# Er [keV], S, F, Ne, Cl, Na, Si, O, P, N, C, Al, Mg, Be, B, Ar, Li
1.061009e+01  6.033253e-02  5.886217e-02  0.000000e+00  0.000000e+00  4.192329e-02  0.000000e+00  4.645049e-03  0.000000e+00  0.000000e+00  0.000000e+00  0.000000e+00  0.000000e+00  7.437356e-03  0.000000e+00  0.000000e+00  0.000000e+00
1.190472e+01  1.295523e-02  1.705315e-02  0.000000e+00  0.000000e+00  4.170942e-03  0.000000e+00  0.000000e+00  0.000000e+00  0.000000e+00  0.000000e+00  0.000000e+00  0.000000e+00  0.000000e+00  0.000000e+00  0.000000e+00  0.000000e+00
1.335731e+01  2.112842e-02  7.685203e-03  0.000000e+00  0.000000e+00  0.000000e+00  0.000000e+00  0.000000e+00  0.000000e+00  0.000000e+00  0.000000e+00  0.000000e+00  0.000000e+00  0.000000e+00  0.000000e+00  0.000000e+00  0.000000e+00
1.498715e+01  4.773177e-03  1.608138e-02  0.000000e+00  0.000000e+00  6.451595e-03  0.000000e+00  7.549805e-04  0.000000e+00  0.000000e+00  0.000000e+00  0.000000e+00  0.000000e+00  0.000000e+00  0.000000e+00  0.000000e+00  0.000000e+00
1.681586e+01  1.180982e-02  9.494663e-03  1.685827e-03  0.000000e+00  3.405899e-03  6.728771e-04  0.000000e+00  0.000000e+00  0.000000e+00  0.000000e+00  0.000000e+00  0.000000e+00  0.000000e+00  0.000000e+00  0.000000e+00  0.000000e+00
1.886771e+01  8.034505e-03  8.811991e-03  0.000000e+00  0.000000e+00  1.502495e-03  0.000000e+00  0.000000e+00  0.000000e+00  0.000000e+00  0.000000e+00  0.000000e+00  0.000000e+00  0.000000e+00  0.000000e+00  0.000000e+00  0.000000e+00
2.116992e+01  1.015454e-02  1.478185e-02  0.000000e+00  0.000000e+00  1.644543e-03  0.000000e+00  7.081876e-04  0.000000e+00  0.000000e+00  0.000000e+00  8.266506e-03  0.000000e+00  0.000000e+00  0.000000e+00  0.000000e+00  0.000000e+00
2.375304e+01  1.863829e-02  2.993822e-03  3.864857e-03  0.000000e+00  8.748287e-03  0.000000e+00  1.193474e-03  0.000000e+00  0.000000e+00  0.000000e+00  0.000000e+00  0.000000e+00  0.000000e+00  0.000000e+00  0.000000e+00  0.000000e+00
2.665135e+01  1.968167e-02  1.790213e-02  5.625334e-04  2.564313e-03  8.824450e-04  0.000000e+00  0.000000e+00  5.641499e-03  0.000000e+00  0.000000e+00  0.000000e+00  0.000000e+00  0.000000e+00  0.000000e+00  0.000000e+00  0.000000e+00
2.990330e+01  2.117540e-02  7.501316e-03  6.635081e-04  0.000000e+00  1.182771e-02  0.000000e+00  8.797450e-04  0.000000e+00  0.000000e+00  0.000000e+00  5.231928e-03  0.000000e+00  6.114179e-03  0.000000e+00  0.000000e+00  0.000000e+00
3.355206e+01  2.397173e-02  9.115702e-03  7.789553e-04  0.000000e+00  1.484473e-03  0.000000e+00  4.476953e-03  0.000000e+00  0.000000e+00  0.000000e+00  6.461380e-03  0.000000e+00  1.414463e-02  0.000000e+00  0.000000e+00  0.000000e+00
3.764603e+01  3.528221e-02  1.978624e-02  7.857394e-04  3.982432e-04  1.027953e-02  0.000000e+00  2.336591e-03  0.000000e+00  0.000000e+00  0.000000e+00  0.000000e+00  0.000000e+00  9.020455e-04  0.000000e+00  0.000000e+00  0.000000e+00
4.223954e+01  3.075976e-02  1.515285e-02  4.336940e-03  0.000000e+00  5.844804e-03  0.000000e+00  1.339703e-03  0.000000e+00  0.000000e+00  0.000000e+00  5.917075e-03  0.000000e+00  1.397776e-02  0.000000e+00  0.000000e+00  0.000000e+00
4.739354e+01  3.391004e-02  1.235974e-02  3.163358e-04  8.677939e-04  2.654101e-03  0.000000e+00  1.134492e-03  0.000000e+00  0.000000e+00  0.000000e+00  0.000000e+00  0.000000e+00  1.098534e-02  0.000000e+00  0.000000e+00  0.000000e+00
5.317643e+01  3.349049e-02  6.377705e-03  7.766515e-04  0.000000e+00  1.135820e-02  0.000000e+00  1.500856e-03  0.000000e+00  0.000000e+00  0.000000e+00  3.290955e-03  0.000000e+00  0.000000e+00  0.000000e+00  0.000000e+00  0.000000e+00
5.966493e+01  3.735715e-02  1.918044e-02  8.693043e-04  4.409170e-04  8.634254e-03  0.000000e+00  7.453615e-03  0.000000e+00  0.000000e+00  0.000000e+00  3.114564e-03  0.000000e+00  2.441894e-03  0.000000e+00  0.000000e+00  0.000000e+00
6.694516e+01  4.516653e-02  1.711590e-02  1.472716e-03  0.000000e+00  5.893250e-03  0.000000e+00  1.444332e-03  0.000000e+00  2.419460e-03  0.000000e+00  1.853389e-03  0.000000e+00  3.633368e-02  0.000000e+00  0.000000e+00  0.000000e+00
7.511370e+01  4.846834e-02  1.923779e-02  3.662489e-03  4.985849e-04  4.694765e-03  0.000000e+00  1.159388e-03  0.000000e+00  0.000000e+00  0.000000e+00  2.438841e-03  0.000000e+00  1.173677e+01  0.000000e+00  0.000000e+00  0.000000e+00
8.427896e+01  5.673615e-02  1.826931e-02  8.398621e-04  3.038724e-03  5.473397e-03  0.000000e+00  4.322936e-03  0.000000e+00  0.000000e+00  0.000000e+00  0.000000e+00  0.000000e+00  1.397740e+01  0.000000e+00  0.000000e+00  0.000000e+00
9.456255e+01  5.570818e-02  1.515245e-02  2.310893e-03  5.777912e-04  1.032317e-02  0.000000e+00  9.352817e-04  0.000000e+00  1.950191e-03  0.000000e+00  2.373443e-04  0.000000e+00  1.076637e+01  0.000000e+00  0.000000e+00  0.000000e+00
1.061009e+02  6.031408e-02  2.276192e-02  3.276174e-03  3.985353e-04  6.958378e-03  0.000000e+00  1.411005e-03  0.000000e+00  0.000000e+00  1.751448e-03  2.148348e-03  0.000000e+00  7.965248e+00  0.000000e+00  0.000000e+00  0.000000e+00
1.190472e+02  6.311120e-02  2.894191e-02  2.314312e-03  1.031341e-03  1.276585e-02  0.000000e+00  1.276417e-03  0.000000e+00  9.504641e-05  1.042237e-03  6.860017e+00  0.000000e+00  5.974485e+00  0.000000e+00  1.686451e-03  0.000000e+00
1.335731e+02  7.431703e-02  2.768153e-02  3.515022e-03  2.214515e-04  8.310665e-03  0.000000e+00  1.165172e-03  0.000000e+00  0.000000e+00  0.000000e+00  5.852899e+00  0.000000e+00  4.465620e+00  0.000000e+00  0.000000e+00  0.000000e+00
1.498715e+02  1.692253e-01  3.173331e-02  1.229662e-03  5.402181e-04  4.274606e-03  0.000000e+00  5.537406e-03  0.000000e+00  7.379212e-04  1.266478e-03  4.389474e+00  0.000000e+00  3.356137e+00  0.000000e+00  0.000000e+00  0.000000e+00
1.681586e+02  2.370472e-01  3.825827e-02  2.216226e-03  3.405899e-04  6.323896e-03  1.334685e-04  4.353710e-03  0.000000e+00  1.210084e-03  0.000000e+00  3.436826e+00  0.000000e+00  2.419303e+00  0.000000e+00  0.000000e+00  0.000000e+00
1.886771e+02  1.476528e-01  3.510450e-02  1.993948e-03  3.239509e-04  8.330167e-03  1.394302e-04  4.820391e-03  1.050608e-04  1.050608e-04  0.000000e+00  2.480356e+00  0.000000e+00  1.720436e+00  0.000000e+00  0.000000e+00  0.000000e+00
2.116992e+02  7.055809e-02  4.712553e-02  2.182527e-03  1.580463e-03  5.986941e-03  9.363554e-05  2.373677e-03  0.000000e+00  0.000000e+00  1.060178e-04  1.992507e+00  0.000000e+00  1.224110e+00  0.000000e+00  1.397264e-04  0.000000e+00
2.375304e+02  5.212036e-02  1.865469e-01  3.220861e-03  1.342546e-03  7.456595e-03  3.589467e-05  4.653871e-03  3.161122e-04  0.000000e+00  4.763605e-05  1.481242e+00  0.000000e+00  9.281085e-01  0.000000e+00  1.889278e-04  0.000000e+00
2.665135e+02  4.424695e-02  1.574298e-01  3.026554e-03  1.544153e-03  1.015363e-02  9.806466e-05  3.237199e-03  0.000000e+00  7.437735e-05  6.154679e-04  1.057643e+00  0.000000e+00  6.060085e-01  0.000000e+00  0.000000e+00  0.000000e+00
2.990330e+02  3.321853e-02  3.008474e-02  1.496602e-03  7.037394e-04  7.904723e-03  4.242741e-04  4.462562e-03  8.616456e-05  1.135608e-04  6.167045e-04  8.219734e-01  0.000000e+00  4.450400e-01  0.000000e+00  0.000000e+00  0.000000e+00
3.355206e+02  3.041679e-02  3.015628e-02  1.841275e-03  1.187134e-03  7.302496e-03  5.908003e-05  2.874076e-03  5.082296e-05  4.468362e-05  5.734904e-04  6.078362e-01  4.342371e-04  3.247244e-01  0.000000e+00  0.000000e+00  1.540696e-04
3.764603e+02  2.162762e-02  2.184709e-02  3.512093e-03  1.603950e-03  6.792000e-03  1.218971e-03  2.465002e-03  0.000000e+00  6.942446e-05  0.000000e+00  3.967992e-01  0.000000e+00  2.250255e-01  0.000000e+00  0.000000e+00  0.000000e+00
4.223954e+02  1.400740e-02  2.186451e-02  1.448158e-03  1.377850e-03  7.008480e-03  9.649329e-05  2.639276e-03  6.561835e-04  1.079288e-04  3.637715e-04  2.916041e-01  0.000000e+00  1.201889e-01  0.000000e+00  7.002910e-05  0.000000e+00
4.739354e+02  1.311382e-02  1.882173e-02  2.274453e-03  1.455276e-03  5.912311e-03  4.237339e-04  4.760053e-03  3.531960e-04  3.172448e-04  0.000000e+00  1.996016e-01  0.000000e+00  8.813836e-02  3.172448e-04  0.000000e+00  0.000000e+00
5.317643e+02  1.194659e-02  1.606875e-02  3.800852e-03  7.959792e-04  4.690074e-03  1.663540e-04  2.071753e-03  5.412683e-04  3.642487e-04  4.948926e-04  1.707096e-01  0.000000e+00  6.215107e-02  4.220645e-05  8.439095e-05  0.000000e+00
5.966493e+02  1.121849e-02  1.458846e-02  3.337831e-03  2.719599e-03  4.778888e-03  4.996562e-04  3.583232e-03  4.120417e-04  1.809899e-04  3.064349e-04  1.116181e-01  0.000000e+00  4.273255e-02  0.000000e+00  5.691522e-05  0.000000e+00
6.694516e+02  9.324619e-03  1.386290e-02  4.100419e-03  2.790627e-03  5.011740e-03  3.484044e-04  3.141431e-03  1.537845e-04  8.138631e-05  2.588479e-04  7.591627e-02  0.000000e+00  2.740246e-02  0.000000e+00  0.000000e+00  0.000000e+00
7.511370e+02  7.316691e-03  9.738160e-03  2.774050e-03  2.051305e-03  3.317463e-03  3.292491e-04  2.341315e-03  3.144811e-04  2.726187e-04  2.053175e-04  5.185589e-02  0.000000e+00  1.970484e-02  0.000000e+00  0.000000e+00  0.000000e+00
8.427896e+02  6.019192e-03  9.488740e-03  2.706270e-03  1.307060e-03  4.065393e-03  6.485121e-05  2.417247e-03  4.879964e-05  2.086199e-04  6.861359e-04  2.886236e-02  0.000000e+00  1.110164e-02  0.000000e+00  1.274219e-04  0.000000e+00
9.456255e+02  5.322052e-03  6.988312e-03  3.245578e-03  1.459283e-03  3.535702e-03  3.413253e-04  2.366127e-03  2.028152e-04  0.000000e+00  4.980790e-04  2.483880e-02  7.227216e-05  6.865914e-03  0.000000e+00  0.000000e+00  0.000000e+00
1.061009e+03  4.760847e-03  4.702276e-03  3.365355e-03  2.132841e-03  3.245716e-03  2.281511e-04  2.201024e-03  2.382408e-04  5.231525e-04  2.276041e-04  1.721739e-02  0.000000e+00  3.241210e-03  2.170702e-04  1.373178e-04  0.000000e+00
1.190472e+03  3.542272e-03  4.090182e-03  2.847300e-03  2.146543e-03  1.567753e-03  2.366093e-04  1.546100e-03  6.759061e-04  1.753134e-04  9.456686e-04  1.147363e-02  0.000000e+00  2.063790e-03  0.000000e+00  0.000000e+00  0.000000e+00
1.335731e+03  3.232882e-03  4.563726e-03  2.663588e-03  1.603351e-03  1.408090e-03  4.234079e-04  1.429569e-03  2.091147e-04  4.169961e-04  2.956050e-04  5.341534e-03  0.000000e+00  1.331554e-03  8.039778e-05  0.000000e+00  0.000000e+00
1.498715e+03  1.923039e-03  3.473010e-03  2.129347e-03  2.077018e-03  1.809765e-03  9.174947e-04  1.807785e-03  4.935218e-04  5.243929e-04  4.455224e-04  2.493871e-03  5.869252e-05  1.242090e-03  0.000000e+00  0.000000e+00  1.073122e-04
1.681586e+03  1.411030e-03  3.145493e-03  1.977168e-03  1.404599e-03  1.659348e-03  3.501897e-04  9.932098e-04  5.591671e-04  3.751600e-04  3.468216e-04  2.874555e-03  0.000000e+00  6.103974e-04  1.041962e-04  0.000000e+00  3.074094e-05
1.886771e+03  1.641423e-03  2.624814e-03  2.059912e-03  1.457557e-03  1.586381e-03  4.593538e-04  1.001471e-03  4.639711e-04  2.084352e-04  4.653940e-04  1.389599e-03  1.048492e-04  1.385200e-05  2.726138e-04  2.091166e-05  0.000000e+00
2.116992e+03  9.319274e-04  2.366940e-03  1.147694e-03  1.136007e-03  9.344800e-04  2.403255e-04  8.896490e-04  3.817139e-04  2.213631e-04  3.258631e-04  9.720139e-04  8.669251e-05  3.161435e-04  1.397264e-05  0.000000e+00  1.397264e-05
2.375304e+03  8.880989e-04  1.317981e-03  1.439875e-03  1.836907e-03  1.004392e-03  6.681983e-04  7.821377e-04  2.287956e-04  1.003258e-04  2.272635e-04  9.592413e-04  1.084748e-05  0.000000e+00  7.367531e-05  0.000000e+00  8.768314e-05
2.665135e+03  5.166645e-04  1.240901e-03  9.978713e-04  1.869326e-03  6.015542e-04  2.183740e-04  5.864705e-04  4.728761e-04  1.531277e-04  2.336666e-04  6.822024e-04  1.143954e-04  1.171381e-04  6.860222e-05  0.000000e+00  7.956026e-05
2.990330e+03  3.888438e-04  8.164594e-04  7.962766e-04  1.199773e-03  4.451668e-04  4.873261e-04  4.339446e-04  4.081015e-04  4.113717e-04  4.315495e-04  4.432877e-04  1.471814e-04  0.000000e+00  7.249787e-05  0.000000e+00  1.077019e-04
3.355206e+03  1.925286e-04  1.004152e-03  9.955965e-04  1.595800e-03  2.717328e-04  5.033952e-04  1.426668e-04  3.778483e-04  1.650760e-04  2.845103e-04  2.288494e-04  8.070226e-05  2.314762e-05  4.662961e-05  0.000000e+00  1.550541e-05
3.764603e+03  1.376064e-04  5.179505e-04  8.354037e-04  9.704952e-04  1.841927e-04  5.568122e-04  1.020140e-04  1.942177e-04  3.059292e-04  3.468456e-04  2.978463e-04  1.007687e-04  5.961819e-06  5.302021e-05  0.000000e+00  1.942612e-04
4.223954e+03  7.896374e-05  2.102223e-04  4.210886e-04  7.741649e-04  1.571690e-04  2.020103e-04  1.777089e-04  3.325341e-04  2.133477e-04  3.415620e-04  1.727633e-04  1.263060e-04  0.000000e+00  8.764528e-05  0.000000e+00  1.347439e-04
4.739354e+03  3.865302e-05  3.327455e-04  4.433036e-04  8.436733e-04  1.310430e-04  3.580742e-04  5.477866e-05  2.278330e-04  1.456290e-04  1.863227e-04  1.497285e-04  5.806904e-05  8.325083e-06  2.896499e-05  0.000000e+00  1.004220e-04
5.317643e+03  3.030600e-05  3.203725e-04  4.365378e-04  4.759729e-04  8.608202e-05  3.520485e-04  4.095017e-05  3.092174e-04  1.653470e-04  2.748249e-04  1.984912e-04  7.628495e-05  0.000000e+00  1.004790e-04  0.000000e+00  8.559006e-05
5.966493e+03  6.642719e-05  1.855413e-04  2.751659e-04  4.222729e-04  6.634838e-05  2.135359e-04  9.472522e-05  2.448504e-04  1.467860e-04  1.535784e-04  2.126408e-05  5.592973e-05  0.000000e+00  3.775848e-05  0.000000e+00  4.270796e-05
6.694516e+03  3.848829e-06  1.636228e-04  2.139563e-04  3.095681e-04  5.739551e-05  4.553809e-04  6.643801e-05  2.285703e-04  1.364718e-04  1.411152e-04  1.349105e-04  4.574419e-05  0.000000e+00  3.893485e-05  0.000000e+00  7.721774e-06
7.511370e+03  3.110735e-05  1.442966e-04  1.426952e-04  1.733992e-04  3.118763e-05  3.037704e-04  5.238747e-05  2.331963e-04  1.880569e-05  1.056614e-04  4.332011e-05  5.114748e-05  0.000000e+00  1.921962e-05  0.000000e+00  1.072708e-04
8.427896e+03  2.204942e-05  1.383053e-04  6.964992e-05  1.927794e-04  3.710323e-05  3.261490e-04  3.514159e-05  2.520076e-04  4.691908e-05  6.716467e-05  2.944399e-05  8.311292e-05  0.000000e+00  1.213836e-05  0.000000e+00  8.287637e-05
9.456255e+03  0.000000e+00  3.660036e-05  5.449253e-05  2.238144e-04  2.270315e-05  1.967132e-04  3.128085e-06  1.307932e-04  5.858971e-05  3.977689e-05  8.929484e-05  1.278870e-04  0.000000e+00  3.999016e-05  0.000000e+00  1.654481e-05
1.061009e+04  0.000000e+00  5.900214e-05  2.937140e-05  1.354493e-04  1.928176e-05  1.668228e-04  6.879349e-05  5.825831e-05  1.794616e-05  6.672552e-05  6.933249e-05  2.500751e-05  0.000000e+00  2.428447e-06  0.000000e+00  4.905829e-05
1.190472e+04  0.000000e+00  7.963357e-06  4.342273e-06  8.277664e-05  0.000000e+00  8.801586e-05  1.885293e-06  3.713840e-05  4.328712e-06  6.296017e-05  4.577995e-05  9.596697e-06  0.000000e+00  2.721125e-05  0.000000e+00  5.571128e-05
1.335731e+04  0.000000e+00  4.082007e-05  2.838962e-05  7.747901e-05  0.000000e+00  5.495912e-05  2.542310e-06  3.183018e-05  1.117858e-05  3.767915e-05  4.278190e-05  2.580242e-05  0.000000e+00  0.000000e+00  0.000000e+00  4.265538e-05
1.498715e+04  0.000000e+00  1.092271e-05  5.869252e-06  3.079921e-05  0.000000e+00  4.117094e-05  0.000000e+00  2.106019e-05  9.721357e-06  1.503192e-05  3.947376e-06  1.108071e-05  0.000000e+00  3.692897e-06  0.000000e+00  4.105799e-05
1.681586e+04  0.000000e+00  1.452611e-05  1.532247e-06  1.653172e-05  0.000000e+00  5.970382e-05  1.334685e-06  1.730439e-05  0.000000e+00  5.230976e-06  4.064162e-06  5.093522e-06  0.000000e+00  3.873293e-05  0.000000e+00  3.182160e-05
1.886771e+04  0.000000e+00  1.381478e-05  0.000000e+00  1.095819e-05  0.000000e+00  3.627774e-05  0.000000e+00  1.864836e-05  0.000000e+00  0.000000e+00  2.178940e-05  1.399656e-05  0.000000e+00  1.890842e-05  0.000000e+00  5.060404e-05
2.116992e+04  0.000000e+00  1.060178e-06  0.000000e+00  2.151173e-05  0.000000e+00  2.664267e-06  0.000000e+00  8.778033e-06  0.000000e+00  0.000000e+00  0.000000e+00  7.102226e-06  0.000000e+00  2.053710e-05  0.000000e+00  8.778033e-06
2.375304e+04  0.000000e+00  0.000000e+00  0.000000e+00  9.448846e-07  0.000000e+00  1.459437e-05  2.176292e-06  5.341294e-06  0.000000e+00  6.133761e-06  7.697296e-06  2.169495e-06  0.000000e+00  0.000000e+00  0.000000e+00  2.118451e-05
2.665135e+04  0.000000e+00  1.939622e-06  0.000000e+00  6.266947e-06  0.000000e+00  0.000000e+00  0.000000e+00  0.000000e+00  0.000000e+00  1.480432e-06  0.000000e+00  0.000000e+00  0.000000e+00  0.000000e+00  0.000000e+00  1.939622e-06
2.990330e+04  0.000000e+00  0.000000e+00  0.000000e+00  5.416497e-06  0.000000e+00  0.000000e+00  0.000000e+00  0.000000e+00  0.000000e+00  0.000000e+00  0.000000e+00  9.659237e-06  0.000000e+00  1.035692e-05  0.000000e+00  7.738285e-06
3.355206e+04  0.000000e+00  0.000000e+00  0.000000e+00  0.000000e+00  0.000000e+00  0.000000e+00  0.000000e+00  0.000000e+00  0.000000e+00  0.000000e+00  0.000000e+00  8.816141e-07  0.000000e+00  1.337506e-06  0.000000e+00  2.351898e-06
3.764603e+04  0.000000e+00  0.000000e+00  0.000000e+00  2.336591e-06  0.000000e+00  0.000000e+00  0.000000e+00  0.000000e+00  0.000000e+00  0.000000e+00  0.000000e+00  4.302476e-06  0.000000e+00  2.336591e-06  0.000000e+00  5.961819e-07
4.223954e+04  0.000000e+00  0.000000e+00  0.000000e+00  1.617972e-06  0.000000e+00  0.000000e+00  0.000000e+00  7.080492e-06  0.000000e+00  0.000000e+00  0.000000e+00  6.527073e-06  0.000000e+00  0.000000e+00  0.000000e+00  0.000000e+00
4.739354e+04  0.000000e+00  0.000000e+00  0.000000e+00  0.000000e+00  0.000000e+00  0.000000e+00  0.000000e+00  4.735641e-07  0.000000e+00  0.000000e+00  0.000000e+00  1.915583e-06  0.000000e+00  3.417578e-06  0.000000e+00  0.000000e+00
5.317643e+04  0.000000e+00  0.000000e+00  0.000000e+00  0.000000e+00  0.000000e+00  0.000000e+00  0.000000e+00  0.000000e+00  0.000000e+00  0.000000e+00  0.000000e+00  0.000000e+00  0.000000e+00  0.000000e+00  0.000000e+00  0.000000e+00
5.966493e+04  0.000000e+00  0.000000e+00  0.000000e+00  0.000000e+00  0.000000e+00  0.000000e+00  0.000000e+00  0.000000e+00  0.000000e+00  0.000000e+00  0.000000e+00  0.000000e+00  0.000000e+00  0.000000e+00  0.000000e+00  0.000000e+00
6.694516e+04  0.000000e+00  0.000000e+00  0.000000e+00  0.000000e+00  0.000000e+00  0.000000e+00  0.000000e+00  0.000000e+00  0.000000e+00  0.000000e+00  0.000000e+00  0.000000e+00  0.000000e+00  0.000000e+00  0.000000e+00  2.230420e-06
7.511370e+04  0.000000e+00  0.000000e+00  0.000000e+00  0.000000e+00  0.000000e+00  0.000000e+00  0.000000e+00  0.000000e+00  0.000000e+00  0.000000e+00  0.000000e+00  0.000000e+00  0.000000e+00  0.000000e+00  0.000000e+00  1.880569e-06
8.427896e+04  0.000000e+00  0.000000e+00  0.000000e+00  0.000000e+00  0.000000e+00  0.000000e+00  0.000000e+00  0.000000e+00  0.000000e+00  0.000000e+00  0.000000e+00  0.000000e+00  0.000000e+00  0.000000e+00  0.000000e+00  0.000000e+00
9.456255e+04  0.000000e+00  0.000000e+00  0.000000e+00  0.000000e+00  0.000000e+00  0.000000e+00  0.000000e+00  0.000000e+00  0.000000e+00  0.000000e+00  0.000000e+00  0.000000e+00  0.000000e+00  0.000000e+00  0.000000e+00  0.000000e+00
1.061009e+05  0.000000e+00  0.000000e+00  0.000000e+00  0.000000e+00  0.000000e+00  0.000000e+00  0.000000e+00  0.000000e+00  0.000000e+00  0.000000e+00  0.000000e+00  0.000000e+00  0.000000e+00  0.000000e+00  0.000000e+00  0.000000e+00
1.190472e+05  0.000000e+00  0.000000e+00  0.000000e+00  0.000000e+00  0.000000e+00  0.000000e+00  0.000000e+00  0.000000e+00  0.000000e+00  0.000000e+00  0.000000e+00  0.000000e+00  0.000000e+00  0.000000e+00  0.000000e+00  0.000000e+00
1.335731e+05  0.000000e+00  0.000000e+00  0.000000e+00  0.000000e+00  0.000000e+00  0.000000e+00  0.000000e+00  0.000000e+00  0.000000e+00  0.000000e+00  0.000000e+00  0.000000e+00  0.000000e+00  0.000000e+00  0.000000e+00  0.000000e+00
1.498715e+05  0.000000e+00  0.000000e+00  0.000000e+00  0.000000e+00  0.000000e+00  0.000000e+00  0.000000e+00  0.000000e+00  0.000000e+00  0.000000e+00  0.000000e+00  0.000000e+00  0.000000e+00  0.000000e+00  0.000000e+00  0.000000e+00
1.681586e+05  0.000000e+00  0.000000e+00  0.000000e+00  0.000000e+00  0.000000e+00  0.000000e+00  0.000000e+00  0.000000e+00  0.000000e+00  0.000000e+00  0.000000e+00  0.000000e+00  0.000000e+00  0.000000e+00  0.000000e+00  0.000000e+00
1.886771e+05  0.000000e+00  0.000000e+00  0.000000e+00  0.000000e+00  0.000000e+00  0.000000e+00  0.000000e+00  0.000000e+00  0.000000e+00  0.000000e+00  0.000000e+00  0.000000e+00  0.000000e+00  0.000000e+00  0.000000e+00  0.000000e+00
2.116992e+05  0.000000e+00  0.000000e+00  0.000000e+00  0.000000e+00  0.000000e+00  0.000000e+00  0.000000e+00  0.000000e+00  0.000000e+00  0.000000e+00  0.000000e+00  0.000000e+00  0.000000e+00  0.000000e+00  0.000000e+00  0.000000e+00
2.375304e+05  0.000000e+00  0.000000e+00  0.000000e+00  0.000000e+00  0.000000e+00  0.000000e+00  0.000000e+00  0.000000e+00  0.000000e+00  0.000000e+00  0.000000e+00  0.000000e+00  0.000000e+00  0.000000e+00  0.000000e+00  0.000000e+00
2.665135e+05  0.000000e+00  0.000000e+00  0.000000e+00  0.000000e+00  0.000000e+00  0.000000e+00  0.000000e+00  0.000000e+00  0.000000e+00  0.000000e+00  0.000000e+00  0.000000e+00  0.000000e+00  0.000000e+00  0.000000e+00  0.000000e+00
2.990330e+05  0.000000e+00  0.000000e+00  0.000000e+00  0.000000e+00  0.000000e+00  0.000000e+00  0.000000e+00  0.000000e+00  0.000000e+00  0.000000e+00  0.000000e+00  0.000000e+00  0.000000e+00  0.000000e+00  0.000000e+00  0.000000e+00
3.355206e+05  0.000000e+00  0.000000e+00  0.000000e+00  0.000000e+00  0.000000e+00  0.000000e+00  0.000000e+00  0.000000e+00  0.000000e+00  0.000000e+00  0.000000e+00  0.000000e+00  0.000000e+00  0.000000e+00  0.000000e+00  0.000000e+00
3.764603e+05  0.000000e+00  0.000000e+00  0.000000e+00  0.000000e+00  0.000000e+00  0.000000e+00  0.000000e+00  0.000000e+00  0.000000e+00  0.000000e+00  0.000000e+00  0.000000e+00  0.000000e+00  0.000000e+00  0.000000e+00  0.000000e+00
4.223954e+05  0.000000e+00  0.000000e+00  0.000000e+00  0.000000e+00  0.000000e+00  0.000000e+00  0.000000e+00  0.000000e+00  0.000000e+00  0.000000e+00  0.000000e+00  0.000000e+00  0.000000e+00  0.000000e+00  0.000000e+00  0.000000e+00
4.739354e+05  0.000000e+00  0.000000e+00  0.000000e+00  0.000000e+00  0.000000e+00  0.000000e+00  0.000000e+00  0.000000e+00  0.000000e+00  0.000000e+00  0.000000e+00  0.000000e+00  0.000000e+00  0.000000e+00  0.000000e+00  0.000000e+00
5.317643e+05  0.000000e+00  0.000000e+00  0.000000e+00  0.000000e+00  0.000000e+00  0.000000e+00  0.000000e+00  0.000000e+00  0.000000e+00  0.000000e+00  0.000000e+00  0.000000e+00  0.000000e+00  0.000000e+00  0.000000e+00  0.000000e+00
5.966493e+05  0.000000e+00  0.000000e+00  0.000000e+00  0.000000e+00  0.000000e+00  0.000000e+00  0.000000e+00  0.000000e+00  0.000000e+00  0.000000e+00  0.000000e+00  0.000000e+00  0.000000e+00  0.000000e+00  0.000000e+00  0.000000e+00
6.694516e+05  0.000000e+00  0.000000e+00  0.000000e+00  0.000000e+00  0.000000e+00  0.000000e+00  0.000000e+00  0.000000e+00  0.000000e+00  0.000000e+00  0.000000e+00  0.000000e+00  0.000000e+00  0.000000e+00  0.000000e+00  0.000000e+00
7.511370e+05  0.000000e+00  0.000000e+00  0.000000e+00  0.000000e+00  0.000000e+00  0.000000e+00  0.000000e+00  0.000000e+00  0.000000e+00  0.000000e+00  0.000000e+00  0.000000e+00  0.000000e+00  0.000000e+00  0.000000e+00  0.000000e+00
8.427896e+05  0.000000e+00  0.000000e+00  0.000000e+00  0.000000e+00  0.000000e+00  0.000000e+00  0.000000e+00  0.000000e+00  0.000000e+00  0.000000e+00  0.000000e+00  0.000000e+00  0.000000e+00  0.000000e+00  0.000000e+00  0.000000e+00
9.456255e+05  0.000000e+00  0.000000e+00  0.000000e+00  0.000000e+00  0.000000e+00  0.000000e+00  0.000000e+00  0.000000e+00  0.000000e+00  0.000000e+00  0.000000e+00  0.000000e+00  0.000000e+00  0.000000e+00  0.000000e+00  0.000000e+00
