# dR/dEr [1/keV/kg/Myr]
# Er [keV], S, F, Ne, Cl, Na, Si, O, P, N, C, Al, Mg, Be, B, Ar, Li
1.061009e+01  7.930530e-02  7.725605e-02  0.000000e+00  0.000000e+00  5.552731e-02  0.000000e+00  4.802344e-03  0.000000e+00  0.000000e+00  0.000000e+00  0.000000e+00  0.000000e+00  8.520498e-03  0.000000e+00  0.000000e+00  0.000000e+00
1.190472e+01  1.810730e-02  2.240312e-02  0.000000e+00  0.000000e+00  5.828223e-03  0.000000e+00  0.000000e+00  0.000000e+00  0.000000e+00  0.000000e+00  0.000000e+00  0.000000e+00  0.000000e+00  0.000000e+00  0.000000e+00  0.000000e+00
1.335731e+01  2.816099e-02  9.958267e-03  0.000000e+00  0.000000e+00  0.000000e+00  0.000000e+00  0.000000e+00  0.000000e+00  0.000000e+00  0.000000e+00  0.000000e+00  0.000000e+00  0.000000e+00  0.000000e+00  0.000000e+00  0.000000e+00
1.498715e+01  6.671505e-03  2.160782e-02  0.000000e+00  0.000000e+00  8.148152e-03  0.000000e+00  1.056383e-03  0.000000e+00  0.000000e+00  0.000000e+00  0.000000e+00  0.000000e+00  0.000000e+00  0.000000e+00  0.000000e+00  0.000000e+00
1.681586e+01  1.650674e-02  1.307594e-02  2.356930e-03  0.000000e+00  4.758241e-03  9.415023e-04  0.000000e+00  0.000000e+00  0.000000e+00  0.000000e+00  0.000000e+00  0.000000e+00  0.000000e+00  0.000000e+00  0.000000e+00  0.000000e+00
1.886771e+01  1.123142e-02  1.219647e-02  0.000000e+00  0.000000e+00  2.100616e-03  0.000000e+00  0.000000e+00  0.000000e+00  0.000000e+00  0.000000e+00  0.000000e+00  0.000000e+00  0.000000e+00  0.000000e+00  0.000000e+00  0.000000e+00
2.116992e+01  1.371971e-02  2.003746e-02  0.000000e+00  0.000000e+00  2.298739e-03  0.000000e+00  9.903362e-04  0.000000e+00  0.000000e+00  0.000000e+00  1.069363e-02  0.000000e+00  0.000000e+00  0.000000e+00  0.000000e+00  0.000000e+00
2.375304e+01  2.484574e-02  4.183843e-03  5.307017e-03  0.000000e+00  1.192174e-02  0.000000e+00  1.668579e-03  0.000000e+00  0.000000e+00  0.000000e+00  0.000000e+00  0.000000e+00  0.000000e+00  0.000000e+00  0.000000e+00  0.000000e+00
2.665135e+01  2.686781e-02  2.382069e-02  7.866520e-04  3.094920e-03  1.234473e-03  0.000000e+00  0.000000e+00  7.611213e-03  0.000000e+00  0.000000e+00  0.000000e+00  0.000000e+00  0.000000e+00  0.000000e+00  0.000000e+00  0.000000e+00
2.990330e+01  2.705594e-02  1.045832e-02  9.285667e-04  0.000000e+00  1.531879e-02  0.000000e+00  1.230550e-03  0.000000e+00  0.000000e+00  0.000000e+00  6.103997e-03  0.000000e+00  8.110186e-03  0.000000e+00  0.000000e+00  0.000000e+00
3.355206e+01  3.296453e-02  1.213890e-02  1.087354e-03  0.000000e+00  2.075266e-03  0.000000e+00  6.124312e-03  0.000000e+00  0.000000e+00  0.000000e+00  8.217210e-03  0.000000e+00  1.806099e-02  0.000000e+00  0.000000e+00  0.000000e+00
3.764603e+01  4.764370e-02  2.581631e-02  6.501484e-04  5.569070e-04  1.357676e-02  0.000000e+00  2.879456e-03  0.000000e+00  0.000000e+00  0.000000e+00  0.000000e+00  0.000000e+00  8.814469e-04  0.000000e+00  0.000000e+00  0.000000e+00
4.223954e+01  4.140234e-02  2.000840e-02  5.658302e-03  0.000000e+00  8.113707e-03  0.000000e+00  1.535228e-03  0.000000e+00  0.000000e+00  0.000000e+00  7.470335e-03  0.000000e+00  1.772692e-02  0.000000e+00  0.000000e+00  0.000000e+00
4.739354e+01  4.621994e-02  1.718212e-02  4.423669e-04  1.212155e-03  3.435326e-03  0.000000e+00  1.586615e-03  0.000000e+00  0.000000e+00  0.000000e+00  0.000000e+00  0.000000e+00  1.410475e-02  0.000000e+00  0.000000e+00  0.000000e+00
5.317643e+01  4.597286e-02  8.574149e-03  1.086249e-03  0.000000e+00  1.484365e-02  0.000000e+00  2.099211e-03  0.000000e+00  0.000000e+00  0.000000e+00  4.257210e-03  0.000000e+00  0.000000e+00  0.000000e+00  0.000000e+00  0.000000e+00
5.966493e+01  5.121713e-02  2.556329e-02  1.215692e-03  6.167359e-04  1.104759e-02  0.000000e+00  9.427082e-03  0.000000e+00  0.000000e+00  0.000000e+00  4.094189e-03  0.000000e+00  3.075336e-03  0.000000e+00  0.000000e+00  0.000000e+00
6.694516e+01  6.191330e-02  2.271950e-02  2.059077e-03  0.000000e+00  7.683560e-03  0.000000e+00  1.824144e-03  0.000000e+00  3.094226e-03  0.000000e+00  2.524459e-03  0.000000e+00  4.755251e-02  0.000000e+00  0.000000e+00  0.000000e+00
7.511370e+01  6.623004e-02  2.585555e-02  4.810393e-03  6.964795e-04  6.238574e-03  0.000000e+00  1.619279e-03  0.000000e+00  0.000000e+00  0.000000e+00  3.181897e-03  0.000000e+00  1.522587e+01  0.000000e+00  0.000000e+00  0.000000e+00
8.427896e+01  7.812822e-02  2.495415e-02  1.173822e-03  4.018296e-03  7.150344e-03  0.000000e+00  5.874755e-03  0.000000e+00  0.000000e+00  0.000000e+00  0.000000e+00  0.000000e+00  1.814566e+01  0.000000e+00  0.000000e+00  0.000000e+00
9.456255e+01  7.634563e-02  2.038921e-02  3.166673e-03  8.075384e-04  1.362644e-02  0.000000e+00  1.155846e-03  0.000000e+00  2.331358e-03  0.000000e+00  1.408138e-04  0.000000e+00  1.396987e+01  0.000000e+00  0.000000e+00  0.000000e+00
1.061009e+02  8.299141e-02  3.071547e-02  4.270889e-03  3.872061e-04  9.486636e-03  0.000000e+00  1.874488e-03  0.000000e+00  0.000000e+00  2.302332e-03  2.758664e-03  0.000000e+00  1.034384e+01  0.000000e+00  0.000000e+00  0.000000e+00
1.190472e+02  8.752665e-02  3.870528e-02  3.089825e-03  1.319344e-03  1.702905e-02  0.000000e+00  1.687652e-03  0.000000e+00  1.329907e-04  1.419607e-03  8.904193e+00  0.000000e+00  7.753775e+00  0.000000e+00  2.053271e-03  0.000000e+00
1.335731e+02  1.023967e-01  3.737884e-02  4.662336e-03  1.832367e-04  1.116384e-02  0.000000e+00  1.516325e-03  0.000000e+00  0.000000e+00  0.000000e+00  7.589911e+00  0.000000e+00  5.798970e+00  0.000000e+00  0.000000e+00  0.000000e+00
1.498715e+02  2.347791e-01  4.332529e-02  1.606271e-03  6.419131e-04  5.363131e-03  0.000000e+00  7.402921e-03  0.000000e+00  9.345631e-04  1.655089e-03  5.698741e+00  0.000000e+00  4.357300e+00  0.000000e+00  0.000000e+00  0.000000e+00
1.681586e+02  3.296464e-01  5.119314e-02  2.961527e-03  4.758241e-04  8.283282e-03  7.918541e-05  5.762005e-03  0.000000e+00  1.579247e-03  0.000000e+00  4.455627e+00  0.000000e+00  3.143224e+00  0.000000e+00  0.000000e+00  0.000000e+00
1.886771e+02  2.042248e-01  4.774785e-02  2.686655e-03  4.529518e-04  1.133725e-02  1.950290e-04  6.370627e-03  1.468052e-04  1.468052e-04  0.000000e+00  3.210116e+00  0.000000e+00  2.232773e+00  0.000000e+00  0.000000e+00  0.000000e+00
2.116992e+02  9.663131e-02  6.449752e-02  2.947612e-03  2.158082e-03  7.837658e-03  1.308403e-04  3.187447e-03  0.000000e+00  0.000000e+00  6.289920e-05  2.584969e+00  0.000000e+00  1.587744e+00  0.000000e+00  1.156145e-04  0.000000e+00
2.375304e+02  7.118282e-02  2.593503e-01  4.201045e-03  1.795783e-03  9.856690e-03  5.024637e-05  6.176259e-03  3.815566e-04  0.000000e+00  6.665326e-05  1.921518e+00  0.000000e+00  1.205023e+00  0.000000e+00  2.629046e-04  0.000000e+00
2.665135e+02  6.053944e-02  2.187646e-01  3.991501e-03  2.036374e-03  1.356865e-02  1.368898e-04  4.193482e-03  0.000000e+00  1.039301e-04  8.268337e-04  1.372146e+00  0.000000e+00  7.881840e-01  0.000000e+00  0.000000e+00  0.000000e+00
2.990330e+02  4.465292e-02  4.083862e-02  2.039976e-03  9.348407e-04  1.050814e-02  5.285508e-04  5.986167e-03  6.037106e-05  1.109676e-04  7.372401e-04  1.067602e+00  0.000000e+00  5.762254e-01  0.000000e+00  0.000000e+00  0.000000e+00
3.355206e+02  4.099764e-02  4.047964e-02  2.533554e-03  1.574807e-03  9.708698e-03  8.255463e-05  3.787988e-03  7.114341e-05  6.248599e-05  7.495339e-04  7.886508e-01  5.468807e-04  4.213667e-01  0.000000e+00  0.000000e+00  1.841496e-04
3.764603e+02  2.878611e-02  2.931857e-02  4.596564e-03  2.116141e-03  9.176182e-03  1.527677e-03  3.297149e-03  0.000000e+00  9.691057e-05  0.000000e+00  5.121166e-01  0.000000e+00  2.931383e-01  0.000000e+00  0.000000e+00  0.000000e+00
4.223954e+02  1.865973e-02  2.932186e-02  1.951952e-03  1.785750e-03  9.383012e-03  9.237382e-05  3.549300e-03  8.557457e-04  1.083149e-04  4.580443e-04  3.792668e-01  0.000000e+00  1.541394e-01  0.000000e+00  5.794454e-05  0.000000e+00
4.739354e+02  1.748966e-02  2.517781e-02  3.090817e-03  1.884689e-03  7.997762e-03  5.596646e-04  6.335731e-03  4.808765e-04  4.280099e-04  0.000000e+00  2.587120e-01  0.000000e+00  1.140136e-01  4.280099e-04  0.000000e+00  0.000000e+00
5.317643e+02  1.570609e-02  2.105070e-02  4.965400e-03  1.073532e-03  6.389727e-03  2.056705e-04  2.769856e-03  6.866011e-04  4.954229e-04  6.329229e-04  2.206101e-01  0.000000e+00  8.083706e-02  2.504062e-05  1.174352e-04  0.000000e+00
5.966493e+02  1.469780e-02  1.921228e-02  4.422460e-03  3.557966e-03  6.457073e-03  6.572099e-04  4.674099e-03  5.540493e-04  2.310928e-04  4.064722e-04  1.443509e-01  0.000000e+00  5.582601e-02  0.000000e+00  5.561554e-05  0.000000e+00
6.694516e+02  1.227441e-02  1.813856e-02  5.386751e-03  3.715093e-03  6.772426e-03  3.996560e-04  4.114595e-03  1.933820e-04  1.137002e-04  3.330720e-04  9.830784e-02  0.000000e+00  3.573818e-02  0.000000e+00  0.000000e+00  0.000000e+00
7.511370e+02  9.594985e-03  1.276129e-02  3.614473e-03  2.729383e-03  4.385757e-03  4.067117e-04  3.118901e-03  3.899669e-04  3.411204e-04  2.601719e-04  6.773554e-02  0.000000e+00  2.546364e-02  0.000000e+00  0.000000e+00  0.000000e+00
8.427896e+02  7.811833e-03  1.237613e-02  3.539796e-03  1.768492e-03  5.471870e-03  9.068850e-05  3.201073e-03  6.816448e-05  2.517858e-04  8.730122e-04  3.726668e-02  0.000000e+00  1.453610e-02  0.000000e+00  1.743225e-04  0.000000e+00
9.456255e+02  7.041080e-03  9.082745e-03  4.308138e-03  1.968300e-03  4.733238e-03  4.503247e-04  3.148851e-03  2.493186e-04  0.000000e+00  6.188682e-04  3.237768e-02  8.722670e-05  8.856084e-03  0.000000e+00  0.000000e+00  0.000000e+00
1.061009e+03  6.230284e-03  6.030497e-03  4.451705e-03  2.770232e-03  4.319442e-03  3.040331e-04  2.924282e-03  3.139776e-04  6.926472e-04  2.829393e-04  2.231378e-02  0.000000e+00  4.071575e-03  2.729733e-04  1.729389e-04  0.000000e+00
1.190472e+03  4.610403e-03  5.313045e-03  3.769305e-03  2.815086e-03  2.093732e-03  3.250871e-04  2.069287e-03  8.546301e-04  2.280957e-04  1.200959e-03  1.490617e-02  0.000000e+00  2.700437e-03  0.000000e+00  0.000000e+00  0.000000e+00
1.335731e+03  4.190488e-03  5.916425e-03  3.504186e-03  2.080134e-03  1.906188e-03  5.361776e-04  1.939034e-03  2.463872e-04  4.959942e-04  3.591959e-04  6.696192e-03  0.000000e+00  1.718657e-03  1.099901e-04  0.000000e+00  0.000000e+00
1.498715e+03  2.549881e-03  4.449398e-03  2.748347e-03  2.738756e-03  2.308612e-03  1.173968e-03  2.398447e-03  6.248575e-04  6.575092e-04  5.571610e-04  3.179328e-03  7.232866e-05  1.666777e-03  0.000000e+00  0.000000e+00  1.276007e-04
1.681586e+03  1.820843e-03  4.081803e-03  2.582690e-03  1.840257e-03  2.231130e-03  4.480726e-04  1.312674e-03  7.182589e-04  4.925531e-04  4.633174e-04  3.692084e-03  0.000000e+00  8.021856e-04  1.335670e-04  0.000000e+00  3.674267e-05
1.886771e+03  2.119372e-03  3.362196e-03  2.685952e-03  1.948639e-03  2.086207e-03  5.825921e-04  1.347234e-03  6.015447e-04  2.645243e-04  5.940185e-04  1.805091e-03  1.396495e-04  1.933620e-05  3.552581e-04  2.395714e-05  0.000000e+00
2.116992e+03  1.219397e-03  3.120214e-03  1.497315e-03  1.491400e-03  1.189773e-03  3.054279e-04  1.179723e-03  4.692799e-04  2.732035e-04  4.125800e-04  1.266551e-03  1.125740e-04  4.011344e-04  1.156145e-05  0.000000e+00  1.156145e-05
2.375304e+03  1.144297e-03  1.708460e-03  1.872545e-03  2.422052e-03  1.322283e-03  8.722459e-04  1.047470e-03  2.779649e-04  1.341257e-04  2.646013e-04  1.233889e-03  7.600266e-06  0.000000e+00  9.530706e-05  0.000000e+00  1.084473e-04
2.665135e+03  6.746529e-04  1.605562e-03  1.295773e-03  2.461797e-03  7.633861e-04  2.754382e-04  7.647828e-04  6.177515e-04  1.865877e-04  3.047531e-04  8.815692e-04  1.479483e-04  1.415196e-04  9.099778e-05  0.000000e+00  1.040849e-04
2.990330e+03  4.897656e-04  1.031037e-03  1.006841e-03  1.589249e-03  5.653735e-04  6.299756e-04  5.740147e-04  5.132623e-04  5.190080e-04  5.607669e-04  5.752103e-04  1.859110e-04  0.000000e+00  9.219862e-05  0.000000e+00  1.413040e-04
3.355206e+03  2.400804e-04  1.305437e-03  1.295464e-03  2.102227e-03  3.499027e-04  6.405735e-04  1.856526e-04  4.621152e-04  1.976786e-04  3.597213e-04  2.872665e-04  1.020146e-04  3.188361e-05  5.440193e-05  0.000000e+00  1.126346e-05
3.764603e+03  1.678895e-04  6.539248e-04  1.057248e-03  1.260448e-03  2.359661e-04  7.075542e-04  1.326218e-04  2.391062e-04  3.763252e-04  4.469191e-04  3.688191e-04  1.262761e-04  3.537082e-06  6.740238e-05  0.000000e+00  2.506283e-04
4.223954e+03  9.174321e-05  2.759150e-04  5.426224e-04  1.005019e-03  1.981671e-04  2.541933e-04  2.267754e-04  4.092185e-04  2.679858e-04  4.273794e-04  2.235709e-04  1.477926e-04  0.000000e+00  1.103788e-04  0.000000e+00  1.654024e-04
4.739354e+03  5.042967e-05  4.198354e-04  5.660035e-04  1.085519e-03  1.665165e-04  4.452345e-04  6.961346e-05  2.848472e-04  1.777072e-04  2.411171e-04  1.951000e-04  7.255337e-05  9.537510e-06  3.316315e-05  0.000000e+00  1.189607e-04
5.317643e+03  3.815326e-05  4.122953e-04  5.623869e-04  6.129192e-04  1.051600e-04  4.383539e-04  4.765630e-05  4.025521e-04  2.173750e-04  3.459004e-04  2.490757e-04  9.381708e-05  0.000000e+00  1.290589e-04  0.000000e+00  1.107347e-04
5.966493e+03  8.141644e-05  2.409043e-04  3.460475e-04  5.303322e-04  8.362159e-05  2.717977e-04  1.150312e-04  3.224937e-04  1.844318e-04  1.905052e-04  2.649029e-05  6.512178e-05  0.000000e+00  4.851780e-05  0.000000e+00  5.298955e-05
6.694516e+03  2.696676e-06  2.062444e-04  2.744031e-04  4.027899e-04  6.983798e-05  5.807532e-04  8.383161e-05  2.835033e-04  1.693574e-04  1.814204e-04  1.732405e-04  6.213200e-05  0.000000e+00  4.762749e-05  0.000000e+00  9.229342e-06
7.511370e+03  3.885973e-05  1.828028e-04  1.777016e-04  2.190511e-04  4.060130e-05  3.833529e-04  6.702771e-05  2.912926e-04  2.548422e-05  1.288724e-04  5.013857e-05  6.540909e-05  0.000000e+00  2.062190e-05  0.000000e+00  1.387799e-04
8.427896e+03  2.898464e-05  1.795948e-04  8.854781e-05  2.425972e-04  4.773833e-05  4.207446e-04  4.484832e-05  3.319370e-04  6.148447e-05  8.435320e-05  4.010498e-05  1.018707e-04  0.000000e+00  1.372427e-05  0.000000e+00  9.816365e-05
9.456255e+03  0.000000e+00  4.539843e-05  6.622768e-05  2.845201e-04  2.955256e-05  2.518483e-04  2.588287e-06  1.682516e-04  7.123229e-05  5.205142e-05  1.099221e-04  1.582856e-04  0.000000e+00  5.037110e-05  0.000000e+00  1.930253e-05
1.061009e+04  0.000000e+00  7.025298e-05  3.674887e-05  1.727196e-04  2.364341e-05  2.164787e-04  8.665336e-05  7.391691e-05  2.033089e-05  8.199577e-05  8.906299e-05  3.396971e-05  0.000000e+00  1.701488e-06  0.000000e+00  5.644767e-05
1.190472e+04  0.000000e+00  7.369353e-06  5.190040e-06  1.045829e-04  0.000000e+00  1.106793e-04  1.118524e-06  4.560056e-05  3.032905e-06  8.002219e-05  5.763995e-05  1.170741e-05  0.000000e+00  3.480022e-05  0.000000e+00  6.752050e-05
1.335731e+04  0.000000e+00  5.174108e-05  3.733228e-05  9.745024e-05  0.000000e+00  6.720495e-05  2.484255e-06  4.116085e-05  1.282966e-05  5.053258e-05  5.491374e-05  3.021729e-05  0.000000e+00  0.000000e+00  0.000000e+00  5.120033e-05
1.498715e+04  0.000000e+00  1.366084e-05  7.232866e-06  3.702671e-05  0.000000e+00  5.047073e-05  0.000000e+00  2.696796e-05  1.224313e-05  1.931529e-05  3.266198e-06  1.447994e-05  0.000000e+00  2.837660e-06  0.000000e+00  5.164351e-05
1.681586e+04  0.000000e+00  1.779771e-05  1.073566e-06  1.957933e-05  0.000000e+00  7.398423e-05  7.918541e-07  2.180617e-05  0.000000e+00  6.446298e-06  4.905118e-06  5.647581e-06  0.000000e+00  4.808536e-05  0.000000e+00  3.834562e-05
1.886771e+04  0.000000e+00  1.703186e-05  0.000000e+00  1.321558e-05  0.000000e+00  4.552653e-05  0.000000e+00  2.386633e-05  0.000000e+00  0.000000e+00  2.828964e-05  1.745321e-05  0.000000e+00  2.378960e-05  0.000000e+00  6.232138e-05
2.116992e+04  0.000000e+00  6.289920e-07  0.000000e+00  2.758940e-05  0.000000e+00  2.196451e-06  0.000000e+00  1.153899e-05  0.000000e+00  0.000000e+00  0.000000e+00  9.581949e-06  0.000000e+00  2.619168e-05  0.000000e+00  1.153899e-05
2.375304e+04  0.000000e+00  0.000000e+00  0.000000e+00  5.605897e-07  0.000000e+00  1.833520e-05  2.601182e-06  6.654061e-06  0.000000e+00  7.724895e-06  1.021012e-05  1.520053e-06  0.000000e+00  0.000000e+00  0.000000e+00  2.671764e-05
2.665135e+04  0.000000e+00  2.318306e-06  0.000000e+00  7.859804e-06  0.000000e+00  0.000000e+00  0.000000e+00  0.000000e+00  0.000000e+00  1.696036e-06  0.000000e+00  0.000000e+00  0.000000e+00  0.000000e+00  0.000000e+00  2.318306e-06
2.990330e+04  0.000000e+00  0.000000e+00  0.000000e+00  6.927108e-06  0.000000e+00  0.000000e+00  0.000000e+00  0.000000e+00  0.000000e+00  0.000000e+00  0.000000e+00  1.221262e-05  0.000000e+00  1.339569e-05  0.000000e+00  9.041567e-06
3.355206e+04  0.000000e+00  0.000000e+00  0.000000e+00  0.000000e+00  0.000000e+00  0.000000e+00  0.000000e+00  0.000000e+00  0.000000e+00  0.000000e+00  0.000000e+00  7.294785e-07  0.000000e+00  1.861222e-06  0.000000e+00  2.694418e-06
3.764603e+04  0.000000e+00  0.000000e+00  0.000000e+00  2.879456e-06  0.000000e+00  0.000000e+00  0.000000e+00  0.000000e+00  0.000000e+00  0.000000e+00  0.000000e+00  5.502398e-06  0.000000e+00  2.879456e-06  0.000000e+00  3.537082e-07
4.223954e+04  0.000000e+00  0.000000e+00  0.000000e+00  1.952762e-06  0.000000e+00  0.000000e+00  0.000000e+00  9.360507e-06  0.000000e+00  0.000000e+00  0.000000e+00  7.897729e-06  0.000000e+00  0.000000e+00  0.000000e+00  0.000000e+00
4.739354e+04  0.000000e+00  0.000000e+00  0.000000e+00  0.000000e+00  0.000000e+00  0.000000e+00  0.000000e+00  2.809604e-07  0.000000e+00  0.000000e+00  0.000000e+00  2.021362e-06  0.000000e+00  4.370710e-06  0.000000e+00  0.000000e+00
5.317643e+04  0.000000e+00  0.000000e+00  0.000000e+00  0.000000e+00  0.000000e+00  0.000000e+00  0.000000e+00  0.000000e+00  0.000000e+00  0.000000e+00  0.000000e+00  0.000000e+00  0.000000e+00  0.000000e+00  0.000000e+00  0.000000e+00
5.966493e+04  0.000000e+00  0.000000e+00  0.000000e+00  0.000000e+00  0.000000e+00  0.000000e+00  0.000000e+00  0.000000e+00  0.000000e+00  0.000000e+00  0.000000e+00  0.000000e+00  0.000000e+00  0.000000e+00  0.000000e+00  0.000000e+00
6.694516e+04  0.000000e+00  0.000000e+00  0.000000e+00  0.000000e+00  0.000000e+00  0.000000e+00  0.000000e+00  0.000000e+00  0.000000e+00  0.000000e+00  0.000000e+00  0.000000e+00  0.000000e+00  0.000000e+00  0.000000e+00  2.559855e-06
7.511370e+04  0.000000e+00  0.000000e+00  0.000000e+00  0.000000e+00  0.000000e+00  0.000000e+00  0.000000e+00  0.000000e+00  0.000000e+00  0.000000e+00  0.000000e+00  0.000000e+00  0.000000e+00  0.000000e+00  0.000000e+00  2.548422e-06
8.427896e+04  0.000000e+00  0.000000e+00  0.000000e+00  0.000000e+00  0.000000e+00  0.000000e+00  0.000000e+00  0.000000e+00  0.000000e+00  0.000000e+00  0.000000e+00  0.000000e+00  0.000000e+00  0.000000e+00  0.000000e+00  0.000000e+00
9.456255e+04  0.000000e+00  0.000000e+00  0.000000e+00  0.000000e+00  0.000000e+00  0.000000e+00  0.000000e+00  0.000000e+00  0.000000e+00  0.000000e+00  0.000000e+00  0.000000e+00  0.000000e+00  0.000000e+00  0.000000e+00  0.000000e+00
1.061009e+05  0.000000e+00  0.000000e+00  0.000000e+00  0.000000e+00  0.000000e+00  0.000000e+00  0.000000e+00  0.000000e+00  0.000000e+00  0.000000e+00  0.000000e+00  0.000000e+00  0.000000e+00  0.000000e+00  0.000000e+00  0.000000e+00
1.190472e+05  0.000000e+00  0.000000e+00  0.000000e+00  0.000000e+00  0.000000e+00  0.000000e+00  0.000000e+00  0.000000e+00  0.000000e+00  0.000000e+00  0.000000e+00  0.000000e+00  0.000000e+00  0.000000e+00  0.000000e+00  0.000000e+00
1.335731e+05  0.000000e+00  0.000000e+00  0.000000e+00  0.000000e+00  0.000000e+00  0.000000e+00  0.000000e+00  0.000000e+00  0.000000e+00  0.000000e+00  0.000000e+00  0.000000e+00  0.000000e+00  0.000000e+00  0.000000e+00  0.000000e+00
1.498715e+05  0.000000e+00  0.000000e+00  0.000000e+00  0.000000e+00  0.000000e+00  0.000000e+00  0.000000e+00  0.000000e+00  0.000000e+00  0.000000e+00  0.000000e+00  0.000000e+00  0.000000e+00  0.000000e+00  0.000000e+00  0.000000e+00
1.681586e+05  0.000000e+00  0.000000e+00  0.000000e+00  0.000000e+00  0.000000e+00  0.000000e+00  0.000000e+00  0.000000e+00  0.000000e+00  0.000000e+00  0.000000e+00  0.000000e+00  0.000000e+00  0.000000e+00  0.000000e+00  0.000000e+00
1.886771e+05  0.000000e+00  0.000000e+00  0.000000e+00  0.000000e+00  0.000000e+00  0.000000e+00  0.000000e+00  0.000000e+00  0.000000e+00  0.000000e+00  0.000000e+00  0.000000e+00  0.000000e+00  0.000000e+00  0.000000e+00  0.000000e+00
2.116992e+05  0.000000e+00  0.000000e+00  0.000000e+00  0.000000e+00  0.000000e+00  0.000000e+00  0.000000e+00  0.000000e+00  0.000000e+00  0.000000e+00  0.000000e+00  0.000000e+00  0.000000e+00  0.000000e+00  0.000000e+00  0.000000e+00
2.375304e+05  0.000000e+00  0.000000e+00  0.000000e+00  0.000000e+00  0.000000e+00  0.000000e+00  0.000000e+00  0.000000e+00  0.000000e+00  0.000000e+00  0.000000e+00  0.000000e+00  0.000000e+00  0.000000e+00  0.000000e+00  0.000000e+00
2.665135e+05  0.000000e+00  0.000000e+00  0.000000e+00  0.000000e+00  0.000000e+00  0.000000e+00  0.000000e+00  0.000000e+00  0.000000e+00  0.000000e+00  0.000000e+00  0.000000e+00  0.000000e+00  0.000000e+00  0.000000e+00  0.000000e+00
2.990330e+05  0.000000e+00  0.000000e+00  0.000000e+00  0.000000e+00  0.000000e+00  0.000000e+00  0.000000e+00  0.000000e+00  0.000000e+00  0.000000e+00  0.000000e+00  0.000000e+00  0.000000e+00  0.000000e+00  0.000000e+00  0.000000e+00
3.355206e+05  0.000000e+00  0.000000e+00  0.000000e+00  0.000000e+00  0.000000e+00  0.000000e+00  0.000000e+00  0.000000e+00  0.000000e+00  0.000000e+00  0.000000e+00  0.000000e+00  0.000000e+00  0.000000e+00  0.000000e+00  0.000000e+00
3.764603e+05  0.000000e+00  0.000000e+00  0.000000e+00  0.000000e+00  0.000000e+00  0.000000e+00  0.000000e+00  0.000000e+00  0.000000e+00  0.000000e+00  0.000000e+00  0.000000e+00  0.000000e+00  0.000000e+00  0.000000e+00  0.000000e+00
4.223954e+05  0.000000e+00  0.000000e+00  0.000000e+00  0.000000e+00  0.000000e+00  0.000000e+00  0.000000e+00  0.000000e+00  0.000000e+00  0.000000e+00  0.000000e+00  0.000000e+00  0.000000e+00  0.000000e+00  0.000000e+00  0.000000e+00
4.739354e+05  0.000000e+00  0.000000e+00  0.000000e+00  0.000000e+00  0.000000e+00  0.000000e+00  0.000000e+00  0.000000e+00  0.000000e+00  0.000000e+00  0.000000e+00  0.000000e+00  0.000000e+00  0.000000e+00  0.000000e+00  0.000000e+00
5.317643e+05  0.000000e+00  0.000000e+00  0.000000e+00  0.000000e+00  0.000000e+00  0.000000e+00  0.000000e+00  0.000000e+00  0.000000e+00  0.000000e+00  0.000000e+00  0.000000e+00  0.000000e+00  0.000000e+00  0.000000e+00  0.000000e+00
5.966493e+05  0.000000e+00  0.000000e+00  0.000000e+00  0.000000e+00  0.000000e+00  0.000000e+00  0.000000e+00  0.000000e+00  0.000000e+00  0.000000e+00  0.000000e+00  0.000000e+00  0.000000e+00  0.000000e+00  0.000000e+00  0.000000e+00
6.694516e+05  0.000000e+00  0.000000e+00  0.000000e+00  0.000000e+00  0.000000e+00  0.000000e+00  0.000000e+00  0.000000e+00  0.000000e+00  0.000000e+00  0.000000e+00  0.000000e+00  0.000000e+00  0.000000e+00  0.000000e+00  0.000000e+00
7.511370e+05  0.000000e+00  0.000000e+00  0.000000e+00  0.000000e+00  0.000000e+00  0.000000e+00  0.000000e+00  0.000000e+00  0.000000e+00  0.000000e+00  0.000000e+00  0.000000e+00  0.000000e+00  0.000000e+00  0.000000e+00  0.000000e+00
8.427896e+05  0.000000e+00  0.000000e+00  0.000000e+00  0.000000e+00  0.000000e+00  0.000000e+00  0.000000e+00  0.000000e+00  0.000000e+00  0.000000e+00  0.000000e+00  0.000000e+00  0.000000e+00  0.000000e+00  0.000000e+00  0.000000e+00
9.456255e+05  0.000000e+00  0.000000e+00  0.000000e+00  0.000000e+00  0.000000e+00  0.000000e+00  0.000000e+00  0.000000e+00  0.000000e+00  0.000000e+00  0.000000e+00  0.000000e+00  0.000000e+00  0.000000e+00  0.000000e+00  0.000000e+00
