# dR/dEr [1/keV/kg/Myr]
# Er [keV], S, F, Ne, Cl, Na, Si, O, P, N, C, Al, Mg, Be, B, Ar, Li
1.061009e+01  4.950658e-02  4.847274e-02  0.000000e+00  0.000000e+00  3.418124e-02  0.000000e+00  4.042313e-03  0.000000e+00  0.000000e+00  0.000000e+00  0.000000e+00  0.000000e+00  6.862498e-03  0.000000e+00  0.000000e+00  0.000000e+00
1.190472e+01  1.023136e-02  1.397964e-02  0.000000e+00  0.000000e+00  3.294393e-03  0.000000e+00  0.000000e+00  0.000000e+00  0.000000e+00  0.000000e+00  0.000000e+00  0.000000e+00  0.000000e+00  0.000000e+00  0.000000e+00  0.000000e+00
1.335731e+01  1.695584e-02  6.401554e-03  0.000000e+00  0.000000e+00  0.000000e+00  0.000000e+00  0.000000e+00  0.000000e+00  0.000000e+00  0.000000e+00  0.000000e+00  0.000000e+00  0.000000e+00  0.000000e+00  0.000000e+00  0.000000e+00
1.498715e+01  3.769570e-03  1.300760e-02  0.000000e+00  0.000000e+00  5.459274e-03  0.000000e+00  5.959169e-04  0.000000e+00  0.000000e+00  0.000000e+00  0.000000e+00  0.000000e+00  0.000000e+00  0.000000e+00  0.000000e+00  0.000000e+00
1.681586e+01  9.326671e-03  7.552129e-03  1.331186e-03  0.000000e+00  2.690397e-03  5.311115e-04  0.000000e+00  0.000000e+00  0.000000e+00  0.000000e+00  0.000000e+00  0.000000e+00  0.000000e+00  0.000000e+00  0.000000e+00  0.000000e+00
1.886771e+01  6.344737e-03  6.994131e-03  0.000000e+00  0.000000e+00  1.186421e-03  0.000000e+00  0.000000e+00  0.000000e+00  0.000000e+00  0.000000e+00  0.000000e+00  0.000000e+00  0.000000e+00  0.000000e+00  0.000000e+00  0.000000e+00
2.116992e+01  8.268266e-03  1.189372e-02  0.000000e+00  0.000000e+00  1.298719e-03  0.000000e+00  5.591440e-04  0.000000e+00  0.000000e+00  0.000000e+00  6.852884e-03  0.000000e+00  0.000000e+00  0.000000e+00  0.000000e+00  0.000000e+00
2.375304e+01  1.507600e-02  2.364523e-03  3.079857e-03  0.000000e+00  6.994012e-03  0.000000e+00  9.424073e-04  0.000000e+00  0.000000e+00  0.000000e+00  0.000000e+00  0.000000e+00  0.000000e+00  0.000000e+00  0.000000e+00  0.000000e+00
2.665135e+01  1.577261e-02  1.461368e-02  4.441438e-04  2.230054e-03  6.965998e-04  0.000000e+00  0.000000e+00  4.531593e-03  0.000000e+00  0.000000e+00  0.000000e+00  0.000000e+00  0.000000e+00  0.000000e+00  0.000000e+00  0.000000e+00
2.990330e+01  1.748401e-02  5.931541e-03  5.236675e-04  0.000000e+00  9.804976e-03  0.000000e+00  6.945096e-04  0.000000e+00  0.000000e+00  0.000000e+00  4.519005e-03  0.000000e+00  4.982718e-03  0.000000e+00  0.000000e+00  0.000000e+00
3.355206e+01  1.915037e-02  7.393616e-03  6.155660e-04  0.000000e+00  1.172232e-03  0.000000e+00  3.570742e-03  0.000000e+00  0.000000e+00  0.000000e+00  5.389909e-03  0.000000e+00  1.183086e-02  0.000000e+00  0.000000e+00  0.000000e+00
3.764603e+01  2.850657e-02  1.633354e-02  7.392714e-04  3.144298e-04  8.428092e-03  0.000000e+00  2.012188e-03  0.000000e+00  0.000000e+00  0.000000e+00  0.000000e+00  0.000000e+00  8.458474e-04  0.000000e+00  0.000000e+00  0.000000e+00
4.223954e+01  2.483212e-02  1.231423e-02  3.569331e-03  0.000000e+00  4.632041e-03  0.000000e+00  1.176741e-03  0.000000e+00  0.000000e+00  0.000000e+00  5.006136e-03  0.000000e+00  1.148558e-02  0.000000e+00  0.000000e+00  0.000000e+00
4.739354e+01  2.718938e-02  9.785527e-03  2.497604e-04  6.855478e-04  2.211059e-03  0.000000e+00  8.956925e-04  0.000000e+00  0.000000e+00  0.000000e+00  0.000000e+00  0.000000e+00  9.163571e-03  0.000000e+00  0.000000e+00  0.000000e+00
5.317643e+01  2.673957e-02  5.103335e-03  6.131507e-04  0.000000e+00  9.353680e-03  0.000000e+00  1.184877e-03  0.000000e+00  0.000000e+00  0.000000e+00  2.728182e-03  0.000000e+00  0.000000e+00  0.000000e+00  0.000000e+00  0.000000e+00
5.966493e+01  2.987664e-02  1.556487e-02  6.863388e-04  3.480793e-04  7.114879e-03  0.000000e+00  6.289497e-03  0.000000e+00  0.000000e+00  0.000000e+00  2.548010e-03  0.000000e+00  2.063044e-03  0.000000e+00  0.000000e+00  0.000000e+00
6.694516e+01  3.608084e-02  1.394976e-02  1.162880e-03  0.000000e+00  4.789965e-03  0.000000e+00  1.222179e-03  0.000000e+00  2.027122e-03  0.000000e+00  1.481097e-03  0.000000e+00  2.967405e-02  0.000000e+00  0.000000e+00  0.000000e+00
7.511370e+01  3.884509e-02  1.550252e-02  2.996561e-03  3.938643e-04  3.794659e-03  0.000000e+00  9.159553e-04  0.000000e+00  0.000000e+00  0.000000e+00  2.007182e-03  0.000000e+00  9.676755e+00  0.000000e+00  0.000000e+00  0.000000e+00
8.427896e+01  4.513793e-02  1.465304e-02  6.632894e-04  2.492414e-03  4.424601e-03  0.000000e+00  3.472356e-03  0.000000e+00  0.000000e+00  0.000000e+00  0.000000e+00  0.000000e+00  1.152028e+01  0.000000e+00  0.000000e+00  0.000000e+00
9.456255e+01  4.458614e-02  1.217103e-02  1.841090e-03  4.563173e-04  8.403020e-03  0.000000e+00  7.918710e-04  0.000000e+00  1.659909e-03  0.000000e+00  2.248162e-04  0.000000e+00  8.873661e+00  0.000000e+00  0.000000e+00  0.000000e+00
1.061009e+02  4.807990e-02  1.835498e-02  2.711127e-03  3.479572e-04  5.584110e-03  0.000000e+00  1.155889e-03  0.000000e+00  0.000000e+00  1.432851e-03  1.765472e-03  0.000000e+00  6.561436e+00  0.000000e+00  0.000000e+00  0.000000e+00
1.190472e+02  5.011989e-02  2.341024e-02  1.866161e-03  8.672582e-04  1.037845e-02  0.000000e+00  1.055957e-03  0.000000e+00  7.502149e-05  8.328818e-04  5.653398e+00  0.000000e+00  4.924291e+00  0.000000e+00  1.422957e-03  0.000000e+00
1.335731e+02  5.916444e-02  2.232512e-02  2.881998e-03  2.083550e-04  6.727031e-03  0.000000e+00  9.593079e-04  0.000000e+00  0.000000e+00  0.000000e+00  4.825281e+00  0.000000e+00  3.680492e+00  0.000000e+00  0.000000e+00  0.000000e+00
1.498715e+02  1.341820e-01  2.542616e-02  1.000906e-03  4.566278e-04  3.558304e-03  0.000000e+00  4.487147e-03  0.000000e+00  6.246221e-04  1.048758e-03  3.618402e+00  0.000000e+00  2.766838e+00  0.000000e+00  0.000000e+00  0.000000e+00
1.681586e+02  1.878006e-01  3.105020e-02  1.785930e-03  2.690397e-04  5.169213e-03  1.264234e-04  3.560182e-03  0.000000e+00  1.003488e-03  0.000000e+00  2.834110e+00  0.000000e+00  1.992784e+00  0.000000e+00  0.000000e+00  0.000000e+00
1.886771e+02  1.173788e-01  2.813737e-02  1.617446e-03  2.557910e-04  6.698623e-03  1.100723e-04  3.941667e-03  8.298171e-05  8.298171e-05  0.000000e+00  2.047850e+00  0.000000e+00  1.417952e+00  0.000000e+00  0.000000e+00  0.000000e+00
2.116992e+02  5.643378e-02  3.772810e-02  1.763868e-03  1.265759e-03  4.899920e-03  7.395753e-05  1.924430e-03  0.000000e+00  0.000000e+00  1.004217e-04  1.642830e+00  0.000000e+00  1.009007e+00  0.000000e+00  1.314631e-04  0.000000e+00
2.375304e+02  4.168376e-02  1.478321e-01  2.630665e-03  1.092973e-03  6.096187e-03  2.832602e-05  3.795584e-03  2.708425e-04  0.000000e+00  3.759981e-05  1.220919e+00  0.000000e+00  7.649754e-01  0.000000e+00  1.495318e-04  0.000000e+00
2.665135e+02  3.541202e-02  1.247883e-01  2.481928e-03  1.249572e-03  8.228034e-03  7.749517e-05  2.670701e-03  0.000000e+00  5.874655e-05  4.965576e-04  8.718258e-01  0.000000e+00  4.992353e-01  0.000000e+00  0.000000e+00  0.000000e+00
2.990330e+02  2.687810e-02  2.418403e-02  1.203851e-03  5.768191e-04  6.445948e-03  3.588317e-04  3.607776e-03  8.134217e-05  1.064859e-04  5.249092e-04  6.776284e-01  0.000000e+00  3.670308e-01  0.000000e+00  0.000000e+00  0.000000e+00
3.355206e+02  2.456176e-02  2.437302e-02  1.468200e-03  9.737838e-04  5.943733e-03  4.666405e-05  2.325488e-03  4.010657e-05  3.527960e-05  4.726571e-04  5.010267e-01  3.668669e-04  2.675226e-01  0.000000e+00  0.000000e+00  1.349038e-04
3.764603e+02  1.757820e-02  1.765964e-02  2.870696e-03  1.304149e-03  5.470381e-03  1.031648e-03  2.003267e-03  0.000000e+00  5.486238e-05  0.000000e+00  3.280040e-01  0.000000e+00  1.851664e-01  0.000000e+00  0.000000e+00  0.000000e+00
4.223954e+02  1.139859e-02  1.768404e-02  1.171550e-03  1.126116e-03  5.678903e-03  8.560943e-05  2.139694e-03  5.412070e-04  9.465241e-05  3.006256e-04  2.401671e-01  0.000000e+00  9.959135e-02  0.000000e+00  6.588763e-05  0.000000e+00
4.739354e+02  1.066345e-02  1.524623e-02  1.830959e-03  1.194393e-03  4.760037e-03  3.457515e-04  3.874198e-03  2.821882e-04  2.548302e-04  0.000000e+00  1.646478e-01  0.000000e+00  7.280528e-02  2.548302e-04  0.000000e+00  0.000000e+00
5.317643e+02  9.769146e-03  1.319379e-02  3.120860e-03  6.441139e-04  3.764813e-03  1.408218e-04  1.678433e-03  4.510966e-04  2.914734e-04  4.140287e-04  1.410512e-01  0.000000e+00  5.121735e-02  3.997860e-05  6.679340e-05  0.000000e+00
5.966493e+02  9.202735e-03  1.193361e-02  2.717100e-03  2.245046e-03  3.844396e-03  4.100041e-04  2.941714e-03  3.331380e-04  1.520951e-04  2.497275e-04  9.216991e-02  0.000000e+00  3.509772e-02  0.000000e+00  5.336936e-05  0.000000e+00
6.694516e+02  7.613557e-03  1.138126e-02  3.365425e-03  2.277005e-03  4.045033e-03  2.933700e-04  2.571272e-03  1.290204e-04  6.428926e-05  2.160531e-04  6.264946e-02  0.000000e+00  2.250836e-02  0.000000e+00  0.000000e+00  0.000000e+00
7.511370e+02  5.991463e-03  7.966562e-03  2.275535e-03  1.667118e-03  2.703166e-03  2.812870e-04  1.906777e-03  2.631158e-04  2.293990e-04  1.728309e-04  4.257779e-02  0.000000e+00  1.628512e-02  0.000000e+00  0.000000e+00  0.000000e+00
8.427896e+02  4.975474e-03  7.784584e-03  2.217943e-03  1.052402e-03  3.287385e-03  5.120278e-05  1.965503e-03  3.855119e-05  1.791460e-04  5.689629e-04  2.384678e-02  0.000000e+00  9.125840e-03  0.000000e+00  1.016725e-04  0.000000e+00
9.456255e+02  4.343632e-03  5.762923e-03  2.641493e-03  1.178851e-03  2.873306e-03  2.786923e-04  1.916279e-03  1.697064e-04  0.000000e+00  4.231416e-04  2.042066e-02  6.285146e-05  5.664453e-03  0.000000e+00  0.000000e+00  0.000000e+00
1.061009e+03  3.913856e-03  3.895350e-03  2.744708e-03  1.755452e-03  2.634844e-03  1.864284e-04  1.791645e-03  1.957227e-04  4.261789e-04  1.903153e-04  1.421390e-02  0.000000e+00  2.707806e-03  1.839192e-04  1.160135e-04  0.000000e+00
1.190472e+03  2.914248e-03  3.364357e-03  2.321895e-03  1.755749e-03  1.267617e-03  1.883941e-04  1.256825e-03  5.654045e-04  1.452014e-04  7.876452e-04  9.480287e-03  0.000000e+00  1.688303e-03  0.000000e+00  0.000000e+00  0.000000e+00
1.335731e+03  2.665307e-03  3.763401e-03  2.176070e-03  1.320043e-03  1.133345e-03  3.551043e-04  1.148648e-03  1.789361e-04  3.563051e-04  2.512965e-04  4.473528e-03  0.000000e+00  1.098737e-03  6.415103e-05  0.000000e+00  0.000000e+00
1.498715e+03  1.569193e-03  2.879365e-03  1.759683e-03  1.695979e-03  1.504627e-03  7.667020e-04  1.471094e-03  4.094814e-04  4.363536e-04  3.731288e-04  2.066978e-03  5.054387e-05  1.004178e-03  0.000000e+00  0.000000e+00  9.284307e-05
1.681586e+03  1.165453e-03  2.590961e-03  1.624625e-03  1.145005e-03  1.343375e-03  2.915051e-04  8.079208e-04  4.633780e-04  3.062011e-04  2.816354e-04  2.374797e-03  0.000000e+00  5.018321e-04  8.618545e-05  0.000000e+00  2.691684e-05
1.886771e+03  1.359608e-03  2.179853e-03  1.693230e-03  1.184762e-03  1.298030e-03  3.819734e-04  8.118908e-04  3.850006e-04  1.733009e-04  3.888192e-04  1.146365e-03  8.524446e-05  1.094648e-05  2.247851e-04  1.929533e-05  0.000000e+00
2.116992e+03  7.614088e-04  1.939981e-03  9.474198e-04  9.298928e-04  7.777169e-04  1.974468e-04  7.262251e-04  3.193239e-04  1.880549e-04  2.726145e-04  8.018471e-04  7.170707e-05  2.620023e-04  1.314631e-05  0.000000e+00  1.314631e-05
2.375304e+03  7.357786e-04  1.087114e-03  1.187404e-03  1.500792e-03  8.237285e-04  5.477890e-04  6.347778e-04  1.929056e-04  8.171395e-05  1.953932e-04  7.918338e-04  1.024037e-05  0.000000e+00  6.107639e-05  0.000000e+00  7.295322e-05
2.665135e+03  4.235955e-04  1.027614e-03  8.232485e-04  1.528795e-03  5.004243e-04  1.817447e-04  4.817311e-04  3.870318e-04  1.277610e-04  1.913549e-04  5.646564e-04  9.496310e-05  1.009011e-04  5.590702e-05  0.000000e+00  6.562637e-05
2.990330e+03  3.257860e-04  6.793380e-04  6.620847e-04  9.761506e-04  3.717302e-04  4.025798e-04  3.551362e-04  3.438875e-04  3.430741e-04  3.565642e-04  3.640310e-04  1.242291e-04  0.000000e+00  6.047577e-05  0.000000e+00  8.806195e-05
3.355206e+03  1.606427e-04  8.290664e-04  8.196906e-04  1.308057e-03  2.253195e-04  4.192649e-04  1.164873e-04  3.205286e-04  1.414918e-04  2.381998e-04  1.914182e-04  6.669597e-05  1.842107e-05  4.027567e-05  0.000000e+00  1.463094e-05
3.764603e+03  1.169688e-04  4.325923e-04  6.963272e-04  7.982727e-04  1.529263e-04  4.611153e-04  8.289289e-05  1.631618e-04  2.596429e-04  2.881293e-04  2.501086e-04  8.551597e-05  5.647128e-06  4.489073e-05  0.000000e+00  1.615735e-04
4.223954e+03  6.843136e-05  1.727429e-04  3.477241e-04  6.382916e-04  1.318716e-04  1.695627e-04  1.472576e-04  2.803554e-04  1.791788e-04  2.859069e-04  1.434669e-04  1.091255e-04  0.000000e+00  7.350056e-05  0.000000e+00  1.135226e-04
4.739354e+03  3.181170e-05  2.784464e-04  3.695587e-04  6.971598e-04  1.094746e-04  3.028860e-04  4.564067e-05  1.904827e-04  1.235676e-04  1.539787e-04  1.236680e-04  4.829191e-05  7.681610e-06  2.507764e-05  0.000000e+00  8.644955e-05
5.317643e+03  2.489963e-05  2.659975e-04  3.625745e-04  3.943830e-04  7.368190e-05  2.969390e-04  3.519639e-05  2.549388e-04  1.357867e-04  2.298244e-04  1.674796e-04  6.490126e-05  0.000000e+00  8.292000e-05  0.000000e+00  7.106882e-05
5.966493e+03  5.587096e-05  1.526338e-04  2.302008e-04  3.538910e-04  5.592506e-05  1.768610e-04  8.015235e-05  2.006133e-04  1.235013e-04  1.295690e-04  1.798419e-05  4.851320e-05  0.000000e+00  3.158182e-05  0.000000e+00  3.570479e-05
6.694516e+03  3.633421e-06  1.369635e-04  1.772482e-04  2.560297e-04  4.897140e-05  3.795500e-04  5.625811e-05  1.928132e-04  1.145469e-04  1.176297e-04  1.117670e-04  3.667504e-05  0.000000e+00  3.291558e-05  0.000000e+00  6.761204e-06
7.511370e+03  2.647217e-05  1.208565e-04  1.207104e-04  1.460474e-04  2.569319e-05  2.534227e-04  4.347270e-05  1.958936e-04  1.505524e-05  8.942346e-05  3.848337e-05  4.222556e-05  0.000000e+00  1.715438e-05  0.000000e+00  8.865975e-05
8.427896e+03  1.803853e-05  1.143864e-04  5.812133e-05  1.622995e-04  3.077036e-05  2.700974e-04  2.963694e-05  2.058657e-04  3.850858e-05  5.595455e-05  2.352954e-05  6.985016e-05  0.000000e+00  1.083031e-05  0.000000e+00  7.111094e-05
9.456255e+03  0.000000e+00  3.086297e-05  4.564989e-05  1.870479e-04  1.887500e-05  1.633466e-04  2.943092e-06  1.085697e-04  4.884160e-05  3.268898e-05  7.539031e-05  1.079102e-04  0.000000e+00  3.339859e-05  0.000000e+00  1.429035e-05
1.061009e+04  0.000000e+00  5.039014e-05  2.483485e-05  1.130009e-04  1.629634e-05  1.371423e-04  5.814250e-05  4.871114e-05  1.573747e-05  5.657297e-05  5.729152e-05  2.000338e-05  0.000000e+00  2.292534e-06  0.000000e+00  4.209239e-05
1.190472e+04  0.000000e+00  7.439108e-06  3.802104e-06  6.940733e-05  0.000000e+00  7.376766e-05  1.785779e-06  3.181393e-05  4.086446e-06  5.218471e-05  3.796857e-05  7.930900e-06  0.000000e+00  2.279869e-05  0.000000e+00  4.789149e-05
1.335731e+04  0.000000e+00  3.399389e-05  2.330970e-05  6.469268e-05  0.000000e+00  4.632839e-05  2.383922e-06  2.646773e-05  9.624819e-06  3.045219e-05  3.579415e-05  2.228778e-05  0.000000e+00  0.000000e+00  0.000000e+00  3.647898e-05
1.498715e+04  0.000000e+00  8.963988e-06  5.054387e-06  2.618833e-05  0.000000e+00  3.493394e-05  0.000000e+00  1.741717e-05  8.213127e-06  1.257295e-05  3.713931e-06  9.180552e-06  0.000000e+00  3.479955e-06  0.000000e+00  3.469886e-05
1.681586e+04  0.000000e+00  1.254385e-05  1.446491e-06  1.434088e-05  0.000000e+00  5.023579e-05  1.264234e-06  1.466512e-05  0.000000e+00  4.504727e-06  3.534397e-06  4.585300e-06  0.000000e+00  3.273429e-05  0.000000e+00  2.691669e-05
1.886771e+04  0.000000e+00  1.177572e-05  0.000000e+00  9.215483e-06  0.000000e+00  3.037241e-05  0.000000e+00  1.538181e-05  0.000000e+00  0.000000e+00  1.804456e-05  1.170507e-05  0.000000e+00  1.576179e-05  0.000000e+00  4.275484e-05
2.116992e+04  0.000000e+00  1.004217e-06  0.000000e+00  1.792136e-05  0.000000e+00  2.508370e-06  0.000000e+00  7.181269e-06  0.000000e+00  0.000000e+00  0.000000e+00  5.704937e-06  0.000000e+00  1.696268e-05  0.000000e+00  7.181269e-06
2.375304e+04  0.000000e+00  0.000000e+00  0.000000e+00  8.950094e-07  0.000000e+00  1.225831e-05  1.905566e-06  4.517424e-06  0.000000e+00  5.182133e-06  6.272870e-06  2.048074e-06  0.000000e+00  0.000000e+00  0.000000e+00  1.769443e-05
2.665135e+04  0.000000e+00  1.698338e-06  0.000000e+00  5.155817e-06  0.000000e+00  0.000000e+00  0.000000e+00  0.000000e+00  0.000000e+00  1.366005e-06  0.000000e+00  0.000000e+00  0.000000e+00  0.000000e+00  0.000000e+00  1.698338e-06
2.990330e+04  0.000000e+00  0.000000e+00  0.000000e+00  4.538160e-06  0.000000e+00  0.000000e+00  0.000000e+00  0.000000e+00  0.000000e+00  0.000000e+00  0.000000e+00  8.126478e-06  0.000000e+00  8.571035e-06  0.000000e+00  6.566167e-06
3.355206e+04  0.000000e+00  0.000000e+00  0.000000e+00  0.000000e+00  0.000000e+00  0.000000e+00  0.000000e+00  0.000000e+00  0.000000e+00  0.000000e+00  0.000000e+00  8.294761e-07  0.000000e+00  1.058604e-06  0.000000e+00  2.170112e-06
3.764603e+04  0.000000e+00  0.000000e+00  0.000000e+00  2.012188e-06  0.000000e+00  0.000000e+00  0.000000e+00  0.000000e+00  0.000000e+00  0.000000e+00  0.000000e+00  3.604789e-06  0.000000e+00  2.012188e-06  0.000000e+00  5.647128e-07
4.223954e+04  0.000000e+00  0.000000e+00  0.000000e+00  1.407069e-06  0.000000e+00  0.000000e+00  0.000000e+00  5.781958e-06  0.000000e+00  0.000000e+00  0.000000e+00  5.581994e-06  0.000000e+00  0.000000e+00  0.000000e+00  0.000000e+00
4.739354e+04  0.000000e+00  0.000000e+00  0.000000e+00  0.000000e+00  0.000000e+00  0.000000e+00  0.000000e+00  4.485673e-07  0.000000e+00  0.000000e+00  0.000000e+00  1.702619e-06  0.000000e+00  2.863386e-06  0.000000e+00  0.000000e+00
5.317643e+04  0.000000e+00  0.000000e+00  0.000000e+00  0.000000e+00  0.000000e+00  0.000000e+00  0.000000e+00  0.000000e+00  0.000000e+00  0.000000e+00  0.000000e+00  0.000000e+00  0.000000e+00  0.000000e+00  0.000000e+00  0.000000e+00
5.966493e+04  0.000000e+00  0.000000e+00  0.000000e+00  0.000000e+00  0.000000e+00  0.000000e+00  0.000000e+00  0.000000e+00  0.000000e+00  0.000000e+00  0.000000e+00  0.000000e+00  0.000000e+00  0.000000e+00  0.000000e+00  0.000000e+00
6.694516e+04  0.000000e+00  0.000000e+00  0.000000e+00  0.000000e+00  0.000000e+00  0.000000e+00  0.000000e+00  0.000000e+00  0.000000e+00  0.000000e+00  0.000000e+00  0.000000e+00  0.000000e+00  0.000000e+00  0.000000e+00  1.920404e-06
7.511370e+04  0.000000e+00  0.000000e+00  0.000000e+00  0.000000e+00  0.000000e+00  0.000000e+00  0.000000e+00  0.000000e+00  0.000000e+00  0.000000e+00  0.000000e+00  0.000000e+00  0.000000e+00  0.000000e+00  0.000000e+00  1.505524e-06
8.427896e+04  0.000000e+00  0.000000e+00  0.000000e+00  0.000000e+00  0.000000e+00  0.000000e+00  0.000000e+00  0.000000e+00  0.000000e+00  0.000000e+00  0.000000e+00  0.000000e+00  0.000000e+00  0.000000e+00  0.000000e+00  0.000000e+00
9.456255e+04  0.000000e+00  0.000000e+00  0.000000e+00  0.000000e+00  0.000000e+00  0.000000e+00  0.000000e+00  0.000000e+00  0.000000e+00  0.000000e+00  0.000000e+00  0.000000e+00  0.000000e+00  0.000000e+00  0.000000e+00  0.000000e+00
1.061009e+05  0.000000e+00  0.000000e+00  0.000000e+00  0.000000e+00  0.000000e+00  0.000000e+00  0.000000e+00  0.000000e+00  0.000000e+00  0.000000e+00  0.000000e+00  0.000000e+00  0.000000e+00  0.000000e+00  0.000000e+00  0.000000e+00
1.190472e+05  0.000000e+00  0.000000e+00  0.000000e+00  0.000000e+00  0.000000e+00  0.000000e+00  0.000000e+00  0.000000e+00  0.000000e+00  0.000000e+00  0.000000e+00  0.000000e+00  0.000000e+00  0.000000e+00  0.000000e+00  0.000000e+00
1.335731e+05  0.000000e+00  0.000000e+00  0.000000e+00  0.000000e+00  0.000000e+00  0.000000e+00  0.000000e+00  0.000000e+00  0.000000e+00  0.000000e+00  0.000000e+00  0.000000e+00  0.000000e+00  0.000000e+00  0.000000e+00  0.000000e+00
1.498715e+05  0.000000e+00  0.000000e+00  0.000000e+00  0.000000e+00  0.000000e+00  0.000000e+00  0.000000e+00  0.000000e+00  0.000000e+00  0.000000e+00  0.000000e+00  0.000000e+00  0.000000e+00  0.000000e+00  0.000000e+00  0.000000e+00
1.681586e+05  0.000000e+00  0.000000e+00  0.000000e+00  0.000000e+00  0.000000e+00  0.000000e+00  0.000000e+00  0.000000e+00  0.000000e+00  0.000000e+00  0.000000e+00  0.000000e+00  0.000000e+00  0.000000e+00  0.000000e+00  0.000000e+00
1.886771e+05  0.000000e+00  0.000000e+00  0.000000e+00  0.000000e+00  0.000000e+00  0.000000e+00  0.000000e+00  0.000000e+00  0.000000e+00  0.000000e+00  0.000000e+00  0.000000e+00  0.000000e+00  0.000000e+00  0.000000e+00  0.000000e+00
2.116992e+05  0.000000e+00  0.000000e+00  0.000000e+00  0.000000e+00  0.000000e+00  0.000000e+00  0.000000e+00  0.000000e+00  0.000000e+00  0.000000e+00  0.000000e+00  0.000000e+00  0.000000e+00  0.000000e+00  0.000000e+00  0.000000e+00
2.375304e+05  0.000000e+00  0.000000e+00  0.000000e+00  0.000000e+00  0.000000e+00  0.000000e+00  0.000000e+00  0.000000e+00  0.000000e+00  0.000000e+00  0.000000e+00  0.000000e+00  0.000000e+00  0.000000e+00  0.000000e+00  0.000000e+00
2.665135e+05  0.000000e+00  0.000000e+00  0.000000e+00  0.000000e+00  0.000000e+00  0.000000e+00  0.000000e+00  0.000000e+00  0.000000e+00  0.000000e+00  0.000000e+00  0.000000e+00  0.000000e+00  0.000000e+00  0.000000e+00  0.000000e+00
2.990330e+05  0.000000e+00  0.000000e+00  0.000000e+00  0.000000e+00  0.000000e+00  0.000000e+00  0.000000e+00  0.000000e+00  0.000000e+00  0.000000e+00  0.000000e+00  0.000000e+00  0.000000e+00  0.000000e+00  0.000000e+00  0.000000e+00
3.355206e+05  0.000000e+00  0.000000e+00  0.000000e+00  0.000000e+00  0.000000e+00  0.000000e+00  0.000000e+00  0.000000e+00  0.000000e+00  0.000000e+00  0.000000e+00  0.000000e+00  0.000000e+00  0.000000e+00  0.000000e+00  0.000000e+00
3.764603e+05  0.000000e+00  0.000000e+00  0.000000e+00  0.000000e+00  0.000000e+00  0.000000e+00  0.000000e+00  0.000000e+00  0.000000e+00  0.000000e+00  0.000000e+00  0.000000e+00  0.000000e+00  0.000000e+00  0.000000e+00  0.000000e+00
4.223954e+05  0.000000e+00  0.000000e+00  0.000000e+00  0.000000e+00  0.000000e+00  0.000000e+00  0.000000e+00  0.000000e+00  0.000000e+00  0.000000e+00  0.000000e+00  0.000000e+00  0.000000e+00  0.000000e+00  0.000000e+00  0.000000e+00
4.739354e+05  0.000000e+00  0.000000e+00  0.000000e+00  0.000000e+00  0.000000e+00  0.000000e+00  0.000000e+00  0.000000e+00  0.000000e+00  0.000000e+00  0.000000e+00  0.000000e+00  0.000000e+00  0.000000e+00  0.000000e+00  0.000000e+00
5.317643e+05  0.000000e+00  0.000000e+00  0.000000e+00  0.000000e+00  0.000000e+00  0.000000e+00  0.000000e+00  0.000000e+00  0.000000e+00  0.000000e+00  0.000000e+00  0.000000e+00  0.000000e+00  0.000000e+00  0.000000e+00  0.000000e+00
5.966493e+05  0.000000e+00  0.000000e+00  0.000000e+00  0.000000e+00  0.000000e+00  0.000000e+00  0.000000e+00  0.000000e+00  0.000000e+00  0.000000e+00  0.000000e+00  0.000000e+00  0.000000e+00  0.000000e+00  0.000000e+00  0.000000e+00
6.694516e+05  0.000000e+00  0.000000e+00  0.000000e+00  0.000000e+00  0.000000e+00  0.000000e+00  0.000000e+00  0.000000e+00  0.000000e+00  0.000000e+00  0.000000e+00  0.000000e+00  0.000000e+00  0.000000e+00  0.000000e+00  0.000000e+00
7.511370e+05  0.000000e+00  0.000000e+00  0.000000e+00  0.000000e+00  0.000000e+00  0.000000e+00  0.000000e+00  0.000000e+00  0.000000e+00  0.000000e+00  0.000000e+00  0.000000e+00  0.000000e+00  0.000000e+00  0.000000e+00  0.000000e+00
8.427896e+05  0.000000e+00  0.000000e+00  0.000000e+00  0.000000e+00  0.000000e+00  0.000000e+00  0.000000e+00  0.000000e+00  0.000000e+00  0.000000e+00  0.000000e+00  0.000000e+00  0.000000e+00  0.000000e+00  0.000000e+00  0.000000e+00
9.456255e+05  0.000000e+00  0.000000e+00  0.000000e+00  0.000000e+00  0.000000e+00  0.000000e+00  0.000000e+00  0.000000e+00  0.000000e+00  0.000000e+00  0.000000e+00  0.000000e+00  0.000000e+00  0.000000e+00  0.000000e+00  0.000000e+00
