# dR/dEr [1/keV/kg/Myr]
# Er [keV], S, F, Ne, Cl, Na, Si, O, P, N, C, Al, Mg, Be, B, Ar, Li
1.061009e+01  2.219703e-02  2.067869e-02  0.000000e+00  0.000000e+00  1.303819e-02  0.000000e+00  3.284089e-03  0.000000e+00  0.000000e+00  0.000000e+00  0.000000e+00  0.000000e+00  5.378589e-03  0.000000e+00  0.000000e+00  0.000000e+00
1.190472e+01  3.365460e-03  5.450670e-03  0.000000e+00  0.000000e+00  1.084048e-03  0.000000e+00  0.000000e+00  0.000000e+00  0.000000e+00  0.000000e+00  0.000000e+00  0.000000e+00  0.000000e+00  0.000000e+00  0.000000e+00  0.000000e+00
1.335731e+01  7.215872e-03  3.155821e-03  0.000000e+00  0.000000e+00  0.000000e+00  0.000000e+00  0.000000e+00  0.000000e+00  0.000000e+00  0.000000e+00  0.000000e+00  0.000000e+00  0.000000e+00  0.000000e+00  0.000000e+00  0.000000e+00
1.498715e+01  1.239913e-03  4.757643e-03  0.000000e+00  0.000000e+00  2.580137e-03  0.000000e+00  1.956907e-04  0.000000e+00  0.000000e+00  0.000000e+00  0.000000e+00  0.000000e+00  0.000000e+00  0.000000e+00  0.000000e+00  0.000000e+00
1.681586e+01  3.067767e-03  2.551662e-03  4.376821e-04  0.000000e+00  8.855667e-04  1.744096e-04  0.000000e+00  0.000000e+00  0.000000e+00  0.000000e+00  0.000000e+00  0.000000e+00  0.000000e+00  0.000000e+00  0.000000e+00  0.000000e+00
1.886771e+01  2.086517e-03  2.339803e-03  0.000000e+00  0.000000e+00  3.900846e-04  0.000000e+00  0.000000e+00  0.000000e+00  0.000000e+00  0.000000e+00  0.000000e+00  0.000000e+00  0.000000e+00  0.000000e+00  0.000000e+00  0.000000e+00
2.116992e+01  3.502845e-03  4.253561e-03  0.000000e+00  0.000000e+00  4.271402e-04  0.000000e+00  1.837766e-04  0.000000e+00  0.000000e+00  0.000000e+00  2.770258e-03  0.000000e+00  0.000000e+00  0.000000e+00  0.000000e+00  0.000000e+00
2.375304e+01  6.425216e-03  7.779358e-04  1.044086e-03  0.000000e+00  2.434514e-03  0.000000e+00  3.098552e-04  0.000000e+00  0.000000e+00  0.000000e+00  0.000000e+00  0.000000e+00  0.000000e+00  0.000000e+00  0.000000e+00  0.000000e+00
2.665135e+01  5.569253e-03  5.876675e-03  1.459789e-04  1.174759e-03  2.288271e-04  0.000000e+00  0.000000e+00  1.610383e-03  0.000000e+00  0.000000e+00  0.000000e+00  0.000000e+00  0.000000e+00  0.000000e+00  0.000000e+00  0.000000e+00
2.990330e+01  8.990646e-03  1.958571e-03  1.719162e-04  0.000000e+00  3.937065e-03  0.000000e+00  2.281816e-04  0.000000e+00  0.000000e+00  0.000000e+00  2.523817e-03  0.000000e+00  1.879064e-03  0.000000e+00  0.000000e+00  0.000000e+00
3.355206e+01  6.675496e-03  3.043046e-03  2.028708e-04  0.000000e+00  3.854625e-04  0.000000e+00  1.223663e-03  0.000000e+00  0.000000e+00  0.000000e+00  2.527668e-03  0.000000e+00  4.863588e-03  0.000000e+00  0.000000e+00  0.000000e+00
3.764603e+01  1.105589e-02  6.410130e-03  7.618870e-04  1.033452e-04  3.491131e-03  0.000000e+00  9.666974e-04  0.000000e+00  0.000000e+00  0.000000e+00  0.000000e+00  0.000000e+00  7.601930e-04  0.000000e+00  0.000000e+00  0.000000e+00
4.223954e+01  9.346009e-03  5.237264e-03  1.414237e-03  0.000000e+00  1.541688e-03  0.000000e+00  8.163901e-04  0.000000e+00  0.000000e+00  0.000000e+00  2.182288e-03  0.000000e+00  5.493259e-03  0.000000e+00  0.000000e+00  0.000000e+00
4.739354e+01  1.003725e-02  3.253205e-03  8.208998e-05  2.257115e-04  9.751776e-04  0.000000e+00  2.943551e-04  0.000000e+00  0.000000e+00  0.000000e+00  0.000000e+00  0.000000e+00  3.723082e-03  0.000000e+00  0.000000e+00  0.000000e+00
5.317643e+01  9.267241e-03  2.089045e-03  2.014787e-04  0.000000e+00  3.671046e-03  0.000000e+00  3.893267e-04  0.000000e+00  0.000000e+00  0.000000e+00  1.102860e-03  0.000000e+00  0.000000e+00  0.000000e+00  0.000000e+00  0.000000e+00
5.966493e+01  1.093110e-02  6.079896e-03  2.255689e-04  1.143617e-04  3.255983e-03  0.000000e+00  3.093405e-03  0.000000e+00  0.000000e+00  0.000000e+00  9.869725e-04  0.000000e+00  8.668967e-04  0.000000e+00  0.000000e+00  0.000000e+00
6.694516e+01  1.275799e-02  5.515217e-03  3.823183e-04  0.000000e+00  2.188009e-03  0.000000e+00  5.776206e-04  0.000000e+00  8.333167e-04  0.000000e+00  5.116082e-04  0.000000e+00  1.219504e-02  0.000000e+00  0.000000e+00  0.000000e+00
7.511370e+01  1.389494e-02  6.097085e-03  1.284652e-03  1.296645e-04  1.551095e-03  0.000000e+00  3.016226e-04  0.000000e+00  0.000000e+00  0.000000e+00  7.952837e-04  0.000000e+00  4.111388e+00  0.000000e+00  0.000000e+00  0.000000e+00
8.427896e+01  1.573359e-02  5.418135e-03  2.181898e-04  9.522808e-04  2.001419e-03  0.000000e+00  1.231082e-03  0.000000e+00  0.000000e+00  0.000000e+00  0.000000e+00  0.000000e+00  4.887531e+00  0.000000e+00  0.000000e+00  0.000000e+00
9.456255e+01  1.614785e-02  4.781059e-03  6.307093e-04  1.501071e-04  3.343074e-03  0.000000e+00  4.524517e-04  0.000000e+00  8.946091e-04  0.000000e+00  3.046660e-04  0.000000e+00  3.773173e+00  0.000000e+00  0.000000e+00  0.000000e+00
1.061009e+02  1.722223e-02  6.771790e-03  1.102751e-03  3.199864e-04  1.960236e-03  0.000000e+00  5.121470e-04  0.000000e+00  0.000000e+00  5.550154e-04  8.057597e-04  0.000000e+00  2.784159e+00  0.000000e+00  0.000000e+00  0.000000e+00
1.190472e+02  1.721413e-02  9.237608e-03  7.787745e-04  3.816540e-04  3.877176e-03  0.000000e+00  4.903638e-04  0.000000e+00  2.463600e-05  2.876984e-04  2.408118e+00  0.000000e+00  2.090001e+00  0.000000e+00  7.340960e-04  0.000000e+00
1.335731e+02  2.067566e-02  8.557829e-03  1.167369e-03  2.147289e-04  2.648984e-03  0.000000e+00  4.529064e-04  0.000000e+00  0.000000e+00  0.000000e+00  2.064270e+00  0.000000e+00  1.558739e+00  0.000000e+00  0.000000e+00  0.000000e+00
1.498715e+02  4.552220e-02  9.175652e-03  4.594881e-04  2.806642e-04  1.937815e-03  0.000000e+00  1.661910e-03  0.000000e+00  2.819616e-04  4.767586e-04  1.537552e+00  0.000000e+00  1.172297e+00  0.000000e+00  0.000000e+00  0.000000e+00
1.681586e+02  6.327385e-02  1.222502e-02  7.177557e-04  8.855667e-05  2.171864e-03  1.713263e-04  1.381977e-03  0.000000e+00  4.542019e-04  0.000000e+00  1.207176e+00  0.000000e+00  8.426419e-01  0.000000e+00  0.000000e+00  0.000000e+00
1.886771e+02  4.036385e-02  1.045115e-02  6.427617e-04  8.409026e-05  2.430494e-03  3.616434e-05  1.607012e-03  2.730585e-05  2.730585e-05  0.000000e+00  8.815308e-01  0.000000e+00  6.039095e-01  0.000000e+00  0.000000e+00  0.000000e+00
2.116992e+02  2.030738e-02  1.334316e-02  6.356118e-04  4.431858e-04  2.054554e-03  2.433637e-05  7.472746e-04  0.000000e+00  0.000000e+00  1.360893e-04  6.965301e-01  0.000000e+00  4.287203e-01  0.000000e+00  1.354848e-04  0.000000e+00
2.375304e+02  1.519721e-02  4.999529e-02  1.203731e-03  4.063562e-04  2.490463e-03  9.295712e-06  1.435172e-03  1.655178e-04  0.000000e+00  1.234725e-05  5.188887e-01  0.000000e+00  3.225298e-01  0.000000e+00  4.951505e-05  0.000000e+00
2.665135e+02  1.274874e-02  4.222951e-02  1.104929e-03  5.127417e-04  3.179416e-03  2.553992e-05  1.142971e-03  0.000000e+00  1.933106e-05  1.795193e-04  3.712641e-01  0.000000e+00  2.095950e-01  0.000000e+00  0.000000e+00  0.000000e+00
2.990330e+02  1.030409e-02  9.019940e-03  4.352838e-04  2.281455e-04  2.538487e-03  1.564658e-04  1.392469e-03  9.612964e-05  9.570263e-05  2.829002e-04  2.868865e-01  0.000000e+00  1.575551e-01  0.000000e+00  0.000000e+00  0.000000e+00
3.355206e+02  9.247124e-03  9.554841e-03  5.046726e-04  4.023704e-04  2.355662e-03  1.535521e-05  9.859899e-04  1.316172e-05  1.159552e-05  1.953937e-04  2.129787e-01  1.541585e-04  1.137234e-01  0.000000e+00  0.000000e+00  8.618391e-05
3.764603e+02  7.015786e-03  7.017519e-03  1.234886e-03  5.524475e-04  2.082879e-03  4.766591e-04  7.637420e-04  0.000000e+00  1.808088e-05  0.000000e+00  1.429749e-01  0.000000e+00  7.766126e-02  0.000000e+00  0.000000e+00  0.000000e+00
4.223954e+02  4.574101e-03  6.856353e-03  4.566063e-04  4.994572e-04  2.190121e-03  7.726522e-05  8.075072e-04  2.322660e-04  8.025165e-05  1.489877e-04  1.014242e-01  0.000000e+00  4.494251e-02  0.000000e+00  6.790325e-05  0.000000e+00
4.739354e+02  4.180604e-03  5.938768e-03  6.905139e-04  5.328458e-04  1.772697e-03  1.324615e-04  1.452895e-03  9.787832e-05  9.055849e-05  0.000000e+00  7.013608e-02  0.000000e+00  3.146994e-02  9.055849e-05  0.000000e+00  0.000000e+00
5.317643e+02  4.058173e-03  5.606131e-03  1.296140e-03  2.336980e-04  1.391212e-03  8.043762e-05  6.588627e-04  2.066534e-04  1.018673e-04  1.788518e-04  6.076648e-02  0.000000e+00  2.155840e-02  5.417813e-05  2.211756e-05  0.000000e+00
5.966493e+02  3.879854e-03  4.880713e-03  1.096021e-03  9.326433e-04  1.446829e-03  1.564286e-04  1.249888e-03  1.216208e-04  6.974428e-05  9.417630e-05  3.971283e-02  0.000000e+00  1.457602e-02  0.000000e+00  4.796493e-05  0.000000e+00
6.694516e+02  3.104427e-03  4.726561e-03  1.424556e-03  8.975878e-04  1.541117e-03  1.950921e-04  1.077387e-03  6.960700e-05  2.116170e-05  8.771264e-05  2.689509e-02  0.000000e+00  9.275820e-03  0.000000e+00  0.000000e+00  0.000000e+00
7.511370e+02  2.499035e-03  3.351403e-03  9.818883e-04  6.445502e-04  1.149732e-03  1.451631e-04  7.531019e-04  1.294695e-04  1.249714e-04  7.179962e-05  1.757478e-02  0.000000e+00  6.948023e-03  0.000000e+00  0.000000e+00  0.000000e+00
8.427896e+02  2.101994e-03  3.308986e-03  9.316188e-04  4.001544e-04  1.249071e-03  1.682909e-05  7.935112e-04  1.269269e-05  9.408898e-05  2.611671e-04  1.032848e-02  0.000000e+00  3.646849e-03  0.000000e+00  3.475950e-05  0.000000e+00
9.456255e+02  1.717404e-03  2.494079e-03  1.064542e-03  4.257502e-04  1.125912e-03  1.063468e-04  7.733869e-04  9.696416e-05  0.000000e+00  2.177443e-04  8.444183e-03  3.310920e-05  2.500830e-03  0.000000e+00  0.000000e+00  0.000000e+00
1.061009e+03  1.620230e-03  1.805820e-03  1.109412e-03  7.759575e-04  1.032235e-03  7.246859e-05  7.352866e-04  7.497387e-05  1.705601e-04  9.943997e-05  6.051411e-03  0.000000e+00  1.331360e-03  8.208734e-05  4.874919e-05  0.000000e+00
1.190472e+03  1.242671e-03  1.471729e-03  9.460697e-04  7.499386e-04  5.165598e-04  6.396580e-05  4.974762e-04  2.504984e-04  5.720260e-05  3.486603e-04  3.905858e-03  0.000000e+00  7.073234e-04  0.000000e+00  0.000000e+00  0.000000e+00
1.335731e+03  1.168374e-03  1.615247e-03  8.935308e-04  5.804457e-04  4.238078e-04  1.613800e-04  4.262873e-04  1.132669e-04  2.087301e-04  1.284869e-04  2.173347e-03  0.000000e+00  4.715836e-04  2.193176e-05  0.000000e+00  0.000000e+00
1.498715e+03  6.128910e-04  1.322737e-03  7.873902e-04  6.904605e-04  7.074216e-04  3.501491e-04  5.950514e-04  2.002048e-04  2.177337e-04  1.772552e-04  9.535136e-04  2.428234e-05  3.667481e-04  0.000000e+00  0.000000e+00  5.031421e-05
1.681586e+03  4.978471e-04  1.132535e-03  6.810869e-04  4.944111e-04  5.007751e-04  1.371751e-04  3.491794e-04  2.048224e-04  1.288840e-04  1.085433e-04  1.055723e-03  0.000000e+00  2.062213e-04  4.055666e-05  0.000000e+00  1.719595e-05
1.886771e+03  5.994888e-04  9.777544e-04  7.119847e-04  4.848350e-04  5.431636e-04  1.805486e-04  3.030504e-04  1.651043e-04  8.433697e-05  1.828823e-04  4.988341e-04  3.184317e-05  3.607610e-06  8.840565e-05  1.512302e-05  0.000000e+00
2.116992e+03  3.169624e-04  7.836462e-04  4.130758e-04  3.979399e-04  3.546004e-04  9.555340e-05  2.983620e-04  1.679323e-04  9.696635e-05  1.231957e-04  3.308680e-04  2.874558e-05  1.272826e-04  1.354848e-05  0.000000e+00  1.354848e-05
2.375304e+03  3.101391e-04  4.748354e-04  5.065409e-04  6.195357e-04  3.268324e-04  2.261876e-04  2.473526e-04  1.130189e-04  3.201643e-05  1.189083e-04  3.485025e-04  1.210200e-05  0.000000e+00  2.468995e-05  0.000000e+00  3.692060e-05
2.665135e+03  1.778163e-04  4.459382e-04  3.653316e-04  6.269931e-04  2.300419e-04  9.266792e-05  2.054915e-04  1.658454e-04  6.982289e-05  8.648820e-05  2.415164e-04  4.528722e-05  5.813521e-05  2.108345e-05  0.000000e+00  2.650598e-05
2.990330e+03  1.460665e-04  3.347174e-04  3.221583e-04  3.949895e-04  1.717421e-04  1.752142e-04  1.464134e-04  1.713934e-04  1.592599e-04  1.412349e-04  1.592526e-04  5.705124e-05  0.000000e+00  2.836090e-05  0.000000e+00  3.702342e-05
3.355206e+03  8.476716e-05  3.563928e-04  3.429937e-04  5.246897e-04  9.883819e-05  1.913690e-04  5.595227e-05  1.694862e-04  8.727732e-05  1.103984e-04  8.745155e-05  3.155818e-05  6.202710e-06  2.249354e-05  0.000000e+00  1.713517e-05
3.764603e+03  6.111461e-05  2.034913e-04  3.283965e-04  3.411323e-04  7.157740e-05  2.113113e-04  3.845423e-05  8.657655e-05  1.295583e-04  1.242565e-04  1.280308e-04  3.714575e-05  7.652865e-06  2.248386e-05  0.000000e+00  6.624135e-05
4.223954e+03  4.107615e-05  7.098747e-05  1.526756e-04  2.738559e-04  6.139132e-05  8.485283e-05  6.600050e-05  1.484791e-04  9.096031e-05  1.357603e-04  6.223316e-05  6.614623e-05  0.000000e+00  3.421719e-05  0.000000e+00  5.854982e-05
4.739354e+03  1.260440e-05  1.323454e-04  1.664655e-04  3.103463e-04  4.749973e-05  1.513428e-04  2.313670e-05  9.429449e-05  6.687017e-05  6.590646e-05  5.052298e-05  2.359340e-05  6.020581e-06  1.522826e-05  0.000000e+00  4.776504e-05
5.317643e+03  1.239806e-05  1.164191e-04  1.546667e-04  1.778188e-04  3.743451e-05  1.470410e-04  2.261004e-05  1.110452e-04  5.450127e-05  1.077740e-04  7.606161e-05  3.591357e-05  0.000000e+00  3.573908e-05  0.000000e+00  3.004839e-05
5.966493e+03  2.840339e-05  6.272265e-05  1.085249e-04  1.770934e-04  2.522174e-05  8.280525e-05  4.424547e-05  7.940680e-05  5.804857e-05  6.710830e-05  7.841864e-06  2.949832e-05  0.000000e+00  1.465204e-05  0.000000e+00  1.809492e-05
6.694516e+03  4.293953e-06  6.402457e-05  7.645679e-05  1.107572e-04  2.504584e-05  1.680983e-04  2.603254e-05  9.446714e-05  5.942635e-05  5.222409e-05  4.873925e-05  1.287349e-05  0.000000e+00  1.753661e-05  0.000000e+00  4.319428e-06
7.511370e+03  1.173097e-05  5.381331e-05  6.082047e-05  7.162279e-05  1.012909e-05  1.197805e-04  2.030779e-05  9.283526e-05  5.269514e-06  4.627135e-05  2.529615e-05  1.875379e-05  0.000000e+00  1.249047e-05  0.000000e+00  3.804825e-05
8.427896e+03  6.987230e-06  4.649164e-05  2.582363e-05  7.534740e-05  1.253884e-05  1.168940e-04  1.486974e-05  8.117778e-05  1.539860e-05  2.641568e-05  8.127697e-06  3.540968e-05  0.000000e+00  7.110570e-06  0.000000e+00  4.026444e-05
9.456255e+03  0.000000e+00  1.525884e-05  2.591780e-05  8.614567e-05  8.557050e-06  7.352081e-05  3.033127e-06  4.701118e-05  2.665084e-05  1.356081e-05  3.945539e-05  5.305431e-05  0.000000e+00  1.645166e-05  0.000000e+00  7.981009e-06
1.061009e+04  0.000000e+00  2.951010e-05  1.202052e-05  5.057965e-05  8.230668e-06  5.655552e-05  2.736947e-05  2.321888e-05  9.810348e-06  3.090952e-05  2.504812e-05  6.958560e-06  0.000000e+00  2.709301e-06  0.000000e+00  2.596490e-05
1.190472e+04  0.000000e+00  7.220802e-06  2.428993e-06  3.315588e-05  0.000000e+00  3.536685e-05  2.420048e-06  1.554939e-05  4.829335e-06  2.409844e-05  1.808457e-05  4.503274e-06  0.000000e+00  9.372169e-06  0.000000e+00  2.575046e-05
1.335731e+04  0.000000e+00  1.513255e-05  8.942983e-06  3.150224e-05  0.000000e+00  2.321066e-05  2.142515e-06  1.082275e-05  5.659702e-06  1.108551e-05  1.618860e-05  1.325325e-05  0.000000e+00  0.000000e+00  0.000000e+00  1.959411e-05
1.498715e+04  0.000000e+00  4.563326e-06  2.428234e-06  1.377291e-05  0.000000e+00  1.905041e-05  0.000000e+00  7.996351e-06  3.451178e-06  5.833083e-06  3.827547e-06  3.795999e-06  0.000000e+00  3.831812e-06  0.000000e+00  1.606343e-05
1.681586e+04  0.000000e+00  6.190199e-06  1.709454e-06  8.591891e-06  0.000000e+00  2.497790e-05  1.713263e-06  7.111099e-06  0.000000e+00  2.164166e-06  1.861867e-06  3.421455e-06  0.000000e+00  1.679762e-05  0.000000e+00  1.476211e-05
1.886771e+04  0.000000e+00  6.157656e-06  0.000000e+00  5.318458e-06  0.000000e+00  1.401317e-05  0.000000e+00  7.010319e-06  0.000000e+00  0.000000e+00  7.754463e-06  5.727094e-06  0.000000e+00  7.710680e-06  0.000000e+00  2.155922e-05
2.116992e+04  0.000000e+00  1.360893e-06  0.000000e+00  7.307633e-06  0.000000e+00  2.712729e-06  0.000000e+00  2.781666e-06  0.000000e+00  0.000000e+00  0.000000e+00  2.027352e-06  0.000000e+00  7.928185e-06  0.000000e+00  2.781666e-06
2.375304e+04  0.000000e+00  0.000000e+00  0.000000e+00  1.212897e-06  0.000000e+00  5.653775e-06  1.217380e-06  1.969787e-06  0.000000e+00  2.177546e-06  2.365602e-06  2.420401e-06  0.000000e+00  0.000000e+00  0.000000e+00  8.244385e-06
2.665135e+04  0.000000e+00  1.084991e-06  0.000000e+00  2.563743e-06  0.000000e+00  0.000000e+00  0.000000e+00  0.000000e+00  0.000000e+00  1.070627e-06  0.000000e+00  0.000000e+00  0.000000e+00  0.000000e+00  0.000000e+00  1.084991e-06
2.990330e+04  0.000000e+00  0.000000e+00  0.000000e+00  1.865564e-06  0.000000e+00  0.000000e+00  0.000000e+00  0.000000e+00  0.000000e+00  0.000000e+00  0.000000e+00  3.430221e-06  0.000000e+00  3.443722e-06  0.000000e+00  3.922397e-06
3.355206e+04  0.000000e+00  0.000000e+00  0.000000e+00  0.000000e+00  0.000000e+00  0.000000e+00  0.000000e+00  0.000000e+00  0.000000e+00  0.000000e+00  0.000000e+00  8.548513e-07  0.000000e+00  3.505397e-07  0.000000e+00  1.700859e-06
3.764603e+04  0.000000e+00  0.000000e+00  0.000000e+00  9.666974e-07  0.000000e+00  0.000000e+00  0.000000e+00  0.000000e+00  0.000000e+00  0.000000e+00  0.000000e+00  1.481870e-06  0.000000e+00  9.666974e-07  0.000000e+00  7.652865e-07
4.223954e+04  0.000000e+00  0.000000e+00  0.000000e+00  7.412226e-07  0.000000e+00  0.000000e+00  0.000000e+00  2.199262e-06  0.000000e+00  0.000000e+00  0.000000e+00  2.862834e-06  0.000000e+00  0.000000e+00  0.000000e+00  0.000000e+00
4.739354e+04  0.000000e+00  0.000000e+00  0.000000e+00  0.000000e+00  0.000000e+00  0.000000e+00  0.000000e+00  6.078887e-07  0.000000e+00  0.000000e+00  0.000000e+00  1.268504e-06  0.000000e+00  1.177091e-06  0.000000e+00  0.000000e+00
5.317643e+04  0.000000e+00  0.000000e+00  0.000000e+00  0.000000e+00  0.000000e+00  0.000000e+00  0.000000e+00  0.000000e+00  0.000000e+00  0.000000e+00  0.000000e+00  0.000000e+00  0.000000e+00  0.000000e+00  0.000000e+00  0.000000e+00
5.966493e+04  0.000000e+00  0.000000e+00  0.000000e+00  0.000000e+00  0.000000e+00  0.000000e+00  0.000000e+00  0.000000e+00  0.000000e+00  0.000000e+00  0.000000e+00  0.000000e+00  0.000000e+00  0.000000e+00  0.000000e+00  0.000000e+00
6.694516e+04  0.000000e+00  0.000000e+00  0.000000e+00  0.000000e+00  0.000000e+00  0.000000e+00  0.000000e+00  0.000000e+00  0.000000e+00  0.000000e+00  0.000000e+00  0.000000e+00  0.000000e+00  0.000000e+00  0.000000e+00  1.129259e-06
7.511370e+04  0.000000e+00  0.000000e+00  0.000000e+00  0.000000e+00  0.000000e+00  0.000000e+00  0.000000e+00  0.000000e+00  0.000000e+00  0.000000e+00  0.000000e+00  0.000000e+00  0.000000e+00  0.000000e+00  0.000000e+00  5.269514e-07
8.427896e+04  0.000000e+00  0.000000e+00  0.000000e+00  0.000000e+00  0.000000e+00  0.000000e+00  0.000000e+00  0.000000e+00  0.000000e+00  0.000000e+00  0.000000e+00  0.000000e+00  0.000000e+00  0.000000e+00  0.000000e+00  0.000000e+00
9.456255e+04  0.000000e+00  0.000000e+00  0.000000e+00  0.000000e+00  0.000000e+00  0.000000e+00  0.000000e+00  0.000000e+00  0.000000e+00  0.000000e+00  0.000000e+00  0.000000e+00  0.000000e+00  0.000000e+00  0.000000e+00  0.000000e+00
1.061009e+05  0.000000e+00  0.000000e+00  0.000000e+00  0.000000e+00  0.000000e+00  0.000000e+00  0.000000e+00  0.000000e+00  0.000000e+00  0.000000e+00  0.000000e+00  0.000000e+00  0.000000e+00  0.000000e+00  0.000000e+00  0.000000e+00
1.190472e+05  0.000000e+00  0.000000e+00  0.000000e+00  0.000000e+00  0.000000e+00  0.000000e+00  0.000000e+00  0.000000e+00  0.000000e+00  0.000000e+00  0.000000e+00  0.000000e+00  0.000000e+00  0.000000e+00  0.000000e+00  0.000000e+00
1.335731e+05  0.000000e+00  0.000000e+00  0.000000e+00  0.000000e+00  0.000000e+00  0.000000e+00  0.000000e+00  0.000000e+00  0.000000e+00  0.000000e+00  0.000000e+00  0.000000e+00  0.000000e+00  0.000000e+00  0.000000e+00  0.000000e+00
1.498715e+05  0.000000e+00  0.000000e+00  0.000000e+00  0.000000e+00  0.000000e+00  0.000000e+00  0.000000e+00  0.000000e+00  0.000000e+00  0.000000e+00  0.000000e+00  0.000000e+00  0.000000e+00  0.000000e+00  0.000000e+00  0.000000e+00
1.681586e+05  0.000000e+00  0.000000e+00  0.000000e+00  0.000000e+00  0.000000e+00  0.000000e+00  0.000000e+00  0.000000e+00  0.000000e+00  0.000000e+00  0.000000e+00  0.000000e+00  0.000000e+00  0.000000e+00  0.000000e+00  0.000000e+00
1.886771e+05  0.000000e+00  0.000000e+00  0.000000e+00  0.000000e+00  0.000000e+00  0.000000e+00  0.000000e+00  0.000000e+00  0.000000e+00  0.000000e+00  0.000000e+00  0.000000e+00  0.000000e+00  0.000000e+00  0.000000e+00  0.000000e+00
2.116992e+05  0.000000e+00  0.000000e+00  0.000000e+00  0.000000e+00  0.000000e+00  0.000000e+00  0.000000e+00  0.000000e+00  0.000000e+00  0.000000e+00  0.000000e+00  0.000000e+00  0.000000e+00  0.000000e+00  0.000000e+00  0.000000e+00
2.375304e+05  0.000000e+00  0.000000e+00  0.000000e+00  0.000000e+00  0.000000e+00  0.000000e+00  0.000000e+00  0.000000e+00  0.000000e+00  0.000000e+00  0.000000e+00  0.000000e+00  0.000000e+00  0.000000e+00  0.000000e+00  0.000000e+00
2.665135e+05  0.000000e+00  0.000000e+00  0.000000e+00  0.000000e+00  0.000000e+00  0.000000e+00  0.000000e+00  0.000000e+00  0.000000e+00  0.000000e+00  0.000000e+00  0.000000e+00  0.000000e+00  0.000000e+00  0.000000e+00  0.000000e+00
2.990330e+05  0.000000e+00  0.000000e+00  0.000000e+00  0.000000e+00  0.000000e+00  0.000000e+00  0.000000e+00  0.000000e+00  0.000000e+00  0.000000e+00  0.000000e+00  0.000000e+00  0.000000e+00  0.000000e+00  0.000000e+00  0.000000e+00
3.355206e+05  0.000000e+00  0.000000e+00  0.000000e+00  0.000000e+00  0.000000e+00  0.000000e+00  0.000000e+00  0.000000e+00  0.000000e+00  0.000000e+00  0.000000e+00  0.000000e+00  0.000000e+00  0.000000e+00  0.000000e+00  0.000000e+00
3.764603e+05  0.000000e+00  0.000000e+00  0.000000e+00  0.000000e+00  0.000000e+00  0.000000e+00  0.000000e+00  0.000000e+00  0.000000e+00  0.000000e+00  0.000000e+00  0.000000e+00  0.000000e+00  0.000000e+00  0.000000e+00  0.000000e+00
4.223954e+05  0.000000e+00  0.000000e+00  0.000000e+00  0.000000e+00  0.000000e+00  0.000000e+00  0.000000e+00  0.000000e+00  0.000000e+00  0.000000e+00  0.000000e+00  0.000000e+00  0.000000e+00  0.000000e+00  0.000000e+00  0.000000e+00
4.739354e+05  0.000000e+00  0.000000e+00  0.000000e+00  0.000000e+00  0.000000e+00  0.000000e+00  0.000000e+00  0.000000e+00  0.000000e+00  0.000000e+00  0.000000e+00  0.000000e+00  0.000000e+00  0.000000e+00  0.000000e+00  0.000000e+00
5.317643e+05  0.000000e+00  0.000000e+00  0.000000e+00  0.000000e+00  0.000000e+00  0.000000e+00  0.000000e+00  0.000000e+00  0.000000e+00  0.000000e+00  0.000000e+00  0.000000e+00  0.000000e+00  0.000000e+00  0.000000e+00  0.000000e+00
5.966493e+05  0.000000e+00  0.000000e+00  0.000000e+00  0.000000e+00  0.000000e+00  0.000000e+00  0.000000e+00  0.000000e+00  0.000000e+00  0.000000e+00  0.000000e+00  0.000000e+00  0.000000e+00  0.000000e+00  0.000000e+00  0.000000e+00
6.694516e+05  0.000000e+00  0.000000e+00  0.000000e+00  0.000000e+00  0.000000e+00  0.000000e+00  0.000000e+00  0.000000e+00  0.000000e+00  0.000000e+00  0.000000e+00  0.000000e+00  0.000000e+00  0.000000e+00  0.000000e+00  0.000000e+00
7.511370e+05  0.000000e+00  0.000000e+00  0.000000e+00  0.000000e+00  0.000000e+00  0.000000e+00  0.000000e+00  0.000000e+00  0.000000e+00  0.000000e+00  0.000000e+00  0.000000e+00  0.000000e+00  0.000000e+00  0.000000e+00  0.000000e+00
8.427896e+05  0.000000e+00  0.000000e+00  0.000000e+00  0.000000e+00  0.000000e+00  0.000000e+00  0.000000e+00  0.000000e+00  0.000000e+00  0.000000e+00  0.000000e+00  0.000000e+00  0.000000e+00  0.000000e+00  0.000000e+00  0.000000e+00
9.456255e+05  0.000000e+00  0.000000e+00  0.000000e+00  0.000000e+00  0.000000e+00  0.000000e+00  0.000000e+00  0.000000e+00  0.000000e+00  0.000000e+00  0.000000e+00  0.000000e+00  0.000000e+00  0.000000e+00  0.000000e+00  0.000000e+00
