# dR/dEr [1/keV/kg/Myr]
# Er [keV], S, F, Ne, Cl, Na, Si, O, P, N, C, Al, Mg, Be, B, Ar, Li
1.061009e+01  3.485136e-02  3.390156e-02  0.000000e+00  0.000000e+00  2.325396e-02  0.000000e+00  3.468752e-03  0.000000e+00  0.000000e+00  0.000000e+00  0.000000e+00  0.000000e+00  6.027835e-03  0.000000e+00  0.000000e+00  0.000000e+00
1.190472e+01  6.561620e-03  9.618640e-03  0.000000e+00  0.000000e+00  2.113098e-03  0.000000e+00  0.000000e+00  0.000000e+00  0.000000e+00  0.000000e+00  0.000000e+00  0.000000e+00  0.000000e+00  0.000000e+00  0.000000e+00  0.000000e+00
1.335731e+01  1.157828e-02  4.639768e-03  0.000000e+00  0.000000e+00  0.000000e+00  0.000000e+00  0.000000e+00  0.000000e+00  0.000000e+00  0.000000e+00  0.000000e+00  0.000000e+00  0.000000e+00  0.000000e+00  0.000000e+00  0.000000e+00
1.498715e+01  2.417489e-03  8.686708e-03  0.000000e+00  0.000000e+00  3.980942e-03  0.000000e+00  3.819129e-04  0.000000e+00  0.000000e+00  0.000000e+00  0.000000e+00  0.000000e+00  0.000000e+00  0.000000e+00  0.000000e+00  0.000000e+00
1.681586e+01  5.981335e-03  4.899976e-03  8.535673e-04  0.000000e+00  1.725898e-03  3.403802e-04  0.000000e+00  0.000000e+00  0.000000e+00  0.000000e+00  0.000000e+00  0.000000e+00  0.000000e+00  0.000000e+00  0.000000e+00  0.000000e+00
1.886771e+01  4.068638e-03  4.517463e-03  0.000000e+00  0.000000e+00  7.607427e-04  0.000000e+00  0.000000e+00  0.000000e+00  0.000000e+00  0.000000e+00  0.000000e+00  0.000000e+00  0.000000e+00  0.000000e+00  0.000000e+00  0.000000e+00
2.116992e+01  5.711052e-03  7.873469e-03  0.000000e+00  0.000000e+00  8.328564e-04  0.000000e+00  3.584756e-04  0.000000e+00  0.000000e+00  0.000000e+00  4.827371e-03  0.000000e+00  0.000000e+00  0.000000e+00  0.000000e+00  0.000000e+00
2.375304e+01  1.036262e-02  1.516554e-03  2.000479e-03  0.000000e+00  4.592047e-03  0.000000e+00  6.042794e-04  0.000000e+00  0.000000e+00  0.000000e+00  0.000000e+00  0.000000e+00  0.000000e+00  0.000000e+00  0.000000e+00  0.000000e+00
2.665135e+01  1.040742e-02  1.004500e-02  2.847473e-04  1.700084e-03  4.464978e-04  0.000000e+00  0.000000e+00  3.001574e-03  0.000000e+00  0.000000e+00  0.000000e+00  0.000000e+00  0.000000e+00  0.000000e+00  0.000000e+00  0.000000e+00
2.990330e+01  1.272705e-02  3.810003e-03  3.355702e-04  0.000000e+00  6.878750e-03  0.000000e+00  4.451912e-04  0.000000e+00  0.000000e+00  0.000000e+00  3.473979e-03  0.000000e+00  3.368267e-03  0.000000e+00  0.000000e+00  0.000000e+00
3.355206e+01  1.255970e-02  5.063025e-03  3.950897e-04  0.000000e+00  7.516797e-04  0.000000e+00  2.331813e-03  0.000000e+00  0.000000e+00  0.000000e+00  3.873445e-03  0.000000e+00  8.363304e-03  0.000000e+00  0.000000e+00  0.000000e+00
3.764603e+01  1.922053e-02  1.131451e-02  7.168071e-04  2.015857e-04  5.839808e-03  0.000000e+00  1.513685e-03  0.000000e+00  0.000000e+00  0.000000e+00  0.000000e+00  0.000000e+00  7.767021e-04  0.000000e+00  0.000000e+00  0.000000e+00
4.223954e+01  1.671377e-02  8.511944e-03  2.473147e-03  0.000000e+00  2.985350e-03  0.000000e+00  9.632521e-04  0.000000e+00  0.000000e+00  0.000000e+00  3.643651e-03  0.000000e+00  8.214299e-03  0.000000e+00  0.000000e+00  0.000000e+00
4.739354e+01  1.806362e-02  6.304992e-03  1.601252e-04  4.398273e-04  1.569593e-03  0.000000e+00  5.742125e-04  0.000000e+00  0.000000e+00  0.000000e+00  0.000000e+00  0.000000e+00  6.458622e-03  0.000000e+00  0.000000e+00  0.000000e+00
5.317643e+01  1.749898e-02  3.448792e-03  3.930611e-04  0.000000e+00  6.441780e-03  0.000000e+00  7.595519e-04  0.000000e+00  0.000000e+00  0.000000e+00  1.921811e-03  0.000000e+00  0.000000e+00  0.000000e+00  0.000000e+00  0.000000e+00
5.966493e+01  1.977366e-02  1.059105e-02  4.400112e-04  2.231241e-04  5.045181e-03  0.000000e+00  4.630059e-03  0.000000e+00  0.000000e+00  0.000000e+00  1.740555e-03  0.000000e+00  1.476089e-03  0.000000e+00  0.000000e+00  0.000000e+00
6.694516e+01  2.369759e-02  9.536474e-03  7.456268e-04  0.000000e+00  3.356231e-03  0.000000e+00  8.912219e-04  0.000000e+00  1.447780e-03  0.000000e+00  9.706611e-04  0.000000e+00  2.050950e-02  0.000000e+00  0.000000e+00  0.000000e+00
7.511370e+01  2.565742e-02  1.046137e-02  2.083141e-03  2.526817e-04  2.589415e-03  0.000000e+00  5.876910e-04  0.000000e+00  0.000000e+00  0.000000e+00  1.390753e-03  0.000000e+00  6.782539e+00  0.000000e+00  0.000000e+00  0.000000e+00
8.427896e+01  2.945993e-02  9.739548e-03  4.253920e-04  1.715928e-03  3.083011e-03  0.000000e+00  2.291150e-03  0.000000e+00  0.000000e+00  0.000000e+00  0.000000e+00  0.000000e+00  8.069909e+00  0.000000e+00  0.000000e+00  0.000000e+00
9.456255e+01  2.946141e-02  8.188570e-03  1.201639e-03  2.926540e-04  5.753473e-03  0.000000e+00  6.011819e-04  0.000000e+00  1.268001e-03  0.000000e+00  2.430513e-04  0.000000e+00  6.218804e+00  0.000000e+00  0.000000e+00  0.000000e+00
1.061009e+02  3.156680e-02  1.226570e-02  1.904067e-03  3.111963e-04  3.682090e-03  0.000000e+00  8.083477e-04  0.000000e+00  0.000000e+00  9.787861e-04  1.249752e-03  0.000000e+00  4.594745e+00  0.000000e+00  0.000000e+00  0.000000e+00
1.190472e+02  3.255051e-02  1.586833e-02  1.274278e-03  6.267745e-04  7.014057e-03  0.000000e+00  7.528218e-04  0.000000e+00  4.807999e-05  5.458428e-04  3.962375e+00  0.000000e+00  3.449865e+00  0.000000e+00  1.067636e-03  0.000000e+00
1.335731e+02  3.867453e-02  1.503168e-02  1.997140e-03  2.020237e-04  4.559073e-03  0.000000e+00  6.824564e-04  0.000000e+00  0.000000e+00  0.000000e+00  3.386092e+00  0.000000e+00  2.577392e+00  0.000000e+00  0.000000e+00  0.000000e+00
1.498715e+02  8.686930e-02  1.682754e-02  7.028347e-04  3.539429e-04  2.643087e-03  0.000000e+00  3.016791e-03  0.000000e+00  4.566032e-04  7.471328e-04  2.535506e+00  0.000000e+00  1.938393e+00  0.000000e+00  0.000000e+00  0.000000e+00
1.681586e+02  1.213260e-01  2.111645e-02  1.211491e-03  1.725898e-04  3.582491e-03  1.366778e-04  2.434904e-03  0.000000e+00  7.145249e-04  0.000000e+00  1.988111e+00  0.000000e+00  1.394092e+00  0.000000e+00  0.000000e+00  0.000000e+00
1.886771e+02  7.637802e-02  1.870759e-02  1.100638e-03  1.640061e-04  4.448690e-03  7.055805e-05  2.713513e-03  5.322640e-05  5.322640e-05  0.000000e+00  1.440708e+00  0.000000e+00  9.939341e-01  0.000000e+00  0.000000e+00  0.000000e+00
2.116992e+02  3.722780e-02  2.487365e-02  1.176198e-03  8.316121e-04  3.407636e-03  4.743808e-05  1.304686e-03  0.000000e+00  0.000000e+00  1.085670e-04  1.151213e+00  0.000000e+00  7.072400e-01  0.000000e+00  1.274683e-04  0.000000e+00
2.375304e+02  2.756530e-02  9.558701e-02  1.850402e-03  7.425124e-04  4.205226e-03  1.814871e-05  2.584776e-03  2.108561e-04  0.000000e+00  2.409708e-05  8.557420e-01  0.000000e+00  5.354080e-01  0.000000e+00  9.616137e-05  0.000000e+00
2.665135e+02  2.337757e-02  8.071370e-02  1.744299e-03  8.552982e-04  5.571469e-03  4.973885e-05  1.876985e-03  0.000000e+00  3.768141e-05  3.308485e-04  6.112513e-01  0.000000e+00  3.489742e-01  0.000000e+00  0.000000e+00  0.000000e+00
2.990330e+02  1.813612e-02  1.613865e-02  8.008910e-04  3.980579e-04  4.414908e-03  2.571572e-04  2.435814e-03  8.328181e-05  9.778100e-05  4.009772e-04  4.746951e-01  0.000000e+00  2.578635e-01  0.000000e+00  0.000000e+00  0.000000e+00
3.355206e+02  1.650777e-02  1.650580e-02  9.572504e-04  6.776328e-04  4.058615e-03  2.993140e-05  1.599255e-03  2.569660e-05  2.261828e-05  3.287148e-04  3.511419e-01  2.624898e-04  1.873805e-01  0.000000e+00  0.000000e+00  1.077903e-04
3.764603e+02  1.200803e-02  1.198168e-02  2.002043e-03  9.015218e-04  3.668670e-03  7.579576e-04  1.361379e-03  0.000000e+00  3.521241e-05  0.000000e+00  2.315432e-01  0.000000e+00  1.292252e-01  0.000000e+00  0.000000e+00  0.000000e+00
4.223954e+02  7.798255e-03  1.195834e-02  7.930048e-04  7.887637e-04  3.848890e-03  7.692535e-05  1.441610e-03  3.790315e-04  8.273437e-05  2.177249e-04  1.679399e-01  0.000000e+00  7.092782e-02  0.000000e+00  6.388550e-05  0.000000e+00
4.739354e+02  7.268126e-03  1.034217e-02  1.225049e-03  8.424280e-04  3.178378e-03  2.351354e-04  2.625024e-03  1.851824e-04  1.687909e-04  0.000000e+00  1.154766e-01  0.000000e+00  5.128362e-02  1.687909e-04  0.000000e+00  0.000000e+00
5.317643e+02  6.757921e-03  9.211361e-03  2.169357e-03  4.323687e-04  2.501770e-03  1.068920e-04  1.140485e-03  3.255450e-04  1.916984e-04  2.962726e-04  9.934280e-02  0.000000e+00  3.580669e-02  4.322132e-05  4.295370e-05  0.000000e+00
5.966493e+02  6.405887e-03  8.242647e-03  1.861636e-03  1.572806e-03  2.573133e-03  2.805756e-04  2.049635e-03  2.223127e-04  1.096033e-04  1.688133e-04  6.487831e-02  0.000000e+00  2.440459e-02  0.000000e+00  4.900659e-05  0.000000e+00
6.694516e+02  5.249584e-03  7.924564e-03  2.343422e-03  1.558226e-03  2.719112e-03  2.320419e-04  1.786917e-03  9.596808e-05  4.124203e-05  1.533280e-04  4.403380e-02  0.000000e+00  1.565639e-02  0.000000e+00  0.000000e+00  0.000000e+00
7.511370e+02  4.155491e-03  5.535238e-03  1.591343e-03  1.134498e-03  1.871209e-03  2.101506e-04  1.305599e-03  1.918926e-04  1.720079e-04  1.229890e-04  2.957236e-02  0.000000e+00  1.144655e-02  0.000000e+00  0.000000e+00  0.000000e+00
8.427896e+02  3.494712e-03  5.426644e-03  1.542029e-03  7.052588e-04  2.215439e-03  3.282689e-05  1.345478e-03  2.473331e-05  1.349413e-04  4.073570e-04  1.681128e-02  0.000000e+00  6.311363e-03  0.000000e+00  6.630976e-05  0.000000e+00
9.456255e+02  2.975208e-03  4.055716e-03  1.809613e-03  7.868818e-04  1.954615e-03  1.893784e-04  1.306438e-03  1.280149e-04  0.000000e+00  3.160582e-04  1.421173e-02  4.791486e-05  3.998695e-03  0.000000e+00  0.000000e+00  0.000000e+00
1.061009e+03  2.718826e-03  2.785071e-03  1.886668e-03  1.236624e-03  1.791346e-03  1.277441e-04  1.231849e-03  1.341304e-04  2.919267e-04  1.406637e-04  9.974304e-03  0.000000e+00  1.975946e-03  1.340529e-04  8.300657e-05  0.000000e+00
1.190472e+03  2.039168e-03  2.367548e-03  1.596213e-03  1.222552e-03  8.658376e-04  1.224992e-04  8.570080e-04  4.043560e-04  1.007929e-04  5.634273e-04  6.625955e-03  0.000000e+00  1.172064e-03  0.000000e+00  0.000000e+00  0.000000e+00
1.335731e+03  1.878272e-03  2.644386e-03  1.503682e-03  9.295385e-04  7.572774e-04  2.567727e-04  7.667226e-04  1.410430e-04  2.755182e-04  1.885293e-04  3.264094e-03  0.000000e+00  7.746125e-04  4.183863e-05  0.000000e+00  0.000000e+00
1.498715e+03  1.072004e-03  2.059465e-03  1.250539e-03  1.169611e-03  1.084367e-03  5.510779e-04  1.008349e-03  2.965382e-04  3.178478e-04  2.717401e-04  1.481329e-03  3.802206e-05  6.715926e-04  0.000000e+00  0.000000e+00  7.081948e-05
1.681586e+03  8.194333e-04  1.823324e-03  1.134193e-03  7.959231e-04  9.030545e-04  2.103723e-04  5.605667e-04  3.287372e-04  2.117346e-04  1.905314e-04  1.681033e-03  0.000000e+00  3.476820e-04  6.169660e-05  0.000000e+00  2.150698e-05
1.886771e+03  9.639559e-04  1.555801e-03  1.180206e-03  8.118470e-04  8.999736e-04  2.761245e-04  5.476075e-04  2.724792e-04  1.257166e-04  2.817876e-04  8.072465e-04  5.740560e-05  7.025799e-06  1.551027e-04  1.694850e-05  0.000000e+00
2.116992e+03  5.271207e-04  1.340028e-03  6.664803e-04  6.479178e-04  5.580922e-04  1.416136e-04  4.999967e-04  2.368667e-04  1.404668e-04  1.958693e-04  5.583676e-04  5.031003e-05  1.888449e-04  1.274683e-05  0.000000e+00  1.274683e-05
2.375304e+03  5.178091e-04  7.663997e-04  8.329732e-04  1.038212e-03  5.669755e-04  3.792234e-04  4.304555e-04  1.474499e-04  5.558196e-05  1.537052e-04  5.586272e-04  1.048456e-05  0.000000e+00  4.302399e-05  0.000000e+00  5.339682e-05
2.665135e+03  2.941394e-04  7.260007e-04  5.813748e-04  1.054796e-03  3.595410e-04  1.329264e-04  3.368947e-04  2.691848e-04  9.553266e-05  1.346888e-04  3.980674e-04  6.832072e-05  7.821375e-05  3.779258e-05  0.000000e+00  4.576328e-05
2.990330e+03  2.339669e-04  4.936837e-04  4.797086e-04  6.701156e-04  2.682178e-04  2.847393e-04  2.452651e-04  2.539292e-04  2.469173e-04  2.475403e-04  2.550216e-04  9.019431e-05  0.000000e+00  4.346077e-05  0.000000e+00  6.099540e-05
3.355206e+03  1.189997e-04  5.829363e-04  5.720299e-04  9.022932e-04  1.598539e-04  3.014040e-04  8.284993e-05  2.413900e-04  1.108942e-04  1.721925e-04  1.374034e-04  4.795180e-05  1.192768e-05  3.096187e-05  0.000000e+00  1.489283e-05
3.764603e+03  8.751253e-05  3.128735e-04  5.034961e-04  5.595917e-04  1.098030e-04  3.297423e-04  5.823474e-05  1.218184e-04  1.929394e-04  2.036924e-04  1.843614e-04  6.192571e-05  6.105174e-06  3.315221e-05  0.000000e+00  1.140954e-04
4.223954e+03  5.402646e-05  1.199332e-04  2.452610e-04  4.477663e-04  9.541815e-05  1.245421e-04  1.047253e-04  2.100048e-04  1.321547e-04  2.081451e-04  1.013161e-04  8.596637e-05  0.000000e+00  5.354795e-05  0.000000e+00  8.433560e-05
4.739354e+03  2.204195e-05  2.019088e-04  2.651396e-04  4.947852e-04  7.803458e-05  2.241757e-04  3.344327e-05  1.389314e-04  9.352366e-05  1.082647e-04  8.630229e-05  3.519745e-05  6.747321e-06  1.988145e-05  0.000000e+00  6.651933e-05
5.317643e+03  1.797956e-05  1.884440e-04  2.560904e-04  2.810729e-04  5.539245e-05  2.190377e-04  2.790044e-05  1.794526e-04  9.379198e-05  1.664146e-04  1.213876e-04  4.920575e-05  0.000000e+00  5.858981e-05  0.000000e+00  5.026566e-05
5.966493e+03  4.147364e-05  1.064204e-04  1.669670e-04  2.597054e-04  4.055863e-05  1.268551e-04  6.055420e-05  1.377212e-04  9.017091e-05  9.640338e-05  1.288839e-05  3.837558e-05  0.000000e+00  2.276514e-05  0.000000e+00  2.622456e-05
6.694516e+03  3.720062e-06  9.913912e-05  1.253202e-04  1.805455e-04  3.681976e-05  2.709518e-04  4.128818e-05  1.421441e-04  8.478961e-05  8.381596e-05  7.894892e-05  2.415294e-05  0.000000e+00  2.472688e-05  0.000000e+00  5.402310e-06
7.511370e+03  1.931139e-05  8.670346e-05  8.975292e-05  1.073369e-04  1.767769e-05  1.835192e-04  3.112243e-05  1.431906e-04  9.919416e-06  6.675303e-05  3.135243e-05  2.991001e-05  0.000000e+00  1.453896e-05  0.000000e+00  6.213424e-05
8.427896e+03  1.232219e-05  7.996750e-05  4.175177e-05  1.180988e-04  2.144647e-05  1.909238e-04  2.180995e-05  1.412905e-04  2.653901e-05  4.064291e-05  1.542047e-05  5.159164e-05  0.000000e+00  8.845537e-06  0.000000e+00  5.469664e-05
9.456255e+03  0.000000e+00  2.277576e-05  3.447572e-05  1.345120e-04  1.345929e-05  1.163876e-04  2.853661e-06  7.698185e-05  3.650671e-05  2.275096e-05  5.639206e-05  7.984917e-05  0.000000e+00  2.449859e-05  0.000000e+00  1.098568e-05
1.061009e+04  0.000000e+00  3.903392e-05  1.830178e-05  8.094842e-05  1.217520e-05  9.530343e-05  4.257041e-05  3.542097e-05  1.254684e-05  4.280852e-05  4.049545e-05  1.314687e-05  0.000000e+00  2.347200e-06  0.000000e+00  3.327917e-05
1.190472e+04  0.000000e+00  7.044844e-06  3.037942e-06  5.047389e-05  0.000000e+00  5.373931e-05  1.930625e-06  2.356896e-05  4.183889e-06  3.744651e-05  2.740628e-05  5.922106e-06  0.000000e+00  1.628293e-05  0.000000e+00  3.647413e-05
1.335731e+04  0.000000e+00  2.440240e-05  1.595454e-05  4.724704e-05  0.000000e+00  3.417816e-05  2.189044e-06  1.865665e-05  7.477704e-06  2.033700e-05  2.562633e-05  1.744241e-05  0.000000e+00  0.000000e+00  0.000000e+00  2.769724e-05
1.498715e+04  0.000000e+00  6.505035e-06  3.802206e-06  1.977042e-05  0.000000e+00  2.646041e-05  0.000000e+00  1.240840e-05  5.876415e-06  9.062965e-06  3.601076e-06  6.456819e-06  0.000000e+00  3.462229e-06  0.000000e+00  2.528792e-05
1.681586e+04  0.000000e+00  9.471890e-06  1.480983e-06  1.132250e-05  0.000000e+00  3.705821e-05  1.366778e-06  1.080837e-05  0.000000e+00  3.388719e-06  2.694451e-06  3.889518e-06  0.000000e+00  2.441786e-05  0.000000e+00  2.036075e-05
1.886771e+04  0.000000e+00  8.882936e-06  0.000000e+00  7.007703e-06  0.000000e+00  2.201500e-05  0.000000e+00  1.092314e-05  0.000000e+00  0.000000e+00  1.270309e-05  8.579964e-06  0.000000e+00  1.144601e-05  0.000000e+00  3.169686e-05
2.116992e+04  0.000000e+00  1.085670e-06  0.000000e+00  1.255043e-05  0.000000e+00  2.466864e-06  0.000000e+00  4.905551e-06  0.000000e+00  0.000000e+00  0.000000e+00  3.778758e-06  0.000000e+00  1.211223e-05  0.000000e+00  4.905551e-06
2.375304e+04  0.000000e+00  0.000000e+00  0.000000e+00  9.676048e-07  0.000000e+00  8.840484e-06  1.522578e-06  3.237417e-06  0.000000e+00  3.707767e-06  4.240397e-06  2.096912e-06  0.000000e+00  0.000000e+00  0.000000e+00  1.280890e-05
2.665135e+04  0.000000e+00  1.356999e-06  0.000000e+00  3.730109e-06  0.000000e+00  0.000000e+00  0.000000e+00  0.000000e+00  0.000000e+00  1.199862e-06  0.000000e+00  0.000000e+00  0.000000e+00  0.000000e+00  0.000000e+00  1.356999e-06
2.990330e+04  0.000000e+00  0.000000e+00  0.000000e+00  3.241176e-06  0.000000e+00  0.000000e+00  0.000000e+00  0.000000e+00  0.000000e+00  0.000000e+00  0.000000e+00  5.812748e-06  0.000000e+00  5.939839e-06  0.000000e+00  5.094827e-06
3.355206e+04  0.000000e+00  0.000000e+00  0.000000e+00  0.000000e+00  0.000000e+00  0.000000e+00  0.000000e+00  0.000000e+00  0.000000e+00  0.000000e+00  0.000000e+00  8.042708e-07  0.000000e+00  6.807703e-07  0.000000e+00  1.906169e-06
3.764603e+04  0.000000e+00  0.000000e+00  0.000000e+00  1.513685e-06  0.000000e+00  0.000000e+00  0.000000e+00  0.000000e+00  0.000000e+00  0.000000e+00  0.000000e+00  2.574558e-06  0.000000e+00  1.513685e-06  0.000000e+00  6.105174e-07
4.223954e+04  0.000000e+00  0.000000e+00  0.000000e+00  1.072680e-06  0.000000e+00  0.000000e+00  0.000000e+00  3.957811e-06  0.000000e+00  0.000000e+00  0.000000e+00  4.233241e-06  0.000000e+00  0.000000e+00  0.000000e+00  0.000000e+00
4.739354e+04  0.000000e+00  0.000000e+00  0.000000e+00  0.000000e+00  0.000000e+00  0.000000e+00  0.000000e+00  4.849512e-07  0.000000e+00  0.000000e+00  0.000000e+00  1.440978e-06  0.000000e+00  2.045044e-06  0.000000e+00  0.000000e+00
5.317643e+04  0.000000e+00  0.000000e+00  0.000000e+00  0.000000e+00  0.000000e+00  0.000000e+00  0.000000e+00  0.000000e+00  0.000000e+00  0.000000e+00  0.000000e+00  0.000000e+00  0.000000e+00  0.000000e+00  0.000000e+00  0.000000e+00
5.966493e+04  0.000000e+00  0.000000e+00  0.000000e+00  0.000000e+00  0.000000e+00  0.000000e+00  0.000000e+00  0.000000e+00  0.000000e+00  0.000000e+00  0.000000e+00  0.000000e+00  0.000000e+00  0.000000e+00  0.000000e+00  0.000000e+00
6.694516e+04  0.000000e+00  0.000000e+00  0.000000e+00  0.000000e+00  0.000000e+00  0.000000e+00  0.000000e+00  0.000000e+00  0.000000e+00  0.000000e+00  0.000000e+00  0.000000e+00  0.000000e+00  0.000000e+00  0.000000e+00  1.491998e-06
7.511370e+04  0.000000e+00  0.000000e+00  0.000000e+00  0.000000e+00  0.000000e+00  0.000000e+00  0.000000e+00  0.000000e+00  0.000000e+00  0.000000e+00  0.000000e+00  0.000000e+00  0.000000e+00  0.000000e+00  0.000000e+00  9.919416e-07
8.427896e+04  0.000000e+00  0.000000e+00  0.000000e+00  0.000000e+00  0.000000e+00  0.000000e+00  0.000000e+00  0.000000e+00  0.000000e+00  0.000000e+00  0.000000e+00  0.000000e+00  0.000000e+00  0.000000e+00  0.000000e+00  0.000000e+00
9.456255e+04  0.000000e+00  0.000000e+00  0.000000e+00  0.000000e+00  0.000000e+00  0.000000e+00  0.000000e+00  0.000000e+00  0.000000e+00  0.000000e+00  0.000000e+00  0.000000e+00  0.000000e+00  0.000000e+00  0.000000e+00  0.000000e+00
1.061009e+05  0.000000e+00  0.000000e+00  0.000000e+00  0.000000e+00  0.000000e+00  0.000000e+00  0.000000e+00  0.000000e+00  0.000000e+00  0.000000e+00  0.000000e+00  0.000000e+00  0.000000e+00  0.000000e+00  0.000000e+00  0.000000e+00
1.190472e+05  0.000000e+00  0.000000e+00  0.000000e+00  0.000000e+00  0.000000e+00  0.000000e+00  0.000000e+00  0.000000e+00  0.000000e+00  0.000000e+00  0.000000e+00  0.000000e+00  0.000000e+00  0.000000e+00  0.000000e+00  0.000000e+00
1.335731e+05  0.000000e+00  0.000000e+00  0.000000e+00  0.000000e+00  0.000000e+00  0.000000e+00  0.000000e+00  0.000000e+00  0.000000e+00  0.000000e+00  0.000000e+00  0.000000e+00  0.000000e+00  0.000000e+00  0.000000e+00  0.000000e+00
1.498715e+05  0.000000e+00  0.000000e+00  0.000000e+00  0.000000e+00  0.000000e+00  0.000000e+00  0.000000e+00  0.000000e+00  0.000000e+00  0.000000e+00  0.000000e+00  0.000000e+00  0.000000e+00  0.000000e+00  0.000000e+00  0.000000e+00
1.681586e+05  0.000000e+00  0.000000e+00  0.000000e+00  0.000000e+00  0.000000e+00  0.000000e+00  0.000000e+00  0.000000e+00  0.000000e+00  0.000000e+00  0.000000e+00  0.000000e+00  0.000000e+00  0.000000e+00  0.000000e+00  0.000000e+00
1.886771e+05  0.000000e+00  0.000000e+00  0.000000e+00  0.000000e+00  0.000000e+00  0.000000e+00  0.000000e+00  0.000000e+00  0.000000e+00  0.000000e+00  0.000000e+00  0.000000e+00  0.000000e+00  0.000000e+00  0.000000e+00  0.000000e+00
2.116992e+05  0.000000e+00  0.000000e+00  0.000000e+00  0.000000e+00  0.000000e+00  0.000000e+00  0.000000e+00  0.000000e+00  0.000000e+00  0.000000e+00  0.000000e+00  0.000000e+00  0.000000e+00  0.000000e+00  0.000000e+00  0.000000e+00
2.375304e+05  0.000000e+00  0.000000e+00  0.000000e+00  0.000000e+00  0.000000e+00  0.000000e+00  0.000000e+00  0.000000e+00  0.000000e+00  0.000000e+00  0.000000e+00  0.000000e+00  0.000000e+00  0.000000e+00  0.000000e+00  0.000000e+00
2.665135e+05  0.000000e+00  0.000000e+00  0.000000e+00  0.000000e+00  0.000000e+00  0.000000e+00  0.000000e+00  0.000000e+00  0.000000e+00  0.000000e+00  0.000000e+00  0.000000e+00  0.000000e+00  0.000000e+00  0.000000e+00  0.000000e+00
2.990330e+05  0.000000e+00  0.000000e+00  0.000000e+00  0.000000e+00  0.000000e+00  0.000000e+00  0.000000e+00  0.000000e+00  0.000000e+00  0.000000e+00  0.000000e+00  0.000000e+00  0.000000e+00  0.000000e+00  0.000000e+00  0.000000e+00
3.355206e+05  0.000000e+00  0.000000e+00  0.000000e+00  0.000000e+00  0.000000e+00  0.000000e+00  0.000000e+00  0.000000e+00  0.000000e+00  0.000000e+00  0.000000e+00  0.000000e+00  0.000000e+00  0.000000e+00  0.000000e+00  0.000000e+00
3.764603e+05  0.000000e+00  0.000000e+00  0.000000e+00  0.000000e+00  0.000000e+00  0.000000e+00  0.000000e+00  0.000000e+00  0.000000e+00  0.000000e+00  0.000000e+00  0.000000e+00  0.000000e+00  0.000000e+00  0.000000e+00  0.000000e+00
4.223954e+05  0.000000e+00  0.000000e+00  0.000000e+00  0.000000e+00  0.000000e+00  0.000000e+00  0.000000e+00  0.000000e+00  0.000000e+00  0.000000e+00  0.000000e+00  0.000000e+00  0.000000e+00  0.000000e+00  0.000000e+00  0.000000e+00
4.739354e+05  0.000000e+00  0.000000e+00  0.000000e+00  0.000000e+00  0.000000e+00  0.000000e+00  0.000000e+00  0.000000e+00  0.000000e+00  0.000000e+00  0.000000e+00  0.000000e+00  0.000000e+00  0.000000e+00  0.000000e+00  0.000000e+00
5.317643e+05  0.000000e+00  0.000000e+00  0.000000e+00  0.000000e+00  0.000000e+00  0.000000e+00  0.000000e+00  0.000000e+00  0.000000e+00  0.000000e+00  0.000000e+00  0.000000e+00  0.000000e+00  0.000000e+00  0.000000e+00  0.000000e+00
5.966493e+05  0.000000e+00  0.000000e+00  0.000000e+00  0.000000e+00  0.000000e+00  0.000000e+00  0.000000e+00  0.000000e+00  0.000000e+00  0.000000e+00  0.000000e+00  0.000000e+00  0.000000e+00  0.000000e+00  0.000000e+00  0.000000e+00
6.694516e+05  0.000000e+00  0.000000e+00  0.000000e+00  0.000000e+00  0.000000e+00  0.000000e+00  0.000000e+00  0.000000e+00  0.000000e+00  0.000000e+00  0.000000e+00  0.000000e+00  0.000000e+00  0.000000e+00  0.000000e+00  0.000000e+00
7.511370e+05  0.000000e+00  0.000000e+00  0.000000e+00  0.000000e+00  0.000000e+00  0.000000e+00  0.000000e+00  0.000000e+00  0.000000e+00  0.000000e+00  0.000000e+00  0.000000e+00  0.000000e+00  0.000000e+00  0.000000e+00  0.000000e+00
8.427896e+05  0.000000e+00  0.000000e+00  0.000000e+00  0.000000e+00  0.000000e+00  0.000000e+00  0.000000e+00  0.000000e+00  0.000000e+00  0.000000e+00  0.000000e+00  0.000000e+00  0.000000e+00  0.000000e+00  0.000000e+00  0.000000e+00
9.456255e+05  0.000000e+00  0.000000e+00  0.000000e+00  0.000000e+00  0.000000e+00  0.000000e+00  0.000000e+00  0.000000e+00  0.000000e+00  0.000000e+00  0.000000e+00  0.000000e+00  0.000000e+00  0.000000e+00  0.000000e+00  0.000000e+00
