# dR/dEr [1/keV/kg/Myr]
# Er [keV], S, F, Ne, Cl, Na, Si, O, P, N, C, Al, Mg, Be, B, Ar, Li
1.061009e+01  2.002198e-02  1.854093e-02  0.000000e+00  0.000000e+00  1.128576e-02  0.000000e+00  3.116258e-03  0.000000e+00  0.000000e+00  0.000000e+00  0.000000e+00  0.000000e+00  5.273151e-03  0.000000e+00  0.000000e+00  0.000000e+00
1.190472e+01  2.873715e-03  4.722574e-03  0.000000e+00  0.000000e+00  9.256991e-04  0.000000e+00  0.000000e+00  0.000000e+00  0.000000e+00  0.000000e+00  0.000000e+00  0.000000e+00  0.000000e+00  0.000000e+00  0.000000e+00  0.000000e+00
1.335731e+01  6.401732e-03  2.930318e-03  0.000000e+00  0.000000e+00  0.000000e+00  0.000000e+00  0.000000e+00  0.000000e+00  0.000000e+00  0.000000e+00  0.000000e+00  0.000000e+00  0.000000e+00  0.000000e+00  0.000000e+00  0.000000e+00
1.498715e+01  1.058739e-03  4.125410e-03  0.000000e+00  0.000000e+00  2.392048e-03  0.000000e+00  1.670588e-04  0.000000e+00  0.000000e+00  0.000000e+00  0.000000e+00  0.000000e+00  0.000000e+00  0.000000e+00  0.000000e+00  0.000000e+00
1.681586e+01  2.619506e-03  2.190798e-03  3.737073e-04  0.000000e+00  7.562422e-04  1.488913e-04  0.000000e+00  0.000000e+00  0.000000e+00  0.000000e+00  0.000000e+00  0.000000e+00  0.000000e+00  0.000000e+00  0.000000e+00  0.000000e+00
1.886771e+01  1.781587e-03  2.004628e-03  0.000000e+00  0.000000e+00  3.330670e-04  0.000000e+00  0.000000e+00  0.000000e+00  0.000000e+00  0.000000e+00  0.000000e+00  0.000000e+00  0.000000e+00  0.000000e+00  0.000000e+00  0.000000e+00
2.116992e+01  3.161655e-03  3.676862e-03  0.000000e+00  0.000000e+00  3.647219e-04  0.000000e+00  1.569068e-04  0.000000e+00  0.000000e+00  0.000000e+00  2.411584e-03  0.000000e+00  0.000000e+00  0.000000e+00  0.000000e+00  0.000000e+00
2.375304e+01  5.758575e-03  6.642861e-04  8.968434e-04  0.000000e+00  2.099234e-03  0.000000e+00  2.645645e-04  0.000000e+00  0.000000e+00  0.000000e+00  0.000000e+00  0.000000e+00  0.000000e+00  0.000000e+00  0.000000e+00  0.000000e+00
2.665135e+01  4.786067e-03  5.195742e-03  1.246355e-04  1.109354e-03  1.953555e-04  0.000000e+00  0.000000e+00  1.393348e-03  0.000000e+00  0.000000e+00  0.000000e+00  0.000000e+00  0.000000e+00  0.000000e+00  0.000000e+00  0.000000e+00
2.990330e+01  8.249897e-03  1.673304e-03  1.467570e-04  0.000000e+00  3.430331e-03  0.000000e+00  1.948092e-04  0.000000e+00  0.000000e+00  0.000000e+00  2.323525e-03  0.000000e+00  1.636046e-03  0.000000e+00  0.000000e+00  0.000000e+00
3.355206e+01  5.755934e-03  2.715314e-03  1.732741e-04  0.000000e+00  3.291254e-04  0.000000e+00  1.053661e-03  0.000000e+00  0.000000e+00  0.000000e+00  2.291772e-03  0.000000e+00  4.273347e-03  0.000000e+00  0.000000e+00  0.000000e+00
3.764603e+01  9.767433e-03  5.605900e-03  7.414816e-04  8.823517e-05  3.106034e-03  0.000000e+00  8.700178e-04  0.000000e+00  0.000000e+00  0.000000e+00  0.000000e+00  0.000000e+00  7.429864e-04  0.000000e+00  0.000000e+00  0.000000e+00
4.223954e+01  8.133171e-03  4.650756e-03  1.226848e-03  0.000000e+00  1.319483e-03  0.000000e+00  7.807367e-04  0.000000e+00  0.000000e+00  0.000000e+00  1.932423e-03  0.000000e+00  4.961761e-03  0.000000e+00  0.000000e+00  0.000000e+00
4.739354e+01  8.761273e-03  2.784042e-03  7.008769e-05  1.927563e-04  8.924082e-04  0.000000e+00  2.513135e-04  0.000000e+00  0.000000e+00  0.000000e+00  0.000000e+00  0.000000e+00  3.268275e-03  0.000000e+00  0.000000e+00  0.000000e+00
5.317643e+01  7.959526e-03  1.844001e-03  1.720150e-04  0.000000e+00  3.210478e-03  0.000000e+00  3.323904e-04  0.000000e+00  0.000000e+00  0.000000e+00  9.600689e-04  0.000000e+00  0.000000e+00  0.000000e+00  0.000000e+00  0.000000e+00
5.966493e+01  9.529530e-03  5.321516e-03  1.925871e-04  9.763589e-05  2.924722e-03  0.000000e+00  2.844883e-03  0.000000e+00  0.000000e+00  0.000000e+00  8.562415e-04  0.000000e+00  7.672688e-04  0.000000e+00  0.000000e+00  0.000000e+00
6.694516e+01  1.103080e-02  4.848722e-03  3.264328e-04  0.000000e+00  1.970769e-03  0.000000e+00  5.355129e-04  0.000000e+00  7.300295e-04  0.000000e+00  4.412385e-04  0.000000e+00  1.075908e-02  0.000000e+00  0.000000e+00  0.000000e+00
7.511370e+01  1.206087e-02  5.372677e-03  1.152266e-03  1.107313e-04  1.376554e-03  0.000000e+00  2.575900e-04  0.000000e+00  0.000000e+00  0.000000e+00  6.899074e-04  0.000000e+00  3.657346e+00  0.000000e+00  0.000000e+00  0.000000e+00
8.427896e+01  1.355877e-02  4.737051e-03  1.863101e-04  8.278307e-04  1.789577e-03  0.000000e+00  1.062923e-03  0.000000e+00  0.000000e+00  0.000000e+00  0.000000e+00  0.000000e+00  4.348062e+00  0.000000e+00  0.000000e+00  0.000000e+00
9.456255e+01  1.406148e-02  4.204015e-03  5.426838e-04  1.281751e-04  2.922271e-03  0.000000e+00  4.237238e-04  0.000000e+00  8.108160e-04  0.000000e+00  2.939947e-04  0.000000e+00  3.357534e+00  0.000000e+00  0.000000e+00  0.000000e+00
1.061009e+02  1.496242e-02  5.880368e-03  9.666156e-04  3.033848e-04  1.692046e-03  0.000000e+00  4.669446e-04  0.000000e+00  0.000000e+00  4.815000e-04  7.261822e-04  0.000000e+00  2.475346e+00  0.000000e+00  0.000000e+00  0.000000e+00
1.190472e+02  1.483792e-02  8.128547e-03  6.938402e-04  3.399815e-04  3.362643e-03  0.000000e+00  4.496725e-04  0.000000e+00  2.103145e-05  2.481266e-04  2.144237e+00  0.000000e+00  1.859220e+00  0.000000e+00  6.628492e-04  0.000000e+00
1.335731e+02  1.783124e-02  7.503829e-03  1.035245e-03  2.089779e-04  2.346526e-03  0.000000e+00  4.133715e-04  0.000000e+00  0.000000e+00  0.000000e+00  1.839403e+00  0.000000e+00  1.386227e+00  0.000000e+00  0.000000e+00  0.000000e+00
1.498715e+02  3.906730e-02  7.962236e-03  4.151825e-04  2.625122e-04  1.792258e-03  0.000000e+00  1.438323e-03  0.000000e+00  2.519503e-04  4.344314e-04  1.368748e+00  0.000000e+00  1.042762e+00  0.000000e+00  0.000000e+00  0.000000e+00
1.681586e+02  5.427922e-02  1.079953e-02  6.355639e-04  7.562422e-05  1.925964e-03  1.653254e-04  1.213604e-03  0.000000e+00  4.129992e-04  0.000000e+00  1.073946e+00  0.000000e+00  7.493147e-01  0.000000e+00  0.000000e+00  0.000000e+00
1.886771e+02  3.476037e-02  9.116305e-03  5.712833e-04  7.179765e-05  2.120354e-03  3.087518e-05  1.428151e-03  2.331724e-05  2.331724e-05  0.000000e+00  7.862847e-01  0.000000e+00  5.378045e-01  0.000000e+00  0.000000e+00  0.000000e+00
2.116992e+02  1.763236e-02  1.151839e-02  5.507332e-04  3.821308e-04  1.822127e-03  2.078151e-05  6.568038e-04  0.000000e+00  0.000000e+00  1.313226e-04  6.193240e-01  0.000000e+00  3.812090e-01  0.000000e+00  1.318561e-04  0.000000e+00
2.375304e+02  1.321322e-02  4.292767e-02  1.086673e-03  3.521767e-04  2.210492e-03  7.934912e-06  1.245512e-03  1.562153e-04  0.000000e+00  1.054070e-05  4.614472e-01  0.000000e+00  2.864550e-01  0.000000e+00  4.231906e-05  0.000000e+00
2.665135e+02  1.106332e-02  3.627231e-02  9.993937e-04  4.538916e-04  2.787163e-03  2.181391e-05  1.015540e-03  0.000000e+00  1.650734e-05  1.556209e-04  3.305083e-01  0.000000e+00  1.860431e-01  0.000000e+00  0.000000e+00  0.000000e+00
2.990330e+02  9.045048e-03  7.875919e-03  3.774273e-04  2.004250e-04  2.234659e-03  1.390055e-04  1.223666e-03  9.315795e-05  9.353644e-05  2.564025e-04  2.551018e-01  0.000000e+00  1.403536e-01  0.000000e+00  0.000000e+00  0.000000e+00
3.355206e+02  8.079602e-03  8.411866e-03  4.337853e-04  3.572626e-04  2.080497e-03  1.311225e-05  8.758371e-04  1.123498e-05  9.900149e-06  1.761578e-04  1.894616e-01  1.364418e-04  1.012160e-01  0.000000e+00  0.000000e+00  8.297135e-05
3.764603e+02  6.193457e-03  6.204936e-03  1.099961e-03  4.932095e-04  1.826663e-03  4.267334e-04  6.677283e-04  0.000000e+00  1.544307e-05  0.000000e+00  1.277881e-01  0.000000e+00  6.900722e-02  0.000000e+00  0.000000e+00  0.000000e+00
4.223954e+02  4.050868e-03  6.012620e-03  4.023797e-04  4.455252e-04  1.917950e-03  7.381475e-05  7.072363e-04  2.076847e-04  7.636621e-05  1.360162e-04  9.022413e-02  0.000000e+00  4.041190e-02  0.000000e+00  6.608462e-05  0.000000e+00
4.739354e+02  3.679590e-03  5.215471e-03  6.063934e-04  4.754370e-04  1.548790e-03  1.148032e-04  1.260435e-03  8.440651e-05  7.835370e-05  0.000000e+00  6.243768e-02  0.000000e+00  2.808604e-02  7.835370e-05  0.000000e+00  0.000000e+00
5.317643e+02  3.604793e-03  5.002373e-03  1.148176e-03  2.020169e-04  1.216349e-03  7.532941e-05  5.791604e-04  1.853037e-04  8.789704e-05  1.598796e-04  5.417811e-02  0.000000e+00  1.917727e-02  5.228047e-05  1.890323e-05  0.000000e+00
5.966493e+02  3.455054e-03  4.322092e-03  9.701027e-04  8.278887e-04  1.261533e-03  1.367672e-04  1.112095e-03  1.054319e-04  6.430015e-05  8.199654e-05  3.542489e-02  0.000000e+00  1.291701e-02  0.000000e+00  4.687927e-05  0.000000e+00
6.694516e+02  2.739510e-03  4.183377e-03  1.273675e-03  7.915797e-04  1.354139e-03  1.815307e-04  9.556422e-04  6.472265e-05  1.807138e-05  7.674293e-05  2.397577e-02  0.000000e+00  8.201618e-03  0.000000e+00  0.000000e+00  0.000000e+00
7.511370e+02  2.217624e-03  2.975722e-03  8.748850e-04  5.627760e-04  1.029368e-03  1.344815e-04  6.627936e-04  1.171116e-04  1.163371e-04  6.345557e-05  1.556856e-02  0.000000e+00  6.185569e-03  0.000000e+00  0.000000e+00  0.000000e+00
8.427896e+02  1.868803e-03  2.944040e-03  8.261215e-04  3.529405e-04  1.092886e-03  1.436853e-05  7.003839e-04  1.083949e-05  8.645032e-05  2.340117e-04  9.211966e-03  0.000000e+00  3.206463e-03  0.000000e+00  2.991583e-05  0.000000e+00
9.456255e+02  1.509788e-03  2.227857e-03  9.411914e-04  3.685790e-04  9.956476e-04  9.293038e-05  6.837240e-04  9.003716e-05  0.000000e+00  1.997517e-04  7.464985e-03  3.126585e-05  2.238322e-03  0.000000e+00  0.000000e+00  0.000000e+00
1.061009e+03  1.439812e-03  1.636508e-03  9.790816e-04  6.973455e-04  9.053511e-04  6.350738e-05  6.520970e-04  6.554019e-05  1.503147e-04  9.158352e-05  5.396624e-03  0.000000e+00  1.213156e-03  7.392747e-05  4.314670e-05  0.000000e+00
1.190472e+03  1.106311e-03  1.315803e-03  8.383343e-04  6.691745e-04  4.567059e-04  5.497247e-05  4.411718e-04  2.228379e-04  5.020004e-05  3.097643e-04  3.448528e-03  0.000000e+00  6.292146e-04  0.000000e+00  0.000000e+00  0.000000e+00
1.335731e+03  1.047767e-03  1.439570e-03  7.893391e-04  5.199370e-04  3.702566e-04  1.452462e-04  3.712117e-04  1.064247e-04  1.944084e-04  1.167761e-04  1.972801e-03  0.000000e+00  4.189656e-04  1.887561e-05  0.000000e+00  0.000000e+00
1.498715e+03  5.374971e-04  1.191783e-03  7.059004e-04  6.090158e-04  6.386361e-04  3.169983e-04  5.259815e-04  1.823154e-04  1.988061e-04  1.596604e-04  8.566361e-04  2.185386e-05  3.174670e-04  0.000000e+00  0.000000e+00  4.639822e-05
1.681586e+03  4.419495e-04  1.013284e-03  6.034186e-04  4.411757e-04  4.371690e-04  1.242603e-04  3.127335e-04  1.834047e-04  1.149404e-04  9.562660e-05  9.451989e-04  0.000000e+00  1.834236e-04  3.696511e-05  0.000000e+00  1.655496e-05
1.886771e+03  5.380949e-04  8.778186e-04  6.333291e-04  4.328599e-04  4.835021e-04  1.628528e-04  2.639191e-04  1.475288e-04  7.663848e-05  1.656340e-04  4.474208e-04  2.769011e-05  3.081297e-06  7.726949e-05  1.482655e-05  0.000000e+00
2.116992e+03  2.798289e-04  6.933023e-04  3.721566e-04  3.548150e-04  3.180590e-04  8.677246e-05  2.654136e-04  1.537959e-04  8.893015e-05  1.104374e-04  2.936916e-04  2.500615e-05  1.156456e-04  1.318561e-05  0.000000e+00  1.318561e-05
2.375304e+03  2.741711e-04  4.247265e-04  4.522756e-04  5.486304e-04  2.879867e-04  2.002107e-04  2.184628e-04  1.053614e-04  2.856115e-05  1.101410e-04  3.116887e-04  1.172789e-05  0.000000e+00  2.149327e-05  0.000000e+00  3.321195e-05
2.665135e+03  1.582905e-04  3.996532e-04  3.287752e-04  5.560160e-04  2.064372e-04  8.533951e-05  1.833990e-04  1.481530e-04  6.364760e-05  7.811275e-05  2.147030e-04  4.153499e-05  5.417268e-05  1.835674e-05  0.000000e+00  2.337274e-05
2.990330e+03  1.302889e-04  3.055679e-04  2.927393e-04  3.489538e-04  1.551064e-04  1.563592e-04  1.305034e-04  1.567690e-04  1.433704e-04  1.236012e-04  1.429076e-04  5.129262e-05  0.000000e+00  2.571410e-05  0.000000e+00  3.310147e-05
3.355206e+03  7.793637e-05  3.184960e-04  3.044535e-04  4.631082e-04  8.880754e-05  1.718285e-04  5.079532e-05  1.553773e-04  8.205853e-05  9.958798e-05  7.852857e-05  2.815664e-05  5.319411e-06  2.070844e-05  0.000000e+00  1.660546e-05
3.764603e+03  5.623451e-05  1.839334e-04  2.965001e-04  3.035785e-04  6.474750e-05  1.889514e-04  3.462650e-05  7.919624e-05  1.177308e-04  1.109725e-04  1.170736e-04  3.302096e-05  7.384812e-06  2.094321e-05  0.000000e+00  5.839601e-05
4.223954e+03  3.835054e-05  6.333615e-05  1.365819e-04  2.439397e-04  5.565663e-05  7.774212e-05  5.888076e-05  1.362785e-04  8.370428e-05  1.218129e-04  5.588377e-05  6.153973e-05  0.000000e+00  3.067441e-05  0.000000e+00  5.317498e-05
4.739354e+03  1.093429e-05  1.199193e-04  1.495744e-04  2.771975e-04  4.225972e-05  1.379881e-04  2.132339e-05  8.579603e-05  6.143856e-05  5.868296e-05  4.481063e-05  2.125579e-05  5.902558e-06  1.405373e-05  0.000000e+00  4.383533e-05
5.317643e+03  1.126436e-05  1.046263e-04  1.377933e-04  1.599108e-04  3.409668e-05  1.339396e-04  2.131340e-05  9.968650e-05  4.829594e-05  9.722733e-05  6.831381e-05  3.340461e-05  0.000000e+00  3.156783e-05  0.000000e+00  2.663869e-05
5.966493e+03  2.572864e-05  5.491124e-05  9.822579e-05  1.619698e-04  2.261051e-05  7.474665e-05  4.078874e-05  6.993257e-05  5.231916e-05  6.178489e-05  6.966779e-06  2.754728e-05  0.000000e+00  1.325098e-05  0.000000e+00  1.656613e-05
6.694516e+03  4.161213e-06  5.770545e-05  6.772369e-05  9.959881e-05  2.281217e-05  1.504612e-04  2.352150e-05  8.554706e-05  5.436988e-05  4.720930e-05  4.376702e-05  1.111491e-05  0.000000e+00  1.606052e-05  0.000000e+00  4.158418e-06
7.511370e+03  1.045505e-05  4.824200e-05  5.558390e-05  6.554183e-05  8.890521e-06  1.080675e-04  1.845006e-05  8.331721e-05  4.551704e-06  4.221973e-05  2.413613e-05  1.666653e-05  0.000000e+00  1.178534e-05  0.000000e+00  3.398826e-05
8.427896e+03  6.061726e-06  4.097628e-05  2.310871e-05  6.807361e-05  1.099383e-05  1.043563e-04  1.385085e-05  7.113881e-05  1.362652e-05  2.364717e-05  7.009764e-06  3.207920e-05  0.000000e+00  6.826884e-06  0.000000e+00  3.707101e-05
9.456255e+03  0.000000e+00  1.392209e-05  2.396936e-05  7.788276e-05  7.770938e-06  6.608183e-05  2.951891e-06  4.189607e-05  2.430257e-05  1.203961e-05  3.614483e-05  4.786089e-05  0.000000e+00  1.491264e-05  0.000000e+00  7.347632e-06
1.061009e+04  0.000000e+00  2.735615e-05  1.095646e-05  4.540612e-05  7.442619e-06  4.978355e-05  2.487486e-05  2.100687e-05  9.184799e-06  2.857528e-05  2.235551e-05  6.006386e-06  0.000000e+00  2.625548e-06  0.000000e+00  2.404322e-05
1.190472e+04  0.000000e+00  7.034643e-06  2.338450e-06  3.016401e-05  0.000000e+00  3.204369e-05  2.335283e-06  1.428884e-05  4.680044e-06  2.162517e-05  1.620317e-05  4.124720e-06  0.000000e+00  8.210516e-06  0.000000e+00  2.377606e-05
1.335731e+04  0.000000e+00  1.338693e-05  7.816819e-06  2.862053e-05  0.000000e+00  2.097817e-05  2.094020e-06  9.517955e-06  5.193269e-06  9.617186e-06  1.462586e-05  1.236667e-05  0.000000e+00  0.000000e+00  0.000000e+00  1.802052e-05
1.498715e+04  0.000000e+00  4.136237e-06  2.185386e-06  1.247914e-05  0.000000e+00  1.755351e-05  0.000000e+00  7.274352e-06  3.054552e-06  5.275312e-06  3.725035e-06  3.354550e-06  0.000000e+00  3.721263e-06  0.000000e+00  1.450414e-05
1.681586e+04  0.000000e+00  5.653662e-06  1.656609e-06  8.022881e-06  0.000000e+00  2.267823e-05  1.653254e-06  6.503478e-06  0.000000e+00  1.947727e-06  1.758208e-06  3.318835e-06  0.000000e+00  1.533471e-05  0.000000e+00  1.359776e-05
1.886771e+04  0.000000e+00  5.663757e-06  0.000000e+00  4.924072e-06  0.000000e+00  1.255611e-05  0.000000e+00  6.347906e-06  0.000000e+00  0.000000e+00  6.898002e-06  5.180524e-06  0.000000e+00  7.005868e-06  0.000000e+00  1.957994e-05
2.116992e+04  0.000000e+00  1.313226e-06  0.000000e+00  6.436939e-06  0.000000e+00  2.634463e-06  0.000000e+00  2.413217e-06  0.000000e+00  0.000000e+00  0.000000e+00  1.754121e-06  0.000000e+00  7.147080e-06  0.000000e+00  2.413217e-06
2.375304e+04  0.000000e+00  0.000000e+00  0.000000e+00  1.170414e-06  0.000000e+00  5.078311e-06  1.172001e-06  1.749976e-06  0.000000e+00  1.927292e-06  2.059660e-06  2.345578e-06  0.000000e+00  0.000000e+00  0.000000e+00  7.415069e-06
2.665135e+04  0.000000e+00  1.044547e-06  0.000000e+00  2.328094e-06  0.000000e+00  0.000000e+00  0.000000e+00  0.000000e+00  0.000000e+00  1.049640e-06  0.000000e+00  0.000000e+00  0.000000e+00  0.000000e+00  0.000000e+00  1.044547e-06
2.990330e+04  0.000000e+00  0.000000e+00  0.000000e+00  1.634333e-06  0.000000e+00  0.000000e+00  0.000000e+00  0.000000e+00  0.000000e+00  0.000000e+00  0.000000e+00  3.024388e-06  0.000000e+00  3.026101e-06  0.000000e+00  3.594241e-06
3.355206e+04  0.000000e+00  0.000000e+00  0.000000e+00  0.000000e+00  0.000000e+00  0.000000e+00  0.000000e+00  0.000000e+00  0.000000e+00  0.000000e+00  0.000000e+00  8.319560e-07  0.000000e+00  2.995960e-07  0.000000e+00  1.667517e-06
3.764603e+04  0.000000e+00  0.000000e+00  0.000000e+00  8.700178e-07  0.000000e+00  0.000000e+00  0.000000e+00  0.000000e+00  0.000000e+00  0.000000e+00  0.000000e+00  1.298197e-06  0.000000e+00  8.700178e-07  0.000000e+00  7.384812e-07
4.223954e+04  0.000000e+00  0.000000e+00  0.000000e+00  6.999552e-07  0.000000e+00  0.000000e+00  0.000000e+00  1.907971e-06  0.000000e+00  0.000000e+00  0.000000e+00  2.591931e-06  0.000000e+00  0.000000e+00  0.000000e+00  0.000000e+00
4.739354e+04  0.000000e+00  0.000000e+00  0.000000e+00  0.000000e+00  0.000000e+00  0.000000e+00  0.000000e+00  5.865965e-07  0.000000e+00  0.000000e+00  0.000000e+00  1.210432e-06  0.000000e+00  1.031194e-06  0.000000e+00  0.000000e+00
5.317643e+04  0.000000e+00  0.000000e+00  0.000000e+00  0.000000e+00  0.000000e+00  0.000000e+00  0.000000e+00  0.000000e+00  0.000000e+00  0.000000e+00  0.000000e+00  0.000000e+00  0.000000e+00  0.000000e+00  0.000000e+00  0.000000e+00
5.966493e+04  0.000000e+00  0.000000e+00  0.000000e+00  0.000000e+00  0.000000e+00  0.000000e+00  0.000000e+00  0.000000e+00  0.000000e+00  0.000000e+00  0.000000e+00  0.000000e+00  0.000000e+00  0.000000e+00  0.000000e+00  0.000000e+00
6.694516e+04  0.000000e+00  0.000000e+00  0.000000e+00  0.000000e+00  0.000000e+00  0.000000e+00  0.000000e+00  0.000000e+00  0.000000e+00  0.000000e+00  0.000000e+00  0.000000e+00  0.000000e+00  0.000000e+00  0.000000e+00  1.036193e-06
7.511370e+04  0.000000e+00  0.000000e+00  0.000000e+00  0.000000e+00  0.000000e+00  0.000000e+00  0.000000e+00  0.000000e+00  0.000000e+00  0.000000e+00  0.000000e+00  0.000000e+00  0.000000e+00  0.000000e+00  0.000000e+00  4.551704e-07
8.427896e+04  0.000000e+00  0.000000e+00  0.000000e+00  0.000000e+00  0.000000e+00  0.000000e+00  0.000000e+00  0.000000e+00  0.000000e+00  0.000000e+00  0.000000e+00  0.000000e+00  0.000000e+00  0.000000e+00  0.000000e+00  0.000000e+00
9.456255e+04  0.000000e+00  0.000000e+00  0.000000e+00  0.000000e+00  0.000000e+00  0.000000e+00  0.000000e+00  0.000000e+00  0.000000e+00  0.000000e+00  0.000000e+00  0.000000e+00  0.000000e+00  0.000000e+00  0.000000e+00  0.000000e+00
1.061009e+05  0.000000e+00  0.000000e+00  0.000000e+00  0.000000e+00  0.000000e+00  0.000000e+00  0.000000e+00  0.000000e+00  0.000000e+00  0.000000e+00  0.000000e+00  0.000000e+00  0.000000e+00  0.000000e+00  0.000000e+00  0.000000e+00
1.190472e+05  0.000000e+00  0.000000e+00  0.000000e+00  0.000000e+00  0.000000e+00  0.000000e+00  0.000000e+00  0.000000e+00  0.000000e+00  0.000000e+00  0.000000e+00  0.000000e+00  0.000000e+00  0.000000e+00  0.000000e+00  0.000000e+00
1.335731e+05  0.000000e+00  0.000000e+00  0.000000e+00  0.000000e+00  0.000000e+00  0.000000e+00  0.000000e+00  0.000000e+00  0.000000e+00  0.000000e+00  0.000000e+00  0.000000e+00  0.000000e+00  0.000000e+00  0.000000e+00  0.000000e+00
1.498715e+05  0.000000e+00  0.000000e+00  0.000000e+00  0.000000e+00  0.000000e+00  0.000000e+00  0.000000e+00  0.000000e+00  0.000000e+00  0.000000e+00  0.000000e+00  0.000000e+00  0.000000e+00  0.000000e+00  0.000000e+00  0.000000e+00
1.681586e+05  0.000000e+00  0.000000e+00  0.000000e+00  0.000000e+00  0.000000e+00  0.000000e+00  0.000000e+00  0.000000e+00  0.000000e+00  0.000000e+00  0.000000e+00  0.000000e+00  0.000000e+00  0.000000e+00  0.000000e+00  0.000000e+00
1.886771e+05  0.000000e+00  0.000000e+00  0.000000e+00  0.000000e+00  0.000000e+00  0.000000e+00  0.000000e+00  0.000000e+00  0.000000e+00  0.000000e+00  0.000000e+00  0.000000e+00  0.000000e+00  0.000000e+00  0.000000e+00  0.000000e+00
2.116992e+05  0.000000e+00  0.000000e+00  0.000000e+00  0.000000e+00  0.000000e+00  0.000000e+00  0.000000e+00  0.000000e+00  0.000000e+00  0.000000e+00  0.000000e+00  0.000000e+00  0.000000e+00  0.000000e+00  0.000000e+00  0.000000e+00
2.375304e+05  0.000000e+00  0.000000e+00  0.000000e+00  0.000000e+00  0.000000e+00  0.000000e+00  0.000000e+00  0.000000e+00  0.000000e+00  0.000000e+00  0.000000e+00  0.000000e+00  0.000000e+00  0.000000e+00  0.000000e+00  0.000000e+00
2.665135e+05  0.000000e+00  0.000000e+00  0.000000e+00  0.000000e+00  0.000000e+00  0.000000e+00  0.000000e+00  0.000000e+00  0.000000e+00  0.000000e+00  0.000000e+00  0.000000e+00  0.000000e+00  0.000000e+00  0.000000e+00  0.000000e+00
2.990330e+05  0.000000e+00  0.000000e+00  0.000000e+00  0.000000e+00  0.000000e+00  0.000000e+00  0.000000e+00  0.000000e+00  0.000000e+00  0.000000e+00  0.000000e+00  0.000000e+00  0.000000e+00  0.000000e+00  0.000000e+00  0.000000e+00
3.355206e+05  0.000000e+00  0.000000e+00  0.000000e+00  0.000000e+00  0.000000e+00  0.000000e+00  0.000000e+00  0.000000e+00  0.000000e+00  0.000000e+00  0.000000e+00  0.000000e+00  0.000000e+00  0.000000e+00  0.000000e+00  0.000000e+00
3.764603e+05  0.000000e+00  0.000000e+00  0.000000e+00  0.000000e+00  0.000000e+00  0.000000e+00  0.000000e+00  0.000000e+00  0.000000e+00  0.000000e+00  0.000000e+00  0.000000e+00  0.000000e+00  0.000000e+00  0.000000e+00  0.000000e+00
4.223954e+05  0.000000e+00  0.000000e+00  0.000000e+00  0.000000e+00  0.000000e+00  0.000000e+00  0.000000e+00  0.000000e+00  0.000000e+00  0.000000e+00  0.000000e+00  0.000000e+00  0.000000e+00  0.000000e+00  0.000000e+00  0.000000e+00
4.739354e+05  0.000000e+00  0.000000e+00  0.000000e+00  0.000000e+00  0.000000e+00  0.000000e+00  0.000000e+00  0.000000e+00  0.000000e+00  0.000000e+00  0.000000e+00  0.000000e+00  0.000000e+00  0.000000e+00  0.000000e+00  0.000000e+00
5.317643e+05  0.000000e+00  0.000000e+00  0.000000e+00  0.000000e+00  0.000000e+00  0.000000e+00  0.000000e+00  0.000000e+00  0.000000e+00  0.000000e+00  0.000000e+00  0.000000e+00  0.000000e+00  0.000000e+00  0.000000e+00  0.000000e+00
5.966493e+05  0.000000e+00  0.000000e+00  0.000000e+00  0.000000e+00  0.000000e+00  0.000000e+00  0.000000e+00  0.000000e+00  0.000000e+00  0.000000e+00  0.000000e+00  0.000000e+00  0.000000e+00  0.000000e+00  0.000000e+00  0.000000e+00
6.694516e+05  0.000000e+00  0.000000e+00  0.000000e+00  0.000000e+00  0.000000e+00  0.000000e+00  0.000000e+00  0.000000e+00  0.000000e+00  0.000000e+00  0.000000e+00  0.000000e+00  0.000000e+00  0.000000e+00  0.000000e+00  0.000000e+00
7.511370e+05  0.000000e+00  0.000000e+00  0.000000e+00  0.000000e+00  0.000000e+00  0.000000e+00  0.000000e+00  0.000000e+00  0.000000e+00  0.000000e+00  0.000000e+00  0.000000e+00  0.000000e+00  0.000000e+00  0.000000e+00  0.000000e+00
8.427896e+05  0.000000e+00  0.000000e+00  0.000000e+00  0.000000e+00  0.000000e+00  0.000000e+00  0.000000e+00  0.000000e+00  0.000000e+00  0.000000e+00  0.000000e+00  0.000000e+00  0.000000e+00  0.000000e+00  0.000000e+00  0.000000e+00
9.456255e+05  0.000000e+00  0.000000e+00  0.000000e+00  0.000000e+00  0.000000e+00  0.000000e+00  0.000000e+00  0.000000e+00  0.000000e+00  0.000000e+00  0.000000e+00  0.000000e+00  0.000000e+00  0.000000e+00  0.000000e+00  0.000000e+00
