# dR/dEr [1/keV/kg/Myr]
# Er [keV], S, F, Ne, Cl, Na, Si, O, P, N, C, Al, Mg, Be, B, Ar, Li
1.061009e+01  2.444482e+03  2.121316e+03  0.000000e+00  0.000000e+00  8.202757e+02  0.000000e+00  1.605213e+02  0.000000e+00  0.000000e+00  0.000000e+00  0.000000e+00  0.000000e+00  7.021587e+01  0.000000e+00  0.000000e+00  0.000000e+00
1.190472e+01  8.513168e+02  2.541318e+02  0.000000e+00  0.000000e+00  2.726030e+02  0.000000e+00  0.000000e+00  0.000000e+00  0.000000e+00  0.000000e+00  0.000000e+00  0.000000e+00  0.000000e+00  0.000000e+00  0.000000e+00  0.000000e+00
1.335731e+01  1.265179e+03  2.862678e+02  0.000000e+00  0.000000e+00  0.000000e+00  0.000000e+00  0.000000e+00  0.000000e+00  0.000000e+00  0.000000e+00  0.000000e+00  0.000000e+00  0.000000e+00  0.000000e+00  0.000000e+00  0.000000e+00
1.498715e+01  3.138325e+02  4.423892e+02  0.000000e+00  0.000000e+00  1.645656e+02  0.000000e+00  5.083182e+01  0.000000e+00  0.000000e+00  0.000000e+00  0.000000e+00  0.000000e+00  0.000000e+00  0.000000e+00  0.000000e+00  0.000000e+00
1.681586e+01  7.761767e+02  4.697971e+02  1.114691e+02  0.000000e+00  2.215550e+02  4.530391e+01  0.000000e+00  0.000000e+00  0.000000e+00  0.000000e+00  0.000000e+00  0.000000e+00  0.000000e+00  0.000000e+00  0.000000e+00  0.000000e+00
1.886771e+01  5.297051e+02  4.835973e+02  0.000000e+00  0.000000e+00  9.934691e+01  0.000000e+00  0.000000e+00  0.000000e+00  0.000000e+00  0.000000e+00  0.000000e+00  0.000000e+00  0.000000e+00  0.000000e+00  0.000000e+00  0.000000e+00
2.116992e+01  5.588526e+02  5.284249e+02  0.000000e+00  0.000000e+00  1.082056e+02  0.000000e+00  4.705431e+01  0.000000e+00  0.000000e+00  0.000000e+00  7.431070e+01  0.000000e+00  0.000000e+00  0.000000e+00  0.000000e+00  0.000000e+00
2.375304e+01  1.027246e+03  1.960867e+02  1.786943e+02  0.000000e+00  3.641214e+02  0.000000e+00  7.891406e+01  0.000000e+00  0.000000e+00  0.000000e+00  0.000000e+00  0.000000e+00  0.000000e+00  0.000000e+00  0.000000e+00  0.000000e+00
2.665135e+01  9.048010e+02  5.602999e+02  3.737657e+01  2.220983e+01  5.913458e+01  0.000000e+00  0.000000e+00  1.814031e+02  0.000000e+00  0.000000e+00  0.000000e+00  0.000000e+00  0.000000e+00  0.000000e+00  0.000000e+00  0.000000e+00
2.990330e+01  1.053744e+03  4.699458e+02  4.486811e+01  0.000000e+00  1.245853e+02  0.000000e+00  5.878816e+01  0.000000e+00  0.000000e+00  0.000000e+00  4.305298e+01  0.000000e+00  9.380275e+01  0.000000e+00  0.000000e+00  0.000000e+00
3.355206e+01  1.342188e+03  4.152103e+02  4.975094e+01  0.000000e+00  9.796240e+01  0.000000e+00  1.931908e+02  0.000000e+00  0.000000e+00  0.000000e+00  9.150130e+01  0.000000e+00  1.267413e+02  0.000000e+00  0.000000e+00  0.000000e+00
3.764603e+01  1.587693e+03  3.868367e+02  4.876005e+00  2.646058e+01  2.593335e+02  0.000000e+00  1.994773e+01  0.000000e+00  0.000000e+00  0.000000e+00  0.000000e+00  0.000000e+00  7.040445e+00  0.000000e+00  0.000000e+00  0.000000e+00
4.223954e+01  1.367910e+03  6.706608e+02  4.097581e+01  0.000000e+00  3.394288e+02  0.000000e+00  4.234642e+01  0.000000e+00  0.000000e+00  0.000000e+00  5.127387e+01  0.000000e+00  4.295914e+02  0.000000e+00  0.000000e+00  0.000000e+00
4.739354e+01  1.859990e+03  7.419538e+02  2.101839e+01  5.623936e+01  9.297205e+01  0.000000e+00  7.553859e+01  0.000000e+00  0.000000e+00  0.000000e+00  0.000000e+00  0.000000e+00  1.489401e+02  0.000000e+00  0.000000e+00  0.000000e+00
5.317643e+01  1.650958e+03  3.926253e+02  5.179167e+01  0.000000e+00  2.634100e+02  0.000000e+00  1.001618e+02  0.000000e+00  0.000000e+00  0.000000e+00  2.958362e+01  0.000000e+00  0.000000e+00  0.000000e+00  0.000000e+00  0.000000e+00
5.966493e+01  2.140506e+03  8.131761e+02  5.783070e+01  2.946388e+01  2.028107e+02  0.000000e+00  1.853091e+02  0.000000e+00  0.000000e+00  0.000000e+00  3.449081e+01  0.000000e+00  2.113162e+01  0.000000e+00  0.000000e+00  0.000000e+00
6.694516e+01  2.371387e+03  6.808398e+02  9.749580e+01  0.000000e+00  3.114092e+02  0.000000e+00  3.684166e+01  0.000000e+00  2.113419e+01  0.000000e+00  7.189021e+01  0.000000e+00  9.871948e+02  0.000000e+00  0.000000e+00  0.000000e+00
7.511370e+01  2.535227e+03  9.713457e+02  1.332890e+02  3.236521e+01  2.163052e+02  0.000000e+00  7.494235e+01  0.000000e+00  0.000000e+00  0.000000e+00  2.304239e+01  0.000000e+00  2.752596e+05  0.000000e+00  0.000000e+00  0.000000e+00
8.427896e+01  3.182475e+03  1.007803e+03  5.512087e+01  8.955573e+01  2.757345e+02  0.000000e+00  1.643666e+02  0.000000e+00  0.000000e+00  0.000000e+00  0.000000e+00  0.000000e+00  3.342432e+05  0.000000e+00  0.000000e+00  0.000000e+00
9.456255e+01  3.108201e+03  7.859528e+02  1.067258e+02  3.791430e+01  2.819465e+02  0.000000e+00  4.027747e+01  0.000000e+00  1.589295e+01  0.000000e+00  9.310914e-01  0.000000e+00  2.558682e+05  0.000000e+00  0.000000e+00  0.000000e+00
1.061009e+02  3.591912e+03  1.047614e+03  7.491721e+01  1.347539e+01  3.408729e+02  0.000000e+00  6.619110e+01  0.000000e+00  0.000000e+00  1.939561e+01  6.591885e+01  0.000000e+00  1.901209e+05  0.000000e+00  0.000000e+00  0.000000e+00
1.190472e+02  3.850242e+03  1.349096e+03  1.341842e+02  2.555001e+01  3.767616e+02  0.000000e+00  5.505590e+01  0.000000e+00  6.399347e+00  4.042684e+01  1.680073e+05  0.000000e+00  1.418300e+05  0.000000e+00  1.428241e+01  0.000000e+00
1.335731e+02  4.340484e+03  1.384942e+03  1.213436e+02  1.374245e+00  3.789288e+02  0.000000e+00  5.728997e+01  0.000000e+00  0.000000e+00  0.000000e+00  1.419886e+05  0.000000e+00  1.052118e+05  0.000000e+00  0.000000e+00  0.000000e+00
1.498715e+02  1.048447e+04  1.633911e+03  6.920562e+01  2.318230e+01  2.066570e+02  0.000000e+00  1.417701e+02  0.000000e+00  1.517701e+01  3.474398e+01  1.061503e+05  0.000000e+00  7.884098e+04  0.000000e+00  0.000000e+00  0.000000e+00
1.681586e+02  1.498612e+04  1.694647e+03  1.096011e+02  2.215550e+01  1.975617e+02  5.235912e-01  1.425579e+02  0.000000e+00  3.004272e+01  0.000000e+00  7.982868e+04  0.000000e+00  5.825735e+04  0.000000e+00  0.000000e+00  0.000000e+00
1.886771e+02  8.855649e+03  1.911641e+03  8.654132e+01  2.145817e+01  4.112582e+02  9.317296e+00  1.591717e+02  6.861291e+00  6.861291e+00  0.000000e+00  5.865399e+04  0.000000e+00  4.195280e+04  0.000000e+00  0.000000e+00  0.000000e+00
2.116992e+02  3.919416e+03  2.435159e+03  9.791368e+01  6.652109e+01  1.998638e+02  6.115132e+00  9.317680e+01  0.000000e+00  0.000000e+00  4.159033e-01  4.687883e+04  0.000000e+00  2.870673e+04  0.000000e+00  8.670900e-01  0.000000e+00
2.375304e+02  2.872699e+03  1.178869e+04  1.458243e+02  4.971332e+01  2.660547e+02  2.441289e+00  1.265548e+02  1.233706e+01  0.000000e+00  3.207271e+00  3.476711e+04  0.000000e+00  2.120367e+04  0.000000e+00  1.131204e+01  0.000000e+00
2.665135e+02  2.373146e+03  9.883775e+03  1.429578e+02  5.803415e+01  3.871781e+02  6.263273e+00  9.191800e+01  0.000000e+00  4.857422e+00  1.755800e+01  2.538753e+04  0.000000e+00  1.435724e+04  0.000000e+00  0.000000e+00  0.000000e+00
2.990330e+02  1.517535e+03  1.551548e+03  7.905342e+01  2.928851e+01  2.942338e+02  3.691445e+00  1.823304e+02  4.251364e-01  8.863395e-01  5.025793e+00  1.922937e+04  0.000000e+00  1.068169e+04  0.000000e+00  0.000000e+00  0.000000e+00
3.355206e+02  1.358493e+03  1.431349e+03  9.273186e+01  4.127331e+01  3.064464e+02  3.858387e+00  1.258360e+02  3.456601e+00  2.968926e+00  1.610817e+01  1.442098e+04  3.757793e+00  7.741473e+03  0.000000e+00  0.000000e+00  1.409176e+00
3.764603e+02  9.089073e+02  1.082324e+03  1.346016e+02  5.937212e+01  3.305276e+02  1.063587e+01  8.858517e+01  0.000000e+00  4.434057e+00  0.000000e+00  9.306905e+03  0.000000e+00  5.538942e+03  0.000000e+00  0.000000e+00  0.000000e+00
4.223954e+02  5.846695e+02  9.313962e+02  7.545506e+01  4.490207e+01  2.866840e+02  2.659276e+00  1.155275e+02  1.212096e+01  3.365799e+00  1.182840e+01  7.145020e+03  0.000000e+00  2.890789e+03  0.000000e+00  4.345744e-01  0.000000e+00
4.739354e+02  5.076018e+02  7.898615e+02  1.083183e+02  6.168313e+01  2.593886e+02  6.443975e+00  1.325265e+02  1.403692e+01  1.020104e+01  0.000000e+00  4.630853e+03  0.000000e+00  1.990988e+03  1.020104e+01  0.000000e+00  0.000000e+00
5.317643e+02  4.190554e+02  5.427651e+02  1.273107e+02  3.273812e+01  2.422772e+02  7.251101e+00  9.146280e+01  1.326177e+01  1.448992e+01  6.505968e+00  3.866151e+03  0.000000e+00  1.521301e+03  1.655741e-01  5.052901e+00  0.000000e+00
5.966493e+02  3.746771e+02  4.988894e+02  1.347009e+02  7.489489e+01  2.346263e+02  1.332100e+01  1.071126e+02  1.161250e+01  5.331538e+00  4.701274e+00  2.623863e+03  0.000000e+00  1.032729e+03  0.000000e+00  4.442220e-01  0.000000e+00
6.694516e+02  2.930033e+02  4.233657e+02  1.529786e+02  9.350647e+01  2.344493e+02  1.148414e+01  1.204543e+02  6.938837e+00  5.293430e+00  3.251402e+00  1.829884e+03  0.000000e+00  6.625568e+02  0.000000e+00  0.000000e+00  0.000000e+00
7.511370e+02  2.387522e+02  3.310168e+02  9.917307e+01  7.349596e+01  1.536654e+02  4.272509e+00  8.779754e+01  8.939239e+00  9.308636e+00  2.450548e+00  1.269783e+03  0.000000e+00  4.282068e+02  0.000000e+00  0.000000e+00  0.000000e+00
8.427896e+02  1.579849e+02  2.871694e+02  9.427462e+01  6.914836e+01  1.799750e+02  4.309983e+00  1.011588e+02  3.162572e+00  2.806210e+00  1.116613e+01  6.588696e+02  0.000000e+00  2.127879e+02  0.000000e+00  5.412444e+00  0.000000e+00
9.456255e+02  1.567599e+02  2.218217e+02  1.232082e+02  5.599384e+01  1.484141e+02  1.022866e+01  1.073322e+02  9.527852e+00  0.000000e+00  7.603887e+00  5.686977e+02  6.259580e-01  1.574611e+02  0.000000e+00  0.000000e+00  0.000000e+00
1.061009e+03  1.425898e+02  1.578252e+02  1.181704e+02  8.052230e+01  1.242777e+02  9.297393e+00  9.282065e+01  7.797572e+00  1.632942e+01  4.975812e+00  3.969212e+02  0.000000e+00  7.433750e+01  1.891363e+00  1.188318e+00  0.000000e+00
1.190472e+03  9.795814e+01  1.336735e+02  1.070061e+02  8.069988e+01  7.934562e+01  1.122475e+01  6.299595e+01  1.210487e+01  4.522906e+00  1.280063e+01  2.309683e+02  0.000000e+00  6.451317e+01  0.000000e+00  0.000000e+00  0.000000e+00
1.335731e+03  9.826128e+01  1.300762e+02  8.982643e+01  5.900612e+01  6.923866e+01  7.140739e+00  7.204427e+01  5.781766e+00  9.937539e+00  3.142270e+00  1.155883e+02  0.000000e+00  2.876382e+01  3.415021e+00  0.000000e+00  0.000000e+00
1.498715e+03  6.015398e+01  9.630530e+01  7.002630e+01  6.802212e+01  5.371150e+01  1.994887e+01  6.974330e+01  1.555227e+01  1.600547e+01  5.430337e+00  5.889698e+01  5.010644e-01  3.489522e+01  0.000000e+00  0.000000e+00  9.133882e-01
1.681586e+03  2.973383e+01  9.679585e+01  5.881671e+01  5.832093e+01  6.709409e+01  7.651533e+00  4.777622e+01  1.185780e+01  1.142556e+01  9.797039e+00  7.025287e+01  0.000000e+00  1.765802e+01  3.121095e+00  0.000000e+00  2.811676e-01
1.886771e+03  4.298098e+01  6.562011e+01  6.361757e+01  6.765321e+01  5.587139e+01  1.037732e+01  4.203819e+01  1.226997e+01  7.566564e+00  9.444874e+00  3.648804e+01  2.014632e+00  8.847108e-01  3.245609e+00  1.974264e-01  0.000000e+00
2.116992e+03  2.644784e+01  6.557541e+01  3.999963e+01  4.182381e+01  2.435117e+01  9.000582e+00  3.563075e+01  1.064854e+01  3.051186e+00  6.047985e+00  2.016998e+01  1.017024e+00  6.811342e+00  8.670900e-02  0.000000e+00  8.670900e-02
2.375304e+03  1.421332e+01  3.500489e+01  4.130926e+01  6.522072e+01  2.724334e+01  1.684109e+01  3.225349e+01  8.310402e+00  4.477390e+00  2.605408e+00  2.198768e+01  5.352150e-02  0.000000e+00  6.622948e-01  0.000000e+00  9.034375e-01
2.665135e+03  1.453265e+01  3.123086e+01  3.065731e+01  6.201605e+01  1.284274e+01  7.949198e+00  2.084874e+01  1.575486e+01  3.845848e+00  8.836049e+00  1.247193e+01  3.756582e+00  2.060388e+00  1.052484e+00  0.000000e+00  2.087570e+00
2.990330e+03  5.292672e+00  2.250175e+01  2.245263e+01  4.622219e+01  1.090152e+01  1.287740e+01  1.511469e+01  8.634311e+00  6.547877e+00  6.587074e+00  1.082459e+01  1.433021e+00  0.000000e+00  1.026661e+00  0.000000e+00  3.262914e+00
3.355206e+03  5.159286e+00  2.571668e+01  2.557625e+01  4.862477e+01  5.629253e+00  1.121004e+01  7.778401e+00  6.473251e+00  3.796995e+00  4.497085e+00  3.885784e+00  1.554658e+00  1.145656e+00  3.837101e-01  0.000000e+00  8.095140e-02
3.764603e+03  1.663617e+00  1.050195e+01  1.856501e+01  2.994831e+01  4.742344e+00  1.110462e+01  5.319811e+00  4.799427e+00  3.646491e+00  5.928159e+00  5.051206e+00  8.693046e-01  2.338796e-02  1.383666e+00  0.000000e+00  2.569775e+00
4.223954e+03  6.472184e-01  6.632287e+00  8.283148e+00  2.266208e+01  3.042746e+00  4.795451e+00  4.839997e+00  6.503915e+00  4.616614e+00  4.384860e+00  3.991532e+00  1.312661e+00  0.000000e+00  1.503704e+00  0.000000e+00  1.326911e+00
4.739354e+03  3.651973e-01  6.709681e+00  9.896613e+00  2.247001e+01  2.448637e+00  5.984727e+00  1.828643e+00  5.303430e+00  2.198673e+00  3.151051e+00  3.136615e+00  1.271010e+00  7.859687e-02  2.277740e-01  0.000000e+00  8.274307e-01
5.317643e+03  1.072215e+00  6.537086e+00  8.395481e+00  1.366367e+01  7.443256e-01  5.190272e+00  1.028636e+00  8.712952e+00  3.746979e+00  3.800687e+00  1.952661e+00  1.269201e+00  0.000000e+00  1.554395e+00  0.000000e+00  1.307908e+00
5.966493e+03  7.498715e-01  2.799019e+00  4.941374e+00  1.055781e+01  9.896446e-01  5.471074e+00  1.021781e+00  5.256717e+00  2.129812e+00  3.502424e+00  1.850105e-01  4.664732e-01  0.000000e+00  4.073398e-01  0.000000e+00  8.982517e-01
6.694516e+03  1.899014e-02  2.471799e+00  3.089950e+00  8.401736e+00  4.903380e-01  9.348281e+00  5.903942e-01  2.952307e+00  2.582065e+00  3.237744e+00  2.343403e+00  1.722559e+00  0.000000e+00  3.481561e-01  0.000000e+00  7.062610e-02
7.511370e+03  2.678299e-01  2.242468e+00  2.798009e+00  3.795346e+00  7.542453e-01  4.898064e+00  1.210993e+00  2.608052e+00  6.634403e-01  1.689834e+00  3.796588e-01  7.441275e-01  0.000000e+00  1.469830e-01  0.000000e+00  2.096269e+00
8.427896e+03  2.441763e-01  1.922134e+00  1.310928e+00  2.347965e+00  3.751537e-01  6.847015e+00  9.929777e-01  5.664389e+00  9.057017e-01  9.607802e-01  1.142088e+00  1.513314e+00  0.000000e+00  1.016822e-01  0.000000e+00  7.353961e-01
9.456255e+03  0.000000e+00  6.503049e-01  1.485461e+00  4.076364e+00  4.339971e-01  4.353562e+00  1.941173e-02  2.319118e+00  1.248749e+00  7.600210e-01  2.083498e+00  1.875530e+00  0.000000e+00  7.420530e-01  0.000000e+00  1.361455e-01
1.061009e+04  0.000000e+00  1.108167e+00  4.298889e-01  2.402233e+00  1.655700e-01  3.204356e+00  7.176547e-01  1.109033e+00  1.463202e-01  1.156055e+00  1.312371e+00  9.232763e-01  0.000000e+00  1.198197e-02  0.000000e+00  7.353497e-01
1.190472e+04  0.000000e+00  5.738821e-02  3.971597e-02  1.498567e+00  0.000000e+00  1.253323e+00  7.395922e-03  3.246090e-01  2.135789e-02  1.135950e+00  1.189028e+00  3.639380e-01  0.000000e+00  2.376926e-01  0.000000e+00  4.881586e-01
1.335731e+04  0.000000e+00  3.843528e-01  6.235426e-01  1.691818e+00  0.000000e+00  7.896772e-01  1.984267e-02  4.415014e-01  8.923279e-02  9.800156e-01  5.584120e-01  2.212189e-01  0.000000e+00  0.000000e+00  0.000000e+00  4.419270e-01
1.498715e+04  0.000000e+00  3.383826e-01  5.010644e-02  2.565239e-01  0.000000e+00  6.098475e-01  0.000000e+00  6.617671e-01  8.412650e-02  1.621649e-01  2.449594e-02  3.591123e-01  0.000000e+00  2.073056e-02  0.000000e+00  5.990869e-01
1.681586e+04  0.000000e+00  1.245150e-01  7.560112e-03  1.423808e-01  0.000000e+00  1.099339e+00  5.235912e-03  1.602784e-01  0.000000e+00  4.465741e-02  3.520021e-02  4.387835e-02  0.000000e+00  4.694213e-01  0.000000e+00  4.900310e-01
1.886771e+04  0.000000e+00  1.224846e-01  0.000000e+00  2.749527e-01  0.000000e+00  6.371169e-01  0.000000e+00  5.361138e-01  0.000000e+00  0.000000e+00  2.378817e-01  3.027775e-01  0.000000e+00  3.746110e-01  0.000000e+00  4.795076e-01
2.116992e+04  0.000000e+00  4.159033e-03  0.000000e+00  2.442000e-01  0.000000e+00  1.667891e-02  0.000000e+00  9.720832e-02  0.000000e+00  0.000000e+00  0.000000e+00  2.283729e-01  0.000000e+00  5.035503e-01  0.000000e+00  9.720832e-02
2.375304e+04  0.000000e+00  0.000000e+00  0.000000e+00  3.706742e-03  0.000000e+00  1.442679e-01  1.990514e-02  4.647254e-02  0.000000e+00  5.308024e-02  1.180907e-01  1.070430e-02  0.000000e+00  0.000000e+00  0.000000e+00  3.429063e-01
2.665135e+04  0.000000e+00  1.774047e-02  0.000000e+00  1.917530e-01  0.000000e+00  0.000000e+00  0.000000e+00  0.000000e+00  0.000000e+00  1.397672e-02  0.000000e+00  0.000000e+00  0.000000e+00  0.000000e+00  0.000000e+00  1.774047e-02
2.990330e+04  0.000000e+00  0.000000e+00  0.000000e+00  4.731356e-02  0.000000e+00  0.000000e+00  0.000000e+00  0.000000e+00  0.000000e+00  0.000000e+00  0.000000e+00  8.422802e-02  0.000000e+00  1.307172e-01  0.000000e+00  6.507560e-02
3.355206e+04  0.000000e+00  0.000000e+00  0.000000e+00  0.000000e+00  0.000000e+00  0.000000e+00  0.000000e+00  0.000000e+00  0.000000e+00  0.000000e+00  0.000000e+00  5.470968e-03  0.000000e+00  8.008308e-02  0.000000e+00  2.220421e-02
3.764603e+04  0.000000e+00  0.000000e+00  0.000000e+00  1.994773e-02  0.000000e+00  0.000000e+00  0.000000e+00  0.000000e+00  0.000000e+00  0.000000e+00  0.000000e+00  3.758250e-02  0.000000e+00  1.994773e-02  0.000000e+00  2.338796e-03
4.223954e+04  0.000000e+00  0.000000e+00  0.000000e+00  1.401345e-02  0.000000e+00  0.000000e+00  0.000000e+00  1.511819e-01  0.000000e+00  0.000000e+00  0.000000e+00  5.428361e-02  0.000000e+00  0.000000e+00  0.000000e+00  0.000000e+00
4.739354e+04  0.000000e+00  0.000000e+00  0.000000e+00  0.000000e+00  0.000000e+00  0.000000e+00  0.000000e+00  1.857772e-03  0.000000e+00  0.000000e+00  0.000000e+00  1.434728e-02  0.000000e+00  2.985284e-02  0.000000e+00  0.000000e+00
5.317643e+04  0.000000e+00  0.000000e+00  0.000000e+00  0.000000e+00  0.000000e+00  0.000000e+00  0.000000e+00  0.000000e+00  0.000000e+00  0.000000e+00  0.000000e+00  0.000000e+00  0.000000e+00  0.000000e+00  0.000000e+00  0.000000e+00
5.966493e+04  0.000000e+00  0.000000e+00  0.000000e+00  0.000000e+00  0.000000e+00  0.000000e+00  0.000000e+00  0.000000e+00  0.000000e+00  0.000000e+00  0.000000e+00  0.000000e+00  0.000000e+00  0.000000e+00  0.000000e+00  0.000000e+00
6.694516e+04  0.000000e+00  0.000000e+00  0.000000e+00  0.000000e+00  0.000000e+00  0.000000e+00  0.000000e+00  0.000000e+00  0.000000e+00  0.000000e+00  0.000000e+00  0.000000e+00  0.000000e+00  0.000000e+00  0.000000e+00  1.780428e-02
7.511370e+04  0.000000e+00  0.000000e+00  0.000000e+00  0.000000e+00  0.000000e+00  0.000000e+00  0.000000e+00  0.000000e+00  0.000000e+00  0.000000e+00  0.000000e+00  0.000000e+00  0.000000e+00  0.000000e+00  0.000000e+00  6.634403e-02
8.427896e+04  0.000000e+00  0.000000e+00  0.000000e+00  0.000000e+00  0.000000e+00  0.000000e+00  0.000000e+00  0.000000e+00  0.000000e+00  0.000000e+00  0.000000e+00  0.000000e+00  0.000000e+00  0.000000e+00  0.000000e+00  0.000000e+00
9.456255e+04  0.000000e+00  0.000000e+00  0.000000e+00  0.000000e+00  0.000000e+00  0.000000e+00  0.000000e+00  0.000000e+00  0.000000e+00  0.000000e+00  0.000000e+00  0.000000e+00  0.000000e+00  0.000000e+00  0.000000e+00  0.000000e+00
1.061009e+05  0.000000e+00  0.000000e+00  0.000000e+00  0.000000e+00  0.000000e+00  0.000000e+00  0.000000e+00  0.000000e+00  0.000000e+00  0.000000e+00  0.000000e+00  0.000000e+00  0.000000e+00  0.000000e+00  0.000000e+00  0.000000e+00
1.190472e+05  0.000000e+00  0.000000e+00  0.000000e+00  0.000000e+00  0.000000e+00  0.000000e+00  0.000000e+00  0.000000e+00  0.000000e+00  0.000000e+00  0.000000e+00  0.000000e+00  0.000000e+00  0.000000e+00  0.000000e+00  0.000000e+00
1.335731e+05  0.000000e+00  0.000000e+00  0.000000e+00  0.000000e+00  0.000000e+00  0.000000e+00  0.000000e+00  0.000000e+00  0.000000e+00  0.000000e+00  0.000000e+00  0.000000e+00  0.000000e+00  0.000000e+00  0.000000e+00  0.000000e+00
1.498715e+05  0.000000e+00  0.000000e+00  0.000000e+00  0.000000e+00  0.000000e+00  0.000000e+00  0.000000e+00  0.000000e+00  0.000000e+00  0.000000e+00  0.000000e+00  0.000000e+00  0.000000e+00  0.000000e+00  0.000000e+00  0.000000e+00
1.681586e+05  0.000000e+00  0.000000e+00  0.000000e+00  0.000000e+00  0.000000e+00  0.000000e+00  0.000000e+00  0.000000e+00  0.000000e+00  0.000000e+00  0.000000e+00  0.000000e+00  0.000000e+00  0.000000e+00  0.000000e+00  0.000000e+00
1.886771e+05  0.000000e+00  0.000000e+00  0.000000e+00  0.000000e+00  0.000000e+00  0.000000e+00  0.000000e+00  0.000000e+00  0.000000e+00  0.000000e+00  0.000000e+00  0.000000e+00  0.000000e+00  0.000000e+00  0.000000e+00  0.000000e+00
2.116992e+05  0.000000e+00  0.000000e+00  0.000000e+00  0.000000e+00  0.000000e+00  0.000000e+00  0.000000e+00  0.000000e+00  0.000000e+00  0.000000e+00  0.000000e+00  0.000000e+00  0.000000e+00  0.000000e+00  0.000000e+00  0.000000e+00
2.375304e+05  0.000000e+00  0.000000e+00  0.000000e+00  0.000000e+00  0.000000e+00  0.000000e+00  0.000000e+00  0.000000e+00  0.000000e+00  0.000000e+00  0.000000e+00  0.000000e+00  0.000000e+00  0.000000e+00  0.000000e+00  0.000000e+00
2.665135e+05  0.000000e+00  0.000000e+00  0.000000e+00  0.000000e+00  0.000000e+00  0.000000e+00  0.000000e+00  0.000000e+00  0.000000e+00  0.000000e+00  0.000000e+00  0.000000e+00  0.000000e+00  0.000000e+00  0.000000e+00  0.000000e+00
2.990330e+05  0.000000e+00  0.000000e+00  0.000000e+00  0.000000e+00  0.000000e+00  0.000000e+00  0.000000e+00  0.000000e+00  0.000000e+00  0.000000e+00  0.000000e+00  0.000000e+00  0.000000e+00  0.000000e+00  0.000000e+00  0.000000e+00
3.355206e+05  0.000000e+00  0.000000e+00  0.000000e+00  0.000000e+00  0.000000e+00  0.000000e+00  0.000000e+00  0.000000e+00  0.000000e+00  0.000000e+00  0.000000e+00  0.000000e+00  0.000000e+00  0.000000e+00  0.000000e+00  0.000000e+00
3.764603e+05  0.000000e+00  0.000000e+00  0.000000e+00  0.000000e+00  0.000000e+00  0.000000e+00  0.000000e+00  0.000000e+00  0.000000e+00  0.000000e+00  0.000000e+00  0.000000e+00  0.000000e+00  0.000000e+00  0.000000e+00  0.000000e+00
4.223954e+05  0.000000e+00  0.000000e+00  0.000000e+00  0.000000e+00  0.000000e+00  0.000000e+00  0.000000e+00  0.000000e+00  0.000000e+00  0.000000e+00  0.000000e+00  0.000000e+00  0.000000e+00  0.000000e+00  0.000000e+00  0.000000e+00
4.739354e+05  0.000000e+00  0.000000e+00  0.000000e+00  0.000000e+00  0.000000e+00  0.000000e+00  0.000000e+00  0.000000e+00  0.000000e+00  0.000000e+00  0.000000e+00  0.000000e+00  0.000000e+00  0.000000e+00  0.000000e+00  0.000000e+00
5.317643e+05  0.000000e+00  0.000000e+00  0.000000e+00  0.000000e+00  0.000000e+00  0.000000e+00  0.000000e+00  0.000000e+00  0.000000e+00  0.000000e+00  0.000000e+00  0.000000e+00  0.000000e+00  0.000000e+00  0.000000e+00  0.000000e+00
5.966493e+05  0.000000e+00  0.000000e+00  0.000000e+00  0.000000e+00  0.000000e+00  0.000000e+00  0.000000e+00  0.000000e+00  0.000000e+00  0.000000e+00  0.000000e+00  0.000000e+00  0.000000e+00  0.000000e+00  0.000000e+00  0.000000e+00
6.694516e+05  0.000000e+00  0.000000e+00  0.000000e+00  0.000000e+00  0.000000e+00  0.000000e+00  0.000000e+00  0.000000e+00  0.000000e+00  0.000000e+00  0.000000e+00  0.000000e+00  0.000000e+00  0.000000e+00  0.000000e+00  0.000000e+00
7.511370e+05  0.000000e+00  0.000000e+00  0.000000e+00  0.000000e+00  0.000000e+00  0.000000e+00  0.000000e+00  0.000000e+00  0.000000e+00  0.000000e+00  0.000000e+00  0.000000e+00  0.000000e+00  0.000000e+00  0.000000e+00  0.000000e+00
8.427896e+05  0.000000e+00  0.000000e+00  0.000000e+00  0.000000e+00  0.000000e+00  0.000000e+00  0.000000e+00  0.000000e+00  0.000000e+00  0.000000e+00  0.000000e+00  0.000000e+00  0.000000e+00  0.000000e+00  0.000000e+00  0.000000e+00
9.456255e+05  0.000000e+00  0.000000e+00  0.000000e+00  0.000000e+00  0.000000e+00  0.000000e+00  0.000000e+00  0.000000e+00  0.000000e+00  0.000000e+00  0.000000e+00  0.000000e+00  0.000000e+00  0.000000e+00  0.000000e+00  0.000000e+00
