Cl37 	34424.8 	0.102204  1  1133.75  5596
Cl37 	34424.8 	0.0887093  1  1434.01  5130
Cl37 	34424.8 	0.167209  1  4527.36  676
Cl37 	34424.8 	0.0727685  1  2528.74  3610
Cl37 	34424.8 	0.0729218  1  -2973.85  11536
Cl37 	34424.8 	0.149685  1  -2302.04  10651
Cl37 	34424.8 	0.218679  1  -2408.54  10634
Cl37 	34424.8 	0.161485  1  -1203.88  8833
Cl37 	34424.8 	0.0963362  1  1886.47  4577
Cl37 	34424.8 	0.315769  1  -4453.26  13575
Cl37 	34424.8 	0.112437  1  -3235.65  11935
Cl37 	34424.8 	0.0773446  1  487.396  6675
Cl37 	34424.8 	0.0961021  1  -4609.67  13875
Cl37 	34424.8 	0.126104  1  -2217.92  10635
Cl37 	34424.8 	0.0748501  1  -900.125  8622
Cl37 	34424.8 	0.077462  1  -221.944  7707
Cl37 	34424.8 	0.119907  1  -2042.43  10145
Cl37 	34424.8 	0.33043  1  854.647  6256
Cl37 	34424.8 	0.0700093  1  -113.727  7568
Cl37 	34424.8 	0.0968603  1  4634.56  496
Cl37 	34424.8 	0.0833217  1  -1283.02  9150
Cl37 	34424.8 	0.232886  1  -4060.81  13365
Cl37 	34424.8 	0.0662189  1  -2017.79  10213
Cl37 	34424.8 	0.0712848  1  3795.84  1771
Cl37 	34424.8 	0.0675233  1  3610.04  1993
Cl37 	34424.8 	0.0682932  1  275.226  6745
Cl37 	34424.8 	0.0646897  1  309.301  7020
Cl37 	34424.8 	0.228927  1  1453.75  5134
Cl37 	34424.8 	0.165543  1  -3569.97  12439
Cl37 	34424.8 	0.0853638  1  -2872.06  11627
Cl37 	34424.8 	0.0701976  1  509.098  6671
Cl37 	34424.8 	0.0795769  1  4109.07  1316
Cl37 	34424.8 	0.0685306  1  -3873.05  13023
Cl37 	34424.8 	0.118461  1  -4276.21  13791
Cl37 	34424.8 	0.175498  1  3169.69  2637
Cl37 	34424.8 	0.0661786  1  -2200.18  10553
Cl37 	34424.8 	0.143673  1  1108.26  5713
Cl37 	34424.8 	0.093406  1  -2662.92  11210
Cl37 	34424.8 	0.129904  1  -3214.55  11889
Cl37 	34424.8 	0.108819  1  -3417.85  12290
Cl37 	34424.8 	0.0916512  1  4285.26  1073
Cl37 	34424.8 	0.130071  1  -3447.53  12327
Cl37 	34424.8 	0.154217  1  4245.68  1090
Cl37 	34424.8 	0.0631104  1  -4870.91  14257
Cl37 	34424.8 	0.0733219  1  3579.4  2109
Cl37 	34424.8 	0.0963489  1  -3704  12629
Cl37 	34424.8 	0.0687954  1  -1551.59  9807
Cl37 	34424.8 	0.146727  1  -2979.8  11868
Cl37 	34424.8 	0.830588  1  4140.28  1231
Cl37 	34424.8 	0.15199  1  -633.819  8237
Cl37 	34424.8 	0.0929996  1  -4518.1  13935
Cl37 	34424.8 	0.119576  1  4064.51  1291
Cl37 	34424.8 	0.156976  1  852.734  6144
Cl37 	34424.8 	0.0645456  1  2225.84  4036
Cl37 	34424.8 	0.111829  1  3495.92  2151
Cl37 	34424.8 	0.0705739  1  2466.88  3740
Cl37 	34424.8 	0.0656323  1  -2946.59  11683
Cl37 	34424.8 	0.0760357  1  2906.18  3033
Cl37 	34424.8 	0.0775907  1  3153.2  2853
Cl37 	34424.8 	0.556423  1  -2689.16  11487
Cl37 	34424.8 	0.0669116  1  2055.53  4349
Cl37 	34424.8 	0.0853474  1  3793.33  1710
Cl37 	34424.8 	0.0922941  1  -3558.27  12497
Cl37 	34424.8 	0.108924  1  -3645.67  12623
Cl37 	34424.8 	0.181213  1  -2126.57  10408
Cl37 	34424.8 	0.0743559  1  -203.442  7746
Cl37 	34424.8 	0.087438  1  -1741.67  9896
Cl37 	34424.8 	0.0942013  1  1306.09  5360
Cl37 	34424.8 	0.100604  1  -2580.37  11147
Cl37 	34424.8 	0.078581  1  -4826.6  14433
Cl37 	34424.8 	0.257078  1  -1509.8  9522
Cl37 	34424.8 	0.11312  1  1144.85  5652
Cl37 	34424.8 	0.0656625  1  3808.48  1789
Cl37 	34424.8 	0.147976  1  3733.66  1827
Cl37 	34424.8 	0.0738248  1  2783.3  3125
Cl37 	34424.8 	0.137213  1  -826.066  8621
Cl37 	34424.8 	0.0673785  1  2073.89  4329
Cl37 	34424.8 	0.0710692  1  3351.23  2386
Cl37 	34424.8 	0.092643  1  3063.82  2763
Cl37 	34424.8 	0.231616  1  4530.91  715
Cl37 	34424.8 	0.080183  1  3497.34  2094
Cl37 	34424.8 	0.161415  1  -1486.52  9567
Cl37 	34424.8 	0.205705  1  516.236  6447
Cl37 	34424.8 	0.133447  1  4937.67  97
Cl37 	34424.8 	0.496176  1  1784.89  4638
Cl37 	34424.8 	0.1204  1  170.77  7043
Cl37 	34424.8 	0.121075  1  2863.19  3120
Cl37 	34424.8 	0.0646768  1  3050.97  2761
Cl37 	34424.8 	0.0741928  1  -1723.92  9832
Cl37 	34424.8 	0.065112  1  -2426.55  10719
Cl37 	34424.8 	0.0884853  1  -2789.6  11252
Cl37 	34424.8 	0.0650748  1  2621.12  3552
Cl37 	34424.8 	0.0835956  1  -1474.37  9562
Cl37 	34424.8 	0.225341  1  -4881.87  14413
Cl37 	34424.8 	0.0903977  1  2473.53  3644
Cl37 	34424.8 	0.111157  1  3784.19  1748
Cl37 	34424.8 	0.0690023  1  3680.43  1883
Cl37 	34424.8 	0.342291  1  384.889  6712
Cl37 	34424.8 	0.0918045  1  -1406.72  9362
Cl37 	34424.8 	0.138788  1  858.781  6021
Cl37 	34424.8 	0.07448  1  -4357.88  13568
Cl37 	34424.8 	0.0811171  1  2934.08  2995
Cl37 	34424.8 	0.0791756  1  -3029.61  11655
Cl37 	34424.8 	0.0804043  1  443.587  6720
Cl37 	34424.8 	0.086369  1  -2052.72  10239
Cl37 	34424.8 	0.108711  1  2766.79  3311
Cl37 	34424.8 	0.109569  1  -3412.8  12204
Cl37 	34424.8 	0.0646346  1  2017.43  4447
Cl37 	34424.8 	0.0798781  1  -2579.32  10904
Cl37 	34424.8 	0.272637  1  1583.74  5004
Cl37 	34424.8 	0.0799451  1  953.306  5741
Cl37 	34424.8 	0.0824598  1  -31.4233  7475
Cl37 	34424.8 	0.0709845  1  2649.11  3512
Cl37 	34424.8 	0.108566  1  2815.08  3203
Cl37 	34424.8 	0.0643446  1  -2645.1  11242
Cl37 	34424.8 	0.0904018  1  -3515.02  12293
Cl37 	34424.8 	0.157846  1  229.566  7001
Cl37 	34424.8 	0.085653  1  -4091.42  13394
Cl37 	34424.8 	0.0742484  1  923.371  6156
Cl37 	34424.8 	0.173973  1  871.077  5910
Cl37 	34424.8 	0.106426  1  3094.16  2783
Cl37 	34424.8 	0.068524  1  -1917.14  10125
Cl37 	34424.8 	0.20936  1  -3515.14  12534
Cl37 	34424.8 	0.0966992  1  3496.15  2272
Cl37 	34424.8 	0.114257  1  -19.1659  7267
Cl37 	34424.8 	0.106747  1  -692.303  8325
Cl37 	34424.8 	0.0763917  1  -2687.83  11197
Cl37 	34424.8 	0.153623  1  687.024  6313
Cl37 	34424.8 	0.0776108  1  3383.58  2404
Cl37 	34424.8 	0.0648288  1  -3089.23  11763
Cl37 	34424.8 	0.0693837  1  -4348.71  13640
Cl37 	34424.8 	0.0724646  1  604.862  6394
Cl37 	34424.8 	0.0860373  1  1316.16  5507
Cl37 	34424.8 	0.136061  1  2566.49  3610
Cl37 	34424.8 	0.078062  1  -3161.07  12090
Cl37 	34424.8 	0.348884  1  4461.94  751
Cl37 	34424.8 	0.169491  1  -1727.19  9950
Cl37 	34424.8 	0.218033  1  -4851.12  14415
Cl37 	34424.8 	0.101598  1  -2314.13  10635
Cl37 	34424.8 	0.0663978  1  4676.63  428
Cl37 	34424.8 	0.0781927  1  3507.15  2104
Cl37 	34424.8 	0.0746508  1  -72.7466  7446
Cl37 	34424.8 	0.103  1  1106.44  5729
Cl37 	34424.8 	0.0643249  1  4733.43  374
Cl37 	34424.8 	0.0703094  1  2410.48  3840
Cl37 	34424.8 	0.0896844  1  3530.03  2173
Cl37 	34424.8 	0.116945  1  -1480.74  9539
Cl37 	34424.8 	0.1019  1  676.698  6410
Cl37 	34424.8 	0.21527  1  -253.072  7840
Cl37 	34424.8 	0.116128  1  -1473.13  9402
Cl37 	34424.8 	0.0786076  1  3756.17  1763
Cl37 	34424.8 	0.0683997  1  -2608.28  11049
Cl37 	34424.8 	0.0699202  1  1950.21  4414
Cl37 	34424.8 	0.134161  1  -3097.67  11882
Cl37 	34424.8 	0.0973398  1  4932.68  97
Cl37 	34424.8 	0.123784  1  480.33  6774
Cl37 	34424.8 	0.0674991  1  4733.02  395
Cl37 	34424.8 	0.111528  1  3506.85  2195
Cl37 	34424.8 	0.086311  1  4213.02  1201
Cl37 	34424.8 	0.115282  1  -4280.22  13417
Cl37 	34424.8 	0.0883272  1  45.2157  7226
Cl37 	34424.8 	0.0975812  1  1156.73  5596
Cl37 	34424.8 	0.203819  1  1727.13  4926
Cl37 	34424.8 	0.0847162  1  2405.1  3752
Cl37 	34424.8 	0.136014  1  -4209.54  13365
Cl37 	34424.8 	0.120742  1  57.5824  7283
Cl37 	34424.8 	0.0886655  1  3729.02  1941
Cl37 	34424.8 	0.0968956  1  -4278.7  13534
Cl37 	34424.8 	0.116409  1  422.578  6788
Cl37 	34424.8 	0.11309  1  -3945.08  13070
Cl37 	34424.8 	0.0899034  1  2913.01  3080
Cl37 	34424.8 	0.126417  1  4333.09  917
Cl37 	34424.8 	0.0752132  1  -4047.55  13243
Cl37 	34424.8 	0.13736  1  -3883.51  12997
Cl37 	34424.8 	0.0685152  1  819.086  6155
Cl37 	34424.8 	0.123959  1  4641.99  505
Cl37 	34424.8 	0.304831  1  -4711.01  14291
Cl37 	34424.8 	0.0634205  1  -1761.24  9824
Cl37 	34424.8 	0.0708452  1  -2140.39  10413
Cl37 	34424.8 	0.068276  1  -3792.91  12822
Cl37 	34424.8 	0.223604  1  -4102.23  13146
Cl37 	34424.8 	0.068793  1  4697.35  447
Cl37 	34424.8 	0.0989715  1  -2499.29  11042
Cl37 	34424.8 	0.161053  1  65.664  7255
Cl37 	34424.8 	0.0870201  1  -2555.18  11008
Cl37 	34424.8 	0.210799  1  -1915.66  10244
Cl37 	34424.8 	0.143888  1  -3686  12591
Cl37 	34424.8 	0.115327  1  -314.965  7739
Cl37 	34424.8 	0.104255  1  1358.11  5349
Cl37 	34424.8 	0.114858  1  -4420.11  13832
Cl37 	34424.8 	0.0700587  1  -4472.51  13726
Cl37 	34424.8 	0.168866  1  -4173.49  13371
Cl37 	34424.8 	0.0655504  1  -1504.17  9488
Cl37 	34424.8 	0.0666183  1  -2273.09  10485
Cl37 	34424.8 	0.109223  1  -4674.92  14165
Cl37 	34424.8 	0.161205  1  -4659.75  14094
Cl37 	34424.8 	0.108748  1  -4335.85  13562
Cl37 	34424.8 	0.0857083  1  -546.239  8258
Cl37 	34424.8 	0.0651844  1  -1507.89  9590
Cl37 	34424.8 	0.0755537  1  -4636.75  14001
Cl37 	34424.8 	0.340248  1  -3350.12  12203
Cl37 	34424.8 	0.178874  1  -2213.92  10459
Cl37 	34424.8 	0.065204  1  4908.02  140
Cl37 	34424.8 	0.220466  1  -4772.14  14231
Cl37 	34424.8 	0.0736438  1  -1628.82  9688
Cl37 	34424.8 	0.0721733  1  2319.34  3818
Cl37 	34424.8 	0.0637033  1  -1974.67  10283
Cl37 	34424.8 	0.136005  1  2761.14  3375
Cl37 	34424.8 	0.385959  1  -3376.92  12268
Cl37 	34424.8 	0.0686531  1  3978.12  1539
Cl37 	34424.8 	0.0715716  1  -2300.36  10706
Cl37 	34424.8 	0.121212  1  -2482.76  10962
Cl37 	34424.8 	0.109063  1  2308.96  3950
Cl37 	34424.8 	0.0798232  1  4470.52  831
Cl37 	34424.8 	0.0749562  1  3121.08  2757
Cl37 	34424.8 	0.0642592  1  -3351.74  12132
Cl37 	34424.8 	0.102593  1  3622.99  1956
Cl37 	34424.8 	0.0925133  1  -2656.13  11142
Cl37 	34424.8 	0.374722  1  2958.16  2961
Cl37 	34424.8 	0.0706381  1  -1518.16  9439
Cl37 	34424.8 	0.0773612  1  4121.84  1299
Cl37 	34424.8 	0.0920091  1  991.261  5818
Cl37 	34424.8 	0.108223  1  -1903.53  10269
Cl37 	34424.8 	0.105735  1  -1934.75  10203
Cl37 	34424.8 	0.185077  1  243.741  6944
Cl37 	34424.8 	0.188411  1  -3045.84  11967
Cl37 	34424.8 	0.166522  1  -4838.11  14240
Cl37 	34424.8 	0.0704444  1  -3103.71  11919
Cl37 	34424.8 	0.10441  1  1733.31  4754
Cl37 	34424.8 	0.0750009  1  285.023  6919
Cl37 	34424.8 	0.063157  1  1247.1  5485
Cl37 	34424.8 	0.0710367  1  2789.85  3286
Cl37 	34424.8 	0.0752744  1  1464.52  5098
Cl37 	34424.8 	0.447146  1  3871.13  1660
Cl37 	34424.8 	0.0765964  1  -718.57  8307
Cl37 	34424.8 	0.128014  1  -4204.55  13456
Cl37 	34424.8 	0.297152  1  -1575.21  9600
Cl37 	34424.8 	0.125875  1  3988.42  1448
Cl37 	34424.8 	0.216836  1  2943.68  2976
Cl37 	34424.8 	0.111747  1  1393.14  5284
Cl37 	34424.8 	0.0655753  1  863.095  5853
Cl37 	34424.8 	0.0925901  1  -6.2979  7453
Cl37 	34424.8 	0.111301  1  4203.62  1190
Cl37 	34424.8 	0.0974457  1  -4570  14111
Cl37 	34424.8 	0.0740782  1  -2277.05  10657
Cl37 	34424.8 	0.17362  1  -4288.24  13677
Cl37 	34424.8 	0.414751  1  2128.01  4145
Cl37 	34424.8 	0.0638929  1  3052.18  2924
Cl37 	34424.8 	0.0994696  1  -3603.98  12584
Cl37 	34424.8 	0.075358  1  -1236.76  9218
Cl37 	34424.8 	0.11108  1  -1181.61  9172
Cl37 	34424.8 	0.0647218  1  3565.86  2161
Cl37 	34424.8 	0.0663517  1  2648.36  3516
Cl37 	34424.8 	0.319104  1  -4472.62  14035
Cl37 	34424.8 	0.0696119  1  396.104  6804
Cl37 	34424.8 	0.0859702  1  3727.71  1846
Cl37 	34424.8 	0.127692  1  952.198  6039
Cl37 	34424.8 	0.102441  1  169.34  7143
Cl37 	34424.8 	0.076985  1  2623.56  3511
Cl37 	34424.8 	0.0817849  1  2465.46  3788
Cl37 	34424.8 	0.0834563  1  2762.48  3305
Cl37 	34424.8 	0.0760863  1  -320.675  7823
Cl37 	34424.8 	0.0662042  1  -3361.79  12188
Cl37 	34424.8 	0.0914663  1  988.852  5894
Cl37 	34424.8 	0.0692307  1  -4351.14  13566
Cl37 	34424.8 	0.067464  1  -4703.29  14350
Cl37 	34424.8 	0.120168  1  -4546.24  13950
Cl37 	34424.8 	0.093083  1  -3083.8  11845
Cl37 	34424.8 	0.0690462  1  3798.02  1722
Cl37 	34424.8 	0.139762  1  -2116.59  10418
Cl37 	34424.8 	0.067919  1  -2168.46  10490
Cl37 	34424.8 	0.25711  1  772.322  6207
Cl37 	34424.8 	0.093238  1  -1561.72  9654
Cl37 	34424.8 	0.147104  1  582.502  6500
Cl37 	34424.8 	0.0709117  1  692.567  6273
Cl37 	34424.8 	0.0644635  1  -4051.83  13135
Cl37 	34424.8 	0.0633466  1  -1085.36  8931
Cl37 	34424.8 	0.0650933  1  -3546.46  12437
Cl37 	34424.8 	0.0658533  1  4460.61  813
Cl37 	34424.8 	0.112243  1  -3172.3  11859
Cl37 	34424.8 	0.121189  1  -491.877  8091
Cl37 	34424.8 	0.0955717  1  54.862  7118
Cl37 	34424.8 	0.132544  1  -3623.17  12211
Cl37 	34424.8 	0.0983992  1  -822.072  8527
Cl37 	34424.8 	0.154197  1  -2287.7  10570
Cl37 	34424.8 	0.06778  1  303.892  6897
Cl37 	34424.8 	0.068832  1  -1855.41  9987
Cl37 	34424.8 	0.0849165  1  1383.38  5248
Cl37 	34424.8 	0.0752113  1  3971.92  1492
Cl37 	34424.8 	0.0670605  1  -4969.19  14751
Cl37 	34424.8 	0.158887  1  -1294.95  9163
Cl37 	34424.8 	0.103903  1  3104.62  2857
Cl37 	34424.8 	0.11202  1  -3239.42  12027
Cl37 	34424.8 	0.0751964  1  2776.38  3236
Cl37 	34424.8 	0.125476  1  3161.57  2667
Cl37 	34424.8 	0.102033  1  -1105.94  8943
Cl37 	34424.8 	0.190166  1  -3971.06  13220
Cl37 	34424.8 	0.068645  1  1125.09  5609
Cl37 	34424.8 	0.0802025  1  4385.43  901
Cl37 	34424.8 	0.0939969  1  3165.65  2689
Cl37 	34424.8 	0.0660893  1  -4739.14  14283
Cl37 	34424.8 	0.126944  1  -3585.47  12533
Cl37 	34424.8 	0.139385  1  -3884.51  13023
Cl37 	34424.8 	0.434983  1  -3625.63  12735
Cl37 	34424.8 	0.296493  1  2317.18  3910
Cl37 	34424.8 	0.0903496  1  -235.656  7834
Cl37 	34424.8 	0.0682414  1  -4185.52  13244
Cl37 	34424.8 	0.0705193  1  1202.09  5649
Cl37 	34424.8 	0.0921796  1  -1480.07  9305
Cl37 	34424.8 	0.0854188  1  3709.83  1955
Cl37 	34424.8 	0.145434  1  -3187.05  11948
Cl37 	34424.8 	0.17037  1  -4441.79  13931
Cl37 	34424.8 	0.0881972  1  -4651.18  13965
Cl37 	34424.8 	0.0985189  1  -2939.22  11601
Cl37 	34424.8 	0.130101  1  -3661.86  12685
Cl37 	34424.8 	0.141123  1  3478.11  2203
Cl37 	34424.8 	0.104998  1  2158.3  4235
Cl37 	34424.8 	0.0804742  1  3875.02  1644
Cl37 	34424.8 	0.225829  1  3923.05  1553
Cl37 	34424.8 	0.0843529  1  -2061.45  10279
Cl37 	34424.8 	0.21443  1  -1155.82  8840
Cl37 	34424.8 	0.0815408  1  2685.39  3449
Cl37 	34424.8 	0.27149  1  949.397  6103
Cl37 	34424.8 	0.480173  1  4984.93  22
Cl37 	34424.8 	0.390768  1  4569.08  617
Cl37 	34424.8 	0.213886  1  4685.92  458
Cl37 	34424.8 	0.0640977  1  4458.26  811
Cl37 	34424.8 	0.0890762  1  1009.77  5694
Cl37 	34424.8 	0.0848066  1  -1109.57  8875
Cl37 	34424.8 	0.409387  1  -32.0726  7240
Cl37 	34424.8 	0.107033  1  -2151.83  10577
Cl37 	34424.8 	0.0644536  1  -4716.22  14405
Cl37 	34424.8 	0.104519  1  2997.95  2999
Cl37 	34424.8 	0.0926411  1  720.579  6191
Cl37 	34424.8 	0.114289  1  1328.83  5333
Cl37 	34424.8 	0.15932  1  1931.41  4439
Cl37 	34424.8 	0.0786552  1  3639.3  2008
Cl37 	34424.8 	0.086154  1  1699.93  4751
Cl37 	34424.8 	0.398299  1  -476.391  8037
Cl37 	34424.8 	0.566614  1  -3912.44  12983
Cl37 	34424.8 	0.0772859  1  -319.007  7539
Cl37 	34424.8 	0.113951  1  4614.66  533
