# dR/dEr [1/keV/kg/Myr]
# Er [keV], S, F, Ne, Cl, Na, Si, O, P, N, C, Al, Mg, Be, B, Ar, Li
1.061009e+01  4.882228e+02  3.597916e+02  0.000000e+00  0.000000e+00  1.203006e+02  0.000000e+00  3.352900e+01  0.000000e+00  0.000000e+00  0.000000e+00  0.000000e+00  0.000000e+00  3.630936e-01  0.000000e+00  0.000000e+00  0.000000e+00
1.190472e+01  1.864105e+02  3.137775e+01  0.000000e+00  0.000000e+00  5.920072e+01  0.000000e+00  0.000000e+00  0.000000e+00  0.000000e+00  0.000000e+00  0.000000e+00  0.000000e+00  0.000000e+00  0.000000e+00  0.000000e+00  0.000000e+00
1.335731e+01  2.690054e+02  5.519241e+01  0.000000e+00  0.000000e+00  0.000000e+00  0.000000e+00  0.000000e+00  0.000000e+00  0.000000e+00  0.000000e+00  0.000000e+00  0.000000e+00  0.000000e+00  0.000000e+00  0.000000e+00  0.000000e+00
1.498715e+01  6.879507e+01  6.752330e+01  0.000000e+00  0.000000e+00  2.798802e+01  0.000000e+00  1.154141e+01  0.000000e+00  0.000000e+00  0.000000e+00  0.000000e+00  0.000000e+00  0.000000e+00  0.000000e+00  0.000000e+00  0.000000e+00
1.681586e+01  1.699163e+02  7.057283e+01  2.463239e+01  0.000000e+00  4.774695e+01  1.028630e+01  0.000000e+00  0.000000e+00  0.000000e+00  0.000000e+00  0.000000e+00  0.000000e+00  0.000000e+00  0.000000e+00  0.000000e+00  0.000000e+00
1.886771e+01  1.165444e+02  8.342306e+01  0.000000e+00  0.000000e+00  2.195364e+01  0.000000e+00  0.000000e+00  0.000000e+00  0.000000e+00  0.000000e+00  0.000000e+00  0.000000e+00  0.000000e+00  0.000000e+00  0.000000e+00  0.000000e+00
2.116992e+01  1.174062e+02  9.229321e+01  0.000000e+00  0.000000e+00  2.372023e+01  0.000000e+00  1.046974e+01  0.000000e+00  0.000000e+00  0.000000e+00  3.114520e+00  0.000000e+00  0.000000e+00  0.000000e+00  0.000000e+00  0.000000e+00
2.375304e+01  2.166687e+02  4.270409e+01  2.150559e+01  0.000000e+00  4.946247e+01  0.000000e+00  1.743839e+01  0.000000e+00  0.000000e+00  0.000000e+00  0.000000e+00  0.000000e+00  0.000000e+00  0.000000e+00  0.000000e+00  0.000000e+00
2.665135e+01  1.867629e+02  8.002618e+01  8.316407e+00  1.968338e-01  1.333315e+01  0.000000e+00  0.000000e+00  1.226140e+01  0.000000e+00  0.000000e+00  0.000000e+00  0.000000e+00  0.000000e+00  0.000000e+00  0.000000e+00  0.000000e+00
2.990330e+01  2.116360e+02  9.614876e+01  1.025559e+01  0.000000e+00  9.119146e+00  0.000000e+00  1.319641e+01  0.000000e+00  0.000000e+00  0.000000e+00  7.028454e-01  0.000000e+00  5.802409e+00  0.000000e+00  0.000000e+00  0.000000e+00
3.355206e+01  2.696094e+02  6.953775e+01  1.041431e+01  0.000000e+00  2.157241e+01  0.000000e+00  2.376955e+01  0.000000e+00  0.000000e+00  0.000000e+00  5.205389e+00  0.000000e+00  4.612418e+00  0.000000e+00  0.000000e+00  0.000000e+00
3.764603e+01  2.971253e+02  4.803093e+01  1.792363e-02  5.887565e+00  3.046247e+01  0.000000e+00  2.289970e-01  0.000000e+00  0.000000e+00  0.000000e+00  0.000000e+00  0.000000e+00  3.029087e-02  0.000000e+00  0.000000e+00  0.000000e+00
4.223954e+01  2.726471e+02  1.377338e+02  2.202474e+00  0.000000e+00  6.361480e+01  0.000000e+00  8.217093e+00  0.000000e+00  0.000000e+00  0.000000e+00  1.292128e+00  0.000000e+00  3.670510e+01  0.000000e+00  0.000000e+00  0.000000e+00
4.739354e+01  3.825468e+02  1.497297e+02  4.676659e+00  1.204942e+01  1.800556e+01  0.000000e+00  1.686792e+01  0.000000e+00  0.000000e+00  0.000000e+00  0.000000e+00  0.000000e+00  1.276427e+01  0.000000e+00  0.000000e+00  0.000000e+00
5.317643e+01  3.343759e+02  8.547596e+01  1.158897e+01  0.000000e+00  4.295286e+01  0.000000e+00  2.243945e+01  0.000000e+00  0.000000e+00  0.000000e+00  1.239913e+00  0.000000e+00  0.000000e+00  0.000000e+00  0.000000e+00  0.000000e+00
5.966493e+01  4.486461e+02  1.578872e+02  1.289805e+01  6.613875e+00  2.847435e+01  0.000000e+00  2.128767e+01  0.000000e+00  0.000000e+00  0.000000e+00  2.165088e+00  0.000000e+00  5.172605e-01  0.000000e+00  0.000000e+00  0.000000e+00
6.694516e+01  4.867622e+02  1.327889e+02  2.158976e+01  0.000000e+00  6.110552e+01  0.000000e+00  6.265737e+00  0.000000e+00  6.865031e-01  0.000000e+00  6.693475e+00  0.000000e+00  9.389630e+01  0.000000e+00  0.000000e+00  0.000000e+00
7.511370e+01  5.103656e+02  1.820243e+02  1.843153e+01  6.954715e+00  3.655227e+01  0.000000e+00  1.598907e+01  0.000000e+00  0.000000e+00  0.000000e+00  1.238542e+00  0.000000e+00  2.814862e+04  0.000000e+00  0.000000e+00  0.000000e+00
8.427896e+01  6.497298e+02  2.057177e+02  1.203751e+01  1.626287e+01  5.167840e+01  0.000000e+00  2.791191e+01  0.000000e+00  0.000000e+00  0.000000e+00  0.000000e+00  0.000000e+00  3.430533e+04  0.000000e+00  0.000000e+00  0.000000e+00
9.456255e+01  6.462599e+02  1.592299e+02  1.613987e+01  8.276713e+00  4.467418e+01  0.000000e+00  8.087521e+00  0.000000e+00  4.885054e-01  0.000000e+00  2.498356e-03  0.000000e+00  2.597966e+04  0.000000e+00  0.000000e+00  0.000000e+00
1.061009e+02  7.608845e+02  2.095753e+02  1.250388e+01  2.892644e+00  6.470189e+01  0.000000e+00  1.389318e+01  0.000000e+00  0.000000e+00  1.217518e+00  6.607003e+00  0.000000e+00  1.986455e+04  0.000000e+00  0.000000e+00  0.000000e+00
1.190472e+02  8.183313e+02  2.661888e+02  2.806370e+01  4.290535e+00  5.870419e+01  0.000000e+00  8.770290e+00  0.000000e+00  1.452978e+00  3.764018e+00  1.759098e+04  0.000000e+00  1.456275e+04  0.000000e+00  5.572025e-01  0.000000e+00
1.335731e+02  9.205744e+02  2.889906e+02  1.983254e+01  5.051565e-03  7.186302e+01  0.000000e+00  1.081136e+01  0.000000e+00  0.000000e+00  0.000000e+00  1.466727e+04  0.000000e+00  1.069623e+04  0.000000e+00  0.000000e+00  0.000000e+00
1.498715e+02  2.255465e+03  3.343265e+02  1.493755e+01  4.635151e+00  4.280137e+01  0.000000e+00  1.813926e+01  0.000000e+00  2.365804e+00  2.193271e+00  1.096923e+04  0.000000e+00  7.996008e+03  0.000000e+00  0.000000e+00  0.000000e+00
1.681586e+02  3.244245e+03  3.376711e+02  1.963993e+01  4.774695e+00  3.605201e+01  1.404929e-03  2.341314e+01  0.000000e+00  1.639310e+00  0.000000e+00  8.104755e+03  0.000000e+00  5.878849e+03  0.000000e+00  0.000000e+00  0.000000e+00
1.886771e+02  1.886794e+03  3.997832e+02  1.441589e+01  4.752944e+00  7.885328e+01  2.091491e+00  2.191169e+01  1.486730e+00  1.486730e+00  0.000000e+00  6.059725e+03  0.000000e+00  4.329515e+03  0.000000e+00  0.000000e+00  0.000000e+00
2.116992e+02  8.210127e+02  4.965124e+02  1.863313e+01  1.155913e+01  3.263045e+01  1.325049e+00  1.847450e+01  0.000000e+00  0.000000e+00  1.115974e-03  4.773748e+03  0.000000e+00  2.893975e+03  0.000000e+00  3.187322e-03  0.000000e+00
2.375304e+02  5.947653e+02  2.555899e+03  2.854458e+01  9.888377e+00  4.825869e+01  5.628881e-01  2.011648e+01  2.408977e+00  0.000000e+00  7.282140e-01  3.556854e+03  0.000000e+00  2.108317e+03  0.000000e+00  2.138236e+00  0.000000e+00
2.665135e+02  4.892381e+02  2.131550e+03  2.925646e+01  7.214545e+00  6.929185e+01  1.311084e+00  1.567525e+01  0.000000e+00  1.052524e+00  1.027107e+00  2.610271e+03  0.000000e+00  1.483277e+03  0.000000e+00  0.000000e+00  0.000000e+00
2.990330e+02  2.980081e+02  3.224040e+02  1.613946e+01  5.843821e+00  5.358226e+01  6.802809e-02  2.983117e+01  1.335181e-03  3.813395e-03  1.544790e-01  1.967776e+03  0.000000e+00  1.113127e+03  0.000000e+00  0.000000e+00  0.000000e+00
3.355206e+02  2.618619e+02  2.876444e+02  1.880335e+01  7.790155e+00  5.679355e+01  8.360495e-01  2.185977e+01  7.969886e-01  6.605957e-01  1.351159e+00  1.469543e+03  9.198336e-02  7.671119e+02  0.000000e+00  0.000000e+00  9.614459e-03
3.764603e+02  1.744483e+02  2.139880e+02  2.365800e+01  7.002782e+00  6.388026e+01  3.231506e-01  1.534164e+01  0.000000e+00  9.281761e-01  0.000000e+00  9.643102e+02  0.000000e+00  5.621453e+02  0.000000e+00  0.000000e+00  0.000000e+00
4.223954e+02  1.126320e+02  1.784894e+02  1.516125e+01  7.249520e+00  5.422945e+01  5.256751e-01  2.182117e+01  1.641659e+00  6.650430e-01  1.062442e+00  7.446013e+02  0.000000e+00  3.050499e+02  0.000000e+00  1.597445e-03  0.000000e+00
4.739354e+02  8.940915e+01  1.453021e+02  2.126439e+01  1.259829e+01  4.616697e+01  7.402343e-01  2.043014e+01  1.576240e+00  6.895090e-01  0.000000e+00  4.599061e+02  0.000000e+00  2.033277e+02  6.895090e-01  0.000000e+00  0.000000e+00
5.317643e+02  6.928640e+01  9.432218e+01  2.235845e+01  6.107529e+00  4.881090e+01  1.487390e+00  1.791646e+01  1.884390e+00  1.810278e+00  6.613679e-01  3.802735e+02  0.000000e+00  1.600048e+02  4.442774e-04  9.551152e-01  0.000000e+00
5.966493e+02  6.178463e+01  8.252786e+01  2.290292e+01  1.057396e+01  4.740684e+01  1.496981e+00  1.776524e+01  1.794774e+00  9.490826e-01  2.908093e-01  2.739995e+02  0.000000e+00  1.072282e+02  0.000000e+00  1.911225e-03  0.000000e+00
6.694516e+02  4.730461e+01  6.934844e+01  2.793040e+01  1.538016e+01  4.560267e+01  1.532534e+00  2.236759e+01  1.360608e+00  1.140689e+00  3.270304e-01  1.917062e+02  0.000000e+00  6.102189e+01  0.000000e+00  0.000000e+00  0.000000e+00
7.511370e+02  3.855726e+01  5.405916e+01  1.912586e+01  1.248340e+01  3.045789e+01  3.916734e-01  1.656046e+01  1.621894e+00  1.204462e+00  2.190883e-01  1.236613e+02  0.000000e+00  4.146504e+01  0.000000e+00  0.000000e+00  0.000000e+00
8.427896e+02  2.384336e+01  4.479073e+01  1.650405e+01  1.387351e+01  3.388777e+01  9.597072e-01  1.901022e+01  6.775889e-01  2.884782e-01  6.105436e-01  6.534097e+01  0.000000e+00  2.027108e+01  0.000000e+00  5.789110e-01  0.000000e+00
9.456255e+02  2.344865e+01  3.686891e+01  2.207528e+01  9.298337e+00  2.801801e+01  1.269662e+00  1.968434e+01  1.974850e+00  0.000000e+00  9.115016e-01  5.404565e+01  5.547530e-03  1.611281e+01  0.000000e+00  0.000000e+00  0.000000e+00
1.061009e+03  2.151305e+01  2.613549e+01  2.076377e+01  1.415745e+01  2.251935e+01  1.620926e+00  1.819037e+01  1.468005e+00  2.154090e+00  2.614143e-01  3.843697e+01  0.000000e+00  6.036107e+00  4.825966e-02  2.908769e-02  0.000000e+00
1.190472e+03  1.426377e+01  2.245599e+01  1.899894e+01  1.427011e+01  1.678308e+01  1.592249e+00  1.111118e+01  1.736975e+00  7.796921e-01  6.131477e-01  2.316293e+01  0.000000e+00  6.945788e+00  0.000000e+00  0.000000e+00  0.000000e+00
1.335731e+03  1.432770e+01  1.973073e+01  1.549471e+01  1.087744e+01  1.387659e+01  6.997162e-01  1.446051e+01  7.836808e-01  1.381564e+00  2.394114e-01  1.167000e+01  0.000000e+00  2.245193e+00  3.652682e-01  0.000000e+00  0.000000e+00
1.498715e+03  9.000030e+00  1.459524e+01  1.256675e+01  1.179166e+01  9.594022e+00  2.181388e+00  1.272826e+01  2.438461e+00  2.057066e+00  4.171714e-01  6.954874e+00  5.752144e-03  3.661095e+00  0.000000e+00  0.000000e+00  1.433426e-02
1.681586e+03  3.769053e+00  1.405304e+01  9.846117e+00  1.023912e+01  1.151229e+01  1.127128e+00  9.604907e+00  1.527848e+00  1.423455e+00  9.335148e-01  6.892233e+00  0.000000e+00  2.063632e+00  2.371302e-01  0.000000e+00  1.918337e-03
1.886771e+03  5.220722e+00  8.554879e+00  1.006590e+01  1.311932e+01  9.156821e+00  1.273546e+00  8.493776e+00  1.577671e+00  1.141226e+00  8.789247e-01  3.503303e+00  2.094344e-01  1.851955e-01  1.767853e-01  1.020913e-03  0.000000e+00
2.116992e+03  3.986995e+00  8.920806e+00  6.604130e+00  7.895901e+00  3.725334e+00  1.169235e+00  6.417592e+00  1.393139e+00  3.299945e-01  6.746371e-01  1.681391e+00  9.430229e-02  6.526299e-01  3.187322e-04  0.000000e+00  3.187322e-04
2.375304e+03  1.553112e+00  5.220794e+00  5.932719e+00  1.141715e+01  3.782265e+00  1.918618e+00  5.825168e+00  1.311008e+00  8.090179e-01  2.107584e-01  2.020992e+00  1.680893e-04  0.000000e+00  2.775819e-02  0.000000e+00  5.448400e-02
2.665135e+03  1.803500e+00  3.840337e+00  4.728303e+00  9.598553e+00  1.817360e+00  1.229171e+00  3.636309e+00  2.238864e+00  5.304707e-01  1.081070e+00  1.078563e+00  3.523509e-01  2.014474e-01  6.510410e-02  0.000000e+00  1.713672e-01
2.990330e+03  3.912007e-01  2.771027e+00  3.041242e+00  7.364273e+00  1.587464e+00  1.564524e+00  2.599747e+00  1.353732e+00  4.459126e-01  3.704927e-01  8.957544e-01  5.352904e-02  0.000000e+00  5.840543e-02  0.000000e+00  2.417706e-01
3.355206e+03  4.012885e-01  3.223580e+00  2.959897e+00  7.511996e+00  5.576923e-01  1.545375e+00  1.647409e+00  8.844760e-01  3.840915e-01  4.244105e-01  1.817633e-01  1.773963e-01  1.531449e-01  6.264116e-03  0.000000e+00  2.715196e-04
3.764603e+03  1.351444e-01  1.195235e+00  2.084898e+00  4.621228e+00  5.023183e-01  1.227663e+00  1.004938e+00  6.806701e-01  2.190795e-01  4.628407e-01  3.501248e-01  1.868602e-02  6.275586e-05  1.375962e-01  0.000000e+00  1.160372e-01
4.223954e+03  1.307503e-02  9.132517e-01  7.810769e-01  3.687802e+00  2.067871e-01  6.309081e-01  8.767051e-01  8.000615e-01  3.632210e-01  2.952558e-01  2.904182e-01  4.745219e-02  0.000000e+00  1.394576e-01  0.000000e+00  6.494814e-02
4.739354e+03  1.962957e-02  6.243828e-01  1.065826e+00  3.400812e+00  2.343345e-01  6.955102e-01  2.212233e-01  5.894346e-01  1.572392e-01  1.915908e-01  2.091483e-01  8.688479e-02  4.064326e-04  3.022831e-03  0.000000e+00  1.562318e-02
5.317643e+03  1.168691e-01  5.796419e-01  6.562616e-01  2.119747e+00  1.827469e-02  5.002227e-01  8.476983e-02  1.028410e+00  3.746630e-01  2.410285e-01  6.854118e-02  1.199931e-01  0.000000e+00  9.142164e-02  0.000000e+00  1.366110e-01
5.966493e+03  3.691746e-02  2.483898e-01  3.239507e-01  1.259047e+00  9.306070e-02  6.653903e-01  6.705783e-02  4.144506e-01  1.478394e-01  3.297022e-01  3.409481e-03  1.235180e-02  0.000000e+00  2.197372e-02  0.000000e+00  4.679802e-02
6.694516e+03  5.964034e-05  1.739763e-01  2.419757e-01  9.222513e-01  1.473020e-02  9.366912e-01  1.778535e-02  2.148046e-01  1.814178e-01  2.787994e-01  1.386302e-01  1.887804e-01  0.000000e+00  1.443818e-02  0.000000e+00  4.818644e-04
7.511370e+03  5.256450e-03  1.435298e-01  2.542673e-01  5.244677e-01  6.766313e-02  4.495503e-01  7.329887e-02  1.628456e-01  5.293502e-02  1.568214e-01  3.954220e-03  4.192874e-02  0.000000e+00  1.330970e-03  0.000000e+00  1.534993e-01
8.427896e+03  1.532765e-02  1.016554e-01  1.250078e-01  1.215003e-01  1.774137e-02  5.998948e-01  1.221084e-01  4.615304e-01  6.312847e-02  4.823472e-02  1.063363e-01  9.160193e-02  0.000000e+00  7.577475e-04  0.000000e+00  2.229423e-02
9.456255e+03  0.000000e+00  3.045644e-02  1.314513e-01  3.273947e-01  2.362857e-02  3.915217e-01  7.135525e-05  1.451967e-01  9.191599e-02  5.222700e-02  1.784175e-01  1.112380e-01  0.000000e+00  4.924900e-02  0.000000e+00  2.222592e-03
1.061009e+04  0.000000e+00  1.042170e-01  4.702285e-02  1.974182e-01  6.277880e-03  2.708245e-01  2.817711e-02  1.107873e-01  2.088364e-03  7.115636e-02  7.201338e-02  7.970810e-02  0.000000e+00  3.763051e-05  0.000000e+00  4.281793e-02
1.190472e+04  0.000000e+00  2.520215e-04  2.709723e-04  1.007822e-01  0.000000e+00  8.344124e-02  1.984514e-05  4.569861e-03  6.707645e-05  7.432545e-02  1.727980e-01  4.292913e-02  0.000000e+00  7.720982e-03  0.000000e+00  1.368059e-02
1.335731e+04  0.000000e+00  1.806563e-02  6.263289e-02  1.330816e-01  0.000000e+00  8.631564e-02  8.537127e-05  2.066961e-02  1.540646e-03  5.757051e-02  2.779133e-02  7.543973e-03  0.000000e+00  0.000000e+00  0.000000e+00  1.646955e-02
1.498715e+04  0.000000e+00  2.654612e-02  5.752144e-04  6.728382e-03  0.000000e+00  4.748922e-02  0.000000e+00  7.195773e-02  2.059251e-03  8.747894e-03  9.004423e-05  5.827431e-02  0.000000e+00  7.166248e-05  0.000000e+00  3.924226e-02
1.681586e+04  0.000000e+00  1.337281e-03  2.374325e-05  4.143435e-03  0.000000e+00  8.713040e-02  1.404929e-05  5.958874e-03  0.000000e+00  5.126604e-04  3.119605e-04  2.596465e-04  0.000000e+00  2.172143e-02  0.000000e+00  2.986303e-02
1.886771e+04  0.000000e+00  3.725959e-03  0.000000e+00  1.739264e-02  0.000000e+00  5.505246e-02  0.000000e+00  4.347789e-02  0.000000e+00  0.000000e+00  1.379531e-02  1.779775e-02  0.000000e+00  3.280181e-02  0.000000e+00  2.060263e-02
2.116992e+04  0.000000e+00  1.115974e-05  0.000000e+00  1.061488e-02  0.000000e+00  6.502537e-05  0.000000e+00  6.102046e-03  0.000000e+00  0.000000e+00  0.000000e+00  1.543618e-02  0.000000e+00  5.105115e-02  0.000000e+00  6.102046e-03
2.375304e+04  0.000000e+00  0.000000e+00  0.000000e+00  9.946133e-06  0.000000e+00  6.342885e-03  1.358078e-04  8.564229e-04  0.000000e+00  1.299300e-03  7.304800e-03  3.361786e-05  0.000000e+00  0.000000e+00  0.000000e+00  2.124987e-02
2.665135e+04  0.000000e+00  1.210389e-04  0.000000e+00  1.493410e-02  0.000000e+00  0.000000e+00  0.000000e+00  0.000000e+00  0.000000e+00  7.227508e-05  0.000000e+00  0.000000e+00  0.000000e+00  0.000000e+00  0.000000e+00  1.210389e-04
2.990330e+04  0.000000e+00  0.000000e+00  0.000000e+00  1.536889e-03  0.000000e+00  0.000000e+00  0.000000e+00  0.000000e+00  0.000000e+00  0.000000e+00  0.000000e+00  2.217170e-03  0.000000e+00  6.482690e-03  0.000000e+00  3.132330e-03
3.355206e+04  0.000000e+00  0.000000e+00  0.000000e+00  0.000000e+00  0.000000e+00  0.000000e+00  0.000000e+00  0.000000e+00  0.000000e+00  0.000000e+00  0.000000e+00  2.011064e-05  0.000000e+00  1.513755e-02  0.000000e+00  1.148203e-04
3.764603e+04  0.000000e+00  0.000000e+00  0.000000e+00  2.289970e-04  0.000000e+00  0.000000e+00  0.000000e+00  0.000000e+00  0.000000e+00  0.000000e+00  0.000000e+00  1.220794e-03  0.000000e+00  2.289970e-04  0.000000e+00  6.275586e-06
4.223954e+04  0.000000e+00  0.000000e+00  0.000000e+00  1.241937e-04  0.000000e+00  0.000000e+00  0.000000e+00  1.216940e-02  0.000000e+00  0.000000e+00  0.000000e+00  1.301580e-03  0.000000e+00  0.000000e+00  0.000000e+00  0.000000e+00
4.739354e+04  0.000000e+00  0.000000e+00  0.000000e+00  0.000000e+00  0.000000e+00  0.000000e+00  0.000000e+00  4.984875e-06  0.000000e+00  0.000000e+00  0.000000e+00  1.156727e-04  0.000000e+00  9.697115e-04  0.000000e+00  0.000000e+00
5.317643e+04  0.000000e+00  0.000000e+00  0.000000e+00  0.000000e+00  0.000000e+00  0.000000e+00  0.000000e+00  0.000000e+00  0.000000e+00  0.000000e+00  0.000000e+00  0.000000e+00  0.000000e+00  0.000000e+00  0.000000e+00  0.000000e+00
5.966493e+04  0.000000e+00  0.000000e+00  0.000000e+00  0.000000e+00  0.000000e+00  0.000000e+00  0.000000e+00  0.000000e+00  0.000000e+00  0.000000e+00  0.000000e+00  0.000000e+00  0.000000e+00  0.000000e+00  0.000000e+00  0.000000e+00
6.694516e+04  0.000000e+00  0.000000e+00  0.000000e+00  0.000000e+00  0.000000e+00  0.000000e+00  0.000000e+00  0.000000e+00  0.000000e+00  0.000000e+00  0.000000e+00  0.000000e+00  0.000000e+00  0.000000e+00  0.000000e+00  3.073993e-04
7.511370e+04  0.000000e+00  0.000000e+00  0.000000e+00  0.000000e+00  0.000000e+00  0.000000e+00  0.000000e+00  0.000000e+00  0.000000e+00  0.000000e+00  0.000000e+00  0.000000e+00  0.000000e+00  0.000000e+00  0.000000e+00  5.293502e-03
8.427896e+04  0.000000e+00  0.000000e+00  0.000000e+00  0.000000e+00  0.000000e+00  0.000000e+00  0.000000e+00  0.000000e+00  0.000000e+00  0.000000e+00  0.000000e+00  0.000000e+00  0.000000e+00  0.000000e+00  0.000000e+00  0.000000e+00
9.456255e+04  0.000000e+00  0.000000e+00  0.000000e+00  0.000000e+00  0.000000e+00  0.000000e+00  0.000000e+00  0.000000e+00  0.000000e+00  0.000000e+00  0.000000e+00  0.000000e+00  0.000000e+00  0.000000e+00  0.000000e+00  0.000000e+00
1.061009e+05  0.000000e+00  0.000000e+00  0.000000e+00  0.000000e+00  0.000000e+00  0.000000e+00  0.000000e+00  0.000000e+00  0.000000e+00  0.000000e+00  0.000000e+00  0.000000e+00  0.000000e+00  0.000000e+00  0.000000e+00  0.000000e+00
1.190472e+05  0.000000e+00  0.000000e+00  0.000000e+00  0.000000e+00  0.000000e+00  0.000000e+00  0.000000e+00  0.000000e+00  0.000000e+00  0.000000e+00  0.000000e+00  0.000000e+00  0.000000e+00  0.000000e+00  0.000000e+00  0.000000e+00
1.335731e+05  0.000000e+00  0.000000e+00  0.000000e+00  0.000000e+00  0.000000e+00  0.000000e+00  0.000000e+00  0.000000e+00  0.000000e+00  0.000000e+00  0.000000e+00  0.000000e+00  0.000000e+00  0.000000e+00  0.000000e+00  0.000000e+00
1.498715e+05  0.000000e+00  0.000000e+00  0.000000e+00  0.000000e+00  0.000000e+00  0.000000e+00  0.000000e+00  0.000000e+00  0.000000e+00  0.000000e+00  0.000000e+00  0.000000e+00  0.000000e+00  0.000000e+00  0.000000e+00  0.000000e+00
1.681586e+05  0.000000e+00  0.000000e+00  0.000000e+00  0.000000e+00  0.000000e+00  0.000000e+00  0.000000e+00  0.000000e+00  0.000000e+00  0.000000e+00  0.000000e+00  0.000000e+00  0.000000e+00  0.000000e+00  0.000000e+00  0.000000e+00
1.886771e+05  0.000000e+00  0.000000e+00  0.000000e+00  0.000000e+00  0.000000e+00  0.000000e+00  0.000000e+00  0.000000e+00  0.000000e+00  0.000000e+00  0.000000e+00  0.000000e+00  0.000000e+00  0.000000e+00  0.000000e+00  0.000000e+00
2.116992e+05  0.000000e+00  0.000000e+00  0.000000e+00  0.000000e+00  0.000000e+00  0.000000e+00  0.000000e+00  0.000000e+00  0.000000e+00  0.000000e+00  0.000000e+00  0.000000e+00  0.000000e+00  0.000000e+00  0.000000e+00  0.000000e+00
2.375304e+05  0.000000e+00  0.000000e+00  0.000000e+00  0.000000e+00  0.000000e+00  0.000000e+00  0.000000e+00  0.000000e+00  0.000000e+00  0.000000e+00  0.000000e+00  0.000000e+00  0.000000e+00  0.000000e+00  0.000000e+00  0.000000e+00
2.665135e+05  0.000000e+00  0.000000e+00  0.000000e+00  0.000000e+00  0.000000e+00  0.000000e+00  0.000000e+00  0.000000e+00  0.000000e+00  0.000000e+00  0.000000e+00  0.000000e+00  0.000000e+00  0.000000e+00  0.000000e+00  0.000000e+00
2.990330e+05  0.000000e+00  0.000000e+00  0.000000e+00  0.000000e+00  0.000000e+00  0.000000e+00  0.000000e+00  0.000000e+00  0.000000e+00  0.000000e+00  0.000000e+00  0.000000e+00  0.000000e+00  0.000000e+00  0.000000e+00  0.000000e+00
3.355206e+05  0.000000e+00  0.000000e+00  0.000000e+00  0.000000e+00  0.000000e+00  0.000000e+00  0.000000e+00  0.000000e+00  0.000000e+00  0.000000e+00  0.000000e+00  0.000000e+00  0.000000e+00  0.000000e+00  0.000000e+00  0.000000e+00
3.764603e+05  0.000000e+00  0.000000e+00  0.000000e+00  0.000000e+00  0.000000e+00  0.000000e+00  0.000000e+00  0.000000e+00  0.000000e+00  0.000000e+00  0.000000e+00  0.000000e+00  0.000000e+00  0.000000e+00  0.000000e+00  0.000000e+00
4.223954e+05  0.000000e+00  0.000000e+00  0.000000e+00  0.000000e+00  0.000000e+00  0.000000e+00  0.000000e+00  0.000000e+00  0.000000e+00  0.000000e+00  0.000000e+00  0.000000e+00  0.000000e+00  0.000000e+00  0.000000e+00  0.000000e+00
4.739354e+05  0.000000e+00  0.000000e+00  0.000000e+00  0.000000e+00  0.000000e+00  0.000000e+00  0.000000e+00  0.000000e+00  0.000000e+00  0.000000e+00  0.000000e+00  0.000000e+00  0.000000e+00  0.000000e+00  0.000000e+00  0.000000e+00
5.317643e+05  0.000000e+00  0.000000e+00  0.000000e+00  0.000000e+00  0.000000e+00  0.000000e+00  0.000000e+00  0.000000e+00  0.000000e+00  0.000000e+00  0.000000e+00  0.000000e+00  0.000000e+00  0.000000e+00  0.000000e+00  0.000000e+00
5.966493e+05  0.000000e+00  0.000000e+00  0.000000e+00  0.000000e+00  0.000000e+00  0.000000e+00  0.000000e+00  0.000000e+00  0.000000e+00  0.000000e+00  0.000000e+00  0.000000e+00  0.000000e+00  0.000000e+00  0.000000e+00  0.000000e+00
6.694516e+05  0.000000e+00  0.000000e+00  0.000000e+00  0.000000e+00  0.000000e+00  0.000000e+00  0.000000e+00  0.000000e+00  0.000000e+00  0.000000e+00  0.000000e+00  0.000000e+00  0.000000e+00  0.000000e+00  0.000000e+00  0.000000e+00
7.511370e+05  0.000000e+00  0.000000e+00  0.000000e+00  0.000000e+00  0.000000e+00  0.000000e+00  0.000000e+00  0.000000e+00  0.000000e+00  0.000000e+00  0.000000e+00  0.000000e+00  0.000000e+00  0.000000e+00  0.000000e+00  0.000000e+00
8.427896e+05  0.000000e+00  0.000000e+00  0.000000e+00  0.000000e+00  0.000000e+00  0.000000e+00  0.000000e+00  0.000000e+00  0.000000e+00  0.000000e+00  0.000000e+00  0.000000e+00  0.000000e+00  0.000000e+00  0.000000e+00  0.000000e+00
9.456255e+05  0.000000e+00  0.000000e+00  0.000000e+00  0.000000e+00  0.000000e+00  0.000000e+00  0.000000e+00  0.000000e+00  0.000000e+00  0.000000e+00  0.000000e+00  0.000000e+00  0.000000e+00  0.000000e+00  0.000000e+00  0.000000e+00
