# dR/dEr [1/keV/kg/Myr]
# Er [keV], S, F, Ne, Cl, Na, Si, O, P, N, C, Al, Mg, Be, B, Ar, Li
1.061009e+01  9.938337e+02  7.204112e+02  0.000000e+00  0.000000e+00  2.279965e+02  0.000000e+00  6.988902e+01  0.000000e+00  0.000000e+00  0.000000e+00  0.000000e+00  0.000000e+00  3.903308e-01  0.000000e+00  0.000000e+00  0.000000e+00
1.190472e+01  3.830913e+02  5.765120e+01  0.000000e+00  0.000000e+00  1.211547e+02  0.000000e+00  0.000000e+00  0.000000e+00  0.000000e+00  0.000000e+00  0.000000e+00  0.000000e+00  0.000000e+00  0.000000e+00  0.000000e+00  0.000000e+00
1.335731e+01  5.456409e+02  1.131358e+02  0.000000e+00  0.000000e+00  0.000000e+00  0.000000e+00  0.000000e+00  0.000000e+00  0.000000e+00  0.000000e+00  0.000000e+00  0.000000e+00  0.000000e+00  0.000000e+00  0.000000e+00  0.000000e+00
1.498715e+01  1.414952e+02  1.298126e+02  0.000000e+00  0.000000e+00  5.743183e+01  0.000000e+00  2.415621e+01  0.000000e+00  0.000000e+00  0.000000e+00  0.000000e+00  0.000000e+00  0.000000e+00  0.000000e+00  0.000000e+00  0.000000e+00
1.681586e+01  3.489893e+02  1.290583e+02  5.084640e+01  0.000000e+00  9.729358e+01  2.152925e+01  0.000000e+00  0.000000e+00  0.000000e+00  0.000000e+00  0.000000e+00  0.000000e+00  0.000000e+00  0.000000e+00  0.000000e+00  0.000000e+00
1.886771e+01  2.400457e+02  1.593995e+02  0.000000e+00  0.000000e+00  4.531690e+01  0.000000e+00  0.000000e+00  0.000000e+00  0.000000e+00  0.000000e+00  0.000000e+00  0.000000e+00  0.000000e+00  0.000000e+00  0.000000e+00  0.000000e+00
2.116992e+01  2.398955e+02  1.805780e+02  0.000000e+00  0.000000e+00  4.873686e+01  0.000000e+00  2.167785e+01  0.000000e+00  0.000000e+00  0.000000e+00  3.693456e+00  0.000000e+00  0.000000e+00  0.000000e+00  0.000000e+00  0.000000e+00
2.375304e+01  4.419925e+02  8.748188e+01  3.494604e+01  0.000000e+00  9.327428e+01  0.000000e+00  3.599649e+01  0.000000e+00  0.000000e+00  0.000000e+00  0.000000e+00  0.000000e+00  0.000000e+00  0.000000e+00  0.000000e+00  0.000000e+00
2.665135e+01  3.801775e+02  1.473225e+02  1.721933e+01  2.143820e-01  2.780750e+01  0.000000e+00  0.000000e+00  1.724965e+01  0.000000e+00  0.000000e+00  0.000000e+00  0.000000e+00  0.000000e+00  0.000000e+00  0.000000e+00  0.000000e+00
2.990330e+01  4.260934e+02  1.922846e+02  2.154350e+01  0.000000e+00  1.501824e+01  0.000000e+00  2.745353e+01  0.000000e+00  0.000000e+00  0.000000e+00  7.912858e-01  0.000000e+00  7.391150e+00  0.000000e+00  0.000000e+00  0.000000e+00
3.355206e+01  5.445101e+02  1.369483e+02  2.089903e+01  0.000000e+00  4.442868e+01  0.000000e+00  4.132202e+01  0.000000e+00  0.000000e+00  0.000000e+00  6.623689e+00  0.000000e+00  5.493416e+00  0.000000e+00  0.000000e+00  0.000000e+00
3.764603e+01  5.955252e+02  9.088139e+01  1.903940e-02  1.219035e+01  5.398576e+01  0.000000e+00  2.523515e-01  0.000000e+00  0.000000e+00  0.000000e+00  0.000000e+00  0.000000e+00  3.236956e-02  0.000000e+00  0.000000e+00  0.000000e+00
4.223954e+01  5.545179e+02  2.806147e+02  2.686685e+00  0.000000e+00  1.246449e+02  0.000000e+00  1.717074e+01  0.000000e+00  0.000000e+00  0.000000e+00  1.489642e+00  0.000000e+00  5.632436e+01  0.000000e+00  0.000000e+00  0.000000e+00
4.739354e+01  7.796847e+02  3.027122e+02  9.683141e+00  2.447852e+01  3.716824e+01  0.000000e+00  3.500341e+01  0.000000e+00  0.000000e+00  0.000000e+00  0.000000e+00  0.000000e+00  2.120922e+01  0.000000e+00  0.000000e+00  0.000000e+00
5.317643e+01  6.788397e+02  1.754960e+02  2.406836e+01  0.000000e+00  8.551152e+01  0.000000e+00  4.663523e+01  0.000000e+00  0.000000e+00  0.000000e+00  1.470391e+00  0.000000e+00  0.000000e+00  0.000000e+00  0.000000e+00  0.000000e+00
5.966493e+01  9.127344e+02  3.204251e+02  2.675162e+01  1.375936e+01  5.390886e+01  0.000000e+00  3.988038e+01  0.000000e+00  0.000000e+00  0.000000e+00  2.716189e+00  0.000000e+00  5.935736e-01  0.000000e+00  0.000000e+00  0.000000e+00
6.694516e+01  9.882090e+02  2.695797e+02  4.462354e+01  0.000000e+00  1.224349e+02  0.000000e+00  1.285739e+01  0.000000e+00  7.979927e-01  0.000000e+00  1.023574e+01  0.000000e+00  1.536331e+02  0.000000e+00  0.000000e+00  0.000000e+00
7.511370e+01  1.035267e+03  3.618574e+02  3.530887e+01  1.415505e+01  7.170078e+01  0.000000e+00  3.240642e+01  0.000000e+00  0.000000e+00  0.000000e+00  1.510834e+00  0.000000e+00  4.715677e+04  0.000000e+00  0.000000e+00  0.000000e+00
8.427896e+01  1.317515e+03  4.178863e+02  2.468640e+01  3.269295e+01  1.033802e+02  0.000000e+00  5.394122e+01  0.000000e+00  0.000000e+00  0.000000e+00  0.000000e+00  0.000000e+00  5.744473e+04  0.000000e+00  0.000000e+00  0.000000e+00
9.456255e+01  1.315619e+03  3.243928e+02  3.079138e+01  1.696858e+01  8.784310e+01  0.000000e+00  1.647005e+01  0.000000e+00  5.675579e-01  0.000000e+00  2.622323e-03  0.000000e+00  4.337988e+04  0.000000e+00  0.000000e+00  0.000000e+00
1.061009e+02  1.553960e+03  4.247021e+02  2.527315e+01  6.074121e+00  1.289847e+02  0.000000e+00  2.888562e+01  0.000000e+00  0.000000e+00  1.527425e+00  1.138979e+01  0.000000e+00  3.336250e+04  0.000000e+00  0.000000e+00  0.000000e+00
1.190472e+02  1.668374e+03  5.389771e+02  5.669094e+01  8.746577e+00  1.132297e+02  0.000000e+00  1.658097e+01  0.000000e+00  3.041087e+00  5.755981e+00  2.960013e+04  0.000000e+00  2.439129e+04  0.000000e+00  6.603411e-01  0.000000e+00
1.335731e+02  1.880154e+03  5.908314e+02  3.907106e+01  5.366032e-03  1.444616e+02  0.000000e+00  2.125017e+01  0.000000e+00  0.000000e+00  0.000000e+00  2.457384e+04  0.000000e+00  1.788583e+04  0.000000e+00  0.000000e+00  0.000000e+00
1.498715e+02  4.617880e+03  6.801319e+02  3.074025e+01  9.355885e+00  8.729786e+01  0.000000e+00  3.356788e+01  0.000000e+00  4.894630e+00  3.081286e+00  1.838964e+04  0.000000e+00  1.337666e+04  0.000000e+00  0.000000e+00  0.000000e+00
1.681586e+02  6.650683e+03  6.848456e+02  3.896679e+01  9.729358e+00  7.228558e+01  1.474641e-03  4.531413e+01  0.000000e+00  2.216566e+00  0.000000e+00  1.354459e+04  0.000000e+00  9.794951e+03  0.000000e+00  0.000000e+00  0.000000e+00
1.886771e+02  3.859591e+03  8.154491e+02  2.845808e+01  9.819457e+00  1.577069e+02  4.351091e+00  4.154233e+01  3.036071e+00  3.036071e+00  0.000000e+00  1.018892e+04  0.000000e+00  7.261511e+03  0.000000e+00  0.000000e+00  0.000000e+00
2.116992e+02  1.676797e+03  1.008808e+03  3.716311e+01  2.276797e+01  6.423239e+01  2.705901e+00  3.747148e+01  0.000000e+00  0.000000e+00  1.171349e-03  7.975365e+03  0.000000e+00  4.809212e+03  0.000000e+00  3.385737e-03  0.000000e+00
2.375304e+02  1.211732e+03  5.242347e+03  5.790920e+01  2.026526e+01  9.613928e+01  1.188012e+00  3.938153e+01  4.889238e+00  0.000000e+00  1.524154e+00  5.937400e+03  0.000000e+00  3.494352e+03  0.000000e+00  4.074788e+00  0.000000e+00
2.665135e+02  9.956696e+02  4.366654e+03  5.972746e+01  1.334393e+01  1.371528e+02  2.631032e+00  3.085346e+01  0.000000e+00  2.149374e+00  1.390789e+00  4.372409e+03  0.000000e+00  2.494614e+03  0.000000e+00  0.000000e+00  0.000000e+00
2.990330e+02  6.030957e+02  6.577033e+02  3.278701e+01  1.192655e+01  1.075564e+02  7.673166e-02  5.791938e+01  1.409840e-03  4.075086e-03  1.794776e-01  3.299863e+03  0.000000e+00  1.873385e+03  0.000000e+00  0.000000e+00  0.000000e+00
3.355206e+02  5.271523e+02  5.829937e+02  3.820213e+01  1.564082e+01  1.139236e+02  1.707308e+00  4.260716e+01  1.682097e+00  1.367780e+00  2.059328e+00  2.452885e+03  1.055540e-01  1.267130e+03  0.000000e+00  0.000000e+00  1.038374e-02
3.764603e+02  3.519927e+02  4.333269e+02  4.723293e+01  1.240472e+01  1.284742e+02  3.780758e-01  3.034745e+01  0.000000e+00  1.862628e+00  0.000000e+00  1.630001e+03  0.000000e+00  9.321982e+02  0.000000e+00  0.000000e+00  0.000000e+00
4.223954e+02  2.270266e+02  3.584600e+02  3.059939e+01  1.429365e+01  1.084437e+02  1.087464e+00  4.397386e+01  3.104246e+00  1.357161e+00  1.623953e+00  1.252455e+03  0.000000e+00  5.148364e+02  0.000000e+00  1.696888e-03  0.000000e+00
4.739354e+02  1.770302e+02  2.898868e+02  4.304513e+01  2.582994e+01  9.141796e+01  1.310262e+00  3.965660e+01  2.709775e+00  9.700189e-01  0.000000e+00  7.643708e+02  0.000000e+00  3.424260e+02  9.700189e-01  0.000000e+00  0.000000e+00
5.317643e+02  1.358535e+02  1.880279e+02  4.449917e+01  1.217558e+01  9.854261e+01  3.063077e+00  3.633991e+01  3.507371e+00  3.335445e+00  1.235022e+00  6.300619e+02  0.000000e+00  2.708379e+02  4.663223e-04  1.820141e+00  0.000000e+00
5.966493e+02  1.210806e+02  1.620438e+02  4.538048e+01  2.024639e+01  9.618511e+01  2.640873e+00  3.489790e+01  3.451676e+00  1.929756e+00  3.704350e-01  4.618985e+02  0.000000e+00  1.792677e+02  0.000000e+00  2.042381e-03  0.000000e+00
6.694516e+02  9.199446e+01  1.358964e+02  5.589002e+01  3.034023e+01  9.189851e+01  2.817495e+00  4.499752e+01  2.721182e+00  2.324637e+00  6.205895e-01  3.221446e+02  0.000000e+00  9.837628e+01  0.000000e+00  0.000000e+00  0.000000e+00
7.511370e+02  7.489029e+01  1.057385e+02  3.880324e+01  2.463081e+01  6.163417e+01  7.911889e-01  3.344075e+01  3.302185e+00  2.164225e+00  4.228317e-01  2.032297e+02  0.000000e+00  6.884526e+01  0.000000e+00  0.000000e+00  0.000000e+00
8.427896e+02  4.629446e+01  8.675256e+01  3.289150e+01  2.810757e+01  6.764768e+01  1.988607e+00  3.817218e+01  1.376528e+00  5.731943e-01  7.965695e-01  1.089618e+02  0.000000e+00  3.343963e+01  0.000000e+00  9.110406e-01  0.000000e+00
9.456255e+02  4.490124e+01  7.273420e+01  4.389463e+01  1.807541e+01  5.650563e+01  2.337702e+00  3.917524e+01  4.031788e+00  0.000000e+00  1.759095e+00  8.817542e+01  6.042106e-03  2.692599e+01  0.000000e+00  0.000000e+00  0.000000e+00
1.061009e+03  4.128178e+01  5.116087e+01  4.104002e+01  2.814665e+01  4.497050e+01  3.135943e+00  3.679355e+01  2.980337e+00  3.929485e+00  3.530313e-01  6.397825e+01  0.000000e+00  9.435682e+00  5.573497e-02  3.337910e-02  0.000000e+00
1.190472e+03  2.734868e+01  4.421551e+01  3.767022e+01  2.842950e+01  3.444893e+01  2.884211e+00  2.210208e+01  3.489661e+00  1.574028e+00  7.894751e-01  3.882276e+01  0.000000e+00  1.164045e+01  0.000000e+00  0.000000e+00  0.000000e+00
1.335731e+03  2.717764e+01  3.829619e+01  3.064946e+01  2.190091e+01  2.819860e+01  1.294002e+00  2.930824e+01  1.453507e+00  2.655075e+00  4.296953e-01  1.956313e+01  0.000000e+00  3.487057e+00  5.748278e-01  0.000000e+00  0.000000e+00
1.498715e+03  1.717571e+01  2.850597e+01  2.524893e+01  2.322039e+01  1.925227e+01  3.965473e+00  2.530410e+01  4.594117e+00  3.755339e+00  6.930632e-01  1.216952e+01  6.338783e-03  6.127463e+00  0.000000e+00  0.000000e+00  1.612307e-02
1.681586e+03  6.970074e+00  2.660836e+01  1.939516e+01  2.028290e+01  2.263217e+01  2.200110e+00  1.950574e+01  2.871665e+00  2.598951e+00  1.493336e+00  1.120492e+01  0.000000e+00  3.768551e+00  3.474526e-01  0.000000e+00  2.071829e-03
1.886771e+03  9.433084e+00  1.617070e+01  1.967404e+01  2.643186e+01  1.797721e+01  2.333275e+00  1.734045e+01  2.955874e+00  2.131444e+00  1.464644e+00  5.760184e+00  3.603713e-01  3.716432e-01  2.218057e-01  1.097496e-03  0.000000e+00
2.116992e+03  7.584127e+00  1.679664e+01  1.299478e+01  1.591368e+01  7.334210e+00  2.105954e+00  1.282880e+01  2.631653e+00  6.283628e-01  1.173341e+00  2.598487e+00  1.702317e-01  1.033031e+00  3.385737e-04  0.000000e+00  3.385737e-04
2.375304e+03  2.856444e+00  9.991698e+00  1.141461e+01  2.253801e+01  7.210998e+00  3.374703e+00  1.159743e+01  2.514641e+00  1.601802e+00  3.735880e-01  3.391436e+00  1.774883e-04  0.000000e+00  3.291797e-02  0.000000e+00  6.833198e-02
2.665135e+03  3.234469e+00  7.036066e+00  9.160751e+00  1.855961e+01  3.505151e+00  2.351328e+00  7.252980e+00  4.233551e+00  9.459647e-01  1.881481e+00  1.676234e+00  5.464408e-01  3.436566e-01  8.293007e-02  0.000000e+00  2.606748e-01
2.990330e+03  6.235439e-01  5.012467e+00  5.757817e+00  1.420711e+01  3.058910e+00  2.879826e+00  5.136070e+00  2.706174e+00  6.591586e-01  5.265429e-01  1.349461e+00  6.573765e-02  0.000000e+00  7.431901e-02  0.000000e+00  3.535114e-01
3.355206e+03  6.409071e-01  5.798254e+00  5.223462e+00  1.453334e+01  9.764985e-01  2.938927e+00  3.365850e+00  1.746592e+00  6.639103e-01  7.191172e-01  2.418919e-01  2.950098e-01  2.589131e-01  7.052342e-03  0.000000e+00  2.875327e-04
3.764603e+03  2.382305e-01  2.163917e+00  3.697737e+00  8.984901e+00  8.429037e-01  2.163227e+00  1.981047e+00  1.315507e+00  3.531150e-01  7.226107e-01  5.123539e-01  2.133853e-02  6.586977e-05  2.225623e-01  0.000000e+00  1.491289e-01
4.223954e+03  1.502442e-02  1.721515e+00  1.295696e+00  7.249088e+00  3.063738e-01  1.159880e+00  1.780518e+00  1.490033e+00  5.717607e-01  4.471372e-01  4.341485e-01  5.935127e-02  0.000000e+00  2.265919e-01  0.000000e+00  8.092118e-02
4.739354e+03  2.394511e-02  1.081561e+00  1.886213e+00  6.564140e+00  3.837359e-01  1.304187e+00  3.970678e-01  1.029301e+00  2.364844e-01  2.725808e-01  2.978970e-01  1.263468e-01  4.369209e-04  3.359769e-03  0.000000e+00  1.778955e-02
5.317643e+03  1.970211e-01  9.507396e-01  1.078576e+00  4.090352e+00  2.126368e-02  8.986283e-01  1.293980e-01  1.832156e+00  6.360126e-01  3.528210e-01  8.313620e-02  1.966355e-01  0.000000e+00  1.225773e-01  0.000000e+00  2.349373e-01
5.966493e+03  4.613845e-02  4.044720e-01  4.669215e-01  2.274420e+00  1.585881e-01  1.204861e+00  1.030691e-01  6.398321e-01  2.385113e-01  5.423999e-01  3.845693e-03  1.451252e-02  0.000000e+00  2.750895e-02  0.000000e+00  6.312342e-02
6.694516e+03  6.297522e-05  2.708693e-01  3.760139e-01  1.613507e+00  1.725906e-02  1.648849e+00  2.082245e-02  3.638439e-01  2.646770e-01  4.489432e-01  1.883837e-01  3.241810e-01  0.000000e+00  1.753523e-02  0.000000e+00  5.204200e-04
7.511370e+03  5.979676e-03  2.099814e-01  4.158135e-01  1.018054e+00  1.052752e-01  7.667143e-01  1.002431e-01  2.565949e-01  7.762271e-02  2.578933e-01  4.394388e-03  5.387901e-02  0.000000e+00  1.459999e-03  0.000000e+00  2.258852e-01
8.427896e+03  1.922915e-02  1.329553e-01  2.095538e-01  1.771948e-01  2.195169e-02  9.780417e-01  2.146714e-01  7.046755e-01  8.908839e-02  6.265015e-02  1.626108e-01  1.319672e-01  0.000000e+00  8.225250e-04  0.000000e+00  2.703330e-02
9.456255e+03  0.000000e+00  4.085117e-02  2.119227e-01  5.270883e-01  3.097103e-02  6.547325e-01  7.579721e-05  2.200321e-01  1.332222e-01  7.402732e-02  2.859741e-01  1.597430e-01  0.000000e+00  7.017173e-02  0.000000e+00  2.502265e-03
1.061009e+04  0.000000e+00  1.690356e-01  8.691804e-02  3.122829e-01  7.436969e-03  4.283987e-01  3.462252e-02  1.792483e-01  2.344998e-03  1.054136e-01  9.492073e-02  1.195358e-01  0.000000e+00  3.973468e-05  0.000000e+00  6.109317e-02
1.190472e+04  0.000000e+00  2.695628e-04  2.926537e-04  1.539431e-01  0.000000e+00  1.266898e-01  2.082985e-05  5.107361e-03  7.082714e-05  1.051599e-01  3.149777e-01  6.974734e-02  0.000000e+00  8.974885e-03  0.000000e+00  1.621407e-02
1.335731e+04  0.000000e+00  2.200451e-02  1.051961e-01  2.038679e-01  0.000000e+00  1.594767e-01  9.122981e-05  2.648145e-02  1.736373e-03  7.727055e-02  3.512131e-02  9.122343e-03  0.000000e+00  0.000000e+00  0.000000e+00  2.047597e-02
1.498715e+04  0.000000e+00  3.892006e-02  6.338783e-04  7.827142e-03  0.000000e+00  7.183013e-02  0.000000e+00  1.219446e-01  2.363059e-03  1.095151e-02  9.564962e-05  1.108456e-01  0.000000e+00  7.595481e-05  0.000000e+00  5.890962e-02
1.681586e+04  0.000000e+00  1.469662e-03  2.507089e-05  4.888018e-03  0.000000e+00  1.355596e-01  1.474641e-05  7.211561e-03  0.000000e+00  5.649446e-04  3.397726e-04  2.796494e-04  0.000000e+00  2.752232e-02  0.000000e+00  4.216587e-02
1.886771e+04  0.000000e+00  4.393364e-03  0.000000e+00  2.444350e-02  0.000000e+00  8.863394e-02  0.000000e+00  6.538563e-02  0.000000e+00  0.000000e+00  1.728844e-02  2.489163e-02  0.000000e+00  4.938661e-02  0.000000e+00  2.539265e-02
2.116992e+04  0.000000e+00  1.171349e-05  0.000000e+00  1.319706e-02  0.000000e+00  6.927561e-05  0.000000e+00  7.655261e-03  0.000000e+00  0.000000e+00  0.000000e+00  2.171602e-02  0.000000e+00  8.148454e-02  0.000000e+00  7.655261e-03
2.375304e+04  0.000000e+00  0.000000e+00  0.000000e+00  1.043966e-05  0.000000e+00  7.840055e-03  1.466743e-04  9.659944e-04  0.000000e+00  1.490990e-03  9.304907e-03  3.549766e-05  0.000000e+00  0.000000e+00  0.000000e+00  2.997506e-02
2.665135e+04  0.000000e+00  1.307236e-04  0.000000e+00  2.189287e-02  0.000000e+00  0.000000e+00  0.000000e+00  0.000000e+00  0.000000e+00  7.769674e-05  0.000000e+00  0.000000e+00  0.000000e+00  0.000000e+00  0.000000e+00  1.307236e-04
2.990330e+04  0.000000e+00  0.000000e+00  0.000000e+00  1.786483e-03  0.000000e+00  0.000000e+00  0.000000e+00  0.000000e+00  0.000000e+00  0.000000e+00  0.000000e+00  2.553800e-03  0.000000e+00  8.158467e-03  0.000000e+00  3.817434e-03
3.355206e+04  0.000000e+00  0.000000e+00  0.000000e+00  0.000000e+00  0.000000e+00  0.000000e+00  0.000000e+00  0.000000e+00  0.000000e+00  0.000000e+00  0.000000e+00  2.136256e-05  0.000000e+00  2.884729e-02  0.000000e+00  1.234334e-04
3.764603e+04  0.000000e+00  0.000000e+00  0.000000e+00  2.523515e-04  0.000000e+00  0.000000e+00  0.000000e+00  0.000000e+00  0.000000e+00  0.000000e+00  0.000000e+00  1.419054e-03  0.000000e+00  2.523515e-04  0.000000e+00  6.586977e-06
4.223954e+04  0.000000e+00  0.000000e+00  0.000000e+00  1.352659e-04  0.000000e+00  0.000000e+00  0.000000e+00  1.807367e-02  0.000000e+00  0.000000e+00  0.000000e+00  1.499623e-03  0.000000e+00  0.000000e+00  0.000000e+00  0.000000e+00
4.739354e+04  0.000000e+00  0.000000e+00  0.000000e+00  0.000000e+00  0.000000e+00  0.000000e+00  0.000000e+00  5.232222e-06  0.000000e+00  0.000000e+00  0.000000e+00  1.257881e-04  0.000000e+00  1.127195e-03  0.000000e+00  0.000000e+00
5.317643e+04  0.000000e+00  0.000000e+00  0.000000e+00  0.000000e+00  0.000000e+00  0.000000e+00  0.000000e+00  0.000000e+00  0.000000e+00  0.000000e+00  0.000000e+00  0.000000e+00  0.000000e+00  0.000000e+00  0.000000e+00  0.000000e+00
5.966493e+04  0.000000e+00  0.000000e+00  0.000000e+00  0.000000e+00  0.000000e+00  0.000000e+00  0.000000e+00  0.000000e+00  0.000000e+00  0.000000e+00  0.000000e+00  0.000000e+00  0.000000e+00  0.000000e+00  0.000000e+00  0.000000e+00
6.694516e+04  0.000000e+00  0.000000e+00  0.000000e+00  0.000000e+00  0.000000e+00  0.000000e+00  0.000000e+00  0.000000e+00  0.000000e+00  0.000000e+00  0.000000e+00  0.000000e+00  0.000000e+00  0.000000e+00  0.000000e+00  3.464519e-04
7.511370e+04  0.000000e+00  0.000000e+00  0.000000e+00  0.000000e+00  0.000000e+00  0.000000e+00  0.000000e+00  0.000000e+00  0.000000e+00  0.000000e+00  0.000000e+00  0.000000e+00  0.000000e+00  0.000000e+00  0.000000e+00  7.762271e-03
8.427896e+04  0.000000e+00  0.000000e+00  0.000000e+00  0.000000e+00  0.000000e+00  0.000000e+00  0.000000e+00  0.000000e+00  0.000000e+00  0.000000e+00  0.000000e+00  0.000000e+00  0.000000e+00  0.000000e+00  0.000000e+00  0.000000e+00
9.456255e+04  0.000000e+00  0.000000e+00  0.000000e+00  0.000000e+00  0.000000e+00  0.000000e+00  0.000000e+00  0.000000e+00  0.000000e+00  0.000000e+00  0.000000e+00  0.000000e+00  0.000000e+00  0.000000e+00  0.000000e+00  0.000000e+00
1.061009e+05  0.000000e+00  0.000000e+00  0.000000e+00  0.000000e+00  0.000000e+00  0.000000e+00  0.000000e+00  0.000000e+00  0.000000e+00  0.000000e+00  0.000000e+00  0.000000e+00  0.000000e+00  0.000000e+00  0.000000e+00  0.000000e+00
1.190472e+05  0.000000e+00  0.000000e+00  0.000000e+00  0.000000e+00  0.000000e+00  0.000000e+00  0.000000e+00  0.000000e+00  0.000000e+00  0.000000e+00  0.000000e+00  0.000000e+00  0.000000e+00  0.000000e+00  0.000000e+00  0.000000e+00
1.335731e+05  0.000000e+00  0.000000e+00  0.000000e+00  0.000000e+00  0.000000e+00  0.000000e+00  0.000000e+00  0.000000e+00  0.000000e+00  0.000000e+00  0.000000e+00  0.000000e+00  0.000000e+00  0.000000e+00  0.000000e+00  0.000000e+00
1.498715e+05  0.000000e+00  0.000000e+00  0.000000e+00  0.000000e+00  0.000000e+00  0.000000e+00  0.000000e+00  0.000000e+00  0.000000e+00  0.000000e+00  0.000000e+00  0.000000e+00  0.000000e+00  0.000000e+00  0.000000e+00  0.000000e+00
1.681586e+05  0.000000e+00  0.000000e+00  0.000000e+00  0.000000e+00  0.000000e+00  0.000000e+00  0.000000e+00  0.000000e+00  0.000000e+00  0.000000e+00  0.000000e+00  0.000000e+00  0.000000e+00  0.000000e+00  0.000000e+00  0.000000e+00
1.886771e+05  0.000000e+00  0.000000e+00  0.000000e+00  0.000000e+00  0.000000e+00  0.000000e+00  0.000000e+00  0.000000e+00  0.000000e+00  0.000000e+00  0.000000e+00  0.000000e+00  0.000000e+00  0.000000e+00  0.000000e+00  0.000000e+00
2.116992e+05  0.000000e+00  0.000000e+00  0.000000e+00  0.000000e+00  0.000000e+00  0.000000e+00  0.000000e+00  0.000000e+00  0.000000e+00  0.000000e+00  0.000000e+00  0.000000e+00  0.000000e+00  0.000000e+00  0.000000e+00  0.000000e+00
2.375304e+05  0.000000e+00  0.000000e+00  0.000000e+00  0.000000e+00  0.000000e+00  0.000000e+00  0.000000e+00  0.000000e+00  0.000000e+00  0.000000e+00  0.000000e+00  0.000000e+00  0.000000e+00  0.000000e+00  0.000000e+00  0.000000e+00
2.665135e+05  0.000000e+00  0.000000e+00  0.000000e+00  0.000000e+00  0.000000e+00  0.000000e+00  0.000000e+00  0.000000e+00  0.000000e+00  0.000000e+00  0.000000e+00  0.000000e+00  0.000000e+00  0.000000e+00  0.000000e+00  0.000000e+00
2.990330e+05  0.000000e+00  0.000000e+00  0.000000e+00  0.000000e+00  0.000000e+00  0.000000e+00  0.000000e+00  0.000000e+00  0.000000e+00  0.000000e+00  0.000000e+00  0.000000e+00  0.000000e+00  0.000000e+00  0.000000e+00  0.000000e+00
3.355206e+05  0.000000e+00  0.000000e+00  0.000000e+00  0.000000e+00  0.000000e+00  0.000000e+00  0.000000e+00  0.000000e+00  0.000000e+00  0.000000e+00  0.000000e+00  0.000000e+00  0.000000e+00  0.000000e+00  0.000000e+00  0.000000e+00
3.764603e+05  0.000000e+00  0.000000e+00  0.000000e+00  0.000000e+00  0.000000e+00  0.000000e+00  0.000000e+00  0.000000e+00  0.000000e+00  0.000000e+00  0.000000e+00  0.000000e+00  0.000000e+00  0.000000e+00  0.000000e+00  0.000000e+00
4.223954e+05  0.000000e+00  0.000000e+00  0.000000e+00  0.000000e+00  0.000000e+00  0.000000e+00  0.000000e+00  0.000000e+00  0.000000e+00  0.000000e+00  0.000000e+00  0.000000e+00  0.000000e+00  0.000000e+00  0.000000e+00  0.000000e+00
4.739354e+05  0.000000e+00  0.000000e+00  0.000000e+00  0.000000e+00  0.000000e+00  0.000000e+00  0.000000e+00  0.000000e+00  0.000000e+00  0.000000e+00  0.000000e+00  0.000000e+00  0.000000e+00  0.000000e+00  0.000000e+00  0.000000e+00
5.317643e+05  0.000000e+00  0.000000e+00  0.000000e+00  0.000000e+00  0.000000e+00  0.000000e+00  0.000000e+00  0.000000e+00  0.000000e+00  0.000000e+00  0.000000e+00  0.000000e+00  0.000000e+00  0.000000e+00  0.000000e+00  0.000000e+00
5.966493e+05  0.000000e+00  0.000000e+00  0.000000e+00  0.000000e+00  0.000000e+00  0.000000e+00  0.000000e+00  0.000000e+00  0.000000e+00  0.000000e+00  0.000000e+00  0.000000e+00  0.000000e+00  0.000000e+00  0.000000e+00  0.000000e+00
6.694516e+05  0.000000e+00  0.000000e+00  0.000000e+00  0.000000e+00  0.000000e+00  0.000000e+00  0.000000e+00  0.000000e+00  0.000000e+00  0.000000e+00  0.000000e+00  0.000000e+00  0.000000e+00  0.000000e+00  0.000000e+00  0.000000e+00
7.511370e+05  0.000000e+00  0.000000e+00  0.000000e+00  0.000000e+00  0.000000e+00  0.000000e+00  0.000000e+00  0.000000e+00  0.000000e+00  0.000000e+00  0.000000e+00  0.000000e+00  0.000000e+00  0.000000e+00  0.000000e+00  0.000000e+00
8.427896e+05  0.000000e+00  0.000000e+00  0.000000e+00  0.000000e+00  0.000000e+00  0.000000e+00  0.000000e+00  0.000000e+00  0.000000e+00  0.000000e+00  0.000000e+00  0.000000e+00  0.000000e+00  0.000000e+00  0.000000e+00  0.000000e+00
9.456255e+05  0.000000e+00  0.000000e+00  0.000000e+00  0.000000e+00  0.000000e+00  0.000000e+00  0.000000e+00  0.000000e+00  0.000000e+00  0.000000e+00  0.000000e+00  0.000000e+00  0.000000e+00  0.000000e+00  0.000000e+00  0.000000e+00
