# dR/dEr [1/keV/kg/Myr]
# Er [keV], S, F, Ne, Cl, Na, Si, O, P, N, C, Al, Mg, Be, B, Ar, Li
1.061009e+01  1.031913e+03  7.474922e+02  0.000000e+00  0.000000e+00  2.359390e+02  0.000000e+00  7.266366e+01  0.000000e+00  0.000000e+00  0.000000e+00  0.000000e+00  0.000000e+00  3.916535e-01  0.000000e+00  0.000000e+00  0.000000e+00
1.190472e+01  3.979254e+02  5.958378e+01  0.000000e+00  0.000000e+00  1.258115e+02  0.000000e+00  0.000000e+00  0.000000e+00  0.000000e+00  0.000000e+00  0.000000e+00  0.000000e+00  0.000000e+00  0.000000e+00  0.000000e+00  0.000000e+00
1.335731e+01  5.662743e+02  1.175024e+02  0.000000e+00  0.000000e+00  0.000000e+00  0.000000e+00  0.000000e+00  0.000000e+00  0.000000e+00  0.000000e+00  0.000000e+00  0.000000e+00  0.000000e+00  0.000000e+00  0.000000e+00  0.000000e+00
1.498715e+01  1.469827e+02  1.344471e+02  0.000000e+00  0.000000e+00  5.965945e+01  0.000000e+00  2.512156e+01  0.000000e+00  0.000000e+00  0.000000e+00  0.000000e+00  0.000000e+00  0.000000e+00  0.000000e+00  0.000000e+00  0.000000e+00
1.681586e+01  3.624858e+02  1.331842e+02  5.283040e+01  0.000000e+00  1.010038e+02  2.238961e+01  0.000000e+00  0.000000e+00  0.000000e+00  0.000000e+00  0.000000e+00  0.000000e+00  0.000000e+00  0.000000e+00  0.000000e+00  0.000000e+00
1.886771e+01  2.493764e+02  1.649378e+02  0.000000e+00  0.000000e+00  4.708514e+01  0.000000e+00  0.000000e+00  0.000000e+00  0.000000e+00  0.000000e+00  0.000000e+00  0.000000e+00  0.000000e+00  0.000000e+00  0.000000e+00  0.000000e+00
2.116992e+01  2.490921e+02  1.871253e+02  0.000000e+00  0.000000e+00  5.062258e+01  0.000000e+00  2.252802e+01  0.000000e+00  0.000000e+00  0.000000e+00  3.723674e+00  0.000000e+00  0.000000e+00  0.000000e+00  0.000000e+00  0.000000e+00
2.375304e+01  4.588857e+02  9.084960e+01  3.581868e+01  0.000000e+00  9.650125e+01  0.000000e+00  3.740106e+01  0.000000e+00  0.000000e+00  0.000000e+00  0.000000e+00  0.000000e+00  0.000000e+00  0.000000e+00  0.000000e+00  0.000000e+00
2.665135e+01  3.947240e+02  1.521369e+02  1.789464e+01  2.152468e-01  2.891206e+01  0.000000e+00  0.000000e+00  1.754210e+01  0.000000e+00  0.000000e+00  0.000000e+00  0.000000e+00  0.000000e+00  0.000000e+00  0.000000e+00  0.000000e+00
2.990330e+01  4.420417e+02  1.994092e+02  2.240989e+01  0.000000e+00  1.544976e+01  0.000000e+00  2.853922e+01  0.000000e+00  0.000000e+00  0.000000e+00  7.957286e-01  0.000000e+00  7.477429e+00  0.000000e+00  0.000000e+00  0.000000e+00
3.355206e+01  5.651330e+02  1.419823e+02  2.167394e+01  0.000000e+00  4.615491e+01  0.000000e+00  4.252468e+01  0.000000e+00  0.000000e+00  0.000000e+00  6.700698e+00  0.000000e+00  5.539519e+00  0.000000e+00  0.000000e+00  0.000000e+00
3.764603e+01  6.178503e+02  9.404884e+01  1.909312e-02  1.266844e+01  5.566034e+01  0.000000e+00  2.535009e-01  0.000000e+00  0.000000e+00  0.000000e+00  0.000000e+00  0.000000e+00  3.247009e-02  0.000000e+00  0.000000e+00  0.000000e+00
4.223954e+01  5.757346e+02  2.913623e+02  2.712354e+00  0.000000e+00  1.291396e+02  0.000000e+00  1.785587e+01  0.000000e+00  0.000000e+00  0.000000e+00  1.499649e+00  0.000000e+00  5.755199e+01  0.000000e+00  0.000000e+00  0.000000e+00
4.739354e+01  8.095741e+02  3.141737e+02  1.006290e+01  2.540687e+01  3.862159e+01  0.000000e+00  3.638178e+01  0.000000e+00  0.000000e+00  0.000000e+00  0.000000e+00  0.000000e+00  2.177946e+01  0.000000e+00  0.000000e+00  0.000000e+00
5.317643e+01  7.047602e+02  1.822801e+02  2.501735e+01  0.000000e+00  8.870570e+01  0.000000e+00  4.847627e+01  0.000000e+00  0.000000e+00  0.000000e+00  1.482421e+00  0.000000e+00  0.000000e+00  0.000000e+00  0.000000e+00  0.000000e+00
5.966493e+01  9.475769e+02  3.326595e+02  2.780417e+01  1.430349e+01  5.579197e+01  0.000000e+00  4.124311e+01  0.000000e+00  0.000000e+00  0.000000e+00  2.745497e+00  0.000000e+00  5.974505e-01  0.000000e+00  0.000000e+00  0.000000e+00
6.694516e+01  1.025865e+03  2.798570e+02  4.636883e+01  0.000000e+00  1.270149e+02  0.000000e+00  1.335609e+01  0.000000e+00  8.036604e-01  0.000000e+00  1.045013e+01  0.000000e+00  1.576481e+02  0.000000e+00  0.000000e+00  0.000000e+00
7.511370e+01  1.074653e+03  3.752263e+02  3.655812e+01  1.469380e+01  7.430308e+01  0.000000e+00  3.363016e+01  0.000000e+00  0.000000e+00  0.000000e+00  1.525269e+00  0.000000e+00  4.844900e+04  0.000000e+00  0.000000e+00  0.000000e+00
8.427896e+01  1.367601e+03  4.338086e+02  2.563842e+01  3.392204e+01  1.072447e+02  0.000000e+00  5.585289e+01  0.000000e+00  0.000000e+00  0.000000e+00  0.000000e+00  0.000000e+00  5.901545e+04  0.000000e+00  0.000000e+00  0.000000e+00
9.456255e+01  1.365910e+03  3.368396e+02  3.186960e+01  1.762257e+01  9.108869e+01  0.000000e+00  1.709785e+01  0.000000e+00  5.715762e-01  0.000000e+00  2.628234e-03  0.000000e+00  4.455994e+04  0.000000e+00  0.000000e+00  0.000000e+00
1.061009e+02  1.613596e+03  4.408394e+02  2.623928e+01  6.318308e+00  1.337632e+02  0.000000e+00  3.002780e+01  0.000000e+00  0.000000e+00  1.543906e+00  1.172645e+01  0.000000e+00  3.428022e+04  0.000000e+00  0.000000e+00  0.000000e+00
1.190472e+02  1.732218e+03  5.594472e+02  5.882855e+01  9.082274e+00  1.172602e+02  0.000000e+00  1.714641e+01  0.000000e+00  3.162617e+00  5.876538e+00  3.041713e+04  0.000000e+00  2.505914e+04  0.000000e+00  6.657236e-01  0.000000e+00
1.335731e+02  1.952313e+03  6.135579e+02  4.050702e+01  5.381173e-03  1.498943e+02  0.000000e+00  2.201672e+01  0.000000e+00  0.000000e+00  0.000000e+00  2.524595e+04  0.000000e+00  1.837364e+04  0.000000e+00  0.000000e+00  0.000000e+00
1.498715e+02  4.795688e+03  7.061323e+02  3.193352e+01  9.709968e+00  9.063379e+01  0.000000e+00  3.469982e+01  0.000000e+00  5.087988e+00  3.133339e+00  1.889338e+04  0.000000e+00  1.374251e+04  0.000000e+00  0.000000e+00  0.000000e+00
1.681586e+02  6.907253e+03  7.108992e+02  4.040781e+01  1.010038e+01  7.500878e+01  1.477965e-03  4.692121e+01  0.000000e+00  2.249518e+00  0.000000e+00  1.391392e+04  0.000000e+00  1.006020e+04  0.000000e+00  0.000000e+00  0.000000e+00
1.886771e+02  4.008060e+03  8.467040e+02  2.950324e+01  1.020311e+01  1.635788e+02  4.523161e+00  4.298326e+01  3.152262e+00  3.152262e+00  0.000000e+00  1.047003e+04  0.000000e+00  7.460733e+03  0.000000e+00  0.000000e+00  0.000000e+00
2.116992e+02  1.741217e+03  1.047298e+03  3.854054e+01  2.360004e+01  6.659249e+01  2.809456e+00  3.889840e+01  0.000000e+00  0.000000e+00  1.173989e-03  8.192363e+03  0.000000e+00  4.938619e+03  0.000000e+00  3.395291e-03  0.000000e+00
2.375304e+02  1.258124e+03  5.444743e+03  6.011648e+01  2.105074e+01  9.971375e+01  1.236175e+00  4.081878e+01  5.074483e+00  0.000000e+00  1.585063e+00  6.098507e+03  0.000000e+00  3.587926e+03  0.000000e+00  4.215569e+00  0.000000e+00
2.665135e+02  1.033731e+03  4.534932e+03  6.201472e+01  1.379292e+01  1.421992e+02  2.728587e+00  3.197738e+01  0.000000e+00  2.231631e+00  1.411554e+00  4.492034e+03  0.000000e+00  2.563522e+03  0.000000e+00  0.000000e+00  0.000000e+00
2.990330e+02  6.259808e+02  6.829247e+02  3.403623e+01  1.238340e+01  1.115947e+02  7.716918e-02  5.999345e+01  1.413418e-03  4.087742e-03  1.807483e-01  3.390537e+03  0.000000e+00  1.925142e+03  0.000000e+00  0.000000e+00  0.000000e+00
3.355206e+02  5.470080e+02  6.051463e+02  3.966482e+01  1.622594e+01  1.181914e+02  1.772647e+00  4.413762e+01  1.750290e+00  1.421422e+00  2.102172e+00  2.519556e+03  1.062434e-01  1.300773e+03  0.000000e+00  0.000000e+00  1.042114e-02
3.764603e+02  3.653021e+02  4.497913e+02  4.899661e+01  1.278664e+01  1.333092e+02  3.809079e-01  3.146480e+01  0.000000e+00  1.931692e+00  0.000000e+00  1.675541e+03  0.000000e+00  9.570976e+02  0.000000e+00  0.000000e+00  0.000000e+00
4.223954e+02  2.355975e+02  3.719226e+02  3.175325e+01  1.482198e+01  1.124863e+02  1.130076e+00  4.563342e+01  3.212217e+00  1.409064e+00  1.657935e+00  1.287027e+03  0.000000e+00  5.291137e+02  0.000000e+00  1.701676e-03  0.000000e+00
4.739354e+02  1.835534e+02  3.006817e+02  4.468246e+01  2.682809e+01  9.478831e+01  1.351927e+00  4.108444e+01  2.788226e+00  9.864648e-01  0.000000e+00  7.849521e+02  0.000000e+00  3.519505e+02  9.864648e-01  0.000000e+00  0.000000e+00
5.317643e+02  1.407947e+02  1.950395e+02  4.614931e+01  1.262823e+01  1.022642e+02  3.182212e+00  3.772611e+01  3.623118e+00  3.446688e+00  1.277495e+00  6.469325e+02  0.000000e+00  2.784000e+02  4.673735e-04  1.883026e+00  0.000000e+00
5.966493e+02  1.254836e+02  1.679505e+02  4.705732e+01  2.095793e+01  9.984879e+01  2.721231e+00  3.617245e+01  3.574667e+00  2.003280e+00  3.747592e-01  4.747087e+02  0.000000e+00  1.841578e+02  0.000000e+00  2.048724e-03  0.000000e+00
6.694516e+02  9.530483e+01  1.408340e+02  5.797865e+01  3.145630e+01  9.536577e+01  2.909795e+00  4.669219e+01  2.822202e+00  2.413310e+00  6.427676e-01  3.309891e+02  0.000000e+00  1.008442e+02  0.000000e+00  0.000000e+00  0.000000e+00
7.511370e+02  7.757245e+01  1.095691e+02  4.028433e+01  2.553635e+01  6.396868e+01  8.218573e-01  3.470977e+01  3.428644e+00  2.231793e+00  4.383701e-01  2.085659e+02  0.000000e+00  7.069613e+01  0.000000e+00  0.000000e+00  0.000000e+00
8.427896e+02  4.795731e+01  8.985561e+01  3.411563e+01  2.917409e+01  7.016368e+01  2.066715e+00  3.960521e+01  1.428733e+00  5.947093e-01  8.069615e-01  1.119228e+02  0.000000e+00  3.434161e+01  0.000000e+00  9.316644e-01  0.000000e+00
9.456255e+02  4.648039e+01  7.540093e+01  4.552034e+01  1.872375e+01  5.864368e+01  2.415064e+00  4.062565e+01  4.186097e+00  0.000000e+00  1.822224e+00  9.045543e+01  6.066480e-03  2.766321e+01  0.000000e+00  0.000000e+00  0.000000e+00
1.061009e+03  4.273444e+01  5.301072e+01  4.254648e+01  2.918828e+01  4.664887e+01  3.246073e+00  3.818824e+01  3.093945e+00  4.057147e+00  3.582601e-01  6.571802e+01  0.000000e+00  9.653299e+00  5.611430e-02  3.359711e-02  0.000000e+00
1.190472e+03  2.831233e+01  4.583161e+01  3.906128e+01  2.948788e+01  3.578216e+01  2.975696e+00  2.292310e+01  3.622540e+00  1.633697e+00  7.992663e-01  3.989256e+01  0.000000e+00  1.195638e+01  0.000000e+00  0.000000e+00  0.000000e+00
1.335731e+03  2.811615e+01  3.967101e+01  3.177816e+01  2.272670e+01  2.927504e+01  1.338272e+00  3.042342e+01  1.501919e+00  2.748845e+00  4.438247e-01  2.009586e+01  0.000000e+00  3.568721e+00  5.878405e-01  0.000000e+00  0.000000e+00
1.498715e+03  1.777661e+01  2.954079e+01  2.619912e+01  2.406871e+01  1.997540e+01  4.093978e+00  2.624074e+01  4.749396e+00  3.876184e+00  7.130649e-01  1.253229e+01  6.367656e-03  6.296292e+00  0.000000e+00  0.000000e+00  1.621289e-02
1.681586e+03  7.203679e+00  2.752592e+01  2.010567e+01  2.103107e+01  2.345749e+01  2.280294e+00  2.024918e+01  2.970201e+00  2.684045e+00  1.529788e+00  1.148987e+01  0.000000e+00  3.891242e+00  3.541040e-01  0.000000e+00  2.079291e-03
1.886771e+03  9.733095e+00  1.672950e+01  2.038784e+01  2.742748e+01  1.863430e+01  2.409684e+00  1.800715e+01  3.056462e+00  2.202762e+00  1.504341e+00  5.911434e+00  3.712778e-01  3.854231e-01  2.242225e-01  1.101215e-03  0.000000e+00
2.116992e+03  7.847948e+00  1.737331e+01  1.346808e+01  1.651528e+01  7.603195e+00  2.172184e+00  1.330791e+01  2.722626e+00  6.509200e-01  1.207729e+00  2.656406e+00  1.759379e-01  1.057588e+00  3.395291e-04  0.000000e+00  3.395291e-04
2.375304e+03  2.952752e+00  1.034248e+01  1.181993e+01  2.336365e+01  7.464263e+00  3.477320e+00  1.202804e+01  2.602766e+00  1.660814e+00  3.853135e-01  3.486621e+00  1.779387e-04  0.000000e+00  3.318728e-02  0.000000e+00  6.906840e-02
2.665135e+03  3.336166e+00  7.266416e+00  9.488581e+00  1.922101e+01  3.630506e+00  2.433359e+00  7.522974e+00  4.379023e+00  9.750234e-01  1.936572e+00  1.714419e+00  5.583517e-01  3.530460e-01  8.389814e-02  0.000000e+00  2.660761e-01
2.990330e+03  6.392896e-01  5.172286e+00  5.956544e+00  1.471042e+01  3.167268e+00  2.974938e+00  5.324869e+00  2.807888e+00  6.724177e-01  5.365716e-01  1.377796e+00  6.638299e-02  0.000000e+00  7.518307e-02  0.000000e+00  3.601628e-01
3.355206e+03  6.571512e-01  5.980671e+00  5.382942e+00  1.505177e+01  1.006393e+00  3.041147e+00  3.494862e+00  1.811218e+00  6.833577e-01  7.396349e-01  2.453090e-01  3.027181e-01  2.658877e-01  7.091939e-03  0.000000e+00  2.883021e-04
3.764603e+03  2.456466e-01  2.233703e+00  3.811726e+00  9.308230e+00  8.657318e-01  2.229919e+00  2.053076e+00  1.362544e+00  3.626435e-01  7.397788e-01  5.223873e-01  2.147291e-02  6.601826e-05  2.280763e-01  0.000000e+00  1.509766e-01
4.223954e+03  1.512318e-02  1.780358e+00  1.331360e+00  7.514028e+00  3.124271e-01  1.197894e+00  1.848786e+00  1.540118e+00  5.855198e-01  4.571348e-01  4.430783e-01  5.999428e-02  0.000000e+00  2.322942e-01  0.000000e+00  8.176920e-02
4.739354e+03  2.417388e-02  1.113944e+00  1.944110e+00  6.798037e+00  3.934945e-01  1.348777e+00  4.095954e-01  1.059807e+00  2.414964e-01  2.777585e-01  3.031829e-01  1.287227e-01  4.384015e-04  3.376516e-03  0.000000e+00  1.789918e-02
5.317643e+03  2.024409e-01  9.759293e-01  1.107758e+00  4.235399e+00  2.141814e-02  9.275972e-01  1.320985e-01  1.889196e+00  6.542205e-01  3.599336e-01  8.391149e-02  2.016287e-01  0.000000e+00  1.243675e-01  0.000000e+00  2.417891e-01
5.966493e+03  4.663482e-02  4.152798e-01  4.756191e-01  2.346564e+00  1.630359e-01  1.243436e+00  1.055776e-01  6.545697e-01  2.447910e-01  5.564567e-01  3.867621e-03  1.462496e-02  0.000000e+00  2.780320e-02  0.000000e+00  6.405493e-02
6.694516e+03  6.313505e-05  2.774233e-01  3.849333e-01  1.661879e+00  1.739003e-02  1.699271e+00  2.097917e-02  3.746182e-01  2.697952e-01  4.601935e-01  1.912451e-01  3.335672e-01  0.000000e+00  1.769922e-02  0.000000e+00  5.222943e-04
7.511370e+03  6.016232e-03  2.140180e-01  4.265716e-01  1.054671e+00  1.076066e-01  7.891133e-01  1.017933e-01  2.631519e-01  7.911127e-02  2.645173e-01  4.416353e-03  5.453503e-02  0.000000e+00  1.466338e-03  0.000000e+00  2.303856e-01
8.427896e+03  1.943663e-02  1.347197e-01  2.153174e-01  1.808776e-01  2.217470e-02  1.003561e+00  2.211037e-01  7.201485e-01  9.062529e-02  6.345892e-02  1.660166e-01  1.343632e-01  0.000000e+00  8.257088e-04  0.000000e+00  2.728272e-02
9.456255e+03  0.000000e+00  4.144355e-02  2.172701e-01  5.404063e-01  3.137810e-02  6.729828e-01  7.601109e-05  2.250624e-01  1.356792e-01  7.532571e-02  2.928782e-01  1.626413e-01  0.000000e+00  7.142259e-02  0.000000e+00  2.516315e-03
1.061009e+04  0.000000e+00  1.732613e-01  8.982576e-02  3.198568e-01  7.497451e-03  4.388496e-01  3.496711e-02  1.837009e-01  2.357876e-03  1.076512e-01  9.620274e-02  1.219423e-01  0.000000e+00  3.983552e-05  0.000000e+00  6.218738e-02
1.190472e+04  0.000000e+00  2.704120e-04  2.937077e-04  1.574507e-01  0.000000e+00  1.294899e-01  2.087681e-05  5.134267e-03  7.100690e-05  1.069764e-01  3.250155e-01  7.148853e-02  0.000000e+00  9.038629e-03  0.000000e+00  1.634646e-02
1.335731e+04  0.000000e+00  2.221176e-02  1.081183e-01  2.082782e-01  0.000000e+00  1.648431e-01  9.151314e-05  2.680075e-02  1.746209e-03  7.838685e-02  3.551846e-02  9.205826e-03  0.000000e+00  0.000000e+00  0.000000e+00  2.069179e-02
1.498715e+04  0.000000e+00  3.966614e-02  6.367656e-04  7.883888e-03  0.000000e+00  7.337386e-02  0.000000e+00  1.253109e-01  2.378493e-03  1.106865e-02  9.591952e-05  1.146438e-01  0.000000e+00  7.616115e-05  0.000000e+00  6.011957e-02
1.681586e+04  0.000000e+00  1.476179e-03  2.513452e-05  4.926822e-03  0.000000e+00  1.386154e-01  1.477965e-05  7.277826e-03  0.000000e+00  5.675179e-04  3.411432e-04  2.806206e-04  0.000000e+00  2.783884e-02  0.000000e+00  4.289817e-02
1.886771e+04  0.000000e+00  4.428134e-03  0.000000e+00  2.485683e-02  0.000000e+00  9.081587e-02  0.000000e+00  6.672124e-02  0.000000e+00  0.000000e+00  1.747417e-02  2.530708e-02  0.000000e+00  5.040082e-02  0.000000e+00  2.564647e-02
2.116992e+04  0.000000e+00  1.173989e-05  0.000000e+00  1.333604e-02  0.000000e+00  6.948078e-05  0.000000e+00  7.737862e-03  0.000000e+00  0.000000e+00  0.000000e+00  2.208420e-02  0.000000e+00  8.341575e-02  0.000000e+00  7.737862e-03
2.375304e+04  0.000000e+00  0.000000e+00  0.000000e+00  1.046319e-05  0.000000e+00  7.919341e-03  1.472025e-04  9.715024e-04  0.000000e+00  1.500728e-03  9.413526e-03  3.558775e-05  0.000000e+00  0.000000e+00  0.000000e+00  3.049425e-02
2.665135e+04  0.000000e+00  1.311944e-04  0.000000e+00  2.231244e-02  0.000000e+00  0.000000e+00  0.000000e+00  0.000000e+00  0.000000e+00  7.796004e-05  0.000000e+00  0.000000e+00  0.000000e+00  0.000000e+00  0.000000e+00  1.311944e-04
2.990330e+04  0.000000e+00  0.000000e+00  0.000000e+00  1.799172e-03  0.000000e+00  0.000000e+00  0.000000e+00  0.000000e+00  0.000000e+00  0.000000e+00  0.000000e+00  2.570863e-03  0.000000e+00  8.249121e-03  0.000000e+00  3.853747e-03
3.355206e+04  0.000000e+00  0.000000e+00  0.000000e+00  0.000000e+00  0.000000e+00  0.000000e+00  0.000000e+00  0.000000e+00  0.000000e+00  0.000000e+00  0.000000e+00  2.142284e-05  0.000000e+00  2.984394e-02  0.000000e+00  1.238517e-04
3.764603e+04  0.000000e+00  0.000000e+00  0.000000e+00  2.535009e-04  0.000000e+00  0.000000e+00  0.000000e+00  0.000000e+00  0.000000e+00  0.000000e+00  0.000000e+00  1.429133e-03  0.000000e+00  2.535009e-04  0.000000e+00  6.601826e-06
4.223954e+04  0.000000e+00  0.000000e+00  0.000000e+00  1.358116e-04  0.000000e+00  0.000000e+00  0.000000e+00  1.842859e-02  0.000000e+00  0.000000e+00  0.000000e+00  1.509655e-03  0.000000e+00  0.000000e+00  0.000000e+00  0.000000e+00
4.739354e+04  0.000000e+00  0.000000e+00  0.000000e+00  0.000000e+00  0.000000e+00  0.000000e+00  0.000000e+00  5.244017e-06  0.000000e+00  0.000000e+00  0.000000e+00  1.262862e-04  0.000000e+00  1.135201e-03  0.000000e+00  0.000000e+00
5.317643e+04  0.000000e+00  0.000000e+00  0.000000e+00  0.000000e+00  0.000000e+00  0.000000e+00  0.000000e+00  0.000000e+00  0.000000e+00  0.000000e+00  0.000000e+00  0.000000e+00  0.000000e+00  0.000000e+00  0.000000e+00  0.000000e+00
5.966493e+04  0.000000e+00  0.000000e+00  0.000000e+00  0.000000e+00  0.000000e+00  0.000000e+00  0.000000e+00  0.000000e+00  0.000000e+00  0.000000e+00  0.000000e+00  0.000000e+00  0.000000e+00  0.000000e+00  0.000000e+00  0.000000e+00
6.694516e+04  0.000000e+00  0.000000e+00  0.000000e+00  0.000000e+00  0.000000e+00  0.000000e+00  0.000000e+00  0.000000e+00  0.000000e+00  0.000000e+00  0.000000e+00  0.000000e+00  0.000000e+00  0.000000e+00  0.000000e+00  3.484145e-04
7.511370e+04  0.000000e+00  0.000000e+00  0.000000e+00  0.000000e+00  0.000000e+00  0.000000e+00  0.000000e+00  0.000000e+00  0.000000e+00  0.000000e+00  0.000000e+00  0.000000e+00  0.000000e+00  0.000000e+00  0.000000e+00  7.911127e-03
8.427896e+04  0.000000e+00  0.000000e+00  0.000000e+00  0.000000e+00  0.000000e+00  0.000000e+00  0.000000e+00  0.000000e+00  0.000000e+00  0.000000e+00  0.000000e+00  0.000000e+00  0.000000e+00  0.000000e+00  0.000000e+00  0.000000e+00
9.456255e+04  0.000000e+00  0.000000e+00  0.000000e+00  0.000000e+00  0.000000e+00  0.000000e+00  0.000000e+00  0.000000e+00  0.000000e+00  0.000000e+00  0.000000e+00  0.000000e+00  0.000000e+00  0.000000e+00  0.000000e+00  0.000000e+00
1.061009e+05  0.000000e+00  0.000000e+00  0.000000e+00  0.000000e+00  0.000000e+00  0.000000e+00  0.000000e+00  0.000000e+00  0.000000e+00  0.000000e+00  0.000000e+00  0.000000e+00  0.000000e+00  0.000000e+00  0.000000e+00  0.000000e+00
1.190472e+05  0.000000e+00  0.000000e+00  0.000000e+00  0.000000e+00  0.000000e+00  0.000000e+00  0.000000e+00  0.000000e+00  0.000000e+00  0.000000e+00  0.000000e+00  0.000000e+00  0.000000e+00  0.000000e+00  0.000000e+00  0.000000e+00
1.335731e+05  0.000000e+00  0.000000e+00  0.000000e+00  0.000000e+00  0.000000e+00  0.000000e+00  0.000000e+00  0.000000e+00  0.000000e+00  0.000000e+00  0.000000e+00  0.000000e+00  0.000000e+00  0.000000e+00  0.000000e+00  0.000000e+00
1.498715e+05  0.000000e+00  0.000000e+00  0.000000e+00  0.000000e+00  0.000000e+00  0.000000e+00  0.000000e+00  0.000000e+00  0.000000e+00  0.000000e+00  0.000000e+00  0.000000e+00  0.000000e+00  0.000000e+00  0.000000e+00  0.000000e+00
1.681586e+05  0.000000e+00  0.000000e+00  0.000000e+00  0.000000e+00  0.000000e+00  0.000000e+00  0.000000e+00  0.000000e+00  0.000000e+00  0.000000e+00  0.000000e+00  0.000000e+00  0.000000e+00  0.000000e+00  0.000000e+00  0.000000e+00
1.886771e+05  0.000000e+00  0.000000e+00  0.000000e+00  0.000000e+00  0.000000e+00  0.000000e+00  0.000000e+00  0.000000e+00  0.000000e+00  0.000000e+00  0.000000e+00  0.000000e+00  0.000000e+00  0.000000e+00  0.000000e+00  0.000000e+00
2.116992e+05  0.000000e+00  0.000000e+00  0.000000e+00  0.000000e+00  0.000000e+00  0.000000e+00  0.000000e+00  0.000000e+00  0.000000e+00  0.000000e+00  0.000000e+00  0.000000e+00  0.000000e+00  0.000000e+00  0.000000e+00  0.000000e+00
2.375304e+05  0.000000e+00  0.000000e+00  0.000000e+00  0.000000e+00  0.000000e+00  0.000000e+00  0.000000e+00  0.000000e+00  0.000000e+00  0.000000e+00  0.000000e+00  0.000000e+00  0.000000e+00  0.000000e+00  0.000000e+00  0.000000e+00
2.665135e+05  0.000000e+00  0.000000e+00  0.000000e+00  0.000000e+00  0.000000e+00  0.000000e+00  0.000000e+00  0.000000e+00  0.000000e+00  0.000000e+00  0.000000e+00  0.000000e+00  0.000000e+00  0.000000e+00  0.000000e+00  0.000000e+00
2.990330e+05  0.000000e+00  0.000000e+00  0.000000e+00  0.000000e+00  0.000000e+00  0.000000e+00  0.000000e+00  0.000000e+00  0.000000e+00  0.000000e+00  0.000000e+00  0.000000e+00  0.000000e+00  0.000000e+00  0.000000e+00  0.000000e+00
3.355206e+05  0.000000e+00  0.000000e+00  0.000000e+00  0.000000e+00  0.000000e+00  0.000000e+00  0.000000e+00  0.000000e+00  0.000000e+00  0.000000e+00  0.000000e+00  0.000000e+00  0.000000e+00  0.000000e+00  0.000000e+00  0.000000e+00
3.764603e+05  0.000000e+00  0.000000e+00  0.000000e+00  0.000000e+00  0.000000e+00  0.000000e+00  0.000000e+00  0.000000e+00  0.000000e+00  0.000000e+00  0.000000e+00  0.000000e+00  0.000000e+00  0.000000e+00  0.000000e+00  0.000000e+00
4.223954e+05  0.000000e+00  0.000000e+00  0.000000e+00  0.000000e+00  0.000000e+00  0.000000e+00  0.000000e+00  0.000000e+00  0.000000e+00  0.000000e+00  0.000000e+00  0.000000e+00  0.000000e+00  0.000000e+00  0.000000e+00  0.000000e+00
4.739354e+05  0.000000e+00  0.000000e+00  0.000000e+00  0.000000e+00  0.000000e+00  0.000000e+00  0.000000e+00  0.000000e+00  0.000000e+00  0.000000e+00  0.000000e+00  0.000000e+00  0.000000e+00  0.000000e+00  0.000000e+00  0.000000e+00
5.317643e+05  0.000000e+00  0.000000e+00  0.000000e+00  0.000000e+00  0.000000e+00  0.000000e+00  0.000000e+00  0.000000e+00  0.000000e+00  0.000000e+00  0.000000e+00  0.000000e+00  0.000000e+00  0.000000e+00  0.000000e+00  0.000000e+00
5.966493e+05  0.000000e+00  0.000000e+00  0.000000e+00  0.000000e+00  0.000000e+00  0.000000e+00  0.000000e+00  0.000000e+00  0.000000e+00  0.000000e+00  0.000000e+00  0.000000e+00  0.000000e+00  0.000000e+00  0.000000e+00  0.000000e+00
6.694516e+05  0.000000e+00  0.000000e+00  0.000000e+00  0.000000e+00  0.000000e+00  0.000000e+00  0.000000e+00  0.000000e+00  0.000000e+00  0.000000e+00  0.000000e+00  0.000000e+00  0.000000e+00  0.000000e+00  0.000000e+00  0.000000e+00
7.511370e+05  0.000000e+00  0.000000e+00  0.000000e+00  0.000000e+00  0.000000e+00  0.000000e+00  0.000000e+00  0.000000e+00  0.000000e+00  0.000000e+00  0.000000e+00  0.000000e+00  0.000000e+00  0.000000e+00  0.000000e+00  0.000000e+00
8.427896e+05  0.000000e+00  0.000000e+00  0.000000e+00  0.000000e+00  0.000000e+00  0.000000e+00  0.000000e+00  0.000000e+00  0.000000e+00  0.000000e+00  0.000000e+00  0.000000e+00  0.000000e+00  0.000000e+00  0.000000e+00  0.000000e+00
9.456255e+05  0.000000e+00  0.000000e+00  0.000000e+00  0.000000e+00  0.000000e+00  0.000000e+00  0.000000e+00  0.000000e+00  0.000000e+00  0.000000e+00  0.000000e+00  0.000000e+00  0.000000e+00  0.000000e+00  0.000000e+00  0.000000e+00
