# dR/dEr [1/keV/kg/Myr]
# Er [keV], S, F, Ne, Cl, Na, Si, O, P, N, C, Al, Mg, Be, B, Ar, Li
1.061009e+01  3.487811e+02  2.595399e+02  0.000000e+00  0.000000e+00  8.940493e+01  0.000000e+00  2.369312e+01  0.000000e+00  0.000000e+00  0.000000e+00  0.000000e+00  0.000000e+00  3.485399e-01  0.000000e+00  0.000000e+00  0.000000e+00
1.190472e+01  1.323189e+02  2.378449e+01  0.000000e+00  0.000000e+00  4.208264e+01  0.000000e+00  0.000000e+00  0.000000e+00  0.000000e+00  0.000000e+00  0.000000e+00  0.000000e+00  0.000000e+00  0.000000e+00  0.000000e+00  0.000000e+00
1.335731e+01  1.918471e+02  3.926115e+01  0.000000e+00  0.000000e+00  0.000000e+00  0.000000e+00  0.000000e+00  0.000000e+00  0.000000e+00  0.000000e+00  0.000000e+00  0.000000e+00  0.000000e+00  0.000000e+00  0.000000e+00  0.000000e+00
1.498715e+01  4.881240e+01  4.982162e+01  0.000000e+00  0.000000e+00  1.992642e+01  0.000000e+00  8.139872e+00  0.000000e+00  0.000000e+00  0.000000e+00  0.000000e+00  0.000000e+00  0.000000e+00  0.000000e+00  0.000000e+00  0.000000e+00
1.681586e+01  1.206814e+02  5.256544e+01  1.746205e+01  0.000000e+00  3.399454e+01  7.254669e+00  0.000000e+00  0.000000e+00  0.000000e+00  0.000000e+00  0.000000e+00  0.000000e+00  0.000000e+00  0.000000e+00  0.000000e+00  0.000000e+00
1.886771e+01  8.267799e+01  6.107523e+01  0.000000e+00  0.000000e+00  1.556307e+01  0.000000e+00  0.000000e+00  0.000000e+00  0.000000e+00  0.000000e+00  0.000000e+00  0.000000e+00  0.000000e+00  0.000000e+00  0.000000e+00  0.000000e+00
2.116992e+01  8.352039e+01  6.718224e+01  0.000000e+00  0.000000e+00  1.684947e+01  0.000000e+00  7.417639e+00  0.000000e+00  0.000000e+00  0.000000e+00  2.836251e+00  0.000000e+00  0.000000e+00  0.000000e+00  0.000000e+00  0.000000e+00
2.375304e+01  1.542264e+02  3.035719e+01  1.668441e+01  0.000000e+00  3.678940e+01  0.000000e+00  1.236218e+01  0.000000e+00  0.000000e+00  0.000000e+00  0.000000e+00  0.000000e+00  0.000000e+00  0.000000e+00  0.000000e+00  0.000000e+00
2.665135e+01  1.333258e+02  5.967568e+01  5.892040e+00  1.876392e-01  9.417878e+00  0.000000e+00  0.000000e+00  1.024981e+01  0.000000e+00  0.000000e+00  0.000000e+00  0.000000e+00  0.000000e+00  0.000000e+00  0.000000e+00  0.000000e+00
2.990330e+01  1.514842e+02  6.898214e+01  7.222006e+00  0.000000e+00  7.346787e+00  0.000000e+00  9.330886e+00  0.000000e+00  0.000000e+00  0.000000e+00  6.579604e-01  0.000000e+00  5.074150e+00  0.000000e+00  0.000000e+00  0.000000e+00
3.355206e+01  1.930160e+02  5.054672e+01  7.450599e+00  0.000000e+00  1.531151e+01  0.000000e+00  1.817545e+01  0.000000e+00  0.000000e+00  0.000000e+00  4.555075e+00  0.000000e+00  4.192228e+00  0.000000e+00  0.000000e+00  0.000000e+00
3.764603e+01  2.138285e+02  3.575875e+01  1.732019e-02  4.171245e+00  2.329225e+01  0.000000e+00  2.167906e-01  0.000000e+00  0.000000e+00  0.000000e+00  0.000000e+00  0.000000e+00  2.917401e-02  0.000000e+00  0.000000e+00  0.000000e+00
4.223954e+01  1.948322e+02  9.825672e+01  1.976265e+00  0.000000e+00  4.606951e+01  0.000000e+00  5.802272e+00  0.000000e+00  0.000000e+00  0.000000e+00  1.193423e+00  0.000000e+00  2.949924e+01  0.000000e+00  0.000000e+00  0.000000e+00
4.739354e+01  2.727730e+02  1.071901e+02  3.313338e+00  8.587958e+00  1.278001e+01  0.000000e+00  1.193521e+01  0.000000e+00  0.000000e+00  0.000000e+00  0.000000e+00  0.000000e+00  9.987396e+00  0.000000e+00  0.000000e+00  0.000000e+00
5.317643e+01  2.391460e+02  6.069896e+01  8.200159e+00  0.000000e+00  3.112614e+01  0.000000e+00  1.587329e+01  0.000000e+00  0.000000e+00  0.000000e+00  1.129132e+00  0.000000e+00  0.000000e+00  0.000000e+00  0.000000e+00  0.000000e+00
5.966493e+01  3.198808e+02  1.129655e+02  9.128286e+00  4.676521e+00  2.118099e+01  0.000000e+00  1.587689e+01  0.000000e+00  0.000000e+00  0.000000e+00  1.913235e+00  0.000000e+00  4.791872e-01  0.000000e+00  0.000000e+00  0.000000e+00
6.694516e+01  3.477703e+02  9.493258e+01  1.529600e+01  0.000000e+00  4.387123e+01  0.000000e+00  4.460969e+00  0.000000e+00  6.310888e-01  0.000000e+00  5.375160e+00  0.000000e+00  7.391736e+01  0.000000e+00  0.000000e+00  0.000000e+00
7.511370e+01  3.647733e+02  1.312620e+02  1.359983e+01  4.952178e+00  2.657009e+01  0.000000e+00  1.140495e+01  0.000000e+00  0.000000e+00  0.000000e+00  1.111336e+00  0.000000e+00  2.188872e+04  0.000000e+00  0.000000e+00  0.000000e+00
8.427896e+01  4.643685e+02  1.468487e+02  8.555004e+00  1.168990e+01  3.721420e+01  0.000000e+00  2.042879e+01  0.000000e+00  0.000000e+00  0.000000e+00  0.000000e+00  0.000000e+00  2.667373e+04  0.000000e+00  0.000000e+00  0.000000e+00
9.456255e+01  4.608790e+02  1.136794e+02  1.191008e+01  5.883651e+00  3.263831e+01  0.000000e+00  5.760427e+00  0.000000e+00  4.492070e-01  0.000000e+00  2.430334e-03  0.000000e+00  2.022912e+04  0.000000e+00  0.000000e+00  0.000000e+00
1.061009e+02  5.416892e+02  1.498419e+02  9.000203e+00  2.037604e+00  4.658957e+01  0.000000e+00  9.827554e+00  0.000000e+00  0.000000e+00  1.075891e+00  5.095148e+00  0.000000e+00  1.542233e+04  0.000000e+00  0.000000e+00  0.000000e+00
1.190472e+02  5.829196e+02  1.904302e+02  2.003178e+01  3.064862e+00  4.308021e+01  0.000000e+00  6.468822e+00  0.000000e+00  1.024749e+00  3.022675e+00  1.364289e+04  0.000000e+00  1.132060e+04  0.000000e+00  5.076164e-01  0.000000e+00
1.335731e+02  6.554393e+02  2.057755e+02  1.441756e+01  4.881494e-03  5.162185e+01  0.000000e+00  7.810327e+00  0.000000e+00  0.000000e+00  0.000000e+00  1.139772e+04  0.000000e+00  8.325438e+03  0.000000e+00  0.000000e+00  0.000000e+00
1.498715e+02  1.603933e+03  2.387115e+02  1.060035e+01  3.307569e+00  3.046768e+01  0.000000e+00  1.364314e+01  0.000000e+00  1.682430e+00  1.835039e+00  8.521610e+03  0.000000e+00  6.222631e+03  0.000000e+00  0.000000e+00  0.000000e+00
1.681586e+02  2.305720e+03  2.414002e+02  1.420162e+01  3.399454e+00  2.599567e+01  1.366677e-03  1.706919e+01  0.000000e+00  1.395558e+00  0.000000e+00  6.310097e+03  0.000000e+00  4.581076e+03  0.000000e+00  0.000000e+00  0.000000e+00
1.886771e+02  1.342525e+03  2.848606e+02  1.045660e+01  3.369388e+00  5.668152e+01  1.478846e+00  1.622657e+01  1.058269e+00  1.058269e+00  0.000000e+00  4.702765e+03  0.000000e+00  3.362997e+03  0.000000e+00  0.000000e+00  0.000000e+00
2.116992e+02  5.847903e+02  3.546069e+02  1.341742e+01  8.392589e+00  2.374474e+01  9.431833e-01  1.321439e+01  0.000000e+00  0.000000e+00  1.085590e-03  3.714685e+03  0.000000e+00  2.257067e+03  0.000000e+00  3.080014e-03  0.000000e+00
2.375304e+02  4.241821e+02  1.816106e+03  2.042052e+01  7.047279e+00  3.480258e+01  3.956055e-01  1.468966e+01  1.718147e+00  0.000000e+00  5.135912e-01  2.769073e+03  0.000000e+00  1.647281e+03  0.000000e+00  1.551299e+00  0.000000e+00
2.665135e+02  3.490710e+02  1.515378e+03  2.082481e+01  5.417881e+00  5.013152e+01  9.379749e-01  1.137963e+01  0.000000e+00  7.491971e-01  8.735997e-01  2.029105e+03  0.000000e+00  1.151559e+03  0.000000e+00  0.000000e+00  0.000000e+00
2.990330e+02  2.133035e+02  2.297836e+02  1.152433e+01  4.162635e+00  3.853199e+01  6.361555e-02  2.179748e+01  1.294522e-03  3.672790e-03  1.420517e-01  1.529533e+03  0.000000e+00  8.632754e+02  0.000000e+00  0.000000e+00  0.000000e+00
3.355206e+02  1.879104e+02  2.056339e+02  1.344708e+01  5.593693e+00  4.081784e+01  5.951084e-01  1.590847e+01  5.601344e-01  4.680214e-01  1.087390e+00  1.144226e+03  8.521287e-02  5.999087e+02  0.000000e+00  0.000000e+00  9.203043e-03
3.764603e+02  1.250580e+02  1.530894e+02  1.707161e+01  5.327045e+00  4.584602e+01  2.963158e-01  1.110690e+01  0.000000e+00  6.640354e-01  0.000000e+00  7.470218e+02  0.000000e+00  4.384560e+02  0.000000e+00  0.000000e+00  0.000000e+00
4.223954e+02  8.077711e+01  1.282651e+02  1.085091e+01  5.280565e+00  3.901789e+01  3.726791e-01  1.565273e+01  1.222985e+00  4.736279e-01  8.534492e-01  5.776564e+02  0.000000e+00  2.360216e+02  0.000000e+00  1.543664e-03  0.000000e+00
4.739354e+02  6.469760e+01  1.047590e+02  1.522975e+01  8.960366e+00  3.342003e+01  5.721958e-01  1.497859e+01  1.215082e+00  5.763889e-01  0.000000e+00  3.591213e+02  0.000000e+00  1.579501e+02  5.763889e-01  0.000000e+00  0.000000e+00
5.317643e+02  5.041867e+01  6.812146e+01  1.614122e+01  4.404985e+00  3.494085e+01  1.055000e+00  1.282015e+01  1.400334e+00  1.361207e+00  4.978054e-01  2.971234e+02  0.000000e+00  1.238642e+02  4.321813e-04  6.929397e-01  0.000000e+00
5.966493e+02  4.496593e+01  5.999897e+01  1.657952e+01  7.788553e+00  3.387592e+01  1.143169e+00  1.292331e+01  1.322929e+00  6.776896e-01  2.543099e-01  2.124153e+02  0.000000e+00  8.344218e+01  0.000000e+00  1.840756e-03  0.000000e+00
6.694516e+02  3.457990e+01  5.044899e+01  2.010040e+01  1.117544e+01  3.269951e+01  1.148280e+00  1.606196e+01  9.741875e-01  8.120414e-01  2.453379e-01  1.486902e+02  0.000000e+00  4.826803e+01  0.000000e+00  0.000000e+00  0.000000e+00
7.511370e+02  2.815654e+01  3.939037e+01  1.369081e+01  9.058115e+00  2.178682e+01  2.837504e-01  1.188408e+01  1.158353e+00  9.054379e-01  1.631646e-01  9.707583e+01  0.000000e+00  3.240838e+01  0.000000e+00  0.000000e+00  0.000000e+00
8.427896e+02  1.744353e+01  3.280687e+01  1.191051e+01  9.917569e+00  2.439490e+01  6.794860e-01  1.366075e+01  4.829364e-01  2.101975e-01  5.291134e-01  5.097577e+01  0.000000e+00  1.594959e+01  0.000000e+00  4.555911e-01  0.000000e+00
9.456255e+02  1.726676e+01  2.674036e+01  1.594825e+01  6.783120e+00  2.010314e+01  9.531084e-01  1.419552e+01  1.405679e+00  0.000000e+00  6.724195e-01  4.254265e+01  5.288391e-03  1.255079e+01  0.000000e+00  0.000000e+00  0.000000e+00
1.061009e+03  1.580490e+01  1.899338e+01  1.503520e+01  1.022036e+01  1.624348e+01  1.179762e+00  1.302012e+01  1.049916e+00  1.618684e+00  2.227134e-01  3.002252e+01  0.000000e+00  4.828762e+00  4.453230e-02  2.694668e-02  0.000000e+00
1.190472e+03  1.050534e+01  1.629882e+01  1.373269e+01  1.030773e+01  1.193109e+01  1.194285e+00  8.031363e+00  1.256450e+00  5.595943e-01  5.358469e-01  1.799771e+01  0.000000e+00  5.380092e+00  0.000000e+00  0.000000e+00  0.000000e+00
1.335731e+03  1.057547e+01  1.444437e+01  1.122459e+01  7.805682e+00  9.913965e+00  5.295744e-01  1.034177e+01  5.814100e-01  1.013359e+00  1.848940e-01  9.045708e+00  0.000000e+00  1.813731e+00  2.874585e-01  0.000000e+00  0.000000e+00
1.498715e+03  6.633408e+00  1.066233e+01  9.037146e+00  8.558201e+00  6.901091e+00  1.648143e+00  9.193124e+00  1.795765e+00  1.540858e+00  3.330823e-01  5.303268e+00  5.445534e-03  2.845953e+00  0.000000e+00  0.000000e+00  1.342579e-02
1.681586e+03  2.828275e+00  1.038297e+01  7.147432e+00  7.410236e+00  8.359674e+00  8.258738e-01  6.861179e+00  1.138654e+00  1.072166e+00  7.396716e-01  5.417963e+00  0.000000e+00  1.551274e+00  1.944507e-01  0.000000e+00  1.836248e-03
1.886771e+03  3.937068e+00  6.346389e+00  7.340079e+00  9.402545e+00  6.664093e+00  9.568524e-01  6.056221e+00  1.174588e+00  8.448099e-01  6.880931e-01  2.744906e+00  1.636471e-01  1.324925e-01  1.560749e-01  9.799920e-04  0.000000e+00
2.116992e+03  2.945482e+00  6.629845e+00  4.789903e+00  5.669155e+00  2.707831e+00  8.815563e-01  4.624594e+00  1.033407e+00  2.466785e-01  5.165095e-01  1.351752e+00  7.275017e-02  5.198933e-01  3.080014e-04  0.000000e+00  3.080014e-04
2.375304e+03  1.177217e+00  3.841120e+00  4.363783e+00  8.267002e+00  2.797318e+00  1.466222e+00  4.204631e+00  9.596048e-01  5.852837e-01  1.621036e-01  1.579150e+00  1.629706e-04  0.000000e+00  2.527811e-02  0.000000e+00  4.815505e-02
2.665135e+03  1.365348e+00  2.884244e+00  3.463724e+00  7.028630e+00  1.338294e+00  9.019571e-01  2.624045e+00  1.656730e+00  4.000203e-01  8.233748e-01  8.654917e-01  2.801943e-01  1.548143e-01  5.693290e-02  0.000000e+00  1.380802e-01
2.990330e+03  3.128276e-01  2.088194e+00  2.252187e+00  5.392629e+00  1.162035e+00  1.173962e+00  1.882606e+00  9.781875e-01  3.675889e-01  3.128987e-01  7.285825e-01  4.788318e-02  0.000000e+00  5.110878e-02  0.000000e+00  1.985618e-01
3.355206e+03  3.211457e-01  2.433149e+00  2.254727e+00  5.501143e+00  4.298664e-01  1.141723e+00  1.171779e+00  6.441395e-01  2.951394e-01  3.313790e-01  1.561829e-01  1.382296e-01  1.178030e-01  5.864078e-03  0.000000e+00  2.628319e-04
3.764603e+03  1.042744e-01  9.032774e-01  1.588009e+00  3.378854e+00  3.889491e-01  9.415310e-01  7.270833e-01  4.998498e-01  1.771362e-01  3.737339e-01  2.897632e-01  1.735712e-02  6.104723e-05  1.070911e-01  0.000000e+00  1.015690e-01
4.223954e+03  1.210032e-02  6.769476e-01  6.147152e-01  2.680962e+00  1.685599e-01  4.713891e-01  6.284290e-01  5.974068e-01  2.907272e-01  2.427470e-01  2.359787e-01  4.195736e-02  0.000000e+00  1.098757e-01  0.000000e+00  5.762392e-02
4.739354e+03  1.761348e-02  4.821708e-01  8.122932e-01  2.495441e+00  1.829156e-01  5.190923e-01  1.672255e-01  4.505525e-01  1.275485e-01  1.614701e-01  1.740389e-01  7.157764e-02  3.901419e-04  2.848836e-03  0.000000e+00  1.453576e-02
5.317643e+03  9.068333e-02  4.558969e-01  5.199292e-01  1.552086e+00  1.681652e-02  3.813590e-01  6.815513e-02  7.808490e-01  2.911067e-01  1.998161e-01  6.165510e-02  9.420011e-02  0.000000e+00  7.843287e-02  0.000000e+00  1.049630e-01
5.966493e+03  3.264169e-02  1.982073e-01  2.682929e-01  9.486682e-01  7.174245e-02  5.027707e-01  5.530617e-02  3.351865e-01  1.182567e-01  2.568982e-01  3.188330e-03  1.130822e-02  0.000000e+00  1.944225e-02  0.000000e+00  3.989894e-02
6.694516e+03  5.782416e-05  1.406900e-01  1.964380e-01  7.056247e-01  1.350123e-02  7.169741e-01  1.630311e-02  1.696777e-01  1.493243e-01  2.200784e-01  1.180127e-01  1.454169e-01  0.000000e+00  1.298846e-02  0.000000e+00  4.612448e-04
7.511370e+03  4.892846e-03  1.179775e-01  1.984028e-01  3.844985e-01  5.365074e-02  3.509775e-01  6.213588e-02  1.328657e-01  4.338588e-02  1.228933e-01  3.728424e-03  3.664065e-02  0.000000e+00  1.263339e-03  0.000000e+00  1.265978e-01
8.427896e+03  1.354467e-02  8.825160e-02  9.708309e-02  1.019040e-01  1.580183e-02  4.746216e-01  9.192374e-02  3.744817e-01  5.280574e-02  4.197897e-02  8.539283e-02  7.590523e-02  0.000000e+00  7.236827e-04  0.000000e+00  2.008392e-02
9.456255e+03  0.000000e+00  2.605422e-02  1.037111e-01  2.605746e-01  2.043165e-02  3.069217e-01  6.895293e-05  1.194782e-01  7.589923e-02  4.361682e-02  1.411469e-01  9.247603e-02  0.000000e+00  4.103204e-02  0.000000e+00  2.080653e-03
1.061009e+04  0.000000e+00  8.162529e-02  3.518010e-02  1.570375e-01  5.720519e-03  2.172917e-01  2.516230e-02  8.704042e-02  1.957898e-03  5.893605e-02  6.211956e-02  6.462982e-02  0.000000e+00  3.648458e-05  0.000000e+00  3.565852e-02
1.190472e+04  0.000000e+00  2.426064e-04  2.593770e-04  8.225103e-02  0.000000e+00  6.811030e-02  1.930483e-05  4.295422e-03  6.503383e-05  6.216432e-02  1.284125e-01  3.330908e-02  0.000000e+00  7.097747e-03  0.000000e+00  1.246928e-02
1.335731e+04  0.000000e+00  1.622140e-02  4.860944e-02  1.073766e-01  0.000000e+00  6.470883e-02  8.222353e-05  1.810001e-02  1.441380e-03  4.918729e-02  2.442024e-02  6.803743e-03  0.000000e+00  0.000000e+00  0.000000e+00  1.461206e-02
1.498715e+04  0.000000e+00  2.175978e-02  5.445534e-04  6.191824e-03  0.000000e+00  3.843774e-02  0.000000e+00  5.562205e-02  1.907679e-03  7.740100e-03  8.701272e-05  4.251478e-02  0.000000e+00  6.933546e-05  0.000000e+00  3.181237e-02
1.681586e+04  0.000000e+00  1.268056e-03  2.302021e-05  3.784673e-03  0.000000e+00  6.973855e-02  1.366677e-05  5.371499e-03  0.000000e+00  4.853337e-04  2.973881e-04  2.489373e-04  0.000000e+00  1.912852e-02  0.000000e+00  2.499840e-02
1.886771e+04  0.000000e+00  3.404192e-03  0.000000e+00  1.454863e-02  0.000000e+00  4.348771e-02  0.000000e+00  3.511430e-02  0.000000e+00  0.000000e+00  1.219836e-02  1.493131e-02  0.000000e+00  2.649345e-02  0.000000e+00  1.839006e-02
2.116992e+04  0.000000e+00  1.085590e-05  0.000000e+00  9.416554e-03  0.000000e+00  6.273544e-05  0.000000e+00  5.392229e-03  0.000000e+00  0.000000e+00  0.000000e+00  1.290374e-02  0.000000e+00  4.041403e-02  0.000000e+00  5.392229e-03
2.375304e+04  0.000000e+00  0.000000e+00  0.000000e+00  9.675334e-06  0.000000e+00  5.652939e-03  1.299964e-04  8.008724e-04  0.000000e+00  1.203664e-03  6.387976e-03  3.259413e-05  0.000000e+00  0.000000e+00  0.000000e+00  1.779797e-02
2.665135e+04  0.000000e+00  1.158594e-04  0.000000e+00  1.224233e-02  0.000000e+00  0.000000e+00  0.000000e+00  0.000000e+00  0.000000e+00  6.937812e-05  0.000000e+00  0.000000e+00  0.000000e+00  0.000000e+00  0.000000e+00  1.158594e-04
2.990330e+04  0.000000e+00  0.000000e+00  0.000000e+00  1.412832e-03  0.000000e+00  0.000000e+00  0.000000e+00  0.000000e+00  0.000000e+00  0.000000e+00  0.000000e+00  2.048987e-03  0.000000e+00  5.710306e-03  0.000000e+00  2.812180e-03
3.355206e+04  0.000000e+00  0.000000e+00  0.000000e+00  0.000000e+00  0.000000e+00  0.000000e+00  0.000000e+00  0.000000e+00  0.000000e+00  0.000000e+00  0.000000e+00  1.943358e-05  0.000000e+00  1.098235e-02  0.000000e+00  1.102180e-04
3.764603e+04  0.000000e+00  0.000000e+00  0.000000e+00  2.167906e-04  0.000000e+00  0.000000e+00  0.000000e+00  0.000000e+00  0.000000e+00  0.000000e+00  0.000000e+00  1.122252e-03  0.000000e+00  2.167906e-04  0.000000e+00  6.104723e-06
4.223954e+04  0.000000e+00  0.000000e+00  0.000000e+00  1.183923e-04  0.000000e+00  0.000000e+00  0.000000e+00  9.940548e-03  0.000000e+00  0.000000e+00  0.000000e+00  1.202588e-03  0.000000e+00  0.000000e+00  0.000000e+00  0.000000e+00
4.739354e+04  0.000000e+00  0.000000e+00  0.000000e+00  0.000000e+00  0.000000e+00  0.000000e+00  0.000000e+00  4.849154e-06  0.000000e+00  0.000000e+00  0.000000e+00  1.103664e-04  0.000000e+00  8.914367e-04  0.000000e+00  0.000000e+00
5.317643e+04  0.000000e+00  0.000000e+00  0.000000e+00  0.000000e+00  0.000000e+00  0.000000e+00  0.000000e+00  0.000000e+00  0.000000e+00  0.000000e+00  0.000000e+00  0.000000e+00  0.000000e+00  0.000000e+00  0.000000e+00  0.000000e+00
5.966493e+04  0.000000e+00  0.000000e+00  0.000000e+00  0.000000e+00  0.000000e+00  0.000000e+00  0.000000e+00  0.000000e+00  0.000000e+00  0.000000e+00  0.000000e+00  0.000000e+00  0.000000e+00  0.000000e+00  0.000000e+00  0.000000e+00
6.694516e+04  0.000000e+00  0.000000e+00  0.000000e+00  0.000000e+00  0.000000e+00  0.000000e+00  0.000000e+00  0.000000e+00  0.000000e+00  0.000000e+00  0.000000e+00  0.000000e+00  0.000000e+00  0.000000e+00  0.000000e+00  2.875932e-04
7.511370e+04  0.000000e+00  0.000000e+00  0.000000e+00  0.000000e+00  0.000000e+00  0.000000e+00  0.000000e+00  0.000000e+00  0.000000e+00  0.000000e+00  0.000000e+00  0.000000e+00  0.000000e+00  0.000000e+00  0.000000e+00  4.338588e-03
8.427896e+04  0.000000e+00  0.000000e+00  0.000000e+00  0.000000e+00  0.000000e+00  0.000000e+00  0.000000e+00  0.000000e+00  0.000000e+00  0.000000e+00  0.000000e+00  0.000000e+00  0.000000e+00  0.000000e+00  0.000000e+00  0.000000e+00
9.456255e+04  0.000000e+00  0.000000e+00  0.000000e+00  0.000000e+00  0.000000e+00  0.000000e+00  0.000000e+00  0.000000e+00  0.000000e+00  0.000000e+00  0.000000e+00  0.000000e+00  0.000000e+00  0.000000e+00  0.000000e+00  0.000000e+00
1.061009e+05  0.000000e+00  0.000000e+00  0.000000e+00  0.000000e+00  0.000000e+00  0.000000e+00  0.000000e+00  0.000000e+00  0.000000e+00  0.000000e+00  0.000000e+00  0.000000e+00  0.000000e+00  0.000000e+00  0.000000e+00  0.000000e+00
1.190472e+05  0.000000e+00  0.000000e+00  0.000000e+00  0.000000e+00  0.000000e+00  0.000000e+00  0.000000e+00  0.000000e+00  0.000000e+00  0.000000e+00  0.000000e+00  0.000000e+00  0.000000e+00  0.000000e+00  0.000000e+00  0.000000e+00
1.335731e+05  0.000000e+00  0.000000e+00  0.000000e+00  0.000000e+00  0.000000e+00  0.000000e+00  0.000000e+00  0.000000e+00  0.000000e+00  0.000000e+00  0.000000e+00  0.000000e+00  0.000000e+00  0.000000e+00  0.000000e+00  0.000000e+00
1.498715e+05  0.000000e+00  0.000000e+00  0.000000e+00  0.000000e+00  0.000000e+00  0.000000e+00  0.000000e+00  0.000000e+00  0.000000e+00  0.000000e+00  0.000000e+00  0.000000e+00  0.000000e+00  0.000000e+00  0.000000e+00  0.000000e+00
1.681586e+05  0.000000e+00  0.000000e+00  0.000000e+00  0.000000e+00  0.000000e+00  0.000000e+00  0.000000e+00  0.000000e+00  0.000000e+00  0.000000e+00  0.000000e+00  0.000000e+00  0.000000e+00  0.000000e+00  0.000000e+00  0.000000e+00
1.886771e+05  0.000000e+00  0.000000e+00  0.000000e+00  0.000000e+00  0.000000e+00  0.000000e+00  0.000000e+00  0.000000e+00  0.000000e+00  0.000000e+00  0.000000e+00  0.000000e+00  0.000000e+00  0.000000e+00  0.000000e+00  0.000000e+00
2.116992e+05  0.000000e+00  0.000000e+00  0.000000e+00  0.000000e+00  0.000000e+00  0.000000e+00  0.000000e+00  0.000000e+00  0.000000e+00  0.000000e+00  0.000000e+00  0.000000e+00  0.000000e+00  0.000000e+00  0.000000e+00  0.000000e+00
2.375304e+05  0.000000e+00  0.000000e+00  0.000000e+00  0.000000e+00  0.000000e+00  0.000000e+00  0.000000e+00  0.000000e+00  0.000000e+00  0.000000e+00  0.000000e+00  0.000000e+00  0.000000e+00  0.000000e+00  0.000000e+00  0.000000e+00
2.665135e+05  0.000000e+00  0.000000e+00  0.000000e+00  0.000000e+00  0.000000e+00  0.000000e+00  0.000000e+00  0.000000e+00  0.000000e+00  0.000000e+00  0.000000e+00  0.000000e+00  0.000000e+00  0.000000e+00  0.000000e+00  0.000000e+00
2.990330e+05  0.000000e+00  0.000000e+00  0.000000e+00  0.000000e+00  0.000000e+00  0.000000e+00  0.000000e+00  0.000000e+00  0.000000e+00  0.000000e+00  0.000000e+00  0.000000e+00  0.000000e+00  0.000000e+00  0.000000e+00  0.000000e+00
3.355206e+05  0.000000e+00  0.000000e+00  0.000000e+00  0.000000e+00  0.000000e+00  0.000000e+00  0.000000e+00  0.000000e+00  0.000000e+00  0.000000e+00  0.000000e+00  0.000000e+00  0.000000e+00  0.000000e+00  0.000000e+00  0.000000e+00
3.764603e+05  0.000000e+00  0.000000e+00  0.000000e+00  0.000000e+00  0.000000e+00  0.000000e+00  0.000000e+00  0.000000e+00  0.000000e+00  0.000000e+00  0.000000e+00  0.000000e+00  0.000000e+00  0.000000e+00  0.000000e+00  0.000000e+00
4.223954e+05  0.000000e+00  0.000000e+00  0.000000e+00  0.000000e+00  0.000000e+00  0.000000e+00  0.000000e+00  0.000000e+00  0.000000e+00  0.000000e+00  0.000000e+00  0.000000e+00  0.000000e+00  0.000000e+00  0.000000e+00  0.000000e+00
4.739354e+05  0.000000e+00  0.000000e+00  0.000000e+00  0.000000e+00  0.000000e+00  0.000000e+00  0.000000e+00  0.000000e+00  0.000000e+00  0.000000e+00  0.000000e+00  0.000000e+00  0.000000e+00  0.000000e+00  0.000000e+00  0.000000e+00
5.317643e+05  0.000000e+00  0.000000e+00  0.000000e+00  0.000000e+00  0.000000e+00  0.000000e+00  0.000000e+00  0.000000e+00  0.000000e+00  0.000000e+00  0.000000e+00  0.000000e+00  0.000000e+00  0.000000e+00  0.000000e+00  0.000000e+00
5.966493e+05  0.000000e+00  0.000000e+00  0.000000e+00  0.000000e+00  0.000000e+00  0.000000e+00  0.000000e+00  0.000000e+00  0.000000e+00  0.000000e+00  0.000000e+00  0.000000e+00  0.000000e+00  0.000000e+00  0.000000e+00  0.000000e+00
6.694516e+05  0.000000e+00  0.000000e+00  0.000000e+00  0.000000e+00  0.000000e+00  0.000000e+00  0.000000e+00  0.000000e+00  0.000000e+00  0.000000e+00  0.000000e+00  0.000000e+00  0.000000e+00  0.000000e+00  0.000000e+00  0.000000e+00
7.511370e+05  0.000000e+00  0.000000e+00  0.000000e+00  0.000000e+00  0.000000e+00  0.000000e+00  0.000000e+00  0.000000e+00  0.000000e+00  0.000000e+00  0.000000e+00  0.000000e+00  0.000000e+00  0.000000e+00  0.000000e+00  0.000000e+00
8.427896e+05  0.000000e+00  0.000000e+00  0.000000e+00  0.000000e+00  0.000000e+00  0.000000e+00  0.000000e+00  0.000000e+00  0.000000e+00  0.000000e+00  0.000000e+00  0.000000e+00  0.000000e+00  0.000000e+00  0.000000e+00  0.000000e+00
9.456255e+05  0.000000e+00  0.000000e+00  0.000000e+00  0.000000e+00  0.000000e+00  0.000000e+00  0.000000e+00  0.000000e+00  0.000000e+00  0.000000e+00  0.000000e+00  0.000000e+00  0.000000e+00  0.000000e+00  0.000000e+00  0.000000e+00
