# dR/dEr [1/keV/kg/Myr]
# Er [keV], S, F, Ne, Cl, Na, Si, O, P, N, C, Al, Mg, Be, B, Ar, Li
1.061009e+01  8.441622e+02  6.139107e+02  0.000000e+00  0.000000e+00  1.964777e+02  0.000000e+00  5.904719e+01  0.000000e+00  0.000000e+00  0.000000e+00  0.000000e+00  0.000000e+00  3.844415e-01  0.000000e+00  0.000000e+00  0.000000e+00
1.190472e+01  3.247519e+02  5.001537e+01  0.000000e+00  0.000000e+00  1.027967e+02  0.000000e+00  0.000000e+00  0.000000e+00  0.000000e+00  0.000000e+00  0.000000e+00  0.000000e+00  0.000000e+00  0.000000e+00  0.000000e+00  0.000000e+00
1.335731e+01  4.640824e+02  9.599868e+01  0.000000e+00  0.000000e+00  0.000000e+00  0.000000e+00  0.000000e+00  0.000000e+00  0.000000e+00  0.000000e+00  0.000000e+00  0.000000e+00  0.000000e+00  0.000000e+00  0.000000e+00  0.000000e+00
1.498715e+01  1.199139e+02  1.115121e+02  0.000000e+00  0.000000e+00  4.870010e+01  0.000000e+00  2.038711e+01  0.000000e+00  0.000000e+00  0.000000e+00  0.000000e+00  0.000000e+00  0.000000e+00  0.000000e+00  0.000000e+00  0.000000e+00
1.681586e+01  2.959788e+02  1.124564e+02  4.307032e+01  0.000000e+00  8.265330e+01  1.817004e+01  0.000000e+00  0.000000e+00  0.000000e+00  0.000000e+00  0.000000e+00  0.000000e+00  0.000000e+00  0.000000e+00  0.000000e+00  0.000000e+00
1.886771e+01  2.034151e+02  1.374402e+02  0.000000e+00  0.000000e+00  3.838647e+01  0.000000e+00  0.000000e+00  0.000000e+00  0.000000e+00  0.000000e+00  0.000000e+00  0.000000e+00  0.000000e+00  0.000000e+00  0.000000e+00  0.000000e+00
2.116992e+01  2.036438e+02  1.546798e+02  0.000000e+00  0.000000e+00  4.133820e+01  0.000000e+00  1.835012e+01  0.000000e+00  0.000000e+00  0.000000e+00  3.561256e+00  0.000000e+00  0.000000e+00  0.000000e+00  0.000000e+00  0.000000e+00
2.375304e+01  3.753750e+02  7.422619e+01  3.135364e+01  0.000000e+00  8.053331e+01  0.000000e+00  3.049145e+01  0.000000e+00  0.000000e+00  0.000000e+00  0.000000e+00  0.000000e+00  0.000000e+00  0.000000e+00  0.000000e+00  0.000000e+00
2.665135e+01  3.229333e+02  1.280513e+02  1.457602e+01  2.105409e-01  2.349147e+01  0.000000e+00  0.000000e+00  1.601026e+01  0.000000e+00  0.000000e+00  0.000000e+00  0.000000e+00  0.000000e+00  0.000000e+00  0.000000e+00  0.000000e+00
2.990330e+01  3.630035e+02  1.641300e+02  1.816367e+01  0.000000e+00  1.331363e+01  0.000000e+00  2.320865e+01  0.000000e+00  0.000000e+00  0.000000e+00  7.716684e-01  0.000000e+00  7.018454e+00  0.000000e+00  0.000000e+00  0.000000e+00
3.355206e+01  4.633127e+02  1.171253e+02  1.781369e+01  0.000000e+00  3.766078e+01  0.000000e+00  3.643023e+01  0.000000e+00  0.000000e+00  0.000000e+00  6.291020e+00  0.000000e+00  5.292006e+00  0.000000e+00  0.000000e+00  0.000000e+00
3.764603e+01  5.075132e+02  7.833988e+01  1.879969e-02  1.031903e+01  4.729995e+01  0.000000e+00  2.472534e-01  0.000000e+00  0.000000e+00  0.000000e+00  0.000000e+00  0.000000e+00  3.192151e-02  0.000000e+00  0.000000e+00  0.000000e+00
4.223954e+01  4.710999e+02  2.382807e+02  2.574913e+00  0.000000e+00  1.068387e+02  0.000000e+00  1.449569e+01  0.000000e+00  0.000000e+00  0.000000e+00  1.445511e+00  0.000000e+00  5.121134e+01  0.000000e+00  0.000000e+00  0.000000e+00
4.739354e+01  6.621617e+02  2.575837e+02  8.196697e+00  2.080782e+01  3.147744e+01  0.000000e+00  2.960931e+01  0.000000e+00  0.000000e+00  0.000000e+00  0.000000e+00  0.000000e+00  1.889857e+01  0.000000e+00  0.000000e+00  0.000000e+00
5.317643e+01  5.769081e+02  1.488112e+02  2.035650e+01  0.000000e+00  7.295020e+01  0.000000e+00  3.943544e+01  0.000000e+00  0.000000e+00  0.000000e+00  1.417762e+00  0.000000e+00  0.000000e+00  0.000000e+00  0.000000e+00  0.000000e+00
5.966493e+01  7.755700e+02  2.723461e+02  2.263212e+01  1.163188e+01  4.647009e+01  0.000000e+00  3.447739e+01  0.000000e+00  0.000000e+00  0.000000e+00  2.588330e+00  0.000000e+00  5.765076e-01  0.000000e+00  0.000000e+00  0.000000e+00
6.694516e+01  8.400066e+02  2.291269e+02  3.777525e+01  0.000000e+00  1.043882e+02  0.000000e+00  1.090259e+01  0.000000e+00  7.730148e-01  0.000000e+00  9.330372e+00  0.000000e+00  1.372642e+02  0.000000e+00  0.000000e+00  0.000000e+00
7.511370e+01  8.801798e+02  3.090800e+02  3.037109e+01  1.202485e+01  6.140094e+01  0.000000e+00  2.756485e+01  0.000000e+00  0.000000e+00  0.000000e+00  1.447980e+00  0.000000e+00  4.191461e+04  0.000000e+00  0.000000e+00  0.000000e+00
8.427896e+01  1.120189e+03  3.552041e+02  2.094843e+01  2.784813e+01  8.815131e+01  0.000000e+00  4.636427e+01  0.000000e+00  0.000000e+00  0.000000e+00  0.000000e+00  0.000000e+00  5.106927e+04  0.000000e+00  0.000000e+00  0.000000e+00
9.456255e+01  1.117633e+03  2.754769e+02  2.653171e+01  1.440086e+01  7.510619e+01  0.000000e+00  1.399235e+01  0.000000e+00  5.498484e-01  0.000000e+00  2.595884e-03  0.000000e+00  3.858851e+04  0.000000e+00  0.000000e+00  0.000000e+00
1.061009e+02  1.319182e+03  3.611443e+02  2.148823e+01  5.121531e+00  1.101015e+02  0.000000e+00  2.441959e+01  0.000000e+00  0.000000e+00  1.455525e+00  1.003286e+01  0.000000e+00  2.963881e+04  0.000000e+00  0.000000e+00  0.000000e+00
1.190472e+02  1.416980e+03  4.583632e+02  4.825348e+01  7.429276e+00  9.729217e+01  0.000000e+00  1.432870e+01  0.000000e+00  2.566586e+00  5.246854e+00  2.628555e+04  0.000000e+00  2.168152e+04  0.000000e+00  6.367921e-01  0.000000e+00
1.335731e+02  1.596142e+03  5.014327e+02  3.341437e+01  5.298472e-03  1.230424e+02  0.000000e+00  1.821367e+01  0.000000e+00  0.000000e+00  0.000000e+00  2.184519e+04  0.000000e+00  1.590564e+04  0.000000e+00  0.000000e+00  0.000000e+00
1.498715e+02  3.918168e+03  5.778480e+02  2.605034e+01  7.957954e+00  7.413538e+01  0.000000e+00  2.908209e+01  0.000000e+00  4.139530e+00  2.860679e+00  1.634467e+04  0.000000e+00  1.189214e+04  0.000000e+00  0.000000e+00  0.000000e+00
1.681586e+02  5.641495e+03  5.822363e+02  3.328012e+01  8.265330e+00  6.157324e+01  1.459773e-03  3.894280e+01  0.000000e+00  2.075913e+00  0.000000e+00  1.204546e+04  0.000000e+00  8.717664e+03  0.000000e+00  0.000000e+00  0.000000e+00
1.886771e+02  3.275349e+03  6.924356e+02  2.432850e+01  8.316546e+00  1.345128e+02  3.678323e+00  3.582259e+01  2.579305e+00  2.579305e+00  0.000000e+00  9.048879e+03  0.000000e+00  6.453060e+03  0.000000e+00  0.000000e+00  0.000000e+00
2.116992e+02  1.423450e+03  8.573222e+02  3.171953e+01  1.947636e+01  5.493316e+01  2.298808e+00  3.185079e+01  0.000000e+00  0.000000e+00  1.159539e-03  7.094111e+03  0.000000e+00  4.283007e+03  0.000000e+00  3.343110e-03  0.000000e+00
2.375304e+02  1.029160e+03  4.446239e+03  4.922769e+01  1.718444e+01  8.204451e+01  1.000330e+00  3.371235e+01  4.156766e+00  0.000000e+00  1.286340e+00  5.282839e+03  0.000000e+00  3.113817e+03  0.000000e+00  3.514579e+00  0.000000e+00
2.665135e+02  8.458621e+02  3.704599e+03  5.071208e+01  1.156827e+01  1.172200e+02  2.242611e+00  2.641051e+01  0.000000e+00  1.826008e+00  1.302160e+00  3.886897e+03  0.000000e+00  2.215222e+03  0.000000e+00  0.000000e+00  0.000000e+00
2.990330e+02  5.129959e+02  5.584452e+02  2.787413e+01  1.012876e+01  9.162772e+01  7.480010e-02  4.971698e+01  1.393856e-03  4.018680e-03  1.738773e-01  2.932113e+03  0.000000e+00  1.663479e+03  0.000000e+00  0.000000e+00  0.000000e+00
3.355206e+02  4.488765e+02  4.957326e+02  3.246558e+01  1.332644e+01  9.708593e+01  1.450450e+00  3.654903e+01  1.416359e+00  1.157814e+00  1.878378e+00  2.182186e+03  1.025192e-01  1.130249e+03  0.000000e+00  0.000000e+00  1.021738e-02
3.764603e+02  2.995649e+02  3.685139e+02  4.028220e+01  1.087359e+01  1.094140e+02  3.656453e-01  2.594059e+01  0.000000e+00  1.587647e+00  0.000000e+00  1.445579e+03  0.000000e+00  8.308915e+02  0.000000e+00  0.000000e+00  0.000000e+00
4.223954e+02  1.932782e+02  3.053978e+02  2.605557e+01  1.221841e+01  9.248870e+01  9.206713e-01  3.743915e+01  2.677994e+00  1.153120e+00  1.480440e+00  1.112219e+03  0.000000e+00  4.569226e+02  0.000000e+00  1.675524e-03  0.000000e+00
4.739354e+02  1.512979e+02  2.473165e+02  3.660520e+01  2.190719e+01  7.812545e+01  1.145521e+00  3.401449e+01  2.392141e+00  9.003229e-01  0.000000e+00  6.807315e+02  0.000000e+00  3.038618e+02  9.003229e-01  0.000000e+00  0.000000e+00
5.317643e+02  1.163349e+02  1.604188e+02  3.798714e+01  1.039096e+01  8.387003e+01  2.594477e+00  3.089004e+01  3.045648e+00  2.894948e+00  1.067500e+00  5.614891e+02  0.000000e+00  2.401877e+02  4.616206e-04  1.569905e+00  0.000000e+00
5.966493e+02  1.036968e+02  1.387215e+02  3.876874e+01  1.742921e+01  8.176280e+01  2.318422e+00  2.986735e+01  2.965619e+00  1.640700e+00  3.517559e-01  4.099470e+02  0.000000e+00  1.594255e+02  0.000000e+00  2.014111e-03  0.000000e+00
6.694516e+02  7.890641e+01  1.163869e+02  4.765662e+01  2.593947e+01  7.823308e+01  2.449887e+00  3.832120e+01  2.320171e+00  1.974677e+00  5.337121e-01  2.862167e+02  0.000000e+00  8.828387e+01  0.000000e+00  0.000000e+00  0.000000e+00
7.511370e+02  6.426851e+01  9.060089e+01  3.297893e+01  2.106050e+01  5.243108e+01  6.715708e-01  2.845015e+01  2.804663e+00  1.894050e+00  3.621259e-01  1.814828e+02  0.000000e+00  6.132218e+01  0.000000e+00  0.000000e+00  0.000000e+00
8.427896e+02  3.972165e+01  7.447879e+01  2.806445e+01  2.390320e+01  5.771599e+01  1.682840e+00  3.252717e+01  1.170110e+00  4.889001e-01  7.519751e-01  9.693968e+01  0.000000e+00  2.978665e+01  0.000000e+00  8.254479e-01  0.000000e+00
9.456255e+02  3.865050e+01  6.220146e+01  3.747451e+01  1.551235e+01  4.808970e+01  2.030597e+00  3.344303e+01  3.423690e+00  0.000000e+00  1.509709e+00  7.887964e+01  5.933850e-03  2.393773e+01  0.000000e+00  0.000000e+00  0.000000e+00
1.061009e+03  3.552288e+01  4.384425e+01  3.508517e+01  2.403381e+01  3.835244e+01  2.698133e+00  3.129731e+01  2.533325e+00  3.420651e+00  3.307117e-01  5.692949e+01  0.000000e+00  8.536951e+00  5.406248e-02  3.241940e-02  0.000000e+00
1.190472e+03  2.353057e+01  3.783345e+01  3.217777e+01  2.425821e+01  2.921282e+01  2.517374e+00  1.886667e+01  2.969457e+00  1.338928e+00  7.473758e-01  3.448891e+01  0.000000e+00  1.035329e+01  0.000000e+00  0.000000e+00  0.000000e+00
1.335731e+03  2.345273e+01  3.286555e+01  2.619298e+01  1.864719e+01  2.396264e+01  1.119905e+00  2.492069e+01  1.261114e+00  2.284907e+00  3.740832e-01  1.739832e+01  0.000000e+00  3.153570e+00  5.208224e-01  0.000000e+00  0.000000e+00
1.498715e+03  1.479854e+01  2.442409e+01  2.150500e+01  1.986709e+01  1.640299e+01  3.452788e+00  2.160870e+01  3.974998e+00  3.271367e+00  6.138498e-01  1.070802e+01  6.210724e-03  5.444260e+00  0.000000e+00  0.000000e+00  1.572641e-02
1.681586e+03  6.042383e+00  2.297020e+01  1.659071e+01  1.733258e+01  1.937574e+01  1.884767e+00  1.657733e+01  2.479918e+00  2.261387e+00  1.344071e+00  1.003974e+01  0.000000e+00  3.277191e+00  3.194818e-01  0.000000e+00  2.038636e-03
1.886771e+03  8.233695e+00  1.395569e+01  1.685533e+01  2.250889e+01  1.538785e+01  2.028369e+00  1.471827e+01  2.556453e+00  1.847289e+00  1.303097e+00  5.143820e+00  3.171267e-01  3.167772e-01  2.113160e-01  1.080937e-03  0.000000e+00
2.116992e+03  6.537359e+00  1.450987e+01  1.112183e+01  1.354589e+01  6.272498e+00  1.840292e+00  1.094243e+01  2.271276e+00  5.400183e-01  1.034361e+00  2.358247e+00  1.478515e-01  9.312046e-01  3.343110e-04  0.000000e+00  3.343110e-04
2.375304e+03  2.476637e+00  8.601815e+00  9.811542e+00  1.927461e+01  6.210232e+00  2.963709e+00  9.899373e+00  2.165431e+00  1.369120e+00  3.266017e-01  3.008826e+00  1.754761e-04  0.000000e+00  3.173973e-02  0.000000e+00  6.511926e-02
2.665135e+03  2.827461e+00  6.118623e+00  7.864705e+00  1.594119e+01  3.010309e+00  2.026032e+00  6.188627e+00  3.655235e+00  8.289374e-01  1.658876e+00  1.518750e+00  4.966140e-01  3.052868e-01  7.874835e-02  0.000000e+00  2.378609e-01
2.990330e+03  5.597473e-01  4.373936e+00  4.968629e+00  1.221303e+01  2.629474e+00  2.501610e+00  4.391267e+00  2.306279e+00  6.040292e-01  4.853816e-01  1.231147e+00  6.291875e-02  0.000000e+00  7.058640e-02  0.000000e+00  3.253380e-01
3.355206e+03  5.751825e-01  5.067141e+00  4.584777e+00  1.248173e+01  8.573157e-01  2.534079e+00  2.856974e+00  1.492140e+00  5.855970e-01  6.362018e-01  2.272901e-01  2.634466e-01  2.301282e-01  6.877502e-03  0.000000e+00  2.840979e-04
3.764603e+03  2.085057e-01  1.885190e+00  3.240665e+00  7.706736e+00  7.501893e-01  1.896714e+00  1.696202e+00  1.129814e+00  3.151574e-01  6.521190e-01  4.706021e-01  2.074659e-02  6.520565e-05  1.998603e-01  0.000000e+00  1.411955e-01
4.223954e+03  1.458883e-02  1.487668e+00  1.152498e+00  6.203573e+00  2.810652e-01  1.008116e+00  1.512889e+00  1.290673e+00  5.156737e-01  4.062536e-01  3.969353e-01  5.657006e-02  0.000000e+00  2.030171e-01  0.000000e+00  7.722033e-02
4.739354e+03  2.294893e-02  9.521762e-01  1.654066e+00  5.639305e+00  3.436914e-01  1.127408e+00  3.468822e-01  9.065589e-01  2.157136e-01  2.513016e-01  2.756012e-01  1.163524e-01  4.303286e-04  3.285650e-03  0.000000e+00  1.730653e-02
5.317643e+03  1.749995e-01  8.485066e-01  9.610032e-01  3.516362e+00  2.058633e-02  7.836312e-01  1.179928e-01  1.603671e+00  5.628570e-01  3.235492e-01  7.976530e-02  1.761530e-01  0.000000e+00  1.149506e-01  0.000000e+00  2.073720e-01
5.966493e+03  4.398868e-02  3.608641e-01  4.304664e-01  1.985646e+00  1.405905e-01  1.050838e+00  9.301799e-02  5.796080e-01  2.131003e-01  4.848532e-01  3.748886e-03  1.402023e-02  0.000000e+00  2.622513e-02  0.000000e+00  5.914694e-02
6.694516e+03  6.226127e-05  2.442820e-01  3.394570e-01  1.419316e+00  1.668504e-02  1.447129e+00  2.013466e-02  3.211013e-01  2.432888e-01  4.030149e-01  1.761898e-01  2.864805e-01  0.000000e+00  1.682095e-02  0.000000e+00  5.120822e-04
7.511370e+03  5.818565e-03  1.930943e-01  3.719129e-01  8.731703e-01  9.559462e-02  6.770597e-01  9.364089e-02  2.302208e-01  7.136309e-02  2.306485e-01  4.297251e-03  5.104967e-02  0.000000e+00  1.431869e-03  0.000000e+00  2.070621e-01
8.427896e+03  1.832398e-02  1.253999e-01  1.861639e-01  1.622066e-01  2.097798e-02  8.744529e-01  1.887354e-01  6.406892e-01  8.259219e-02  5.918196e-02  1.482276e-01  1.218119e-01  0.000000e+00  8.083770e-04  0.000000e+00  2.594281e-02
9.456255e+03  0.000000e+00  3.832165e-02  1.901088e-01  4.728040e-01  2.922008e-02  5.812322e-01  7.484291e-05  1.996536e-01  1.228188e-01  6.854996e-02  2.575223e-01  1.474937e-01  0.000000e+00  6.490001e-02  0.000000e+00  2.440230e-03
1.061009e+04  0.000000e+00  1.515992e-01  7.530092e-02  2.813224e-01  7.172345e-03  3.855302e-01  3.312692e-02  1.609559e-01  2.288119e-03  9.626720e-02  8.941999e-02  1.093919e-01  0.000000e+00  3.928420e-05  0.000000e+00  5.648357e-02
1.190472e+04  0.000000e+00  2.657788e-04  2.879650e-04  1.396341e-01  0.000000e+00  1.152083e-01  2.061984e-05  4.988437e-03  7.002416e-05  9.744730e-02  2.747529e-01  6.257935e-02  0.000000e+00  8.693963e-03  0.000000e+00  1.563552e-02
1.335731e+04  0.000000e+00  2.109849e-02  9.339150e-02  1.854974e-01  0.000000e+00  1.382317e-01  8.996703e-05  2.510465e-02  1.692943e-03  7.249656e-02  3.340466e-02  8.758610e-03  0.000000e+00  0.000000e+00  0.000000e+00  1.954164e-02
1.498715e+04  0.000000e+00  3.578265e-02  6.210724e-04  7.578260e-03  0.000000e+00  6.543487e-02  0.000000e+00  1.082799e-01  2.295118e-03  1.044041e-02  9.444537e-05  9.573221e-02  0.000000e+00  7.503377e-05  0.000000e+00  5.387512e-02
1.681586e+04  0.000000e+00  1.440748e-03  2.478666e-05  4.718190e-03  0.000000e+00  1.229168e-01  1.459773e-05  6.922857e-03  0.000000e+00  5.535314e-04  3.336849e-04  2.753270e-04  0.000000e+00  2.615494e-02  0.000000e+00  3.907615e-02
1.886771e+04  0.000000e+00  4.241181e-03  0.000000e+00  2.269179e-02  0.000000e+00  7.966514e-02  0.000000e+00  5.980598e-02  0.000000e+00  0.000000e+00  1.647813e-02  2.313052e-02  0.000000e+00  4.515762e-02  0.000000e+00  2.428515e-02
2.116992e+04  0.000000e+00  1.159539e-05  0.000000e+00  1.259523e-02  0.000000e+00  6.836074e-05  0.000000e+00  7.294906e-03  0.000000e+00  0.000000e+00  0.000000e+00  2.015572e-02  0.000000e+00  7.348083e-02  0.000000e+00  7.294906e-03
2.375304e+04  0.000000e+00  0.000000e+00  0.000000e+00  1.033440e-05  0.000000e+00  7.493862e-03  1.443244e-04  9.416775e-04  0.000000e+00  1.448122e-03  8.835710e-03  3.509522e-05  0.000000e+00  0.000000e+00  0.000000e+00  2.778434e-02
2.665135e+04  0.000000e+00  1.286292e-04  0.000000e+00  2.012849e-02  0.000000e+00  0.000000e+00  0.000000e+00  0.000000e+00  0.000000e+00  7.652446e-05  0.000000e+00  0.000000e+00  0.000000e+00  0.000000e+00  0.000000e+00  1.286292e-04
2.990330e+04  0.000000e+00  0.000000e+00  0.000000e+00  1.730565e-03  0.000000e+00  0.000000e+00  0.000000e+00  0.000000e+00  0.000000e+00  0.000000e+00  0.000000e+00  2.478566e-03  0.000000e+00  7.766455e-03  0.000000e+00  3.659309e-03
3.355206e+04  0.000000e+00  0.000000e+00  0.000000e+00  0.000000e+00  0.000000e+00  0.000000e+00  0.000000e+00  0.000000e+00  0.000000e+00  0.000000e+00  0.000000e+00  2.109360e-05  0.000000e+00  2.488132e-02  0.000000e+00  1.215711e-04
3.764603e+04  0.000000e+00  0.000000e+00  0.000000e+00  2.472534e-04  0.000000e+00  0.000000e+00  0.000000e+00  0.000000e+00  0.000000e+00  0.000000e+00  0.000000e+00  1.374636e-03  0.000000e+00  2.472534e-04  0.000000e+00  6.520565e-06
4.223954e+04  0.000000e+00  0.000000e+00  0.000000e+00  1.328424e-04  0.000000e+00  0.000000e+00  0.000000e+00  1.657250e-02  0.000000e+00  0.000000e+00  0.000000e+00  1.455378e-03  0.000000e+00  0.000000e+00  0.000000e+00  0.000000e+00
4.739354e+04  0.000000e+00  0.000000e+00  0.000000e+00  0.000000e+00  0.000000e+00  0.000000e+00  0.000000e+00  5.179469e-06  0.000000e+00  0.000000e+00  0.000000e+00  1.235753e-04  0.000000e+00  1.091912e-03  0.000000e+00  0.000000e+00
5.317643e+04  0.000000e+00  0.000000e+00  0.000000e+00  0.000000e+00  0.000000e+00  0.000000e+00  0.000000e+00  0.000000e+00  0.000000e+00  0.000000e+00  0.000000e+00  0.000000e+00  0.000000e+00  0.000000e+00  0.000000e+00  0.000000e+00
5.966493e+04  0.000000e+00  0.000000e+00  0.000000e+00  0.000000e+00  0.000000e+00  0.000000e+00  0.000000e+00  0.000000e+00  0.000000e+00  0.000000e+00  0.000000e+00  0.000000e+00  0.000000e+00  0.000000e+00  0.000000e+00  0.000000e+00
6.694516e+04  0.000000e+00  0.000000e+00  0.000000e+00  0.000000e+00  0.000000e+00  0.000000e+00  0.000000e+00  0.000000e+00  0.000000e+00  0.000000e+00  0.000000e+00  0.000000e+00  0.000000e+00  0.000000e+00  0.000000e+00  3.377866e-04
7.511370e+04  0.000000e+00  0.000000e+00  0.000000e+00  0.000000e+00  0.000000e+00  0.000000e+00  0.000000e+00  0.000000e+00  0.000000e+00  0.000000e+00  0.000000e+00  0.000000e+00  0.000000e+00  0.000000e+00  0.000000e+00  7.136309e-03
8.427896e+04  0.000000e+00  0.000000e+00  0.000000e+00  0.000000e+00  0.000000e+00  0.000000e+00  0.000000e+00  0.000000e+00  0.000000e+00  0.000000e+00  0.000000e+00  0.000000e+00  0.000000e+00  0.000000e+00  0.000000e+00  0.000000e+00
9.456255e+04  0.000000e+00  0.000000e+00  0.000000e+00  0.000000e+00  0.000000e+00  0.000000e+00  0.000000e+00  0.000000e+00  0.000000e+00  0.000000e+00  0.000000e+00  0.000000e+00  0.000000e+00  0.000000e+00  0.000000e+00  0.000000e+00
1.061009e+05  0.000000e+00  0.000000e+00  0.000000e+00  0.000000e+00  0.000000e+00  0.000000e+00  0.000000e+00  0.000000e+00  0.000000e+00  0.000000e+00  0.000000e+00  0.000000e+00  0.000000e+00  0.000000e+00  0.000000e+00  0.000000e+00
1.190472e+05  0.000000e+00  0.000000e+00  0.000000e+00  0.000000e+00  0.000000e+00  0.000000e+00  0.000000e+00  0.000000e+00  0.000000e+00  0.000000e+00  0.000000e+00  0.000000e+00  0.000000e+00  0.000000e+00  0.000000e+00  0.000000e+00
1.335731e+05  0.000000e+00  0.000000e+00  0.000000e+00  0.000000e+00  0.000000e+00  0.000000e+00  0.000000e+00  0.000000e+00  0.000000e+00  0.000000e+00  0.000000e+00  0.000000e+00  0.000000e+00  0.000000e+00  0.000000e+00  0.000000e+00
1.498715e+05  0.000000e+00  0.000000e+00  0.000000e+00  0.000000e+00  0.000000e+00  0.000000e+00  0.000000e+00  0.000000e+00  0.000000e+00  0.000000e+00  0.000000e+00  0.000000e+00  0.000000e+00  0.000000e+00  0.000000e+00  0.000000e+00
1.681586e+05  0.000000e+00  0.000000e+00  0.000000e+00  0.000000e+00  0.000000e+00  0.000000e+00  0.000000e+00  0.000000e+00  0.000000e+00  0.000000e+00  0.000000e+00  0.000000e+00  0.000000e+00  0.000000e+00  0.000000e+00  0.000000e+00
1.886771e+05  0.000000e+00  0.000000e+00  0.000000e+00  0.000000e+00  0.000000e+00  0.000000e+00  0.000000e+00  0.000000e+00  0.000000e+00  0.000000e+00  0.000000e+00  0.000000e+00  0.000000e+00  0.000000e+00  0.000000e+00  0.000000e+00
2.116992e+05  0.000000e+00  0.000000e+00  0.000000e+00  0.000000e+00  0.000000e+00  0.000000e+00  0.000000e+00  0.000000e+00  0.000000e+00  0.000000e+00  0.000000e+00  0.000000e+00  0.000000e+00  0.000000e+00  0.000000e+00  0.000000e+00
2.375304e+05  0.000000e+00  0.000000e+00  0.000000e+00  0.000000e+00  0.000000e+00  0.000000e+00  0.000000e+00  0.000000e+00  0.000000e+00  0.000000e+00  0.000000e+00  0.000000e+00  0.000000e+00  0.000000e+00  0.000000e+00  0.000000e+00
2.665135e+05  0.000000e+00  0.000000e+00  0.000000e+00  0.000000e+00  0.000000e+00  0.000000e+00  0.000000e+00  0.000000e+00  0.000000e+00  0.000000e+00  0.000000e+00  0.000000e+00  0.000000e+00  0.000000e+00  0.000000e+00  0.000000e+00
2.990330e+05  0.000000e+00  0.000000e+00  0.000000e+00  0.000000e+00  0.000000e+00  0.000000e+00  0.000000e+00  0.000000e+00  0.000000e+00  0.000000e+00  0.000000e+00  0.000000e+00  0.000000e+00  0.000000e+00  0.000000e+00  0.000000e+00
3.355206e+05  0.000000e+00  0.000000e+00  0.000000e+00  0.000000e+00  0.000000e+00  0.000000e+00  0.000000e+00  0.000000e+00  0.000000e+00  0.000000e+00  0.000000e+00  0.000000e+00  0.000000e+00  0.000000e+00  0.000000e+00  0.000000e+00
3.764603e+05  0.000000e+00  0.000000e+00  0.000000e+00  0.000000e+00  0.000000e+00  0.000000e+00  0.000000e+00  0.000000e+00  0.000000e+00  0.000000e+00  0.000000e+00  0.000000e+00  0.000000e+00  0.000000e+00  0.000000e+00  0.000000e+00
4.223954e+05  0.000000e+00  0.000000e+00  0.000000e+00  0.000000e+00  0.000000e+00  0.000000e+00  0.000000e+00  0.000000e+00  0.000000e+00  0.000000e+00  0.000000e+00  0.000000e+00  0.000000e+00  0.000000e+00  0.000000e+00  0.000000e+00
4.739354e+05  0.000000e+00  0.000000e+00  0.000000e+00  0.000000e+00  0.000000e+00  0.000000e+00  0.000000e+00  0.000000e+00  0.000000e+00  0.000000e+00  0.000000e+00  0.000000e+00  0.000000e+00  0.000000e+00  0.000000e+00  0.000000e+00
5.317643e+05  0.000000e+00  0.000000e+00  0.000000e+00  0.000000e+00  0.000000e+00  0.000000e+00  0.000000e+00  0.000000e+00  0.000000e+00  0.000000e+00  0.000000e+00  0.000000e+00  0.000000e+00  0.000000e+00  0.000000e+00  0.000000e+00
5.966493e+05  0.000000e+00  0.000000e+00  0.000000e+00  0.000000e+00  0.000000e+00  0.000000e+00  0.000000e+00  0.000000e+00  0.000000e+00  0.000000e+00  0.000000e+00  0.000000e+00  0.000000e+00  0.000000e+00  0.000000e+00  0.000000e+00
6.694516e+05  0.000000e+00  0.000000e+00  0.000000e+00  0.000000e+00  0.000000e+00  0.000000e+00  0.000000e+00  0.000000e+00  0.000000e+00  0.000000e+00  0.000000e+00  0.000000e+00  0.000000e+00  0.000000e+00  0.000000e+00  0.000000e+00
7.511370e+05  0.000000e+00  0.000000e+00  0.000000e+00  0.000000e+00  0.000000e+00  0.000000e+00  0.000000e+00  0.000000e+00  0.000000e+00  0.000000e+00  0.000000e+00  0.000000e+00  0.000000e+00  0.000000e+00  0.000000e+00  0.000000e+00
8.427896e+05  0.000000e+00  0.000000e+00  0.000000e+00  0.000000e+00  0.000000e+00  0.000000e+00  0.000000e+00  0.000000e+00  0.000000e+00  0.000000e+00  0.000000e+00  0.000000e+00  0.000000e+00  0.000000e+00  0.000000e+00  0.000000e+00
9.456255e+05  0.000000e+00  0.000000e+00  0.000000e+00  0.000000e+00  0.000000e+00  0.000000e+00  0.000000e+00  0.000000e+00  0.000000e+00  0.000000e+00  0.000000e+00  0.000000e+00  0.000000e+00  0.000000e+00  0.000000e+00  0.000000e+00
