# dR/dEr [1/keV/kg/Myr]
# Er [keV], S, F, Ne, Cl, Na, Si, O, P, N, C, Al, Mg, Be, B, Ar, Li
1.061009e+01  2.925230e+04  2.093355e+04  0.000000e+00  0.000000e+00  5.506682e+03  0.000000e+00  2.374469e+03  0.000000e+00  0.000000e+00  0.000000e+00  0.000000e+00  0.000000e+00  4.704449e-01  0.000000e+00  0.000000e+00  0.000000e+00
1.190472e+01  1.141842e+04  1.346976e+03  0.000000e+00  0.000000e+00  3.491154e+03  0.000000e+00  0.000000e+00  0.000000e+00  0.000000e+00  0.000000e+00  0.000000e+00  0.000000e+00  0.000000e+00  0.000000e+00  0.000000e+00  0.000000e+00
1.335731e+01  1.422734e+04  3.310212e+03  0.000000e+00  0.000000e+00  0.000000e+00  0.000000e+00  0.000000e+00  0.000000e+00  0.000000e+00  0.000000e+00  0.000000e+00  0.000000e+00  0.000000e+00  0.000000e+00  0.000000e+00  0.000000e+00
1.498715e+01  4.288441e+03  3.515844e+03  0.000000e+00  0.000000e+00  1.770404e+03  0.000000e+00  8.364502e+02  0.000000e+00  0.000000e+00  0.000000e+00  0.000000e+00  0.000000e+00  0.000000e+00  0.000000e+00  0.000000e+00  0.000000e+00
1.681586e+01  1.028687e+04  2.158561e+03  1.577448e+03  0.000000e+00  2.660703e+03  7.454871e+02  0.000000e+00  0.000000e+00  0.000000e+00  0.000000e+00  0.000000e+00  0.000000e+00  0.000000e+00  0.000000e+00  0.000000e+00  0.000000e+00
1.886771e+01  7.280730e+03  3.534402e+03  0.000000e+00  0.000000e+00  1.405902e+03  0.000000e+00  0.000000e+00  0.000000e+00  0.000000e+00  0.000000e+00  0.000000e+00  0.000000e+00  0.000000e+00  0.000000e+00  0.000000e+00  0.000000e+00
2.116992e+01  6.782442e+03  4.429505e+03  0.000000e+00  0.000000e+00  1.433260e+03  0.000000e+00  6.851396e+02  0.000000e+00  0.000000e+00  0.000000e+00  5.946615e+00  0.000000e+00  0.000000e+00  0.000000e+00  0.000000e+00  0.000000e+00
2.375304e+01  1.228992e+04  2.521000e+03  1.965545e+02  0.000000e+00  2.388969e+03  0.000000e+00  1.116748e+03  0.000000e+00  0.000000e+00  0.000000e+00  0.000000e+00  0.000000e+00  0.000000e+00  0.000000e+00  0.000000e+00  0.000000e+00
2.665135e+01  1.100478e+04  2.715006e+03  5.442257e+02  2.687395e-01  9.452751e+02  0.000000e+00  0.000000e+00  4.995090e+01  0.000000e+00  0.000000e+00  0.000000e+00  0.000000e+00  0.000000e+00  0.000000e+00  0.000000e+00  0.000000e+00
2.990330e+01  1.111476e+04  4.832724e+03  7.766538e+02  0.000000e+00  3.667267e+02  0.000000e+00  9.042599e+02  0.000000e+00  0.000000e+00  0.000000e+00  1.086795e+00  0.000000e+00  1.480675e+01  0.000000e+00  0.000000e+00  0.000000e+00
3.355206e+01  1.585834e+04  3.919277e+03  4.878496e+02  0.000000e+00  1.336620e+03  0.000000e+00  5.670255e+02  0.000000e+00  0.000000e+00  0.000000e+00  1.323962e+01  0.000000e+00  8.935017e+00  0.000000e+00  0.000000e+00  0.000000e+00
3.764603e+01  1.671319e+04  2.263458e+03  2.222606e-02  3.852823e+02  1.129853e+03  0.000000e+00  3.249414e-01  0.000000e+00  0.000000e+00  0.000000e+00  0.000000e+00  0.000000e+00  3.840010e-02  0.000000e+00  0.000000e+00  0.000000e+00
4.223954e+01  1.624138e+04  8.154748e+03  4.681071e+00  0.000000e+00  2.981778e+03  0.000000e+00  5.936017e+02  0.000000e+00  0.000000e+00  0.000000e+00  2.186081e+00  0.000000e+00  2.700964e+02  0.000000e+00  0.000000e+00  0.000000e+00
4.739354e+01  2.287458e+04  8.625419e+03  3.060406e+02  6.514117e+02  1.169382e+03  0.000000e+00  1.127699e+03  0.000000e+00  0.000000e+00  0.000000e+00  0.000000e+00  0.000000e+00  1.890100e+02  0.000000e+00  0.000000e+00  0.000000e+00
5.317643e+01  2.003321e+04  5.188839e+03  7.812617e+02  0.000000e+00  2.438437e+03  0.000000e+00  1.527781e+03  0.000000e+00  0.000000e+00  0.000000e+00  2.367390e+00  0.000000e+00  0.000000e+00  0.000000e+00  0.000000e+00  0.000000e+00
5.966493e+01  2.597263e+04  9.546070e+03  8.668242e+02  4.532035e+02  1.388480e+03  0.000000e+00  9.623770e+02  0.000000e+00  0.000000e+00  0.000000e+00  5.013158e+00  0.000000e+00  8.552923e-01  0.000000e+00  0.000000e+00  0.000000e+00
6.694516e+01  2.849570e+04  7.708806e+03  1.399259e+03  0.000000e+00  3.383068e+03  0.000000e+00  3.963441e+02  0.000000e+00  1.196596e+00  0.000000e+00  3.968195e+01  0.000000e+00  1.633948e+03  0.000000e+00  0.000000e+00  0.000000e+00
7.511370e+01  2.950156e+04  9.750556e+03  9.173858e+02  3.848082e+02  1.806315e+03  0.000000e+00  8.397764e+02  0.000000e+00  0.000000e+00  0.000000e+00  2.632360e+00  0.000000e+00  5.252676e+05  0.000000e+00  0.000000e+00  0.000000e+00
8.427896e+01  3.720290e+04  1.186622e+04  7.125023e+02  8.857479e+02  2.878593e+03  0.000000e+00  1.332511e+03  0.000000e+00  0.000000e+00  0.000000e+00  0.000000e+00  0.000000e+00  6.354816e+05  0.000000e+00  0.000000e+00  0.000000e+00
9.456255e+01  3.797115e+04  9.669205e+03  7.740387e+02  4.883503e+02  2.629278e+03  0.000000e+00  4.536252e+02  0.000000e+00  8.500891e-01  0.000000e+00  2.964304e-03  0.000000e+00  4.745020e+05  0.000000e+00  0.000000e+00  0.000000e+00
1.061009e+02  4.495298e+04  1.204574e+04  7.795722e+02  2.188934e+02  3.425449e+03  0.000000e+00  9.612369e+02  0.000000e+00  0.000000e+00  2.819106e+00  1.622817e+02  0.000000e+00  3.677901e+05  0.000000e+00  0.000000e+00  0.000000e+00
1.190472e+02  4.765725e+04  1.538929e+04  1.479389e+03  2.549764e+02  2.877471e+03  0.000000e+00  3.670541e+02  0.000000e+00  1.053028e+02  2.231480e+01  3.314390e+05  0.000000e+00  2.690150e+05  0.000000e+00  1.061542e+00  0.000000e+00
1.335731e+02  5.433310e+04  1.729279e+04  1.135728e+03  6.264154e-03  3.999627e+03  0.000000e+00  4.989357e+02  0.000000e+00  0.000000e+00  0.000000e+00  2.687311e+05  0.000000e+00  1.970170e+05  0.000000e+00  0.000000e+00  0.000000e+00
1.498715e+02  1.347047e+05  1.977086e+04  9.278045e+02  2.512484e+02  2.429219e+03  0.000000e+00  8.186459e+02  0.000000e+00  1.673717e+02  8.899318e+00  2.020289e+05  0.000000e+00  1.485482e+05  0.000000e+00  0.000000e+00  0.000000e+00
1.681586e+02  1.954812e+05  1.951946e+04  1.070137e+03  2.660703e+02  2.103148e+03  1.666950e-03  1.051426e+03  0.000000e+00  5.606400e+00  0.000000e+00  1.498878e+05  0.000000e+00  1.053407e+05  0.000000e+00  0.000000e+00  0.000000e+00
1.886771e+02  1.126494e+05  2.364717e+04  7.561942e+02  3.041300e+02  4.201844e+03  1.433155e+02  9.931907e+02  8.394049e+01  8.394049e+01  0.000000e+00  1.150739e+05  0.000000e+00  8.046837e+04  0.000000e+00  0.000000e+00  0.000000e+00
2.116992e+02  4.909085e+04  2.911740e+04  9.752794e+02  5.808830e+02  1.822812e+03  7.481204e+01  1.068753e+03  0.000000e+00  0.000000e+00  1.324106e-03  8.545487e+04  0.000000e+00  5.024675e+04  0.000000e+00  3.952414e-03  0.000000e+00
2.375304e+02  3.521546e+04  1.545162e+05  1.675345e+03  6.285030e+02  2.639547e+03  4.499848e+01  1.085653e+03  1.299798e+02  0.000000e+00  5.277644e+01  6.377784e+04  0.000000e+00  3.612520e+04  0.000000e+00  6.417369e+01  0.000000e+00
2.665135e+02  2.875608e+04  1.278300e+05  1.683117e+03  3.362994e+02  3.608178e+03  6.141662e+01  7.868127e+02  0.000000e+00  5.942532e+01  3.528035e+00  4.855064e+04  0.000000e+00  2.816441e+04  0.000000e+00  0.000000e+00  0.000000e+00
2.990330e+02  1.716325e+04  1.915676e+04  9.596103e+02  3.381171e+02  2.963204e+03  1.058814e-01  1.470115e+03  1.619543e-03  4.834286e-03  2.688218e-01  3.674570e+04  0.000000e+00  2.079549e+04  0.000000e+00  0.000000e+00  0.000000e+00
3.355206e+02  1.469228e+04  1.648864e+04  1.161772e+03  4.063515e+02  3.120313e+03  4.720321e+01  1.049873e+03  6.371297e+01  4.322939e+01  7.938937e+00  2.651330e+04  1.520949e-01  1.289381e+04  0.000000e+00  0.000000e+00  1.264853e-02
3.764603e+02  9.916959e+03  1.243854e+04  1.315351e+03  2.120048e+02  3.597008e+03  5.835250e-01  8.023247e+02  0.000000e+00  4.347964e+01  0.000000e+00  1.913847e+04  0.000000e+00  9.279023e+03  0.000000e+00  0.000000e+00  0.000000e+00
4.223954e+02  6.409859e+03  9.964021e+03  8.624339e+02  4.162198e+02  2.905364e+03  3.433947e+01  1.241025e+03  7.570786e+01  3.749599e+01  6.291147e+00  1.407244e+04  0.000000e+00  5.671362e+03  0.000000e+00  1.980899e-03  0.000000e+00
4.739354e+02  4.783034e+03  7.981489e+03  1.259924e+03  7.730489e+02  2.488777e+03  3.123518e+01  1.040577e+03  3.863769e+01  2.808945e+00  0.000000e+00  8.350268e+03  0.000000e+00  4.113604e+03  2.808945e+00  0.000000e+00  0.000000e+00
5.317643e+02  3.581277e+03  5.304631e+03  1.195568e+03  3.371749e+02  2.745620e+03  9.455849e+01  1.080657e+03  6.735137e+01  7.966267e+01  3.003342e+01  6.604082e+03  0.000000e+00  3.213364e+03  5.271360e-04  2.866533e+01  0.000000e+00
5.966493e+02  3.207293e+03  4.287237e+03  1.239062e+03  4.885720e+02  2.762396e+03  4.899645e+01  9.177858e+02  9.054865e+01  5.310063e+01  7.420955e-01  5.275065e+03  0.000000e+00  1.994915e+03  0.000000e+00  2.422882e-03  0.000000e+00
6.694516e+02  2.385118e+03  3.504468e+03  1.530877e+03  8.355615e+02  2.571628e+03  6.326785e+01  1.263852e+03  6.473276e+01  6.407411e+01  1.884545e+01  3.409012e+03  0.000000e+00  9.205562e+02  0.000000e+00  0.000000e+00  0.000000e+00
7.511370e+02  1.837568e+03  2.738032e+03  1.136329e+03  6.784092e+02  1.713662e+03  2.851299e+01  9.745170e+02  9.560775e+01  4.006039e+01  1.429771e+01  2.105746e+03  0.000000e+00  7.330429e+02  0.000000e+00  0.000000e+00  0.000000e+00
8.427896e+02  1.181424e+03  2.199179e+03  9.108516e+02  7.864305e+02  1.823144e+03  6.355858e+01  1.067549e+03  3.663157e+01  1.724921e+01  1.792446e+00  1.228130e+03  0.000000e+00  4.193183e+02  0.000000e+00  4.225674e+00  0.000000e+00
9.456255e+02  1.095204e+03  1.921541e+03  1.177534e+03  4.586772e+02  1.619075e+03  5.092367e+01  1.034496e+03  1.127229e+02  0.000000e+00  4.615351e+01  8.793677e+02  7.574109e-03  3.089271e+02  0.000000e+00  0.000000e+00  0.000000e+00
1.061009e+03  9.881948e+02  1.295442e+03  1.072435e+03  7.603781e+02  1.241465e+03  6.581419e+01  1.033151e+03  8.448502e+01  7.846449e+01  8.906585e-01  7.387570e+02  0.000000e+00  6.764679e+01  8.225051e-02  4.809662e-02  0.000000e+00
1.190472e+03  6.689765e+02  1.155494e+03  9.998156e+02  7.916516e+02  1.032816e+03  5.271506e+01  6.156186e+02  1.101892e+02  4.505276e+01  1.710434e+00  4.292024e+02  0.000000e+00  1.173935e+02  0.000000e+00  0.000000e+00  0.000000e+00
1.335731e+03  6.246100e+02  9.916273e+02  8.202836e+02  6.119950e+02  8.143661e+02  3.671714e+01  8.455147e+02  3.174878e+01  6.929398e+01  1.099244e+01  1.951323e+02  0.000000e+00  3.436811e+01  2.666220e+00  0.000000e+00  0.000000e+00
1.498715e+03  4.194299e+02  7.648750e+02  7.102131e+02  5.994195e+02  5.355422e+02  8.137412e+01  6.766829e+02  8.844680e+01  6.664756e+01  1.598252e+01  1.630629e+02  8.162158e-03  6.837129e+01  0.000000e+00  0.000000e+00  2.209069e-02
1.681586e+03  1.578834e+02  6.186496e+02  5.131446e+02  5.573625e+02  6.040531e+02  6.045205e+01  5.584396e+02  6.519107e+01  5.882011e+01  1.362362e+01  1.002145e+02  0.000000e+00  6.918614e+01  1.156562e+00  0.000000e+00  2.523714e-03
1.886771e+03  1.746778e+02  3.894011e+02  5.218937e+02  7.355736e+02  4.914530e+02  4.836576e+01  5.139506e+02  7.091719e+01  4.374407e+01  1.939117e+01  6.054479e+01  7.922064e+00  8.675329e+00  4.202479e-01  1.322753e-03  0.000000e+00
2.116992e+03  1.767433e+02  3.989513e+02  3.294792e+02  4.604975e+02  1.977409e+02  3.575715e+01  3.575806e+02  6.296892e+01  2.036330e+01  1.456549e+01  1.430933e+01  5.108379e+00  6.058310e+00  3.952414e-04  0.000000e+00  3.952414e-04
2.375304e+03  7.221412e+01  2.346749e+02  2.901429e+02  5.822779e+02  1.832266e+02  5.672469e+01  3.143232e+02  5.701780e+01  4.483734e+01  7.029862e+00  4.715599e+01  2.038884e-04  0.000000e+00  5.299927e-02  0.000000e+00  1.260429e-01
2.665135e+03  5.835955e+01  1.475917e+02  2.361829e+02  4.555083e+02  9.391315e+01  5.553625e+01  1.983661e+02  9.497770e+01  1.283587e+01  2.391341e+01  1.008539e+01  2.334520e+00  2.782883e+00  1.661345e-01  0.000000e+00  1.001356e+00
2.990330e+03  7.131536e+00  9.495972e+01  1.356703e+02  3.471856e+02  7.121923e+01  6.288996e+01  1.380457e+02  7.789052e+01  3.321245e+00  5.098039e+00  6.182629e+00  1.155392e-01  0.000000e+00  1.485509e-01  0.000000e+00  1.203288e+00
3.355206e+03  8.981619e+00  1.016357e+02  9.023811e+01  3.652728e+02  2.059487e+01  6.901747e+01  9.553345e+01  4.920458e+01  1.045896e+01  1.065621e+01  5.892924e-01  2.252756e+00  1.777954e+00  9.686074e-03  0.000000e+00  3.329259e-04
3.764603e+03  4.439302e+00  4.167695e+01  6.693287e+01  2.349265e+02  7.328583e+00  4.148400e+01  5.054292e+01  3.424238e+01  6.994629e+00  6.633247e+00  2.544659e+00  3.036035e-02  7.445994e-05  1.242741e+00  0.000000e+00  3.276662e-01
4.223954e+03  2.189441e-02  3.899915e+01  2.132037e+01  1.944703e+02  1.180280e+00  2.242317e+01  5.381887e+01  3.286173e+01  6.638079e+00  4.639907e+00  1.804178e+00  1.138951e-01  0.000000e+00  1.445177e+00  0.000000e+00  1.470953e-01
4.739354e+03  4.172009e-02  1.996113e+01  3.260715e+01  1.665267e+02  2.572683e+00  2.998181e+01  6.905631e+00  1.556191e+01  1.099731e+00  2.729054e+00  9.202150e-01  4.144520e-01  5.265975e-04  4.436414e-03  0.000000e+00  2.512982e-02
5.317643e+03  2.857094e+00  1.060834e+01  1.589187e+01  1.014217e+02  3.247217e-02  2.030308e+01  5.002010e-01  3.361259e+01  9.090676e+00  2.980257e+00  1.453981e-01  1.442103e+00  0.000000e+00  3.112956e-01  0.000000e+00  2.599400e+00
5.966493e+03  8.779791e-02  5.886555e+00  1.690094e+00  4.229838e+01  1.485376e+00  2.456948e+01  1.893435e+00  6.265272e+00  2.943549e+00  4.103186e+00  5.306643e-03  2.283136e-02  0.000000e+00  5.054988e-02  0.000000e+00  1.588389e-01
6.694516e+03  7.234234e-05  2.547811e+00  3.608318e+00  2.678641e+01  2.676858e-02  2.975826e+01  3.221348e-02  7.969149e+00  1.043488e+00  4.046337e+00  4.903578e-01  5.204801e+00  0.000000e+00  3.024183e-02  0.000000e+00  6.339282e-04
7.511370e+03  8.422393e-03  7.801959e-01  3.149415e+00  2.591952e+01  4.783436e-01  1.332888e+01  2.638026e-01  4.060520e+00  2.587295e-01  1.815315e+00  5.829639e-03  1.125733e-01  0.000000e+00  1.858339e-03  0.000000e+00  1.030100e+00
8.427896e+03  3.549044e-02  3.078349e-01  2.143782e+00  1.996435e+00  3.924726e-02  1.256792e+01  2.364276e+00  4.665993e+00  2.669332e-01  1.415732e-01  6.304099e-01  4.358603e-01  0.000000e+00  1.021356e-03  0.000000e+00  4.605723e-02
9.456255e+03  0.000000e+00  1.015358e-01  1.714194e+00  5.486391e+00  6.872329e-02  1.027257e+01  8.848353e-05  2.991633e+00  4.427788e-01  2.268745e-01  1.842693e+00  5.266365e-01  0.000000e+00  2.191225e-01  0.000000e+00  3.436749e-03
1.061009e+04  0.000000e+00  1.016077e+00  1.546794e+00  2.359638e+00  1.194392e-02  4.242477e+00  6.286772e-02  1.164704e+00  3.199254e-03  1.206589e+00  2.183569e-01  4.335427e-01  0.000000e+00  4.564493e-05  0.000000e+00  1.921116e-01
1.190472e+04  0.000000e+00  3.206083e-04  3.564840e-04  1.620058e+00  0.000000e+00  8.426071e-01  2.354630e-05  6.878993e-03  8.136218e-05  3.297525e-01  4.040777e+00  3.922014e-01  0.000000e+00  1.345790e-02  0.000000e+00  2.606157e-02
1.335731e+04  0.000000e+00  3.783588e-02  1.066008e+00  1.008197e+00  0.000000e+00  3.343981e+00  1.082262e-04  5.537851e-02  2.391376e-03  1.892526e-01  6.904045e-02  1.557256e-02  0.000000e+00  0.000000e+00  0.000000e+00  3.858219e-02
1.498715e+04  0.000000e+00  1.296906e-01  8.162158e-04  1.193405e-02  0.000000e+00  3.403696e-01  0.000000e+00  1.457773e+00  3.404980e-03  2.012427e-02  1.116587e-04  1.961045e+00  0.000000e+00  8.814347e-05  0.000000e+00  2.487527e-01
1.681586e+04  0.000000e+00  1.880830e-03  2.880000e-05  7.770486e-03  0.000000e+00  7.454953e-01  1.666950e-05  1.233266e-02  0.000000e+00  7.274531e-04  4.259234e-04  3.383385e-04  0.000000e+00  5.538284e-02  0.000000e+00  1.282547e-01
1.886771e+04  0.000000e+00  6.973757e-03  0.000000e+00  7.064899e-02  0.000000e+00  6.137265e-01  0.000000e+00  2.597167e-01  0.000000e+00  0.000000e+00  3.183827e-02  7.123153e-02  0.000000e+00  2.047279e-01  0.000000e+00  4.510095e-02
2.116992e+04  0.000000e+00  1.324106e-05  0.000000e+00  2.482125e-02  0.000000e+00  8.152716e-05  0.000000e+00  1.412900e-02  0.000000e+00  0.000000e+00  0.000000e+00  6.288445e-02  0.000000e+00  4.873901e-01  0.000000e+00  1.412900e-02
2.375304e+04  0.000000e+00  0.000000e+00  0.000000e+00  1.180111e-05  0.000000e+00  1.398631e-02  1.786652e-04  1.332968e-03  0.000000e+00  2.148397e-03  1.864060e-02  4.077768e-05  0.000000e+00  0.000000e+00  0.000000e+00  9.097004e-02
2.665135e+04  0.000000e+00  1.592356e-04  0.000000e+00  7.293806e-02  0.000000e+00  0.000000e+00  0.000000e+00  0.000000e+00  0.000000e+00  9.364375e-05  0.000000e+00  0.000000e+00  0.000000e+00  0.000000e+00  0.000000e+00  1.592356e-04
2.990330e+04  0.000000e+00  0.000000e+00  0.000000e+00  2.678844e-03  0.000000e+00  0.000000e+00  0.000000e+00  0.000000e+00  0.000000e+00  0.000000e+00  0.000000e+00  3.737658e-03  0.000000e+00  1.586557e-02  0.000000e+00  6.637758e-03
3.355206e+04  0.000000e+00  0.000000e+00  0.000000e+00  0.000000e+00  0.000000e+00  0.000000e+00  0.000000e+00  0.000000e+00  0.000000e+00  0.000000e+00  0.000000e+00  2.493805e-05  0.000000e+00  4.543149e-01  0.000000e+00  1.487677e-04
3.764603e+04  0.000000e+00  0.000000e+00  0.000000e+00  3.249414e-04  0.000000e+00  0.000000e+00  0.000000e+00  0.000000e+00  0.000000e+00  0.000000e+00  0.000000e+00  2.127881e-03  0.000000e+00  3.249414e-04  0.000000e+00  7.445994e-06
4.223954e+04  0.000000e+00  0.000000e+00  0.000000e+00  1.695632e-04  0.000000e+00  0.000000e+00  0.000000e+00  6.587202e-02  0.000000e+00  0.000000e+00  0.000000e+00  2.197546e-03  0.000000e+00  0.000000e+00  0.000000e+00  0.000000e+00
4.739354e+04  0.000000e+00  0.000000e+00  0.000000e+00  0.000000e+00  0.000000e+00  0.000000e+00  0.000000e+00  5.914563e-06  0.000000e+00  0.000000e+00  0.000000e+00  1.570379e-04  0.000000e+00  1.690236e-03  0.000000e+00  0.000000e+00
5.317643e+04  0.000000e+00  0.000000e+00  0.000000e+00  0.000000e+00  0.000000e+00  0.000000e+00  0.000000e+00  0.000000e+00  0.000000e+00  0.000000e+00  0.000000e+00  0.000000e+00  0.000000e+00  0.000000e+00  0.000000e+00  0.000000e+00
5.966493e+04  0.000000e+00  0.000000e+00  0.000000e+00  0.000000e+00  0.000000e+00  0.000000e+00  0.000000e+00  0.000000e+00  0.000000e+00  0.000000e+00  0.000000e+00  0.000000e+00  0.000000e+00  0.000000e+00  0.000000e+00  0.000000e+00
6.694516e+04  0.000000e+00  0.000000e+00  0.000000e+00  0.000000e+00  0.000000e+00  0.000000e+00  0.000000e+00  0.000000e+00  0.000000e+00  0.000000e+00  0.000000e+00  0.000000e+00  0.000000e+00  0.000000e+00  0.000000e+00  4.771422e-04
7.511370e+04  0.000000e+00  0.000000e+00  0.000000e+00  0.000000e+00  0.000000e+00  0.000000e+00  0.000000e+00  0.000000e+00  0.000000e+00  0.000000e+00  0.000000e+00  0.000000e+00  0.000000e+00  0.000000e+00  0.000000e+00  2.587295e-02
8.427896e+04  0.000000e+00  0.000000e+00  0.000000e+00  0.000000e+00  0.000000e+00  0.000000e+00  0.000000e+00  0.000000e+00  0.000000e+00  0.000000e+00  0.000000e+00  0.000000e+00  0.000000e+00  0.000000e+00  0.000000e+00  0.000000e+00
9.456255e+04  0.000000e+00  0.000000e+00  0.000000e+00  0.000000e+00  0.000000e+00  0.000000e+00  0.000000e+00  0.000000e+00  0.000000e+00  0.000000e+00  0.000000e+00  0.000000e+00  0.000000e+00  0.000000e+00  0.000000e+00  0.000000e+00
1.061009e+05  0.000000e+00  0.000000e+00  0.000000e+00  0.000000e+00  0.000000e+00  0.000000e+00  0.000000e+00  0.000000e+00  0.000000e+00  0.000000e+00  0.000000e+00  0.000000e+00  0.000000e+00  0.000000e+00  0.000000e+00  0.000000e+00
1.190472e+05  0.000000e+00  0.000000e+00  0.000000e+00  0.000000e+00  0.000000e+00  0.000000e+00  0.000000e+00  0.000000e+00  0.000000e+00  0.000000e+00  0.000000e+00  0.000000e+00  0.000000e+00  0.000000e+00  0.000000e+00  0.000000e+00
1.335731e+05  0.000000e+00  0.000000e+00  0.000000e+00  0.000000e+00  0.000000e+00  0.000000e+00  0.000000e+00  0.000000e+00  0.000000e+00  0.000000e+00  0.000000e+00  0.000000e+00  0.000000e+00  0.000000e+00  0.000000e+00  0.000000e+00
1.498715e+05  0.000000e+00  0.000000e+00  0.000000e+00  0.000000e+00  0.000000e+00  0.000000e+00  0.000000e+00  0.000000e+00  0.000000e+00  0.000000e+00  0.000000e+00  0.000000e+00  0.000000e+00  0.000000e+00  0.000000e+00  0.000000e+00
1.681586e+05  0.000000e+00  0.000000e+00  0.000000e+00  0.000000e+00  0.000000e+00  0.000000e+00  0.000000e+00  0.000000e+00  0.000000e+00  0.000000e+00  0.000000e+00  0.000000e+00  0.000000e+00  0.000000e+00  0.000000e+00  0.000000e+00
1.886771e+05  0.000000e+00  0.000000e+00  0.000000e+00  0.000000e+00  0.000000e+00  0.000000e+00  0.000000e+00  0.000000e+00  0.000000e+00  0.000000e+00  0.000000e+00  0.000000e+00  0.000000e+00  0.000000e+00  0.000000e+00  0.000000e+00
2.116992e+05  0.000000e+00  0.000000e+00  0.000000e+00  0.000000e+00  0.000000e+00  0.000000e+00  0.000000e+00  0.000000e+00  0.000000e+00  0.000000e+00  0.000000e+00  0.000000e+00  0.000000e+00  0.000000e+00  0.000000e+00  0.000000e+00
2.375304e+05  0.000000e+00  0.000000e+00  0.000000e+00  0.000000e+00  0.000000e+00  0.000000e+00  0.000000e+00  0.000000e+00  0.000000e+00  0.000000e+00  0.000000e+00  0.000000e+00  0.000000e+00  0.000000e+00  0.000000e+00  0.000000e+00
2.665135e+05  0.000000e+00  0.000000e+00  0.000000e+00  0.000000e+00  0.000000e+00  0.000000e+00  0.000000e+00  0.000000e+00  0.000000e+00  0.000000e+00  0.000000e+00  0.000000e+00  0.000000e+00  0.000000e+00  0.000000e+00  0.000000e+00
2.990330e+05  0.000000e+00  0.000000e+00  0.000000e+00  0.000000e+00  0.000000e+00  0.000000e+00  0.000000e+00  0.000000e+00  0.000000e+00  0.000000e+00  0.000000e+00  0.000000e+00  0.000000e+00  0.000000e+00  0.000000e+00  0.000000e+00
3.355206e+05  0.000000e+00  0.000000e+00  0.000000e+00  0.000000e+00  0.000000e+00  0.000000e+00  0.000000e+00  0.000000e+00  0.000000e+00  0.000000e+00  0.000000e+00  0.000000e+00  0.000000e+00  0.000000e+00  0.000000e+00  0.000000e+00
3.764603e+05  0.000000e+00  0.000000e+00  0.000000e+00  0.000000e+00  0.000000e+00  0.000000e+00  0.000000e+00  0.000000e+00  0.000000e+00  0.000000e+00  0.000000e+00  0.000000e+00  0.000000e+00  0.000000e+00  0.000000e+00  0.000000e+00
4.223954e+05  0.000000e+00  0.000000e+00  0.000000e+00  0.000000e+00  0.000000e+00  0.000000e+00  0.000000e+00  0.000000e+00  0.000000e+00  0.000000e+00  0.000000e+00  0.000000e+00  0.000000e+00  0.000000e+00  0.000000e+00  0.000000e+00
4.739354e+05  0.000000e+00  0.000000e+00  0.000000e+00  0.000000e+00  0.000000e+00  0.000000e+00  0.000000e+00  0.000000e+00  0.000000e+00  0.000000e+00  0.000000e+00  0.000000e+00  0.000000e+00  0.000000e+00  0.000000e+00  0.000000e+00
5.317643e+05  0.000000e+00  0.000000e+00  0.000000e+00  0.000000e+00  0.000000e+00  0.000000e+00  0.000000e+00  0.000000e+00  0.000000e+00  0.000000e+00  0.000000e+00  0.000000e+00  0.000000e+00  0.000000e+00  0.000000e+00  0.000000e+00
5.966493e+05  0.000000e+00  0.000000e+00  0.000000e+00  0.000000e+00  0.000000e+00  0.000000e+00  0.000000e+00  0.000000e+00  0.000000e+00  0.000000e+00  0.000000e+00  0.000000e+00  0.000000e+00  0.000000e+00  0.000000e+00  0.000000e+00
6.694516e+05  0.000000e+00  0.000000e+00  0.000000e+00  0.000000e+00  0.000000e+00  0.000000e+00  0.000000e+00  0.000000e+00  0.000000e+00  0.000000e+00  0.000000e+00  0.000000e+00  0.000000e+00  0.000000e+00  0.000000e+00  0.000000e+00
7.511370e+05  0.000000e+00  0.000000e+00  0.000000e+00  0.000000e+00  0.000000e+00  0.000000e+00  0.000000e+00  0.000000e+00  0.000000e+00  0.000000e+00  0.000000e+00  0.000000e+00  0.000000e+00  0.000000e+00  0.000000e+00  0.000000e+00
8.427896e+05  0.000000e+00  0.000000e+00  0.000000e+00  0.000000e+00  0.000000e+00  0.000000e+00  0.000000e+00  0.000000e+00  0.000000e+00  0.000000e+00  0.000000e+00  0.000000e+00  0.000000e+00  0.000000e+00  0.000000e+00  0.000000e+00
9.456255e+05  0.000000e+00  0.000000e+00  0.000000e+00  0.000000e+00  0.000000e+00  0.000000e+00  0.000000e+00  0.000000e+00  0.000000e+00  0.000000e+00  0.000000e+00  0.000000e+00  0.000000e+00  0.000000e+00  0.000000e+00  0.000000e+00
