# dR/dEr [1/keV/kg/Myr]
# Er [keV], S, F, Ne, Cl, Na, Si, O, P, N, C, Al, Mg, Be, B, Ar, Li
1.061009e+01  1.820351e+03  1.307043e+03  0.000000e+00  0.000000e+00  3.976030e+02  0.000000e+00  1.307193e+02  0.000000e+00  0.000000e+00  0.000000e+00  0.000000e+00  0.000000e+00  4.100104e-01  0.000000e+00  0.000000e+00  0.000000e+00
1.190472e+01  7.050141e+02  9.893700e+01  0.000000e+00  0.000000e+00  2.219665e+02  0.000000e+00  0.000000e+00  0.000000e+00  0.000000e+00  0.000000e+00  0.000000e+00  0.000000e+00  0.000000e+00  0.000000e+00  0.000000e+00  0.000000e+00
1.335731e+01  9.898168e+02  2.079637e+02  0.000000e+00  0.000000e+00  0.000000e+00  0.000000e+00  0.000000e+00  0.000000e+00  0.000000e+00  0.000000e+00  0.000000e+00  0.000000e+00  0.000000e+00  0.000000e+00  0.000000e+00  0.000000e+00
1.498715e+01  2.605568e+02  2.294628e+02  0.000000e+00  0.000000e+00  1.059066e+02  0.000000e+00  4.535133e+01  0.000000e+00  0.000000e+00  0.000000e+00  0.000000e+00  0.000000e+00  0.000000e+00  0.000000e+00  0.000000e+00  0.000000e+00
1.681586e+01  6.420963e+02  2.137019e+02  9.402907e+01  0.000000e+00  1.773842e+02  4.041942e+01  0.000000e+00  0.000000e+00  0.000000e+00  0.000000e+00  0.000000e+00  0.000000e+00  0.000000e+00  0.000000e+00  0.000000e+00  0.000000e+00
1.886771e+01  4.429350e+02  2.758327e+02  0.000000e+00  0.000000e+00  8.380350e+01  0.000000e+00  0.000000e+00  0.000000e+00  0.000000e+00  0.000000e+00  0.000000e+00  0.000000e+00  0.000000e+00  0.000000e+00  0.000000e+00  0.000000e+00
2.116992e+01  4.388326e+02  3.203281e+02  0.000000e+00  0.000000e+00  8.974075e+01  0.000000e+00  4.027248e+01  0.000000e+00  0.000000e+00  0.000000e+00  4.165257e+00  0.000000e+00  0.000000e+00  0.000000e+00  0.000000e+00  0.000000e+00
2.375304e+01  8.070216e+02  1.605537e+02  5.094290e+01  0.000000e+00  1.621386e+02  0.000000e+00  6.656749e+01  0.000000e+00  0.000000e+00  0.000000e+00  0.000000e+00  0.000000e+00  0.000000e+00  0.000000e+00  0.000000e+00  0.000000e+00
2.665135e+01  6.953258e+02  2.465103e+02  3.198957e+01  2.273420e-01  5.202386e+01  0.000000e+00  0.000000e+00  2.221675e+01  0.000000e+00  0.000000e+00  0.000000e+00  0.000000e+00  0.000000e+00  0.000000e+00  0.000000e+00  0.000000e+00
2.990330e+01  7.684314e+02  3.446496e+02  4.058509e+01  0.000000e+00  2.420422e+01  0.000000e+00  5.124025e+01  0.000000e+00  0.000000e+00  0.000000e+00  8.588915e-01  0.000000e+00  8.781818e+00  0.000000e+00  0.000000e+00  0.000000e+00
3.355206e+01  9.893281e+02  2.453631e+02  3.743266e+01  0.000000e+00  8.203280e+01  0.000000e+00  6.526252e+01  0.000000e+00  0.000000e+00  0.000000e+00  7.864797e+00  0.000000e+00  6.213867e+00  0.000000e+00  0.000000e+00  0.000000e+00
3.764603e+01  1.077267e+03  1.586327e+02  1.983498e-02  2.264688e+01  8.865476e+01  0.000000e+00  2.696483e-01  0.000000e+00  0.000000e+00  0.000000e+00  0.000000e+00  0.000000e+00  3.386229e-02  0.000000e+00  0.000000e+00  0.000000e+00
4.223954e+01  1.014692e+03  5.134625e+02  3.091373e+00  0.000000e+00  2.201112e+02  0.000000e+00  3.221270e+01  0.000000e+00  0.000000e+00  0.000000e+00  1.643445e+00  0.000000e+00  7.833022e+01  0.000000e+00  0.000000e+00  0.000000e+00
4.739354e+01  1.427275e+03  5.502867e+02  1.798906e+01  4.448935e+01  6.889627e+01  0.000000e+00  6.512072e+01  0.000000e+00  0.000000e+00  0.000000e+00  0.000000e+00  0.000000e+00  3.233215e+01  0.000000e+00  0.000000e+00  0.000000e+00
5.317643e+01  1.240449e+03  3.226831e+02  4.484727e+01  0.000000e+00  1.547271e+02  0.000000e+00  8.695373e+01  0.000000e+00  0.000000e+00  0.000000e+00  1.658219e+00  0.000000e+00  0.000000e+00  0.000000e+00  0.000000e+00  0.000000e+00
5.966493e+01  1.665708e+03  5.856485e+02  4.973920e+01  2.568096e+01  9.426617e+01  0.000000e+00  6.883072e+01  0.000000e+00  0.000000e+00  0.000000e+00  3.178334e+00  0.000000e+00  6.528946e-01  0.000000e+00  0.000000e+00  0.000000e+00
6.694516e+01  1.802881e+03  4.921559e+02  8.266582e+01  0.000000e+00  2.209322e+02  0.000000e+00  2.370954e+01  0.000000e+00  8.853091e-01  0.000000e+00  1.394797e+01  0.000000e+00  2.314354e+02  0.000000e+00  0.000000e+00  0.000000e+00
7.511370e+01  1.887067e+03  6.485306e+02  6.204693e+01  2.576933e+01  1.273881e+02  0.000000e+00  5.873349e+01  0.000000e+00  0.000000e+00  0.000000e+00  1.738407e+00  0.000000e+00  7.243757e+04  0.000000e+00  0.000000e+00  0.000000e+00
8.427896e+01  2.400376e+03  7.620620e+02  4.534233e+01  5.921843e+01  1.867151e+02  0.000000e+00  9.454895e+01  0.000000e+00  0.000000e+00  0.000000e+00  0.000000e+00  0.000000e+00  8.813352e+04  0.000000e+00  0.000000e+00  0.000000e+00
9.456255e+01  2.403466e+03  5.945472e+02  5.375337e+01  3.116502e+01  1.582473e+02  0.000000e+00  3.001608e+01  0.000000e+00  6.294602e-01  0.000000e+00  2.709333e-03  0.000000e+00  6.641018e+04  0.000000e+00  0.000000e+00  0.000000e+00
1.061009e+02  2.845339e+03  7.734195e+02  4.634165e+01  1.144085e+01  2.314744e+02  0.000000e+00  5.388490e+01  0.000000e+00  0.000000e+00  1.787308e+00  1.815923e+01  0.000000e+00  5.129933e+04  0.000000e+00  0.000000e+00  0.000000e+00
1.190472e+02  3.049409e+03  9.815266e+02  1.025122e+02  1.604368e+01  1.992491e+02  0.000000e+00  2.829456e+01  0.000000e+00  5.709395e+00  7.843522e+00  4.558159e+04  0.000000e+00  3.744137e+04  0.000000e+00  7.443732e-01  0.000000e+00
1.335731e+02  3.442955e+03  1.083710e+03  6.995956e+01  5.590256e-03  2.617343e+02  0.000000e+00  3.749468e+01  0.000000e+00  0.000000e+00  0.000000e+00  3.769178e+04  0.000000e+00  2.742019e+04  0.000000e+00  0.000000e+00  0.000000e+00
1.498715e+02  8.471991e+03  1.243333e+03  5.668785e+01  1.689307e+01  1.593854e+02  0.000000e+00  5.763983e+01  0.000000e+00  9.138000e+00  3.965271e+00  2.822472e+04  0.000000e+00  2.052919e+04  0.000000e+00  0.000000e+00  0.000000e+00
1.681586e+02  1.221554e+04  1.248250e+03  6.995716e+01  1.773842e+01  1.312797e+02  1.523570e-03  7.933539e+01  0.000000e+00  2.765111e+00  0.000000e+00  2.076281e+04  0.000000e+00  1.496420e+04  0.000000e+00  0.000000e+00  0.000000e+00
1.886771e+02  7.077769e+03  1.492285e+03  5.091824e+01  1.819011e+01  2.836842e+02  8.121032e+00  7.215752e+01  5.550431e+00  5.550431e+00  0.000000e+00  1.569345e+04  0.000000e+00  1.115570e+04  0.000000e+00  0.000000e+00  0.000000e+00
2.116992e+02  3.073282e+03  1.841699e+03  6.664094e+01  4.062598e+01  1.150882e+02  4.946827e+00  6.835731e+01  0.000000e+00  0.000000e+00  1.210215e-03  1.220476e+04  0.000000e+00  7.322003e+03  0.000000e+00  3.527213e-03  0.000000e+00
2.375304e+02  2.216551e+03  9.633244e+03  1.057427e+02  3.738323e+01  1.730188e+02  2.247885e+00  7.032307e+01  8.882159e+00  0.000000e+00  2.861476e+00  9.076539e+03  0.000000e+00  5.309978e+03  0.000000e+00  6.930154e+00  0.000000e+00
2.665135e+02  1.819660e+03  8.015352e+03  1.092022e+02  2.286781e+01  2.454235e+02  4.712492e+00  5.490655e+01  0.000000e+00  3.929404e+00  1.736506e+00  6.710584e+03  0.000000e+00  3.844717e+03  0.000000e+00  0.000000e+00  0.000000e+00
2.990330e+02  1.097938e+03  1.204150e+03  5.979863e+01  2.181342e+01  1.946931e+02  8.339207e-02  1.021669e+02  1.462672e-03  4.263010e-03  1.990528e-01  5.074207e+03  0.000000e+00  2.886190e+03  0.000000e+00  0.000000e+00  0.000000e+00
3.355206e+02  9.555563e+02  1.061734e+03  6.995295e+01  2.822322e+01  2.058983e+02  3.121237e+00  7.520653e+01  3.182761e+00  2.541022e+00  2.801045e+00  3.752616e+03  1.161029e-01  1.919076e+03  0.000000e+00  0.000000e+00  1.094032e-02
3.764603e+02  6.394782e+02  7.892618e+02  8.529857e+01  2.019323e+01  2.327324e+02  4.220134e-01  5.433300e+01  0.000000e+00  3.336189e+00  0.000000e+00  2.526015e+03  0.000000e+00  1.414038e+03  0.000000e+00  0.000000e+00  0.000000e+00
4.223954e+02  4.121136e+02  6.487153e+02  5.545512e+01  2.572968e+01  1.953157e+02  2.019441e+00  7.981339e+01  5.416214e+00  2.480322e+00  2.212373e+00  1.929118e+03  0.000000e+00  7.939049e+02  0.000000e+00  1.767794e-03  0.000000e+00
4.739354e+02  3.170529e+02  5.221860e+02  7.849783e+01  4.750248e+01  1.638552e+02  2.199034e+00  7.029944e+01  4.288728e+00  1.249339e+00  0.000000e+00  1.165588e+03  0.000000e+00  5.300908e+02  1.249339e+00  0.000000e+00  0.000000e+00
5.317643e+02  2.416741e+02  3.393590e+02  7.995265e+01  2.188357e+01  1.787979e+02  5.650599e+00  6.637039e+01  5.904952e+00  5.690212e+00  2.146583e+00  9.578437e+02  0.000000e+00  4.195270e+02  4.817951e-04  3.095586e+00  0.000000e+00
5.966493e+02  2.154348e+02  2.886548e+02  8.145674e+01  3.540623e+01  1.754081e+02  4.280377e+00  6.222108e+01  6.090125e+00  3.520556e+00  4.401335e-01  7.130520e+02  0.000000e+00  2.749000e+02  0.000000e+00  2.136566e-03  0.000000e+00
6.694516e+02  1.627729e+02  2.415705e+02  1.008786e+02  5.437903e+01  1.667157e+02  4.740851e+00  8.160830e+01  4.861174e+00  4.237980e+00  1.103821e+00  4.943659e+02  0.000000e+00  1.456295e+02  0.000000e+00  0.000000e+00  0.000000e+00
7.511370e+02  1.320287e+02  1.877749e+02  7.093213e+01  4.409508e+01  1.120265e+02  1.464660e+00  6.093116e+01  6.044831e+00  3.549017e+00  7.627048e-01  3.066560e+02  0.000000e+00  1.049596e+02  0.000000e+00  0.000000e+00  0.000000e+00
8.427896e+02  8.185110e+01  1.530647e+02  5.925544e+01  5.114600e+01  1.216489e+02  3.694199e+00  6.909526e+01  2.501820e+00  1.042700e+00  9.671651e-01  1.669679e+02  0.000000e+00  5.124855e+01  0.000000e+00  1.283472e+00  0.000000e+00
9.456255e+02  7.851405e+01  1.299508e+02  7.886016e+01  3.190539e+01  1.027590e+02  3.964168e+00  7.030642e+01  7.371943e+00  0.000000e+00  3.118367e+00  1.321676e+02  6.407369e-03  4.138704e+01  0.000000e+00  0.000000e+00  0.000000e+00
1.061009e+03  7.209582e+01  9.062447e+01  7.335082e+01  5.051487e+01  8.115191e+01  5.441478e+00  6.691679e+01  5.442171e+00  6.587651e+00  4.400624e-01  9.815329e+01  0.000000e+00  1.347113e+01  6.156980e-02  3.671496e-02  0.000000e+00
1.190472e+03  4.789717e+01  7.881410e+01  6.752879e+01  5.125565e+01  6.342669e+01  4.754928e+00  3.980082e+01  6.390360e+00  2.864426e+00  9.493308e-01  5.979145e+01  0.000000e+00  1.775222e+01  0.000000e+00  0.000000e+00  0.000000e+00
1.335731e+03  4.695439e+01  6.771389e+01  5.490810e+01  3.972630e+01  5.151620e+01  2.247900e+00  5.342398e+01  2.459318e+00  4.652042e+00  7.345725e-01  2.987631e+01  0.000000e+00  5.057694e+00  8.098158e-01  0.000000e+00  0.000000e+00
1.498715e+03  2.991995e+01  5.073341e+01  4.577860e+01  4.137995e+01  3.486225e+01  6.641081e+00  4.542044e+01  7.818482e+00  6.235714e+00  1.116298e+00  1.939304e+01  6.773258e-03  9.448579e+00  0.000000e+00  0.000000e+00  1.748949e-02
1.681586e+03  1.189319e+01  4.598831e+01  3.462916e+01  3.635747e+01  4.030735e+01  3.932130e+00  3.558977e+01  4.966458e+00  4.388824e+00  2.187896e+00  1.662907e+01  0.000000e+00  6.318087e+00  4.626062e-01  0.000000e+00  2.182881e-03
1.886771e+03  1.561128e+01  2.802621e+01  3.496828e+01  4.789640e+01  3.210452e+01  3.933793e+00  3.180723e+01  5.079203e+00  3.607514e+00  2.248994e+00  8.694067e+00  5.910471e-01  6.656572e-01  2.603365e-01  1.152829e-03  0.000000e+00
2.116992e+03  1.317806e+01  2.901424e+01  2.310524e+01  2.892447e+01  1.310760e+01  3.463945e+00  2.315878e+01  4.560874e+00  1.118828e+00  1.853581e+00  3.655110e+00  2.938694e-01  1.479979e+00  3.527213e-04  0.000000e+00  3.527213e-04
2.375304e+03  4.921554e+00  1.743711e+01  2.007736e+01  4.022013e+01  1.262396e+01  5.476437e+00  2.086305e+01  4.368434e+00  2.861882e+00  6.193933e-01  5.300297e+00  1.841395e-04  0.000000e+00  3.712289e-02  0.000000e+00  7.994399e-02
2.665135e+03  5.324325e+00  1.183825e+01  1.616494e+01  3.265419e+01  6.196343e+00  4.082543e+00  1.307240e+01  7.306539e+00  1.524167e+00  2.974262e+00  2.383967e+00  7.575211e-01  5.240499e-01  9.853361e-02  0.000000e+00  3.541661e-01
2.990330e+03  9.328097e-01  8.305652e+00  9.967052e+00  2.489336e+01  5.351346e+00  4.872880e+00  9.187665e+00  4.906165e+00  9.008525e-01  7.180144e-01  1.853550e+00  7.587736e-02  0.000000e+00  8.824448e-02  0.000000e+00  4.674488e-01
3.355206e+03  9.637787e-01  9.538338e+00  8.471596e+00  2.558927e+01  1.597396e+00  5.104520e+00  6.155244e+00  3.144120e+00  1.058894e+00  1.131236e+00  2.986132e-01  4.422788e-01  3.874633e-01  7.654878e-03  0.000000e+00  2.989115e-04
3.764603e+03  3.935974e-01  3.615069e+00  6.033733e+00  1.590365e+01  1.285131e+00  3.544247e+00  3.512518e+00  2.322825e+00  5.519189e-01  1.051258e+00  6.949969e-01  2.339185e-02  6.805537e-05  3.236152e-01  0.000000e+00  1.794542e-01
4.223954e+03  1.654175e-02  2.962662e+00  2.020094e+00  1.293042e+01  4.134434e-01  1.942348e+00  3.267022e+00  2.540359e+00  8.371623e-01  6.406122e-01  5.927414e-01  6.968095e-02  0.000000e+00  3.312288e-01  0.000000e+00  9.427902e-02
4.739354e+03  2.755189e-02  1.747827e+00  3.068753e+00  1.155334e+01  5.669668e-01  2.247867e+00  6.531031e-01  1.643385e+00  3.268752e-01  3.709067e-01  3.887115e-01  1.674439e-01  4.589495e-04  3.612259e-03  0.000000e+00  1.946344e-02
5.317643e+03  3.034943e-01  1.440159e+00  1.666613e+00  7.175790e+00  2.366009e-02  1.508087e+00  1.761563e-01  2.998764e+00  1.003057e+00  4.863573e-01  9.543478e-02  2.915962e-01  0.000000e+00  1.525676e-01  0.000000e+00  3.707154e-01
5.966493e+03  5.409329e-02  6.236012e-01  6.191399e-01  3.757079e+00  2.456626e-01  2.003200e+00  1.545803e-01  9.220726e-01  3.634605e-01  8.074692e-01  4.179504e-03  1.626464e-02  0.000000e+00  3.214789e-02  0.000000e+00  7.862530e-02
6.694516e+03  6.533517e-05  3.975866e-01  5.479796e-01  2.595002e+00  1.929259e-02  2.683381e+00  2.325477e-02  5.910250e-01  3.550167e-01  6.633438e-01  2.363273e-01  5.144962e-01  0.000000e+00  2.011890e-02  0.000000e+00  5.483150e-04
7.511370e+03  6.537569e-03  2.811840e-01  6.194816e-01  1.803834e+00  1.473278e-01  1.227968e+00  1.262112e-01  3.913822e-01  1.033949e-01  3.820973e-01  4.727167e-03  6.448605e-02  0.000000e+00  1.555265e-03  0.000000e+00  3.057814e-01
8.427896e+03  2.250088e-02  1.621032e-01  3.209463e-01  2.494533e-01  2.545974e-02  1.481746e+00  3.403074e-01  9.906344e-01  1.153706e-01  7.595744e-02  2.215854e-01  1.729407e-01  0.000000e+00  8.701759e-04  0.000000e+00  3.094157e-02
9.456255e+03  0.000000e+00  5.070186e-02  3.138583e-01  7.871736e-01  3.759820e-02  1.023406e+00  7.896446e-05  3.198025e-01  1.753147e-01  9.632634e-02  4.150871e-01  2.095793e-01  0.000000e+00  9.171146e-02  0.000000e+00  2.716053e-03
1.061009e+04  0.000000e+00  2.465340e-01  1.469049e-01  4.551090e-01  8.381158e-03  6.298579e-01  4.011450e-02  2.625899e-01  2.540833e-03  1.484898e-01  1.159546e-01  1.612038e-01  0.000000e+00  4.122371e-05  0.000000e+00  7.995886e-02
1.190472e+04  0.000000e+00  2.821755e-04  3.083402e-04  2.219817e-01  0.000000e+00  1.795705e-01  2.152100e-05  5.515679e-03  7.348134e-05  1.360682e-01  5.156246e-01  1.016660e-01  0.000000e+00  9.956918e-03  0.000000e+00  1.828099e-02
1.335731e+04  0.000000e+00  2.525482e-02  1.624678e-01  2.835139e-01  0.000000e+00  2.718246e-01  9.543690e-05  3.165167e-02  1.886097e-03  9.575034e-02  4.151268e-02  1.043663e-02  0.000000e+00  0.000000e+00  0.000000e+00  2.393454e-02
1.498715e+04  0.000000e+00  5.183731e-02  6.773258e-04  8.706864e-03  0.000000e+00  9.970950e-02  0.000000e+00  1.879098e-01  2.599220e-03  1.279831e-02  9.964641e-05  1.891758e-01  0.000000e+00  7.900736e-05  0.000000e+00  8.062274e-02
1.681586e+04  0.000000e+00  1.567647e-03  2.601040e-05  5.493311e-03  0.000000e+00  1.917954e-01  1.523570e-05  8.254841e-03  0.000000e+00  6.036672e-04  3.603128e-04  2.940963e-04  0.000000e+00  3.262167e-02  0.000000e+00  5.473787e-02
1.886771e+04  0.000000e+00  4.935609e-03  0.000000e+00  3.146313e-02  0.000000e+00  1.295680e-01  0.000000e+00  8.905687e-02  0.000000e+00  0.000000e+00  2.021683e-02  3.194319e-02  0.000000e+00  6.748848e-02  0.000000e+00  2.938792e-02
2.116992e+04  0.000000e+00  1.210215e-05  0.000000e+00  1.542270e-02  0.000000e+00  7.231876e-05  0.000000e+00  8.957761e-03  0.000000e+00  0.000000e+00  0.000000e+00  2.796923e-02  0.000000e+00  1.170623e-01  0.000000e+00  8.957761e-03
2.375304e+04  0.000000e+00  0.000000e+00  0.000000e+00  1.078605e-05  0.000000e+00  9.087125e-03  1.545362e-04  1.049844e-03  0.000000e+00  1.639997e-03  1.105565e-02  3.682791e-05  0.000000e+00  0.000000e+00  0.000000e+00  3.888690e-02
2.665135e+04  0.000000e+00  1.377305e-04  0.000000e+00  2.915706e-02  0.000000e+00  0.000000e+00  0.000000e+00  0.000000e+00  0.000000e+00  8.161405e-05  0.000000e+00  0.000000e+00  0.000000e+00  0.000000e+00  0.000000e+00  1.377305e-04
2.990330e+04  0.000000e+00  0.000000e+00  0.000000e+00  1.981960e-03  0.000000e+00  0.000000e+00  0.000000e+00  0.000000e+00  0.000000e+00  0.000000e+00  0.000000e+00  2.815881e-03  0.000000e+00  9.615738e-03  0.000000e+00  4.389875e-03
3.355206e+04  0.000000e+00  0.000000e+00  0.000000e+00  0.000000e+00  0.000000e+00  0.000000e+00  0.000000e+00  0.000000e+00  0.000000e+00  0.000000e+00  0.000000e+00  2.225521e-05  0.000000e+00  4.906173e-02  0.000000e+00  1.296567e-04
3.764603e+04  0.000000e+00  0.000000e+00  0.000000e+00  2.696483e-04  0.000000e+00  0.000000e+00  0.000000e+00  0.000000e+00  0.000000e+00  0.000000e+00  0.000000e+00  1.574327e-03  0.000000e+00  2.696483e-04  0.000000e+00  6.805537e-06
4.223954e+04  0.000000e+00  0.000000e+00  0.000000e+00  1.434431e-04  0.000000e+00  0.000000e+00  0.000000e+00  2.419362e-02  0.000000e+00  0.000000e+00  0.000000e+00  1.653800e-03  0.000000e+00  0.000000e+00  0.000000e+00  0.000000e+00
4.739354e+04  0.000000e+00  0.000000e+00  0.000000e+00  0.000000e+00  0.000000e+00  0.000000e+00  0.000000e+00  5.405830e-06  0.000000e+00  0.000000e+00  0.000000e+00  1.332497e-04  0.000000e+00  1.250532e-03  0.000000e+00  0.000000e+00
5.317643e+04  0.000000e+00  0.000000e+00  0.000000e+00  0.000000e+00  0.000000e+00  0.000000e+00  0.000000e+00  0.000000e+00  0.000000e+00  0.000000e+00  0.000000e+00  0.000000e+00  0.000000e+00  0.000000e+00  0.000000e+00  0.000000e+00
5.966493e+04  0.000000e+00  0.000000e+00  0.000000e+00  0.000000e+00  0.000000e+00  0.000000e+00  0.000000e+00  0.000000e+00  0.000000e+00  0.000000e+00  0.000000e+00  0.000000e+00  0.000000e+00  0.000000e+00  0.000000e+00  0.000000e+00
6.694516e+04  0.000000e+00  0.000000e+00  0.000000e+00  0.000000e+00  0.000000e+00  0.000000e+00  0.000000e+00  0.000000e+00  0.000000e+00  0.000000e+00  0.000000e+00  0.000000e+00  0.000000e+00  0.000000e+00  0.000000e+00  3.763257e-04
7.511370e+04  0.000000e+00  0.000000e+00  0.000000e+00  0.000000e+00  0.000000e+00  0.000000e+00  0.000000e+00  0.000000e+00  0.000000e+00  0.000000e+00  0.000000e+00  0.000000e+00  0.000000e+00  0.000000e+00  0.000000e+00  1.033949e-02
8.427896e+04  0.000000e+00  0.000000e+00  0.000000e+00  0.000000e+00  0.000000e+00  0.000000e+00  0.000000e+00  0.000000e+00  0.000000e+00  0.000000e+00  0.000000e+00  0.000000e+00  0.000000e+00  0.000000e+00  0.000000e+00  0.000000e+00
9.456255e+04  0.000000e+00  0.000000e+00  0.000000e+00  0.000000e+00  0.000000e+00  0.000000e+00  0.000000e+00  0.000000e+00  0.000000e+00  0.000000e+00  0.000000e+00  0.000000e+00  0.000000e+00  0.000000e+00  0.000000e+00  0.000000e+00
1.061009e+05  0.000000e+00  0.000000e+00  0.000000e+00  0.000000e+00  0.000000e+00  0.000000e+00  0.000000e+00  0.000000e+00  0.000000e+00  0.000000e+00  0.000000e+00  0.000000e+00  0.000000e+00  0.000000e+00  0.000000e+00  0.000000e+00
1.190472e+05  0.000000e+00  0.000000e+00  0.000000e+00  0.000000e+00  0.000000e+00  0.000000e+00  0.000000e+00  0.000000e+00  0.000000e+00  0.000000e+00  0.000000e+00  0.000000e+00  0.000000e+00  0.000000e+00  0.000000e+00  0.000000e+00
1.335731e+05  0.000000e+00  0.000000e+00  0.000000e+00  0.000000e+00  0.000000e+00  0.000000e+00  0.000000e+00  0.000000e+00  0.000000e+00  0.000000e+00  0.000000e+00  0.000000e+00  0.000000e+00  0.000000e+00  0.000000e+00  0.000000e+00
1.498715e+05  0.000000e+00  0.000000e+00  0.000000e+00  0.000000e+00  0.000000e+00  0.000000e+00  0.000000e+00  0.000000e+00  0.000000e+00  0.000000e+00  0.000000e+00  0.000000e+00  0.000000e+00  0.000000e+00  0.000000e+00  0.000000e+00
1.681586e+05  0.000000e+00  0.000000e+00  0.000000e+00  0.000000e+00  0.000000e+00  0.000000e+00  0.000000e+00  0.000000e+00  0.000000e+00  0.000000e+00  0.000000e+00  0.000000e+00  0.000000e+00  0.000000e+00  0.000000e+00  0.000000e+00
1.886771e+05  0.000000e+00  0.000000e+00  0.000000e+00  0.000000e+00  0.000000e+00  0.000000e+00  0.000000e+00  0.000000e+00  0.000000e+00  0.000000e+00  0.000000e+00  0.000000e+00  0.000000e+00  0.000000e+00  0.000000e+00  0.000000e+00
2.116992e+05  0.000000e+00  0.000000e+00  0.000000e+00  0.000000e+00  0.000000e+00  0.000000e+00  0.000000e+00  0.000000e+00  0.000000e+00  0.000000e+00  0.000000e+00  0.000000e+00  0.000000e+00  0.000000e+00  0.000000e+00  0.000000e+00
2.375304e+05  0.000000e+00  0.000000e+00  0.000000e+00  0.000000e+00  0.000000e+00  0.000000e+00  0.000000e+00  0.000000e+00  0.000000e+00  0.000000e+00  0.000000e+00  0.000000e+00  0.000000e+00  0.000000e+00  0.000000e+00  0.000000e+00
2.665135e+05  0.000000e+00  0.000000e+00  0.000000e+00  0.000000e+00  0.000000e+00  0.000000e+00  0.000000e+00  0.000000e+00  0.000000e+00  0.000000e+00  0.000000e+00  0.000000e+00  0.000000e+00  0.000000e+00  0.000000e+00  0.000000e+00
2.990330e+05  0.000000e+00  0.000000e+00  0.000000e+00  0.000000e+00  0.000000e+00  0.000000e+00  0.000000e+00  0.000000e+00  0.000000e+00  0.000000e+00  0.000000e+00  0.000000e+00  0.000000e+00  0.000000e+00  0.000000e+00  0.000000e+00
3.355206e+05  0.000000e+00  0.000000e+00  0.000000e+00  0.000000e+00  0.000000e+00  0.000000e+00  0.000000e+00  0.000000e+00  0.000000e+00  0.000000e+00  0.000000e+00  0.000000e+00  0.000000e+00  0.000000e+00  0.000000e+00  0.000000e+00
3.764603e+05  0.000000e+00  0.000000e+00  0.000000e+00  0.000000e+00  0.000000e+00  0.000000e+00  0.000000e+00  0.000000e+00  0.000000e+00  0.000000e+00  0.000000e+00  0.000000e+00  0.000000e+00  0.000000e+00  0.000000e+00  0.000000e+00
4.223954e+05  0.000000e+00  0.000000e+00  0.000000e+00  0.000000e+00  0.000000e+00  0.000000e+00  0.000000e+00  0.000000e+00  0.000000e+00  0.000000e+00  0.000000e+00  0.000000e+00  0.000000e+00  0.000000e+00  0.000000e+00  0.000000e+00
4.739354e+05  0.000000e+00  0.000000e+00  0.000000e+00  0.000000e+00  0.000000e+00  0.000000e+00  0.000000e+00  0.000000e+00  0.000000e+00  0.000000e+00  0.000000e+00  0.000000e+00  0.000000e+00  0.000000e+00  0.000000e+00  0.000000e+00
5.317643e+05  0.000000e+00  0.000000e+00  0.000000e+00  0.000000e+00  0.000000e+00  0.000000e+00  0.000000e+00  0.000000e+00  0.000000e+00  0.000000e+00  0.000000e+00  0.000000e+00  0.000000e+00  0.000000e+00  0.000000e+00  0.000000e+00
5.966493e+05  0.000000e+00  0.000000e+00  0.000000e+00  0.000000e+00  0.000000e+00  0.000000e+00  0.000000e+00  0.000000e+00  0.000000e+00  0.000000e+00  0.000000e+00  0.000000e+00  0.000000e+00  0.000000e+00  0.000000e+00  0.000000e+00
6.694516e+05  0.000000e+00  0.000000e+00  0.000000e+00  0.000000e+00  0.000000e+00  0.000000e+00  0.000000e+00  0.000000e+00  0.000000e+00  0.000000e+00  0.000000e+00  0.000000e+00  0.000000e+00  0.000000e+00  0.000000e+00  0.000000e+00
7.511370e+05  0.000000e+00  0.000000e+00  0.000000e+00  0.000000e+00  0.000000e+00  0.000000e+00  0.000000e+00  0.000000e+00  0.000000e+00  0.000000e+00  0.000000e+00  0.000000e+00  0.000000e+00  0.000000e+00  0.000000e+00  0.000000e+00
8.427896e+05  0.000000e+00  0.000000e+00  0.000000e+00  0.000000e+00  0.000000e+00  0.000000e+00  0.000000e+00  0.000000e+00  0.000000e+00  0.000000e+00  0.000000e+00  0.000000e+00  0.000000e+00  0.000000e+00  0.000000e+00  0.000000e+00
9.456255e+05  0.000000e+00  0.000000e+00  0.000000e+00  0.000000e+00  0.000000e+00  0.000000e+00  0.000000e+00  0.000000e+00  0.000000e+00  0.000000e+00  0.000000e+00  0.000000e+00  0.000000e+00  0.000000e+00  0.000000e+00  0.000000e+00
