# dR/dEr [1/keV/kg/Myr]
# Er [keV], S, F, Ne, Cl, Na, Si, O, P, N, C, Al, Mg, Be, B, Ar, Li
1.061009e+01  1.841502e+03  1.321995e+03  0.000000e+00  0.000000e+00  4.019114e+02  0.000000e+00  1.322732e+02  0.000000e+00  0.000000e+00  0.000000e+00  0.000000e+00  0.000000e+00  4.103595e-01  0.000000e+00  0.000000e+00  0.000000e+00
1.190472e+01  7.132399e+02  9.999749e+01  0.000000e+00  0.000000e+00  2.245437e+02  0.000000e+00  0.000000e+00  0.000000e+00  0.000000e+00  0.000000e+00  0.000000e+00  0.000000e+00  0.000000e+00  0.000000e+00  0.000000e+00  0.000000e+00
1.335731e+01  1.001242e+03  2.104068e+02  0.000000e+00  0.000000e+00  0.000000e+00  0.000000e+00  0.000000e+00  0.000000e+00  0.000000e+00  0.000000e+00  0.000000e+00  0.000000e+00  0.000000e+00  0.000000e+00  0.000000e+00  0.000000e+00
1.498715e+01  2.636093e+02  2.319918e+02  0.000000e+00  0.000000e+00  1.071561e+02  0.000000e+00  4.588678e+01  0.000000e+00  0.000000e+00  0.000000e+00  0.000000e+00  0.000000e+00  0.000000e+00  0.000000e+00  0.000000e+00  0.000000e+00
1.681586e+01  6.496352e+02  2.157951e+02  9.514233e+01  0.000000e+00  1.794371e+02  4.089664e+01  0.000000e+00  0.000000e+00  0.000000e+00  0.000000e+00  0.000000e+00  0.000000e+00  0.000000e+00  0.000000e+00  0.000000e+00  0.000000e+00
1.886771e+01  4.481333e+02  2.787596e+02  0.000000e+00  0.000000e+00  8.479569e+01  0.000000e+00  0.000000e+00  0.000000e+00  0.000000e+00  0.000000e+00  0.000000e+00  0.000000e+00  0.000000e+00  0.000000e+00  0.000000e+00  0.000000e+00
2.116992e+01  4.439222e+02  3.238935e+02  0.000000e+00  0.000000e+00  9.079753e+01  0.000000e+00  4.074814e+01  0.000000e+00  0.000000e+00  0.000000e+00  4.174053e+00  0.000000e+00  0.000000e+00  0.000000e+00  0.000000e+00  0.000000e+00
2.375304e+01  8.163864e+02  1.624230e+02  5.129014e+01  0.000000e+00  1.638698e+02  0.000000e+00  6.735561e+01  0.000000e+00  0.000000e+00  0.000000e+00  0.000000e+00  0.000000e+00  0.000000e+00  0.000000e+00  0.000000e+00  0.000000e+00
2.665135e+01  7.034018e+02  2.489502e+02  3.236740e+01  2.275755e-01  5.264250e+01  0.000000e+00  0.000000e+00  2.231800e+01  0.000000e+00  0.000000e+00  0.000000e+00  0.000000e+00  0.000000e+00  0.000000e+00  0.000000e+00  0.000000e+00
2.990330e+01  7.771499e+02  3.485344e+02  4.106808e+01  0.000000e+00  2.443322e+01  0.000000e+00  5.184534e+01  0.000000e+00  0.000000e+00  0.000000e+00  8.601193e-01  0.000000e+00  8.808667e+00  0.000000e+00  0.000000e+00  0.000000e+00
3.355206e+01  1.000587e+03  2.480963e+02  3.785567e+01  0.000000e+00  8.299971e+01  0.000000e+00  6.584100e+01  0.000000e+00  0.000000e+00  0.000000e+00  7.888756e+00  0.000000e+00  6.227318e+00  0.000000e+00  0.000000e+00  0.000000e+00
3.764603e+01  1.089543e+03  1.603512e+02  1.984901e-02  2.291436e+01  8.950091e+01  0.000000e+00  2.699587e-01  0.000000e+00  0.000000e+00  0.000000e+00  0.000000e+00  0.000000e+00  3.388870e-02  0.000000e+00  0.000000e+00  0.000000e+00
4.223954e+01  1.026477e+03  5.194054e+02  3.099006e+00  0.000000e+00  2.225339e+02  0.000000e+00  3.259269e+01  0.000000e+00  0.000000e+00  0.000000e+00  1.646264e+00  0.000000e+00  7.880823e+01  0.000000e+00  0.000000e+00  0.000000e+00
4.739354e+01  1.443814e+03  5.566145e+02  1.820153e+01  4.500129e+01  6.970709e+01  0.000000e+00  6.588827e+01  0.000000e+00  0.000000e+00  0.000000e+00  0.000000e+00  0.000000e+00  3.259239e+01  0.000000e+00  0.000000e+00  0.000000e+00
5.317643e+01  1.254778e+03  3.264513e+02  4.537691e+01  0.000000e+00  1.564974e+02  0.000000e+00  8.798278e+01  0.000000e+00  0.000000e+00  0.000000e+00  1.661720e+00  0.000000e+00  0.000000e+00  0.000000e+00  0.000000e+00  0.000000e+00
5.966493e+01  1.684925e+03  5.924107e+02  5.032929e+01  2.598422e+01  9.529299e+01  0.000000e+00  6.955928e+01  0.000000e+00  0.000000e+00  0.000000e+00  3.187000e+00  0.000000e+00  6.539749e-01  0.000000e+00  0.000000e+00  0.000000e+00
6.694516e+01  1.823673e+03  4.978555e+02  8.363414e+01  0.000000e+00  2.234329e+02  0.000000e+00  2.398927e+01  0.000000e+00  8.869135e-01  0.000000e+00  1.402589e+01  0.000000e+00  2.332531e+02  0.000000e+00  0.000000e+00  0.000000e+00
7.511370e+01  1.908844e+03  6.558106e+02  6.272329e+01  2.606512e+01  1.288086e+02  0.000000e+00  5.940923e+01  0.000000e+00  0.000000e+00  0.000000e+00  1.742699e+00  0.000000e+00  7.303415e+04  0.000000e+00  0.000000e+00  0.000000e+00
8.427896e+01  2.428054e+03  7.708735e+02  4.587547e+01  5.990218e+01  1.888359e+02  0.000000e+00  9.556983e+01  0.000000e+00  0.000000e+00  0.000000e+00  0.000000e+00  0.000000e+00  8.885680e+04  0.000000e+00  0.000000e+00  0.000000e+00
9.456255e+01  2.431218e+03  6.014565e+02  5.433180e+01  3.153170e+01  1.600385e+02  0.000000e+00  3.036415e+01  0.000000e+00  6.305975e-01  0.000000e+00  2.710858e-03  0.000000e+00  6.695250e+04  0.000000e+00  0.000000e+00  0.000000e+00
1.061009e+02  2.878360e+03  7.823242e+02  4.688031e+01  1.157697e+01  2.340732e+02  0.000000e+00  5.452343e+01  0.000000e+00  0.000000e+00  1.792182e+00  1.832492e+01  0.000000e+00  5.172222e+04  0.000000e+00  0.000000e+00  0.000000e+00
1.190472e+02  3.084715e+03  9.928235e+02  1.036829e+02  1.623171e+01  2.014173e+02  0.000000e+00  2.858194e+01  0.000000e+00  5.776804e+00  7.887338e+00  4.595861e+04  0.000000e+00  3.774895e+04  0.000000e+00  7.459397e-01  0.000000e+00
1.335731e+02  3.482945e+03  1.096334e+03  7.073701e+01  5.594211e-03  2.647310e+02  0.000000e+00  3.790177e+01  0.000000e+00  0.000000e+00  0.000000e+00  3.800070e+04  0.000000e+00  2.764500e+04  0.000000e+00  0.000000e+00  0.000000e+00
1.498715e+02  8.570640e+03  1.257731e+03  5.734947e+01  1.708374e+01  1.612297e+02  0.000000e+00  5.824583e+01  0.000000e+00  9.245167e+00  3.983290e+00  2.845639e+04  0.000000e+00  2.069795e+04  0.000000e+00  0.000000e+00  0.000000e+00
1.681586e+02  1.235797e+04  1.262636e+03  7.074186e+01  1.794371e+01  1.327860e+02  1.524427e-03  8.019281e+01  0.000000e+00  2.776064e+00  0.000000e+00  2.093306e+04  0.000000e+00  1.508571e+04  0.000000e+00  0.000000e+00  0.000000e+00
1.886771e+02  7.160133e+03  1.509573e+03  5.149054e+01  1.840458e+01  2.868877e+02  8.216933e+00  7.293019e+01  5.615634e+00  5.615634e+00  0.000000e+00  1.582343e+04  0.000000e+00  1.124755e+04  0.000000e+00  0.000000e+00  0.000000e+00
2.116992e+02  3.108999e+03  1.862972e+03  6.739012e+01  4.108215e+01  1.163754e+02  5.004939e+00  6.914666e+01  0.000000e+00  0.000000e+00  1.210896e-03  1.230421e+04  0.000000e+00  7.380893e+03  0.000000e+00  3.529709e-03  0.000000e+00
2.375304e+02  2.242242e+03  9.745609e+03  1.069682e+02  3.782019e+01  1.749745e+02  2.274904e+00  7.110636e+01  8.984308e+00  0.000000e+00  2.895260e+00  9.150346e+03  0.000000e+00  5.352504e+03  0.000000e+00  7.000234e+00  0.000000e+00
2.665135e+02  1.840723e+03  8.108737e+03  1.104689e+02  2.310682e+01  2.481779e+02  4.765746e+00  5.551905e+01  0.000000e+00  3.975564e+00  1.743410e+00  6.765710e+03  0.000000e+00  3.876630e+03  0.000000e+00  0.000000e+00  0.000000e+00
2.990330e+02  1.110583e+03  1.218117e+03  6.048525e+01  2.206840e+01  1.969229e+02  8.351309e-02  1.032866e+02  1.463601e-03  4.266334e-03  1.994124e-01  5.116086e+03  0.000000e+00  2.910101e+03  0.000000e+00  0.000000e+00  0.000000e+00
3.355206e+02  9.664913e+02  1.073965e+03  7.076213e+01  2.854603e+01  2.082469e+02  3.157903e+00  7.603041e+01  3.221018e+00  2.571034e+00  2.816610e+00  3.783170e+03  1.162950e-01  1.934325e+03  0.000000e+00  0.000000e+00  1.095016e-02
3.764603e+02  6.468185e+02  7.983365e+02  8.626995e+01  2.038409e+01  2.353861e+02  4.228270e-01  5.494271e+01  0.000000e+00  3.373890e+00  0.000000e+00  2.547280e+03  0.000000e+00  1.425279e+03  0.000000e+00  0.000000e+00  0.000000e+00
4.223954e+02  4.168381e+02  6.561188e+02  5.608514e+01  2.602102e+01  1.975307e+02  2.043281e+00  8.072838e+01  5.475697e+00  2.509448e+00  2.224723e+00  1.945086e+03  0.000000e+00  8.004798e+02  0.000000e+00  1.769045e-03  0.000000e+00
4.739354e+02  3.206017e+02  5.280983e+02  7.940381e+01  4.805840e+01  1.656909e+02  2.221372e+00  7.107934e+01  4.327059e+00  1.255033e+00  0.000000e+00  1.175026e+03  0.000000e+00  5.345539e+02  1.255033e+00  0.000000e+00  0.000000e+00
5.317643e+02  2.443575e+02  3.432127e+02  8.085562e+01  2.212953e+01  1.808440e+02  5.716520e+00  6.713624e+01  5.964141e+00  5.749427e+00  2.170080e+00  9.655299e+02  0.000000e+00  4.230527e+02  4.820663e-04  3.126890e+00  0.000000e+00
5.966493e+02  2.178249e+02  2.918662e+02  8.237371e+01  3.579165e+01  1.774324e+02  4.320603e+00  6.291653e+01  6.157391e+00  3.561804e+00  4.414791e-01  7.189989e+02  0.000000e+00  2.771520e+02  0.000000e+00  2.138232e-03  0.000000e+00
6.694516e+02  1.645638e+02  2.442507e+02  1.020263e+02  5.499075e+01  1.686241e+02  4.788314e+00  8.254170e+01  4.915475e+00  4.287145e+00  1.115968e+00  4.984089e+02  0.000000e+00  1.467222e+02  0.000000e+00  0.000000e+00  0.000000e+00
7.511370e+02  1.334772e+02  1.898589e+02  7.175371e+01  4.458778e+01  1.133145e+02  1.481805e+00  6.163308e+01  6.114926e+00  3.583013e+00  7.713350e-01  3.090767e+02  0.000000e+00  1.058109e+02  0.000000e+00  0.000000e+00  0.000000e+00
8.427896e+02  8.275330e+01  1.547450e+02  5.992604e+01  5.173454e+01  1.230197e+02  3.737881e+00  6.988376e+01  2.530608e+00  1.054692e+00  9.705233e-01  1.683379e+02  0.000000e+00  5.167086e+01  0.000000e+00  1.291555e+00  0.000000e+00
9.456255e+02  7.936235e+01  1.314048e+02  7.975249e+01  3.225478e+01  1.039389e+02  4.005076e+00  7.109842e+01  7.457567e+00  0.000000e+00  3.152895e+00  1.331923e+02  6.413948e-03  4.172911e+01  0.000000e+00  0.000000e+00  0.000000e+00
1.061009e+03  7.287347e+01  9.162269e+01  7.417314e+01  5.108289e+01  8.207538e+01  5.499410e+00  6.768553e+01  5.505343e+00  6.653821e+00  4.418000e-01  9.896367e+01  0.000000e+00  1.356109e+01  6.167689e-02  3.677571e-02  0.000000e+00
1.190472e+03  4.841835e+01  7.969261e+01  6.828753e+01  5.183752e+01  6.416943e+01  4.800626e+00  4.025109e+01  6.464187e+00  2.897518e+00  9.524621e-01  6.028678e+01  0.000000e+00  1.789543e+01  0.000000e+00  0.000000e+00  0.000000e+00
1.335731e+03  4.744910e+01  6.846012e+01  5.552551e+01  4.018093e+01  5.211294e+01  2.271738e+00  5.403806e+01  2.483851e+00  4.702376e+00  7.422996e-01  3.011616e+01  0.000000e+00  5.093914e+00  8.149160e-01  0.000000e+00  0.000000e+00
1.498715e+03  3.024098e+01  5.129846e+01  4.630243e+01  4.184216e+01  3.526127e+01  6.707670e+00  4.593300e+01  7.898743e+00  6.296780e+00  1.126762e+00  1.956629e+01  6.781056e-03  9.527463e+00  0.000000e+00  0.000000e+00  1.751430e-02
1.681586e+03  1.201635e+01  4.647423e+01  3.501544e+01  3.676545e+01  4.075541e+01  3.976562e+00  3.600039e+01  5.019652e+00  4.433574e+00  2.203786e+00  1.675407e+01  0.000000e+00  6.381955e+00  4.649696e-01  0.000000e+00  2.184844e-03
1.886771e+03  1.576326e+01  2.832478e+01  3.535596e+01  4.844365e+01  3.246292e+01  3.973768e+00  3.217706e+01  5.132335e+00  3.643817e+00  2.267724e+00  8.763048e+00  5.968096e-01  6.731795e-01  2.610703e-01  1.153811e-03  0.000000e+00
2.116992e+03  1.331947e+01  2.932119e+01  2.336179e+01  2.925570e+01  1.325388e+01  3.497353e+00  2.342199e+01  4.609365e+00  1.131231e+00  1.869864e+00  3.678351e+00  2.969890e-01  1.489902e+00  3.529709e-04  0.000000e+00  3.529709e-04
2.375304e+03  4.974052e+00  1.762541e+01  2.029666e+01  4.066960e+01  1.276092e+01  5.528106e+00  2.109907e+01  4.414647e+00  2.893364e+00  6.255979e-01  5.346242e+00  1.842565e-04  0.000000e+00  3.720129e-02  0.000000e+00  8.016174e-02
2.665135e+03  5.375747e+00  1.195761e+01  1.634176e+01  3.301150e+01  6.264318e+00  4.126005e+00  1.322111e+01  7.383882e+00  1.537954e+00  3.000486e+00  2.399762e+00  7.620355e-01  5.282177e-01  9.883487e-02  0.000000e+00  3.561277e-01
2.990330e+03  9.401298e-01  8.386560e+00  1.007296e+01  2.516247e+01  5.408938e+00  4.922455e+00  9.290256e+00  4.962314e+00  9.061737e-01  7.223769e-01  1.864404e+00  7.606691e-02  0.000000e+00  8.851330e-02  0.000000e+00  4.698088e-01
3.355206e+03  9.715165e-01  9.629904e+00  8.550385e+00  2.586857e+01  1.612610e+00  5.158993e+00  6.226597e+00  3.179871e+00  1.068523e+00  1.141196e+00  2.997427e-01  4.456653e-01  3.903536e-01  7.665822e-03  0.000000e+00  2.991119e-04
3.764603e+03  3.975172e-01  3.651160e+00  6.090911e+00  1.607856e+01  1.295414e+00  3.578400e+00  3.551018e+00  2.348405e+00  5.568232e-01  1.058923e+00  6.990167e-01  2.342919e-02  6.809367e-05  3.258083e-01  0.000000e+00  1.800511e-01
4.223954e+03  1.656957e-02  2.993812e+00  2.037643e+00  1.307450e+01  4.157210e-01  1.961608e+00  3.305107e+00  2.566546e+00  8.432701e-01  6.451827e-01  5.960884e-01  6.987974e-02  0.000000e+00  3.335716e-01  0.000000e+00  9.452929e-02
4.739354e+03  2.761992e-02  1.764129e+00  3.097510e+00  1.167932e+01  5.710805e-01  2.271740e+00  6.593877e-01  1.658198e+00  3.288113e-01  3.731480e-01  3.905639e-01  1.682868e-01  4.593403e-04  3.616810e-03  0.000000e+00  1.949386e-02
5.317643e+03  3.059843e-01  1.451644e+00  1.680862e+00  7.253536e+00  2.370448e-02  1.523253e+00  1.771376e-01  3.027267e+00  1.011966e+00  4.893681e-01  9.566826e-02  2.937708e-01  0.000000e+00  1.531708e-01  0.000000e+00  3.739290e-01
5.966493e+03  5.424596e-02  6.289746e-01  6.223157e-01  3.793506e+00  2.477058e-01  2.022845e+00  1.558306e-01  9.285550e-01  3.664922e-01  8.134955e-01  4.185570e-03  1.629725e-02  0.000000e+00  3.223487e-02  0.000000e+00  7.893476e-02
6.694516e+03  6.537667e-05  4.005691e-01  5.520221e-01  2.618833e+00  1.933026e-02  2.708682e+00  2.329983e-02  5.966813e-01  3.569180e-01  6.682193e-01  2.372908e-01  5.191305e-01  0.000000e+00  2.016759e-02  0.000000e+00  5.488079e-04
7.511370e+03  6.547706e-03  2.826877e-01  6.240785e-01  1.823846e+00  1.482396e-01  1.239367e+00  1.267336e-01  3.946963e-01  1.039239e-01  3.849192e-01  4.733182e-03  6.469187e-02  0.000000e+00  1.556972e-03  0.000000e+00  3.075101e-01
8.427896e+03  2.256223e-02  1.626814e-01  3.235666e-01  2.511546e-01  2.552539e-02  1.493717e+00  3.432626e-01  9.970101e-01  1.159042e-01  7.622003e-02  2.228232e-01  1.737880e-01  0.000000e+00  8.710320e-04  0.000000e+00  3.101446e-02
9.456255e+03  0.000000e+00  5.089837e-02  3.161909e-01  7.933168e-01  3.772775e-02  1.032321e+00  7.902033e-05  3.221462e-01  1.761859e-01  9.678096e-02  4.179968e-01  2.106084e-01  0.000000e+00  9.215154e-02  0.000000e+00  2.719936e-03
1.061009e+04  0.000000e+00  2.482446e-01  1.484066e-01  4.583605e-01  8.398758e-03  6.345872e-01  4.021928e-02  2.644561e-01  2.544387e-03  1.494825e-01  1.163688e-01  1.620699e-01  0.000000e+00  4.124989e-05  0.000000e+00  8.034471e-02
1.190472e+04  0.000000e+00  2.823987e-04  3.086174e-04  2.235836e-01  0.000000e+00  1.807740e-01  2.153311e-05  5.523081e-03  7.352801e-05  1.367039e-01  5.204590e-01  1.023588e-01  0.000000e+00  9.974962e-03  0.000000e+00  1.831955e-02
1.335731e+04  0.000000e+00  2.531552e-02  1.638112e-01  2.852473e-01  0.000000e+00  2.746276e-01  9.551133e-05  3.175217e-02  1.888817e-03  9.611742e-02  4.163588e-02  1.046139e-02  0.000000e+00  0.000000e+00  0.000000e+00  2.400092e-02
1.498715e+04  0.000000e+00  5.210243e-02  6.781056e-04  8.723152e-03  0.000000e+00  1.003071e-01  0.000000e+00  1.894474e-01  2.603521e-03  1.283293e-02  9.971692e-05  1.911087e-01  0.000000e+00  7.906115e-05  0.000000e+00  8.109137e-02
1.681586e+04  0.000000e+00  1.569407e-03  2.602692e-05  5.504585e-03  0.000000e+00  1.930424e-01  1.524427e-05  8.274495e-03  0.000000e+00  6.043622e-04  3.606828e-04  2.943517e-04  0.000000e+00  3.272023e-02  0.000000e+00  5.499411e-02
1.886771e+04  0.000000e+00  4.945706e-03  0.000000e+00  3.160622e-02  0.000000e+00  1.304948e-01  0.000000e+00  8.956131e-02  0.000000e+00  0.000000e+00  2.027174e-02  3.208685e-02  0.000000e+00  6.787704e-02  0.000000e+00  2.946283e-02
2.116992e+04  0.000000e+00  1.210896e-05  0.000000e+00  1.546538e-02  0.000000e+00  7.237253e-05  0.000000e+00  8.982187e-03  0.000000e+00  0.000000e+00  0.000000e+00  2.809670e-02  0.000000e+00  1.178546e-01  0.000000e+00  8.982187e-03
2.375304e+04  0.000000e+00  0.000000e+00  0.000000e+00  1.079212e-05  0.000000e+00  9.110460e-03  1.546751e-04  1.051368e-03  0.000000e+00  1.642711e-03  1.108945e-02  3.685130e-05  0.000000e+00  0.000000e+00  0.000000e+00  3.906851e-02
2.665135e+04  0.000000e+00  1.378543e-04  0.000000e+00  2.930615e-02  0.000000e+00  0.000000e+00  0.000000e+00  0.000000e+00  0.000000e+00  8.168353e-05  0.000000e+00  0.000000e+00  0.000000e+00  0.000000e+00  0.000000e+00  1.378543e-04
2.990330e+04  0.000000e+00  0.000000e+00  0.000000e+00  1.985552e-03  0.000000e+00  0.000000e+00  0.000000e+00  0.000000e+00  0.000000e+00  0.000000e+00  0.000000e+00  2.820683e-03  0.000000e+00  9.643798e-03  0.000000e+00  4.400671e-03
3.355206e+04  0.000000e+00  0.000000e+00  0.000000e+00  0.000000e+00  0.000000e+00  0.000000e+00  0.000000e+00  0.000000e+00  0.000000e+00  0.000000e+00  0.000000e+00  2.227096e-05  0.000000e+00  4.955786e-02  0.000000e+00  1.297671e-04
3.764603e+04  0.000000e+00  0.000000e+00  0.000000e+00  2.699587e-04  0.000000e+00  0.000000e+00  0.000000e+00  0.000000e+00  0.000000e+00  0.000000e+00  0.000000e+00  1.577180e-03  0.000000e+00  2.699587e-04  0.000000e+00  6.809367e-06
4.223954e+04  0.000000e+00  0.000000e+00  0.000000e+00  1.435904e-04  0.000000e+00  0.000000e+00  0.000000e+00  2.432152e-02  0.000000e+00  0.000000e+00  0.000000e+00  1.656626e-03  0.000000e+00  0.000000e+00  0.000000e+00  0.000000e+00
4.739354e+04  0.000000e+00  0.000000e+00  0.000000e+00  0.000000e+00  0.000000e+00  0.000000e+00  0.000000e+00  5.408873e-06  0.000000e+00  0.000000e+00  0.000000e+00  1.333840e-04  0.000000e+00  1.252799e-03  0.000000e+00  0.000000e+00
5.317643e+04  0.000000e+00  0.000000e+00  0.000000e+00  0.000000e+00  0.000000e+00  0.000000e+00  0.000000e+00  0.000000e+00  0.000000e+00  0.000000e+00  0.000000e+00  0.000000e+00  0.000000e+00  0.000000e+00  0.000000e+00  0.000000e+00
5.966493e+04  0.000000e+00  0.000000e+00  0.000000e+00  0.000000e+00  0.000000e+00  0.000000e+00  0.000000e+00  0.000000e+00  0.000000e+00  0.000000e+00  0.000000e+00  0.000000e+00  0.000000e+00  0.000000e+00  0.000000e+00  0.000000e+00
6.694516e+04  0.000000e+00  0.000000e+00  0.000000e+00  0.000000e+00  0.000000e+00  0.000000e+00  0.000000e+00  0.000000e+00  0.000000e+00  0.000000e+00  0.000000e+00  0.000000e+00  0.000000e+00  0.000000e+00  0.000000e+00  3.768685e-04
7.511370e+04  0.000000e+00  0.000000e+00  0.000000e+00  0.000000e+00  0.000000e+00  0.000000e+00  0.000000e+00  0.000000e+00  0.000000e+00  0.000000e+00  0.000000e+00  0.000000e+00  0.000000e+00  0.000000e+00  0.000000e+00  1.039239e-02
8.427896e+04  0.000000e+00  0.000000e+00  0.000000e+00  0.000000e+00  0.000000e+00  0.000000e+00  0.000000e+00  0.000000e+00  0.000000e+00  0.000000e+00  0.000000e+00  0.000000e+00  0.000000e+00  0.000000e+00  0.000000e+00  0.000000e+00
9.456255e+04  0.000000e+00  0.000000e+00  0.000000e+00  0.000000e+00  0.000000e+00  0.000000e+00  0.000000e+00  0.000000e+00  0.000000e+00  0.000000e+00  0.000000e+00  0.000000e+00  0.000000e+00  0.000000e+00  0.000000e+00  0.000000e+00
1.061009e+05  0.000000e+00  0.000000e+00  0.000000e+00  0.000000e+00  0.000000e+00  0.000000e+00  0.000000e+00  0.000000e+00  0.000000e+00  0.000000e+00  0.000000e+00  0.000000e+00  0.000000e+00  0.000000e+00  0.000000e+00  0.000000e+00
1.190472e+05  0.000000e+00  0.000000e+00  0.000000e+00  0.000000e+00  0.000000e+00  0.000000e+00  0.000000e+00  0.000000e+00  0.000000e+00  0.000000e+00  0.000000e+00  0.000000e+00  0.000000e+00  0.000000e+00  0.000000e+00  0.000000e+00
1.335731e+05  0.000000e+00  0.000000e+00  0.000000e+00  0.000000e+00  0.000000e+00  0.000000e+00  0.000000e+00  0.000000e+00  0.000000e+00  0.000000e+00  0.000000e+00  0.000000e+00  0.000000e+00  0.000000e+00  0.000000e+00  0.000000e+00
1.498715e+05  0.000000e+00  0.000000e+00  0.000000e+00  0.000000e+00  0.000000e+00  0.000000e+00  0.000000e+00  0.000000e+00  0.000000e+00  0.000000e+00  0.000000e+00  0.000000e+00  0.000000e+00  0.000000e+00  0.000000e+00  0.000000e+00
1.681586e+05  0.000000e+00  0.000000e+00  0.000000e+00  0.000000e+00  0.000000e+00  0.000000e+00  0.000000e+00  0.000000e+00  0.000000e+00  0.000000e+00  0.000000e+00  0.000000e+00  0.000000e+00  0.000000e+00  0.000000e+00  0.000000e+00
1.886771e+05  0.000000e+00  0.000000e+00  0.000000e+00  0.000000e+00  0.000000e+00  0.000000e+00  0.000000e+00  0.000000e+00  0.000000e+00  0.000000e+00  0.000000e+00  0.000000e+00  0.000000e+00  0.000000e+00  0.000000e+00  0.000000e+00
2.116992e+05  0.000000e+00  0.000000e+00  0.000000e+00  0.000000e+00  0.000000e+00  0.000000e+00  0.000000e+00  0.000000e+00  0.000000e+00  0.000000e+00  0.000000e+00  0.000000e+00  0.000000e+00  0.000000e+00  0.000000e+00  0.000000e+00
2.375304e+05  0.000000e+00  0.000000e+00  0.000000e+00  0.000000e+00  0.000000e+00  0.000000e+00  0.000000e+00  0.000000e+00  0.000000e+00  0.000000e+00  0.000000e+00  0.000000e+00  0.000000e+00  0.000000e+00  0.000000e+00  0.000000e+00
2.665135e+05  0.000000e+00  0.000000e+00  0.000000e+00  0.000000e+00  0.000000e+00  0.000000e+00  0.000000e+00  0.000000e+00  0.000000e+00  0.000000e+00  0.000000e+00  0.000000e+00  0.000000e+00  0.000000e+00  0.000000e+00  0.000000e+00
2.990330e+05  0.000000e+00  0.000000e+00  0.000000e+00  0.000000e+00  0.000000e+00  0.000000e+00  0.000000e+00  0.000000e+00  0.000000e+00  0.000000e+00  0.000000e+00  0.000000e+00  0.000000e+00  0.000000e+00  0.000000e+00  0.000000e+00
3.355206e+05  0.000000e+00  0.000000e+00  0.000000e+00  0.000000e+00  0.000000e+00  0.000000e+00  0.000000e+00  0.000000e+00  0.000000e+00  0.000000e+00  0.000000e+00  0.000000e+00  0.000000e+00  0.000000e+00  0.000000e+00  0.000000e+00
3.764603e+05  0.000000e+00  0.000000e+00  0.000000e+00  0.000000e+00  0.000000e+00  0.000000e+00  0.000000e+00  0.000000e+00  0.000000e+00  0.000000e+00  0.000000e+00  0.000000e+00  0.000000e+00  0.000000e+00  0.000000e+00  0.000000e+00
4.223954e+05  0.000000e+00  0.000000e+00  0.000000e+00  0.000000e+00  0.000000e+00  0.000000e+00  0.000000e+00  0.000000e+00  0.000000e+00  0.000000e+00  0.000000e+00  0.000000e+00  0.000000e+00  0.000000e+00  0.000000e+00  0.000000e+00
4.739354e+05  0.000000e+00  0.000000e+00  0.000000e+00  0.000000e+00  0.000000e+00  0.000000e+00  0.000000e+00  0.000000e+00  0.000000e+00  0.000000e+00  0.000000e+00  0.000000e+00  0.000000e+00  0.000000e+00  0.000000e+00  0.000000e+00
5.317643e+05  0.000000e+00  0.000000e+00  0.000000e+00  0.000000e+00  0.000000e+00  0.000000e+00  0.000000e+00  0.000000e+00  0.000000e+00  0.000000e+00  0.000000e+00  0.000000e+00  0.000000e+00  0.000000e+00  0.000000e+00  0.000000e+00
5.966493e+05  0.000000e+00  0.000000e+00  0.000000e+00  0.000000e+00  0.000000e+00  0.000000e+00  0.000000e+00  0.000000e+00  0.000000e+00  0.000000e+00  0.000000e+00  0.000000e+00  0.000000e+00  0.000000e+00  0.000000e+00  0.000000e+00
6.694516e+05  0.000000e+00  0.000000e+00  0.000000e+00  0.000000e+00  0.000000e+00  0.000000e+00  0.000000e+00  0.000000e+00  0.000000e+00  0.000000e+00  0.000000e+00  0.000000e+00  0.000000e+00  0.000000e+00  0.000000e+00  0.000000e+00
7.511370e+05  0.000000e+00  0.000000e+00  0.000000e+00  0.000000e+00  0.000000e+00  0.000000e+00  0.000000e+00  0.000000e+00  0.000000e+00  0.000000e+00  0.000000e+00  0.000000e+00  0.000000e+00  0.000000e+00  0.000000e+00  0.000000e+00
8.427896e+05  0.000000e+00  0.000000e+00  0.000000e+00  0.000000e+00  0.000000e+00  0.000000e+00  0.000000e+00  0.000000e+00  0.000000e+00  0.000000e+00  0.000000e+00  0.000000e+00  0.000000e+00  0.000000e+00  0.000000e+00  0.000000e+00
9.456255e+05  0.000000e+00  0.000000e+00  0.000000e+00  0.000000e+00  0.000000e+00  0.000000e+00  0.000000e+00  0.000000e+00  0.000000e+00  0.000000e+00  0.000000e+00  0.000000e+00  0.000000e+00  0.000000e+00  0.000000e+00  0.000000e+00
