# dR/dEr [1/keV/kg/Myr]
# Er [keV], S, F, Ne, Cl, Na, Si, O, P, N, C, Al, Mg, Be, B, Ar, Li
1.061009e+01  1.142481e+04  8.132152e+03  0.000000e+00  0.000000e+00  2.256971e+03  0.000000e+00  8.795909e+02  0.000000e+00  0.000000e+00  0.000000e+00  0.000000e+00  0.000000e+00  4.552181e-01  0.000000e+00  0.000000e+00  0.000000e+00
1.190472e+01  4.463099e+03  5.498944e+02  0.000000e+00  0.000000e+00  1.378987e+03  0.000000e+00  0.000000e+00  0.000000e+00  0.000000e+00  0.000000e+00  0.000000e+00  0.000000e+00  0.000000e+00  0.000000e+00  0.000000e+00  0.000000e+00
1.335731e+01  5.863193e+03  1.302236e+03  0.000000e+00  0.000000e+00  0.000000e+00  0.000000e+00  0.000000e+00  0.000000e+00  0.000000e+00  0.000000e+00  0.000000e+00  0.000000e+00  0.000000e+00  0.000000e+00  0.000000e+00  0.000000e+00
1.498715e+01  1.659064e+03  1.375117e+03  0.000000e+00  0.000000e+00  6.791668e+02  0.000000e+00  3.105891e+02  0.000000e+00  0.000000e+00  0.000000e+00  0.000000e+00  0.000000e+00  0.000000e+00  0.000000e+00  0.000000e+00  0.000000e+00
1.681586e+01  4.030112e+03  9.951232e+02  6.048990e+02  0.000000e+00  1.076777e+03  2.768128e+02  0.000000e+00  0.000000e+00  0.000000e+00  0.000000e+00  0.000000e+00  0.000000e+00  0.000000e+00  0.000000e+00  0.000000e+00  0.000000e+00
1.886771e+01  2.824313e+03  1.474462e+03  0.000000e+00  0.000000e+00  5.391168e+02  0.000000e+00  0.000000e+00  0.000000e+00  0.000000e+00  0.000000e+00  0.000000e+00  0.000000e+00  0.000000e+00  0.000000e+00  0.000000e+00  0.000000e+00
2.116992e+01  2.706085e+03  1.834771e+03  0.000000e+00  0.000000e+00  5.619105e+02  0.000000e+00  2.611198e+02  0.000000e+00  0.000000e+00  0.000000e+00  5.445937e+00  0.000000e+00  0.000000e+00  0.000000e+00  0.000000e+00  0.000000e+00
2.375304e+01  4.932001e+03  9.964212e+02  1.342436e+02  0.000000e+00  9.383180e+02  0.000000e+00  4.282357e+02  0.000000e+00  0.000000e+00  0.000000e+00  0.000000e+00  0.000000e+00  0.000000e+00  0.000000e+00  0.000000e+00  0.000000e+00
2.665135e+01  4.330682e+03  1.209490e+03  2.074148e+02  2.581001e-01  3.501537e+02  0.000000e+00  0.000000e+00  4.062137e+01  0.000000e+00  0.000000e+00  0.000000e+00  0.000000e+00  0.000000e+00  0.000000e+00  0.000000e+00  0.000000e+00
2.990330e+01  4.539358e+03  1.991761e+03  2.828795e+02  0.000000e+00  1.356778e+02  0.000000e+00  3.405219e+02  0.000000e+00  0.000000e+00  0.000000e+00  1.026407e+00  0.000000e+00  1.299056e+01  0.000000e+00  0.000000e+00  0.000000e+00
3.355206e+01  6.149581e+03  1.507251e+03  2.111459e+02  0.000000e+00  5.192970e+02  0.000000e+00  2.710401e+02  0.000000e+00  0.000000e+00  0.000000e+00  1.161966e+01  0.000000e+00  8.173766e+00  0.000000e+00  0.000000e+00  0.000000e+00
3.764603e+01  6.590283e+03  9.141965e+02  2.163069e-02  1.468384e+02  4.546768e+02  0.000000e+00  3.107009e-01  0.000000e+00  0.000000e+00  0.000000e+00  0.000000e+00  0.000000e+00  3.726311e-02  0.000000e+00  0.000000e+00  0.000000e+00
4.223954e+01  6.351607e+03  3.205653e+03  4.228831e+00  0.000000e+00  1.234871e+03  0.000000e+00  2.204355e+02  0.000000e+00  0.000000e+00  0.000000e+00  2.038455e+00  0.000000e+00  1.889202e+02  0.000000e+00  0.000000e+00  0.000000e+00
4.739354e+01  8.937172e+03  3.388179e+03  1.166379e+02  2.661178e+02  4.475751e+02  0.000000e+00  4.290089e+02  0.000000e+00  0.000000e+00  0.000000e+00  0.000000e+00  0.000000e+00  1.112298e+02  0.000000e+00  0.000000e+00  0.000000e+00
5.317643e+01  7.784080e+03  2.031588e+03  2.954432e+02  0.000000e+00  9.540933e+02  0.000000e+00  5.748894e+02  0.000000e+00  0.000000e+00  0.000000e+00  2.168067e+00  0.000000e+00  0.000000e+00  0.000000e+00  0.000000e+00  0.000000e+00
5.966493e+01  1.027343e+04  3.693735e+03  3.268916e+02  1.706652e+02  5.507629e+02  0.000000e+00  3.863130e+02  0.000000e+00  0.000000e+00  0.000000e+00  4.478554e+00  0.000000e+00  8.013317e-01  0.000000e+00  0.000000e+00  0.000000e+00
6.694516e+01  1.118746e+04  3.047208e+03  5.363923e+02  0.000000e+00  1.336096e+03  0.000000e+00  1.520465e+02  0.000000e+00  1.111458e+00  0.000000e+00  3.001822e+01  0.000000e+00  8.376650e+02  0.000000e+00  0.000000e+00  0.000000e+00
7.511370e+01  1.164704e+04  3.869117e+03  3.641153e+02  1.562861e+02  7.379030e+02  0.000000e+00  3.469987e+02  0.000000e+00  0.000000e+00  0.000000e+00  2.378046e+00  0.000000e+00  2.709641e+05  0.000000e+00  0.000000e+00  0.000000e+00
8.427896e+01  1.475582e+04  4.693028e+03  2.818970e+02  3.567452e+02  1.136094e+03  0.000000e+00  5.378649e+02  0.000000e+00  0.000000e+00  0.000000e+00  0.000000e+00  0.000000e+00  3.280093e+05  0.000000e+00  0.000000e+00  0.000000e+00
9.456255e+01  1.493381e+04  3.753398e+03  3.077100e+02  1.931347e+02  9.971912e+02  0.000000e+00  1.825002e+02  0.000000e+00  7.897538e-01  0.000000e+00  2.901704e-03  0.000000e+00  2.458096e+05  0.000000e+00  0.000000e+00  0.000000e+00
1.061009e+02  1.771393e+04  4.763715e+03  2.972395e+02  7.972885e+01  1.374284e+03  0.000000e+00  3.595617e+02  0.000000e+00  0.000000e+00  2.518476e+00  7.880616e+01  0.000000e+00  1.912748e+05  0.000000e+00  0.000000e+00  0.000000e+00
1.190472e+02  1.885565e+04  6.064087e+03  6.069373e+02  1.000216e+02  1.152854e+03  0.000000e+00  1.498344e+02  0.000000e+00  3.910084e+01  1.688048e+01  1.710088e+05  0.000000e+00  1.394096e+05  0.000000e+00  9.724104e-01  0.000000e+00
1.335731e+02  2.142294e+04  6.786210e+03  4.332222e+02  6.096358e-03  1.593342e+03  0.000000e+00  2.085528e+02  0.000000e+00  0.000000e+00  0.000000e+00  1.396348e+05  0.000000e+00  1.019073e+05  0.000000e+00  0.000000e+00  0.000000e+00
1.498715e+02  5.296936e+04  7.752576e+03  3.606411e+02  1.013341e+02  9.746253e+02  0.000000e+00  3.260770e+02  0.000000e+00  6.219585e+01  7.239728e+00  1.047678e+05  0.000000e+00  7.672524e+04  0.000000e+00  0.000000e+00  0.000000e+00
1.681586e+02  7.665548e+04  7.707298e+03  4.227251e+02  1.076777e+02  8.187998e+02  1.631748e-03  4.389221e+02  0.000000e+00  4.668737e+00  0.000000e+00  7.733727e+04  0.000000e+00  5.494348e+04  0.000000e+00  0.000000e+00  0.000000e+00
1.886771e+02  4.426110e+04  9.296613e+03  3.032674e+02  1.170165e+02  1.689904e+03  5.396908e+01  4.052608e+02  3.374927e+01  3.374927e+01  0.000000e+00  5.910358e+04  0.000000e+00  4.162575e+04  0.000000e+00  0.000000e+00  0.000000e+00
2.116992e+02  1.923479e+04  1.143889e+04  3.932397e+02  2.373830e+02  7.056326e+02  3.007907e+01  4.230614e+02  0.000000e+00  0.000000e+00  1.296144e-03  4.480157e+04  0.000000e+00  2.647862e+04  0.000000e+00  3.846542e-03  0.000000e+00
2.375304e+02  1.382165e+04  6.054632e+04  6.574973e+02  2.408574e+02  1.044383e+03  1.601557e+01  4.258823e+02  5.310338e+01  0.000000e+00  1.959684e+01  3.328511e+04  0.000000e+00  1.909670e+04  0.000000e+00  3.257805e+01  0.000000e+00
2.665135e+02  1.130990e+04  5.020231e+04  6.720826e+02  1.304726e+02  1.452212e+03  2.658170e+01  3.193353e+02  0.000000e+00  2.389265e+01  2.936712e+00  2.502107e+04  0.000000e+00  1.450989e+04  0.000000e+00  0.000000e+00  0.000000e+00
2.990330e+02  6.768233e+03  7.520355e+03  3.729465e+02  1.343507e+02  1.182247e+03  9.991758e-02  5.900706e+02  1.580745e-03  4.691147e-03  2.497421e-01  1.903057e+04  0.000000e+00  1.081000e+04  0.000000e+00  0.000000e+00  0.000000e+00
3.355206e+02  5.830461e+03  6.530770e+03  4.446659e+02  1.669567e+02  1.245052e+03  1.897861e+01  4.290203e+02  2.267631e+01  1.647554e+01  6.009923e+00  1.380662e+04  1.424992e-01  6.837386e+03  0.000000e+00  0.000000e+00  1.221788e-02
3.764603e+02  3.924188e+03  4.886288e+03  5.200966e+02  9.443384e+01  1.422043e+03  5.386923e-01  3.219508e+02  0.000000e+00  1.881840e+01  0.000000e+00  9.734602e+03  0.000000e+00  4.995244e+03  0.000000e+00  0.000000e+00  0.000000e+00
4.223954e+02  2.528308e+03  3.948353e+03  3.389823e+02  1.600622e+02  1.167300e+03  1.308811e+01  4.892493e+02  3.079281e+01  1.507636e+01  4.759494e+00  7.254866e+03  0.000000e+00  2.962290e+03  0.000000e+00  1.927838e-03  0.000000e+00
4.739354e+02  1.896612e+03  3.159464e+03  4.905446e+02  3.005360e+02  9.848247e+02  1.222761e+01  4.148055e+02  1.816537e+01  2.284307e+00  0.000000e+00  4.291342e+03  0.000000e+00  2.061065e+03  2.284307e+00  0.000000e+00  0.000000e+00
5.317643e+02  1.427241e+03  2.078908e+03  4.778655e+02  1.322898e+02  1.090022e+03  3.638642e+01  4.181598e+02  2.933395e+01  3.155984e+01  1.220444e+01  3.464120e+03  0.000000e+00  1.618314e+03  5.160041e-04  1.455208e+01  0.000000e+00
5.966493e+02  1.274334e+03  1.708125e+03  4.907999e+02  1.998354e+02  1.086470e+03  2.049660e+01  3.677027e+02  3.594896e+01  2.135644e+01  6.510704e-01  2.707117e+03  0.000000e+00  1.025560e+03  0.000000e+00  2.351143e-03  0.000000e+00
6.694516e+02  9.527009e+02  1.413508e+03  6.095353e+02  3.289691e+02  1.019471e+03  2.520055e+01  4.997675e+02  2.758659e+01  2.577674e+01  7.064369e+00  1.809269e+03  0.000000e+00  4.877744e+02  0.000000e+00  0.000000e+00  0.000000e+00
7.511370e+02  7.531929e+02  1.100181e+03  4.440146e+02  2.665517e+02  6.831216e+02  1.017983e+01  3.802888e+02  3.770287e+01  1.696125e+01  5.128220e+00  1.095219e+03  0.000000e+00  3.840812e+02  0.000000e+00  0.000000e+00  0.000000e+00
8.427896e+02  4.756050e+02  8.866762e+02  3.595896e+02  3.130515e+02  7.282754e+02  2.415149e+01  4.214914e+02  1.496490e+01  6.596148e+00  1.528378e+00  6.264201e+02  0.000000e+00  2.016467e+02  0.000000e+00  3.043577e+00  0.000000e+00
9.456255e+02  4.451561e+02  7.701784e+02  4.716235e+02  1.843240e+02  6.357085e+02  2.095758e+01  4.173454e+02  4.510230e+01  0.000000e+00  1.848645e+01  4.621881e+02  7.274250e-03  1.570994e+02  0.000000e+00  0.000000e+00  0.000000e+00
1.061009e+03  4.044286e+02  5.241296e+02  4.325920e+02  3.026256e+02  4.926501e+02  2.860851e+01  4.103919e+02  3.353244e+01  3.329557e+01  7.419779e-01  3.732376e+02  0.000000e+00  3.869527e+01  7.661145e-02  4.506219e-02  0.000000e+00
1.190472e+03  2.724335e+02  4.638805e+02  4.015627e+02  3.120627e+02  4.017395e+02  2.277197e+01  2.421745e+02  4.154617e+01  1.773101e+01  1.468424e+00  2.244396e+02  0.000000e+00  6.327744e+01  0.000000e+00  0.000000e+00  0.000000e+00
1.335731e+03  2.571617e+02  3.960333e+02  3.279627e+02  2.427990e+02  3.202125e+02  1.378804e+01  3.315498e+02  1.286595e+01  2.702985e+01  4.261795e+00  1.059608e+02  0.000000e+00  1.702551e+01  1.920367e+00  0.000000e+00  0.000000e+00
1.498715e+03  1.689386e+02  3.022803e+02  2.808432e+02  2.423365e+02  2.123627e+02  3.410225e+01  2.706571e+02  3.919420e+01  2.996870e+01  6.077435e+00  8.052016e+01  7.804453e-03  3.594587e+01  0.000000e+00  0.000000e+00  2.087218e-02
1.681586e+03  6.470028e+01  2.531979e+02  2.051946e+02  2.191964e+02  2.388818e+02  2.376834e+01  2.204342e+02  2.735504e+01  2.364553e+01  7.126336e+00  5.466964e+01  0.000000e+00  3.131398e+01  9.076167e-01  0.000000e+00  2.437787e-03
1.886771e+03  7.586508e+01  1.573928e+02  2.072988e+02  2.914875e+02  1.928963e+02  2.043475e+01  2.004355e+02  2.830883e+01  1.836816e+01  9.006887e+00  3.112114e+01  3.135698e+00  3.754765e+00  3.728512e-01  1.279940e-03  0.000000e+00
2.116992e+03  7.299591e+01  1.617733e+02  1.340767e+02  1.796481e+02  7.847787e+01  1.614404e+01  1.408679e+02  2.550725e+01  7.338902e+00  7.346690e+00  9.486507e+00  1.851436e+00  4.006512e+00  3.846542e-04  0.000000e+00  3.846542e-04
2.375304e+03  2.839510e+01  9.720123e+01  1.163600e+02  2.358866e+02  7.292297e+01  2.533864e+01  1.253823e+02  2.383148e+01  1.731923e+01  3.107359e+00  2.223683e+01  1.990040e-04  0.000000e+00  4.853697e-02  0.000000e+00  1.126117e-01
2.665135e+03  2.547982e+01  6.143326e+01  9.419582e+01  1.863245e+02  3.692016e+01  2.259282e+01  7.886206e+01  3.972519e+01  6.368120e+00  1.197403e+01  6.511914e+00  1.717920e+00  1.708687e+00  1.457565e-01  0.000000e+00  7.584123e-01
2.990330e+03  3.441646e+00  4.068288e+01  5.543659e+01  1.409726e+02  2.974656e+01  2.585245e+01  5.485990e+01  3.043773e+01  2.231943e+00  2.329085e+00  4.348781e+00  1.040697e-01  0.000000e+00  1.303747e-01  0.000000e+00  9.342280e-01
3.355206e+03  3.912085e+00  4.514617e+01  3.935387e+01  1.474533e+02  8.218398e+00  2.837468e+01  3.798997e+01  1.928185e+01  4.691864e+00  4.880696e+00  4.937436e-01  1.394807e+00  1.146887e+00  9.147864e-03  0.000000e+00  3.244815e-04
3.764603e+03  1.964106e+00  1.815288e+01  2.878283e+01  9.348332e+01  4.348111e+00  1.748787e+01  2.031449e+01  1.359542e+01  2.745209e+00  3.499391e+00  1.706422e+00  2.850751e-02  7.288752e-05  8.494884e-01  0.000000e+00  2.798849e-01
4.223954e+03  2.043824e-02  1.610098e+01  9.044964e+00  7.708188e+01  8.842818e-01  9.658140e+00  2.075942e+01  1.358670e+01  3.001475e+00  2.218671e+00  1.316488e+00  1.006338e-01  0.000000e+00  9.412609e-01  0.000000e+00  1.317374e-01
4.739354e+03  3.768949e-02  8.374613e+00  1.431923e+01  6.682678e+01  1.654776e+00  1.234421e+01  3.087734e+00  7.100658e+00  7.746065e-01  1.208003e+00  7.318294e-01  3.259185e-01  5.095532e-04  4.221803e-03  0.000000e+00  2.362507e-02
5.317643e+03  1.253355e+00  5.311344e+00  7.108586e+00  4.092892e+01  3.002664e-02  8.124252e+00  3.785234e-01  1.443150e+01  4.269719e+00  1.462524e+00  1.307742e-01  8.983134e-01  0.000000e+00  2.589495e-01  0.000000e+00  1.442981e+00
5.966493e+03  7.773626e-02  2.657288e+00  1.274479e+00  1.823747e+01  8.688996e-01  1.017974e+01  7.288555e-01  3.082830e+00  1.454317e+00  2.512437e+00  5.007741e-03  2.099202e-02  0.000000e+00  4.519029e-02  0.000000e+00  1.323770e-01
6.694516e+03  7.060928e-05  1.389106e+00  1.873325e+00  1.179275e+01  2.469463e-02  1.279040e+01  2.972440e-02  3.137212e+00  7.663370e-01  2.161690e+00  4.064166e-01  2.276993e+00  0.000000e+00  2.736507e-02  0.000000e+00  6.123445e-04
7.511370e+03  7.922397e-03  5.880686e-01  1.926576e+00  1.051657e+01  3.454727e-01  5.768749e+00  2.183386e-01  1.751776e+00  2.030033e-01  1.149292e+00  5.540072e-03  9.767846e-02  0.000000e+00  1.780481e-03  0.000000e+00  7.160333e-01
8.427896e+03  3.170574e-02  2.607909e-01  1.175147e+00  8.903943e-01  3.525094e-02  5.806619e+00  1.298113e+00  2.754329e+00  2.134488e-01  1.203553e-01  4.768863e-01  3.399096e-01  0.000000e+00  9.826324e-04  0.000000e+00  4.171188e-02
9.456255e+03  0.000000e+00  8.478213e-02  1.013919e+00  2.808499e+00  5.890466e-02  4.493381e+00  8.611334e-05  1.271191e+00  3.460468e-01  1.805743e-01  1.185137e+00  4.107611e-01  0.000000e+00  1.737276e-01  0.000000e+00  3.245785e-03
1.061009e+04  0.000000e+00  6.759456e-01  7.258645e-01  1.398852e+00  1.094282e-02  2.179819e+00  5.614774e-02  7.528874e-01  3.025023e-03  5.245398e-01  1.854756e-01  3.331175e-01  0.000000e+00  4.455144e-05  0.000000e+00  1.520668e-01
1.190472e+04  0.000000e+00  3.109656e-04  3.443466e-04  7.709632e-01  0.000000e+00  5.207522e-01  2.304906e-05  6.519607e-03  7.941303e-05  2.596622e-01  2.162470e+00  2.678742e-01  0.000000e+00  1.250038e-02  0.000000e+00  2.388808e-02
1.335731e+04  0.000000e+00  3.422722e-02  6.003110e-01  6.948414e-01  0.000000e+00  1.435172e+00  1.050217e-04  4.796667e-02  2.257418e-03  1.587107e-01  6.076297e-02  1.411466e-02  0.000000e+00  0.000000e+00  0.000000e+00  3.420963e-02
1.498715e+04  0.000000e+00  1.017610e-01  7.804453e-04  1.103957e-02  0.000000e+00  2.387627e-01  0.000000e+00  7.131666e-01  3.190159e-03  1.799058e-02  1.086677e-04  9.204910e-01  0.000000e+00  8.587385e-05  0.000000e+00  1.815561e-01
1.681586e+04  0.000000e+00  1.800206e-03  2.811006e-05  7.131487e-03  0.000000e+00  5.000043e-01  1.631748e-05  1.117502e-02  0.000000e+00  6.955726e-04  4.090611e-04  3.272005e-04  0.000000e+00  4.838002e-02  0.000000e+00  1.021912e-01
1.886771e+04  0.000000e+00  6.402060e-03  0.000000e+00  5.746810e-02  0.000000e+00  3.842659e-01  0.000000e+00  1.937204e-01  0.000000e+00  0.000000e+00  2.845286e-02  5.802419e-02  0.000000e+00  1.502315e-01  0.000000e+00  4.056328e-02
2.116992e+04  0.000000e+00  1.296144e-05  0.000000e+00  2.201949e-02  0.000000e+00  7.922565e-05  0.000000e+00  1.262228e-02  0.000000e+00  0.000000e+00  0.000000e+00  5.113927e-02  0.000000e+00  3.202482e-01  0.000000e+00  1.262228e-02
2.375304e+04  0.000000e+00  0.000000e+00  0.000000e+00  1.155189e-05  0.000000e+00  1.256657e-02  1.725821e-04  1.257888e-03  0.000000e+00  2.012854e-03  1.635415e-02  3.980080e-05  0.000000e+00  0.000000e+00  0.000000e+00  7.250890e-02
2.665135e+04  0.000000e+00  1.538140e-04  0.000000e+00  5.723184e-02  0.000000e+00  0.000000e+00  0.000000e+00  0.000000e+00  0.000000e+00  9.061280e-05  0.000000e+00  0.000000e+00  0.000000e+00  0.000000e+00  0.000000e+00  1.538140e-04
2.990330e+04  0.000000e+00  0.000000e+00  0.000000e+00  2.488245e-03  0.000000e+00  0.000000e+00  0.000000e+00  0.000000e+00  0.000000e+00  0.000000e+00  0.000000e+00  3.487421e-03  0.000000e+00  1.398974e-02  0.000000e+00  5.998366e-03
3.355206e+04  0.000000e+00  0.000000e+00  0.000000e+00  0.000000e+00  0.000000e+00  0.000000e+00  0.000000e+00  0.000000e+00  0.000000e+00  0.000000e+00  0.000000e+00  2.427004e-05  0.000000e+00  2.306349e-01  0.000000e+00  1.439526e-04
3.764603e+04  0.000000e+00  0.000000e+00  0.000000e+00  3.107009e-04  0.000000e+00  0.000000e+00  0.000000e+00  0.000000e+00  0.000000e+00  0.000000e+00  0.000000e+00  1.976483e-03  0.000000e+00  3.107009e-04  0.000000e+00  7.288752e-06
4.223954e+04  0.000000e+00  0.000000e+00  0.000000e+00  1.628502e-04  0.000000e+00  0.000000e+00  0.000000e+00  5.030510e-02  0.000000e+00  0.000000e+00  0.000000e+00  2.049646e-03  0.000000e+00  0.000000e+00  0.000000e+00  0.000000e+00
4.739354e+04  0.000000e+00  0.000000e+00  0.000000e+00  0.000000e+00  0.000000e+00  0.000000e+00  0.000000e+00  5.789661e-06  0.000000e+00  0.000000e+00  0.000000e+00  1.509300e-04  0.000000e+00  1.569976e-03  0.000000e+00  0.000000e+00
5.317643e+04  0.000000e+00  0.000000e+00  0.000000e+00  0.000000e+00  0.000000e+00  0.000000e+00  0.000000e+00  0.000000e+00  0.000000e+00  0.000000e+00  0.000000e+00  0.000000e+00  0.000000e+00  0.000000e+00  0.000000e+00  0.000000e+00
5.966493e+04  0.000000e+00  0.000000e+00  0.000000e+00  0.000000e+00  0.000000e+00  0.000000e+00  0.000000e+00  0.000000e+00  0.000000e+00  0.000000e+00  0.000000e+00  0.000000e+00  0.000000e+00  0.000000e+00  0.000000e+00  0.000000e+00
6.694516e+04  0.000000e+00  0.000000e+00  0.000000e+00  0.000000e+00  0.000000e+00  0.000000e+00  0.000000e+00  0.000000e+00  0.000000e+00  0.000000e+00  0.000000e+00  0.000000e+00  0.000000e+00  0.000000e+00  0.000000e+00  4.504142e-04
7.511370e+04  0.000000e+00  0.000000e+00  0.000000e+00  0.000000e+00  0.000000e+00  0.000000e+00  0.000000e+00  0.000000e+00  0.000000e+00  0.000000e+00  0.000000e+00  0.000000e+00  0.000000e+00  0.000000e+00  0.000000e+00  2.030033e-02
8.427896e+04  0.000000e+00  0.000000e+00  0.000000e+00  0.000000e+00  0.000000e+00  0.000000e+00  0.000000e+00  0.000000e+00  0.000000e+00  0.000000e+00  0.000000e+00  0.000000e+00  0.000000e+00  0.000000e+00  0.000000e+00  0.000000e+00
9.456255e+04  0.000000e+00  0.000000e+00  0.000000e+00  0.000000e+00  0.000000e+00  0.000000e+00  0.000000e+00  0.000000e+00  0.000000e+00  0.000000e+00  0.000000e+00  0.000000e+00  0.000000e+00  0.000000e+00  0.000000e+00  0.000000e+00
1.061009e+05  0.000000e+00  0.000000e+00  0.000000e+00  0.000000e+00  0.000000e+00  0.000000e+00  0.000000e+00  0.000000e+00  0.000000e+00  0.000000e+00  0.000000e+00  0.000000e+00  0.000000e+00  0.000000e+00  0.000000e+00  0.000000e+00
1.190472e+05  0.000000e+00  0.000000e+00  0.000000e+00  0.000000e+00  0.000000e+00  0.000000e+00  0.000000e+00  0.000000e+00  0.000000e+00  0.000000e+00  0.000000e+00  0.000000e+00  0.000000e+00  0.000000e+00  0.000000e+00  0.000000e+00
1.335731e+05  0.000000e+00  0.000000e+00  0.000000e+00  0.000000e+00  0.000000e+00  0.000000e+00  0.000000e+00  0.000000e+00  0.000000e+00  0.000000e+00  0.000000e+00  0.000000e+00  0.000000e+00  0.000000e+00  0.000000e+00  0.000000e+00
1.498715e+05  0.000000e+00  0.000000e+00  0.000000e+00  0.000000e+00  0.000000e+00  0.000000e+00  0.000000e+00  0.000000e+00  0.000000e+00  0.000000e+00  0.000000e+00  0.000000e+00  0.000000e+00  0.000000e+00  0.000000e+00  0.000000e+00
1.681586e+05  0.000000e+00  0.000000e+00  0.000000e+00  0.000000e+00  0.000000e+00  0.000000e+00  0.000000e+00  0.000000e+00  0.000000e+00  0.000000e+00  0.000000e+00  0.000000e+00  0.000000e+00  0.000000e+00  0.000000e+00  0.000000e+00
1.886771e+05  0.000000e+00  0.000000e+00  0.000000e+00  0.000000e+00  0.000000e+00  0.000000e+00  0.000000e+00  0.000000e+00  0.000000e+00  0.000000e+00  0.000000e+00  0.000000e+00  0.000000e+00  0.000000e+00  0.000000e+00  0.000000e+00
2.116992e+05  0.000000e+00  0.000000e+00  0.000000e+00  0.000000e+00  0.000000e+00  0.000000e+00  0.000000e+00  0.000000e+00  0.000000e+00  0.000000e+00  0.000000e+00  0.000000e+00  0.000000e+00  0.000000e+00  0.000000e+00  0.000000e+00
2.375304e+05  0.000000e+00  0.000000e+00  0.000000e+00  0.000000e+00  0.000000e+00  0.000000e+00  0.000000e+00  0.000000e+00  0.000000e+00  0.000000e+00  0.000000e+00  0.000000e+00  0.000000e+00  0.000000e+00  0.000000e+00  0.000000e+00
2.665135e+05  0.000000e+00  0.000000e+00  0.000000e+00  0.000000e+00  0.000000e+00  0.000000e+00  0.000000e+00  0.000000e+00  0.000000e+00  0.000000e+00  0.000000e+00  0.000000e+00  0.000000e+00  0.000000e+00  0.000000e+00  0.000000e+00
2.990330e+05  0.000000e+00  0.000000e+00  0.000000e+00  0.000000e+00  0.000000e+00  0.000000e+00  0.000000e+00  0.000000e+00  0.000000e+00  0.000000e+00  0.000000e+00  0.000000e+00  0.000000e+00  0.000000e+00  0.000000e+00  0.000000e+00
3.355206e+05  0.000000e+00  0.000000e+00  0.000000e+00  0.000000e+00  0.000000e+00  0.000000e+00  0.000000e+00  0.000000e+00  0.000000e+00  0.000000e+00  0.000000e+00  0.000000e+00  0.000000e+00  0.000000e+00  0.000000e+00  0.000000e+00
3.764603e+05  0.000000e+00  0.000000e+00  0.000000e+00  0.000000e+00  0.000000e+00  0.000000e+00  0.000000e+00  0.000000e+00  0.000000e+00  0.000000e+00  0.000000e+00  0.000000e+00  0.000000e+00  0.000000e+00  0.000000e+00  0.000000e+00
4.223954e+05  0.000000e+00  0.000000e+00  0.000000e+00  0.000000e+00  0.000000e+00  0.000000e+00  0.000000e+00  0.000000e+00  0.000000e+00  0.000000e+00  0.000000e+00  0.000000e+00  0.000000e+00  0.000000e+00  0.000000e+00  0.000000e+00
4.739354e+05  0.000000e+00  0.000000e+00  0.000000e+00  0.000000e+00  0.000000e+00  0.000000e+00  0.000000e+00  0.000000e+00  0.000000e+00  0.000000e+00  0.000000e+00  0.000000e+00  0.000000e+00  0.000000e+00  0.000000e+00  0.000000e+00
5.317643e+05  0.000000e+00  0.000000e+00  0.000000e+00  0.000000e+00  0.000000e+00  0.000000e+00  0.000000e+00  0.000000e+00  0.000000e+00  0.000000e+00  0.000000e+00  0.000000e+00  0.000000e+00  0.000000e+00  0.000000e+00  0.000000e+00
5.966493e+05  0.000000e+00  0.000000e+00  0.000000e+00  0.000000e+00  0.000000e+00  0.000000e+00  0.000000e+00  0.000000e+00  0.000000e+00  0.000000e+00  0.000000e+00  0.000000e+00  0.000000e+00  0.000000e+00  0.000000e+00  0.000000e+00
6.694516e+05  0.000000e+00  0.000000e+00  0.000000e+00  0.000000e+00  0.000000e+00  0.000000e+00  0.000000e+00  0.000000e+00  0.000000e+00  0.000000e+00  0.000000e+00  0.000000e+00  0.000000e+00  0.000000e+00  0.000000e+00  0.000000e+00
7.511370e+05  0.000000e+00  0.000000e+00  0.000000e+00  0.000000e+00  0.000000e+00  0.000000e+00  0.000000e+00  0.000000e+00  0.000000e+00  0.000000e+00  0.000000e+00  0.000000e+00  0.000000e+00  0.000000e+00  0.000000e+00  0.000000e+00
8.427896e+05  0.000000e+00  0.000000e+00  0.000000e+00  0.000000e+00  0.000000e+00  0.000000e+00  0.000000e+00  0.000000e+00  0.000000e+00  0.000000e+00  0.000000e+00  0.000000e+00  0.000000e+00  0.000000e+00  0.000000e+00  0.000000e+00
9.456255e+05  0.000000e+00  0.000000e+00  0.000000e+00  0.000000e+00  0.000000e+00  0.000000e+00  0.000000e+00  0.000000e+00  0.000000e+00  0.000000e+00  0.000000e+00  0.000000e+00  0.000000e+00  0.000000e+00  0.000000e+00  0.000000e+00
