# dR/dEr [1/keV/kg/Myr]
# Er [keV], S, F, Ne, Cl, Na, Si, O, P, N, C, Al, Mg, Be, B, Ar, Li
1.061009e+01  3.331578e+02  2.482864e+02  0.000000e+00  0.000000e+00  8.589025e+01  0.000000e+00  2.260530e+01  0.000000e+00  0.000000e+00  0.000000e+00  0.000000e+00  0.000000e+00  3.465154e-01  0.000000e+00  0.000000e+00  0.000000e+00
1.190472e+01  1.262949e+02  2.290729e+01  0.000000e+00  0.000000e+00  4.016705e+01  0.000000e+00  0.000000e+00  0.000000e+00  0.000000e+00  0.000000e+00  0.000000e+00  0.000000e+00  0.000000e+00  0.000000e+00  0.000000e+00  0.000000e+00
1.335731e+01  1.831103e+02  3.746923e+01  0.000000e+00  0.000000e+00  0.000000e+00  0.000000e+00  0.000000e+00  0.000000e+00  0.000000e+00  0.000000e+00  0.000000e+00  0.000000e+00  0.000000e+00  0.000000e+00  0.000000e+00  0.000000e+00
1.498715e+01  4.658587e+01  4.782201e+01  0.000000e+00  0.000000e+00  1.902408e+01  0.000000e+00  7.769473e+00  0.000000e+00  0.000000e+00  0.000000e+00  0.000000e+00  0.000000e+00  0.000000e+00  0.000000e+00  0.000000e+00  0.000000e+00
1.681586e+01  1.151484e+02  5.048950e+01  1.665983e+01  0.000000e+00  3.244850e+01  6.924550e+00  0.000000e+00  0.000000e+00  0.000000e+00  0.000000e+00  0.000000e+00  0.000000e+00  0.000000e+00  0.000000e+00  0.000000e+00  0.000000e+00
1.886771e+01  7.889836e+01  5.850292e+01  0.000000e+00  0.000000e+00  1.484809e+01  0.000000e+00  0.000000e+00  0.000000e+00  0.000000e+00  0.000000e+00  0.000000e+00  0.000000e+00  0.000000e+00  0.000000e+00  0.000000e+00  0.000000e+00
2.116992e+01  7.972431e+01  6.432777e+01  0.000000e+00  0.000000e+00  1.607408e+01  0.000000e+00  7.075993e+00  0.000000e+00  0.000000e+00  0.000000e+00  2.799103e+00  0.000000e+00  0.000000e+00  0.000000e+00  0.000000e+00  0.000000e+00
2.375304e+01  1.472066e+02  2.896948e+01  1.610539e+01  0.000000e+00  3.534927e+01  0.000000e+00  1.179426e+01  0.000000e+00  0.000000e+00  0.000000e+00  0.000000e+00  0.000000e+00  0.000000e+00  0.000000e+00  0.000000e+00  0.000000e+00
2.665135e+01  1.273366e+02  5.735779e+01  5.620661e+00  1.863813e-01  8.984873e+00  0.000000e+00  0.000000e+00  9.998789e+00  0.000000e+00  0.000000e+00  0.000000e+00  0.000000e+00  0.000000e+00  0.000000e+00  0.000000e+00  0.000000e+00
2.990330e+01  1.447131e+02  6.591100e+01  6.892318e+00  0.000000e+00  7.143814e+00  0.000000e+00  8.903380e+00  0.000000e+00  0.000000e+00  0.000000e+00  6.518425e-01  0.000000e+00  4.978633e+00  0.000000e+00  0.000000e+00  0.000000e+00
3.355206e+01  1.844657e+02  4.841988e+01  7.114871e+00  0.000000e+00  1.460671e+01  0.000000e+00  1.752149e+01  0.000000e+00  0.000000e+00  0.000000e+00  4.469770e+00  0.000000e+00  4.136339e+00  0.000000e+00  0.000000e+00  0.000000e+00
3.764603e+01  2.044726e+02  3.436725e+01  1.723583e-02  3.979123e+00  2.246919e+01  0.000000e+00  2.151080e-01  0.000000e+00  0.000000e+00  0.000000e+00  0.000000e+00  0.000000e+00  2.901828e-02  0.000000e+00  0.000000e+00  0.000000e+00
4.223954e+01  1.861093e+02  9.384623e+01  1.946428e+00  0.000000e+00  4.406778e+01  0.000000e+00  5.539289e+00  0.000000e+00  0.000000e+00  0.000000e+00  1.180047e+00  0.000000e+00  2.862457e+01  0.000000e+00  0.000000e+00  0.000000e+00
4.739354e+01  2.605000e+02  1.024082e+02  3.160730e+00  8.197673e+00  1.219868e+01  0.000000e+00  1.139007e+01  0.000000e+00  0.000000e+00  0.000000e+00  0.000000e+00  0.000000e+00  9.666525e+00  0.000000e+00  0.000000e+00  0.000000e+00
5.317643e+01  2.284934e+02  5.793028e+01  7.823742e+00  0.000000e+00  2.979346e+01  0.000000e+00  1.514385e+01  0.000000e+00  0.000000e+00  0.000000e+00  1.114343e+00  0.000000e+00  0.000000e+00  0.000000e+00  0.000000e+00  0.000000e+00
5.966493e+01  3.054538e+02  1.079494e+02  8.708774e+00  4.462261e+00  2.035114e+01  0.000000e+00  1.525943e+01  0.000000e+00  0.000000e+00  0.000000e+00  1.880355e+00  0.000000e+00  4.740347e-01  0.000000e+00  0.000000e+00  0.000000e+00
6.694516e+01  3.322065e+02  9.068319e+01  1.459856e+01  0.000000e+00  4.193170e+01  0.000000e+00  4.258960e+00  0.000000e+00  6.235950e-01  0.000000e+00  5.215664e+00  0.000000e+00  7.155855e+01  0.000000e+00  0.000000e+00  0.000000e+00
7.511370e+01  3.484363e+02  1.255422e+02  1.305301e+01  4.728310e+00  2.543681e+01  0.000000e+00  1.088648e+01  0.000000e+00  0.000000e+00  0.000000e+00  1.094557e+00  0.000000e+00  2.115589e+04  0.000000e+00  0.000000e+00  0.000000e+00
8.427896e+01  4.435578e+02  1.402382e+02  8.162278e+00  1.117233e+01  3.558697e+01  0.000000e+00  1.958486e+01  0.000000e+00  0.000000e+00  0.000000e+00  0.000000e+00  0.000000e+00  2.577982e+04  0.000000e+00  0.000000e+00  0.000000e+00
9.456255e+01  4.401422e+02  1.085851e+02  1.142875e+01  5.612957e+00  3.128819e+01  0.000000e+00  5.498587e+00  0.000000e+00  4.438923e-01  0.000000e+00  2.420768e-03  0.000000e+00  1.955506e+04  0.000000e+00  0.000000e+00  0.000000e+00
1.061009e+02  5.171559e+02  1.431464e+02  8.608229e+00  1.944677e+00  4.455274e+01  0.000000e+00  9.378058e+00  0.000000e+00  0.000000e+00  1.057401e+00  4.918973e+00  0.000000e+00  1.490275e+04  0.000000e+00  0.000000e+00  0.000000e+00
1.190472e+02  5.565351e+02  1.819432e+02  1.912831e+01  2.926443e+00  4.131479e+01  0.000000e+00  6.206400e+00  0.000000e+00  9.781188e-01  2.932984e+00  1.318106e+04  0.000000e+00  1.094115e+04  0.000000e+00  5.009962e-01  0.000000e+00
1.335731e+02  6.257436e+02  1.964575e+02  1.381368e+01  4.857716e-03  4.934443e+01  0.000000e+00  7.472738e+00  0.000000e+00  0.000000e+00  0.000000e+00  1.101486e+04  0.000000e+00  8.047729e+03  0.000000e+00  0.000000e+00  0.000000e+00
1.498715e+02  1.531011e+03  2.279988e+02  1.011711e+01  3.160134e+00  2.908331e+01  0.000000e+00  1.313108e+01  0.000000e+00  1.607927e+00  1.790330e+00  8.234891e+03  0.000000e+00  6.014924e+03  0.000000e+00  0.000000e+00  0.000000e+00
1.681586e+02  2.200731e+03  2.306100e+02  1.359130e+01  3.244850e+00  2.486890e+01  1.361298e-03  1.635088e+01  0.000000e+00  1.364505e+00  0.000000e+00  6.099811e+03  0.000000e+00  4.428962e+03  0.000000e+00  0.000000e+00  0.000000e+00
1.886771e+02  1.281612e+03  2.720027e+02  1.000965e+01  3.214632e+00  5.418932e+01  1.411091e+00  1.557954e+01  1.009602e+00  1.009602e+00  0.000000e+00  4.544015e+03  0.000000e+00  3.249866e+03  0.000000e+00  0.000000e+00  0.000000e+00
2.116992e+02  5.583476e+02  3.387127e+02  1.282836e+01  8.033417e+00  2.274821e+01  8.998083e-01  1.262525e+01  0.000000e+00  0.000000e+00  1.081317e-03  3.590626e+03  0.000000e+00  2.182301e+03  0.000000e+00  3.065011e-03  0.000000e+00
2.375304e+02  4.050814e+02  1.733394e+03  1.950789e+01  6.730908e+00  3.328785e+01  3.774708e-01  1.408054e+01  1.640250e+00  0.000000e+00  4.902206e-01  2.676750e+03  0.000000e+00  1.593118e+03  0.000000e+00  1.485497e+00  0.000000e+00
2.665135e+02  3.333665e+02  1.446438e+03  1.987915e+01  5.213285e+00  4.797183e+01  8.957091e-01  1.089384e+01  0.000000e+00  7.147431e-01  8.540472e-01  1.961060e+03  0.000000e+00  1.112781e+03  0.000000e+00  0.000000e+00  0.000000e+00
2.990330e+02  2.037949e+02  2.194205e+02  1.100950e+01  3.973115e+00  3.683746e+01  6.301439e-02  2.088595e+01  1.288821e-03  3.653184e-03  1.403711e-01  1.478284e+03  0.000000e+00  8.340607e+02  0.000000e+00  0.000000e+00  0.000000e+00
3.355206e+02  1.796027e+02  1.964328e+02  1.284965e+01  5.345539e+00  3.901961e+01  5.677407e-01  1.523484e+01  5.344577e-01  4.464650e-01  1.055467e+00  1.106077e+03  8.429662e-02  5.802676e+02  0.000000e+00  0.000000e+00  9.145957e-03
3.764603e+02  1.195149e+02  1.462704e+02  1.633057e+01  5.133321e+00  4.382278e+01  2.927104e-01  1.062930e+01  0.000000e+00  6.341135e-01  0.000000e+00  7.216587e+02  0.000000e+00  4.239395e+02  0.000000e+00  0.000000e+00  0.000000e+00
4.223954e+02  7.719988e+01  1.226188e+02  1.036949e+01  5.059209e+00  3.730343e+01  3.555521e-01  1.495998e+01  1.174817e+00  4.518848e-01  8.281632e-01  5.581287e+02  0.000000e+00  2.279615e+02  0.000000e+00  1.536145e-03  0.000000e+00
4.739354e+02  6.191775e+01  1.001990e+02  1.455396e+01  8.553526e+00  3.198752e+01  5.527957e-01  1.436136e+01  1.172714e+00  5.622732e-01  0.000000e+00  3.472897e+02  0.000000e+00  1.526428e+02  5.622732e-01  0.000000e+00  0.000000e+00
5.317643e+02  4.828796e+01  6.517805e+01  1.544052e+01  4.213545e+00  3.338339e+01  1.007166e+00  1.225121e+01  1.345265e+00  1.309657e+00  4.789956e-01  2.873586e+02  0.000000e+00  1.196460e+02  4.304801e-04  6.635470e-01  0.000000e+00
5.966493e+02  4.306769e+01  5.745598e+01  1.586803e+01  7.470787e+00  3.235944e+01  1.102148e+00  1.237576e+01  1.269433e+00  6.468534e-01  2.495227e-01  2.052171e+02  0.000000e+00  8.065806e+01  0.000000e+00  1.830929e-03  0.000000e+00
6.694516e+02  3.314200e+01  4.831458e+01  1.921936e+01  1.070163e+01  3.125105e+01  1.104283e+00  1.535388e+01  9.307849e-01  7.750643e-01  2.362963e-01  1.436607e+02  0.000000e+00  4.675460e+01  0.000000e+00  0.000000e+00  0.000000e+00
7.511370e+02  2.697721e+01  3.773139e+01  1.308188e+01  8.673335e+00  2.081232e+01  2.719907e-01  1.136041e+01  1.106481e+00  8.709783e-01  1.570207e-01  9.394182e+01  0.000000e+00  3.134632e+01  0.000000e+00  0.000000e+00  0.000000e+00
8.427896e+02  1.671834e+01  3.144903e+01  1.139405e+01  9.473336e+00  2.332842e+01  6.483112e-01  1.305943e+01  4.609890e-01  2.013955e-01  5.186001e-01  4.929072e+01  0.000000e+00  1.544103e+01  0.000000e+00  4.409018e-01  0.000000e+00
9.456255e+02  1.656546e+01  2.559842e+01  1.525676e+01  6.498612e+00  1.921537e+01  9.165266e-01  1.357725e+01  1.341542e+00  0.000000e+00  6.454395e-01  4.118653e+01  5.252939e-03  1.213341e+01  0.000000e+00  0.000000e+00  0.000000e+00
1.061009e+03  1.515590e+01  1.818735e+01  1.438813e+01  9.777328e+00  1.553709e+01  1.129636e+00  1.244060e+01  1.002836e+00  1.556663e+00  2.177824e-01  2.903598e+01  0.000000e+00  4.683812e+00  4.402787e-02  2.665693e-02  0.000000e+00
1.190472e+03  1.007752e+01  1.560381e+01  1.313923e+01  9.861733e+00  1.138817e+01  1.148306e+00  7.684853e+00  1.203055e+00  5.349240e-01  5.258780e-01  1.739446e+01  0.000000e+00  5.196421e+00  0.000000e+00  0.000000e+00  0.000000e+00
1.335731e+03  1.014905e+01  1.384604e+01  1.074354e+01  7.460974e+00  9.469435e+00  5.105402e-01  9.880892e+00  5.582833e-01  9.717574e-01  1.786556e-01  8.739302e+00  0.000000e+00  1.762055e+00  2.781902e-01  0.000000e+00  0.000000e+00
1.498715e+03  6.364138e+00  1.021778e+01  8.640920e+00  8.192283e+00  6.597849e+00  1.586677e+00  8.793856e+00  1.722287e+00  1.481750e+00  3.233980e-01  5.112798e+00  5.403268e-03  2.750869e+00  0.000000e+00  0.000000e+00  1.330193e-02
1.681586e+03  2.721003e+00  9.965554e+00  6.843237e+00  7.092079e+00  8.003718e+00  7.916826e-01  6.553994e+00  1.094136e+00  1.031887e+00  7.167914e-01  5.243415e+00  0.000000e+00  1.492264e+00  1.892049e-01  0.000000e+00  1.824858e-03
1.886771e+03  3.789455e+00  6.095033e+00  7.032657e+00  8.985203e+00  6.382685e+00  9.205778e-01  5.783957e+00  1.128788e+00  8.106804e-01  6.656101e-01  2.655273e+00  1.583000e-01  1.265223e-01  1.533584e-01  9.742995e-04  0.000000e+00
2.116992e+03  2.826395e+00  6.369140e+00  4.584938e+00  5.420048e+00  2.593433e+00  8.483069e-01  4.422964e+00  9.923944e-01  2.374583e-01  4.980818e-01  1.312308e+00  7.034395e-02  5.038188e-01  3.065011e-04  0.000000e+00  3.065011e-04
2.375304e+03  1.134196e+00  3.684173e+00  4.185842e+00  7.911660e+00  2.685213e+00  1.413788e+00  4.022103e+00  9.199668e-01  5.602523e-01  1.564711e-01  1.527647e+00  1.622530e-04  0.000000e+00  2.494704e-02  0.000000e+00  4.732876e-02
2.665135e+03  1.314579e+00  2.774557e+00  3.320714e+00  6.737085e+00  1.284301e+00  8.646464e-01  2.509709e+00  1.590314e+00  3.849837e-01  7.934898e-01  8.401325e-01  2.715366e-01  1.494206e-01  5.586118e-02  0.000000e+00  1.340500e-01
2.990330e+03  3.034325e-01  2.009477e+00  2.162491e+00  5.169066e+00  1.114032e+00  1.129477e+00  1.802090e+00  9.361202e-01  3.581036e-01  3.058102e-01  7.081118e-01  4.714225e-02  0.000000e+00  5.015165e-02  0.000000e+00  1.932465e-01
3.355206e+03  3.115765e-01  2.342221e+00  2.173482e+00  5.273793e+00  4.151494e-01  1.096009e+00  1.118525e+00  6.170921e-01  2.847726e-01  3.204615e-01  1.529140e-01  1.336677e-01  1.135891e-01  5.809552e-03  0.000000e+00  2.616157e-04
3.764603e+03  1.006977e-01  8.696904e-01  1.530554e+00  3.238573e+00  3.757828e-01  9.083301e-01  6.957823e-01  4.793310e-01  1.722219e-01  3.629815e-01  2.824080e-01  1.717697e-02  6.080694e-05  1.034259e-01  0.000000e+00  9.970043e-02
4.223954e+03  1.196827e-02  6.500195e-01  5.952177e-01  2.567561e+00  1.639190e-01  4.530434e-01  6.005944e-01  5.742301e-01  2.821176e-01  2.363933e-01  2.293118e-01  4.123450e-02  0.000000e+00  1.063266e-01  0.000000e+00  5.666632e-02
4.739354e+03  1.734755e-02  4.655960e-01  7.830106e-01  2.393074e+00  1.768409e-01  4.988567e-01  1.609926e-01  4.344337e-01  1.239173e-01  1.577602e-01  1.696824e-01  6.969391e-02  3.878756e-04  2.824985e-03  0.000000e+00  1.438824e-02
5.317643e+03  8.763115e-02  4.412593e-01  5.038626e-01  1.487838e+00  1.662071e-02  3.677294e-01  6.614467e-02  7.522728e-01  2.813483e-01  1.948248e-01  6.074180e-02  9.118266e-02  0.000000e+00  7.678959e-02  0.000000e+00  1.013486e-01
5.966493e+03  3.207831e-02  1.922561e-01  2.614122e-01  9.129378e-01  6.929194e-02  4.841144e-01  5.391898e-02  3.257350e-01  1.147640e-01  2.483327e-01  3.158201e-03  1.116868e-02  0.000000e+00  1.911165e-02  0.000000e+00  3.901979e-02
6.694516e+03  5.756952e-05  1.367415e-01  1.909490e-01  6.804834e-01  1.333649e-02  6.916098e-01  1.610409e-02  1.644611e-01  1.453692e-01  2.131208e-01  1.154127e-01  1.403372e-01  0.000000e+00  1.279708e-02  0.000000e+00  4.583837e-04
7.511370e+03  4.843485e-03  1.148665e-01  1.918046e-01  3.686200e-01  5.197864e-02  3.394911e-01  6.072956e-02  1.293244e-01  4.221227e-02  1.188857e-01  3.697521e-03  3.595852e-02  0.000000e+00  1.254005e-03  0.000000e+00  1.232815e-01
8.427896e+03  1.331189e-02  8.653973e-02  9.383838e-02  9.951289e-02  1.554773e-02  4.598330e-01  8.842976e-02  3.639815e-01  5.152301e-02  4.117356e-02  8.285899e-02  7.396941e-02  0.000000e+00  7.190094e-04  0.000000e+00  1.979280e-02
9.456255e+03  0.000000e+00  2.549273e-02  1.004490e-01  2.526500e-01  2.002214e-02  2.969722e-01  6.861706e-05  1.163905e-01  7.392879e-02  4.254928e-02  1.367394e-01  9.016811e-02  0.000000e+00  4.001542e-02  0.000000e+00  2.061307e-03
1.061009e+04  0.000000e+00  7.891306e-02  3.383196e-02  1.522395e-01  5.646101e-03  2.108686e-01  2.476381e-02  8.422564e-02  1.940102e-03  5.745795e-02  6.085261e-02  6.279262e-02  0.000000e+00  3.632391e-05  0.000000e+00  3.477355e-02
1.190472e+04  0.000000e+00  2.412943e-04  2.577681e-04  8.000054e-02  0.000000e+00  6.628000e-02  1.922884e-05  4.257979e-03  6.474744e-05  6.065586e-02  1.233859e-01  3.215371e-02  0.000000e+00  7.013465e-03  0.000000e+00  1.230800e-02
1.335731e+04  0.000000e+00  1.597803e-02  4.699176e-02  1.042848e-01  0.000000e+00  6.225862e-02  8.178461e-05  1.776860e-02  1.427854e-03  4.811793e-02  2.397750e-02  6.705963e-03  0.000000e+00  0.000000e+00  0.000000e+00  1.436735e-02
1.498715e+04  0.000000e+00  2.117153e-02  5.403268e-04  6.119754e-03  0.000000e+00  3.733462e-02  0.000000e+00  5.372387e-02  1.887166e-03  7.608486e-03  8.658888e-05  4.073428e-02  0.000000e+00  6.900980e-05  0.000000e+00  3.091924e-02
1.681586e+04  0.000000e+00  1.258528e-03  2.291884e-05  3.736731e-03  0.000000e+00  6.766592e-02  1.361298e-05  5.293918e-03  0.000000e+00  4.815667e-04  2.953945e-04  2.474497e-04  0.000000e+00  1.879257e-02  0.000000e+00  2.439497e-02
1.886771e+04  0.000000e+00  3.361185e-03  0.000000e+00  1.419370e-02  0.000000e+00  4.212711e-02  0.000000e+00  3.410172e-02  0.000000e+00  0.000000e+00  1.198984e-02  1.457329e-02  0.000000e+00  2.573285e-02  0.000000e+00  1.809981e-02
2.116992e+04  0.000000e+00  1.081317e-05  0.000000e+00  9.258619e-03  0.000000e+00  6.241577e-05  0.000000e+00  5.299561e-03  0.000000e+00  0.000000e+00  0.000000e+00  1.258773e-02  0.000000e+00  3.915320e-02  0.000000e+00  5.299561e-03
2.375304e+04  0.000000e+00  0.000000e+00  0.000000e+00  9.637250e-06  0.000000e+00  5.562533e-03  1.291901e-04  7.933041e-04  0.000000e+00  1.190721e-03  6.267727e-03  3.245059e-05  0.000000e+00  0.000000e+00  0.000000e+00  1.736967e-02
2.665135e+04  0.000000e+00  1.151408e-04  0.000000e+00  1.191150e-02  0.000000e+00  0.000000e+00  0.000000e+00  0.000000e+00  0.000000e+00  6.897513e-05  0.000000e+00  0.000000e+00  0.000000e+00  0.000000e+00  0.000000e+00  1.151408e-04
2.990330e+04  0.000000e+00  0.000000e+00  0.000000e+00  1.396055e-03  0.000000e+00  0.000000e+00  0.000000e+00  0.000000e+00  0.000000e+00  0.000000e+00  0.000000e+00  2.026199e-03  0.000000e+00  5.608777e-03  0.000000e+00  2.769945e-03
3.355206e+04  0.000000e+00  0.000000e+00  0.000000e+00  0.000000e+00  0.000000e+00  0.000000e+00  0.000000e+00  0.000000e+00  0.000000e+00  0.000000e+00  0.000000e+00  1.933892e-05  0.000000e+00  1.051651e-02  0.000000e+00  1.095778e-04
3.764603e+04  0.000000e+00  0.000000e+00  0.000000e+00  2.151080e-04  0.000000e+00  0.000000e+00  0.000000e+00  0.000000e+00  0.000000e+00  0.000000e+00  0.000000e+00  1.108926e-03  0.000000e+00  2.151080e-04  0.000000e+00  6.080694e-06
4.223954e+04  0.000000e+00  0.000000e+00  0.000000e+00  1.175987e-04  0.000000e+00  0.000000e+00  0.000000e+00  9.669146e-03  0.000000e+00  0.000000e+00  0.000000e+00  1.189171e-03  0.000000e+00  0.000000e+00  0.000000e+00  0.000000e+00
4.739354e+04  0.000000e+00  0.000000e+00  0.000000e+00  0.000000e+00  0.000000e+00  0.000000e+00  0.000000e+00  4.830067e-06  0.000000e+00  0.000000e+00  0.000000e+00  1.096400e-04  0.000000e+00  8.808514e-04  0.000000e+00  0.000000e+00
5.317643e+04  0.000000e+00  0.000000e+00  0.000000e+00  0.000000e+00  0.000000e+00  0.000000e+00  0.000000e+00  0.000000e+00  0.000000e+00  0.000000e+00  0.000000e+00  0.000000e+00  0.000000e+00  0.000000e+00  0.000000e+00  0.000000e+00
5.966493e+04  0.000000e+00  0.000000e+00  0.000000e+00  0.000000e+00  0.000000e+00  0.000000e+00  0.000000e+00  0.000000e+00  0.000000e+00  0.000000e+00  0.000000e+00  0.000000e+00  0.000000e+00  0.000000e+00  0.000000e+00  0.000000e+00
6.694516e+04  0.000000e+00  0.000000e+00  0.000000e+00  0.000000e+00  0.000000e+00  0.000000e+00  0.000000e+00  0.000000e+00  0.000000e+00  0.000000e+00  0.000000e+00  0.000000e+00  0.000000e+00  0.000000e+00  0.000000e+00  2.848943e-04
7.511370e+04  0.000000e+00  0.000000e+00  0.000000e+00  0.000000e+00  0.000000e+00  0.000000e+00  0.000000e+00  0.000000e+00  0.000000e+00  0.000000e+00  0.000000e+00  0.000000e+00  0.000000e+00  0.000000e+00  0.000000e+00  4.221227e-03
8.427896e+04  0.000000e+00  0.000000e+00  0.000000e+00  0.000000e+00  0.000000e+00  0.000000e+00  0.000000e+00  0.000000e+00  0.000000e+00  0.000000e+00  0.000000e+00  0.000000e+00  0.000000e+00  0.000000e+00  0.000000e+00  0.000000e+00
9.456255e+04  0.000000e+00  0.000000e+00  0.000000e+00  0.000000e+00  0.000000e+00  0.000000e+00  0.000000e+00  0.000000e+00  0.000000e+00  0.000000e+00  0.000000e+00  0.000000e+00  0.000000e+00  0.000000e+00  0.000000e+00  0.000000e+00
1.061009e+05  0.000000e+00  0.000000e+00  0.000000e+00  0.000000e+00  0.000000e+00  0.000000e+00  0.000000e+00  0.000000e+00  0.000000e+00  0.000000e+00  0.000000e+00  0.000000e+00  0.000000e+00  0.000000e+00  0.000000e+00  0.000000e+00
1.190472e+05  0.000000e+00  0.000000e+00  0.000000e+00  0.000000e+00  0.000000e+00  0.000000e+00  0.000000e+00  0.000000e+00  0.000000e+00  0.000000e+00  0.000000e+00  0.000000e+00  0.000000e+00  0.000000e+00  0.000000e+00  0.000000e+00
1.335731e+05  0.000000e+00  0.000000e+00  0.000000e+00  0.000000e+00  0.000000e+00  0.000000e+00  0.000000e+00  0.000000e+00  0.000000e+00  0.000000e+00  0.000000e+00  0.000000e+00  0.000000e+00  0.000000e+00  0.000000e+00  0.000000e+00
1.498715e+05  0.000000e+00  0.000000e+00  0.000000e+00  0.000000e+00  0.000000e+00  0.000000e+00  0.000000e+00  0.000000e+00  0.000000e+00  0.000000e+00  0.000000e+00  0.000000e+00  0.000000e+00  0.000000e+00  0.000000e+00  0.000000e+00
1.681586e+05  0.000000e+00  0.000000e+00  0.000000e+00  0.000000e+00  0.000000e+00  0.000000e+00  0.000000e+00  0.000000e+00  0.000000e+00  0.000000e+00  0.000000e+00  0.000000e+00  0.000000e+00  0.000000e+00  0.000000e+00  0.000000e+00
1.886771e+05  0.000000e+00  0.000000e+00  0.000000e+00  0.000000e+00  0.000000e+00  0.000000e+00  0.000000e+00  0.000000e+00  0.000000e+00  0.000000e+00  0.000000e+00  0.000000e+00  0.000000e+00  0.000000e+00  0.000000e+00  0.000000e+00
2.116992e+05  0.000000e+00  0.000000e+00  0.000000e+00  0.000000e+00  0.000000e+00  0.000000e+00  0.000000e+00  0.000000e+00  0.000000e+00  0.000000e+00  0.000000e+00  0.000000e+00  0.000000e+00  0.000000e+00  0.000000e+00  0.000000e+00
2.375304e+05  0.000000e+00  0.000000e+00  0.000000e+00  0.000000e+00  0.000000e+00  0.000000e+00  0.000000e+00  0.000000e+00  0.000000e+00  0.000000e+00  0.000000e+00  0.000000e+00  0.000000e+00  0.000000e+00  0.000000e+00  0.000000e+00
2.665135e+05  0.000000e+00  0.000000e+00  0.000000e+00  0.000000e+00  0.000000e+00  0.000000e+00  0.000000e+00  0.000000e+00  0.000000e+00  0.000000e+00  0.000000e+00  0.000000e+00  0.000000e+00  0.000000e+00  0.000000e+00  0.000000e+00
2.990330e+05  0.000000e+00  0.000000e+00  0.000000e+00  0.000000e+00  0.000000e+00  0.000000e+00  0.000000e+00  0.000000e+00  0.000000e+00  0.000000e+00  0.000000e+00  0.000000e+00  0.000000e+00  0.000000e+00  0.000000e+00  0.000000e+00
3.355206e+05  0.000000e+00  0.000000e+00  0.000000e+00  0.000000e+00  0.000000e+00  0.000000e+00  0.000000e+00  0.000000e+00  0.000000e+00  0.000000e+00  0.000000e+00  0.000000e+00  0.000000e+00  0.000000e+00  0.000000e+00  0.000000e+00
3.764603e+05  0.000000e+00  0.000000e+00  0.000000e+00  0.000000e+00  0.000000e+00  0.000000e+00  0.000000e+00  0.000000e+00  0.000000e+00  0.000000e+00  0.000000e+00  0.000000e+00  0.000000e+00  0.000000e+00  0.000000e+00  0.000000e+00
4.223954e+05  0.000000e+00  0.000000e+00  0.000000e+00  0.000000e+00  0.000000e+00  0.000000e+00  0.000000e+00  0.000000e+00  0.000000e+00  0.000000e+00  0.000000e+00  0.000000e+00  0.000000e+00  0.000000e+00  0.000000e+00  0.000000e+00
4.739354e+05  0.000000e+00  0.000000e+00  0.000000e+00  0.000000e+00  0.000000e+00  0.000000e+00  0.000000e+00  0.000000e+00  0.000000e+00  0.000000e+00  0.000000e+00  0.000000e+00  0.000000e+00  0.000000e+00  0.000000e+00  0.000000e+00
5.317643e+05  0.000000e+00  0.000000e+00  0.000000e+00  0.000000e+00  0.000000e+00  0.000000e+00  0.000000e+00  0.000000e+00  0.000000e+00  0.000000e+00  0.000000e+00  0.000000e+00  0.000000e+00  0.000000e+00  0.000000e+00  0.000000e+00
5.966493e+05  0.000000e+00  0.000000e+00  0.000000e+00  0.000000e+00  0.000000e+00  0.000000e+00  0.000000e+00  0.000000e+00  0.000000e+00  0.000000e+00  0.000000e+00  0.000000e+00  0.000000e+00  0.000000e+00  0.000000e+00  0.000000e+00
6.694516e+05  0.000000e+00  0.000000e+00  0.000000e+00  0.000000e+00  0.000000e+00  0.000000e+00  0.000000e+00  0.000000e+00  0.000000e+00  0.000000e+00  0.000000e+00  0.000000e+00  0.000000e+00  0.000000e+00  0.000000e+00  0.000000e+00
7.511370e+05  0.000000e+00  0.000000e+00  0.000000e+00  0.000000e+00  0.000000e+00  0.000000e+00  0.000000e+00  0.000000e+00  0.000000e+00  0.000000e+00  0.000000e+00  0.000000e+00  0.000000e+00  0.000000e+00  0.000000e+00  0.000000e+00
8.427896e+05  0.000000e+00  0.000000e+00  0.000000e+00  0.000000e+00  0.000000e+00  0.000000e+00  0.000000e+00  0.000000e+00  0.000000e+00  0.000000e+00  0.000000e+00  0.000000e+00  0.000000e+00  0.000000e+00  0.000000e+00  0.000000e+00
9.456255e+05  0.000000e+00  0.000000e+00  0.000000e+00  0.000000e+00  0.000000e+00  0.000000e+00  0.000000e+00  0.000000e+00  0.000000e+00  0.000000e+00  0.000000e+00  0.000000e+00  0.000000e+00  0.000000e+00  0.000000e+00  0.000000e+00
