# dR/dEr [1/keV/kg/Myr]
# Er [keV], S, F, Ne, Cl, Na, Si, O, P, N, C, Al, Mg, Be, B, Ar, Li
1.061009e+01  6.848130e+02  5.421612e+02  0.000000e+00  0.000000e+00  2.365183e+02  0.000000e+00  4.463923e+01  0.000000e+00  0.000000e+00  0.000000e+00  0.000000e+00  0.000000e+00  1.189295e+01  0.000000e+00  0.000000e+00  0.000000e+00
1.190472e+01  2.407331e+02  7.477823e+01  0.000000e+00  0.000000e+00  7.679560e+01  0.000000e+00  0.000000e+00  0.000000e+00  0.000000e+00  0.000000e+00  0.000000e+00  0.000000e+00  0.000000e+00  0.000000e+00  0.000000e+00  0.000000e+00
1.335731e+01  3.531431e+02  7.748235e+01  0.000000e+00  0.000000e+00  0.000000e+00  0.000000e+00  0.000000e+00  0.000000e+00  0.000000e+00  0.000000e+00  0.000000e+00  0.000000e+00  0.000000e+00  0.000000e+00  0.000000e+00  0.000000e+00
1.498715e+01  8.878982e+01  1.180469e+02  0.000000e+00  0.000000e+00  4.325594e+01  0.000000e+00  1.461737e+01  0.000000e+00  0.000000e+00  0.000000e+00  0.000000e+00  0.000000e+00  0.000000e+00  0.000000e+00  0.000000e+00  0.000000e+00
1.681586e+01  2.194610e+02  1.123577e+02  3.165377e+01  0.000000e+00  6.219701e+01  1.302775e+01  0.000000e+00  0.000000e+00  0.000000e+00  0.000000e+00  0.000000e+00  0.000000e+00  0.000000e+00  0.000000e+00  0.000000e+00  0.000000e+00
1.886771e+01  1.501180e+02  1.222268e+02  0.000000e+00  0.000000e+00  2.821146e+01  0.000000e+00  0.000000e+00  0.000000e+00  0.000000e+00  0.000000e+00  0.000000e+00  0.000000e+00  0.000000e+00  0.000000e+00  0.000000e+00  0.000000e+00
2.116992e+01  1.553236e+02  1.428716e+02  0.000000e+00  0.000000e+00  3.061393e+01  0.000000e+00  1.340439e+01  0.000000e+00  0.000000e+00  0.000000e+00  2.099987e+01  0.000000e+00  0.000000e+00  0.000000e+00  0.000000e+00  0.000000e+00
2.375304e+01  2.862250e+02  5.531119e+01  3.912745e+01  0.000000e+00  8.283074e+01  0.000000e+00  2.240916e+01  0.000000e+00  0.000000e+00  0.000000e+00  0.000000e+00  0.000000e+00  0.000000e+00  0.000000e+00  0.000000e+00  0.000000e+00
2.665135e+01  2.568526e+02  1.399777e+02  1.064749e+01  4.352424e+00  1.694965e+01  0.000000e+00  0.000000e+00  3.306556e+01  0.000000e+00  0.000000e+00  0.000000e+00  0.000000e+00  0.000000e+00  0.000000e+00  0.000000e+00  0.000000e+00
2.990330e+01  2.868945e+02  1.287460e+02  1.294285e+01  0.000000e+00  3.551119e+01  0.000000e+00  1.681562e+01  0.000000e+00  0.000000e+00  0.000000e+00  9.099744e+00  0.000000e+00  2.297391e+01  0.000000e+00  0.000000e+00  0.000000e+00
3.355206e+01  3.650075e+02  1.037864e+02  1.378452e+01  0.000000e+00  2.777368e+01  0.000000e+00  4.284919e+01  0.000000e+00  0.000000e+00  0.000000e+00  2.179718e+01  0.000000e+00  3.354475e+01  0.000000e+00  0.000000e+00  0.000000e+00
3.764603e+01  4.245878e+02  9.834237e+01  8.277089e-01  7.537844e+00  6.287649e+01  0.000000e+00  4.079009e+00  0.000000e+00  0.000000e+00  0.000000e+00  0.000000e+00  0.000000e+00  1.177935e+00  0.000000e+00  0.000000e+00  0.000000e+00
4.223954e+01  3.782419e+02  1.892347e+02  1.245017e+01  0.000000e+00  8.909716e+01  0.000000e+00  1.142271e+01  0.000000e+00  0.000000e+00  0.000000e+00  1.234886e+01  0.000000e+00  8.434941e+01  0.000000e+00  0.000000e+00  0.000000e+00
4.739354e+01  5.121765e+02  2.016964e+02  5.987523e+00  1.574622e+01  2.536713e+01  0.000000e+00  2.155447e+01  0.000000e+00  0.000000e+00  0.000000e+00  0.000000e+00  0.000000e+00  3.747990e+01  0.000000e+00  0.000000e+00  0.000000e+00
5.317643e+01  4.595437e+02  1.107650e+02  1.479251e+01  0.000000e+00  7.260509e+01  0.000000e+00  2.862384e+01  0.000000e+00  0.000000e+00  0.000000e+00  8.360197e+00  0.000000e+00  0.000000e+00  0.000000e+00  0.000000e+00  0.000000e+00
5.966493e+01  5.959102e+02  2.219033e+02  1.649238e+01  8.427776e+00  5.318350e+01  0.000000e+00  4.116715e+01  0.000000e+00  0.000000e+00  0.000000e+00  1.017118e+01  0.000000e+00  5.024777e+00  0.000000e+00  0.000000e+00  0.000000e+00
6.694516e+01  6.597501e+02  1.873272e+02  2.771251e+01  0.000000e+00  8.359427e+01  0.000000e+00  9.683800e+00  0.000000e+00  5.497806e+00  0.000000e+00  1.456684e+01  0.000000e+00  2.109024e+02  0.000000e+00  0.000000e+00  0.000000e+00
7.511370e+01  6.935999e+02  2.562506e+02  3.068743e+01  9.073869e+00  5.410033e+01  0.000000e+00  2.094282e+01  0.000000e+00  0.000000e+00  0.000000e+00  7.001245e+00  0.000000e+00  6.275715e+04  0.000000e+00  0.000000e+00  0.000000e+00
8.427896e+01  8.753668e+02  2.761277e+02  1.556790e+01  2.481622e+01  7.244152e+01  0.000000e+00  4.343927e+01  0.000000e+00  0.000000e+00  0.000000e+00  0.000000e+00  0.000000e+00  7.593408e+04  0.000000e+00  0.000000e+00  0.000000e+00
9.456255e+01  8.628765e+02  2.157989e+02  2.552338e+01  1.070634e+01  7.539969e+01  0.000000e+00  1.098880e+01  0.000000e+00  4.054849e+00  0.000000e+00  1.627009e-01  0.000000e+00  5.798950e+04  0.000000e+00  0.000000e+00  0.000000e+00
1.061009e+02  1.002156e+03  2.894075e+02  2.074244e+01  3.792797e+00  9.104433e+01  0.000000e+00  1.848360e+01  0.000000e+00  0.000000e+00  5.719673e+00  1.355152e+01  0.000000e+00  4.364011e+04  0.000000e+00  0.000000e+00  0.000000e+00
1.190472e+02  1.076890e+03  3.680964e+02  3.718388e+01  6.733908e+00  9.823335e+01  0.000000e+00  1.353373e+01  0.000000e+00  1.840218e+00  8.191536e+00  3.821265e+04  0.000000e+00  3.229938e+04  0.000000e+00  3.918285e+00  0.000000e+00
1.335731e+02  1.215164e+03  3.883022e+02  3.108753e+01  2.332801e-01  1.015625e+02  0.000000e+00  1.516465e+01  0.000000e+00  0.000000e+00  0.000000e+00  3.221024e+04  0.000000e+00  2.391056e+04  0.000000e+00  0.000000e+00  0.000000e+00
1.498715e+02  2.946002e+03  4.532259e+02  1.945945e+01  6.311934e+00  5.710545e+01  0.000000e+00  3.530833e+01  0.000000e+00  3.948075e+00  6.300958e+00  2.409647e+04  0.000000e+00  1.790576e+04  0.000000e+00  0.000000e+00  0.000000e+00
1.681586e+02  4.220468e+03  4.684974e+02  2.821621e+01  6.219701e+00  5.518095e+01  9.149345e-02  3.700860e+01  0.000000e+00  5.297763e+00  0.000000e+00  1.821443e+04  0.000000e+00  1.312166e+04  0.000000e+00  0.000000e+00  0.000000e+00
1.886771e+02  2.479455e+03  5.330956e+02  2.154394e+01  6.100036e+00  1.101974e+02  2.665097e+00  3.756757e+01  1.930942e+00  1.930942e+00  0.000000e+00  1.336365e+04  0.000000e+00  9.494702e+03  0.000000e+00  0.000000e+00  0.000000e+00
2.116992e+02  1.092298e+03  6.735324e+02  2.637013e+01  1.731399e+01  5.148839e+01  1.720954e+00  2.623968e+01  0.000000e+00  0.000000e+00  7.267583e-02  1.065577e+04  0.000000e+00  6.519191e+03  0.000000e+00  1.471898e-01  0.000000e+00
2.375304e+02  7.960501e+02  3.322799e+03  3.956773e+01  1.399019e+01  7.190013e+01  7.071139e-01  3.380524e+01  3.328474e+00  0.000000e+00  9.222938e-01  7.944248e+03  0.000000e+00  4.827037e+03  0.000000e+00  2.997162e+00  0.000000e+00
2.665135e+02  6.579649e+02  2.778195e+03  3.946263e+01  1.277213e+01  1.034900e+02  1.735369e+00  2.495263e+01  0.000000e+00  1.367002e+00  3.105929e+00  5.766766e+03  0.000000e+00  3.277826e+03  0.000000e+00  0.000000e+00  0.000000e+00
2.990330e+02  4.142328e+02  4.334089e+02  2.174726e+01  8.056895e+00  7.867302e+01  8.057720e-01  4.589901e+01  7.322069e-02  1.482933e-01  1.282256e+00  4.389585e+03  0.000000e+00  2.433389e+03  0.000000e+00  0.000000e+00  0.000000e+00
3.355206e+02  3.689802e+02  3.951715e+02  2.578146e+01  1.143793e+01  8.132201e+01  1.085848e+00  3.250990e+01  1.001197e+00  8.457600e-01  3.252192e+00  3.276266e+03  8.935457e-01  1.739553e+03  0.000000e+00  0.000000e+00  2.599971e-01
3.764603e+02  2.470610e+02  2.936375e+02  3.504610e+01  1.290368e+01  8.906327e+01  2.684267e+00  2.330400e+01  0.000000e+00  1.228547e+00  0.000000e+00  2.122163e+03  0.000000e+00  1.246447e+03  0.000000e+00  0.000000e+00  0.000000e+00
4.223954e+02  1.598611e+02  2.543518e+02  2.058900e+01  1.156782e+01  7.803952e+01  7.236474e-01  3.084284e+01  3.368280e+00  9.143563e-01  2.382458e+00  1.622251e+03  0.000000e+00  6.586850e+02  0.000000e+00  7.376964e-02  0.000000e+00
4.739354e+02  1.334024e+02  2.106926e+02  2.959397e+01  1.716950e+01  6.775956e+01  1.879228e+00  3.474515e+01  3.007773e+00  1.859413e+00  0.000000e+00  1.046549e+03  0.000000e+00  4.584365e+02  1.859413e+00  0.000000e+00  0.000000e+00
5.317643e+02  1.077631e+02  1.435905e+02  3.380702e+01  8.833581e+00  6.665460e+01  1.996822e+00  2.505786e+01  3.370379e+00  3.191822e+00  1.739282e+00  8.749102e+02  0.000000e+00  3.459608e+02  2.893277e-02  1.338783e+00  0.000000e+00
5.966493e+02  9.702216e+01  1.286802e+02  3.417321e+01  1.843562e+01  6.479883e+01  3.029029e+00  2.845843e+01  3.100215e+00  1.415651e+00  1.151423e+00  6.023266e+02  0.000000e+00  2.370510e+02  0.000000e+00  7.432269e-02  0.000000e+00
6.694516e+02  7.657750e+01  1.107723e+02  4.095566e+01  2.418421e+01  6.369032e+01  2.634016e+00  3.232523e+01  1.872730e+00  1.485970e+00  8.770228e-01  4.175707e+02  0.000000e+00  1.443777e+02  0.000000e+00  0.000000e+00  0.000000e+00
7.511370e+02  6.161278e+01  8.505857e+01  2.759017e+01  1.916901e+01  4.199378e+01  1.000275e+00  2.406603e+01  2.411793e+00  2.118032e+00  6.227413e-01  2.824342e+02  0.000000e+00  9.721398e+01  0.000000e+00  0.000000e+00  0.000000e+00
8.427896e+02  4.062667e+01  7.383685e+01  2.482446e+01  1.881679e+01  4.833146e+01  1.228217e+00  2.715405e+01  8.854749e-01  6.752183e-01  2.395690e+00  1.490926e+02  0.000000e+00  5.103845e+01  0.000000e+00  1.144288e+00  0.000000e+00
9.456255e+02  3.987566e+01  5.772609e+01  3.284058e+01  1.436121e+01  3.994992e+01  2.343806e+00  2.820105e+01  2.633857e+00  0.000000e+00  1.998179e+00  1.276826e+02  1.226680e-01  3.639550e+01  0.000000e+00  0.000000e+00  0.000000e+00
1.061009e+03  3.593730e+01  4.052947e+01  3.156057e+01  2.095121e+01  3.323644e+01  2.407626e+00  2.554454e+01  2.146601e+00  3.901530e+00  8.830287e-01  8.858309e+01  0.000000e+00  1.523091e+01  4.562160e-01  2.825640e-01  0.000000e+00
1.190472e+03  2.469252e+01  3.491104e+01  2.835000e+01  2.126879e+01  2.234808e+01  2.619493e+00  1.644506e+01  3.235732e+00  1.228545e+00  2.828440e+00  5.456641e+01  0.000000e+00  1.401091e+01  0.000000e+00  0.000000e+00  0.000000e+00
1.335731e+03  2.425575e+01  3.302320e+01  2.383534e+01  1.578224e+01  1.897632e+01  1.689371e+00  1.976131e+01  1.355108e+00  2.416018e+00  8.163753e-01  2.617028e+01  0.000000e+00  6.067839e+00  7.219968e-01  0.000000e+00  0.000000e+00
1.498715e+03  1.512110e+01  2.441830e+01  1.880456e+01  1.828080e+01  1.462665e+01  4.580325e+00  1.876188e+01  3.968575e+00  3.666832e+00  1.419722e+00  1.412557e+01  1.024601e-01  7.822217e+00  0.000000e+00  0.000000e+00  1.903610e-01
1.681586e+03  7.590410e+00  2.387362e+01  1.564383e+01  1.507875e+01  1.730044e+01  2.040862e+00  1.312844e+01  3.009469e+00  2.649482e+00  2.113734e+00  1.563435e+01  0.000000e+00  3.911971e+00  5.990390e-01  0.000000e+00  5.187623e-02
1.886771e+03  1.003704e+01  1.578646e+01  1.627569e+01  1.827120e+01  1.428701e+01  2.526417e+00  1.178355e+01  2.914499e+00  1.834435e+00  2.148594e+00  7.838396e+00  5.145117e-01  2.451273e-01  8.446501e-01  3.343948e-02  0.000000e+00
2.116992e+03  6.861962e+00  1.609346e+01  1.014397e+01  1.149059e+01  6.202336e+00  2.038470e+00  9.368531e+00  2.472153e+00  8.111071e-01  1.499635e+00  4.469413e+00  2.893381e-01  1.574755e+00  1.471898e-02  0.000000e+00  1.471898e-02
2.375304e+03  3.710914e+00  9.034539e+00  1.017878e+01  1.731334e+01  6.743525e+00  3.934469e+00  8.526653e+00  2.039340e+00  1.167433e+00  6.515121e-01  4.751911e+00  9.217939e-03  0.000000e+00  1.871615e-01  0.000000e+00  2.619657e-01
2.665135e+03  3.431547e+00  7.397122e+00  7.776372e+00  1.554720e+01  3.373584e+00  1.942240e+00  5.447988e+00  3.776356e+00  9.757449e-01  1.956566e+00  2.950944e+00  7.680702e-01  4.693992e-01  2.577715e-01  0.000000e+00  4.235200e-01
2.990330e+03  1.266823e+00  5.204433e+00  5.349432e+00  1.152000e+01  2.757143e+00  2.975935e+00  3.977749e+00  2.336056e+00  1.470961e+00  1.435059e+00  2.302531e+00  3.559694e-01  0.000000e+00  2.445684e-01  0.000000e+00  6.177564e-01
3.355206e+03  9.859014e-01  6.215150e+00  5.946866e+00  1.239442e+01  1.296765e+00  2.861052e+00  2.169157e+00  1.708401e+00  8.271699e-01  1.118467e+00  7.274430e-01  4.026320e-01  2.614613e-01  8.110155e-02  0.000000e+00  1.387258e-02
3.764603e+03  4.186010e-01  2.533158e+00  4.373188e+00  7.549168e+00  1.059222e+00  2.741147e+00  1.404594e+00  1.191791e+00  8.551461e-01  1.364421e+00  1.113755e+00  2.000648e-01  4.086863e-03  2.944498e-01  0.000000e+00  5.643193e-01
4.223954e+03  1.456158e-01  1.574694e+00  1.959878e+00  5.935891e+00  6.125486e-01  1.182226e+00  1.345110e+00  1.614763e+00  9.573462e-01  1.079956e+00  7.879464e-01  2.882505e-01  0.000000e+00  3.566659e-01  0.000000e+00  3.564764e-01
4.739354e+03  1.109622e-01  1.477552e+00  2.257412e+00  5.808785e+00  5.652671e-01  1.512979e+00  4.050997e-01  1.218341e+00  4.959029e-01  6.843063e-01  6.406133e-01  2.488739e-01  1.331250e-02  4.705707e-02  0.000000e+00  1.838161e-01
5.317643e+03  2.287005e-01  1.448829e+00  1.787722e+00  3.514335e+00  1.744693e-01  1.289414e+00  2.041814e-01  1.995380e+00  8.588238e-01  8.887052e-01  4.675018e-01  3.088460e-01  0.000000e+00  3.523350e-01  0.000000e+00  3.451858e-01
5.966493e+03  1.841681e-01  7.303758e-01  1.035970e+00  2.437403e+00  2.420740e-01  1.288926e+00  2.738393e-01  1.133997e+00  4.825923e-01  7.462764e-01  4.038426e-02  1.113951e-01  0.000000e+00  1.122863e-01  0.000000e+00  1.607569e-01
6.694516e+03  3.270648e-03  5.647524e-01  7.740129e-01  1.870967e+00  1.224693e-01  2.110103e+00  1.481373e-01  7.107560e-01  5.443632e-01  6.767524e-01  4.998267e-01  3.645163e-01  0.000000e+00  9.485663e-02  0.000000e+00  1.303072e-02
7.511370e+03  6.035669e-02  4.889280e-01  6.156541e-01  9.601336e-01  1.604696e-01  1.200560e+00  2.306543e-01  6.618627e-01  1.282045e-01  4.036426e-01  7.229856e-02  1.744534e-01  0.000000e+00  2.839542e-02  0.000000e+00  4.551888e-01
8.427896e+03  7.200642e-02  4.437919e-01  3.038828e-01  5.393302e-01  1.005963e-01  1.513624e+00  2.263480e-01  1.228610e+00  2.000323e-01  2.092394e-01  2.314170e-01  2.955757e-01  0.000000e+00  1.902522e-02  0.000000e+00  1.728196e-01
9.456255e+03  0.000000e+00  1.183580e-01  2.962196e-01  9.014447e-01  8.731699e-02  9.419413e-01  3.295169e-03  4.800794e-01  2.598145e-01  1.666743e-01  4.239342e-01  4.057261e-01  0.000000e+00  1.571483e-01  0.000000e+00  2.877592e-02
1.061009e+04  0.000000e+00  2.488080e-01  1.115735e-01  5.440051e-01  4.483706e-02  7.351769e-01  1.733299e-01  2.684318e-01  2.982603e-02  2.373011e-01  2.623296e-01  1.826724e-01  0.000000e+00  2.063640e-03  0.000000e+00  1.505013e-01
1.190472e+04  0.000000e+00  9.756467e-03  7.327713e-03  3.125872e-01  0.000000e+00  2.878023e-01  1.292379e-03  6.729560e-02  3.678441e-03  2.439731e-01  3.027699e-01  7.936191e-02  0.000000e+00  6.183287e-02  0.000000e+00  1.172368e-01
1.335731e+04  0.000000e+00  1.074217e-01  1.435020e-01  3.506801e-01  0.000000e+00  2.041730e-01  3.319873e-03  9.614275e-02  1.919082e-02  1.810351e-01  1.303502e-01  5.604059e-02  0.000000e+00  0.000000e+00  0.000000e+00  1.003623e-01
1.498715e+04  0.000000e+00  6.528102e-02  1.024601e-02  6.164769e-02  0.000000e+00  1.464684e-01  0.000000e+00  1.427129e-01  2.000400e-02  4.470197e-02  4.158222e-03  9.156392e-02  0.000000e+00  3.540056e-03  0.000000e+00  1.321557e-01
1.681586e+04  0.000000e+00  2.516165e-02  1.302069e-03  3.467931e-02  0.000000e+00  2.383227e-01  9.149345e-04  4.192351e-02  0.000000e+00  9.131764e-03  6.898127e-03  7.824692e-03  0.000000e+00  1.087824e-01  0.000000e+00  1.058556e-01
1.886771e+04  0.000000e+00  3.053600e-02  0.000000e+00  4.987207e-02  0.000000e+00  1.450851e-01  0.000000e+00  1.051282e-01  0.000000e+00  0.000000e+00  6.767212e-02  5.600550e-02  0.000000e+00  8.727933e-02  0.000000e+00  1.260833e-01
2.116992e+04  0.000000e+00  7.267583e-04  0.000000e+00  5.799508e-02  0.000000e+00  2.821456e-03  0.000000e+00  2.866627e-02  0.000000e+00  0.000000e+00  0.000000e+00  4.162707e-02  0.000000e+00  1.161044e-01  0.000000e+00  2.866627e-02
2.375304e+04  0.000000e+00  0.000000e+00  0.000000e+00  6.477241e-04  0.000000e+00  3.755981e-02  3.672556e-03  1.014407e-02  0.000000e+00  1.262167e-02  2.892244e-02  1.843588e-03  0.000000e+00  0.000000e+00  0.000000e+00  7.467771e-02
2.665135e+04  0.000000e+00  3.273169e-03  0.000000e+00  3.695448e-02  0.000000e+00  0.000000e+00  0.000000e+00  0.000000e+00  0.000000e+00  2.367334e-03  0.000000e+00  0.000000e+00  0.000000e+00  0.000000e+00  0.000000e+00  3.273169e-03
2.990330e+04  0.000000e+00  0.000000e+00  0.000000e+00  1.230805e-02  0.000000e+00  0.000000e+00  0.000000e+00  0.000000e+00  0.000000e+00  0.000000e+00  0.000000e+00  2.036577e-02  0.000000e+00  3.103163e-02  0.000000e+00  1.883304e-02
3.355206e+04  0.000000e+00  0.000000e+00  0.000000e+00  0.000000e+00  0.000000e+00  0.000000e+00  0.000000e+00  0.000000e+00  0.000000e+00  0.000000e+00  0.000000e+00  9.287047e-04  0.000000e+00  2.121828e-02  0.000000e+00  3.760880e-03
3.764603e+04  0.000000e+00  0.000000e+00  0.000000e+00  4.079009e-03  0.000000e+00  0.000000e+00  0.000000e+00  0.000000e+00  0.000000e+00  0.000000e+00  0.000000e+00  9.776634e-03  0.000000e+00  4.079009e-03  0.000000e+00  4.086863e-04
4.223954e+04  0.000000e+00  0.000000e+00  0.000000e+00  2.746194e-03  0.000000e+00  0.000000e+00  0.000000e+00  3.361175e-02  0.000000e+00  0.000000e+00  0.000000e+00  1.286722e-02  0.000000e+00  0.000000e+00  0.000000e+00  0.000000e+00
4.739354e+04  0.000000e+00  0.000000e+00  0.000000e+00  0.000000e+00  0.000000e+00  0.000000e+00  0.000000e+00  3.246310e-04  0.000000e+00  0.000000e+00  0.000000e+00  2.772179e-03  0.000000e+00  7.765857e-03  0.000000e+00  0.000000e+00
5.317643e+04  0.000000e+00  0.000000e+00  0.000000e+00  0.000000e+00  0.000000e+00  0.000000e+00  0.000000e+00  0.000000e+00  0.000000e+00  0.000000e+00  0.000000e+00  0.000000e+00  0.000000e+00  0.000000e+00  0.000000e+00  0.000000e+00
5.966493e+04  0.000000e+00  0.000000e+00  0.000000e+00  0.000000e+00  0.000000e+00  0.000000e+00  0.000000e+00  0.000000e+00  0.000000e+00  0.000000e+00  0.000000e+00  0.000000e+00  0.000000e+00  0.000000e+00  0.000000e+00  0.000000e+00
6.694516e+04  0.000000e+00  0.000000e+00  0.000000e+00  0.000000e+00  0.000000e+00  0.000000e+00  0.000000e+00  0.000000e+00  0.000000e+00  0.000000e+00  0.000000e+00  0.000000e+00  0.000000e+00  0.000000e+00  0.000000e+00  3.829072e-03
7.511370e+04  0.000000e+00  0.000000e+00  0.000000e+00  0.000000e+00  0.000000e+00  0.000000e+00  0.000000e+00  0.000000e+00  0.000000e+00  0.000000e+00  0.000000e+00  0.000000e+00  0.000000e+00  0.000000e+00  0.000000e+00  1.282045e-02
8.427896e+04  0.000000e+00  0.000000e+00  0.000000e+00  0.000000e+00  0.000000e+00  0.000000e+00  0.000000e+00  0.000000e+00  0.000000e+00  0.000000e+00  0.000000e+00  0.000000e+00  0.000000e+00  0.000000e+00  0.000000e+00  0.000000e+00
9.456255e+04  0.000000e+00  0.000000e+00  0.000000e+00  0.000000e+00  0.000000e+00  0.000000e+00  0.000000e+00  0.000000e+00  0.000000e+00  0.000000e+00  0.000000e+00  0.000000e+00  0.000000e+00  0.000000e+00  0.000000e+00  0.000000e+00
1.061009e+05  0.000000e+00  0.000000e+00  0.000000e+00  0.000000e+00  0.000000e+00  0.000000e+00  0.000000e+00  0.000000e+00  0.000000e+00  0.000000e+00  0.000000e+00  0.000000e+00  0.000000e+00  0.000000e+00  0.000000e+00  0.000000e+00
1.190472e+05  0.000000e+00  0.000000e+00  0.000000e+00  0.000000e+00  0.000000e+00  0.000000e+00  0.000000e+00  0.000000e+00  0.000000e+00  0.000000e+00  0.000000e+00  0.000000e+00  0.000000e+00  0.000000e+00  0.000000e+00  0.000000e+00
1.335731e+05  0.000000e+00  0.000000e+00  0.000000e+00  0.000000e+00  0.000000e+00  0.000000e+00  0.000000e+00  0.000000e+00  0.000000e+00  0.000000e+00  0.000000e+00  0.000000e+00  0.000000e+00  0.000000e+00  0.000000e+00  0.000000e+00
1.498715e+05  0.000000e+00  0.000000e+00  0.000000e+00  0.000000e+00  0.000000e+00  0.000000e+00  0.000000e+00  0.000000e+00  0.000000e+00  0.000000e+00  0.000000e+00  0.000000e+00  0.000000e+00  0.000000e+00  0.000000e+00  0.000000e+00
1.681586e+05  0.000000e+00  0.000000e+00  0.000000e+00  0.000000e+00  0.000000e+00  0.000000e+00  0.000000e+00  0.000000e+00  0.000000e+00  0.000000e+00  0.000000e+00  0.000000e+00  0.000000e+00  0.000000e+00  0.000000e+00  0.000000e+00
1.886771e+05  0.000000e+00  0.000000e+00  0.000000e+00  0.000000e+00  0.000000e+00  0.000000e+00  0.000000e+00  0.000000e+00  0.000000e+00  0.000000e+00  0.000000e+00  0.000000e+00  0.000000e+00  0.000000e+00  0.000000e+00  0.000000e+00
2.116992e+05  0.000000e+00  0.000000e+00  0.000000e+00  0.000000e+00  0.000000e+00  0.000000e+00  0.000000e+00  0.000000e+00  0.000000e+00  0.000000e+00  0.000000e+00  0.000000e+00  0.000000e+00  0.000000e+00  0.000000e+00  0.000000e+00
2.375304e+05  0.000000e+00  0.000000e+00  0.000000e+00  0.000000e+00  0.000000e+00  0.000000e+00  0.000000e+00  0.000000e+00  0.000000e+00  0.000000e+00  0.000000e+00  0.000000e+00  0.000000e+00  0.000000e+00  0.000000e+00  0.000000e+00
2.665135e+05  0.000000e+00  0.000000e+00  0.000000e+00  0.000000e+00  0.000000e+00  0.000000e+00  0.000000e+00  0.000000e+00  0.000000e+00  0.000000e+00  0.000000e+00  0.000000e+00  0.000000e+00  0.000000e+00  0.000000e+00  0.000000e+00
2.990330e+05  0.000000e+00  0.000000e+00  0.000000e+00  0.000000e+00  0.000000e+00  0.000000e+00  0.000000e+00  0.000000e+00  0.000000e+00  0.000000e+00  0.000000e+00  0.000000e+00  0.000000e+00  0.000000e+00  0.000000e+00  0.000000e+00
3.355206e+05  0.000000e+00  0.000000e+00  0.000000e+00  0.000000e+00  0.000000e+00  0.000000e+00  0.000000e+00  0.000000e+00  0.000000e+00  0.000000e+00  0.000000e+00  0.000000e+00  0.000000e+00  0.000000e+00  0.000000e+00  0.000000e+00
3.764603e+05  0.000000e+00  0.000000e+00  0.000000e+00  0.000000e+00  0.000000e+00  0.000000e+00  0.000000e+00  0.000000e+00  0.000000e+00  0.000000e+00  0.000000e+00  0.000000e+00  0.000000e+00  0.000000e+00  0.000000e+00  0.000000e+00
4.223954e+05  0.000000e+00  0.000000e+00  0.000000e+00  0.000000e+00  0.000000e+00  0.000000e+00  0.000000e+00  0.000000e+00  0.000000e+00  0.000000e+00  0.000000e+00  0.000000e+00  0.000000e+00  0.000000e+00  0.000000e+00  0.000000e+00
4.739354e+05  0.000000e+00  0.000000e+00  0.000000e+00  0.000000e+00  0.000000e+00  0.000000e+00  0.000000e+00  0.000000e+00  0.000000e+00  0.000000e+00  0.000000e+00  0.000000e+00  0.000000e+00  0.000000e+00  0.000000e+00  0.000000e+00
5.317643e+05  0.000000e+00  0.000000e+00  0.000000e+00  0.000000e+00  0.000000e+00  0.000000e+00  0.000000e+00  0.000000e+00  0.000000e+00  0.000000e+00  0.000000e+00  0.000000e+00  0.000000e+00  0.000000e+00  0.000000e+00  0.000000e+00
5.966493e+05  0.000000e+00  0.000000e+00  0.000000e+00  0.000000e+00  0.000000e+00  0.000000e+00  0.000000e+00  0.000000e+00  0.000000e+00  0.000000e+00  0.000000e+00  0.000000e+00  0.000000e+00  0.000000e+00  0.000000e+00  0.000000e+00
6.694516e+05  0.000000e+00  0.000000e+00  0.000000e+00  0.000000e+00  0.000000e+00  0.000000e+00  0.000000e+00  0.000000e+00  0.000000e+00  0.000000e+00  0.000000e+00  0.000000e+00  0.000000e+00  0.000000e+00  0.000000e+00  0.000000e+00
7.511370e+05  0.000000e+00  0.000000e+00  0.000000e+00  0.000000e+00  0.000000e+00  0.000000e+00  0.000000e+00  0.000000e+00  0.000000e+00  0.000000e+00  0.000000e+00  0.000000e+00  0.000000e+00  0.000000e+00  0.000000e+00  0.000000e+00
8.427896e+05  0.000000e+00  0.000000e+00  0.000000e+00  0.000000e+00  0.000000e+00  0.000000e+00  0.000000e+00  0.000000e+00  0.000000e+00  0.000000e+00  0.000000e+00  0.000000e+00  0.000000e+00  0.000000e+00  0.000000e+00  0.000000e+00
9.456255e+05  0.000000e+00  0.000000e+00  0.000000e+00  0.000000e+00  0.000000e+00  0.000000e+00  0.000000e+00  0.000000e+00  0.000000e+00  0.000000e+00  0.000000e+00  0.000000e+00  0.000000e+00  0.000000e+00  0.000000e+00  0.000000e+00
