# dR/dEr [1/keV/kg/Myr]
# Er [keV], S, F, Ne, Cl, Na, Si, O, P, N, C, Al, Mg, Be, B, Ar, Li
1.061009e+01  4.603437e+01  3.385603e+01  0.000000e+00  0.000000e+00  1.128738e+01  0.000000e+00  3.188553e+00  0.000000e+00  0.000000e+00  0.000000e+00  0.000000e+00  0.000000e+00  5.316285e-02  0.000000e+00  0.000000e+00  0.000000e+00
1.190472e+01  1.756935e+01  2.967408e+00  0.000000e+00  0.000000e+00  5.567309e+00  0.000000e+00  0.000000e+00  0.000000e+00  0.000000e+00  0.000000e+00  0.000000e+00  0.000000e+00  0.000000e+00  0.000000e+00  0.000000e+00  0.000000e+00
1.335731e+01  2.517975e+01  5.210713e+00  0.000000e+00  0.000000e+00  0.000000e+00  0.000000e+00  0.000000e+00  0.000000e+00  0.000000e+00  0.000000e+00  0.000000e+00  0.000000e+00  0.000000e+00  0.000000e+00  0.000000e+00  0.000000e+00
1.498715e+01  6.486906e+00  6.308695e+00  0.000000e+00  0.000000e+00  2.657224e+00  0.000000e+00  1.098505e+00  0.000000e+00  0.000000e+00  0.000000e+00  0.000000e+00  0.000000e+00  0.000000e+00  0.000000e+00  0.000000e+00  0.000000e+00
1.681586e+01  1.600926e+01  6.399596e+00  2.327080e+00  0.000000e+00  4.479794e+00  9.790434e-01  0.000000e+00  0.000000e+00  0.000000e+00  0.000000e+00  0.000000e+00  0.000000e+00  0.000000e+00  0.000000e+00  0.000000e+00  0.000000e+00
1.886771e+01  1.099737e+01  7.663909e+00  0.000000e+00  0.000000e+00  2.074012e+00  0.000000e+00  0.000000e+00  0.000000e+00  0.000000e+00  0.000000e+00  0.000000e+00  0.000000e+00  0.000000e+00  0.000000e+00  0.000000e+00  0.000000e+00
2.116992e+01  1.103859e+01  8.592955e+00  0.000000e+00  0.000000e+00  2.235280e+00  0.000000e+00  9.906923e-01  0.000000e+00  0.000000e+00  0.000000e+00  3.075589e-01  0.000000e+00  0.000000e+00  0.000000e+00  0.000000e+00  0.000000e+00
2.375304e+01  2.035163e+01  4.017968e+00  1.876985e+00  0.000000e+00  4.590386e+00  0.000000e+00  1.647446e+00  0.000000e+00  0.000000e+00  0.000000e+00  0.000000e+00  0.000000e+00  0.000000e+00  0.000000e+00  0.000000e+00  0.000000e+00
2.665135e+01  1.759260e+01  7.327115e+00  7.869349e-01  2.597901e-02  1.266612e+00  0.000000e+00  0.000000e+00  1.080170e+00  0.000000e+00  0.000000e+00  0.000000e+00  0.000000e+00  0.000000e+00  0.000000e+00  0.000000e+00  0.000000e+00
2.990330e+01  1.977884e+01  8.953547e+00  9.780691e-01  0.000000e+00  8.840307e-01  0.000000e+00  1.251913e+00  0.000000e+00  0.000000e+00  0.000000e+00  8.027205e-02  0.000000e+00  5.179396e-01  0.000000e+00  0.000000e+00  0.000000e+00
3.355206e+01  2.528865e+01  6.507945e+00  9.692500e-01  0.000000e+00  2.035451e+00  0.000000e+00  2.138639e+00  0.000000e+00  0.000000e+00  0.000000e+00  4.669948e-01  0.000000e+00  4.651866e-01  0.000000e+00  0.000000e+00  0.000000e+00
3.764603e+01  2.785712e+01  4.509956e+00  3.068768e-03  5.571072e-01  2.799801e+00  0.000000e+00  2.836410e-02  0.000000e+00  0.000000e+00  0.000000e+00  0.000000e+00  0.000000e+00  4.795483e-03  0.000000e+00  0.000000e+00  0.000000e+00
4.223954e+01  2.568303e+01  1.297493e+01  2.125578e-01  0.000000e+00  5.889575e+00  0.000000e+00  7.838023e-01  0.000000e+00  0.000000e+00  0.000000e+00  1.359118e-01  0.000000e+00  3.228213e+00  0.000000e+00  0.000000e+00  0.000000e+00
4.739354e+01  3.599898e+01  1.404808e+01  4.425260e-01  1.128702e+00  1.707827e+00  0.000000e+00  1.598070e+00  0.000000e+00  0.000000e+00  0.000000e+00  0.000000e+00  0.000000e+00  1.175678e+00  0.000000e+00  0.000000e+00  0.000000e+00
5.317643e+01  3.147299e+01  8.052676e+00  1.098404e+00  0.000000e+00  4.060800e+00  0.000000e+00  2.127616e+00  0.000000e+00  0.000000e+00  0.000000e+00  1.224414e-01  0.000000e+00  0.000000e+00  0.000000e+00  0.000000e+00  0.000000e+00
5.966493e+01  4.213565e+01  1.487876e+01  1.221635e+00  6.274428e-01  2.655046e+00  0.000000e+00  1.982083e+00  0.000000e+00  0.000000e+00  0.000000e+00  2.008579e-01  0.000000e+00  5.555713e-02  0.000000e+00  0.000000e+00  0.000000e+00
6.694516e+01  4.575229e+01  1.250047e+01  2.041081e+00  0.000000e+00  5.711094e+00  0.000000e+00  5.948784e-01  0.000000e+00  6.980424e-02  0.000000e+00  5.860828e-01  0.000000e+00  8.420749e+00  0.000000e+00  0.000000e+00  0.000000e+00
7.511370e+01  4.795591e+01  1.698947e+01  1.715823e+00  6.521286e-01  3.404550e+00  0.000000e+00  1.495884e+00  0.000000e+00  0.000000e+00  0.000000e+00  1.195300e-01  0.000000e+00  2.536520e+03  0.000000e+00  0.000000e+00  0.000000e+00
8.427896e+01  6.100830e+01  1.932223e+01  1.133224e+00  1.530879e+00  4.840809e+00  0.000000e+00  2.588444e+00  0.000000e+00  0.000000e+00  0.000000e+00  0.000000e+00  0.000000e+00  3.089097e+03  0.000000e+00  0.000000e+00  0.000000e+00
9.456255e+01  6.074917e+01  1.499732e+01  1.497299e+00  7.790453e-01  4.213171e+00  0.000000e+00  7.596318e-01  0.000000e+00  4.991791e-02  0.000000e+00  5.002964e-04  0.000000e+00  2.339007e+03  0.000000e+00  0.000000e+00  0.000000e+00
1.061009e+02  7.156710e+01  1.969664e+01  1.188423e+00  2.761032e-01  6.043168e+00  0.000000e+00  1.319636e+00  0.000000e+00  0.000000e+00  1.129507e-01  5.984868e-01  0.000000e+00  1.788931e+03  0.000000e+00  0.000000e+00  0.000000e+00
1.190472e+02  7.689437e+01  2.501257e+01  2.622546e+00  4.064647e-01  5.471086e+00  0.000000e+00  8.048948e-01  0.000000e+00  1.382936e-01  3.295786e-01  1.583556e+03  0.000000e+00  1.311494e+03  0.000000e+00  5.531358e-02  0.000000e+00
1.335731e+02  8.660264e+01  2.722622e+01  1.859884e+00  8.648962e-04  6.740306e+00  0.000000e+00  1.000867e+00  0.000000e+00  0.000000e+00  0.000000e+00  1.319737e+03  0.000000e+00  9.636079e+02  0.000000e+00  0.000000e+00  0.000000e+00
1.498715e+02  2.123080e+02  3.145741e+01  1.409354e+00  4.333439e-01  4.021107e+00  0.000000e+00  1.687664e+00  0.000000e+00  2.268257e-01  1.939663e-01  9.872601e+02  0.000000e+00  7.205781e+02  0.000000e+00  0.000000e+00  0.000000e+00
1.681586e+02  3.055069e+02  3.175403e+01  1.836649e+00  4.479794e-01  3.397309e+00  2.813373e-04  2.171388e+00  0.000000e+00  1.451260e-01  0.000000e+00  7.303581e+02  0.000000e+00  5.289600e+02  0.000000e+00  0.000000e+00  0.000000e+00
1.886771e+02  1.776038e+02  3.761113e+01  1.346897e+00  4.492174e-01  7.368205e+00  1.984148e-01  2.032990e+00  1.396450e-01  1.396450e-01  0.000000e+00  5.460326e+02  0.000000e+00  3.897419e+02  0.000000e+00  0.000000e+00  0.000000e+00
2.116992e+02  7.728806e+01  4.668444e+01  1.740627e+00  1.077981e+00  3.059595e+00  1.244588e-01  1.740093e+00  0.000000e+00  0.000000e+00  2.234742e-04  4.297165e+02  0.000000e+00  2.603219e+02  0.000000e+00  5.457126e-04  0.000000e+00
2.375304e+02  5.595443e+01  2.407403e+02  2.684851e+00  9.362641e-01  4.521303e+00  5.382064e-02  1.890462e+00  2.259658e-01  0.000000e+00  6.931096e-02  3.201527e+02  0.000000e+00  1.898135e+02  0.000000e+00  1.942259e-01  0.000000e+00
2.665135e+02  4.600838e+01  2.006759e+02  2.751744e+00  6.676779e-01  6.475783e+00  1.220214e-01  1.466450e+00  0.000000e+00  9.886111e-02  9.051008e-02  2.350547e+02  0.000000e+00  1.337376e+02  0.000000e+00  0.000000e+00  0.000000e+00
2.990330e+02  2.800713e+01  3.035038e+01  1.516817e+00  5.502652e-01  5.032689e+00  7.640870e-03  2.772666e+00  2.472269e-04  6.037155e-04  1.578543e-02  1.773599e+02  0.000000e+00  1.002388e+02  0.000000e+00  0.000000e+00  0.000000e+00
3.355206e+02  2.457132e+01  2.702573e+01  1.770665e+00  7.307013e-01  5.325189e+00  7.852817e-02  2.029115e+00  7.620419e-02  6.250846e-02  1.190025e-01  1.322650e+02  9.879610e-03  6.892607e+01  0.000000e+00  0.000000e+00  1.317477e-03
3.764603e+02  1.638862e+01  2.010414e+01  2.220426e+00  6.364012e-01  5.988987e+00  3.302441e-02  1.435203e+00  0.000000e+00  8.638450e-02  0.000000e+00  8.705129e+01  0.000000e+00  5.043731e+01  0.000000e+00  0.000000e+00  0.000000e+00
4.223954e+02  1.057914e+01  1.674342e+01  1.420592e+00  6.813809e-01  5.077571e+00  4.982726e-02  2.048902e+00  1.541727e-01  6.255217e-02  9.316137e-02  6.704169e+01  0.000000e+00  2.745163e+01  0.000000e+00  2.735042e-04  0.000000e+00
4.739354e+02  8.361358e+00  1.360861e+01  2.000690e+00  1.189301e+00  4.314539e+00  6.953912e-02  1.913544e+00  1.424525e-01  6.074244e-02  0.000000e+00  4.142573e+01  0.000000e+00  1.838401e+01  6.074244e-02  0.000000e+00  0.000000e+00
5.317643e+02  6.470175e+00  8.859432e+00  2.095611e+00  5.717330e-01  4.575912e+00  1.405367e-01  1.687587e+00  1.732732e-01  1.671657e-01  6.309410e-02  3.423656e+01  0.000000e+00  1.443073e+01  8.896668e-05  8.675751e-02  0.000000e+00
5.966493e+02  5.771827e+00  7.712762e+00  2.143712e+00  9.851689e-01  4.456564e+00  1.369013e-01  1.662713e+00  1.674758e-01  8.947971e-02  2.595847e-02  2.470597e+01  0.000000e+00  9.650678e+00  0.000000e+00  3.025745e-04  0.000000e+00
6.694516e+02  4.415200e+00  6.480046e+00  2.618954e+00  1.441432e+00  4.277889e+00  1.406132e-01  2.101504e+00  1.265920e-01  1.070312e-01  3.157288e-02  1.724449e+01  0.000000e+00  5.473826e+00  0.000000e+00  0.000000e+00  0.000000e+00
7.511370e+02  3.589132e+00  5.046409e+00  1.803682e+00  1.168809e+00  2.859267e+00  3.825804e-02  1.560173e+00  1.532700e-01  1.093056e-01  2.143264e-02  1.111233e+01  0.000000e+00  3.743992e+00  0.000000e+00  0.000000e+00  0.000000e+00
8.427896e+02  2.229108e+00  4.177044e+00  1.548246e+00  1.302391e+00  3.169474e+00  9.085089e-02  1.783494e+00  6.347161e-02  2.781036e-02  5.499487e-02  5.895240e+00  0.000000e+00  1.839948e+00  0.000000e+00  5.051565e-02  0.000000e+00
9.456255e+02  2.180866e+00  3.450520e+00  2.067223e+00  8.645124e-01  2.633344e+00  1.173259e-01  1.839363e+00  1.856279e-01  0.000000e+00  8.660878e-02  4.860719e+00  7.321881e-04  1.453327e+00  0.000000e+00  0.000000e+00  0.000000e+00
1.061009e+03  1.998628e+00  2.435116e+00  1.941533e+00  1.324792e+00  2.111979e+00  1.494231e-01  1.709150e+00  1.384908e-01  1.976351e-01  2.322141e-02  3.469764e+00  0.000000e+00  5.384930e-01  5.056913e-03  3.124207e-03  0.000000e+00
1.190472e+03  1.328684e+00  2.098842e+00  1.776251e+00  1.338281e+00  1.583679e+00  1.444260e-01  1.041377e+00  1.660375e-01  7.371114e-02  5.655483e-02  2.095917e+00  0.000000e+00  6.205852e-01  0.000000e+00  0.000000e+00  0.000000e+00
1.335731e+03  1.325975e+00  1.843845e+00  1.450982e+00  1.021838e+00  1.305423e+00  6.607992e-02  1.359051e+00  7.177601e-02  1.287835e-01  2.323052e-02  1.049236e+00  0.000000e+00  2.023746e-01  3.187322e-02  0.000000e+00  0.000000e+00
1.498715e+03  8.353439e-01  1.367664e+00  1.182267e+00  1.101983e+00  9.026594e-01  2.019096e-01  1.190959e+00  2.236652e-01  1.878246e-01  3.951867e-02  6.305051e-01  7.124739e-04  3.288593e-01  0.000000e+00  0.000000e+00  1.645011e-03
1.681586e+03  3.501150e-01  1.300532e+00  9.217173e-01  9.575822e-01  1.074300e+00  1.060955e-01  9.032237e-01  1.423622e-01  1.309708e-01  8.291249e-02  6.158487e-01  0.000000e+00  1.895572e-01  2.091685e-02  0.000000e+00  2.628713e-04
1.886771e+03  4.781059e-01  7.965597e-01  9.413394e-01  1.229975e+00  8.565674e-01  1.175687e-01  8.013284e-01  1.465422e-01  1.043870e-01  7.989441e-02  3.145903e-01  1.932454e-02  1.723597e-02  1.631735e-02  1.494783e-04  0.000000e+00
2.116992e+03  3.701531e-01  8.283489e-01  6.159418e-01  7.431114e-01  3.497269e-01  1.063921e-01  6.018643e-01  1.293939e-01  3.165493e-02  6.147819e-02  1.504985e-01  9.114365e-03  5.790813e-02  5.457126e-05  0.000000e+00  5.457126e-05
2.375304e+03  1.464396e-01  4.854150e-01  5.536339e-01  1.066492e+00  3.526626e-01  1.749634e-01  5.450508e-01  1.210622e-01  7.551796e-02  1.994112e-02  1.834084e-01  3.112402e-05  0.000000e+00  2.741122e-03  0.000000e+00  5.065240e-03
2.665135e+03  1.647038e-01  3.539127e-01  4.411203e-01  8.929536e-01  1.707688e-01  1.135690e-01  3.410963e-01  2.069520e-01  4.801183e-02  9.706412e-02  9.694051e-02  3.086975e-02  1.818551e-02  5.811378e-03  0.000000e+00  1.512239e-02
2.990330e+03  3.605901e-02  2.533743e-01  2.820944e-01  6.834205e-01  1.478438e-01  1.445091e-01  2.431076e-01  1.281767e-01  4.039818e-02  3.415421e-02  7.928449e-02  5.223127e-03  0.000000e+00  5.239768e-03  0.000000e+00  2.124785e-02
3.355206e+03  3.623898e-02  2.945030e-01  2.698729e-01  7.000058e-01  5.159498e-02  1.440611e-01  1.548544e-01  8.391702e-02  3.483319e-02  3.902171e-02  1.649079e-02  1.596513e-02  1.350679e-02  7.154254e-04  0.000000e+00  4.853241e-05
3.764603e+03  1.279148e-02  1.103451e-01  1.911335e-01  4.314606e-01  4.487184e-02  1.131934e-01  9.334755e-02  6.374139e-02  2.082528e-02  4.200278e-02  3.129928e-02  2.044683e-03  1.256688e-05  1.210181e-02  0.000000e+00  1.080370e-02
4.223954e+03  1.409895e-03  8.449715e-02  7.122222e-02  3.454490e-01  1.846850e-02  5.792908e-02  8.308686e-02  7.439787e-02  3.274280e-02  2.738793e-02  2.576567e-02  4.469685e-03  0.000000e+00  1.255042e-02  0.000000e+00  6.140273e-03
4.739354e+03  1.894423e-03  5.741578e-02  9.751965e-02  3.174872e-01  2.099717e-02  6.521216e-02  2.017695e-02  5.351891e-02  1.408362e-02  1.741585e-02  1.863165e-02  7.736239e-03  5.950839e-05  3.583702e-04  0.000000e+00  1.737384e-03
5.317643e+03  1.048825e-02  5.243597e-02  6.019661e-02  1.972822e-01  1.922793e-03  4.685326e-02  7.460146e-03  9.377446e-02  3.404132e-02  2.207012e-02  6.696605e-03  1.082152e-02  0.000000e+00  8.340399e-03  0.000000e+00  1.252190e-02
5.966493e+03  3.403845e-03  2.304547e-02  2.904304e-02  1.152366e-01  8.505383e-03  6.110824e-02  6.354626e-03  3.725319e-02  1.373195e-02  2.943966e-02  3.829507e-04  1.275748e-03  0.000000e+00  2.055848e-03  0.000000e+00  4.166910e-03
6.694516e+03  1.104322e-05  1.591851e-02  2.219403e-02  8.386376e-02  1.511964e-03  8.617865e-02  1.816182e-03  2.038792e-02  1.614697e-02  2.498892e-02  1.250208e-02  1.703139e-02  0.000000e+00  1.418223e-03  0.000000e+00  6.603028e-05
7.511370e+03  5.834632e-04  1.301174e-02  2.271421e-02  4.917616e-02  5.972138e-03  4.166707e-02  6.482295e-03  1.552333e-02  4.658665e-03  1.418313e-02  4.862013e-04  3.806780e-03  0.000000e+00  1.724899e-04  0.000000e+00  1.365075e-02
8.427896e+03  1.421965e-03  9.356469e-03  1.132932e-02  1.146033e-02  1.693074e-03  5.441831e-02  1.093216e-02  4.126537e-02  5.656157e-03  4.426608e-03  9.310842e-03  8.206514e-03  0.000000e+00  1.035735e-04  0.000000e+00  2.234978e-03
9.456255e+03  0.000000e+00  2.744877e-03  1.172353e-02  2.977159e-02  2.096379e-03  3.562419e-02  1.221698e-05  1.334430e-02  8.168585e-03  4.696715e-03  1.591540e-02  1.012961e-02  0.000000e+00  4.423875e-03  0.000000e+00  2.538425e-04
1.061009e+04  0.000000e+00  9.281655e-03  4.396401e-03  1.779613e-02  6.245492e-04  2.453354e-02  2.687957e-03  9.914350e-03  2.432524e-04  6.476178e-03  6.419358e-03  6.996014e-03  0.000000e+00  6.967800e-06  0.000000e+00  3.875407e-03
1.190472e+04  0.000000e+00  3.960507e-05  3.713156e-05  9.165241e-03  0.000000e+00  7.602578e-03  3.973996e-06  5.373111e-04  1.242012e-05  6.672715e-03  1.565072e-02  3.749051e-03  0.000000e+00  7.850762e-04  0.000000e+00  1.411930e-03
1.335731e+04  0.000000e+00  1.738039e-03  5.641120e-03  1.186527e-02  0.000000e+00  8.096253e-03  1.351551e-05  1.892799e-03  1.745996e-04  5.074835e-03  2.532331e-03  7.548152e-04  0.000000e+00  0.000000e+00  0.000000e+00  1.562295e-03
1.498715e+04  0.000000e+00  2.338020e-03  7.124739e-05  7.033772e-04  0.000000e+00  4.268436e-03  0.000000e+00  6.459196e-03  2.211769e-04  8.184480e-04  1.541679e-05  5.331844e-03  0.000000e+00  1.264122e-05  0.000000e+00  3.557004e-03
1.681586e+04  0.000000e+00  1.681726e-04  4.396385e-06  4.215714e-04  0.000000e+00  7.814023e-03  2.813373e-06  5.918668e-04  0.000000e+00  6.349930e-05  4.117396e-05  3.702288e-05  0.000000e+00  2.017152e-03  0.000000e+00  2.708824e-03
1.886771e+04  0.000000e+00  3.780835e-04  0.000000e+00  1.537857e-03  0.000000e+00  4.962699e-03  0.000000e+00  3.822847e-03  0.000000e+00  0.000000e+00  1.285285e-03  1.586293e-03  0.000000e+00  2.907311e-03  0.000000e+00  1.987287e-03
2.116992e+04  0.000000e+00  2.234742e-06  0.000000e+00  9.961206e-04  0.000000e+00  1.076245e-05  0.000000e+00  5.660945e-04  0.000000e+00  0.000000e+00  0.000000e+00  1.359854e-03  0.000000e+00  4.535431e-03  0.000000e+00  5.660945e-04
2.375304e+04  0.000000e+00  0.000000e+00  0.000000e+00  1.991716e-06  0.000000e+00  6.083255e-04  1.860986e-05  9.619286e-05  0.000000e+00  1.395532e-04  6.520474e-04  6.224804e-06  0.000000e+00  0.000000e+00  0.000000e+00  1.927281e-03
2.665135e+04  0.000000e+00  1.658606e-05  0.000000e+00  1.315764e-03  0.000000e+00  0.000000e+00  0.000000e+00  0.000000e+00  0.000000e+00  1.058226e-05  0.000000e+00  0.000000e+00  0.000000e+00  0.000000e+00  0.000000e+00  1.658606e-05
2.990330e+04  0.000000e+00  0.000000e+00  0.000000e+00  1.562722e-04  0.000000e+00  0.000000e+00  0.000000e+00  0.000000e+00  0.000000e+00  0.000000e+00  0.000000e+00  2.326809e-04  0.000000e+00  5.943483e-04  0.000000e+00  3.043002e-04
3.355206e+04  0.000000e+00  0.000000e+00  0.000000e+00  0.000000e+00  0.000000e+00  0.000000e+00  0.000000e+00  0.000000e+00  0.000000e+00  0.000000e+00  0.000000e+00  3.443214e-06  0.000000e+00  1.375014e-03  0.000000e+00  1.681157e-05
3.764603e+04  0.000000e+00  0.000000e+00  0.000000e+00  2.836410e-05  0.000000e+00  0.000000e+00  0.000000e+00  0.000000e+00  0.000000e+00  0.000000e+00  0.000000e+00  1.241314e-04  0.000000e+00  2.836410e-05  0.000000e+00  1.256688e-06
4.223954e+04  0.000000e+00  0.000000e+00  0.000000e+00  1.639165e-05  0.000000e+00  0.000000e+00  0.000000e+00  1.083023e-03  0.000000e+00  0.000000e+00  0.000000e+00  1.376620e-04  0.000000e+00  0.000000e+00  0.000000e+00  0.000000e+00
4.739354e+04  0.000000e+00  0.000000e+00  0.000000e+00  0.000000e+00  0.000000e+00  0.000000e+00  0.000000e+00  9.982226e-07  0.000000e+00  0.000000e+00  0.000000e+00  1.560730e-05  0.000000e+00  9.860111e-05  0.000000e+00  0.000000e+00
5.317643e+04  0.000000e+00  0.000000e+00  0.000000e+00  0.000000e+00  0.000000e+00  0.000000e+00  0.000000e+00  0.000000e+00  0.000000e+00  0.000000e+00  0.000000e+00  0.000000e+00  0.000000e+00  0.000000e+00  0.000000e+00  0.000000e+00
5.966493e+04  0.000000e+00  0.000000e+00  0.000000e+00  0.000000e+00  0.000000e+00  0.000000e+00  0.000000e+00  0.000000e+00  0.000000e+00  0.000000e+00  0.000000e+00  0.000000e+00  0.000000e+00  0.000000e+00  0.000000e+00  0.000000e+00
6.694516e+04  0.000000e+00  0.000000e+00  0.000000e+00  0.000000e+00  0.000000e+00  0.000000e+00  0.000000e+00  0.000000e+00  0.000000e+00  0.000000e+00  0.000000e+00  0.000000e+00  0.000000e+00  0.000000e+00  0.000000e+00  3.483720e-05
7.511370e+04  0.000000e+00  0.000000e+00  0.000000e+00  0.000000e+00  0.000000e+00  0.000000e+00  0.000000e+00  0.000000e+00  0.000000e+00  0.000000e+00  0.000000e+00  0.000000e+00  0.000000e+00  0.000000e+00  0.000000e+00  4.658665e-04
8.427896e+04  0.000000e+00  0.000000e+00  0.000000e+00  0.000000e+00  0.000000e+00  0.000000e+00  0.000000e+00  0.000000e+00  0.000000e+00  0.000000e+00  0.000000e+00  0.000000e+00  0.000000e+00  0.000000e+00  0.000000e+00  0.000000e+00
9.456255e+04  0.000000e+00  0.000000e+00  0.000000e+00  0.000000e+00  0.000000e+00  0.000000e+00  0.000000e+00  0.000000e+00  0.000000e+00  0.000000e+00  0.000000e+00  0.000000e+00  0.000000e+00  0.000000e+00  0.000000e+00  0.000000e+00
1.061009e+05  0.000000e+00  0.000000e+00  0.000000e+00  0.000000e+00  0.000000e+00  0.000000e+00  0.000000e+00  0.000000e+00  0.000000e+00  0.000000e+00  0.000000e+00  0.000000e+00  0.000000e+00  0.000000e+00  0.000000e+00  0.000000e+00
1.190472e+05  0.000000e+00  0.000000e+00  0.000000e+00  0.000000e+00  0.000000e+00  0.000000e+00  0.000000e+00  0.000000e+00  0.000000e+00  0.000000e+00  0.000000e+00  0.000000e+00  0.000000e+00  0.000000e+00  0.000000e+00  0.000000e+00
1.335731e+05  0.000000e+00  0.000000e+00  0.000000e+00  0.000000e+00  0.000000e+00  0.000000e+00  0.000000e+00  0.000000e+00  0.000000e+00  0.000000e+00  0.000000e+00  0.000000e+00  0.000000e+00  0.000000e+00  0.000000e+00  0.000000e+00
1.498715e+05  0.000000e+00  0.000000e+00  0.000000e+00  0.000000e+00  0.000000e+00  0.000000e+00  0.000000e+00  0.000000e+00  0.000000e+00  0.000000e+00  0.000000e+00  0.000000e+00  0.000000e+00  0.000000e+00  0.000000e+00  0.000000e+00
1.681586e+05  0.000000e+00  0.000000e+00  0.000000e+00  0.000000e+00  0.000000e+00  0.000000e+00  0.000000e+00  0.000000e+00  0.000000e+00  0.000000e+00  0.000000e+00  0.000000e+00  0.000000e+00  0.000000e+00  0.000000e+00  0.000000e+00
1.886771e+05  0.000000e+00  0.000000e+00  0.000000e+00  0.000000e+00  0.000000e+00  0.000000e+00  0.000000e+00  0.000000e+00  0.000000e+00  0.000000e+00  0.000000e+00  0.000000e+00  0.000000e+00  0.000000e+00  0.000000e+00  0.000000e+00
2.116992e+05  0.000000e+00  0.000000e+00  0.000000e+00  0.000000e+00  0.000000e+00  0.000000e+00  0.000000e+00  0.000000e+00  0.000000e+00  0.000000e+00  0.000000e+00  0.000000e+00  0.000000e+00  0.000000e+00  0.000000e+00  0.000000e+00
2.375304e+05  0.000000e+00  0.000000e+00  0.000000e+00  0.000000e+00  0.000000e+00  0.000000e+00  0.000000e+00  0.000000e+00  0.000000e+00  0.000000e+00  0.000000e+00  0.000000e+00  0.000000e+00  0.000000e+00  0.000000e+00  0.000000e+00
2.665135e+05  0.000000e+00  0.000000e+00  0.000000e+00  0.000000e+00  0.000000e+00  0.000000e+00  0.000000e+00  0.000000e+00  0.000000e+00  0.000000e+00  0.000000e+00  0.000000e+00  0.000000e+00  0.000000e+00  0.000000e+00  0.000000e+00
2.990330e+05  0.000000e+00  0.000000e+00  0.000000e+00  0.000000e+00  0.000000e+00  0.000000e+00  0.000000e+00  0.000000e+00  0.000000e+00  0.000000e+00  0.000000e+00  0.000000e+00  0.000000e+00  0.000000e+00  0.000000e+00  0.000000e+00
3.355206e+05  0.000000e+00  0.000000e+00  0.000000e+00  0.000000e+00  0.000000e+00  0.000000e+00  0.000000e+00  0.000000e+00  0.000000e+00  0.000000e+00  0.000000e+00  0.000000e+00  0.000000e+00  0.000000e+00  0.000000e+00  0.000000e+00
3.764603e+05  0.000000e+00  0.000000e+00  0.000000e+00  0.000000e+00  0.000000e+00  0.000000e+00  0.000000e+00  0.000000e+00  0.000000e+00  0.000000e+00  0.000000e+00  0.000000e+00  0.000000e+00  0.000000e+00  0.000000e+00  0.000000e+00
4.223954e+05  0.000000e+00  0.000000e+00  0.000000e+00  0.000000e+00  0.000000e+00  0.000000e+00  0.000000e+00  0.000000e+00  0.000000e+00  0.000000e+00  0.000000e+00  0.000000e+00  0.000000e+00  0.000000e+00  0.000000e+00  0.000000e+00
4.739354e+05  0.000000e+00  0.000000e+00  0.000000e+00  0.000000e+00  0.000000e+00  0.000000e+00  0.000000e+00  0.000000e+00  0.000000e+00  0.000000e+00  0.000000e+00  0.000000e+00  0.000000e+00  0.000000e+00  0.000000e+00  0.000000e+00
5.317643e+05  0.000000e+00  0.000000e+00  0.000000e+00  0.000000e+00  0.000000e+00  0.000000e+00  0.000000e+00  0.000000e+00  0.000000e+00  0.000000e+00  0.000000e+00  0.000000e+00  0.000000e+00  0.000000e+00  0.000000e+00  0.000000e+00
5.966493e+05  0.000000e+00  0.000000e+00  0.000000e+00  0.000000e+00  0.000000e+00  0.000000e+00  0.000000e+00  0.000000e+00  0.000000e+00  0.000000e+00  0.000000e+00  0.000000e+00  0.000000e+00  0.000000e+00  0.000000e+00  0.000000e+00
6.694516e+05  0.000000e+00  0.000000e+00  0.000000e+00  0.000000e+00  0.000000e+00  0.000000e+00  0.000000e+00  0.000000e+00  0.000000e+00  0.000000e+00  0.000000e+00  0.000000e+00  0.000000e+00  0.000000e+00  0.000000e+00  0.000000e+00
7.511370e+05  0.000000e+00  0.000000e+00  0.000000e+00  0.000000e+00  0.000000e+00  0.000000e+00  0.000000e+00  0.000000e+00  0.000000e+00  0.000000e+00  0.000000e+00  0.000000e+00  0.000000e+00  0.000000e+00  0.000000e+00  0.000000e+00
8.427896e+05  0.000000e+00  0.000000e+00  0.000000e+00  0.000000e+00  0.000000e+00  0.000000e+00  0.000000e+00  0.000000e+00  0.000000e+00  0.000000e+00  0.000000e+00  0.000000e+00  0.000000e+00  0.000000e+00  0.000000e+00  0.000000e+00
9.456255e+05  0.000000e+00  0.000000e+00  0.000000e+00  0.000000e+00  0.000000e+00  0.000000e+00  0.000000e+00  0.000000e+00  0.000000e+00  0.000000e+00  0.000000e+00  0.000000e+00  0.000000e+00  0.000000e+00  0.000000e+00  0.000000e+00
