# dR/dEr [1/keV/kg/Myr]
# Er [keV], S, F, Ne, Cl, Na, Si, O, P, N, C, Al, Mg, Be, B, Ar, Li
1.061009e+01  3.254290e+01  2.417625e+01  0.000000e+00  0.000000e+00  8.365384e+00  0.000000e+00  2.221575e+00  0.000000e+00  0.000000e+00  0.000000e+00  0.000000e+00  0.000000e+00  5.145913e-02  0.000000e+00  0.000000e+00  0.000000e+00
1.190472e+01  1.233287e+01  2.246326e+00  0.000000e+00  0.000000e+00  3.917315e+00  0.000000e+00  0.000000e+00  0.000000e+00  0.000000e+00  0.000000e+00  0.000000e+00  0.000000e+00  0.000000e+00  0.000000e+00  0.000000e+00  0.000000e+00
1.335731e+01  1.780553e+01  3.666962e+00  0.000000e+00  0.000000e+00  0.000000e+00  0.000000e+00  0.000000e+00  0.000000e+00  0.000000e+00  0.000000e+00  0.000000e+00  0.000000e+00  0.000000e+00  0.000000e+00  0.000000e+00  0.000000e+00
1.498715e+01  4.551529e+00  4.622808e+00  0.000000e+00  0.000000e+00  1.872514e+00  0.000000e+00  7.631699e-01  0.000000e+00  0.000000e+00  0.000000e+00  0.000000e+00  0.000000e+00  0.000000e+00  0.000000e+00  0.000000e+00  0.000000e+00
1.681586e+01  1.124072e+01  4.789375e+00  1.629330e+00  0.000000e+00  3.159623e+00  6.801759e-01  0.000000e+00  0.000000e+00  0.000000e+00  0.000000e+00  0.000000e+00  0.000000e+00  0.000000e+00  0.000000e+00  0.000000e+00  0.000000e+00
1.886771e+01  7.709642e+00  5.599671e+00  0.000000e+00  0.000000e+00  1.452142e+00  0.000000e+00  0.000000e+00  0.000000e+00  0.000000e+00  0.000000e+00  0.000000e+00  0.000000e+00  0.000000e+00  0.000000e+00  0.000000e+00  0.000000e+00
2.116992e+01  7.775602e+00  6.219363e+00  0.000000e+00  0.000000e+00  1.569079e+00  0.000000e+00  6.924360e-01  0.000000e+00  0.000000e+00  0.000000e+00  2.832002e-01  0.000000e+00  0.000000e+00  0.000000e+00  0.000000e+00  0.000000e+00
2.375304e+01  1.434822e+01  2.825408e+00  1.486917e+00  0.000000e+00  3.390739e+00  0.000000e+00  1.153478e+00  0.000000e+00  0.000000e+00  0.000000e+00  0.000000e+00  0.000000e+00  0.000000e+00  0.000000e+00  0.000000e+00  0.000000e+00
2.665135e+01  1.243261e+01  5.489374e+00  5.500214e-01  2.495387e-02  8.817172e-01  0.000000e+00  0.000000e+00  9.173118e-01  0.000000e+00  0.000000e+00  0.000000e+00  0.000000e+00  0.000000e+00  0.000000e+00  0.000000e+00  0.000000e+00
2.990330e+01  1.405089e+01  6.385150e+00  6.781152e-01  0.000000e+00  7.150264e-01  0.000000e+00  8.726981e-01  0.000000e+00  0.000000e+00  0.000000e+00  7.592310e-02  0.000000e+00  4.617572e-01  0.000000e+00  0.000000e+00  0.000000e+00
3.355206e+01  1.793014e+01  4.688421e+00  6.895429e-01  0.000000e+00  1.426919e+00  0.000000e+00  1.648999e+00  0.000000e+00  0.000000e+00  0.000000e+00  4.167644e-01  0.000000e+00  4.293192e-01  0.000000e+00  0.000000e+00  0.000000e+00
3.764603e+01  1.986566e+01  3.344145e+00  2.987130e-03  3.893854e-01  2.146388e+00  0.000000e+00  2.713580e-02  0.000000e+00  0.000000e+00  0.000000e+00  0.000000e+00  0.000000e+00  4.654937e-03  0.000000e+00  0.000000e+00  0.000000e+00
4.223954e+01  1.815912e+01  9.164280e+00  1.937386e-01  0.000000e+00  4.245376e+00  0.000000e+00  5.457145e-01  0.000000e+00  0.000000e+00  0.000000e+00  1.273602e-01  0.000000e+00  2.633908e+00  0.000000e+00  0.000000e+00  0.000000e+00
4.739354e+01  2.540303e+01  9.959324e+00  3.092998e-01  7.974588e-01  1.197585e+00  0.000000e+00  1.115589e+00  0.000000e+00  0.000000e+00  0.000000e+00  0.000000e+00  0.000000e+00  9.387511e-01  0.000000e+00  0.000000e+00  0.000000e+00
5.317643e+01  2.227027e+01  5.655712e+00  7.664180e-01  0.000000e+00  2.919302e+00  0.000000e+00  1.483987e+00  0.000000e+00  0.000000e+00  0.000000e+00  1.127440e-01  0.000000e+00  0.000000e+00  0.000000e+00  0.000000e+00  0.000000e+00
5.966493e+01  2.975556e+01  1.053590e+01  8.530563e-01  4.373852e-01  1.963821e+00  0.000000e+00  1.472821e+00  0.000000e+00  0.000000e+00  0.000000e+00  1.810770e-01  0.000000e+00  5.213374e-02  0.000000e+00  0.000000e+00  0.000000e+00
6.694516e+01  3.236653e+01  8.849501e+00  1.428133e+00  0.000000e+00  4.066855e+00  0.000000e+00  4.192036e-01  0.000000e+00  6.509928e-02  0.000000e+00  4.808673e-01  0.000000e+00  6.698584e+00  0.000000e+00  0.000000e+00  0.000000e+00
7.511370e+01  3.393952e+01  1.215926e+01  1.256279e+00  4.602799e-01  2.457326e+00  0.000000e+00  1.058242e+00  0.000000e+00  0.000000e+00  0.000000e+00  1.089472e-01  0.000000e+00  1.996674e+03  0.000000e+00  0.000000e+00  0.000000e+00
8.427896e+01  4.317714e+01  1.365952e+01  7.963211e-01  1.091722e+00  3.453831e+00  0.000000e+00  1.885711e+00  0.000000e+00  0.000000e+00  0.000000e+00  0.000000e+00  0.000000e+00  2.431538e+03  0.000000e+00  0.000000e+00  0.000000e+00
9.456255e+01  4.289041e+01  1.058806e+01  1.098072e+00  5.475289e-01  3.048256e+00  0.000000e+00  5.362527e-01  0.000000e+00  4.657647e-02  0.000000e+00  4.897051e-04  0.000000e+00  1.843963e+03  0.000000e+00  0.000000e+00  0.000000e+00
1.061009e+02  5.042627e+01  1.395330e+01  8.466435e-01  1.915553e-01  4.321615e+00  0.000000e+00  9.208035e-01  0.000000e+00  0.000000e+00  1.018271e-01  4.634885e-01  0.000000e+00  1.406207e+03  0.000000e+00  0.000000e+00  0.000000e+00
1.190472e+02  5.422988e+01  1.772428e+01  1.858767e+00  2.876071e-01  3.996040e+00  0.000000e+00  5.915654e-01  0.000000e+00  9.607740e-02  2.704115e-01  1.243092e+03  0.000000e+00  1.032307e+03  0.000000e+00  5.096708e-02  0.000000e+00
1.335731e+02  6.102410e+01  1.918168e+01  1.341794e+00  8.418876e-04  4.797414e+00  0.000000e+00  7.212565e-01  0.000000e+00  0.000000e+00  0.000000e+00  1.038344e+03  0.000000e+00  7.592248e+02  0.000000e+00  0.000000e+00  0.000000e+00
1.498715e+02  1.493672e+02  2.222725e+01  9.886617e-01  3.074497e-01  2.835590e+00  0.000000e+00  1.264092e+00  0.000000e+00  1.594502e-01  1.649452e-01  7.764992e+02  0.000000e+00  5.676348e+02  0.000000e+00  0.000000e+00  0.000000e+00
1.681586e+02  2.147702e+02  2.248466e+01  1.316909e+00  3.159623e-01  2.426855e+00  2.753814e-04  1.580082e+00  0.000000e+00  1.251906e-01  0.000000e+00  5.756777e+02  0.000000e+00  4.174153e+02  0.000000e+00  0.000000e+00  0.000000e+00
1.886771e+02  1.250290e+02  2.652665e+01  9.687987e-01  3.143669e-01  5.257512e+00  1.383133e-01  1.498074e+00  9.836094e-02  9.836094e-02  0.000000e+00  4.289544e+02  0.000000e+00  3.064968e+02  0.000000e+00  0.000000e+00  0.000000e+00
2.116992e+02  5.446916e+01  3.300829e+01  1.243636e+00  7.766261e-01  2.208295e+00  8.766428e-02  1.232947e+00  0.000000e+00  0.000000e+00  2.187432e-04  3.386813e+02  0.000000e+00  2.056999e+02  0.000000e+00  5.311951e-04  0.000000e+00
2.375304e+02  3.949331e+01  1.691898e+02  1.900495e+00  6.596246e-01  3.236636e+00  3.721688e-02  1.370740e+00  1.598517e-01  0.000000e+00  4.815277e-02  2.524458e+02  0.000000e+00  1.502301e+02  0.000000e+00  1.420917e-01  0.000000e+00
2.665135e+02  3.249421e+01  1.411323e+02  1.939887e+00  4.985961e-01  4.653690e+00  8.680831e-02  1.058720e+00  0.000000e+00  6.963422e-02  7.796559e-02  1.849893e+02  0.000000e+00  1.050725e+02  0.000000e+00  0.000000e+00  0.000000e+00
2.990330e+02  1.985546e+01  2.140847e+01  1.072323e+00  3.881553e-01  3.587525e+00  7.216253e-03  2.012882e+00  2.413206e-04  5.860219e-04  1.472877e-02  1.395538e+02  0.000000e+00  7.869690e+01  0.000000e+00  0.000000e+00  0.000000e+00
3.355206e+02  1.747408e+01  1.913983e+01  1.252662e+00  5.208739e-01  3.795180e+00  5.531242e-02  1.469492e+00  5.269507e-02  4.368976e-02  9.792779e-02  1.042794e+02  9.270836e-03  5.462027e+01  0.000000e+00  0.000000e+00  1.270004e-03
3.764603e+02  1.164198e+01  1.424269e+01  1.587745e+00  4.859687e-01  4.260259e+00  3.068106e-02  1.032076e+00  0.000000e+00  6.145558e-02  0.000000e+00  6.822830e+01  0.000000e+00  3.987654e+01  0.000000e+00  0.000000e+00  0.000000e+00
4.223954e+02  7.519816e+00  1.192595e+01  1.008157e+00  4.913984e-01  3.625390e+00  3.487485e-02  1.456405e+00  1.144590e-01  4.410706e-02  7.647855e-02  5.264105e+01  0.000000e+00  2.151553e+01  0.000000e+00  2.662282e-04  0.000000e+00
4.739354e+02  6.006794e+00  9.730900e+00  1.418343e+00  8.367984e-01  3.098399e+00  5.372622e-02  1.393903e+00  1.103965e-01  5.158423e-02  0.000000e+00  3.274578e+01  0.000000e+00  1.444267e+01  5.158423e-02  0.000000e+00  0.000000e+00
5.317643e+02  4.676311e+00  6.343967e+00  1.501639e+00  4.087807e-01  3.246592e+00  9.859415e-02  1.195308e+00  1.290705e-01  1.250648e-01  4.742484e-02  2.710510e+01  0.000000e+00  1.129807e+01  8.708325e-05  6.347003e-02  0.000000e+00
5.966493e+02  4.173184e+00  5.570207e+00  1.539276e+00  7.225300e-01  3.153873e+00  1.050883e-01  1.201452e+00  1.226556e-01  6.332357e-02  2.314268e-02  1.938722e+01  0.000000e+00  7.602331e+00  0.000000e+00  2.937067e-04  0.000000e+00
6.694516e+02  3.208100e+00  4.687136e+00  1.869929e+00  1.038859e+00  3.039843e+00  1.053314e-01  1.495698e+00  9.027716e-02  7.548594e-02  2.359517e-02  1.354767e+01  0.000000e+00  4.388113e+00  0.000000e+00  0.000000e+00  0.000000e+00
7.511370e+02  2.608594e+00  3.653323e+00  1.278213e+00  8.417304e-01  2.026667e+00  2.754544e-02  1.108637e+00  1.084468e-01  8.260855e-02  1.591014e-02  8.829215e+00  0.000000e+00  2.964191e+00  0.000000e+00  0.000000e+00  0.000000e+00
8.427896e+02  1.622820e+00  3.043070e+00  1.108466e+00  9.222066e-01  2.264553e+00  6.347391e-02  1.270298e+00  4.484440e-02  2.016156e-02  4.841519e-02  4.653630e+00  0.000000e+00  1.463256e+00  0.000000e+00  4.065819e-02  0.000000e+00
9.456255e+02  1.599241e+00  2.486240e+00  1.481930e+00  6.274192e-01  1.871169e+00  8.789830e-02  1.316666e+00  1.308259e-01  0.000000e+00  6.369531e-02  3.876865e+00  7.032956e-04  1.146112e+00  0.000000e+00  0.000000e+00  0.000000e+00
1.061009e+03  1.462713e+00  1.760789e+00  1.396693e+00  9.491505e-01  1.510023e+00  1.086238e-01  1.212373e+00  9.813150e-02  1.486275e-01  2.005370e-02  2.741186e+00  0.000000e+00  4.378279e-01  4.734300e-03  2.931696e-03  0.000000e+00
1.190472e+03  9.740581e-01  1.513464e+00  1.274838e+00  9.582842e-01  1.113088e+00  1.087656e-01  7.461956e-01  1.190427e-01  5.248748e-02  5.020829e-02  1.652041e+00  0.000000e+00  4.870021e-01  0.000000e+00  0.000000e+00  0.000000e+00
1.335731e+03  9.765156e-01  1.342148e+00  1.043593e+00  7.270273e-01  9.230702e-01  4.974247e-02  9.623022e-01  5.336862e-02  9.417654e-02  1.795990e-02  8.256684e-01  0.000000e+00  1.654503e-01  2.565358e-02  0.000000e+00  0.000000e+00
1.498715e+03  6.132668e-01  9.920975e-01  8.428273e-01  7.945482e-01  6.440992e-01  1.525671e-01  8.534731e-01  1.651185e-01  1.411801e-01  3.165167e-02  4.856429e-01  6.816204e-04  2.586271e-01  0.000000e+00  0.000000e+00  1.556758e-03
1.681586e+03  2.624846e-01  9.589222e-01  6.648666e-01  6.874035e-01  7.746073e-01  7.715642e-02  6.388860e-01  1.057896e-01  9.846813e-02  6.658300e-02  4.912077e-01  0.000000e+00  1.425815e-01  1.745999e-02  0.000000e+00  2.533991e-04
1.886771e+03  3.618037e-01  5.888620e-01  6.821484e-01  8.739816e-01  6.186183e-01  8.841299e-02  5.654505e-01  1.088857e-01  7.726158e-02  6.327205e-02  2.496563e-01  1.508762e-02  1.226200e-02  1.469313e-02  1.446880e-04  0.000000e+00
2.116992e+03  2.724175e-01  6.134325e-01  4.440143e-01  5.286287e-01  2.526050e-01  8.050589e-02  4.299633e-01  9.558055e-02  2.354083e-02  4.758616e-02  1.234648e-01  7.007805e-03  4.675974e-02  5.311951e-05  0.000000e+00  5.311951e-05
2.375304e+03  1.106492e-01  3.561289e-01  4.049401e-01  7.675925e-01  2.594258e-01  1.343724e-01  3.902611e-01  8.850053e-02  5.415242e-02  1.544475e-02  1.444204e-01  3.038046e-05  0.000000e+00  2.524025e-03  0.000000e+00  4.567944e-03
2.665135e+03  1.250542e-01  2.660314e-01  3.212071e-01  6.505914e-01  1.251074e-01  8.311763e-02  2.440957e-01  1.527000e-01  3.652701e-02  7.471277e-02  7.939050e-02  2.510427e-02  1.420987e-02  5.181001e-03  0.000000e+00  1.246214e-02
2.990330e+03  2.928973e-02  1.914360e-01  2.081605e-01  4.981249e-01  1.081017e-01  1.083679e-01  1.749164e-01  9.193373e-02  3.388453e-02  2.915171e-02  6.549213e-02  4.767497e-03  0.000000e+00  4.676174e-03  0.000000e+00  1.777257e-02
3.355206e+03  2.915150e-02  2.233926e-01  2.068307e-01  5.102911e-01  3.985449e-02  1.062577e-01  1.090797e-01  6.075763e-02  2.694854e-02  3.069593e-02  1.438253e-02  1.263651e-02  1.049548e-02  6.766654e-04  0.000000e+00  4.731791e-05
3.764603e+03  9.938234e-03  8.363265e-02  1.462531e-01  3.135674e-01  3.530942e-02  8.710516e-02  6.708257e-02  4.653826e-02  1.694533e-02  3.433881e-02  2.633053e-02  1.923886e-03  1.230084e-05  9.630986e-03  0.000000e+00  9.604047e-03
4.223954e+03  1.324251e-03  6.245224e-02  5.646595e-02  2.495350e-01  1.538666e-02  4.340038e-02  5.893694e-02  5.552914e-02  2.653702e-02  2.284246e-02  2.134131e-02  4.037267e-03  0.000000e+00  1.002469e-02  0.000000e+00  5.560276e-03
4.739354e+03  1.726697e-03  4.452112e-02  7.468290e-02  2.319021e-01  1.671665e-02  4.860832e-02  1.530055e-02  4.122056e-02  1.169161e-02  1.483382e-02  1.580104e-02  6.493713e-03  5.760132e-05  3.411050e-04  0.000000e+00  1.637648e-03
5.317643e+03  8.218236e-03  4.172605e-02  4.798167e-02  1.439627e-01  1.791256e-03  3.583555e-02  6.133239e-03  7.145003e-02  2.666474e-02  1.861062e-02  6.131167e-03  8.642760e-03  0.000000e+00  7.277381e-03  0.000000e+00  9.791862e-03
5.966493e+03  3.068883e-03  1.854320e-02  2.453614e-02  8.715670e-02  6.690392e-03  4.620310e-02  5.291462e-03  3.052481e-02  1.110127e-02  2.332756e-02  3.616694e-04  1.182800e-03  0.000000e+00  1.856524e-03  0.000000e+00  3.601821e-03
6.694516e+03  1.077939e-05  1.306525e-02  1.823385e-02  6.455111e-02  1.403175e-03  6.626995e-02  1.686672e-03  1.615143e-02  1.355532e-02  2.003997e-02  1.084028e-02  1.318429e-02  0.000000e+00  1.296838e-03  0.000000e+00  6.365098e-05
7.511370e+03  5.501142e-04  1.094326e-02  1.807615e-02  3.585712e-02  4.849208e-03  3.272743e-02  5.582223e-03  1.277567e-02  3.885476e-03  1.129199e-02  4.633611e-04  3.379898e-03  0.000000e+00  1.654961e-04  0.000000e+00  1.142203e-02
8.427896e+03  1.281927e-03  8.261853e-03  8.946030e-03  9.739150e-03  1.537969e-03  4.350249e-02  8.357251e-03  3.394712e-02  4.823772e-03  3.907060e-03  7.639329e-03  6.938000e-03  0.000000e+00  9.970390e-05  0.000000e+00  2.053070e-03
9.456255e+03  0.000000e+00  2.383359e-03  9.386731e-03  2.397402e-02  1.840587e-03  2.810073e-02  1.189198e-05  1.105166e-02  6.880070e-03  3.996803e-03  1.278712e-02  8.611171e-03  0.000000e+00  3.754115e-03  0.000000e+00  2.400899e-04
1.061009e+04  0.000000e+00  7.400257e-03  3.310136e-03  1.442422e-02  5.756575e-04  1.991459e-02  2.444824e-03  7.938347e-03  2.304967e-04  5.416575e-03  5.619745e-03  5.784773e-03  0.000000e+00  6.801338e-06  0.000000e+00  3.293103e-03
1.190472e+04  0.000000e+00  3.843933e-05  3.579358e-05  7.560755e-03  0.000000e+00  6.321995e-03  3.889866e-06  5.100512e-04  1.212340e-05  5.688484e-03  1.178496e-02  2.970679e-03  0.000000e+00  7.321603e-04  0.000000e+00  1.307597e-03
1.335731e+04  0.000000e+00  1.587419e-03  4.442856e-03  9.750316e-03  0.000000e+00  6.100751e-03  1.311940e-05  1.685347e-03  1.650186e-04  4.393835e-03  2.269918e-03  6.924019e-04  0.000000e+00  0.000000e+00  0.000000e+00  1.415127e-03
1.498715e+04  0.000000e+00  1.950441e-03  6.816204e-05  6.549708e-04  0.000000e+00  3.535269e-03  0.000000e+00  5.042242e-03  2.075482e-04  7.390956e-04  1.500666e-05  3.915488e-03  0.000000e+00  1.231831e-05  0.000000e+00  2.958605e-03
1.681586e+04  0.000000e+00  1.610482e-04  4.291354e-06  3.898707e-04  0.000000e+00  6.377923e-03  2.753814e-06  5.424328e-04  0.000000e+00  6.074948e-05  3.954922e-05  3.576102e-05  0.000000e+00  1.806528e-03  0.000000e+00  2.312662e-03
1.886771e+04  0.000000e+00  3.496279e-04  0.000000e+00  1.307479e-03  0.000000e+00  4.002856e-03  0.000000e+00  3.150945e-03  0.000000e+00  0.000000e+00  1.159700e-03  1.353705e-03  0.000000e+00  2.403998e-03  0.000000e+00  1.808662e-03
2.116992e+04  0.000000e+00  2.187432e-06  0.000000e+00  9.011145e-04  0.000000e+00  1.046521e-05  0.000000e+00  5.103443e-04  0.000000e+00  0.000000e+00  0.000000e+00  1.154827e-03  0.000000e+00  3.656672e-03  0.000000e+00  5.103443e-04
2.375304e+04  0.000000e+00  0.000000e+00  0.000000e+00  1.949551e-06  0.000000e+00  5.530696e-04  1.793928e-05  9.084724e-05  0.000000e+00  1.309540e-04  5.813179e-04  6.076092e-06  0.000000e+00  0.000000e+00  0.000000e+00  1.646172e-03
2.665135e+04  0.000000e+00  1.598840e-05  0.000000e+00  1.097783e-03  0.000000e+00  0.000000e+00  0.000000e+00  0.000000e+00  0.000000e+00  1.024312e-05  0.000000e+00  0.000000e+00  0.000000e+00  0.000000e+00  0.000000e+00  1.598840e-05
2.990330e+04  0.000000e+00  0.000000e+00  0.000000e+00  1.457391e-04  0.000000e+00  0.000000e+00  0.000000e+00  0.000000e+00  0.000000e+00  0.000000e+00  0.000000e+00  2.179017e-04  0.000000e+00  5.339197e-04  0.000000e+00  2.776248e-04
3.355206e+04  0.000000e+00  0.000000e+00  0.000000e+00  0.000000e+00  0.000000e+00  0.000000e+00  0.000000e+00  0.000000e+00  0.000000e+00  0.000000e+00  0.000000e+00  3.351615e-06  0.000000e+00  1.005932e-03  0.000000e+00  1.627281e-05
3.764603e+04  0.000000e+00  0.000000e+00  0.000000e+00  2.713580e-05  0.000000e+00  0.000000e+00  0.000000e+00  0.000000e+00  0.000000e+00  0.000000e+00  0.000000e+00  1.157647e-04  0.000000e+00  2.713580e-05  0.000000e+00  1.230084e-06
4.223954e+04  0.000000e+00  0.000000e+00  0.000000e+00  1.574483e-05  0.000000e+00  0.000000e+00  0.000000e+00  9.040596e-04  0.000000e+00  0.000000e+00  0.000000e+00  1.290686e-04  0.000000e+00  0.000000e+00  0.000000e+00  0.000000e+00
4.739354e+04  0.000000e+00  0.000000e+00  0.000000e+00  0.000000e+00  0.000000e+00  0.000000e+00  0.000000e+00  9.770902e-07  0.000000e+00  0.000000e+00  0.000000e+00  1.500968e-05  0.000000e+00  9.195518e-05  0.000000e+00  0.000000e+00
5.317643e+04  0.000000e+00  0.000000e+00  0.000000e+00  0.000000e+00  0.000000e+00  0.000000e+00  0.000000e+00  0.000000e+00  0.000000e+00  0.000000e+00  0.000000e+00  0.000000e+00  0.000000e+00  0.000000e+00  0.000000e+00  0.000000e+00
5.966493e+04  0.000000e+00  0.000000e+00  0.000000e+00  0.000000e+00  0.000000e+00  0.000000e+00  0.000000e+00  0.000000e+00  0.000000e+00  0.000000e+00  0.000000e+00  0.000000e+00  0.000000e+00  0.000000e+00  0.000000e+00  0.000000e+00
6.694516e+04  0.000000e+00  0.000000e+00  0.000000e+00  0.000000e+00  0.000000e+00  0.000000e+00  0.000000e+00  0.000000e+00  0.000000e+00  0.000000e+00  0.000000e+00  0.000000e+00  0.000000e+00  0.000000e+00  0.000000e+00  3.292554e-05
7.511370e+04  0.000000e+00  0.000000e+00  0.000000e+00  0.000000e+00  0.000000e+00  0.000000e+00  0.000000e+00  0.000000e+00  0.000000e+00  0.000000e+00  0.000000e+00  0.000000e+00  0.000000e+00  0.000000e+00  0.000000e+00  3.885476e-04
8.427896e+04  0.000000e+00  0.000000e+00  0.000000e+00  0.000000e+00  0.000000e+00  0.000000e+00  0.000000e+00  0.000000e+00  0.000000e+00  0.000000e+00  0.000000e+00  0.000000e+00  0.000000e+00  0.000000e+00  0.000000e+00  0.000000e+00
9.456255e+04  0.000000e+00  0.000000e+00  0.000000e+00  0.000000e+00  0.000000e+00  0.000000e+00  0.000000e+00  0.000000e+00  0.000000e+00  0.000000e+00  0.000000e+00  0.000000e+00  0.000000e+00  0.000000e+00  0.000000e+00  0.000000e+00
1.061009e+05  0.000000e+00  0.000000e+00  0.000000e+00  0.000000e+00  0.000000e+00  0.000000e+00  0.000000e+00  0.000000e+00  0.000000e+00  0.000000e+00  0.000000e+00  0.000000e+00  0.000000e+00  0.000000e+00  0.000000e+00  0.000000e+00
1.190472e+05  0.000000e+00  0.000000e+00  0.000000e+00  0.000000e+00  0.000000e+00  0.000000e+00  0.000000e+00  0.000000e+00  0.000000e+00  0.000000e+00  0.000000e+00  0.000000e+00  0.000000e+00  0.000000e+00  0.000000e+00  0.000000e+00
1.335731e+05  0.000000e+00  0.000000e+00  0.000000e+00  0.000000e+00  0.000000e+00  0.000000e+00  0.000000e+00  0.000000e+00  0.000000e+00  0.000000e+00  0.000000e+00  0.000000e+00  0.000000e+00  0.000000e+00  0.000000e+00  0.000000e+00
1.498715e+05  0.000000e+00  0.000000e+00  0.000000e+00  0.000000e+00  0.000000e+00  0.000000e+00  0.000000e+00  0.000000e+00  0.000000e+00  0.000000e+00  0.000000e+00  0.000000e+00  0.000000e+00  0.000000e+00  0.000000e+00  0.000000e+00
1.681586e+05  0.000000e+00  0.000000e+00  0.000000e+00  0.000000e+00  0.000000e+00  0.000000e+00  0.000000e+00  0.000000e+00  0.000000e+00  0.000000e+00  0.000000e+00  0.000000e+00  0.000000e+00  0.000000e+00  0.000000e+00  0.000000e+00
1.886771e+05  0.000000e+00  0.000000e+00  0.000000e+00  0.000000e+00  0.000000e+00  0.000000e+00  0.000000e+00  0.000000e+00  0.000000e+00  0.000000e+00  0.000000e+00  0.000000e+00  0.000000e+00  0.000000e+00  0.000000e+00  0.000000e+00
2.116992e+05  0.000000e+00  0.000000e+00  0.000000e+00  0.000000e+00  0.000000e+00  0.000000e+00  0.000000e+00  0.000000e+00  0.000000e+00  0.000000e+00  0.000000e+00  0.000000e+00  0.000000e+00  0.000000e+00  0.000000e+00  0.000000e+00
2.375304e+05  0.000000e+00  0.000000e+00  0.000000e+00  0.000000e+00  0.000000e+00  0.000000e+00  0.000000e+00  0.000000e+00  0.000000e+00  0.000000e+00  0.000000e+00  0.000000e+00  0.000000e+00  0.000000e+00  0.000000e+00  0.000000e+00
2.665135e+05  0.000000e+00  0.000000e+00  0.000000e+00  0.000000e+00  0.000000e+00  0.000000e+00  0.000000e+00  0.000000e+00  0.000000e+00  0.000000e+00  0.000000e+00  0.000000e+00  0.000000e+00  0.000000e+00  0.000000e+00  0.000000e+00
2.990330e+05  0.000000e+00  0.000000e+00  0.000000e+00  0.000000e+00  0.000000e+00  0.000000e+00  0.000000e+00  0.000000e+00  0.000000e+00  0.000000e+00  0.000000e+00  0.000000e+00  0.000000e+00  0.000000e+00  0.000000e+00  0.000000e+00
3.355206e+05  0.000000e+00  0.000000e+00  0.000000e+00  0.000000e+00  0.000000e+00  0.000000e+00  0.000000e+00  0.000000e+00  0.000000e+00  0.000000e+00  0.000000e+00  0.000000e+00  0.000000e+00  0.000000e+00  0.000000e+00  0.000000e+00
3.764603e+05  0.000000e+00  0.000000e+00  0.000000e+00  0.000000e+00  0.000000e+00  0.000000e+00  0.000000e+00  0.000000e+00  0.000000e+00  0.000000e+00  0.000000e+00  0.000000e+00  0.000000e+00  0.000000e+00  0.000000e+00  0.000000e+00
4.223954e+05  0.000000e+00  0.000000e+00  0.000000e+00  0.000000e+00  0.000000e+00  0.000000e+00  0.000000e+00  0.000000e+00  0.000000e+00  0.000000e+00  0.000000e+00  0.000000e+00  0.000000e+00  0.000000e+00  0.000000e+00  0.000000e+00
4.739354e+05  0.000000e+00  0.000000e+00  0.000000e+00  0.000000e+00  0.000000e+00  0.000000e+00  0.000000e+00  0.000000e+00  0.000000e+00  0.000000e+00  0.000000e+00  0.000000e+00  0.000000e+00  0.000000e+00  0.000000e+00  0.000000e+00
5.317643e+05  0.000000e+00  0.000000e+00  0.000000e+00  0.000000e+00  0.000000e+00  0.000000e+00  0.000000e+00  0.000000e+00  0.000000e+00  0.000000e+00  0.000000e+00  0.000000e+00  0.000000e+00  0.000000e+00  0.000000e+00  0.000000e+00
5.966493e+05  0.000000e+00  0.000000e+00  0.000000e+00  0.000000e+00  0.000000e+00  0.000000e+00  0.000000e+00  0.000000e+00  0.000000e+00  0.000000e+00  0.000000e+00  0.000000e+00  0.000000e+00  0.000000e+00  0.000000e+00  0.000000e+00
6.694516e+05  0.000000e+00  0.000000e+00  0.000000e+00  0.000000e+00  0.000000e+00  0.000000e+00  0.000000e+00  0.000000e+00  0.000000e+00  0.000000e+00  0.000000e+00  0.000000e+00  0.000000e+00  0.000000e+00  0.000000e+00  0.000000e+00
7.511370e+05  0.000000e+00  0.000000e+00  0.000000e+00  0.000000e+00  0.000000e+00  0.000000e+00  0.000000e+00  0.000000e+00  0.000000e+00  0.000000e+00  0.000000e+00  0.000000e+00  0.000000e+00  0.000000e+00  0.000000e+00  0.000000e+00
8.427896e+05  0.000000e+00  0.000000e+00  0.000000e+00  0.000000e+00  0.000000e+00  0.000000e+00  0.000000e+00  0.000000e+00  0.000000e+00  0.000000e+00  0.000000e+00  0.000000e+00  0.000000e+00  0.000000e+00  0.000000e+00  0.000000e+00
9.456255e+05  0.000000e+00  0.000000e+00  0.000000e+00  0.000000e+00  0.000000e+00  0.000000e+00  0.000000e+00  0.000000e+00  0.000000e+00  0.000000e+00  0.000000e+00  0.000000e+00  0.000000e+00  0.000000e+00  0.000000e+00  0.000000e+00
