# dR/dEr [1/keV/kg/Myr]
# Er [keV], S, F, Ne, Cl, Na, Si, O, P, N, C, Al, Mg, Be, B, Ar, Li
1.061009e+01  5.330121e+01  3.903575e+01  0.000000e+00  0.000000e+00  1.284050e+01  0.000000e+00  3.705522e+00  0.000000e+00  0.000000e+00  0.000000e+00  0.000000e+00  0.000000e+00  5.383879e-02  0.000000e+00  0.000000e+00  0.000000e+00
1.190472e+01  2.038307e+01  3.352924e+00  0.000000e+00  0.000000e+00  6.454974e+00  0.000000e+00  0.000000e+00  0.000000e+00  0.000000e+00  0.000000e+00  0.000000e+00  0.000000e+00  0.000000e+00  0.000000e+00  0.000000e+00  0.000000e+00
1.335731e+01  2.918811e+01  6.048653e+00  0.000000e+00  0.000000e+00  0.000000e+00  0.000000e+00  0.000000e+00  0.000000e+00  0.000000e+00  0.000000e+00  0.000000e+00  0.000000e+00  0.000000e+00  0.000000e+00  0.000000e+00  0.000000e+00
1.498715e+01  7.523848e+00  7.199863e+00  0.000000e+00  0.000000e+00  3.079953e+00  0.000000e+00  1.276679e+00  0.000000e+00  0.000000e+00  0.000000e+00  0.000000e+00  0.000000e+00  0.000000e+00  0.000000e+00  0.000000e+00  0.000000e+00
1.681586e+01  1.859193e+01  7.235306e+00  2.703188e+00  0.000000e+00  5.194079e+00  1.137841e+00  0.000000e+00  0.000000e+00  0.000000e+00  0.000000e+00  0.000000e+00  0.000000e+00  0.000000e+00  0.000000e+00  0.000000e+00  0.000000e+00
1.886771e+01  1.276859e+01  8.759752e+00  0.000000e+00  0.000000e+00  2.409219e+00  0.000000e+00  0.000000e+00  0.000000e+00  0.000000e+00  0.000000e+00  0.000000e+00  0.000000e+00  0.000000e+00  0.000000e+00  0.000000e+00  0.000000e+00
2.116992e+01  1.279882e+01  9.870023e+00  0.000000e+00  0.000000e+00  2.597859e+00  0.000000e+00  1.152138e+00  0.000000e+00  0.000000e+00  0.000000e+00  3.177106e-01  0.000000e+00  0.000000e+00  0.000000e+00  0.000000e+00  0.000000e+00
2.375304e+01  2.359751e+01  4.663629e+00  2.065774e+00  0.000000e+00  5.220664e+00  0.000000e+00  1.913710e+00  0.000000e+00  0.000000e+00  0.000000e+00  0.000000e+00  0.000000e+00  0.000000e+00  0.000000e+00  0.000000e+00  0.000000e+00
2.665135e+01  2.037149e+01  8.282580e+00  9.151758e-01  2.638853e-02  1.472395e+00  0.000000e+00  0.000000e+00  1.153511e+00  0.000000e+00  0.000000e+00  0.000000e+00  0.000000e+00  0.000000e+00  0.000000e+00  0.000000e+00  0.000000e+00
2.990330e+01  2.285593e+01  1.033564e+01  1.136477e+00  0.000000e+00  9.685577e-01  0.000000e+00  1.455506e+00  0.000000e+00  0.000000e+00  0.000000e+00  8.203195e-02  0.000000e+00  5.420856e-01  0.000000e+00  0.000000e+00  0.000000e+00
3.355206e+01  2.919703e+01  7.466900e+00  1.120746e+00  0.000000e+00  2.366088e+00  0.000000e+00  2.388157e+00  0.000000e+00  0.000000e+00  0.000000e+00  4.885773e-01  0.000000e+00  4.799977e-01  0.000000e+00  0.000000e+00  0.000000e+00
3.764603e+01  3.213589e+01  5.127948e+00  3.100977e-03  6.478948e-01  3.133110e+00  0.000000e+00  2.885673e-02  0.000000e+00  0.000000e+00  0.000000e+00  0.000000e+00  0.000000e+00  4.851091e-03  0.000000e+00  0.000000e+00  0.000000e+00
4.223954e+01  2.973432e+01  1.502114e+01  2.204054e-01  0.000000e+00  6.769477e+00  0.000000e+00  9.102890e-01  0.000000e+00  0.000000e+00  0.000000e+00  1.394180e-01  0.000000e+00  3.505300e+00  0.000000e+00  0.000000e+00  0.000000e+00
4.739354e+01  4.168953e+01  1.624429e+01  5.146412e-01  1.308069e+00  1.982703e+00  0.000000e+00  1.856944e+00  0.000000e+00  0.000000e+00  0.000000e+00  0.000000e+00  0.000000e+00  1.294036e+00  0.000000e+00  0.000000e+00  0.000000e+00
5.317643e+01  3.640296e+01  9.343324e+00  1.277166e+00  0.000000e+00  4.674570e+00  0.000000e+00  2.473786e+00  0.000000e+00  0.000000e+00  0.000000e+00  1.264829e-01  0.000000e+00  0.000000e+00  0.000000e+00  0.000000e+00  0.000000e+00
5.966493e+01  4.879409e+01  1.720372e+01  1.419557e+00  7.294812e-01  3.021233e+00  0.000000e+00  2.249828e+00  0.000000e+00  0.000000e+00  0.000000e+00  2.091860e-01  0.000000e+00  5.694374e-02  0.000000e+00  0.000000e+00  0.000000e+00
6.694516e+01  5.293782e+01  1.446913e+01  2.369651e+00  0.000000e+00  6.589703e+00  0.000000e+00  6.895155e-01  0.000000e+00  7.173948e-02  0.000000e+00  6.352101e-01  0.000000e+00  9.270881e+00  0.000000e+00  0.000000e+00  0.000000e+00
7.511370e+01  5.549595e+01  1.956152e+01  1.958385e+00  7.553500e-01  3.912227e+00  0.000000e+00  1.733414e+00  0.000000e+00  0.000000e+00  0.000000e+00  1.239430e-01  0.000000e+00  2.805998e+03  0.000000e+00  0.000000e+00  0.000000e+00
8.427896e+01  7.060842e+01  2.237158e+01  1.316475e+00  1.768816e+00  5.583021e+00  0.000000e+00  2.957250e+00  0.000000e+00  0.000000e+00  0.000000e+00  0.000000e+00  0.000000e+00  3.416931e+03  0.000000e+00  0.000000e+00  0.000000e+00
9.456255e+01  7.033586e+01  1.736503e+01  1.707742e+00  9.052448e-01  4.831136e+00  0.000000e+00  8.802894e-01  0.000000e+00  5.129211e-02  0.000000e+00  5.044485e-04  0.000000e+00  2.585694e+03  0.000000e+00  0.000000e+00  0.000000e+00
1.061009e+02  8.294492e+01  2.278330e+01  1.372038e+00  3.207524e-01  6.962518e+00  0.000000e+00  1.533022e+00  0.000000e+00  0.000000e+00  1.176340e-01  6.677554e-01  0.000000e+00  1.980061e+03  0.000000e+00  0.000000e+00  0.000000e+00
1.190472e+02  8.909926e+01  2.892358e+01  3.034536e+00  4.710972e-01  6.251053e+00  0.000000e+00  9.143828e-01  0.000000e+00  1.607243e-01  3.572049e-01  1.753603e+03  0.000000e+00  1.450791e+03  0.000000e+00  5.712467e-02  0.000000e+00
1.335731e+02  1.003822e+02  3.156139e+01  2.132056e+00  8.739741e-04  7.785182e+00  0.000000e+00  1.149251e+00  0.000000e+00  0.000000e+00  0.000000e+00  1.460014e+03  0.000000e+00  1.065489e+03  0.000000e+00  0.000000e+00  0.000000e+00
1.498715e+02  2.462172e+02  3.642142e+01  1.635655e+00  5.001561e-01  4.661115e+00  0.000000e+00  1.909311e+00  0.000000e+00  2.625842e-01  2.070322e-01  1.092378e+03  0.000000e+00  7.969359e+02  0.000000e+00  0.000000e+00  0.000000e+00
1.681586e+02  3.543947e+02  3.673456e+01  2.112902e+00  5.194079e-01  3.916724e+00  2.836722e-04  2.485163e+00  0.000000e+00  1.538856e-01  0.000000e+00  8.075019e+02  0.000000e+00  5.844791e+02  0.000000e+00  0.000000e+00  0.000000e+00
1.886771e+02  2.059158e+02  4.357055e+01  1.548987e+00  5.221668e-01  8.496982e+00  2.306822e-01  2.315243e+00  1.622126e-01  1.622126e-01  0.000000e+00  6.045487e+02  0.000000e+00  4.313034e+02  0.000000e+00  0.000000e+00  0.000000e+00
2.116992e+02  8.957161e+01  5.403080e+01  2.006190e+00  1.240118e+00  3.510482e+00  1.445721e-01  2.012953e+00  0.000000e+00  0.000000e+00  2.253289e-04  4.750632e+02  0.000000e+00  2.874535e+02  0.000000e+00  5.514403e-04  0.000000e+00
2.375304e+02  6.480488e+01  2.792789e+02  3.107524e+00  1.084817e+00  5.207382e+00  6.252102e-02  2.165951e+00  2.617629e-01  0.000000e+00  8.055299e-02  3.538438e+02  0.000000e+00  2.094462e+02  0.000000e+00  2.217709e-01  0.000000e+00
2.665135e+02  5.327624e+01  2.327541e+02  3.190079e+00  7.553381e-01  7.449764e+00  1.410936e-01  1.684259e+00  0.000000e+00  1.148377e-01  9.602357e-02  2.600241e+02  0.000000e+00  1.480691e+02  0.000000e+00  0.000000e+00  0.000000e+00
2.990330e+02  3.238971e+01  3.515887e+01  1.753886e+00  6.381039e-01  5.809783e+00  7.812805e-03  3.175686e+00  2.495501e-04  6.107162e-04  1.621999e-02  1.962501e+02  0.000000e+00  1.110127e+02  0.000000e+00  0.000000e+00  0.000000e+00
3.355206e+02  2.837934e+01  3.126767e+01  2.047426e+00  8.441412e-01  6.146542e+00  9.121883e-02  2.326681e+00  8.852299e-02  7.269500e-02  1.288372e-01  1.461991e+02  1.012619e-02  7.600853e+01  0.000000e+00  0.000000e+00  1.336403e-03
3.764603e+02  1.893808e+01  2.324638e+01  2.559482e+00  7.138966e-01  6.914520e+00  3.399425e-02  1.651021e+00  0.000000e+00  9.988663e-02  0.000000e+00  9.649915e+01  0.000000e+00  5.566831e+01  0.000000e+00  0.000000e+00  0.000000e+00
4.223954e+02  1.222134e+01  1.932572e+01  1.640239e+00  7.825101e-01  5.856936e+00  5.792036e-02  2.366740e+00  1.755252e-01  7.263436e-02  1.009504e-01  7.423849e+01  0.000000e+00  3.041925e+01  0.000000e+00  2.763749e-04  0.000000e+00
4.739354e+02  9.614824e+00  1.568062e+01  2.312657e+00  1.379027e+00  4.961719e+00  7.779908e-02  2.190183e+00  1.587177e-01  6.486667e-02  0.000000e+00  4.573649e+01  0.000000e+00  2.036198e+01  6.486667e-02  0.000000e+00  0.000000e+00
5.317643e+02  7.424167e+00  1.020303e+01  2.413335e+00  6.581912e-01  5.288953e+00  1.628937e-01  1.950802e+00  1.961248e-01  1.891622e-01  7.152604e-02  3.777765e+01  0.000000e+00  1.599854e+01  8.970503e-05  9.906144e-02  0.000000e+00
5.966493e+02  6.621130e+00  8.853209e+00  2.466285e+00  1.125055e+00  5.156147e+00  1.531523e-01  1.909062e+00  1.912691e-01  1.037710e-01  2.716864e-02  2.736927e+01  0.000000e+00  1.067112e+01  0.000000e+00  3.060831e-04  0.000000e+00
6.694516e+02  5.055064e+00  7.435975e+00  3.020606e+00  1.656234e+00  4.942308e+00  1.588259e-01  2.426654e+00  1.460565e-01  1.240714e-01  3.575523e-02  1.908697e+01  0.000000e+00  6.003766e+00  0.000000e+00  0.000000e+00  0.000000e+00
7.511370e+02  4.111414e+00  5.788962e+00  2.086310e+00  1.342532e+00  3.307402e+00  4.384600e-02  1.802284e+00  1.774354e-01  1.229070e-01  2.429409e-02  1.223975e+01  0.000000e+00  4.132315e+00  0.000000e+00  0.000000e+00  0.000000e+00
8.427896e+02  2.552002e+00  4.780090e+00  1.783168e+00  1.506990e+00  3.652368e+00  1.055790e-01  2.058488e+00  7.355812e-02  3.192918e-02  5.785306e-02  6.514401e+00  0.000000e+00  2.027906e+00  0.000000e+00  5.512789e-02  0.000000e+00
9.456255e+02  2.488789e+00  3.965287e+00  2.381131e+00  9.901460e-01  3.042306e+00  1.327768e-01  2.119203e+00  2.153415e-01  0.000000e+00  9.883604e-02  5.344064e+00  7.437299e-04  1.607268e+00  0.000000e+00  0.000000e+00  0.000000e+00
1.061009e+03  2.282167e+00  2.793073e+00  2.233020e+00  1.525102e+00  2.434571e+00  1.710286e-01  1.976090e+00  1.603451e-01  2.232777e-01  2.461297e-02  3.833616e+00  0.000000e+00  5.865501e-01  5.189305e-03  3.202182e-03  0.000000e+00
1.190472e+03  1.517360e+00  2.410948e+00  2.044401e+00  1.541611e+00  1.837500e+00  1.627810e-01  1.199096e+00  1.910955e-01  8.509900e-02  5.930165e-02  2.318732e+00  0.000000e+00  6.870531e-01  0.000000e+00  0.000000e+00  0.000000e+00
1.335731e+03  1.509445e+00  2.110590e+00  1.668615e+00  1.180102e+00  1.511286e+00  7.453304e-02  1.571720e+00  8.124972e-02  1.468920e-01  2.601391e-02  1.160181e+00  0.000000e+00  2.202337e-01  3.478335e-02  0.000000e+00  0.000000e+00
1.498715e+03  9.525978e-01  1.567528e+00  1.364462e+00  1.266297e+00  1.041647e+00  2.274872e-01  1.371664e+00  2.544451e-01  2.119922e-01  4.347693e-02  7.040682e-01  7.248484e-04  3.641467e-01  0.000000e+00  0.000000e+00  1.680713e-03
1.681586e+03  3.958950e-01  1.480212e+00  1.058624e+00  1.101121e+00  1.233413e+00  1.216369e-01  1.045227e+00  1.618438e-01  1.478201e-01  9.073801e-02  6.766574e-01  0.000000e+00  2.142715e-01  2.247951e-02  0.000000e+00  2.666475e-04
1.886771e+03  5.381171e-01  9.058776e-01  1.079011e+00  1.420786e+00  9.831677e-01  1.327789e-01  9.280554e-01  1.661504e-01  1.184657e-01  8.823533e-02  3.467936e-01  2.151868e-02  1.993000e-02  1.700724e-02  1.513789e-04  0.000000e+00
2.116992e+03  4.220237e-01  9.412426e-01  7.075843e-01  8.577556e-01  4.014253e-01  1.197720e-01  6.938242e-01  1.472153e-01  3.583678e-02  6.849910e-02  1.633432e-01  1.019208e-02  6.320312e-02  5.514403e-05  0.000000e+00  5.514403e-05
2.375304e+03  1.653554e-01  5.541487e-01  6.324883e-01  1.226199e+00  4.020738e-01  1.958373e-01  6.280212e-01  1.381807e-01  8.668998e-02  2.230968e-02  2.031187e-01  3.141649e-05  0.000000e+00  2.831599e-03  0.000000e+00  5.274598e-03
2.665135e+03  1.851596e-01  3.995808e-01  5.045385e-01  1.021926e+00  1.949411e-01  1.296285e-01  3.932394e-01  2.356361e-01  5.385190e-02  1.084142e-01  1.053286e-01  3.356442e-02  2.013021e-02  6.082300e-03  0.000000e+00  1.636337e-02
2.990330e+03  3.943130e-02  2.853288e-01  3.209935e-01  7.813210e-01  1.688921e-01  1.632199e-01  2.793663e-01  1.475861e-01  4.343549e-02  3.648770e-02  8.568516e-02  5.413889e-03  0.000000e+00  5.481927e-03  0.000000e+00  2.283976e-02
3.355206e+03  3.972973e-02  3.310930e-01  3.019135e-01  8.005709e-01  5.757436e-02  1.639972e-01  1.794915e-01  9.631571e-02  3.884380e-02  4.321725e-02  1.741338e-02  1.758186e-02  1.496004e-02  7.311105e-04  0.000000e+00  4.901082e-05
3.764603e+03  1.429257e-02  1.243056e-01  2.140773e-01  4.939540e-01  4.962751e-02  1.266594e-01  1.071996e-01  7.287786e-02  2.277588e-02  4.573484e-02  3.361165e-02  2.093562e-03  1.267117e-05  1.329684e-02  0.000000e+00  1.132284e-02
4.223954e+03  1.444982e-03  9.605311e-02  7.859657e-02  3.964257e-01  1.988686e-02  6.544986e-02  9.611062e-02  8.426395e-02  3.569627e-02  2.960968e-02  2.782284e-02  4.654559e-03  0.000000e+00  1.376033e-02  0.000000e+00  6.384079e-03
4.739354e+03  1.964365e-03  6.400595e-02  1.091693e-01  3.627655e-01  2.307378e-02  7.399878e-02  2.269355e-02  5.972241e-02  1.521592e-02  1.861199e-02  1.990215e-02  8.297154e-03  6.026502e-05  3.653389e-04  0.000000e+00  1.777716e-03
5.317643e+03  1.160902e-02  5.773262e-02  6.631258e-02  2.254645e-01  1.977151e-03  5.255137e-02  8.079541e-03  1.052018e-01  3.780264e-02  2.368406e-02  6.934901e-03  1.187513e-02  0.000000e+00  8.810852e-03  0.000000e+00  1.391443e-02
5.966493e+03  3.546808e-03  2.532285e-02  3.111157e-02  1.296700e-01  9.417715e-03  6.874184e-02  6.870157e-03  4.046933e-02  1.505878e-02  3.242065e-02  3.915678e-04  1.314365e-03  0.000000e+00  2.139731e-03  0.000000e+00  4.415084e-03
6.694516e+03  1.114699e-05  1.732877e-02  2.412885e-02  9.371285e-02  1.556919e-03  9.633893e-02  1.869803e-03  2.255089e-02  1.734964e-02  2.738842e-02  1.323947e-02  1.897811e-02  0.000000e+00  1.468790e-03  0.000000e+00  6.697883e-05
7.511370e+03  5.969465e-04  1.395666e-02  2.499949e-02  5.630714e-02  6.496485e-03  4.625127e-02  6.883301e-03  1.690696e-02  5.008221e-03  1.557838e-02  4.954037e-04  3.991230e-03  0.000000e+00  1.752899e-04  0.000000e+00  1.468387e-02
8.427896e+03  1.480924e-03  9.835493e-03  1.252800e-02  1.228957e-02  1.758133e-03  5.981875e-02  1.224304e-02  4.470930e-02  6.027954e-03  4.652149e-03  1.009131e-02  8.785675e-03  0.000000e+00  1.051169e-04  0.000000e+00  2.310859e-03
9.456255e+03  0.000000e+00  2.903457e-03  1.287163e-02  3.262116e-02  2.208145e-03  3.941880e-02  1.234521e-05  1.444531e-02  8.758364e-03  5.010104e-03  1.741251e-02  1.082077e-02  0.000000e+00  4.724686e-03  0.000000e+00  2.594078e-04
1.061009e+04  0.000000e+00  1.018702e-02  4.971961e-03  1.943733e-02  6.449187e-04  2.679889e-02  2.791068e-03  1.086912e-02  2.484098e-04  6.975929e-03  6.768837e-03  7.553454e-03  0.000000e+00  7.033276e-06  0.000000e+00  4.137181e-03
1.190472e+04  0.000000e+00  4.006650e-05  3.766497e-05  9.944041e-03  0.000000e+00  8.220359e-03  4.006977e-06  5.483157e-04  1.253683e-05  7.118957e-03  1.765083e-02  4.125767e-03  0.000000e+00  8.068415e-04  0.000000e+00  1.454961e-03
1.335731e+04  0.000000e+00  1.801057e-03  6.245554e-03  1.285672e-02  0.000000e+00  9.149055e-03  1.367223e-05  1.982742e-03  1.784781e-04  5.373708e-03  2.644829e-03  7.807867e-04  0.000000e+00  0.000000e+00  0.000000e+00  1.624984e-03
1.498715e+04  0.000000e+00  2.513239e-03  7.248484e-05  7.233773e-04  0.000000e+00  4.615852e-03  0.000000e+00  7.153169e-03  2.266971e-04  8.518421e-04  1.557860e-05  6.080091e-03  0.000000e+00  1.276848e-05  0.000000e+00  3.834344e-03
1.681586e+04  0.000000e+00  1.710274e-04  4.437697e-06  4.347614e-04  0.000000e+00  8.491980e-03  2.836722e-06  6.124412e-04  0.000000e+00  6.460218e-05  4.182300e-05  3.752499e-05  0.000000e+00  2.107728e-03  0.000000e+00  2.886082e-03
1.886771e+04  0.000000e+00  3.899214e-04  0.000000e+00  1.641585e-03  0.000000e+00  5.430711e-03  0.000000e+00  4.133080e-03  0.000000e+00  0.000000e+00  1.338147e-03  1.690909e-03  0.000000e+00  3.139843e-03  0.000000e+00  2.062114e-03
2.116992e+04  0.000000e+00  2.253289e-06  0.000000e+00  1.036564e-03  0.000000e+00  1.087988e-05  0.000000e+00  5.895664e-04  0.000000e+00  0.000000e+00  0.000000e+00  1.452184e-03  0.000000e+00  4.954946e-03  0.000000e+00  5.895664e-04
2.375304e+04  0.000000e+00  0.000000e+00  0.000000e+00  2.008246e-06  0.000000e+00  6.314974e-04  1.887720e-05  9.835739e-05  0.000000e+00  1.430362e-04  6.824453e-04  6.283298e-06  0.000000e+00  0.000000e+00  0.000000e+00  2.053032e-03
2.665135e+04  0.000000e+00  1.682432e-05  0.000000e+00  1.414309e-03  0.000000e+00  0.000000e+00  0.000000e+00  0.000000e+00  0.000000e+00  1.071680e-05  0.000000e+00  0.000000e+00  0.000000e+00  0.000000e+00  0.000000e+00  1.682432e-05
2.990330e+04  0.000000e+00  0.000000e+00  0.000000e+00  1.606047e-04  0.000000e+00  0.000000e+00  0.000000e+00  0.000000e+00  0.000000e+00  0.000000e+00  0.000000e+00  2.387327e-04  0.000000e+00  6.202136e-04  0.000000e+00  3.154215e-04
3.355206e+04  0.000000e+00  0.000000e+00  0.000000e+00  0.000000e+00  0.000000e+00  0.000000e+00  0.000000e+00  0.000000e+00  0.000000e+00  0.000000e+00  0.000000e+00  3.479353e-06  0.000000e+00  1.570018e-03  0.000000e+00  1.702532e-05
3.764603e+04  0.000000e+00  0.000000e+00  0.000000e+00  2.885673e-05  0.000000e+00  0.000000e+00  0.000000e+00  0.000000e+00  0.000000e+00  0.000000e+00  0.000000e+00  1.275728e-04  0.000000e+00  2.885673e-05  0.000000e+00  1.267117e-06
4.223954e+04  0.000000e+00  0.000000e+00  0.000000e+00  1.665004e-05  0.000000e+00  0.000000e+00  0.000000e+00  1.165973e-03  0.000000e+00  0.000000e+00  0.000000e+00  1.411847e-04  0.000000e+00  0.000000e+00  0.000000e+00  0.000000e+00
4.739354e+04  0.000000e+00  0.000000e+00  0.000000e+00  0.000000e+00  0.000000e+00  0.000000e+00  0.000000e+00  1.006507e-06  0.000000e+00  0.000000e+00  0.000000e+00  1.584587e-05  0.000000e+00  1.013347e-04  0.000000e+00  0.000000e+00
5.317643e+04  0.000000e+00  0.000000e+00  0.000000e+00  0.000000e+00  0.000000e+00  0.000000e+00  0.000000e+00  0.000000e+00  0.000000e+00  0.000000e+00  0.000000e+00  0.000000e+00  0.000000e+00  0.000000e+00  0.000000e+00  0.000000e+00
5.966493e+04  0.000000e+00  0.000000e+00  0.000000e+00  0.000000e+00  0.000000e+00  0.000000e+00  0.000000e+00  0.000000e+00  0.000000e+00  0.000000e+00  0.000000e+00  0.000000e+00  0.000000e+00  0.000000e+00  0.000000e+00  0.000000e+00
6.694516e+04  0.000000e+00  0.000000e+00  0.000000e+00  0.000000e+00  0.000000e+00  0.000000e+00  0.000000e+00  0.000000e+00  0.000000e+00  0.000000e+00  0.000000e+00  0.000000e+00  0.000000e+00  0.000000e+00  0.000000e+00  3.561107e-05
7.511370e+04  0.000000e+00  0.000000e+00  0.000000e+00  0.000000e+00  0.000000e+00  0.000000e+00  0.000000e+00  0.000000e+00  0.000000e+00  0.000000e+00  0.000000e+00  0.000000e+00  0.000000e+00  0.000000e+00  0.000000e+00  5.008221e-04
8.427896e+04  0.000000e+00  0.000000e+00  0.000000e+00  0.000000e+00  0.000000e+00  0.000000e+00  0.000000e+00  0.000000e+00  0.000000e+00  0.000000e+00  0.000000e+00  0.000000e+00  0.000000e+00  0.000000e+00  0.000000e+00  0.000000e+00
9.456255e+04  0.000000e+00  0.000000e+00  0.000000e+00  0.000000e+00  0.000000e+00  0.000000e+00  0.000000e+00  0.000000e+00  0.000000e+00  0.000000e+00  0.000000e+00  0.000000e+00  0.000000e+00  0.000000e+00  0.000000e+00  0.000000e+00
1.061009e+05  0.000000e+00  0.000000e+00  0.000000e+00  0.000000e+00  0.000000e+00  0.000000e+00  0.000000e+00  0.000000e+00  0.000000e+00  0.000000e+00  0.000000e+00  0.000000e+00  0.000000e+00  0.000000e+00  0.000000e+00  0.000000e+00
1.190472e+05  0.000000e+00  0.000000e+00  0.000000e+00  0.000000e+00  0.000000e+00  0.000000e+00  0.000000e+00  0.000000e+00  0.000000e+00  0.000000e+00  0.000000e+00  0.000000e+00  0.000000e+00  0.000000e+00  0.000000e+00  0.000000e+00
1.335731e+05  0.000000e+00  0.000000e+00  0.000000e+00  0.000000e+00  0.000000e+00  0.000000e+00  0.000000e+00  0.000000e+00  0.000000e+00  0.000000e+00  0.000000e+00  0.000000e+00  0.000000e+00  0.000000e+00  0.000000e+00  0.000000e+00
1.498715e+05  0.000000e+00  0.000000e+00  0.000000e+00  0.000000e+00  0.000000e+00  0.000000e+00  0.000000e+00  0.000000e+00  0.000000e+00  0.000000e+00  0.000000e+00  0.000000e+00  0.000000e+00  0.000000e+00  0.000000e+00  0.000000e+00
1.681586e+05  0.000000e+00  0.000000e+00  0.000000e+00  0.000000e+00  0.000000e+00  0.000000e+00  0.000000e+00  0.000000e+00  0.000000e+00  0.000000e+00  0.000000e+00  0.000000e+00  0.000000e+00  0.000000e+00  0.000000e+00  0.000000e+00
1.886771e+05  0.000000e+00  0.000000e+00  0.000000e+00  0.000000e+00  0.000000e+00  0.000000e+00  0.000000e+00  0.000000e+00  0.000000e+00  0.000000e+00  0.000000e+00  0.000000e+00  0.000000e+00  0.000000e+00  0.000000e+00  0.000000e+00
2.116992e+05  0.000000e+00  0.000000e+00  0.000000e+00  0.000000e+00  0.000000e+00  0.000000e+00  0.000000e+00  0.000000e+00  0.000000e+00  0.000000e+00  0.000000e+00  0.000000e+00  0.000000e+00  0.000000e+00  0.000000e+00  0.000000e+00
2.375304e+05  0.000000e+00  0.000000e+00  0.000000e+00  0.000000e+00  0.000000e+00  0.000000e+00  0.000000e+00  0.000000e+00  0.000000e+00  0.000000e+00  0.000000e+00  0.000000e+00  0.000000e+00  0.000000e+00  0.000000e+00  0.000000e+00
2.665135e+05  0.000000e+00  0.000000e+00  0.000000e+00  0.000000e+00  0.000000e+00  0.000000e+00  0.000000e+00  0.000000e+00  0.000000e+00  0.000000e+00  0.000000e+00  0.000000e+00  0.000000e+00  0.000000e+00  0.000000e+00  0.000000e+00
2.990330e+05  0.000000e+00  0.000000e+00  0.000000e+00  0.000000e+00  0.000000e+00  0.000000e+00  0.000000e+00  0.000000e+00  0.000000e+00  0.000000e+00  0.000000e+00  0.000000e+00  0.000000e+00  0.000000e+00  0.000000e+00  0.000000e+00
3.355206e+05  0.000000e+00  0.000000e+00  0.000000e+00  0.000000e+00  0.000000e+00  0.000000e+00  0.000000e+00  0.000000e+00  0.000000e+00  0.000000e+00  0.000000e+00  0.000000e+00  0.000000e+00  0.000000e+00  0.000000e+00  0.000000e+00
3.764603e+05  0.000000e+00  0.000000e+00  0.000000e+00  0.000000e+00  0.000000e+00  0.000000e+00  0.000000e+00  0.000000e+00  0.000000e+00  0.000000e+00  0.000000e+00  0.000000e+00  0.000000e+00  0.000000e+00  0.000000e+00  0.000000e+00
4.223954e+05  0.000000e+00  0.000000e+00  0.000000e+00  0.000000e+00  0.000000e+00  0.000000e+00  0.000000e+00  0.000000e+00  0.000000e+00  0.000000e+00  0.000000e+00  0.000000e+00  0.000000e+00  0.000000e+00  0.000000e+00  0.000000e+00
4.739354e+05  0.000000e+00  0.000000e+00  0.000000e+00  0.000000e+00  0.000000e+00  0.000000e+00  0.000000e+00  0.000000e+00  0.000000e+00  0.000000e+00  0.000000e+00  0.000000e+00  0.000000e+00  0.000000e+00  0.000000e+00  0.000000e+00
5.317643e+05  0.000000e+00  0.000000e+00  0.000000e+00  0.000000e+00  0.000000e+00  0.000000e+00  0.000000e+00  0.000000e+00  0.000000e+00  0.000000e+00  0.000000e+00  0.000000e+00  0.000000e+00  0.000000e+00  0.000000e+00  0.000000e+00
5.966493e+05  0.000000e+00  0.000000e+00  0.000000e+00  0.000000e+00  0.000000e+00  0.000000e+00  0.000000e+00  0.000000e+00  0.000000e+00  0.000000e+00  0.000000e+00  0.000000e+00  0.000000e+00  0.000000e+00  0.000000e+00  0.000000e+00
6.694516e+05  0.000000e+00  0.000000e+00  0.000000e+00  0.000000e+00  0.000000e+00  0.000000e+00  0.000000e+00  0.000000e+00  0.000000e+00  0.000000e+00  0.000000e+00  0.000000e+00  0.000000e+00  0.000000e+00  0.000000e+00  0.000000e+00
7.511370e+05  0.000000e+00  0.000000e+00  0.000000e+00  0.000000e+00  0.000000e+00  0.000000e+00  0.000000e+00  0.000000e+00  0.000000e+00  0.000000e+00  0.000000e+00  0.000000e+00  0.000000e+00  0.000000e+00  0.000000e+00  0.000000e+00
8.427896e+05  0.000000e+00  0.000000e+00  0.000000e+00  0.000000e+00  0.000000e+00  0.000000e+00  0.000000e+00  0.000000e+00  0.000000e+00  0.000000e+00  0.000000e+00  0.000000e+00  0.000000e+00  0.000000e+00  0.000000e+00  0.000000e+00
9.456255e+05  0.000000e+00  0.000000e+00  0.000000e+00  0.000000e+00  0.000000e+00  0.000000e+00  0.000000e+00  0.000000e+00  0.000000e+00  0.000000e+00  0.000000e+00  0.000000e+00  0.000000e+00  0.000000e+00  0.000000e+00  0.000000e+00
