# dR/dEr [1/keV/kg/Myr]
# Er [keV], S, F, Ne, Cl, Na, Si, O, P, N, C, Al, Mg, Be, B, Ar, Li
1.061009e+01  3.115728e+01  2.317804e+01  0.000000e+00  0.000000e+00  8.060189e+00  0.000000e+00  2.122940e+00  0.000000e+00  0.000000e+00  0.000000e+00  0.000000e+00  0.000000e+00  5.123181e-02  0.000000e+00  0.000000e+00  0.000000e+00
1.190472e+01  1.179620e+01  2.170538e+00  0.000000e+00  0.000000e+00  3.747926e+00  0.000000e+00  0.000000e+00  0.000000e+00  0.000000e+00  0.000000e+00  0.000000e+00  0.000000e+00  0.000000e+00  0.000000e+00  0.000000e+00  0.000000e+00
1.335731e+01  1.704596e+01  3.508637e+00  0.000000e+00  0.000000e+00  0.000000e+00  0.000000e+00  0.000000e+00  0.000000e+00  0.000000e+00  0.000000e+00  0.000000e+00  0.000000e+00  0.000000e+00  0.000000e+00  0.000000e+00  0.000000e+00
1.498715e+01  4.353289e+00  4.447549e+00  0.000000e+00  0.000000e+00  1.792165e+00  0.000000e+00  7.290200e-01  0.000000e+00  0.000000e+00  0.000000e+00  0.000000e+00  0.000000e+00  0.000000e+00  0.000000e+00  0.000000e+00  0.000000e+00
1.681586e+01  1.075171e+01  4.616655e+00  1.557936e+00  0.000000e+00  3.023889e+00  6.497397e-01  0.000000e+00  0.000000e+00  0.000000e+00  0.000000e+00  0.000000e+00  0.000000e+00  0.000000e+00  0.000000e+00  0.000000e+00  0.000000e+00
1.886771e+01  7.372908e+00  5.382056e+00  0.000000e+00  0.000000e+00  1.388512e+00  0.000000e+00  0.000000e+00  0.000000e+00  0.000000e+00  0.000000e+00  0.000000e+00  0.000000e+00  0.000000e+00  0.000000e+00  0.000000e+00  0.000000e+00
2.116992e+01  7.440479e+00  5.972732e+00  0.000000e+00  0.000000e+00  1.500746e+00  0.000000e+00  6.619133e-01  0.000000e+00  0.000000e+00  0.000000e+00  2.800837e-01  0.000000e+00  0.000000e+00  0.000000e+00  0.000000e+00  0.000000e+00
2.375304e+01  1.373126e+01  2.702951e+00  1.442357e+00  0.000000e+00  3.264671e+00  0.000000e+00  1.102934e+00  0.000000e+00  0.000000e+00  0.000000e+00  0.000000e+00  0.000000e+00  0.000000e+00  0.000000e+00  0.000000e+00  0.000000e+00
2.665135e+01  1.190260e+01  5.293463e+00  5.257764e-01  2.481758e-02  8.424589e-01  0.000000e+00  0.000000e+00  8.976402e-01  0.000000e+00  0.000000e+00  0.000000e+00  0.000000e+00  0.000000e+00  0.000000e+00  0.000000e+00  0.000000e+00
2.990330e+01  1.345828e+01  6.118344e+00  6.476191e-01  0.000000e+00  6.968771e-01  0.000000e+00  8.339743e-01  0.000000e+00  0.000000e+00  0.000000e+00  7.535202e-02  0.000000e+00  4.547348e-01  0.000000e+00  0.000000e+00  0.000000e+00
3.355206e+01  1.717121e+01  4.499442e+00  6.606255e-01  0.000000e+00  1.364546e+00  0.000000e+00  1.595535e+00  0.000000e+00  0.000000e+00  0.000000e+00  4.104847e-01  0.000000e+00  4.246984e-01  0.000000e+00  0.000000e+00  0.000000e+00
3.764603e+01  1.904105e+01  3.222461e+00  2.976187e-03  3.722212e-01  2.076150e+00  0.000000e+00  2.697289e-02  0.000000e+00  0.000000e+00  0.000000e+00  0.000000e+00  0.000000e+00  4.636142e-03  0.000000e+00  0.000000e+00  0.000000e+00
4.223954e+01  1.738626e+01  8.772904e+00  1.913286e-01  0.000000e+00  4.073808e+00  0.000000e+00  5.214641e-01  0.000000e+00  0.000000e+00  0.000000e+00  1.262490e-01  0.000000e+00  2.564972e+00  0.000000e+00  0.000000e+00  0.000000e+00
4.739354e+01  2.431419e+01  9.538011e+00  2.956658e-01  7.633528e-01  1.145387e+00  0.000000e+00  1.066302e+00  0.000000e+00  0.000000e+00  0.000000e+00  0.000000e+00  0.000000e+00  9.121037e-01  0.000000e+00  0.000000e+00  0.000000e+00
5.317643e+01  2.132411e+01  5.409942e+00  7.324906e-01  0.000000e+00  2.801570e+00  0.000000e+00  1.418233e+00  0.000000e+00  0.000000e+00  0.000000e+00  1.115033e-01  0.000000e+00  0.000000e+00  0.000000e+00  0.000000e+00  0.000000e+00
5.966493e+01  2.848152e+01  1.008939e+01  8.153985e-01  4.179772e-01  1.891688e+00  0.000000e+00  1.419211e+00  0.000000e+00  0.000000e+00  0.000000e+00  1.785699e-01  0.000000e+00  5.168758e-02  0.000000e+00  0.000000e+00  0.000000e+00
6.694516e+01  3.098901e+01  8.474215e+00  1.365423e+00  0.000000e+00  3.896754e+00  0.000000e+00  4.012158e-01  0.000000e+00  6.448979e-02  0.000000e+00  4.685649e-01  0.000000e+00  6.506450e+00  0.000000e+00  0.000000e+00  0.000000e+00
7.511370e+01  3.249698e+01  1.165845e+01  1.208305e+00  4.405492e-01  2.358878e+00  0.000000e+00  1.013149e+00  0.000000e+00  0.000000e+00  0.000000e+00  1.075920e-01  0.000000e+00  1.936703e+03  0.000000e+00  0.000000e+00  0.000000e+00
8.427896e+01  4.134198e+01  1.307688e+01  7.617558e-01  1.046485e+00  3.310427e+00  0.000000e+00  1.811961e+00  0.000000e+00  0.000000e+00  0.000000e+00  0.000000e+00  0.000000e+00  2.358444e+03  0.000000e+00  0.000000e+00  0.000000e+00
9.456255e+01  4.105390e+01  1.013531e+01  1.056131e+00  5.237664e-01  2.927825e+00  0.000000e+00  5.132889e-01  0.000000e+00  4.614355e-02  0.000000e+00  4.882780e-04  0.000000e+00  1.788897e+03  0.000000e+00  0.000000e+00  0.000000e+00
1.061009e+02  4.825493e+01  1.336216e+01  8.115546e-01  1.829590e-01  4.143129e+00  0.000000e+00  8.800982e-01  0.000000e+00  0.000000e+00  1.004173e-01  4.488178e-01  0.000000e+00  1.363712e+03  0.000000e+00  0.000000e+00  0.000000e+00
1.190472e+02  5.189986e+01  1.697407e+01  1.779940e+00  2.754041e-01  3.841932e+00  0.000000e+00  5.689726e-01  0.000000e+00  9.177818e-02  2.634934e-01  1.205318e+03  0.000000e+00  1.001284e+03  0.000000e+00  5.041088e-02  0.000000e+00
1.335731e+02  5.839702e+01  1.835612e+01  1.288071e+00  8.388035e-04  4.597079e+00  0.000000e+00  6.919184e-01  0.000000e+00  0.000000e+00  0.000000e+00  1.007060e+03  0.000000e+00  7.364936e+02  0.000000e+00  0.000000e+00  0.000000e+00
1.498715e+02  1.429078e+02  2.127852e+01  9.455508e-01  2.944493e-01  2.713743e+00  0.000000e+00  1.219495e+00  0.000000e+00  1.525793e-01  1.614390e-01  7.530762e+02  0.000000e+00  5.506521e+02  0.000000e+00  0.000000e+00  0.000000e+00
1.681586e+02  2.054613e+02  2.153064e+01  1.263039e+00  3.023889e-01  2.326919e+00  2.745789e-04  1.518182e+00  0.000000e+00  1.227546e-01  0.000000e+00  5.584829e+02  0.000000e+00  4.049940e+02  0.000000e+00  0.000000e+00  0.000000e+00
1.886771e+02  1.196325e+02  2.538752e+01  9.296246e-01  3.005625e-01  5.039054e+00  1.321760e-01  1.441960e+00  9.411857e-02  9.411857e-02  0.000000e+00  4.159632e+02  0.000000e+00  2.972491e+02  0.000000e+00  0.000000e+00  0.000000e+00
2.116992e+02  5.212579e+01  3.160162e+01  1.192160e+00  7.453895e-01  2.120080e+00  8.388327e-02  1.180808e+00  0.000000e+00  0.000000e+00  2.181058e-04  3.285504e+02  0.000000e+00  1.996120e+02  0.000000e+00  5.292492e-04  0.000000e+00
2.375304e+02  3.780174e+01  1.618507e+02  1.819850e+00  6.312838e-01  3.103734e+00  3.553236e-02  1.316824e+00  1.530437e-01  0.000000e+00  4.599805e-02  2.449059e+02  0.000000e+00  1.458127e+02  0.000000e+00  1.365639e-01  0.000000e+00
2.665135e+02  3.110492e+01  1.350223e+02  1.856490e+00  4.807284e-01  4.464778e+00  8.316782e-02  1.016292e+00  0.000000e+00  6.663085e-02  7.643311e-02  1.794247e+02  0.000000e+00  1.018921e+02  0.000000e+00  0.000000e+00  0.000000e+00
2.990330e+02  1.901600e+01  2.049002e+01  1.026473e+00  3.715070e-01  3.438522e+00  7.160523e-03  1.933594e+00  2.405269e-04  5.836557e-04  1.459187e-02  1.353581e+02  0.000000e+00  7.630675e+01  0.000000e+00  0.000000e+00  0.000000e+00
3.355206e+02  1.674215e+01  1.832817e+01  1.199354e+00  4.992317e-01  3.637229e+00  5.292676e-02  1.411092e+00  5.030997e-02  4.176391e-02  9.546231e-02  1.011645e+02  9.191496e-03  5.302038e+01  0.000000e+00  0.000000e+00  1.263703e-03
3.764603e+02  1.115296e+01  1.363908e+01  1.522414e+00  4.697249e-01  4.081901e+00  3.037925e-02  9.902778e-01  0.000000e+00  5.887831e-02  0.000000e+00  6.614649e+01  0.000000e+00  3.869563e+01  0.000000e+00  0.000000e+00  0.000000e+00
4.223954e+02  7.204386e+00  1.142868e+01  9.654721e-01  4.717480e-01  3.475261e+00  3.334453e-02  1.395277e+00  1.103099e-01  4.221150e-02  7.452778e-02  5.104348e+01  0.000000e+00  2.085724e+01  0.000000e+00  2.652530e-04  0.000000e+00
4.739354e+02  5.762471e+00  9.329967e+00  1.358416e+00  8.006615e-01  2.972245e+00  5.204721e-02  1.339878e+00  1.068821e-01  5.047802e-02  0.000000e+00  3.177772e+01  0.000000e+00  1.400694e+01  5.047802e-02  0.000000e+00  0.000000e+00
5.317643e+02  4.489859e+00  6.084015e+00  1.440147e+00  3.919106e-01  3.109489e+00  9.430088e-02  1.144687e+00  1.243207e-01  1.206061e-01  4.578869e-02  2.630940e+01  0.000000e+00  1.095112e+01  8.682948e-05  6.100087e-02  0.000000e+00
5.966493e+02  4.006924e+00  5.347586e+00  1.476673e+00  6.950551e-01  3.019845e+00  1.016512e-01  1.153590e+00  1.179947e-01  6.063437e-02  2.279073e-02  1.879800e+01  0.000000e+00  7.374535e+00  0.000000e+00  2.925208e-04  0.000000e+00
6.694516e+02  3.082373e+00  4.500794e+00  1.792543e+00  9.971727e-01  2.912227e+00  1.015723e-01  1.433222e+00  8.651468e-02  7.224328e-02  2.276970e-02  1.313675e+01  0.000000e+00  4.265357e+00  0.000000e+00  0.000000e+00  0.000000e+00
7.511370e+02  2.506320e+00  3.508395e+00  1.224216e+00  8.078171e-01  1.940875e+00  2.645224e-02  1.062165e+00  1.038440e-01  7.972475e-02  1.534201e-02  8.573666e+00  0.000000e+00  2.877179e+00  0.000000e+00  0.000000e+00  0.000000e+00
8.427896e+02  1.559688e+00  2.924854e+00  1.063000e+00  8.830558e-01  2.170889e+00  6.067543e-02  1.217292e+00  4.292649e-02  1.937425e-02  4.760213e-02  4.515619e+00  0.000000e+00  1.421600e+00  0.000000e+00  3.951443e-02  0.000000e+00
9.456255e+02  1.538318e+00  2.386212e+00  1.421391e+00  6.026645e-01  1.792666e+00  8.476906e-02  1.262553e+00  1.251931e-01  0.000000e+00  6.131646e-02  3.766368e+00  6.994545e-04  1.112049e+00  0.000000e+00  0.000000e+00  0.000000e+00
1.061009e+03  1.406578e+00  1.690503e+00  1.340201e+00  9.102514e-01  1.447870e+00  1.043135e-01  1.161209e+00  9.398274e-02  1.433979e-01  1.966654e-02  2.660230e+00  0.000000e+00  4.262371e-01  4.692420e-03  2.906606e-03  0.000000e+00
1.190472e+03  9.370068e-01  1.452672e+00  1.222901e+00  9.190135e-01  1.064847e+00  1.049313e-01  7.156610e-01  1.142172e-01  5.030554e-02  4.942095e-02  1.602906e+00  0.000000e+00  4.721047e-01  0.000000e+00  0.000000e+00  0.000000e+00
1.335731e+03  9.397002e-01  1.289875e+00  1.001398e+00  6.966360e-01  8.837641e-01  4.803287e-02  9.214578e-01  5.140593e-02  9.054995e-02  1.740621e-02  8.006959e-01  0.000000e+00  1.612321e-01  2.493192e-02  0.000000e+00  0.000000e+00
1.498715e+03  5.899746e-01  9.530712e-01  8.078412e-01  7.626436e-01  6.174314e-01  1.473101e-01  8.185169e-01  1.588973e-01  1.361743e-01  3.080519e-02  4.697863e-01  6.775285e-04  2.508630e-01  0.000000e+00  0.000000e+00  1.545167e-03
1.681586e+03  2.532353e-01  9.229471e-01  6.382072e-01  6.593823e-01  7.434322e-01  7.415962e-02  6.116972e-01  1.019588e-01  9.501311e-02  6.472011e-02  4.771519e-01  0.000000e+00  1.375889e-01  1.704604e-02  0.000000e+00  2.521419e-04
1.886771e+03  3.493044e-01  5.670461e-01  6.552101e-01  8.372261e-01  5.939081e-01  8.531787e-02  5.412463e-01  1.049138e-01  7.437488e-02  6.143571e-02  2.423881e-01  1.463385e-02  1.174777e-02  1.448844e-02  1.440488e-04  0.000000e+00
2.116992e+03  2.621699e-01  5.908150e-01  4.261396e-01  5.065194e-01  2.425349e-01  7.770824e-02  4.121762e-01  9.202340e-02  2.270048e-02  4.606013e-02  1.203263e-01  6.787633e-03  4.549139e-02  5.292492e-05  0.000000e+00  5.292492e-05
2.375304e+03  1.068936e-01  3.425945e-01  3.894186e-01  7.365689e-01  2.496739e-01  1.299763e-01  3.742517e-01  8.506771e-02  5.193218e-02  1.496687e-02  1.401261e-01  3.028055e-05  0.000000e+00  2.496249e-03  0.000000e+00  4.504913e-03
2.665135e+03  1.207862e-01  2.566761e-01  3.086889e-01  6.252949e-01  1.203550e-01  7.991665e-02  2.340704e-01  1.469883e-01  3.528085e-02  7.225840e-02  7.736152e-02  2.443284e-02  1.375905e-02  5.102209e-03  0.000000e+00  1.215082e-02
2.990330e+03  2.853265e-02  1.847859e-01  2.003866e-01  4.787162e-01  1.039422e-01  1.045177e-01  1.678428e-01  8.819899e-02  3.311711e-02  2.856966e-02  6.388326e-02  4.709448e-03  0.000000e+00  4.605714e-03  0.000000e+00  1.736033e-02
3.355206e+03  2.835854e-02  2.157358e-01  1.999796e-01  4.904917e-01  3.859034e-02  1.022847e-01  1.043785e-01  5.836714e-02  2.608943e-02  2.978843e-02  1.412393e-02  1.225673e-02  1.015860e-02  6.715756e-04  0.000000e+00  4.715491e-05
3.764603e+03  9.634601e-03  8.078746e-02  1.414077e-01  3.012907e-01  3.423157e-02  8.429990e-02  6.433955e-02  4.474355e-02  1.652247e-02  3.347352e-02  2.574438e-02  1.908115e-03  1.226499e-05  9.348548e-03  0.000000e+00  9.455388e-03
4.223954e+03  1.313118e-03  6.012243e-02  5.484422e-02  2.395791e-01  1.502289e-02  4.185069e-02  5.645771e-02  5.353521e-02  2.583168e-02  2.232663e-02  2.082095e-02  3.982975e-03  0.000000e+00  9.739931e-03  0.000000e+00  5.486666e-03
4.739354e+03  1.705218e-03  4.312312e-02  7.220872e-02  2.229672e-01  1.622814e-02  4.686385e-02  1.477497e-02  3.987020e-02  1.141322e-02  1.453292e-02  1.545993e-02  6.344743e-03  5.734687e-05  3.388380e-04  0.000000e+00  1.624618e-03
5.317643e+03  7.967065e-03  4.053221e-02  4.663121e-02  1.383826e-01  1.774295e-03  3.466466e-02  5.978051e-03  6.904720e-02  2.585759e-02  1.820911e-02  6.059375e-03  8.393335e-03  0.000000e+00  7.147195e-03  0.000000e+00  9.493421e-03
5.966493e+03  3.026770e-03  1.804677e-02  2.399972e-02  8.413910e-02  6.487286e-03  4.460591e-02  5.173390e-03  2.975523e-02  1.081072e-02  2.263981e-02  3.588762e-04  1.170873e-03  0.000000e+00  1.831252e-03  0.000000e+00  3.532736e-03
6.694516e+03  1.074394e-05  1.274437e-02  1.778807e-02  6.245090e-02  1.389176e-03  6.411719e-02  1.669999e-03  1.569630e-02  1.324916e-02  1.947727e-02  1.063730e-02  1.276320e-02  0.000000e+00  1.281281e-03  0.000000e+00  6.333519e-05
7.511370e+03  5.457538e-04  1.069788e-02  1.755396e-02  3.447361e-02  4.718657e-03  3.175623e-02  5.472692e-03  1.247354e-02  3.792898e-03  1.096414e-02  4.603514e-04  3.326768e-03  0.000000e+00  1.645675e-04  0.000000e+00  1.116210e-02
8.427896e+03  1.264178e-03  8.126713e-03  8.682373e-03  9.542035e-03  1.518243e-03  4.228465e-02  8.075047e-03  3.309795e-02  4.723083e-03  3.842877e-03  7.443886e-03  6.787075e-03  0.000000e+00  9.918897e-05  0.000000e+00  2.029821e-03
9.456255e+03  0.000000e+00  2.339110e-03  9.122973e-03  2.331966e-02  1.809048e-03  2.727532e-02  1.184841e-05  1.079211e-02  6.726690e-03  3.912278e-03  1.242609e-02  8.429933e-03  0.000000e+00  3.673460e-03  0.000000e+00  2.382840e-04
1.061009e+04  0.000000e+00  7.186782e-03  3.195335e-03  1.404147e-02  5.694004e-04  1.939503e-02  2.414104e-03  7.712066e-03  2.288205e-04  5.294824e-03  5.521335e-03  5.641611e-03  0.000000e+00  6.778970e-06  0.000000e+00  3.223021e-03
1.190472e+04  0.000000e+00  3.828349e-05  3.561599e-05  7.377898e-03  0.000000e+00  6.174109e-03  3.878530e-06  5.064637e-04  1.208353e-05  5.570684e-03  1.136527e-02  2.881759e-03  0.000000e+00  7.253054e-04  0.000000e+00  1.294142e-03
1.335731e+04  0.000000e+00  1.568217e-03  4.310648e-03  9.502913e-03  0.000000e+00  5.889969e-03  1.306642e-05  1.659595e-03  1.637609e-04  4.310442e-03  2.237048e-03  6.843943e-04  0.000000e+00  0.000000e+00  0.000000e+00  1.396603e-03
1.498715e+04  0.000000e+00  1.904033e-03  6.775285e-05  6.487307e-04  0.000000e+00  3.450023e-03  0.000000e+00  4.883202e-03  2.057720e-04  7.290344e-04  1.495169e-05  3.765435e-03  0.000000e+00  1.227499e-05  0.000000e+00  2.888548e-03
1.681586e+04  0.000000e+00  1.601028e-04  4.277241e-06  3.858089e-04  0.000000e+00  6.211046e-03  2.745789e-06  5.360916e-04  0.000000e+00  6.038479e-05  3.933321e-05  3.559322e-05  0.000000e+00  1.780208e-03  0.000000e+00  2.264788e-03
1.886771e+04  0.000000e+00  3.459816e-04  0.000000e+00  1.279648e-03  0.000000e+00  3.893345e-03  0.000000e+00  3.071863e-03  0.000000e+00  0.000000e+00  1.143780e-03  1.325581e-03  0.000000e+00  2.344921e-03  0.000000e+00  1.785909e-03
2.116992e+04  0.000000e+00  2.181058e-06  0.000000e+00  8.891505e-04  0.000000e+00  1.042541e-05  0.000000e+00  5.032785e-04  0.000000e+00  0.000000e+00  0.000000e+00  1.130062e-03  0.000000e+00  3.555281e-03  0.000000e+00  5.032785e-04
2.375304e+04  0.000000e+00  0.000000e+00  0.000000e+00  1.943870e-06  0.000000e+00  5.460409e-04  1.785028e-05  9.014564e-05  0.000000e+00  1.298333e-04  5.724772e-04  6.056109e-06  0.000000e+00  0.000000e+00  0.000000e+00  1.612194e-03
2.665135e+04  0.000000e+00  1.590908e-05  0.000000e+00  1.071683e-03  0.000000e+00  0.000000e+00  0.000000e+00  0.000000e+00  0.000000e+00  1.019787e-05  0.000000e+00  0.000000e+00  0.000000e+00  0.000000e+00  0.000000e+00  1.590908e-05
2.990330e+04  0.000000e+00  0.000000e+00  0.000000e+00  1.443746e-04  0.000000e+00  0.000000e+00  0.000000e+00  0.000000e+00  0.000000e+00  0.000000e+00  0.000000e+00  2.159799e-04  0.000000e+00  5.263401e-04  0.000000e+00  2.742082e-04
3.355206e+04  0.000000e+00  0.000000e+00  0.000000e+00  0.000000e+00  0.000000e+00  0.000000e+00  0.000000e+00  0.000000e+00  0.000000e+00  0.000000e+00  0.000000e+00  3.339337e-06  0.000000e+00  9.667987e-04  0.000000e+00  1.620092e-05
3.764603e+04  0.000000e+00  0.000000e+00  0.000000e+00  2.697289e-05  0.000000e+00  0.000000e+00  0.000000e+00  0.000000e+00  0.000000e+00  0.000000e+00  0.000000e+00  1.146809e-04  0.000000e+00  2.697289e-05  0.000000e+00  1.226499e-06
4.223954e+04  0.000000e+00  0.000000e+00  0.000000e+00  1.565883e-05  0.000000e+00  0.000000e+00  0.000000e+00  8.829996e-04  0.000000e+00  0.000000e+00  0.000000e+00  1.279518e-04  0.000000e+00  0.000000e+00  0.000000e+00  0.000000e+00
4.739354e+04  0.000000e+00  0.000000e+00  0.000000e+00  0.000000e+00  0.000000e+00  0.000000e+00  0.000000e+00  9.742428e-07  0.000000e+00  0.000000e+00  0.000000e+00  1.493019e-05  0.000000e+00  9.109425e-05  0.000000e+00  0.000000e+00
5.317643e+04  0.000000e+00  0.000000e+00  0.000000e+00  0.000000e+00  0.000000e+00  0.000000e+00  0.000000e+00  0.000000e+00  0.000000e+00  0.000000e+00  0.000000e+00  0.000000e+00  0.000000e+00  0.000000e+00  0.000000e+00  0.000000e+00
5.966493e+04  0.000000e+00  0.000000e+00  0.000000e+00  0.000000e+00  0.000000e+00  0.000000e+00  0.000000e+00  0.000000e+00  0.000000e+00  0.000000e+00  0.000000e+00  0.000000e+00  0.000000e+00  0.000000e+00  0.000000e+00  0.000000e+00
6.694516e+04  0.000000e+00  0.000000e+00  0.000000e+00  0.000000e+00  0.000000e+00  0.000000e+00  0.000000e+00  0.000000e+00  0.000000e+00  0.000000e+00  0.000000e+00  0.000000e+00  0.000000e+00  0.000000e+00  0.000000e+00  3.267459e-05
7.511370e+04  0.000000e+00  0.000000e+00  0.000000e+00  0.000000e+00  0.000000e+00  0.000000e+00  0.000000e+00  0.000000e+00  0.000000e+00  0.000000e+00  0.000000e+00  0.000000e+00  0.000000e+00  0.000000e+00  0.000000e+00  3.792898e-04
8.427896e+04  0.000000e+00  0.000000e+00  0.000000e+00  0.000000e+00  0.000000e+00  0.000000e+00  0.000000e+00  0.000000e+00  0.000000e+00  0.000000e+00  0.000000e+00  0.000000e+00  0.000000e+00  0.000000e+00  0.000000e+00  0.000000e+00
9.456255e+04  0.000000e+00  0.000000e+00  0.000000e+00  0.000000e+00  0.000000e+00  0.000000e+00  0.000000e+00  0.000000e+00  0.000000e+00  0.000000e+00  0.000000e+00  0.000000e+00  0.000000e+00  0.000000e+00  0.000000e+00  0.000000e+00
1.061009e+05  0.000000e+00  0.000000e+00  0.000000e+00  0.000000e+00  0.000000e+00  0.000000e+00  0.000000e+00  0.000000e+00  0.000000e+00  0.000000e+00  0.000000e+00  0.000000e+00  0.000000e+00  0.000000e+00  0.000000e+00  0.000000e+00
1.190472e+05  0.000000e+00  0.000000e+00  0.000000e+00  0.000000e+00  0.000000e+00  0.000000e+00  0.000000e+00  0.000000e+00  0.000000e+00  0.000000e+00  0.000000e+00  0.000000e+00  0.000000e+00  0.000000e+00  0.000000e+00  0.000000e+00
1.335731e+05  0.000000e+00  0.000000e+00  0.000000e+00  0.000000e+00  0.000000e+00  0.000000e+00  0.000000e+00  0.000000e+00  0.000000e+00  0.000000e+00  0.000000e+00  0.000000e+00  0.000000e+00  0.000000e+00  0.000000e+00  0.000000e+00
1.498715e+05  0.000000e+00  0.000000e+00  0.000000e+00  0.000000e+00  0.000000e+00  0.000000e+00  0.000000e+00  0.000000e+00  0.000000e+00  0.000000e+00  0.000000e+00  0.000000e+00  0.000000e+00  0.000000e+00  0.000000e+00  0.000000e+00
1.681586e+05  0.000000e+00  0.000000e+00  0.000000e+00  0.000000e+00  0.000000e+00  0.000000e+00  0.000000e+00  0.000000e+00  0.000000e+00  0.000000e+00  0.000000e+00  0.000000e+00  0.000000e+00  0.000000e+00  0.000000e+00  0.000000e+00
1.886771e+05  0.000000e+00  0.000000e+00  0.000000e+00  0.000000e+00  0.000000e+00  0.000000e+00  0.000000e+00  0.000000e+00  0.000000e+00  0.000000e+00  0.000000e+00  0.000000e+00  0.000000e+00  0.000000e+00  0.000000e+00  0.000000e+00
2.116992e+05  0.000000e+00  0.000000e+00  0.000000e+00  0.000000e+00  0.000000e+00  0.000000e+00  0.000000e+00  0.000000e+00  0.000000e+00  0.000000e+00  0.000000e+00  0.000000e+00  0.000000e+00  0.000000e+00  0.000000e+00  0.000000e+00
2.375304e+05  0.000000e+00  0.000000e+00  0.000000e+00  0.000000e+00  0.000000e+00  0.000000e+00  0.000000e+00  0.000000e+00  0.000000e+00  0.000000e+00  0.000000e+00  0.000000e+00  0.000000e+00  0.000000e+00  0.000000e+00  0.000000e+00
2.665135e+05  0.000000e+00  0.000000e+00  0.000000e+00  0.000000e+00  0.000000e+00  0.000000e+00  0.000000e+00  0.000000e+00  0.000000e+00  0.000000e+00  0.000000e+00  0.000000e+00  0.000000e+00  0.000000e+00  0.000000e+00  0.000000e+00
2.990330e+05  0.000000e+00  0.000000e+00  0.000000e+00  0.000000e+00  0.000000e+00  0.000000e+00  0.000000e+00  0.000000e+00  0.000000e+00  0.000000e+00  0.000000e+00  0.000000e+00  0.000000e+00  0.000000e+00  0.000000e+00  0.000000e+00
3.355206e+05  0.000000e+00  0.000000e+00  0.000000e+00  0.000000e+00  0.000000e+00  0.000000e+00  0.000000e+00  0.000000e+00  0.000000e+00  0.000000e+00  0.000000e+00  0.000000e+00  0.000000e+00  0.000000e+00  0.000000e+00  0.000000e+00
3.764603e+05  0.000000e+00  0.000000e+00  0.000000e+00  0.000000e+00  0.000000e+00  0.000000e+00  0.000000e+00  0.000000e+00  0.000000e+00  0.000000e+00  0.000000e+00  0.000000e+00  0.000000e+00  0.000000e+00  0.000000e+00  0.000000e+00
4.223954e+05  0.000000e+00  0.000000e+00  0.000000e+00  0.000000e+00  0.000000e+00  0.000000e+00  0.000000e+00  0.000000e+00  0.000000e+00  0.000000e+00  0.000000e+00  0.000000e+00  0.000000e+00  0.000000e+00  0.000000e+00  0.000000e+00
4.739354e+05  0.000000e+00  0.000000e+00  0.000000e+00  0.000000e+00  0.000000e+00  0.000000e+00  0.000000e+00  0.000000e+00  0.000000e+00  0.000000e+00  0.000000e+00  0.000000e+00  0.000000e+00  0.000000e+00  0.000000e+00  0.000000e+00
5.317643e+05  0.000000e+00  0.000000e+00  0.000000e+00  0.000000e+00  0.000000e+00  0.000000e+00  0.000000e+00  0.000000e+00  0.000000e+00  0.000000e+00  0.000000e+00  0.000000e+00  0.000000e+00  0.000000e+00  0.000000e+00  0.000000e+00
5.966493e+05  0.000000e+00  0.000000e+00  0.000000e+00  0.000000e+00  0.000000e+00  0.000000e+00  0.000000e+00  0.000000e+00  0.000000e+00  0.000000e+00  0.000000e+00  0.000000e+00  0.000000e+00  0.000000e+00  0.000000e+00  0.000000e+00
6.694516e+05  0.000000e+00  0.000000e+00  0.000000e+00  0.000000e+00  0.000000e+00  0.000000e+00  0.000000e+00  0.000000e+00  0.000000e+00  0.000000e+00  0.000000e+00  0.000000e+00  0.000000e+00  0.000000e+00  0.000000e+00  0.000000e+00
7.511370e+05  0.000000e+00  0.000000e+00  0.000000e+00  0.000000e+00  0.000000e+00  0.000000e+00  0.000000e+00  0.000000e+00  0.000000e+00  0.000000e+00  0.000000e+00  0.000000e+00  0.000000e+00  0.000000e+00  0.000000e+00  0.000000e+00
8.427896e+05  0.000000e+00  0.000000e+00  0.000000e+00  0.000000e+00  0.000000e+00  0.000000e+00  0.000000e+00  0.000000e+00  0.000000e+00  0.000000e+00  0.000000e+00  0.000000e+00  0.000000e+00  0.000000e+00  0.000000e+00  0.000000e+00
9.456255e+05  0.000000e+00  0.000000e+00  0.000000e+00  0.000000e+00  0.000000e+00  0.000000e+00  0.000000e+00  0.000000e+00  0.000000e+00  0.000000e+00  0.000000e+00  0.000000e+00  0.000000e+00  0.000000e+00  0.000000e+00  0.000000e+00
