# dR/dEr [1/keV/kg/Myr]
# Er [keV], S, F, Ne, Cl, Na, Si, O, P, N, C, Al, Mg, Be, B, Ar, Li
1.061009e+01  1.663594e+04  1.185431e+04  0.000000e+00  0.000000e+00  3.268569e+03  0.000000e+00  1.279025e+03  0.000000e+00  0.000000e+00  0.000000e+00  0.000000e+00  0.000000e+00  1.004393e+00  0.000000e+00  0.000000e+00  0.000000e+00
1.190472e+01  6.447232e+03  8.139118e+02  0.000000e+00  0.000000e+00  1.991495e+03  0.000000e+00  0.000000e+00  0.000000e+00  0.000000e+00  0.000000e+00  0.000000e+00  0.000000e+00  0.000000e+00  0.000000e+00  0.000000e+00  0.000000e+00
1.335731e+01  8.525388e+03  1.907656e+03  0.000000e+00  0.000000e+00  0.000000e+00  0.000000e+00  0.000000e+00  0.000000e+00  0.000000e+00  0.000000e+00  0.000000e+00  0.000000e+00  0.000000e+00  0.000000e+00  0.000000e+00  0.000000e+00
1.498715e+01  2.391141e+03  2.000025e+03  0.000000e+00  0.000000e+00  9.896992e+02  0.000000e+00  4.475712e+02  0.000000e+00  0.000000e+00  0.000000e+00  0.000000e+00  0.000000e+00  0.000000e+00  0.000000e+00  0.000000e+00  0.000000e+00
1.681586e+01  5.889096e+03  1.431072e+03  8.813654e+02  0.000000e+00  1.559868e+03  3.988983e+02  0.000000e+00  0.000000e+00  0.000000e+00  0.000000e+00  0.000000e+00  0.000000e+00  0.000000e+00  0.000000e+00  0.000000e+00  0.000000e+00
1.886771e+01  4.103233e+03  2.145469e+03  0.000000e+00  0.000000e+00  7.855177e+02  0.000000e+00  0.000000e+00  0.000000e+00  0.000000e+00  0.000000e+00  0.000000e+00  0.000000e+00  0.000000e+00  0.000000e+00  0.000000e+00  0.000000e+00
2.116992e+01  3.915103e+03  2.671948e+03  0.000000e+00  0.000000e+00  8.272885e+02  0.000000e+00  3.840642e+02  0.000000e+00  0.000000e+00  0.000000e+00  9.574070e+00  0.000000e+00  0.000000e+00  0.000000e+00  0.000000e+00  0.000000e+00
2.375304e+01  7.150412e+03  1.453772e+03  1.768364e+02  0.000000e+00  1.367919e+03  0.000000e+00  6.239589e+02  0.000000e+00  0.000000e+00  0.000000e+00  0.000000e+00  0.000000e+00  0.000000e+00  0.000000e+00  0.000000e+00  0.000000e+00
2.665135e+01  6.282806e+03  1.708791e+03  3.050730e+02  4.448367e-01  5.091113e+02  0.000000e+00  0.000000e+00  5.864499e+01  0.000000e+00  0.000000e+00  0.000000e+00  0.000000e+00  0.000000e+00  0.000000e+00  0.000000e+00  0.000000e+00
2.990330e+01  6.569990e+03  2.894967e+03  4.061663e+02  0.000000e+00  1.970219e+02  0.000000e+00  4.962136e+02  0.000000e+00  0.000000e+00  0.000000e+00  2.654570e+00  0.000000e+00  2.770890e+01  0.000000e+00  0.000000e+00  0.000000e+00
3.355206e+01  8.863041e+03  2.173513e+03  3.022077e+02  0.000000e+00  7.643119e+02  0.000000e+00  3.920848e+02  0.000000e+00  0.000000e+00  0.000000e+00  2.481154e+01  0.000000e+00  1.594132e+01  0.000000e+00  0.000000e+00  0.000000e+00
3.764603e+01  9.567238e+03  1.330333e+03  7.545318e-02  2.159752e+02  6.665433e+02  0.000000e+00  6.432727e-01  0.000000e+00  0.000000e+00  0.000000e+00  0.000000e+00  0.000000e+00  1.033434e-01  0.000000e+00  0.000000e+00  0.000000e+00
4.223954e+01  9.243551e+03  4.631271e+03  7.253136e+00  0.000000e+00  1.789328e+03  0.000000e+00  3.177006e+02  0.000000e+00  0.000000e+00  0.000000e+00  4.061556e+00  0.000000e+00  2.802165e+02  0.000000e+00  0.000000e+00  0.000000e+00
4.739354e+01  1.295269e+04  4.931927e+03  1.715552e+02  3.855018e+02  6.528552e+02  0.000000e+00  6.225844e+02  0.000000e+00  0.000000e+00  0.000000e+00  0.000000e+00  0.000000e+00  1.580315e+02  0.000000e+00  0.000000e+00  0.000000e+00
5.317643e+01  1.129575e+04  2.943126e+03  4.319401e+02  0.000000e+00  1.397052e+03  0.000000e+00  8.399989e+02  0.000000e+00  0.000000e+00  0.000000e+00  3.811506e+00  0.000000e+00  0.000000e+00  0.000000e+00  0.000000e+00  0.000000e+00
5.966493e+01  1.488599e+04  5.362625e+03  4.758142e+02  2.486959e+02  8.070307e+02  0.000000e+00  5.605815e+02  0.000000e+00  0.000000e+00  0.000000e+00  8.808744e+00  0.000000e+00  1.914819e+00  0.000000e+00  0.000000e+00  0.000000e+00
6.694516e+01  1.623165e+04  4.431881e+03  7.761914e+02  0.000000e+00  1.935219e+03  0.000000e+00  2.215661e+02  0.000000e+00  2.200930e+00  0.000000e+00  4.504525e+01  0.000000e+00  1.198819e+03  0.000000e+00  0.000000e+00  0.000000e+00
7.511370e+01  1.691305e+04  5.613723e+03  5.294078e+02  2.242934e+02  1.070514e+03  0.000000e+00  5.031440e+02  0.000000e+00  0.000000e+00  0.000000e+00  4.078738e+00  0.000000e+00  3.851285e+05  0.000000e+00  0.000000e+00  0.000000e+00
8.427896e+01  2.140858e+04  6.810184e+03  4.135894e+02  5.205807e+02  1.647915e+03  0.000000e+00  7.803004e+02  0.000000e+00  0.000000e+00  0.000000e+00  0.000000e+00  0.000000e+00  4.663699e+05  0.000000e+00  0.000000e+00  0.000000e+00
9.456255e+01  2.162093e+04  5.452707e+03  4.469588e+02  2.844324e+02  1.456839e+03  0.000000e+00  2.639999e+02  0.000000e+00  1.574152e+00  0.000000e+00  1.601280e-02  0.000000e+00  3.494802e+05  0.000000e+00  0.000000e+00  0.000000e+00
1.061009e+02  2.565748e+04  6.903626e+03  4.349393e+02  1.144875e+02  1.989027e+03  0.000000e+00  5.219640e+02  0.000000e+00  0.000000e+00  4.953521e+00  1.127028e+02  0.000000e+00  2.709419e+05  0.000000e+00  0.000000e+00  0.000000e+00
1.190472e+02  2.733617e+04  8.785396e+03  8.737589e+02  1.473184e+02  1.669753e+03  0.000000e+00  2.146630e+02  0.000000e+00  5.634588e+01  2.533081e+01  2.424591e+05  0.000000e+00  1.975918e+05  0.000000e+00  1.719958e+00  0.000000e+00
1.335731e+02  3.106780e+04  9.851970e+03  6.257986e+02  2.126560e-02  2.313501e+03  0.000000e+00  3.007424e+02  0.000000e+00  0.000000e+00  0.000000e+00  1.982905e+05  0.000000e+00  1.451659e+05  0.000000e+00  0.000000e+00  0.000000e+00
1.498715e+02  7.680105e+04  1.126204e+04  5.228878e+02  1.431094e+02  1.410237e+03  0.000000e+00  4.740852e+02  0.000000e+00  8.967583e+01  1.046427e+01  1.487065e+05  0.000000e+00  1.088253e+05  0.000000e+00  0.000000e+00  0.000000e+00
1.681586e+02  1.112070e+05  1.117570e+04  6.091528e+02  1.559868e+02  1.189265e+03  9.004660e-03  6.320139e+02  0.000000e+00  8.271806e+00  0.000000e+00  1.100591e+05  0.000000e+00  7.794770e+04  0.000000e+00  0.000000e+00  0.000000e+00
1.886771e+02  6.417184e+04  1.347150e+04  4.398951e+02  1.714679e+02  2.441861e+03  7.864455e+01  5.863527e+02  4.973059e+01  4.973059e+01  0.000000e+00  8.393963e+04  0.000000e+00  5.902199e+04  0.000000e+00  0.000000e+00  0.000000e+00
2.116992e+02  2.792325e+04  1.658728e+04  5.696727e+02  3.461930e+02  1.023114e+03  4.432244e+01  6.126504e+02  0.000000e+00  0.000000e+00  7.152656e-03  6.352446e+04  0.000000e+00  3.747614e+04  0.000000e+00  1.341768e-02  0.000000e+00
2.375304e+02  2.003707e+04  8.778998e+04  9.586451e+02  3.502362e+02  1.511395e+03  2.289348e+01  6.148198e+02  7.693410e+01  0.000000e+00  2.823983e+01  4.739410e+04  0.000000e+00  2.706498e+04  0.000000e+00  4.357476e+01  0.000000e+00
2.665135e+02  1.640366e+04  7.280752e+04  9.736215e+02  1.889340e+02  2.102873e+03  3.804569e+01  4.654630e+02  0.000000e+00  3.520656e+01  5.199164e+00  3.556703e+04  0.000000e+00  2.059445e+04  0.000000e+00  0.000000e+00  0.000000e+00
2.990330e+02  9.836687e+03  1.090160e+04  5.414596e+02  1.958706e+02  1.715295e+03  2.559580e-01  8.590711e+02  6.935415e-03  1.301016e-02  4.977904e-01  2.698224e+04  0.000000e+00  1.532282e+04  0.000000e+00  0.000000e+00  0.000000e+00
3.355206e+02  8.452389e+03  9.469899e+03  6.471976e+02  2.415993e+02  1.805422e+03  2.796557e+01  6.201816e+02  3.241468e+01  2.423281e+01  9.023044e+00  1.956463e+04  3.405083e-01  9.731660e+03  0.000000e+00  0.000000e+00  2.174287e-02
3.764603e+02  5.689551e+03  7.079202e+03  7.554378e+02  1.351001e+02  2.057314e+03  1.004438e+00  4.666821e+02  0.000000e+00  2.693429e+01  0.000000e+00  1.380101e+04  0.000000e+00  7.068019e+03  0.000000e+00  0.000000e+00  0.000000e+00
4.223954e+02  3.674366e+03  5.732574e+03  4.913011e+02  2.340315e+02  1.693339e+03  1.925372e+01  7.110662e+02  4.568922e+01  2.221875e+01  7.145916e+00  1.027775e+04  0.000000e+00  4.170347e+03  0.000000e+00  6.724772e-03  0.000000e+00
4.739354e+02  2.748159e+03  4.578081e+03  7.110441e+02  4.361321e+02  1.429478e+03  1.826447e+01  6.025922e+02  2.551606e+01  3.297850e+00  0.000000e+00  6.159228e+03  0.000000e+00  2.930964e+03  3.297850e+00  0.000000e+00  0.000000e+00
5.317643e+02  2.071201e+03  3.022180e+03  6.933127e+02  1.915242e+02  1.578516e+03  5.214188e+01  6.059340e+02  4.303253e+01  4.610030e+01  1.804852e+01  4.922379e+03  0.000000e+00  2.316251e+03  2.847524e-03  1.946413e+01  0.000000e+00
5.966493e+02  1.848427e+03  2.476720e+03  7.110070e+02  2.919853e+02  1.573403e+03  3.008589e+01  5.343958e+02  5.233743e+01  3.147226e+01  1.388735e+00  3.842118e+03  0.000000e+00  1.461573e+03  0.000000e+00  6.520526e-03  0.000000e+00
6.694516e+02  1.380615e+03  2.048278e+03  8.843487e+02  4.790037e+02  1.477248e+03  3.692541e+01  7.260341e+02  3.906311e+01  3.728516e+01  1.023996e+01  2.549018e+03  0.000000e+00  7.040428e+02  0.000000e+00  0.000000e+00  0.000000e+00
7.511370e+02  1.090921e+03  1.600083e+03  6.457860e+02  3.860475e+02  9.915018e+02  1.460043e+01  5.519194e+02  5.478038e+01  2.478165e+01  7.391652e+00  1.573228e+03  0.000000e+00  5.498792e+02  0.000000e+00  0.000000e+00  0.000000e+00
8.427896e+02  6.905336e+02  1.288366e+03  5.212062e+02  4.535583e+02  1.051873e+03  3.519187e+01  6.136212e+02  2.167836e+01  9.742689e+00  2.874172e+00  8.940849e+02  0.000000e+00  2.893413e+02  0.000000e+00  4.491426e+00  0.000000e+00
9.456255e+02  6.471927e+02  1.116779e+03  6.852307e+02  2.674049e+02  9.233176e+02  3.058977e+01  6.030529e+02  6.576683e+01  0.000000e+00  2.683358e+01  6.638647e+02  1.253720e-02  2.225408e+02  0.000000e+00  0.000000e+00  0.000000e+00
1.061009e+03  5.854952e+02  7.586622e+02  6.267942e+02  4.384140e+02  7.154268e+02  4.159473e+01  5.944167e+02  4.899959e+01  4.829419e+01  1.314801e+00  5.331349e+02  0.000000e+00  5.679709e+01  1.500431e-01  1.076782e-01  0.000000e+00
1.190472e+03  3.976139e+02  6.728214e+02  5.807448e+02  4.536325e+02  5.848230e+02  3.266300e+01  3.519207e+02  6.051734e+01  2.563080e+01  2.756531e+00  3.152963e+02  0.000000e+00  8.969989e+01  0.000000e+00  0.000000e+00  0.000000e+00
1.335731e+03  3.715118e+02  5.769744e+02  4.754976e+02  3.517386e+02  4.653720e+02  2.012548e+01  4.805414e+02  1.833972e+01  3.935991e+01  6.328531e+00  1.486459e+02  0.000000e+00  2.487149e+01  2.833898e+00  0.000000e+00  0.000000e+00
1.498715e+03  2.463015e+02  4.402449e+02  4.077344e+02  3.518782e+02  3.085813e+02  4.931893e+01  3.936130e+02  5.619055e+01  4.308099e+01  8.970360e+00  1.138074e+02  1.615828e-02  5.067116e+01  0.000000e+00  0.000000e+00  5.366621e-02
1.681586e+03  9.351515e+01  3.667931e+02  2.972420e+02  3.178537e+02  3.472067e+02  3.499932e+01  3.189312e+02  3.988694e+01  3.475851e+01  1.078857e+01  7.880507e+01  0.000000e+00  4.490352e+01  1.163882e+00  0.000000e+00  4.338272e-03
1.886771e+03  1.095789e+02  2.283679e+02  3.002673e+02  4.230123e+02  2.805576e+02  2.966981e+01  2.903426e+02  4.078618e+01  2.649321e+01  1.325970e+01  4.453068e+01  4.748427e+00  5.374097e+00  7.782653e-01  2.824059e-03  0.000000e+00
2.116992e+03  1.063007e+02  2.350120e+02  1.939953e+02  2.606507e+02  1.136208e+02  2.303543e+01  2.052263e+02  3.703672e+01  1.058269e+01  1.051326e+01  1.362147e+01  2.664431e+00  5.773070e+00  1.341768e-03  0.000000e+00  1.341768e-03
2.375304e+03  4.203048e+01  1.408772e+02  1.688694e+02  3.412723e+02  1.065785e+02  3.704712e+01  1.822946e+02  3.398585e+01  2.494566e+01  4.516868e+00  3.238495e+01  8.731170e-04  0.000000e+00  8.532898e-02  0.000000e+00  2.219031e-01
2.665135e+03  3.684560e+01  8.926546e+01  1.366268e+02  2.700586e+02  5.370789e+01  3.277027e+01  1.151425e+02  5.777431e+01  8.819532e+00  1.699956e+01  9.417187e+00  2.555258e+00  2.539668e+00  3.108990e-01  0.000000e+00  1.140572e+00
2.990330e+03  5.059149e+00  5.876115e+01  8.038849e+01  2.035665e+02  4.237420e+01  3.741173e+01  7.931892e+01  4.415768e+01  3.473879e+00  3.684576e+00  6.194855e+00  2.112335e-01  0.000000e+00  2.783900e-01  0.000000e+00  1.473115e+00
3.355206e+03  5.766806e+00  6.494487e+01  5.664228e+01  2.135555e+02  1.199216e+01  4.105211e+01  5.480910e+01  2.806075e+01  6.919562e+00  7.081154e+00  8.960986e-01  2.071415e+00  1.571699e+00  2.365888e-02  0.000000e+00  1.297901e-03
3.764603e+03  2.859965e+00  2.604189e+01  4.169952e+01  1.354256e+02  6.222348e+00  2.548849e+01  2.945456e+01  1.975784e+01  4.152249e+00  5.160426e+00  2.833472e+00  6.712840e-02  4.022234e-04  1.120327e+00  0.000000e+00  5.033381e-01
4.223954e+03  4.039819e-02  2.334870e+01  1.349404e+01  1.117397e+02  1.315909e+00  1.381075e+01  3.041450e+01  1.971055e+01  4.343093e+00  3.396036e+00  1.823662e+00  2.167624e-01  0.000000e+00  1.302835e+00  0.000000e+00  2.619665e-01
4.739354e+03  6.464364e-02  1.219679e+01  2.071098e+01  9.662816e+01  2.359712e+00  1.807701e+01  4.359548e+00  1.038376e+01  1.101213e+00  1.925891e+00  1.011832e+00  4.224066e-01  1.124278e-03  1.038469e-02  0.000000e+00  5.550026e-02
5.317643e+03  1.828903e+00  7.502497e+00  1.059370e+01  5.936359e+01  5.852589e-02  1.178754e+01  5.689393e-01  2.078001e+01  6.137731e+00  2.260903e+00  2.756062e-01  1.351551e+00  0.000000e+00  3.900400e-01  0.000000e+00  1.927590e+00
5.966493e+03  1.642635e-01  3.866513e+00  1.801578e+00  2.636967e+01  1.227517e+00  1.482219e+01  1.091232e+00  4.640218e+00  2.104790e+00  3.450530e+00  1.282829e-02  3.751498e-02  0.000000e+00  8.898048e-02  0.000000e+00  2.344789e-01
6.694516e+03  3.097936e-04  1.994817e+00  2.774190e+00  1.717851e+01  4.834716e-02  1.852460e+01  5.485202e-02  4.638022e+00  1.123272e+00  3.031225e+00  6.295784e-01  3.388536e+00  0.000000e+00  4.716371e-02  0.000000e+00  1.089725e-03
7.511370e+03  1.843395e-02  8.514359e-01  2.605964e+00  1.532927e+01  5.141362e-01  8.442796e+00  3.601709e-01  2.599237e+00  2.600428e-01  1.660388e+00  1.361572e-02  1.921182e-01  0.000000e+00  3.943534e-03  0.000000e+00  1.125699e+00
8.427896e+03  6.236113e-02  4.371280e-01  1.622529e+00  1.365689e+00  7.144286e-02  8.579258e+00  1.729401e+00  4.084576e+00  2.955312e-01  2.130267e-01  7.156143e-01  5.438614e-01  0.000000e+00  1.868315e-03  0.000000e+00  8.788393e-02
9.456255e+03  0.000000e+00  1.505663e-01  1.367503e+00  4.190186e+00  1.205505e-01  6.624382e+00  3.003845e-04  1.928754e+00  5.173375e-01  2.397293e-01  1.744649e+00  5.966524e-01  0.000000e+00  2.287166e-01  0.000000e+00  8.394488e-03
1.061009e+04  0.000000e+00  9.162420e-01  1.016750e+00  1.965599e+00  1.937050e-02  3.205160e+00  1.141876e-01  1.071023e+00  7.848272e-03  7.880202e-01  3.588966e-01  4.683125e-01  0.000000e+00  1.954665e-04  0.000000e+00  2.012624e-01
1.190472e+04  0.000000e+00  8.603969e-04  6.127972e-04  1.159008e+00  0.000000e+00  7.905484e-01  1.271942e-04  1.546328e-02  3.484195e-04  4.134245e-01  2.948402e+00  3.529622e-01  0.000000e+00  2.475347e-02  0.000000e+00  4.688134e-02
1.335731e+04  0.000000e+00  6.566523e-02  8.263715e-01  1.010548e+00  0.000000e+00  2.052067e+00  2.912612e-04  9.778809e-02  5.843548e-03  2.924183e-01  1.305930e-01  2.454057e-02  0.000000e+00  0.000000e+00  0.000000e+00  7.386682e-02
1.498715e+04  0.000000e+00  1.304311e-01  1.615828e-03  2.201573e-02  0.000000e+00  3.301062e-01  0.000000e+00  1.022071e+00  7.623032e-03  3.542377e-02  3.790596e-04  1.280862e+00  0.000000e+00  3.279095e-04  0.000000e+00  2.757478e-01
1.681586e+04  0.000000e+00  3.585235e-03  1.233311e-04  1.277018e-02  0.000000e+00  7.422095e-01  9.004660e-05  1.924094e-02  0.000000e+00  1.440108e-03  7.050186e-04  6.651842e-04  0.000000e+00  9.534748e-02  0.000000e+00  1.361226e-01
1.886771e+04  0.000000e+00  1.133513e-02  0.000000e+00  8.312470e-02  0.000000e+00  5.538666e-01  0.000000e+00  2.842012e-01  0.000000e+00  0.000000e+00  5.599379e-02  8.423167e-02  0.000000e+00  2.288371e-01  0.000000e+00  7.852981e-02
2.116992e+04  0.000000e+00  7.152656e-05  0.000000e+00  4.815206e-02  0.000000e+00  2.553000e-04  0.000000e+00  2.482641e-02  0.000000e+00  0.000000e+00  0.000000e+00  7.382967e-02  0.000000e+00  4.813074e-01  0.000000e+00  2.482641e-02
2.375304e+04  0.000000e+00  0.000000e+00  0.000000e+00  6.374811e-05  0.000000e+00  2.551267e-02  3.071261e-04  3.222321e-03  0.000000e+00  4.809808e-03  3.488344e-02  1.746234e-04  0.000000e+00  0.000000e+00  0.000000e+00  9.671323e-02
2.665135e+04  0.000000e+00  2.737265e-04  0.000000e+00  7.336783e-02  0.000000e+00  0.000000e+00  0.000000e+00  0.000000e+00  0.000000e+00  1.999281e-04  0.000000e+00  0.000000e+00  0.000000e+00  0.000000e+00  0.000000e+00  2.737265e-04
2.990330e+04  0.000000e+00  0.000000e+00  0.000000e+00  4.927267e-03  0.000000e+00  0.000000e+00  0.000000e+00  0.000000e+00  0.000000e+00  0.000000e+00  0.000000e+00  7.486848e-03  0.000000e+00  3.026848e-02  0.000000e+00  1.036532e-02
3.355206e+04  0.000000e+00  0.000000e+00  0.000000e+00  0.000000e+00  0.000000e+00  0.000000e+00  0.000000e+00  0.000000e+00  0.000000e+00  0.000000e+00  0.000000e+00  8.465986e-05  0.000000e+00  3.084857e-01  0.000000e+00  3.176170e-04
3.764603e+04  0.000000e+00  0.000000e+00  0.000000e+00  6.432727e-04  0.000000e+00  0.000000e+00  0.000000e+00  0.000000e+00  0.000000e+00  0.000000e+00  0.000000e+00  3.913868e-03  0.000000e+00  6.432727e-04  0.000000e+00  4.022234e-05
4.223954e+04  0.000000e+00  0.000000e+00  0.000000e+00  2.806730e-04  0.000000e+00  0.000000e+00  0.000000e+00  7.619031e-02  0.000000e+00  0.000000e+00  0.000000e+00  4.110655e-03  0.000000e+00  0.000000e+00  0.000000e+00  0.000000e+00
4.739354e+04  0.000000e+00  0.000000e+00  0.000000e+00  0.000000e+00  0.000000e+00  0.000000e+00  0.000000e+00  3.194974e-05  0.000000e+00  0.000000e+00  0.000000e+00  2.820998e-04  0.000000e+00  3.108896e-03  0.000000e+00  0.000000e+00
5.317643e+04  0.000000e+00  0.000000e+00  0.000000e+00  0.000000e+00  0.000000e+00  0.000000e+00  0.000000e+00  0.000000e+00  0.000000e+00  0.000000e+00  0.000000e+00  0.000000e+00  0.000000e+00  0.000000e+00  0.000000e+00  0.000000e+00
5.966493e+04  0.000000e+00  0.000000e+00  0.000000e+00  0.000000e+00  0.000000e+00  0.000000e+00  0.000000e+00  0.000000e+00  0.000000e+00  0.000000e+00  0.000000e+00  0.000000e+00  0.000000e+00  0.000000e+00  0.000000e+00  0.000000e+00
6.694516e+04  0.000000e+00  0.000000e+00  0.000000e+00  0.000000e+00  0.000000e+00  0.000000e+00  0.000000e+00  0.000000e+00  0.000000e+00  0.000000e+00  0.000000e+00  0.000000e+00  0.000000e+00  0.000000e+00  0.000000e+00  1.165941e-03
7.511370e+04  0.000000e+00  0.000000e+00  0.000000e+00  0.000000e+00  0.000000e+00  0.000000e+00  0.000000e+00  0.000000e+00  0.000000e+00  0.000000e+00  0.000000e+00  0.000000e+00  0.000000e+00  0.000000e+00  0.000000e+00  2.600428e-02
8.427896e+04  0.000000e+00  0.000000e+00  0.000000e+00  0.000000e+00  0.000000e+00  0.000000e+00  0.000000e+00  0.000000e+00  0.000000e+00  0.000000e+00  0.000000e+00  0.000000e+00  0.000000e+00  0.000000e+00  0.000000e+00  0.000000e+00
9.456255e+04  0.000000e+00  0.000000e+00  0.000000e+00  0.000000e+00  0.000000e+00  0.000000e+00  0.000000e+00  0.000000e+00  0.000000e+00  0.000000e+00  0.000000e+00  0.000000e+00  0.000000e+00  0.000000e+00  0.000000e+00  0.000000e+00
1.061009e+05  0.000000e+00  0.000000e+00  0.000000e+00  0.000000e+00  0.000000e+00  0.000000e+00  0.000000e+00  0.000000e+00  0.000000e+00  0.000000e+00  0.000000e+00  0.000000e+00  0.000000e+00  0.000000e+00  0.000000e+00  0.000000e+00
1.190472e+05  0.000000e+00  0.000000e+00  0.000000e+00  0.000000e+00  0.000000e+00  0.000000e+00  0.000000e+00  0.000000e+00  0.000000e+00  0.000000e+00  0.000000e+00  0.000000e+00  0.000000e+00  0.000000e+00  0.000000e+00  0.000000e+00
1.335731e+05  0.000000e+00  0.000000e+00  0.000000e+00  0.000000e+00  0.000000e+00  0.000000e+00  0.000000e+00  0.000000e+00  0.000000e+00  0.000000e+00  0.000000e+00  0.000000e+00  0.000000e+00  0.000000e+00  0.000000e+00  0.000000e+00
1.498715e+05  0.000000e+00  0.000000e+00  0.000000e+00  0.000000e+00  0.000000e+00  0.000000e+00  0.000000e+00  0.000000e+00  0.000000e+00  0.000000e+00  0.000000e+00  0.000000e+00  0.000000e+00  0.000000e+00  0.000000e+00  0.000000e+00
1.681586e+05  0.000000e+00  0.000000e+00  0.000000e+00  0.000000e+00  0.000000e+00  0.000000e+00  0.000000e+00  0.000000e+00  0.000000e+00  0.000000e+00  0.000000e+00  0.000000e+00  0.000000e+00  0.000000e+00  0.000000e+00  0.000000e+00
1.886771e+05  0.000000e+00  0.000000e+00  0.000000e+00  0.000000e+00  0.000000e+00  0.000000e+00  0.000000e+00  0.000000e+00  0.000000e+00  0.000000e+00  0.000000e+00  0.000000e+00  0.000000e+00  0.000000e+00  0.000000e+00  0.000000e+00
2.116992e+05  0.000000e+00  0.000000e+00  0.000000e+00  0.000000e+00  0.000000e+00  0.000000e+00  0.000000e+00  0.000000e+00  0.000000e+00  0.000000e+00  0.000000e+00  0.000000e+00  0.000000e+00  0.000000e+00  0.000000e+00  0.000000e+00
2.375304e+05  0.000000e+00  0.000000e+00  0.000000e+00  0.000000e+00  0.000000e+00  0.000000e+00  0.000000e+00  0.000000e+00  0.000000e+00  0.000000e+00  0.000000e+00  0.000000e+00  0.000000e+00  0.000000e+00  0.000000e+00  0.000000e+00
2.665135e+05  0.000000e+00  0.000000e+00  0.000000e+00  0.000000e+00  0.000000e+00  0.000000e+00  0.000000e+00  0.000000e+00  0.000000e+00  0.000000e+00  0.000000e+00  0.000000e+00  0.000000e+00  0.000000e+00  0.000000e+00  0.000000e+00
2.990330e+05  0.000000e+00  0.000000e+00  0.000000e+00  0.000000e+00  0.000000e+00  0.000000e+00  0.000000e+00  0.000000e+00  0.000000e+00  0.000000e+00  0.000000e+00  0.000000e+00  0.000000e+00  0.000000e+00  0.000000e+00  0.000000e+00
3.355206e+05  0.000000e+00  0.000000e+00  0.000000e+00  0.000000e+00  0.000000e+00  0.000000e+00  0.000000e+00  0.000000e+00  0.000000e+00  0.000000e+00  0.000000e+00  0.000000e+00  0.000000e+00  0.000000e+00  0.000000e+00  0.000000e+00
3.764603e+05  0.000000e+00  0.000000e+00  0.000000e+00  0.000000e+00  0.000000e+00  0.000000e+00  0.000000e+00  0.000000e+00  0.000000e+00  0.000000e+00  0.000000e+00  0.000000e+00  0.000000e+00  0.000000e+00  0.000000e+00  0.000000e+00
4.223954e+05  0.000000e+00  0.000000e+00  0.000000e+00  0.000000e+00  0.000000e+00  0.000000e+00  0.000000e+00  0.000000e+00  0.000000e+00  0.000000e+00  0.000000e+00  0.000000e+00  0.000000e+00  0.000000e+00  0.000000e+00  0.000000e+00
4.739354e+05  0.000000e+00  0.000000e+00  0.000000e+00  0.000000e+00  0.000000e+00  0.000000e+00  0.000000e+00  0.000000e+00  0.000000e+00  0.000000e+00  0.000000e+00  0.000000e+00  0.000000e+00  0.000000e+00  0.000000e+00  0.000000e+00
5.317643e+05  0.000000e+00  0.000000e+00  0.000000e+00  0.000000e+00  0.000000e+00  0.000000e+00  0.000000e+00  0.000000e+00  0.000000e+00  0.000000e+00  0.000000e+00  0.000000e+00  0.000000e+00  0.000000e+00  0.000000e+00  0.000000e+00
5.966493e+05  0.000000e+00  0.000000e+00  0.000000e+00  0.000000e+00  0.000000e+00  0.000000e+00  0.000000e+00  0.000000e+00  0.000000e+00  0.000000e+00  0.000000e+00  0.000000e+00  0.000000e+00  0.000000e+00  0.000000e+00  0.000000e+00
6.694516e+05  0.000000e+00  0.000000e+00  0.000000e+00  0.000000e+00  0.000000e+00  0.000000e+00  0.000000e+00  0.000000e+00  0.000000e+00  0.000000e+00  0.000000e+00  0.000000e+00  0.000000e+00  0.000000e+00  0.000000e+00  0.000000e+00
7.511370e+05  0.000000e+00  0.000000e+00  0.000000e+00  0.000000e+00  0.000000e+00  0.000000e+00  0.000000e+00  0.000000e+00  0.000000e+00  0.000000e+00  0.000000e+00  0.000000e+00  0.000000e+00  0.000000e+00  0.000000e+00  0.000000e+00
8.427896e+05  0.000000e+00  0.000000e+00  0.000000e+00  0.000000e+00  0.000000e+00  0.000000e+00  0.000000e+00  0.000000e+00  0.000000e+00  0.000000e+00  0.000000e+00  0.000000e+00  0.000000e+00  0.000000e+00  0.000000e+00  0.000000e+00
9.456255e+05  0.000000e+00  0.000000e+00  0.000000e+00  0.000000e+00  0.000000e+00  0.000000e+00  0.000000e+00  0.000000e+00  0.000000e+00  0.000000e+00  0.000000e+00  0.000000e+00  0.000000e+00  0.000000e+00  0.000000e+00  0.000000e+00
