# dR/dEr [1/keV/kg/Myr]
# Er [keV], S, F, Ne, Cl, Na, Si, O, P, N, C, Al, Mg, Be, B, Ar, Li
1.061009e+01  1.808872e+04  1.286033e+04  0.000000e+00  0.000000e+00  3.556636e+03  0.000000e+00  1.385320e+03  0.000000e+00  0.000000e+00  0.000000e+00  0.000000e+00  0.000000e+00  1.006630e+00  0.000000e+00  0.000000e+00  0.000000e+00
1.190472e+01  7.032726e+03  8.884327e+02  0.000000e+00  0.000000e+00  2.166747e+03  0.000000e+00  0.000000e+00  0.000000e+00  0.000000e+00  0.000000e+00  0.000000e+00  0.000000e+00  0.000000e+00  0.000000e+00  0.000000e+00  0.000000e+00
1.335731e+01  9.308612e+03  2.082658e+03  0.000000e+00  0.000000e+00  0.000000e+00  0.000000e+00  0.000000e+00  0.000000e+00  0.000000e+00  0.000000e+00  0.000000e+00  0.000000e+00  0.000000e+00  0.000000e+00  0.000000e+00  0.000000e+00
1.498715e+01  2.614552e+03  2.173544e+03  0.000000e+00  0.000000e+00  1.082157e+03  0.000000e+00  4.856348e+02  0.000000e+00  0.000000e+00  0.000000e+00  0.000000e+00  0.000000e+00  0.000000e+00  0.000000e+00  0.000000e+00  0.000000e+00
1.681586e+01  6.414075e+03  1.550420e+03  9.637643e+02  0.000000e+00  1.703336e+03  4.328224e+02  0.000000e+00  0.000000e+00  0.000000e+00  0.000000e+00  0.000000e+00  0.000000e+00  0.000000e+00  0.000000e+00  0.000000e+00  0.000000e+00
1.886771e+01  4.471609e+03  2.326779e+03  0.000000e+00  0.000000e+00  8.589558e+02  0.000000e+00  0.000000e+00  0.000000e+00  0.000000e+00  0.000000e+00  0.000000e+00  0.000000e+00  0.000000e+00  0.000000e+00  0.000000e+00  0.000000e+00
2.116992e+01  4.268522e+03  2.901977e+03  0.000000e+00  0.000000e+00  8.985809e+02  0.000000e+00  4.136212e+02  0.000000e+00  0.000000e+00  0.000000e+00  9.655547e+00  0.000000e+00  0.000000e+00  0.000000e+00  0.000000e+00  0.000000e+00
2.375304e+01  7.803863e+03  1.573154e+03  1.829232e+02  0.000000e+00  1.480344e+03  0.000000e+00  6.822929e+02  0.000000e+00  0.000000e+00  0.000000e+00  0.000000e+00  0.000000e+00  0.000000e+00  0.000000e+00  0.000000e+00  0.000000e+00
2.665135e+01  6.852481e+03  1.847095e+03  3.285510e+02  4.471721e-01  5.514279e+02  0.000000e+00  0.000000e+00  5.940516e+01  0.000000e+00  0.000000e+00  0.000000e+00  0.000000e+00  0.000000e+00  0.000000e+00  0.000000e+00  0.000000e+00
2.990330e+01  7.144615e+03  3.146244e+03  4.420332e+02  0.000000e+00  2.139583e+02  0.000000e+00  5.362153e+02  0.000000e+00  0.000000e+00  0.000000e+00  2.669913e+00  0.000000e+00  2.811551e+01  0.000000e+00  0.000000e+00  0.000000e+00
3.355206e+01  9.623545e+03  2.355638e+03  3.307761e+02  0.000000e+00  8.279435e+02  0.000000e+00  4.239610e+02  0.000000e+00  0.000000e+00  0.000000e+00  2.517416e+01  0.000000e+00  1.608470e+01  0.000000e+00  0.000000e+00  0.000000e+00
3.764603e+01  1.040375e+04  1.448825e+03  7.558782e-02  2.325963e+02  7.166305e+02  0.000000e+00  6.472352e-01  0.000000e+00  0.000000e+00  0.000000e+00  0.000000e+00  0.000000e+00  1.035505e-01  0.000000e+00  0.000000e+00  0.000000e+00
4.223954e+01  1.006325e+04  5.038850e+03  7.338708e+00  0.000000e+00  1.948505e+03  0.000000e+00  3.447117e+02  0.000000e+00  0.000000e+00  0.000000e+00  4.083207e+00  0.000000e+00  2.903494e+02  0.000000e+00  0.000000e+00  0.000000e+00
4.739354e+01  1.409127e+04  5.366993e+03  1.847578e+02  4.189293e+02  7.087752e+02  0.000000e+00  6.773372e+02  0.000000e+00  0.000000e+00  0.000000e+00  0.000000e+00  0.000000e+00  1.646196e+02  0.000000e+00  0.000000e+00  0.000000e+00
5.317643e+01  1.228236e+04  3.207109e+03  4.662016e+02  0.000000e+00  1.515714e+03  0.000000e+00  9.072357e+02  0.000000e+00  0.000000e+00  0.000000e+00  3.843943e+00  0.000000e+00  0.000000e+00  0.000000e+00  0.000000e+00  0.000000e+00
5.966493e+01  1.618757e+04  5.834572e+03  5.179395e+02  2.687443e+02  8.795111e+02  0.000000e+00  6.063795e+02  0.000000e+00  0.000000e+00  0.000000e+00  8.941836e+00  0.000000e+00  1.924841e+00  0.000000e+00  0.000000e+00  0.000000e+00
6.694516e+01  1.765203e+04  4.827054e+03  8.422669e+02  0.000000e+00  2.103432e+03  0.000000e+00  2.422647e+02  0.000000e+00  2.212363e+00  0.000000e+00  4.670310e+01  0.000000e+00  1.276212e+03  0.000000e+00  0.000000e+00  0.000000e+00
7.511370e+01  1.841050e+04  6.103343e+03  5.760357e+02  2.446491e+02  1.166964e+03  0.000000e+00  5.487590e+02  0.000000e+00  0.000000e+00  0.000000e+00  4.126859e+00  0.000000e+00  4.097266e+05  0.000000e+00  0.000000e+00  0.000000e+00
8.427896e+01  2.329369e+04  7.418325e+03  4.518086e+02  5.693707e+02  1.790278e+03  0.000000e+00  8.456595e+02  0.000000e+00  0.000000e+00  0.000000e+00  0.000000e+00  0.000000e+00  4.960602e+05  0.000000e+00  0.000000e+00  0.000000e+00
9.456255e+01  2.352737e+04  5.935070e+03  4.849348e+02  3.097362e+02  1.580205e+03  0.000000e+00  2.887892e+02  0.000000e+00  1.582267e+00  0.000000e+00  1.603435e-02  0.000000e+00  3.716783e+05  0.000000e+00  0.000000e+00  0.000000e+00
1.061009e+02  2.793720e+04  7.515850e+03  4.710851e+02  1.245962e+02  2.157426e+03  0.000000e+00  5.670356e+02  0.000000e+00  0.000000e+00  5.028364e+00  1.211647e+02  0.000000e+00  2.881867e+05  0.000000e+00  0.000000e+00  0.000000e+00
1.190472e+02  2.975018e+04  9.563120e+03  9.528291e+02  1.599975e+02  1.809778e+03  0.000000e+00  2.314777e+02  0.000000e+00  6.113779e+01  2.626308e+01  2.580150e+05  0.000000e+00  2.101332e+05  0.000000e+00  1.734474e+00  0.000000e+00
1.335731e+02  3.383277e+04  1.073080e+04  6.790575e+02  2.130354e-02  2.519439e+03  0.000000e+00  3.238739e+02  0.000000e+00  0.000000e+00  0.000000e+00  2.109053e+05  0.000000e+00  1.543972e+05  0.000000e+00  0.000000e+00  0.000000e+00
1.498715e+02  8.364372e+04  1.225864e+04  5.671484e+02  1.556844e+02  1.535810e+03  0.000000e+00  5.149171e+02  0.000000e+00  9.728953e+01  1.059953e+01  1.581997e+05  0.000000e+00  1.158349e+05  0.000000e+00  0.000000e+00  0.000000e+00
1.681586e+02  1.210770e+05  1.216114e+04  6.622243e+02  1.703336e+02  1.294617e+03  9.016778e-03  6.856903e+02  0.000000e+00  8.374860e+00  0.000000e+00  1.171211e+05  0.000000e+00  8.282592e+04  0.000000e+00  0.000000e+00  0.000000e+00
1.886771e+02  6.989980e+04  1.465602e+04  4.792787e+02  1.858068e+02  2.656458e+03  8.498440e+01  6.375736e+02  5.441338e+01  5.441338e+01  0.000000e+00  8.933136e+04  0.000000e+00  6.280886e+04  0.000000e+00  0.000000e+00  0.000000e+00
2.116992e+02  3.038176e+04  1.805128e+04  6.201254e+02  3.767969e+02  1.109937e+03  4.849598e+01  6.674275e+02  0.000000e+00  0.000000e+00  7.162281e-03  6.749611e+04  0.000000e+00  3.982338e+04  0.000000e+00  1.344163e-02  0.000000e+00
2.375304e+02  2.182062e+04  9.558508e+04  1.043219e+03  3.799639e+02  1.645747e+03  2.500720e+01  6.681424e+02  8.360380e+01  0.000000e+00  3.064148e+01  5.036275e+04  0.000000e+00  2.873990e+04  0.000000e+00  4.695545e+01  0.000000e+00
2.665135e+02  1.785669e+04  7.928446e+04  1.061364e+03  2.053923e+02  2.287683e+03  4.164224e+01  5.065497e+02  0.000000e+00  3.852172e+01  5.264142e+00  3.783694e+04  0.000000e+00  2.191923e+04  0.000000e+00  0.000000e+00  0.000000e+00
2.990330e+02  1.070034e+04  1.186811e+04  5.878780e+02  2.142531e+02  1.869935e+03  2.574753e-01  9.322421e+02  6.946269e-03  1.303623e-02  5.003568e-01  2.871033e+04  0.000000e+00  1.630194e+04  0.000000e+00  0.000000e+00  0.000000e+00
3.355206e+02  9.204127e+03  1.030862e+04  7.023403e+02  2.641285e+02  1.966127e+03  3.059889e+01  6.727095e+02  3.540748e+01  2.609773e+01  9.354014e+00  2.079884e+04  3.422906e-01  1.032529e+04  0.000000e+00  0.000000e+00  2.179692e-02
3.764603e+02  6.192174e+03  7.699038e+03  8.222400e+02  1.457062e+02  2.236368e+03  1.011470e+00  5.063277e+02  0.000000e+00  2.948045e+01  0.000000e+00  1.470703e+04  0.000000e+00  7.491021e+03  0.000000e+00  0.000000e+00  0.000000e+00
4.223954e+02  3.995560e+03  6.235368e+03  5.326662e+02  2.543891e+02  1.842583e+03  2.073508e+01  7.729430e+02  4.989151e+01  2.431048e+01  7.408680e+00  1.094301e+04  0.000000e+00  4.432758e+03  0.000000e+00  6.736771e-03  0.000000e+00
4.739354e+02  2.983712e+03  4.982053e+03  7.748857e+02  4.755555e+02  1.551347e+03  1.960149e+01  6.556377e+02  2.765963e+01  3.340597e+00  0.000000e+00  6.545750e+03  0.000000e+00  3.129817e+03  3.340597e+00  0.000000e+00  0.000000e+00
5.317643e+02  2.251325e+03  3.286211e+03  7.543023e+02  2.082318e+02  1.718032e+03  5.690555e+01  6.599705e+02  4.636901e+01  4.992077e+01  1.971340e+01  5.225630e+03  0.000000e+00  2.467291e+03  2.851356e-03  2.097423e+01  0.000000e+00
5.966493e+02  2.007216e+03  2.691754e+03  7.726916e+02  3.177665e+02  1.713449e+03  3.259523e+01  5.812087e+02  5.712813e+01  3.443402e+01  1.409113e+00  4.095906e+03  0.000000e+00  1.552615e+03  0.000000e+00  6.533592e-03  0.000000e+00
6.694516e+02  1.499617e+03  2.225798e+03  9.628263e+02  5.205620e+02  1.607876e+03  3.971053e+01  7.889228e+02  4.256016e+01  4.078674e+01  1.109324e+01  2.707876e+03  0.000000e+00  7.461423e+02  0.000000e+00  0.000000e+00  0.000000e+00
7.511370e+02  1.186232e+03  1.739487e+03  7.021471e+02  4.196943e+02  1.079010e+03  1.593792e+01  6.009018e+02  5.958532e+01  2.674602e+01  8.060867e+00  1.672542e+03  0.000000e+00  5.842213e+02  0.000000e+00  0.000000e+00  0.000000e+00
8.427896e+02  7.506843e+02  1.399561e+03  5.668391e+02  4.938159e+02  1.143576e+03  3.825526e+01  6.668087e+02  2.355813e+01  1.048567e+01  2.911205e+00  9.522345e+02  0.000000e+00  3.092099e+02  0.000000e+00  4.598075e+00  0.000000e+00
9.456255e+02  7.017793e+02  1.213971e+03  7.460688e+02  2.902658e+02  1.003944e+03  3.318132e+01  6.564097e+02  7.137527e+01  0.000000e+00  2.911653e+01  7.043072e+02  1.260302e-02  2.374692e+02  0.000000e+00  0.000000e+00  0.000000e+00
1.061009e+03  6.361714e+02  8.239600e+02  6.824217e+02  4.767765e+02  7.792990e+02  4.498102e+01  6.467987e+02  5.328617e+01  5.220132e+01  1.331143e+00  5.680679e+02  0.000000e+00  5.944829e+01  1.508231e-01  1.082418e-01  0.000000e+00
1.190472e+03  4.318836e+02  7.314095e+02  6.312898e+02  4.934024e+02  6.363468e+02  3.532595e+01  3.823904e+02  6.560089e+01  2.802213e+01  2.788696e+00  3.353653e+02  0.000000e+00  9.541506e+01  0.000000e+00  0.000000e+00  0.000000e+00
1.335731e+03  4.023213e+02  6.267368e+02  5.175315e+02  3.825922e+02  5.065546e+02  2.179401e+01  5.220875e+02  1.971942e+01  4.272260e+01  6.798724e+00  1.569766e+02  0.000000e+00  2.617986e+01  2.901189e+00  0.000000e+00  0.000000e+00
1.498715e+03  2.668862e+02  4.782411e+02  4.437216e+02  3.830591e+02  3.359278e+02  5.349991e+01  4.282238e+02  6.086309e+01  4.654581e+01  9.697079e+00  1.213234e+02  1.625781e-02  5.398550e+01  0.000000e+00  0.000000e+00  5.397416e-02
1.681586e+03  1.013435e+02  3.972048e+02  3.226999e+02  3.455781e+02  3.773889e+02  3.811918e+01  3.473183e+02  4.342087e+01  3.768138e+01  1.134753e+01  8.323307e+01  0.000000e+00  4.883259e+01  1.198011e+00  0.000000e+00  4.349058e-03
1.886771e+03  1.179833e+02  2.478084e+02  3.265319e+02  4.598570e+02  3.045192e+02  3.215051e+01  3.160749e+02  4.432505e+01  2.849630e+01  1.422172e+01  4.743972e+01  5.086506e+00  5.882123e+00  7.892353e-01  2.830348e-03  0.000000e+00
2.116992e+03  1.154505e+02  2.548398e+02  2.110040e+02  2.832364e+02  1.231925e+02  2.485424e+01  2.229438e+02  3.995160e+01  1.153539e+01  1.122236e+01  1.413541e+01  2.902410e+00  6.071284e+00  1.344163e-03  0.000000e+00  1.344163e-03
2.375304e+03  4.560537e+01  1.530753e+02  1.834890e+02  3.713034e+02  1.154627e+02  3.988913e+01  1.982274e+02  3.671254e+01  2.698370e+01  4.923890e+00  3.442464e+01  8.744834e-04  0.000000e+00  8.605515e-02  0.000000e+00  2.252471e-01
2.665135e+03  3.975146e+01  9.656472e+01  1.481578e+02  2.938374e+02  5.821707e+01  3.559156e+01  1.251883e+02  6.266276e+01  9.387836e+00  1.819108e+01  9.756898e+00  2.630634e+00  2.659765e+00  3.154612e-01  0.000000e+00  1.182271e+00
2.990330e+03  5.408993e+00  6.329848e+01  8.731062e+01  2.209676e+02  4.594805e+01  4.047254e+01  8.610047e+01  4.801971e+01  3.596496e+00  3.892700e+00  6.455198e+00  2.140947e-01  0.000000e+00  2.824587e-01  0.000000e+00  1.516023e+00
3.355206e+03  6.197026e+00  6.991053e+01  6.072441e+01  2.318126e+02  1.289559e+01  4.453401e+01  5.975474e+01  3.056676e+01  7.422794e+00  7.633734e+00  9.068301e-01  2.167703e+00  1.662149e+00  2.379562e-02  0.000000e+00  1.300019e-03
3.764603e+03  3.116836e+00  2.819831e+01  4.498705e+01  1.470929e+02  6.476712e+00  2.756451e+01  3.193556e+01  2.148306e+01  4.458295e+00  5.509974e+00  2.932494e+00  6.748571e-02  4.027647e-04  1.158751e+00  0.000000e+00  5.088196e-01
4.223954e+03  4.059996e-02  2.532927e+01  1.449567e+01  1.214358e+02  1.342252e+00  1.493464e+01  3.300936e+01  2.132302e+01  4.620669e+00  3.636697e+00  1.875796e+00  2.197571e-01  0.000000e+00  1.375127e+00  0.000000e+00  2.658036e-01
4.739354e+03  6.540630e-02  1.312506e+01  2.221747e+01  1.049196e+02  2.458006e+00  1.965268e+01  4.689468e+00  1.113933e+01  1.134486e+00  2.041856e+00  1.038690e+00  4.345806e-01  1.126782e-03  1.045105e-02  0.000000e+00  5.578876e-02
5.317643e+03  1.957053e+00  8.016590e+00  1.133341e+01  6.441833e+01  5.896656e-02  1.276950e+01  5.898140e-01  2.241965e+01  6.595359e+00  2.378644e+00  2.786588e-01  1.413126e+00  0.000000e+00  3.948545e-01  0.000000e+00  2.037824e+00
5.966493e+03  1.664307e-01  4.188143e+00  1.845151e+00  2.846069e+01  1.279589e+00  1.599683e+01  1.178051e+00  4.888032e+00  2.256129e+00  3.617509e+00  1.290434e-02  3.781746e-02  0.000000e+00  9.031340e-02  0.000000e+00  2.373922e-01
6.694516e+03  3.102784e-04  2.120567e+00  2.968484e+00  1.844630e+01  4.869605e-02  1.990730e+01  5.523507e-02  5.020305e+00  1.151284e+00  3.185375e+00  6.380317e-01  3.629995e+00  0.000000e+00  4.770683e-02  0.000000e+00  1.092434e-03
7.511370e+03  1.853342e-02  8.717735e-01  2.723987e+00  1.664806e+01  5.261628e-01  9.117618e+00  3.647685e-01  2.806753e+00  2.676823e-01  1.743970e+00  1.368378e-02  1.944982e-01  0.000000e+00  3.964702e-03  0.000000e+00  1.171579e+00
8.427896e+03  6.330335e-02  4.423918e-01  1.731168e+00  1.444627e+00  7.243892e-02  9.184599e+00  1.841847e+00  4.275621e+00  3.032895e-01  2.154916e-01  7.419518e-01  5.592112e-01  0.000000e+00  1.876625e-03  0.000000e+00  8.897410e-02
9.456255e+03  0.000000e+00  1.524203e-01  1.433315e+00  4.465025e+00  1.220597e-01  7.129090e+00  3.009205e-04  2.055553e+00  5.315999e-01  2.461818e-01  1.816547e+00  6.150483e-01  0.000000e+00  2.349688e-01  0.000000e+00  8.443006e-03
1.061009e+04  0.000000e+00  9.586521e-01  1.099906e+00  2.066119e+00  1.953354e-02  3.431589e+00  1.155819e-01  1.115263e+00  7.892248e-03  8.387609e-01  3.632897e-01  4.841812e-01  0.000000e+00  1.957725e-04  0.000000e+00  2.067585e-01
1.190472e+04  0.000000e+00  8.620919e-04  6.143208e-04  1.240628e+00  0.000000e+00  8.189760e-01  1.273654e-04  1.555148e-02  3.489648e-04  4.246526e-01  3.135457e+00  3.651071e-01  0.000000e+00  2.488206e-02  0.000000e+00  4.728968e-02
1.335731e+04  0.000000e+00  6.644632e-02  8.710395e-01  1.048708e+00  0.000000e+00  2.206582e+00  2.918448e-04  9.892409e-02  5.877669e-03  2.960787e-01  1.324493e-01  2.481717e-02  0.000000e+00  0.000000e+00  0.000000e+00  7.483869e-02
1.498715e+04  0.000000e+00  1.342601e-01  1.625781e-03  2.218221e-02  0.000000e+00  3.404005e-01  0.000000e+00  1.085283e+00  7.662931e-03  3.595441e-02  3.797360e-04  1.378643e+00  0.000000e+00  3.284643e-04  0.000000e+00  2.818677e-01
1.681586e+04  0.000000e+00  3.606678e-03  1.235241e-04  1.287422e-02  0.000000e+00  7.680292e-01  9.016778e-05  1.946029e-02  0.000000e+00  1.448979e-03  7.087200e-04  6.667264e-04  0.000000e+00  9.645775e-02  0.000000e+00  1.397580e-01
1.886771e+04  0.000000e+00  1.142792e-02  0.000000e+00  8.419899e-02  0.000000e+00  5.762482e-01  0.000000e+00  2.900422e-01  0.000000e+00  0.000000e+00  5.683617e-02  8.531351e-02  0.000000e+00  2.340225e-01  0.000000e+00  7.959953e-02
2.116992e+04  0.000000e+00  7.162281e-05  0.000000e+00  4.877609e-02  0.000000e+00  2.557645e-04  0.000000e+00  2.520152e-02  0.000000e+00  0.000000e+00  0.000000e+00  7.478666e-02  0.000000e+00  5.020154e-01  0.000000e+00  2.520152e-02
2.375304e+04  0.000000e+00  0.000000e+00  0.000000e+00  6.383390e-05  0.000000e+00  2.586642e-02  3.078897e-04  3.241423e-03  0.000000e+00  4.834983e-03  3.539533e-02  1.748967e-04  0.000000e+00  0.000000e+00  0.000000e+00  9.929022e-02
2.665135e+04  0.000000e+00  2.744070e-04  0.000000e+00  7.552106e-02  0.000000e+00  0.000000e+00  0.000000e+00  0.000000e+00  0.000000e+00  2.003733e-04  0.000000e+00  0.000000e+00  0.000000e+00  0.000000e+00  0.000000e+00  2.744070e-04
2.990330e+04  0.000000e+00  0.000000e+00  0.000000e+00  4.952863e-03  0.000000e+00  0.000000e+00  0.000000e+00  0.000000e+00  0.000000e+00  0.000000e+00  0.000000e+00  7.527617e-03  0.000000e+00  3.069026e-02  0.000000e+00  1.048637e-02
3.355206e+04  0.000000e+00  0.000000e+00  0.000000e+00  0.000000e+00  0.000000e+00  0.000000e+00  0.000000e+00  0.000000e+00  0.000000e+00  0.000000e+00  0.000000e+00  8.481093e-05  0.000000e+00  3.324191e-01  0.000000e+00  3.183243e-04
3.764603e+04  0.000000e+00  0.000000e+00  0.000000e+00  6.472352e-04  0.000000e+00  0.000000e+00  0.000000e+00  0.000000e+00  0.000000e+00  0.000000e+00  0.000000e+00  3.934199e-03  0.000000e+00  6.472352e-04  0.000000e+00  4.027647e-05
4.223954e+04  0.000000e+00  0.000000e+00  0.000000e+00  2.821465e-04  0.000000e+00  0.000000e+00  0.000000e+00  7.885866e-02  0.000000e+00  0.000000e+00  0.000000e+00  4.132383e-03  0.000000e+00  0.000000e+00  0.000000e+00  0.000000e+00
4.739354e+04  0.000000e+00  0.000000e+00  0.000000e+00  0.000000e+00  0.000000e+00  0.000000e+00  0.000000e+00  3.199274e-05  0.000000e+00  0.000000e+00  0.000000e+00  2.834561e-04  0.000000e+00  3.125045e-03  0.000000e+00  0.000000e+00
5.317643e+04  0.000000e+00  0.000000e+00  0.000000e+00  0.000000e+00  0.000000e+00  0.000000e+00  0.000000e+00  0.000000e+00  0.000000e+00  0.000000e+00  0.000000e+00  0.000000e+00  0.000000e+00  0.000000e+00  0.000000e+00  0.000000e+00
5.966493e+04  0.000000e+00  0.000000e+00  0.000000e+00  0.000000e+00  0.000000e+00  0.000000e+00  0.000000e+00  0.000000e+00  0.000000e+00  0.000000e+00  0.000000e+00  0.000000e+00  0.000000e+00  0.000000e+00  0.000000e+00  0.000000e+00
6.694516e+04  0.000000e+00  0.000000e+00  0.000000e+00  0.000000e+00  0.000000e+00  0.000000e+00  0.000000e+00  0.000000e+00  0.000000e+00  0.000000e+00  0.000000e+00  0.000000e+00  0.000000e+00  0.000000e+00  0.000000e+00  1.172749e-03
7.511370e+04  0.000000e+00  0.000000e+00  0.000000e+00  0.000000e+00  0.000000e+00  0.000000e+00  0.000000e+00  0.000000e+00  0.000000e+00  0.000000e+00  0.000000e+00  0.000000e+00  0.000000e+00  0.000000e+00  0.000000e+00  2.676823e-02
8.427896e+04  0.000000e+00  0.000000e+00  0.000000e+00  0.000000e+00  0.000000e+00  0.000000e+00  0.000000e+00  0.000000e+00  0.000000e+00  0.000000e+00  0.000000e+00  0.000000e+00  0.000000e+00  0.000000e+00  0.000000e+00  0.000000e+00
9.456255e+04  0.000000e+00  0.000000e+00  0.000000e+00  0.000000e+00  0.000000e+00  0.000000e+00  0.000000e+00  0.000000e+00  0.000000e+00  0.000000e+00  0.000000e+00  0.000000e+00  0.000000e+00  0.000000e+00  0.000000e+00  0.000000e+00
1.061009e+05  0.000000e+00  0.000000e+00  0.000000e+00  0.000000e+00  0.000000e+00  0.000000e+00  0.000000e+00  0.000000e+00  0.000000e+00  0.000000e+00  0.000000e+00  0.000000e+00  0.000000e+00  0.000000e+00  0.000000e+00  0.000000e+00
1.190472e+05  0.000000e+00  0.000000e+00  0.000000e+00  0.000000e+00  0.000000e+00  0.000000e+00  0.000000e+00  0.000000e+00  0.000000e+00  0.000000e+00  0.000000e+00  0.000000e+00  0.000000e+00  0.000000e+00  0.000000e+00  0.000000e+00
1.335731e+05  0.000000e+00  0.000000e+00  0.000000e+00  0.000000e+00  0.000000e+00  0.000000e+00  0.000000e+00  0.000000e+00  0.000000e+00  0.000000e+00  0.000000e+00  0.000000e+00  0.000000e+00  0.000000e+00  0.000000e+00  0.000000e+00
1.498715e+05  0.000000e+00  0.000000e+00  0.000000e+00  0.000000e+00  0.000000e+00  0.000000e+00  0.000000e+00  0.000000e+00  0.000000e+00  0.000000e+00  0.000000e+00  0.000000e+00  0.000000e+00  0.000000e+00  0.000000e+00  0.000000e+00
1.681586e+05  0.000000e+00  0.000000e+00  0.000000e+00  0.000000e+00  0.000000e+00  0.000000e+00  0.000000e+00  0.000000e+00  0.000000e+00  0.000000e+00  0.000000e+00  0.000000e+00  0.000000e+00  0.000000e+00  0.000000e+00  0.000000e+00
1.886771e+05  0.000000e+00  0.000000e+00  0.000000e+00  0.000000e+00  0.000000e+00  0.000000e+00  0.000000e+00  0.000000e+00  0.000000e+00  0.000000e+00  0.000000e+00  0.000000e+00  0.000000e+00  0.000000e+00  0.000000e+00  0.000000e+00
2.116992e+05  0.000000e+00  0.000000e+00  0.000000e+00  0.000000e+00  0.000000e+00  0.000000e+00  0.000000e+00  0.000000e+00  0.000000e+00  0.000000e+00  0.000000e+00  0.000000e+00  0.000000e+00  0.000000e+00  0.000000e+00  0.000000e+00
2.375304e+05  0.000000e+00  0.000000e+00  0.000000e+00  0.000000e+00  0.000000e+00  0.000000e+00  0.000000e+00  0.000000e+00  0.000000e+00  0.000000e+00  0.000000e+00  0.000000e+00  0.000000e+00  0.000000e+00  0.000000e+00  0.000000e+00
2.665135e+05  0.000000e+00  0.000000e+00  0.000000e+00  0.000000e+00  0.000000e+00  0.000000e+00  0.000000e+00  0.000000e+00  0.000000e+00  0.000000e+00  0.000000e+00  0.000000e+00  0.000000e+00  0.000000e+00  0.000000e+00  0.000000e+00
2.990330e+05  0.000000e+00  0.000000e+00  0.000000e+00  0.000000e+00  0.000000e+00  0.000000e+00  0.000000e+00  0.000000e+00  0.000000e+00  0.000000e+00  0.000000e+00  0.000000e+00  0.000000e+00  0.000000e+00  0.000000e+00  0.000000e+00
3.355206e+05  0.000000e+00  0.000000e+00  0.000000e+00  0.000000e+00  0.000000e+00  0.000000e+00  0.000000e+00  0.000000e+00  0.000000e+00  0.000000e+00  0.000000e+00  0.000000e+00  0.000000e+00  0.000000e+00  0.000000e+00  0.000000e+00
3.764603e+05  0.000000e+00  0.000000e+00  0.000000e+00  0.000000e+00  0.000000e+00  0.000000e+00  0.000000e+00  0.000000e+00  0.000000e+00  0.000000e+00  0.000000e+00  0.000000e+00  0.000000e+00  0.000000e+00  0.000000e+00  0.000000e+00
4.223954e+05  0.000000e+00  0.000000e+00  0.000000e+00  0.000000e+00  0.000000e+00  0.000000e+00  0.000000e+00  0.000000e+00  0.000000e+00  0.000000e+00  0.000000e+00  0.000000e+00  0.000000e+00  0.000000e+00  0.000000e+00  0.000000e+00
4.739354e+05  0.000000e+00  0.000000e+00  0.000000e+00  0.000000e+00  0.000000e+00  0.000000e+00  0.000000e+00  0.000000e+00  0.000000e+00  0.000000e+00  0.000000e+00  0.000000e+00  0.000000e+00  0.000000e+00  0.000000e+00  0.000000e+00
5.317643e+05  0.000000e+00  0.000000e+00  0.000000e+00  0.000000e+00  0.000000e+00  0.000000e+00  0.000000e+00  0.000000e+00  0.000000e+00  0.000000e+00  0.000000e+00  0.000000e+00  0.000000e+00  0.000000e+00  0.000000e+00  0.000000e+00
5.966493e+05  0.000000e+00  0.000000e+00  0.000000e+00  0.000000e+00  0.000000e+00  0.000000e+00  0.000000e+00  0.000000e+00  0.000000e+00  0.000000e+00  0.000000e+00  0.000000e+00  0.000000e+00  0.000000e+00  0.000000e+00  0.000000e+00
6.694516e+05  0.000000e+00  0.000000e+00  0.000000e+00  0.000000e+00  0.000000e+00  0.000000e+00  0.000000e+00  0.000000e+00  0.000000e+00  0.000000e+00  0.000000e+00  0.000000e+00  0.000000e+00  0.000000e+00  0.000000e+00  0.000000e+00
7.511370e+05  0.000000e+00  0.000000e+00  0.000000e+00  0.000000e+00  0.000000e+00  0.000000e+00  0.000000e+00  0.000000e+00  0.000000e+00  0.000000e+00  0.000000e+00  0.000000e+00  0.000000e+00  0.000000e+00  0.000000e+00  0.000000e+00
8.427896e+05  0.000000e+00  0.000000e+00  0.000000e+00  0.000000e+00  0.000000e+00  0.000000e+00  0.000000e+00  0.000000e+00  0.000000e+00  0.000000e+00  0.000000e+00  0.000000e+00  0.000000e+00  0.000000e+00  0.000000e+00  0.000000e+00
9.456255e+05  0.000000e+00  0.000000e+00  0.000000e+00  0.000000e+00  0.000000e+00  0.000000e+00  0.000000e+00  0.000000e+00  0.000000e+00  0.000000e+00  0.000000e+00  0.000000e+00  0.000000e+00  0.000000e+00  0.000000e+00  0.000000e+00
