# dR/dEr [1/keV/kg/Myr]
# Er [keV], S, F, Ne, Cl, Na, Si, O, P, N, C, Al, Mg, Be, B, Ar, Li
1.061009e+01  1.954867e+01  1.477215e+01  0.000000e+00  0.000000e+00  5.436387e+00  0.000000e+00  1.305511e+00  0.000000e+00  0.000000e+00  0.000000e+00  0.000000e+00  0.000000e+00  4.859377e-02  0.000000e+00  0.000000e+00  0.000000e+00
1.190472e+01  7.309526e+00  1.513564e+00  0.000000e+00  0.000000e+00  2.328492e+00  0.000000e+00  0.000000e+00  0.000000e+00  0.000000e+00  0.000000e+00  0.000000e+00  0.000000e+00  0.000000e+00  0.000000e+00  0.000000e+00  0.000000e+00
1.335731e+01  1.064974e+01  2.184998e+00  0.000000e+00  0.000000e+00  0.000000e+00  0.000000e+00  0.000000e+00  0.000000e+00  0.000000e+00  0.000000e+00  0.000000e+00  0.000000e+00  0.000000e+00  0.000000e+00  0.000000e+00  0.000000e+00
1.498715e+01  2.696264e+00  2.950818e+00  0.000000e+00  0.000000e+00  1.121529e+00  0.000000e+00  4.464642e-01  0.000000e+00  0.000000e+00  0.000000e+00  0.000000e+00  0.000000e+00  0.000000e+00  0.000000e+00  0.000000e+00  0.000000e+00
1.681586e+01  6.664661e+00  3.094254e+00  9.627149e-01  0.000000e+00  1.883714e+00  3.979116e-01  0.000000e+00  0.000000e+00  0.000000e+00  0.000000e+00  0.000000e+00  0.000000e+00  0.000000e+00  0.000000e+00  0.000000e+00  0.000000e+00
1.886771e+01  4.562161e+00  3.498562e+00  0.000000e+00  0.000000e+00  8.580206e-01  0.000000e+00  0.000000e+00  0.000000e+00  0.000000e+00  0.000000e+00  0.000000e+00  0.000000e+00  0.000000e+00  0.000000e+00  0.000000e+00  0.000000e+00
2.116992e+01  4.630231e+00  3.870290e+00  0.000000e+00  0.000000e+00  9.300216e-01  0.000000e+00  4.081748e-01  0.000000e+00  0.000000e+00  0.000000e+00  2.460478e-01  0.000000e+00  0.000000e+00  0.000000e+00  0.000000e+00  0.000000e+00
2.375304e+01  8.552970e+00  1.678129e+00  1.019931e+00  0.000000e+00  2.175261e+00  0.000000e+00  6.815499e-01  0.000000e+00  0.000000e+00  0.000000e+00  0.000000e+00  0.000000e+00  0.000000e+00  0.000000e+00  0.000000e+00  0.000000e+00
2.665135e+01  7.457796e+00  3.558901e+00  3.242248e-01  2.325001e-02  5.171391e-01  0.000000e+00  0.000000e+00  6.978304e-01  0.000000e+00  0.000000e+00  0.000000e+00  0.000000e+00  0.000000e+00  0.000000e+00  0.000000e+00  0.000000e+00
2.990330e+01  8.455191e+00  3.852893e+00  3.956973e-01  0.000000e+00  5.342223e-01  0.000000e+00  5.127278e-01  0.000000e+00  0.000000e+00  0.000000e+00  6.888807e-02  0.000000e+00  3.799880e-01  0.000000e+00  0.000000e+00  0.000000e+00
3.355206e+01  1.077966e+01  2.896184e+00  4.154020e-01  0.000000e+00  8.443449e-01  0.000000e+00  1.108501e+00  0.000000e+00  0.000000e+00  0.000000e+00  3.436209e-01  0.000000e+00  3.737551e-01  0.000000e+00  0.000000e+00  0.000000e+00
3.764603e+01  1.208240e+01  2.177687e+00  2.848319e-03  2.295336e-01  1.450034e+00  0.000000e+00  2.510841e-02  0.000000e+00  0.000000e+00  0.000000e+00  0.000000e+00  0.000000e+00  4.417291e-03  0.000000e+00  0.000000e+00  0.000000e+00
4.223954e+01  1.090807e+01  5.491145e+00  1.650374e-01  0.000000e+00  2.605945e+00  0.000000e+00  3.207599e-01  0.000000e+00  0.000000e+00  0.000000e+00  1.138202e-01  0.000000e+00  1.903674e+00  0.000000e+00  0.000000e+00  0.000000e+00
4.739354e+01  1.518020e+01  5.991023e+00  1.823250e-01  4.764071e-01  7.108686e-01  0.000000e+00  6.566535e-01  0.000000e+00  0.000000e+00  0.000000e+00  0.000000e+00  0.000000e+00  6.647257e-01  0.000000e+00  0.000000e+00  0.000000e+00
5.317643e+01  1.338571e+01  3.354492e+00  4.508253e-01  0.000000e+00  1.809419e+00  0.000000e+00  8.725062e-01  0.000000e+00  0.000000e+00  0.000000e+00  9.795339e-02  0.000000e+00  0.000000e+00  0.000000e+00  0.000000e+00  0.000000e+00
5.966493e+01  1.777901e+01  6.341748e+00  5.023275e-01  2.569726e-01  1.272251e+00  0.000000e+00  9.544661e-01  0.000000e+00  0.000000e+00  0.000000e+00  1.517110e-01  0.000000e+00  4.667020e-02  0.000000e+00  0.000000e+00  0.000000e+00
6.694516e+01  1.941779e+01  5.324557e+00  8.429998e-01  0.000000e+00  2.458432e+00  0.000000e+00  2.510790e-01  0.000000e+00  5.769618e-02  0.000000e+00  3.473726e-01  0.000000e+00  4.714644e+00  0.000000e+00  0.000000e+00  0.000000e+00
7.511370e+01  2.037376e+01  7.412735e+00  7.972736e-01  2.746346e-01  1.519485e+00  0.000000e+00  6.332222e-01  0.000000e+00  0.000000e+00  0.000000e+00  9.280736e-02  0.000000e+00  1.384535e+03  0.000000e+00  0.000000e+00  0.000000e+00
8.427896e+01  2.591591e+01  8.179607e+00  4.726398e-01  6.654551e-01  2.099518e+00  0.000000e+00  1.180704e+00  0.000000e+00  0.000000e+00  0.000000e+00  0.000000e+00  0.000000e+00  1.685231e+03  0.000000e+00  0.000000e+00  0.000000e+00
9.456255e+01  2.563970e+01  6.342495e+00  6.954804e-01  3.250329e-01  1.910061e+00  0.000000e+00  3.203464e-01  0.000000e+00  4.131724e-02  0.000000e+00  4.714697e-04  0.000000e+00  1.280925e+03  0.000000e+00  0.000000e+00  0.000000e+00
1.061009e+02  3.005403e+01  8.390424e+00  5.179713e-01  1.119428e-01  2.628873e+00  0.000000e+00  5.422745e-01  0.000000e+00  0.000000e+00  8.531336e-02  3.164388e-01  0.000000e+00  9.725360e+02  0.000000e+00  0.000000e+00  0.000000e+00
1.190472e+02  3.234967e+01  1.066662e+01  1.114083e+00  1.733238e-01  2.521328e+00  0.000000e+00  3.725840e-01  0.000000e+00  5.620651e-02  1.953420e-01  8.579630e+02  0.000000e+00  7.155383e+02  0.000000e+00  4.433497e-02  0.000000e+00
1.335731e+02  3.637817e+01  1.144382e+01  8.315060e-01  8.027653e-04  2.908100e+00  0.000000e+00  4.402300e-01  0.000000e+00  0.000000e+00  0.000000e+00  7.188725e+02  0.000000e+00  5.270805e+02  0.000000e+00  0.000000e+00  0.000000e+00
1.498715e+02  8.882343e+01  1.331947e+01  5.855790e-01  1.844670e-01  1.690964e+00  0.000000e+00  8.323679e-01  0.000000e+00  9.559979e-02  1.258138e-01  5.373783e+02  0.000000e+00  3.941224e+02  0.000000e+00  0.000000e+00  0.000000e+00
1.681586e+02  1.275662e+02  1.351557e+01  8.065986e-01  1.883714e-01  1.485778e+00  2.651269e-04  9.860197e-01  0.000000e+00  9.793576e-02  0.000000e+00  4.000446e+02  0.000000e+00  2.902529e+02  0.000000e+00  0.000000e+00  0.000000e+00
1.886771e+02  7.443764e+01  1.583599e+01  5.972255e-01  1.856120e-01  3.189393e+00  8.126188e-02  9.583400e-01  5.855218e-02  5.855218e-02  0.000000e+00  2.965291e+02  0.000000e+00  2.120920e+02  0.000000e+00  0.000000e+00  0.000000e+00
2.116992e+02  3.249295e+01  1.979150e+01  7.560226e-01  4.801047e-01  1.371269e+00  5.218468e-02  7.429621e-01  0.000000e+00  0.000000e+00  2.105978e-04  2.350889e+02  0.000000e+00  1.432897e+02  0.000000e+00  5.065107e-04  0.000000e+00
2.375304e+02  2.361533e+01  1.004547e+02  1.143120e+00  3.947629e-01  1.978878e+00  2.164535e-02  8.589522e-01  9.575580e-02  0.000000e+00  2.816999e-02  1.753572e+02  0.000000e+00  1.049211e+02  0.000000e+00  8.800374e-02  0.000000e+00
2.665135e+02  1.944761e+01  8.387850e+01  1.157015e+00  3.250013e-01  2.860755e+00  5.229601e-02  6.558940e-01  0.000000e+00  4.145177e-02  6.082601e-02  1.281814e+02  0.000000e+00  7.266524e+01  0.000000e+00  0.000000e+00  0.000000e+00
2.990330e+02  1.195796e+01  1.279155e+01  6.417193e-01  2.319326e-01  2.182311e+00  6.530225e-03  1.256109e+00  2.312178e-04  5.561040e-04  1.306566e-02  9.673535e+01  0.000000e+00  5.432774e+01  0.000000e+00  0.000000e+00  0.000000e+00
3.355206e+02  1.057489e+01  1.150314e+01  7.521804e-01  3.164992e-01  2.304018e+00  3.292631e-02  9.114479e-01  3.064747e-02  2.575409e-02  7.115676e-02  7.242178e+01  8.299266e-03  3.819015e+01  0.000000e+00  0.000000e+00  1.190912e-03
3.764603e+02  7.035797e+00  8.563915e+00  9.706840e-01  3.240033e-01  2.577408e+00  2.704885e-02  6.350493e-01  0.000000e+00  3.702274e-02  0.000000e+00  4.704742e+01  0.000000e+00  2.775268e+01  0.000000e+00  0.000000e+00  0.000000e+00
4.223954e+02  4.547898e+00  7.235564e+00  6.056875e-01  3.055802e-01  2.205791e+00  2.062089e-02  8.803014e-01  7.468432e-02  2.631799e-02  5.530870e-02  3.635225e+01  0.000000e+00  1.480381e+01  0.000000e+00  2.538567e-04  0.000000e+00
4.739354e+02  3.688841e+00  5.938114e+00  8.550104e-01  4.985117e-01  1.902544e+00  3.733178e-02  8.793930e-01  7.508533e-02  3.924189e-02  0.000000e+00  2.284227e+01  0.000000e+00  1.000940e+01  3.924189e-02  0.000000e+00  0.000000e+00
5.317643e+02  2.902172e+00  3.888832e+00  9.194468e-01  2.491470e-01  1.954606e+00  5.844313e-02  7.195818e-01  8.298986e-02  8.166782e-02  3.173570e-02  1.894135e+01  0.000000e+00  7.773620e+00  8.384049e-05  3.930983e-02  0.000000e+00
5.966493e+02  2.591586e+00  3.452776e+00  9.456331e-01  4.592086e-01  1.893611e+00  7.077586e-02  7.467136e-01  7.815444e-02  3.807019e-02  1.904451e-02  1.338791e+01  0.000000e+00  5.275720e+00  0.000000e+00  2.787122e-04  0.000000e+00
6.694516e+02  2.009155e+00  2.913618e+00  1.138792e+00  6.437236e-01  1.836965e+00  6.846903e-02  9.069834e-01  5.452460e-02  4.500172e-02  1.576471e-02  9.350781e+00  0.000000e+00  3.116409e+00  0.000000e+00  0.000000e+00  0.000000e+00
7.511370e+02  1.631389e+00  2.273595e+00  7.713386e-01  5.198759e-01  1.219096e+00  1.735337e-02  6.717008e-01  6.527494e-02  5.419953e-02  1.055201e-02  6.201042e+00  0.000000e+00  2.072852e+00  0.000000e+00  0.000000e+00  0.000000e+00
8.427896e+02  1.020181e+00  1.913792e+00  6.784349e-01  5.538187e-01  1.377674e+00  3.740096e-02  7.705658e-01  2.679034e-02  1.276721e-02  3.914801e-02  3.242658e+00  0.000000e+00  1.037172e+00  0.000000e+00  2.866359e-02  0.000000e+00
9.456255e+02  1.014771e+00  1.536661e+00  9.087166e-01  3.909509e-01  1.132214e+00  5.746112e-02  8.037065e-01  7.796129e-02  0.000000e+00  4.104851e-02  2.738406e+00  6.552743e-04  7.976928e-01  0.000000e+00  0.000000e+00  0.000000e+00
1.061009e+03  9.240526e-01  1.090795e+00  8.605172e-01  5.807022e-01  9.229547e-01  6.725680e-02  7.307571e-01  5.917984e-02  9.733802e-02  1.572057e-02  1.914572e+00  0.000000e+00  3.157441e-01  4.224397e-03  2.624458e-03  0.000000e+00
1.190472e+03  6.190669e-01  9.355255e-01  7.823979e-01  5.870890e-01  6.617790e-01  7.081148e-02  4.573144e-01  7.380438e-02  3.196419e-02  4.119914e-02  1.150035e+00  0.000000e+00  3.345802e-01  0.000000e+00  0.000000e+00  0.000000e+00
1.335731e+03  6.212562e-01  8.433898e-01  6.437241e-01  4.404413e-01  5.539009e-01  3.331994e-02  5.780953e-01  3.418857e-02  5.947993e-02  1.261396e-02  5.698020e-01  0.000000e+00  1.211960e-01  1.808550e-02  0.000000e+00  0.000000e+00
1.498715e+03  3.893663e-01  6.209751e-01  5.130762e-01  4.914945e-01  3.926022e-01  1.011667e-01  5.223980e-01  1.045891e-01  9.197232e-02  2.321125e-02  3.263906e-01  6.306947e-04  1.793700e-01  0.000000e+00  0.000000e+00  1.413909e-03
1.681586e+03  1.726323e-01  6.115458e-01  4.116452e-01  4.218127e-01  4.782674e-01  4.874071e-02  3.833685e-01  6.889756e-02  6.482427e-02  4.735685e-02  3.459118e-01  0.000000e+00  9.371096e-02  1.297245e-02  0.000000e+00  2.376183e-04
1.886771e+03  2.386452e-01  3.787572e-01  4.255974e-01  5.273662e-01  3.838687e-01  5.827497e-02  3.385921e-01  7.042791e-02  4.912759e-02  4.447160e-02  1.747833e-01  1.060220e-02  7.387008e-03  1.229577e-02  1.366314e-04  0.000000e+00
2.116992e+03  1.738749e-01  3.953750e-01  2.739489e-01  3.204952e-01  1.569969e-01  5.284339e-02  2.619437e-01  6.132163e-02  1.555671e-02  3.222052e-02  8.999476e-02  4.889126e-03  3.347265e-02  5.065107e-05  0.000000e+00  5.065107e-05
2.375304e+03  7.443115e-02  2.261400e-01  2.564529e-01  4.729210e-01  1.659162e-01  9.069284e-02  2.386906e-01  5.538547e-02  3.307917e-02  1.075441e-02  1.008881e-01  2.910859e-05  0.000000e+00  2.192903e-03  0.000000e+00  3.829577e-03
2.665135e+03  8.289913e-02  1.745624e-01  2.017111e-01  4.086230e-01  7.974781e-02  5.224968e-02  1.493267e-01  9.751544e-02  2.404249e-02  4.993872e-02  5.792730e-02  1.794895e-02  9.668327e-03  4.263535e-03  0.000000e+00  9.080270e-03
2.990330e+03  2.146238e-02  1.259215e-01  1.332618e-01  3.120222e-01  6.812960e-02  7.083499e-02  1.077624e-01  5.673766e-02  2.567543e-02  2.287893e-02  4.826683e-02  4.082359e-03  0.000000e+00  3.855490e-03  0.000000e+00  1.325344e-02
3.355206e+03  2.095088e-02  1.478028e-01  1.386747e-01  3.208419e-01  2.729638e-02  6.800959e-02  6.494496e-02  3.817185e-02  1.837545e-02  2.156887e-02  1.147310e-02  8.773930e-03  7.040881e-03  6.139656e-04  0.000000e+00  4.524649e-05
3.764603e+03  6.953150e-03  5.570887e-02  9.826417e-02  1.964661e-01  2.421636e-02  5.933541e-02  4.098681e-02  2.941295e-02  1.268012e-02  2.529242e-02  2.005189e-02  1.730430e-03  1.184278e-05  6.668406e-03  0.000000e+00  7.906377e-03
4.223954e+03  1.188456e-03  3.997556e-02  4.008924e-02  1.549480e-01  1.146779e-02  2.822239e-02  3.571299e-02  3.617268e-02  1.921133e-02  1.739282e-02  1.574509e-02  3.401496e-03  0.000000e+00  7.075095e-03  0.000000e+00  4.696158e-03
4.739354e+03  1.470897e-03  3.058934e-02  5.013965e-02  1.463934e-01  1.168010e-02  3.178505e-02  1.010904e-02  2.776136e-02  8.703893e-03  1.158285e-02  1.206262e-02  4.875599e-03  5.439395e-05  3.130679e-04  0.000000e+00  1.477653e-03
5.317643e+03  5.644471e-03  2.947185e-02  3.429347e-02  9.051125e-02  1.587053e-03  2.438346e-02  4.448708e-03  4.762285e-02  1.850485e-02  1.432529e-02  5.279877e-03  6.093935e-03  0.000000e+00  5.800912e-03  0.000000e+00  6.749425e-03
5.966493e+03  2.574990e-03  1.349289e-02  1.866262e-02  5.744950e-02  4.615624e-03  3.053266e-02  4.073292e-03  2.245114e-02  8.129207e-03  1.620119e-02  3.272866e-04  1.040079e-03  0.000000e+00  1.560317e-03  0.000000e+00  2.828324e-03
6.694516e+03  1.032812e-05  9.714211e-03  1.358576e-02  4.353857e-02  1.234878e-03  4.490395e-02  1.486101e-03  1.163900e-02  1.022123e-02  1.418550e-02  8.548485e-03  8.971045e-03  0.000000e+00  1.111331e-03  0.000000e+00  5.968701e-05
7.511370e+03  4.965547e-04  8.298350e-03  1.264217e-02  2.268369e-02  3.476080e-03  2.299821e-02  4.351737e-03  9.689179e-03  2.882032e-03  7.928688e-03  4.260874e-04  2.768742e-03  0.000000e+00  1.539145e-04  0.000000e+00  8.624983e-03
8.427896e+03  1.074032e-03  6.716707e-03  6.237882e-03  7.637792e-03  1.305733e-03  3.100117e-02  5.506361e-03  2.497341e-02  3.716168e-03  3.177589e-03  5.518557e-03  5.277107e-03  0.000000e+00  9.325430e-05  0.000000e+00  1.777298e-03
9.456255e+03  0.000000e+00  1.887108e-03  6.617661e-03  1.725885e-02  1.482045e-03  1.973753e-02  1.133936e-05  8.338085e-03  5.187211e-03  3.068729e-03  9.038342e-03  6.620174e-03  0.000000e+00  2.872088e-03  0.000000e+00  2.178432e-04
1.061009e+04  0.000000e+00  5.176123e-03  2.191406e-03  1.042818e-02  5.010361e-04  1.450337e-02  2.082693e-03  5.594706e-03  2.098261e-04  4.119205e-03  4.505285e-03  4.232095e-03  0.000000e+00  6.516602e-06  0.000000e+00  2.527307e-03
1.190472e+04  0.000000e+00  3.646972e-05  3.356447e-05  5.643285e-03  0.000000e+00  4.751551e-03  3.745017e-06  4.657287e-04  1.161586e-05  4.383441e-03  7.602812e-03  2.038775e-03  0.000000e+00  6.488990e-04  0.000000e+00  1.145549e-03
1.335731e+04  0.000000e+00  1.360131e-03  3.084396e-03  7.118494e-03  0.000000e+00  4.050993e-03  1.244962e-05  1.389839e-03  1.495313e-04  3.457185e-03  1.886167e-03  5.967889e-04  0.000000e+00  0.000000e+00  0.000000e+00  1.197542e-03
1.498715e+04  0.000000e+00  1.447412e-03  6.306947e-05  5.798224e-04  0.000000e+00  2.622730e-03  0.000000e+00  3.435526e-03  1.857974e-04  6.211732e-04  1.430931e-05  2.445465e-03  0.000000e+00  1.176805e-05  0.000000e+00  2.213980e-03
1.681586e+04  0.000000e+00  1.492702e-04  4.111698e-06  3.413518e-04  0.000000e+00  4.626173e-03  2.651269e-06  4.667343e-04  0.000000e+00  5.621072e-05  3.684878e-05  3.365091e-05  0.000000e+00  1.502021e-03  0.000000e+00  1.786484e-03
1.886771e+04  0.000000e+00  3.060616e-04  0.000000e+00  9.968882e-04  0.000000e+00  2.853274e-03  0.000000e+00  2.302573e-03  0.000000e+00  0.000000e+00  9.731677e-04  1.039474e-03  0.000000e+00  1.774604e-03  0.000000e+00  1.540071e-03
2.116992e+04  0.000000e+00  2.105978e-06  0.000000e+00  7.605236e-04  0.000000e+00  9.961155e-06  0.000000e+00  4.275797e-04  0.000000e+00  0.000000e+00  0.000000e+00  8.785164e-04  0.000000e+00  2.596365e-03  0.000000e+00  4.275797e-04
2.375304e+04  0.000000e+00  0.000000e+00  0.000000e+00  1.876955e-06  0.000000e+00  4.702924e-04  1.682208e-05  8.221067e-05  0.000000e+00  1.172302e-04  4.783765e-04  5.821718e-06  0.000000e+00  0.000000e+00  0.000000e+00  1.272619e-03
2.665135e+04  0.000000e+00  1.499270e-05  0.000000e+00  8.148612e-04  0.000000e+00  0.000000e+00  0.000000e+00  0.000000e+00  0.000000e+00  9.672764e-06  0.000000e+00  0.000000e+00  0.000000e+00  0.000000e+00  0.000000e+00  1.499270e-05
2.990330e+04  0.000000e+00  0.000000e+00  0.000000e+00  1.291657e-04  0.000000e+00  0.000000e+00  0.000000e+00  0.000000e+00  0.000000e+00  0.000000e+00  0.000000e+00  1.944679e-04  0.000000e+00  4.452902e-04  0.000000e+00  2.369246e-04
3.355206e+04  0.000000e+00  0.000000e+00  0.000000e+00  0.000000e+00  0.000000e+00  0.000000e+00  0.000000e+00  0.000000e+00  0.000000e+00  0.000000e+00  0.000000e+00  3.195866e-06  0.000000e+00  6.230188e-04  0.000000e+00  1.536670e-05
3.764603e+04  0.000000e+00  0.000000e+00  0.000000e+00  2.510841e-05  0.000000e+00  0.000000e+00  0.000000e+00  0.000000e+00  0.000000e+00  0.000000e+00  0.000000e+00  1.025999e-04  0.000000e+00  2.510841e-05  0.000000e+00  1.184278e-06
4.223954e+04  0.000000e+00  0.000000e+00  0.000000e+00  1.466976e-05  0.000000e+00  0.000000e+00  0.000000e+00  6.738644e-04  0.000000e+00  0.000000e+00  0.000000e+00  1.154571e-04  0.000000e+00  0.000000e+00  0.000000e+00  0.000000e+00
4.739354e+04  0.000000e+00  0.000000e+00  0.000000e+00  0.000000e+00  0.000000e+00  0.000000e+00  0.000000e+00  9.407058e-07  0.000000e+00  0.000000e+00  0.000000e+00  1.401515e-05  0.000000e+00  8.149803e-05  0.000000e+00  0.000000e+00
5.317643e+04  0.000000e+00  0.000000e+00  0.000000e+00  0.000000e+00  0.000000e+00  0.000000e+00  0.000000e+00  0.000000e+00  0.000000e+00  0.000000e+00  0.000000e+00  0.000000e+00  0.000000e+00  0.000000e+00  0.000000e+00  0.000000e+00
5.966493e+04  0.000000e+00  0.000000e+00  0.000000e+00  0.000000e+00  0.000000e+00  0.000000e+00  0.000000e+00  0.000000e+00  0.000000e+00  0.000000e+00  0.000000e+00  0.000000e+00  0.000000e+00  0.000000e+00  0.000000e+00  0.000000e+00
6.694516e+04  0.000000e+00  0.000000e+00  0.000000e+00  0.000000e+00  0.000000e+00  0.000000e+00  0.000000e+00  0.000000e+00  0.000000e+00  0.000000e+00  0.000000e+00  0.000000e+00  0.000000e+00  0.000000e+00  0.000000e+00  2.983541e-05
7.511370e+04  0.000000e+00  0.000000e+00  0.000000e+00  0.000000e+00  0.000000e+00  0.000000e+00  0.000000e+00  0.000000e+00  0.000000e+00  0.000000e+00  0.000000e+00  0.000000e+00  0.000000e+00  0.000000e+00  0.000000e+00  2.882032e-04
8.427896e+04  0.000000e+00  0.000000e+00  0.000000e+00  0.000000e+00  0.000000e+00  0.000000e+00  0.000000e+00  0.000000e+00  0.000000e+00  0.000000e+00  0.000000e+00  0.000000e+00  0.000000e+00  0.000000e+00  0.000000e+00  0.000000e+00
9.456255e+04  0.000000e+00  0.000000e+00  0.000000e+00  0.000000e+00  0.000000e+00  0.000000e+00  0.000000e+00  0.000000e+00  0.000000e+00  0.000000e+00  0.000000e+00  0.000000e+00  0.000000e+00  0.000000e+00  0.000000e+00  0.000000e+00
1.061009e+05  0.000000e+00  0.000000e+00  0.000000e+00  0.000000e+00  0.000000e+00  0.000000e+00  0.000000e+00  0.000000e+00  0.000000e+00  0.000000e+00  0.000000e+00  0.000000e+00  0.000000e+00  0.000000e+00  0.000000e+00  0.000000e+00
1.190472e+05  0.000000e+00  0.000000e+00  0.000000e+00  0.000000e+00  0.000000e+00  0.000000e+00  0.000000e+00  0.000000e+00  0.000000e+00  0.000000e+00  0.000000e+00  0.000000e+00  0.000000e+00  0.000000e+00  0.000000e+00  0.000000e+00
1.335731e+05  0.000000e+00  0.000000e+00  0.000000e+00  0.000000e+00  0.000000e+00  0.000000e+00  0.000000e+00  0.000000e+00  0.000000e+00  0.000000e+00  0.000000e+00  0.000000e+00  0.000000e+00  0.000000e+00  0.000000e+00  0.000000e+00
1.498715e+05  0.000000e+00  0.000000e+00  0.000000e+00  0.000000e+00  0.000000e+00  0.000000e+00  0.000000e+00  0.000000e+00  0.000000e+00  0.000000e+00  0.000000e+00  0.000000e+00  0.000000e+00  0.000000e+00  0.000000e+00  0.000000e+00
1.681586e+05  0.000000e+00  0.000000e+00  0.000000e+00  0.000000e+00  0.000000e+00  0.000000e+00  0.000000e+00  0.000000e+00  0.000000e+00  0.000000e+00  0.000000e+00  0.000000e+00  0.000000e+00  0.000000e+00  0.000000e+00  0.000000e+00
1.886771e+05  0.000000e+00  0.000000e+00  0.000000e+00  0.000000e+00  0.000000e+00  0.000000e+00  0.000000e+00  0.000000e+00  0.000000e+00  0.000000e+00  0.000000e+00  0.000000e+00  0.000000e+00  0.000000e+00  0.000000e+00  0.000000e+00
2.116992e+05  0.000000e+00  0.000000e+00  0.000000e+00  0.000000e+00  0.000000e+00  0.000000e+00  0.000000e+00  0.000000e+00  0.000000e+00  0.000000e+00  0.000000e+00  0.000000e+00  0.000000e+00  0.000000e+00  0.000000e+00  0.000000e+00
2.375304e+05  0.000000e+00  0.000000e+00  0.000000e+00  0.000000e+00  0.000000e+00  0.000000e+00  0.000000e+00  0.000000e+00  0.000000e+00  0.000000e+00  0.000000e+00  0.000000e+00  0.000000e+00  0.000000e+00  0.000000e+00  0.000000e+00
2.665135e+05  0.000000e+00  0.000000e+00  0.000000e+00  0.000000e+00  0.000000e+00  0.000000e+00  0.000000e+00  0.000000e+00  0.000000e+00  0.000000e+00  0.000000e+00  0.000000e+00  0.000000e+00  0.000000e+00  0.000000e+00  0.000000e+00
2.990330e+05  0.000000e+00  0.000000e+00  0.000000e+00  0.000000e+00  0.000000e+00  0.000000e+00  0.000000e+00  0.000000e+00  0.000000e+00  0.000000e+00  0.000000e+00  0.000000e+00  0.000000e+00  0.000000e+00  0.000000e+00  0.000000e+00
3.355206e+05  0.000000e+00  0.000000e+00  0.000000e+00  0.000000e+00  0.000000e+00  0.000000e+00  0.000000e+00  0.000000e+00  0.000000e+00  0.000000e+00  0.000000e+00  0.000000e+00  0.000000e+00  0.000000e+00  0.000000e+00  0.000000e+00
3.764603e+05  0.000000e+00  0.000000e+00  0.000000e+00  0.000000e+00  0.000000e+00  0.000000e+00  0.000000e+00  0.000000e+00  0.000000e+00  0.000000e+00  0.000000e+00  0.000000e+00  0.000000e+00  0.000000e+00  0.000000e+00  0.000000e+00
4.223954e+05  0.000000e+00  0.000000e+00  0.000000e+00  0.000000e+00  0.000000e+00  0.000000e+00  0.000000e+00  0.000000e+00  0.000000e+00  0.000000e+00  0.000000e+00  0.000000e+00  0.000000e+00  0.000000e+00  0.000000e+00  0.000000e+00
4.739354e+05  0.000000e+00  0.000000e+00  0.000000e+00  0.000000e+00  0.000000e+00  0.000000e+00  0.000000e+00  0.000000e+00  0.000000e+00  0.000000e+00  0.000000e+00  0.000000e+00  0.000000e+00  0.000000e+00  0.000000e+00  0.000000e+00
5.317643e+05  0.000000e+00  0.000000e+00  0.000000e+00  0.000000e+00  0.000000e+00  0.000000e+00  0.000000e+00  0.000000e+00  0.000000e+00  0.000000e+00  0.000000e+00  0.000000e+00  0.000000e+00  0.000000e+00  0.000000e+00  0.000000e+00
5.966493e+05  0.000000e+00  0.000000e+00  0.000000e+00  0.000000e+00  0.000000e+00  0.000000e+00  0.000000e+00  0.000000e+00  0.000000e+00  0.000000e+00  0.000000e+00  0.000000e+00  0.000000e+00  0.000000e+00  0.000000e+00  0.000000e+00
6.694516e+05  0.000000e+00  0.000000e+00  0.000000e+00  0.000000e+00  0.000000e+00  0.000000e+00  0.000000e+00  0.000000e+00  0.000000e+00  0.000000e+00  0.000000e+00  0.000000e+00  0.000000e+00  0.000000e+00  0.000000e+00  0.000000e+00
7.511370e+05  0.000000e+00  0.000000e+00  0.000000e+00  0.000000e+00  0.000000e+00  0.000000e+00  0.000000e+00  0.000000e+00  0.000000e+00  0.000000e+00  0.000000e+00  0.000000e+00  0.000000e+00  0.000000e+00  0.000000e+00  0.000000e+00
8.427896e+05  0.000000e+00  0.000000e+00  0.000000e+00  0.000000e+00  0.000000e+00  0.000000e+00  0.000000e+00  0.000000e+00  0.000000e+00  0.000000e+00  0.000000e+00  0.000000e+00  0.000000e+00  0.000000e+00  0.000000e+00  0.000000e+00
9.456255e+05  0.000000e+00  0.000000e+00  0.000000e+00  0.000000e+00  0.000000e+00  0.000000e+00  0.000000e+00  0.000000e+00  0.000000e+00  0.000000e+00  0.000000e+00  0.000000e+00  0.000000e+00  0.000000e+00  0.000000e+00  0.000000e+00
