# dR/dEr [1/keV/kg/Myr]
# Er [keV], S, F, Ne, Cl, Na, Si, O, P, N, C, Al, Mg, Be, B, Ar, Li
1.061009e+01  2.587094e+01  1.936119e+01  0.000000e+00  0.000000e+00  6.881540e+00  0.000000e+00  1.748673e+00  0.000000e+00  0.000000e+00  0.000000e+00  0.000000e+00  0.000000e+00  5.022332e-02  0.000000e+00  0.000000e+00  0.000000e+00
1.190472e+01  9.749976e+00  1.877040e+00  0.000000e+00  0.000000e+00  3.101333e+00  0.000000e+00  0.000000e+00  0.000000e+00  0.000000e+00  0.000000e+00  0.000000e+00  0.000000e+00  0.000000e+00  0.000000e+00  0.000000e+00  0.000000e+00
1.335731e+01  1.413954e+01  2.905211e+00  0.000000e+00  0.000000e+00  0.000000e+00  0.000000e+00  0.000000e+00  0.000000e+00  0.000000e+00  0.000000e+00  0.000000e+00  0.000000e+00  0.000000e+00  0.000000e+00  0.000000e+00  0.000000e+00
1.498715e+01  3.597382e+00  3.772960e+00  0.000000e+00  0.000000e+00  1.486141e+00  0.000000e+00  5.995112e-01  0.000000e+00  0.000000e+00  0.000000e+00  0.000000e+00  0.000000e+00  0.000000e+00  0.000000e+00  0.000000e+00  0.000000e+00
1.681586e+01  8.888147e+00  3.940961e+00  1.286146e+00  0.000000e+00  2.505125e+00  5.343149e-01  0.000000e+00  0.000000e+00  0.000000e+00  0.000000e+00  0.000000e+00  0.000000e+00  0.000000e+00  0.000000e+00  0.000000e+00  0.000000e+00
1.886771e+01  6.090260e+00  4.537959e+00  0.000000e+00  0.000000e+00  1.146279e+00  0.000000e+00  0.000000e+00  0.000000e+00  0.000000e+00  0.000000e+00  0.000000e+00  0.000000e+00  0.000000e+00  0.000000e+00  0.000000e+00  0.000000e+00
2.116992e+01  6.160798e+00  5.024440e+00  0.000000e+00  0.000000e+00  1.240500e+00  0.000000e+00  5.459714e-01  0.000000e+00  0.000000e+00  0.000000e+00  2.666046e-01  0.000000e+00  0.000000e+00  0.000000e+00  0.000000e+00  0.000000e+00
2.375304e+01  1.137436e+01  2.236021e+00  1.261034e+00  0.000000e+00  2.776969e+00  0.000000e+00  9.105215e-01  0.000000e+00  0.000000e+00  0.000000e+00  0.000000e+00  0.000000e+00  0.000000e+00  0.000000e+00  0.000000e+00  0.000000e+00
2.665135e+01  9.879096e+00  4.526388e+00  4.336805e-01  2.421526e-02  6.935003e-01  0.000000e+00  0.000000e+00  8.153529e-01  0.000000e+00  0.000000e+00  0.000000e+00  0.000000e+00  0.000000e+00  0.000000e+00  0.000000e+00  0.000000e+00
2.990330e+01  1.118790e+01  5.091909e+00  5.320320e-01  0.000000e+00  6.255623e-01  0.000000e+00  6.869855e-01  0.000000e+00  0.000000e+00  0.000000e+00  7.284842e-02  0.000000e+00  4.247320e-01  0.000000e+00  0.000000e+00  0.000000e+00
3.355206e+01  1.426805e+01  3.774239e+00  5.495274e-01  0.000000e+00  1.127187e+00  0.000000e+00  1.383143e+00  0.000000e+00  0.000000e+00  0.000000e+00  3.836510e-01  0.000000e+00  4.046545e-01  0.000000e+00  0.000000e+00  0.000000e+00
3.764603e+01  1.588389e+01  2.752818e+00  2.927498e-03  3.070223e-01  1.800377e+00  0.000000e+00  2.625448e-02  0.000000e+00  0.000000e+00  0.000000e+00  0.000000e+00  0.000000e+00  4.552641e-03  0.000000e+00  0.000000e+00  0.000000e+00
4.223954e+01  1.443676e+01  7.278682e+00  1.809332e-01  0.000000e+00  3.412066e+00  0.000000e+00  4.294867e-01  0.000000e+00  0.000000e+00  0.000000e+00  1.213951e-01  0.000000e+00  2.284600e+00  0.000000e+00  0.000000e+00  0.000000e+00
4.739354e+01  2.015733e+01  7.926805e+00  2.438765e-01  6.329121e-01  9.468922e-01  0.000000e+00  8.789806e-01  0.000000e+00  0.000000e+00  0.000000e+00  0.000000e+00  0.000000e+00  8.042128e-01  0.000000e+00  0.000000e+00  0.000000e+00
5.317643e+01  1.771195e+01  4.472775e+00  6.036755e-01  0.000000e+00  2.351316e+00  0.000000e+00  1.168604e+00  0.000000e+00  0.000000e+00  0.000000e+00  1.061372e-01  0.000000e+00  0.000000e+00  0.000000e+00  0.000000e+00  0.000000e+00
5.966493e+01  2.361314e+01  8.384392e+00  6.722604e-01  3.443084e-01  1.613358e+00  0.000000e+00  1.211440e+00  0.000000e+00  0.000000e+00  0.000000e+00  1.678200e-01  0.000000e+00  4.973154e-02  0.000000e+00  0.000000e+00  0.000000e+00
6.694516e+01  2.572645e+01  7.041029e+00  1.126796e+00  0.000000e+00  3.244603e+00  0.000000e+00  3.327055e-01  0.000000e+00  6.183113e-02  0.000000e+00  4.177975e-01  0.000000e+00  5.735850e+00  0.000000e+00  0.000000e+00  0.000000e+00
7.511370e+01  2.698367e+01  9.736923e+00  1.023333e+00  3.650831e-01  1.980075e+00  0.000000e+00  8.405501e-01  0.000000e+00  0.000000e+00  0.000000e+00  1.017462e-01  0.000000e+00  1.697283e+03  0.000000e+00  0.000000e+00  0.000000e+00
8.427896e+01  3.432827e+01  1.085031e+01  6.299826e-01  8.734200e-01  2.761245e+00  0.000000e+00  1.527626e+00  0.000000e+00  0.000000e+00  0.000000e+00  0.000000e+00  0.000000e+00  2.066585e+03  0.000000e+00  0.000000e+00  0.000000e+00
9.456255e+01  3.403993e+01  8.407908e+00  8.941760e-01  4.331988e-01  2.466729e+00  0.000000e+00  4.255048e-01  0.000000e+00  4.425500e-02  0.000000e+00  4.819068e-04  0.000000e+00  1.568857e+03  0.000000e+00  0.000000e+00  0.000000e+00
1.061009e+02  3.996678e+01  1.110238e+01  6.778405e-01  1.503765e-01  3.457477e+00  0.000000e+00  7.255136e-01  0.000000e+00  0.000000e+00  9.437215e-02  3.909069e-01  0.000000e+00  1.194093e+03  0.000000e+00  0.000000e+00  0.000000e+00
1.190472e+02  4.300232e+01  1.410656e+01  1.478110e+00  2.288979e-01  3.247119e+00  0.000000e+00  4.813858e-01  0.000000e+00  7.547399e-02  2.349448e-01  1.054631e+03  0.000000e+00  8.774233e+02  0.000000e+00  4.800504e-02  0.000000e+00
1.335731e+02  4.836999e+01  1.520670e+01  1.081744e+00  8.250810e-04  3.830358e+00  0.000000e+00  5.783087e-01  0.000000e+00  0.000000e+00  0.000000e+00  8.821429e+02  0.000000e+00  6.457055e+02  0.000000e+00  0.000000e+00  0.000000e+00
1.498715e+02  1.182646e+02  1.765634e+01  7.813217e-01  2.446433e-01  2.248243e+00  0.000000e+00  1.046544e+00  0.000000e+00  1.264971e-01  1.467703e-01  6.595592e+02  0.000000e+00  4.828406e+02  0.000000e+00  0.000000e+00  0.000000e+00
1.681586e+02  1.699587e+02  1.788510e+01  1.056373e+00  2.505125e-01  1.944821e+00  2.709961e-04  1.279129e+00  0.000000e+00  1.125487e-01  0.000000e+00  4.898139e+02  0.000000e+00  3.553211e+02  0.000000e+00  0.000000e+00  0.000000e+00
1.886771e+02  9.904190e+01  2.103861e+01  7.792296e-01  2.480662e-01  4.201244e+00  1.088799e-01  1.224949e+00  7.792734e-02  7.792734e-02  0.000000e+00  3.641344e+02  0.000000e+00  2.603257e+02  0.000000e+00  0.000000e+00  0.000000e+00
2.116992e+02  4.318439e+01  2.622878e+01  9.947456e-01  6.254248e-01  1.781498e+00  6.945282e-02  9.816187e-01  0.000000e+00  0.000000e+00  2.152598e-04  2.880664e+02  0.000000e+00  1.752557e+02  0.000000e+00  5.205909e-04  0.000000e+00
2.375304e+02  3.134344e+01  1.338634e+02  1.511930e+00  5.233724e-01  2.593993e+00  2.915226e-02  1.109800e+00  1.270041e-01  0.000000e+00  3.782660e-02  2.147757e+02  0.000000e+00  1.281338e+02  0.000000e+00  1.150869e-01  0.000000e+00
2.665135e+02  2.579947e+01  1.117156e+02  1.538019e+00  4.113141e-01  3.739177e+00  6.918141e-02  8.533200e-01  0.000000e+00  5.516833e-02  7.001375e-02  1.572084e+02  0.000000e+00  8.920761e+01  0.000000e+00  0.000000e+00  0.000000e+00
2.990330e+02  1.580747e+01  1.698443e+01  8.513840e-01  3.079515e-01  2.868197e+00  6.916292e-03  1.628324e+00  2.369899e-04  5.731435e-04  1.399466e-02  1.186158e+02  0.000000e+00  6.676922e+01  0.000000e+00  0.000000e+00  0.000000e+00
3.355206e+02  1.394150e+01  1.522563e+01  9.957399e-01  4.163094e-01  3.032343e+00  4.382176e-02  1.186068e+00  4.127644e-02  3.444847e-02  8.528505e-02  8.871507e+01  8.843657e-03  4.661226e+01  0.000000e+00  0.000000e+00  1.235804e-03
3.764603e+02  9.282734e+00  1.133195e+01  1.272204e+00  4.057870e-01  3.399139e+00  2.906829e-02  8.297783e-01  0.000000e+00  4.897668e-02  0.000000e+00  5.785090e+01  0.000000e+00  3.396532e+01  0.000000e+00  0.000000e+00  0.000000e+00
4.223954e+02  5.997873e+00  9.525460e+00  8.020045e-01  3.964783e-01  2.899984e+00  2.753117e-02  1.161308e+00  9.430458e-02  3.497664e-02  6.647735e-02  4.467044e+01  0.000000e+00  1.823089e+01  0.000000e+00  2.609135e-04  0.000000e+00
4.739354e+02  4.824251e+00  7.793110e+00  1.129458e+00  6.628913e-01  2.488217e+00  4.551494e-02  1.132078e+00  9.296420e-02  4.585066e-02  0.000000e+00  2.790734e+01  0.000000e+00  1.227116e+01  4.585066e-02  0.000000e+00  0.000000e+00
5.317643e+02  3.772936e+00  5.088512e+00  1.204254e+00  3.272678e-01  2.584856e+00  7.793534e-02  9.513230e-01  1.058614e-01  1.032715e-01  3.947702e-02  2.312310e+01  0.000000e+00  9.568974e+00  8.569649e-05  5.140742e-02  0.000000e+00
5.966493e+02  3.367651e+00  4.491729e+00  1.236451e+00  5.890265e-01  2.507689e+00  8.809932e-02  9.698006e-01  1.000435e-01  5.036723e-02  2.128703e-02  1.644896e+01  0.000000e+00  6.464512e+00  0.000000e+00  2.872522e-04  0.000000e+00
6.694516e+02  2.598465e+00  3.784322e+00  1.496111e+00  8.372430e-01  2.423945e+00  8.689563e-02  1.194241e+00  7.205821e-02  5.984814e-02  1.960450e-02  1.149629e+01  0.000000e+00  3.771613e+00  0.000000e+00  0.000000e+00  0.000000e+00
7.511370e+02  2.112218e+00  2.950972e+00  1.018098e+00  6.775889e-01  1.612842e+00  2.229496e-02  8.846123e-01  8.627993e-02  6.842881e-02  1.316907e-02  7.549612e+00  0.000000e+00  2.528846e+00  0.000000e+00  0.000000e+00  0.000000e+00
8.427896e+02  1.316539e+00  2.469374e+00  8.887120e-01  7.333792e-01  1.811657e+00  5.003715e-02  1.014482e+00  3.559126e-02  1.637153e-02  4.416459e-02  3.964113e+00  0.000000e+00  1.255296e+00  0.000000e+00  3.487835e-02  0.000000e+00
9.456255e+02  1.302976e+00  2.002109e+00  1.189206e+00  5.072142e-01  1.492532e+00  7.260150e-02  1.054872e+00  1.036918e-01  0.000000e+00  5.217153e-02  3.323303e+00  6.824788e-04  9.759976e-01  0.000000e+00  0.000000e+00  0.000000e+00
1.061009e+03  1.189788e+00  1.419903e+00  1.123230e+00  7.610447e-01  1.209825e+00  8.766581e-02  9.655310e-01  7.814496e-02  1.229564e-01  1.804425e-02  2.337194e+00  0.000000e+00  3.791503e-01  4.509541e-03  2.796610e-03  0.000000e+00
1.190472e+03  7.940463e-01  1.219100e+00  1.023577e+00  7.685585e-01  8.810262e-01  8.985790e-02  5.986292e-01  9.582162e-02  4.196420e-02  4.608661e-02  1.406781e+00  0.000000e+00  4.125711e-01  0.000000e+00  0.000000e+00  0.000000e+00
1.335731e+03  7.971065e-01  1.088663e+00  8.394980e-01  5.803422e-01  7.336655e-01  4.143330e-02  7.653922e-01  4.373935e-02  7.656746e-02  1.526490e-02  7.006022e-01  0.000000e+00  1.441222e-01  2.200675e-02  0.000000e+00  0.000000e+00
1.498715e+03  4.999875e-01  8.030807e-01  6.739907e-01  6.401017e-01  5.153644e-01  1.268166e-01  6.844320e-01  1.346799e-01  1.166028e-01  2.747642e-02  4.069987e-01  6.594827e-04  2.199256e-01  0.000000e+00  0.000000e+00  1.494339e-03
1.681586e+03  2.173100e-01  7.835587e-01  5.357899e-01  5.518768e-01  6.236368e-01  6.266519e-02  5.078206e-01  8.713533e-02  8.157146e-02  5.723890e-02  4.206721e-01  0.000000e+00  1.181095e-01  1.533828e-02  0.000000e+00  2.465754e-04
1.886771e+03  3.003086e-01  4.826580e-01  5.515978e-01  6.965388e-01  4.989884e-01  7.326960e-02  4.489109e-01  8.950108e-02  6.313439e-02  5.409703e-02  2.132083e-01  1.285745e-02  9.772133e-03  1.361113e-02  1.412133e-04  0.000000e+00
2.116992e+03  2.225516e-01  5.032741e-01  3.574139e-01  4.219931e-01  2.038738e-01  6.670156e-02  3.440335e-01  7.826813e-02  1.947406e-02  3.999602e-02  1.074510e-01  5.936984e-03  4.037296e-02  5.205909e-05  0.000000e+00  5.205909e-05
2.375304e+03  9.236865e-02  2.903092e-01  3.295712e-01  6.173767e-01  2.120376e-01  1.126915e-01  3.128683e-01  7.176025e-02  4.341515e-02  1.309911e-02  1.230394e-01  2.983526e-05  0.000000e+00  2.376116e-03  0.000000e+00  4.234634e-03
2.665135e+03  1.040290e-01  2.201760e-01  2.604895e-01  5.277490e-01  1.020613e-01  6.751534e-02  1.956621e-01  1.248290e-01  3.036706e-02  6.250785e-02  6.906691e-02  2.168838e-02  1.196990e-02  4.765572e-03  0.000000e+00  1.086545e-02
2.990330e+03  2.548713e-02  1.587432e-01  1.702967e-01  4.037615e-01  8.787540e-02  8.950740e-02  1.406831e-01  7.391867e-02  2.997817e-02  2.618297e-02  5.730633e-02  4.459703e-03  0.000000e+00  4.304635e-03  0.000000e+00  1.565062e-02
3.355206e+03  2.517519e-02  1.857181e-01  1.729807e-01  4.141350e-01  3.362319e-02  8.691948e-02  8.642264e-02  4.921179e-02  2.270188e-02  2.620093e-02  1.303772e-02  1.074266e-02  8.814216e-03  6.492622e-04  0.000000e+00  4.642904e-05
3.764603e+03  8.446940e-03  6.967007e-02  1.223782e-01  2.540243e-01  2.986779e-02  7.328637e-02  5.379647e-02  3.783421e-02  1.484928e-02  2.998202e-02  2.334536e-02  1.838928e-03  1.210495e-05  8.198795e-03  0.000000e+00  8.826313e-03
4.223954e+03  1.264464e-03  5.109726e-02  4.841454e-02  2.013438e-01  1.352843e-02  3.580126e-02  4.700873e-02  4.579293e-02  2.299101e-02  2.023293e-02  1.868002e-02  3.750393e-03  0.000000e+00  8.597653e-03  0.000000e+00  5.170715e-03
4.739354e+03  1.612569e-03  3.761477e-02  6.247294e-02  1.885041e-01  1.426229e-02  4.011545e-02  1.271520e-02  3.454335e-02  1.026815e-02  1.329757e-02  1.404527e-02  5.729593e-03  5.621801e-05  3.288670e-04  0.000000e+00  1.567431e-03
5.317643e+03  6.962738e-03  3.575853e-02  4.126773e-02  1.168392e-01  1.700632e-03  3.009605e-02  5.337546e-03  5.960979e-02  2.265656e-02  1.656995e-02  5.749908e-03  7.396390e-03  0.000000e+00  6.598347e-03  0.000000e+00  8.305795e-03
5.966493e+03  2.846215e-03  1.607101e-02  2.177457e-02  7.232555e-02  5.667307e-03  3.836803e-02  4.700542e-03  2.663157e-02  9.652179e-03  1.987650e-02  3.466357e-04  1.119203e-03  0.000000e+00  1.722856e-03  0.000000e+00  3.243202e-03
6.694516e+03  1.058595e-05  1.145312e-02  1.599277e-02  5.415969e-02  1.328374e-03  5.566081e-02  1.597591e-03  1.391076e-02  1.198177e-02  1.719723e-02  9.783146e-03  1.110103e-02  0.000000e+00  1.214134e-03  0.000000e+00  6.193694e-05
7.511370e+03  5.266157e-04  9.689418e-03  1.544423e-02  2.915273e-02  4.188758e-03  2.791501e-02  5.012947e-03  1.126959e-02  3.410996e-03  9.653403e-03  4.471207e-04  3.101228e-03  0.000000e+00  1.604682e-04  0.000000e+00  1.009769e-02
8.427896e+03  1.188075e-03  7.554723e-03  7.629541e-03  8.739155e-03  1.433474e-03  3.741204e-02  6.955054e-03  2.964778e-02  4.304704e-03  3.571874e-03  6.637367e-03  6.160008e-03  0.000000e+00  9.691128e-05  0.000000e+00  1.929574e-03
9.456255e+03  0.000000e+00  2.153519e-03  8.055972e-03  2.070073e-02  1.675875e-03  2.399434e-02  1.165458e-05  9.744689e-03  6.088582e-03  3.561497e-03  1.097113e-02  7.677610e-03  0.000000e+00  3.339298e-03  0.000000e+00  2.303669e-04
1.061009e+04  0.000000e+00  6.324545e-03  2.748942e-03  1.249593e-02  5.423332e-04  1.730145e-02  2.282049e-03  6.799534e-03  2.214681e-04  4.798384e-03  5.106596e-03  5.050924e-03  0.000000e+00  6.679282e-06  0.000000e+00  2.932803e-03
1.190472e+04  0.000000e+00  3.759127e-05  3.482970e-05  6.638242e-03  0.000000e+00  5.567315e-03  3.827921e-06  4.907109e-04  1.190583e-05  5.079669e-03  9.706123e-03  2.519922e-03  0.000000e+00  6.954040e-04  0.000000e+00  1.235733e-03
1.335731e+04  0.000000e+00  1.485466e-03  3.782128e-03  8.493008e-03  0.000000e+00  5.072642e-03  1.283108e-05  1.550367e-03  1.582481e-04  3.960398e-03  2.096443e-03  6.498095e-04  0.000000e+00  0.000000e+00  0.000000e+00  1.317117e-03
1.498715e+04  0.000000e+00  1.712588e-03  6.594827e-05  6.216246e-04  0.000000e+00  3.099746e-03  0.000000e+00  4.251475e-03  1.979848e-04  6.858813e-04  1.470708e-05  3.180208e-03  0.000000e+00  1.208211e-05  0.000000e+00  2.602740e-03
1.681586e+04  0.000000e+00  1.559315e-04  4.214342e-06  3.682256e-04  0.000000e+00  5.534754e-03  2.709961e-06  5.087067e-04  0.000000e+00  5.877645e-05  3.837860e-05  3.484963e-05  0.000000e+00  1.668160e-03  0.000000e+00  2.066015e-03
1.886771e+04  0.000000e+00  3.301950e-04  0.000000e+00  1.163215e-03  0.000000e+00  3.446811e-03  0.000000e+00  2.747636e-03  0.000000e+00  0.000000e+00  1.075509e-03  1.207857e-03  0.000000e+00  2.103577e-03  0.000000e+00  1.688041e-03
2.116992e+04  0.000000e+00  2.152598e-06  0.000000e+00  8.378076e-04  0.000000e+00  1.024847e-05  0.000000e+00  4.729812e-04  0.000000e+00  0.000000e+00  0.000000e+00  1.026468e-03  0.000000e+00  3.145051e-03  0.000000e+00  4.729812e-04
2.375304e+04  0.000000e+00  0.000000e+00  0.000000e+00  1.918505e-06  0.000000e+00  5.158313e-04  1.745620e-05  8.707095e-05  0.000000e+00  1.249200e-04  5.347059e-04  5.967052e-06  0.000000e+00  0.000000e+00  0.000000e+00  1.471100e-03
2.665135e+04  0.000000e+00  1.555786e-05  0.000000e+00  9.640083e-04  0.000000e+00  0.000000e+00  0.000000e+00  0.000000e+00  0.000000e+00  9.997133e-06  0.000000e+00  0.000000e+00  0.000000e+00  0.000000e+00  0.000000e+00  1.555786e-05
2.990330e+04  0.000000e+00  0.000000e+00  0.000000e+00  1.384227e-04  0.000000e+00  0.000000e+00  0.000000e+00  0.000000e+00  0.000000e+00  0.000000e+00  0.000000e+00  2.075856e-04  0.000000e+00  4.938949e-04  0.000000e+00  2.594688e-04
3.355206e+04  0.000000e+00  0.000000e+00  0.000000e+00  0.000000e+00  0.000000e+00  0.000000e+00  0.000000e+00  0.000000e+00  0.000000e+00  0.000000e+00  0.000000e+00  3.284707e-06  0.000000e+00  8.147527e-04  0.000000e+00  1.588201e-05
3.764603e+04  0.000000e+00  0.000000e+00  0.000000e+00  2.625448e-05  0.000000e+00  0.000000e+00  0.000000e+00  0.000000e+00  0.000000e+00  0.000000e+00  0.000000e+00  1.099530e-04  0.000000e+00  2.625448e-05  0.000000e+00  1.210495e-06
4.223954e+04  0.000000e+00  0.000000e+00  0.000000e+00  1.527880e-05  0.000000e+00  0.000000e+00  0.000000e+00  7.957832e-04  0.000000e+00  0.000000e+00  0.000000e+00  1.230728e-04  0.000000e+00  0.000000e+00  0.000000e+00  0.000000e+00
4.739354e+04  0.000000e+00  0.000000e+00  0.000000e+00  0.000000e+00  0.000000e+00  0.000000e+00  0.000000e+00  9.615304e-07  0.000000e+00  0.000000e+00  0.000000e+00  1.457877e-05  0.000000e+00  8.733880e-05  0.000000e+00  0.000000e+00
5.317643e+04  0.000000e+00  0.000000e+00  0.000000e+00  0.000000e+00  0.000000e+00  0.000000e+00  0.000000e+00  0.000000e+00  0.000000e+00  0.000000e+00  0.000000e+00  0.000000e+00  0.000000e+00  0.000000e+00  0.000000e+00  0.000000e+00
5.966493e+04  0.000000e+00  0.000000e+00  0.000000e+00  0.000000e+00  0.000000e+00  0.000000e+00  0.000000e+00  0.000000e+00  0.000000e+00  0.000000e+00  0.000000e+00  0.000000e+00  0.000000e+00  0.000000e+00  0.000000e+00  0.000000e+00
6.694516e+04  0.000000e+00  0.000000e+00  0.000000e+00  0.000000e+00  0.000000e+00  0.000000e+00  0.000000e+00  0.000000e+00  0.000000e+00  0.000000e+00  0.000000e+00  0.000000e+00  0.000000e+00  0.000000e+00  0.000000e+00  3.157465e-05
7.511370e+04  0.000000e+00  0.000000e+00  0.000000e+00  0.000000e+00  0.000000e+00  0.000000e+00  0.000000e+00  0.000000e+00  0.000000e+00  0.000000e+00  0.000000e+00  0.000000e+00  0.000000e+00  0.000000e+00  0.000000e+00  3.410996e-04
8.427896e+04  0.000000e+00  0.000000e+00  0.000000e+00  0.000000e+00  0.000000e+00  0.000000e+00  0.000000e+00  0.000000e+00  0.000000e+00  0.000000e+00  0.000000e+00  0.000000e+00  0.000000e+00  0.000000e+00  0.000000e+00  0.000000e+00
9.456255e+04  0.000000e+00  0.000000e+00  0.000000e+00  0.000000e+00  0.000000e+00  0.000000e+00  0.000000e+00  0.000000e+00  0.000000e+00  0.000000e+00  0.000000e+00  0.000000e+00  0.000000e+00  0.000000e+00  0.000000e+00  0.000000e+00
1.061009e+05  0.000000e+00  0.000000e+00  0.000000e+00  0.000000e+00  0.000000e+00  0.000000e+00  0.000000e+00  0.000000e+00  0.000000e+00  0.000000e+00  0.000000e+00  0.000000e+00  0.000000e+00  0.000000e+00  0.000000e+00  0.000000e+00
1.190472e+05  0.000000e+00  0.000000e+00  0.000000e+00  0.000000e+00  0.000000e+00  0.000000e+00  0.000000e+00  0.000000e+00  0.000000e+00  0.000000e+00  0.000000e+00  0.000000e+00  0.000000e+00  0.000000e+00  0.000000e+00  0.000000e+00
1.335731e+05  0.000000e+00  0.000000e+00  0.000000e+00  0.000000e+00  0.000000e+00  0.000000e+00  0.000000e+00  0.000000e+00  0.000000e+00  0.000000e+00  0.000000e+00  0.000000e+00  0.000000e+00  0.000000e+00  0.000000e+00  0.000000e+00
1.498715e+05  0.000000e+00  0.000000e+00  0.000000e+00  0.000000e+00  0.000000e+00  0.000000e+00  0.000000e+00  0.000000e+00  0.000000e+00  0.000000e+00  0.000000e+00  0.000000e+00  0.000000e+00  0.000000e+00  0.000000e+00  0.000000e+00
1.681586e+05  0.000000e+00  0.000000e+00  0.000000e+00  0.000000e+00  0.000000e+00  0.000000e+00  0.000000e+00  0.000000e+00  0.000000e+00  0.000000e+00  0.000000e+00  0.000000e+00  0.000000e+00  0.000000e+00  0.000000e+00  0.000000e+00
1.886771e+05  0.000000e+00  0.000000e+00  0.000000e+00  0.000000e+00  0.000000e+00  0.000000e+00  0.000000e+00  0.000000e+00  0.000000e+00  0.000000e+00  0.000000e+00  0.000000e+00  0.000000e+00  0.000000e+00  0.000000e+00  0.000000e+00
2.116992e+05  0.000000e+00  0.000000e+00  0.000000e+00  0.000000e+00  0.000000e+00  0.000000e+00  0.000000e+00  0.000000e+00  0.000000e+00  0.000000e+00  0.000000e+00  0.000000e+00  0.000000e+00  0.000000e+00  0.000000e+00  0.000000e+00
2.375304e+05  0.000000e+00  0.000000e+00  0.000000e+00  0.000000e+00  0.000000e+00  0.000000e+00  0.000000e+00  0.000000e+00  0.000000e+00  0.000000e+00  0.000000e+00  0.000000e+00  0.000000e+00  0.000000e+00  0.000000e+00  0.000000e+00
2.665135e+05  0.000000e+00  0.000000e+00  0.000000e+00  0.000000e+00  0.000000e+00  0.000000e+00  0.000000e+00  0.000000e+00  0.000000e+00  0.000000e+00  0.000000e+00  0.000000e+00  0.000000e+00  0.000000e+00  0.000000e+00  0.000000e+00
2.990330e+05  0.000000e+00  0.000000e+00  0.000000e+00  0.000000e+00  0.000000e+00  0.000000e+00  0.000000e+00  0.000000e+00  0.000000e+00  0.000000e+00  0.000000e+00  0.000000e+00  0.000000e+00  0.000000e+00  0.000000e+00  0.000000e+00
3.355206e+05  0.000000e+00  0.000000e+00  0.000000e+00  0.000000e+00  0.000000e+00  0.000000e+00  0.000000e+00  0.000000e+00  0.000000e+00  0.000000e+00  0.000000e+00  0.000000e+00  0.000000e+00  0.000000e+00  0.000000e+00  0.000000e+00
3.764603e+05  0.000000e+00  0.000000e+00  0.000000e+00  0.000000e+00  0.000000e+00  0.000000e+00  0.000000e+00  0.000000e+00  0.000000e+00  0.000000e+00  0.000000e+00  0.000000e+00  0.000000e+00  0.000000e+00  0.000000e+00  0.000000e+00
4.223954e+05  0.000000e+00  0.000000e+00  0.000000e+00  0.000000e+00  0.000000e+00  0.000000e+00  0.000000e+00  0.000000e+00  0.000000e+00  0.000000e+00  0.000000e+00  0.000000e+00  0.000000e+00  0.000000e+00  0.000000e+00  0.000000e+00
4.739354e+05  0.000000e+00  0.000000e+00  0.000000e+00  0.000000e+00  0.000000e+00  0.000000e+00  0.000000e+00  0.000000e+00  0.000000e+00  0.000000e+00  0.000000e+00  0.000000e+00  0.000000e+00  0.000000e+00  0.000000e+00  0.000000e+00
5.317643e+05  0.000000e+00  0.000000e+00  0.000000e+00  0.000000e+00  0.000000e+00  0.000000e+00  0.000000e+00  0.000000e+00  0.000000e+00  0.000000e+00  0.000000e+00  0.000000e+00  0.000000e+00  0.000000e+00  0.000000e+00  0.000000e+00
5.966493e+05  0.000000e+00  0.000000e+00  0.000000e+00  0.000000e+00  0.000000e+00  0.000000e+00  0.000000e+00  0.000000e+00  0.000000e+00  0.000000e+00  0.000000e+00  0.000000e+00  0.000000e+00  0.000000e+00  0.000000e+00  0.000000e+00
6.694516e+05  0.000000e+00  0.000000e+00  0.000000e+00  0.000000e+00  0.000000e+00  0.000000e+00  0.000000e+00  0.000000e+00  0.000000e+00  0.000000e+00  0.000000e+00  0.000000e+00  0.000000e+00  0.000000e+00  0.000000e+00  0.000000e+00
7.511370e+05  0.000000e+00  0.000000e+00  0.000000e+00  0.000000e+00  0.000000e+00  0.000000e+00  0.000000e+00  0.000000e+00  0.000000e+00  0.000000e+00  0.000000e+00  0.000000e+00  0.000000e+00  0.000000e+00  0.000000e+00  0.000000e+00
8.427896e+05  0.000000e+00  0.000000e+00  0.000000e+00  0.000000e+00  0.000000e+00  0.000000e+00  0.000000e+00  0.000000e+00  0.000000e+00  0.000000e+00  0.000000e+00  0.000000e+00  0.000000e+00  0.000000e+00  0.000000e+00  0.000000e+00
9.456255e+05  0.000000e+00  0.000000e+00  0.000000e+00  0.000000e+00  0.000000e+00  0.000000e+00  0.000000e+00  0.000000e+00  0.000000e+00  0.000000e+00  0.000000e+00  0.000000e+00  0.000000e+00  0.000000e+00  0.000000e+00  0.000000e+00
