#E [GeV] Flux [s^-1 sr^-1 m^-2 GeV^-1]
0.5284372565111225 60.33534290260006
0.7759135578016596 90.41148508781423
1.2741572422182863 146.86291527149007
1.8563680287908295 195.53224404528356
2.6222820652299315 334.6682164527232
4.007210236367972 493.3615532601177
6.034424434829931 541.6794442634892
10.385760293426001 477.40317342225654
16.19875862014284 377.4821680472711
24.395254914920322 260.56422534337594
34.12985860173424 195.07605225599787
46.963167411429865 133.7146607267673
71.72176868086619 75.90977341766548
116.99309807417974 37.20364901945585
169.87760367531487 20.684851288154967
257.9218397401734 10.150477571934603
401.12127622307423 4.585909332078144
568.8469091310316 2.157743730682397
984.3060473502214 0.7190371009525088
1387.931528489688 0.3489372544431076
2139.578586084633 0.1454546589231198
3222.6390997272574 0.09205685730551216
4178.876689154226 0.04591887102230263
4958.320938651702 0.023944201518864353
6642.8704338590405 0.008788878041147623
8342.563381820266 0.0054761217263920295
11097.136216545954 0.002785067287279942
14639.766541434145 0.0009764958658862614
18096.748972118985 0.0004540405530742668
23353.68124624798 0.00015482257197486134
28448.066927447257 0.00004944153459100837
33460.34088571411 0.000010521399868778571