# dR/dEr [1/keV/kg/Myr]
# Er [keV], S, F, Ne, Cl, Na, Si, O, P, N, C, Al, Mg, Be, B, Ar, Li
1.061009e+01  3.964125e-01  3.884377e-01  0.000000e+00  0.000000e+00  2.692733e-01  0.000000e+00  3.505250e-02  0.000000e+00  0.000000e+00  0.000000e+00  0.000000e+00  0.000000e+00  6.384378e-02  0.000000e+00  0.000000e+00  0.000000e+00
1.190472e+01  7.767530e-02  1.108631e-01  0.000000e+00  0.000000e+00  2.501278e-02  0.000000e+00  0.000000e+00  0.000000e+00  0.000000e+00  0.000000e+00  0.000000e+00  0.000000e+00  0.000000e+00  0.000000e+00  0.000000e+00  0.000000e+00
1.335731e+01  1.318888e-01  5.223019e-02  0.000000e+00  0.000000e+00  0.000000e+00  0.000000e+00  0.000000e+00  0.000000e+00  0.000000e+00  0.000000e+00  0.000000e+00  0.000000e+00  0.000000e+00  0.000000e+00  0.000000e+00  0.000000e+00
1.498715e+01  2.861795e-02  1.013251e-01  0.000000e+00  0.000000e+00  4.499100e-02  0.000000e+00  4.522399e-03  0.000000e+00  0.000000e+00  0.000000e+00  0.000000e+00  0.000000e+00  0.000000e+00  0.000000e+00  0.000000e+00  0.000000e+00
1.681586e+01  7.080645e-02  5.773240e-02  1.010519e-02  0.000000e+00  2.042835e-02  4.030593e-03  0.000000e+00  0.000000e+00  0.000000e+00  0.000000e+00  0.000000e+00  0.000000e+00  0.000000e+00  0.000000e+00  0.000000e+00  0.000000e+00
1.886771e+01  4.816590e-02  5.331502e-02  0.000000e+00  0.000000e+00  9.006262e-03  0.000000e+00  0.000000e+00  0.000000e+00  0.000000e+00  0.000000e+00  0.000000e+00  0.000000e+00  0.000000e+00  0.000000e+00  0.000000e+00  0.000000e+00
2.116992e+01  6.571981e-02  9.212883e-02  0.000000e+00  0.000000e+00  9.859440e-03  0.000000e+00  4.244187e-03  0.000000e+00  0.000000e+00  0.000000e+00  5.523852e-02  0.000000e+00  0.000000e+00  0.000000e+00  0.000000e+00  0.000000e+00
2.375304e+01  1.184599e-01  1.795203e-02  2.355319e-02  0.000000e+00  5.393053e-02  0.000000e+00  7.153928e-03  0.000000e+00  0.000000e+00  0.000000e+00  0.000000e+00  0.000000e+00  0.000000e+00  0.000000e+00  0.000000e+00  0.000000e+00
2.665135e+01  1.218592e-01  1.158065e-01  3.371277e-03  1.892435e-02  5.286868e-03  0.000000e+00  0.000000e+00  3.514774e-02  0.000000e+00  0.000000e+00  0.000000e+00  0.000000e+00  0.000000e+00  0.000000e+00  0.000000e+00  0.000000e+00
2.990330e+01  1.414751e-01  4.507060e-02  3.973841e-03  0.000000e+00  7.881094e-02  0.000000e+00  5.271223e-03  0.000000e+00  0.000000e+00  0.000000e+00  3.809821e-02  0.000000e+00  3.911778e-02  0.000000e+00  0.000000e+00  0.000000e+00
3.355206e+01  1.474615e-01  5.825487e-02  4.675362e-03  0.000000e+00  8.898787e-03  0.000000e+00  2.740986e-02  0.000000e+00  0.000000e+00  0.000000e+00  4.375609e-02  0.000000e+00  9.579942e-02  0.000000e+00  0.000000e+00  0.000000e+00
3.764603e+01  2.230039e-01  1.304901e-01  6.973675e-03  2.386682e-03  6.716101e-02  0.000000e+00  1.696024e-02  0.000000e+00  0.000000e+00  0.000000e+00  0.000000e+00  0.000000e+00  7.925294e-03  0.000000e+00  0.000000e+00  0.000000e+00
4.223954e+01  1.937919e-01  9.715537e-02  2.843116e-02  0.000000e+00  3.526544e-02  0.000000e+00  1.027264e-02  0.000000e+00  0.000000e+00  0.000000e+00  4.126989e-02  0.000000e+00  9.192697e-02  0.000000e+00  0.000000e+00  0.000000e+00
4.739354e+01  2.106641e-01  7.450183e-02  1.895809e-03  5.205711e-03  1.790621e-02  0.000000e+00  6.798566e-03  0.000000e+00  0.000000e+00  0.000000e+00  0.000000e+00  0.000000e+00  7.407165e-02  0.000000e+00  0.000000e+00  0.000000e+00
5.317643e+01  2.055897e-01  3.953188e-02  4.653868e-03  0.000000e+00  7.442596e-02  0.000000e+00  8.993220e-03  0.000000e+00  0.000000e+00  0.000000e+00  2.199085e-02  0.000000e+00  0.000000e+00  0.000000e+00  0.000000e+00  0.000000e+00
5.966493e+01  2.309214e-01  1.222741e-01  5.209587e-03  2.641870e-03  5.694370e-02  0.000000e+00  5.202803e-02  0.000000e+00  0.000000e+00  0.000000e+00  2.013674e-02  0.000000e+00  1.687212e-02  0.000000e+00  0.000000e+00  0.000000e+00
6.694516e+01  2.777883e-01  1.100985e-01  8.827419e-03  0.000000e+00  3.788252e-02  0.000000e+00  1.007223e-02  0.000000e+00  1.650209e-02  0.000000e+00  1.139424e-02  0.000000e+00  2.348973e-01  0.000000e+00  0.000000e+00  0.000000e+00
7.511370e+01  3.003920e-01  1.208650e-01  2.384745e-02  2.990745e-03  2.975720e-02  0.000000e+00  6.955582e-03  0.000000e+00  0.000000e+00  0.000000e+00  1.598802e-02  0.000000e+00  7.745089e+01  0.000000e+00  0.000000e+00  0.000000e+00
8.427896e+01  3.459017e-01  1.136771e-01  5.035673e-03  1.980660e-02  3.476001e-02  0.000000e+00  2.683858e-02  0.000000e+00  0.000000e+00  0.000000e+00  0.000000e+00  0.000000e+00  9.217520e+01  0.000000e+00  0.000000e+00  0.000000e+00
9.456255e+01  3.445692e-01  9.455418e-02  1.413308e-02  3.464352e-03  6.622670e-02  0.000000e+00  6.610983e-03  0.000000e+00  1.383217e-02  0.000000e+00  2.149584e-03  0.000000e+00  7.100364e+01  0.000000e+00  0.000000e+00  0.000000e+00
1.061009e+02  3.697604e-01  1.428463e-01  2.182011e-02  3.035799e-03  4.317992e-02  0.000000e+00  9.230984e-03  0.000000e+00  0.000000e+00  1.132372e-02  1.413171e-02  0.000000e+00  5.247132e+01  0.000000e+00  0.000000e+00  0.000000e+00
1.190472e+02  3.834013e-01  1.832238e-01  1.460284e-02  7.116584e-03  8.146245e-02  0.000000e+00  8.560409e-03  0.000000e+00  5.693363e-04  6.407453e-03  4.523449e+01  0.000000e+00  3.939880e+01  0.000000e+00  1.176343e-02  0.000000e+00
1.335731e+02  4.538951e-01  1.742492e-01  2.297739e-02  1.965449e-03  5.275806e-02  0.000000e+00  7.714684e-03  0.000000e+00  0.000000e+00  0.000000e+00  3.863118e+01  0.000000e+00  2.944650e+01  0.000000e+00  0.000000e+00  0.000000e+00
1.498715e+02  1.023927e+00  1.966787e-01  7.940469e-03  3.809469e-03  2.911838e-02  0.000000e+00  3.510178e-02  0.000000e+00  5.164701e-03  8.510147e-03  2.895905e+01  0.000000e+00  2.214503e+01  0.000000e+00  0.000000e+00  0.000000e+00
1.681586e+02  1.431794e+00  2.440518e-01  1.395117e-02  2.042835e-03  4.095875e-02  1.208800e-03  2.816274e-02  0.000000e+00  8.142652e-03  0.000000e+00  2.269076e+01  0.000000e+00  1.593245e+01  0.000000e+00  0.000000e+00  0.000000e+00
1.886771e+02  8.988157e-01  2.178259e-01  1.274729e-02  1.941680e-03  5.199199e-02  8.354325e-04  3.126904e-02  6.300418e-04  6.300418e-04  0.000000e+00  1.642297e+01  0.000000e+00  1.134731e+01  0.000000e+00  0.000000e+00  0.000000e+00
2.116992e+02  4.355681e-01  2.913674e-01  1.374418e-02  9.760555e-03  3.893244e-02  5.615253e-04  1.510557e-02  0.000000e+00  0.000000e+00  9.601838e-04  1.314779e+01  0.000000e+00  8.074184e+00  0.000000e+00  1.240114e-03  0.000000e+00
2.375304e+02  3.217787e-01  1.127647e+00  2.091953e-02  8.610746e-03  4.832654e-02  2.149328e-04  2.995313e-02  2.294750e-03  0.000000e+00  2.853441e-04  9.769404e+00  0.000000e+00  6.119348e+00  0.000000e+00  1.136955e-03  0.000000e+00
2.665135e+02  2.735054e-01  9.520677e-01  1.985324e-02  9.808946e-03  6.448203e-02  5.885932e-04  2.139619e-02  0.000000e+00  4.460354e-04  3.866833e-03  6.977459e+00  0.000000e+00  3.991651e+00  0.000000e+00  0.000000e+00  0.000000e+00
2.990330e+02  2.103899e-01  1.878420e-01  9.356254e-03  4.591325e-03  5.096626e-02  2.931887e-03  2.821145e-02  7.725170e-04  9.977354e-04  4.374117e-03  5.423884e+00  0.000000e+00  2.939515e+00  0.000000e+00  0.000000e+00  0.000000e+00
3.355206e+02  1.917627e-01  1.907536e-01  1.126305e-02  7.781983e-03  4.685096e-02  3.542985e-04  1.823733e-02  3.043216e-04  2.677901e-04  3.776665e-03  4.009440e+00  3.000335e-03  2.139637e+00  0.000000e+00  0.000000e+00  1.168716e-03
3.764603e+02  1.384262e-01  1.383308e-01  2.281207e-02  1.031092e-02  4.260938e-02  8.529377e-03  1.577074e-02  0.000000e+00  4.166920e-04  0.000000e+00  2.635036e+00  0.000000e+00  1.478695e+00  0.000000e+00  0.000000e+00  0.000000e+00
4.223954e+02  8.991605e-02  1.383849e-01  9.184184e-03  8.942541e-03  4.454031e-02  7.596134e-04  1.677338e-02  4.335592e-03  8.283295e-04  2.427395e-03  1.919911e+00  0.000000e+00  8.030818e-01  0.000000e+00  6.215295e-04  0.000000e+00
4.739354e+02  8.398918e-02  1.195479e-01  1.426487e-02  9.530363e-03  3.701483e-02  2.724646e-03  3.047573e-02  2.173661e-03  1.976503e-03  0.000000e+00  1.318419e+00  0.000000e+00  5.843022e-01  1.976503e-03  0.000000e+00  0.000000e+00
5.317643e+02  7.747828e-02  1.052742e-01  2.485094e-02  5.034541e-03  2.918370e-02  1.175536e-03  1.316458e-02  3.664122e-03  2.250078e-03  3.371097e-03  1.132134e+00  0.000000e+00  4.096247e-01  3.822561e-04  5.078591e-04  0.000000e+00
5.966493e+02  7.330474e-02  9.466493e-02  2.144333e-02  1.802663e-02  2.988824e-02  3.250470e-03  2.342453e-02  2.593818e-03  1.243793e-03  1.960533e-03  7.392835e-01  0.000000e+00  2.796229e-01  0.000000e+00  5.000522e-04  0.000000e+00
6.694516e+02  6.025773e-02  9.069795e-02  2.683527e-02  1.800961e-02  3.158554e-02  2.436455e-03  2.042606e-02  1.064409e-03  4.881541e-04  1.751453e-03  5.021148e-01  0.000000e+00  1.793919e-01  0.000000e+00  0.000000e+00  0.000000e+00
7.511370e+02  4.759567e-02  6.327200e-02  1.812800e-02  1.311123e-02  2.140427e-02  2.347233e-03  1.506296e-02  2.141935e-03  1.901433e-03  1.408168e-03  3.389985e-01  0.000000e+00  1.306268e-01  0.000000e+00  0.000000e+00  0.000000e+00
8.427896e+02  3.993928e-02  6.198044e-02  1.763442e-02  8.194580e-03  2.571429e-02  3.886551e-04  1.547559e-02  2.927387e-04  1.500892e-03  4.593477e-03  1.914325e-01  0.000000e+00  7.264542e-02  0.000000e+00  7.796538e-04  0.000000e+00
9.456255e+02  3.432550e-02  4.621710e-02  2.083745e-02  9.185230e-03  2.261921e-02  2.197102e-03  1.503506e-02  1.397351e-03  0.000000e+00  3.523662e-03  1.628267e-01  5.333608e-04  4.542408e-02  0.000000e+00  0.000000e+00  0.000000e+00
1.061009e+03  3.119786e-02  3.144256e-02  2.169611e-02  1.405414e-02  2.069011e-02  1.476809e-03  1.415228e-02  1.553961e-03  3.364518e-03  1.558610e-03  1.139331e-01  0.000000e+00  2.208832e-02  1.516570e-03  9.487893e-04  0.000000e+00
1.190472e+03  2.327789e-02  2.690784e-02  1.836066e-02  1.395709e-02  9.940581e-03  1.442136e-03  9.910106e-03  4.588303e-03  1.163003e-03  6.378410e-03  7.596166e-02  0.000000e+00  1.340607e-02  0.000000e+00  0.000000e+00  0.000000e+00
1.335731e+03  2.136217e-02  3.015414e-02  1.724322e-02  1.056797e-02  8.812998e-03  2.901010e-03  8.921202e-03  1.510583e-03  2.993089e-03  2.089477e-03  3.654948e-02  0.000000e+00  8.812170e-03  4.919283e-04  0.000000e+00  0.000000e+00
1.498715e+03  1.239365e-02  2.325987e-02  1.416688e-02  1.342615e-02  1.220403e-02  6.247073e-03  1.159863e-02  3.314613e-03  3.545417e-03  3.043014e-03  1.668721e-02  4.260221e-04  7.829690e-03  0.000000e+00  0.000000e+00  7.840628e-04
1.681586e+03  9.340070e-03  2.074967e-02  1.296174e-02  9.065989e-03  1.050832e-02  2.369878e-03  6.392270e-03  3.733056e-03  2.423200e-03  2.209664e-03  1.907227e-02  0.000000e+00  4.004439e-03  6.967603e-04  0.000000e+00  2.331895e-04
1.886771e+03  1.096090e-02  1.762721e-02  1.350361e-02  9.349207e-03  1.031439e-02  3.098274e-03  6.365319e-03  3.110364e-03  1.407287e-03  3.174609e-03  9.206054e-03  6.675956e-04  8.314099e-05  1.790298e-03  1.795100e-04  0.000000e+00
2.116992e+03  6.029905e-03  1.542401e-02  7.608647e-03  7.397053e-03  6.303482e-03  1.583813e-03  5.754140e-03  2.612586e-03  1.564449e-03  2.217072e-03  6.412993e-03  5.765010e-04  2.113251e-03  1.240114e-04  0.000000e+00  1.240114e-04
2.375304e+03  5.911969e-03  8.719282e-03  9.517601e-03  1.190438e-02  6.542083e-03  4.349388e-03  4.985901e-03  1.603753e-03  6.437045e-04  1.653475e-03  6.347873e-03  9.725413e-05  0.000000e+00  4.923138e-04  0.000000e+00  5.913884e-04
2.665135e+03  3.366390e-03  8.272229e-03  6.611359e-03  1.212209e-02  4.051544e-03  1.479389e-03  3.843934e-03  3.074121e-03  1.042800e-03  1.527317e-03  4.542993e-03  7.717897e-04  8.561906e-04  4.389087e-04  0.000000e+00  5.257802e-04
2.990330e+03  2.648571e-03  5.518591e-03  5.371710e-03  7.703655e-03  3.024239e-03  3.237912e-03  2.819778e-03  2.837977e-03  2.782574e-03  2.851700e-03  2.902912e-03  1.021749e-03  0.000000e+00  4.909514e-04  0.000000e+00  6.994907e-04
3.355206e+03  1.316353e-03  6.651961e-03  6.547049e-03  1.039136e-02  1.817928e-03  3.402621e-03  9.292989e-04  2.663483e-03  1.199784e-03  1.941930e-03  1.554713e-03  5.360982e-04  1.405930e-04  3.395507e-04  0.000000e+00  1.388294e-04
3.764603e+03  9.713126e-04  3.520488e-03  5.658950e-03  6.378521e-03  1.238496e-03  3.715265e-03  6.551117e-04  1.343330e-03  2.152219e-03  2.324672e-03  2.050191e-03  7.044128e-04  5.399511e-05  3.725529e-04  0.000000e+00  1.305261e-03
4.223954e+03  5.831596e-04  1.377666e-03  2.788133e-03  5.110148e-03  1.077494e-03  1.391614e-03  1.185088e-03  2.316475e-03  1.474862e-03  2.332044e-03  1.158673e-03  9.292310e-04  0.000000e+00  6.018366e-04  0.000000e+00  9.351437e-04
4.739354e+03  2.533930e-04  2.272343e-03  3.000528e-03  5.606400e-03  8.871804e-04  2.503978e-03  3.736110e-04  1.552850e-03  1.028057e-03  1.235591e-03  9.912101e-04  3.923550e-04  7.146421e-05  2.139407e-04  0.000000e+00  7.280534e-04
5.317643e+03  1.996327e-04  2.145223e-03  2.925215e-03  3.183838e-03  6.170635e-04  2.445041e-03  2.991004e-04  2.044624e-03  1.080165e-03  1.870670e-03  1.373746e-03  5.430408e-04  0.000000e+00  6.653430e-04  0.000000e+00  5.734142e-04
5.966493e+03  4.586450e-04  1.217008e-03  1.876743e-03  2.899438e-03  4.588189e-04  1.426752e-03  6.648052e-04  1.590750e-03  1.014235e-03  1.070352e-03  1.469425e-04  4.146047e-04  0.000000e+00  2.581334e-04  0.000000e+00  2.913257e-04
6.694516e+03  3.450707e-05  1.116706e-03  1.424132e-03  2.060967e-03  4.088356e-04  3.076003e-03  4.656325e-04  1.588077e-03  9.407921e-04  9.543698e-04  8.993137e-04  2.832723e-04  0.000000e+00  2.724701e-04  0.000000e+00  5.857455e-05
7.511370e+03  2.190226e-04  9.834919e-04  9.999633e-04  1.204321e-03  2.041991e-04  2.061555e-03  3.519889e-04  1.604013e-03  1.162646e-04  7.386826e-04  3.385480e-04  3.384735e-04  0.000000e+00  1.517848e-04  0.000000e+00  7.103707e-04
8.427896e+03  1.425572e-04  9.174169e-04  4.719670e-04  1.331302e-03  2.465845e-04  2.174729e-03  2.449844e-04  1.629022e-03  3.060222e-04  4.550547e-04  1.810154e-04  5.722483e-04  0.000000e+00  9.524505e-05  0.000000e+00  5.980364e-04
9.456255e+03  0.000000e+00  2.542673e-04  3.757228e-04  1.522213e-03  1.532495e-04  1.319689e-03  2.776270e-05  8.765672e-04  3.985721e-04  2.608172e-04  6.242463e-04  8.894149e-04  0.000000e+00  2.733287e-04  0.000000e+00  1.204771e-04
1.061009e+04  0.000000e+00  4.234822e-04  2.053143e-04  9.175062e-04  1.349589e-04  1.091565e-03  4.796989e-04  3.981007e-04  1.354954e-04  4.719616e-04  4.600625e-04  1.542019e-04  0.000000e+00  2.177249e-05  0.000000e+00  3.558266e-04
1.190472e+04  0.000000e+00  6.990786e-05  3.293889e-05  5.681803e-04  0.000000e+00  6.029258e-04  1.707475e-05  2.649630e-04  3.880950e-05  4.214976e-04  3.064615e-04  6.406955e-05  0.000000e+00  1.855962e-04  0.000000e+00  4.035654e-04
1.335731e+04  0.000000e+00  2.754189e-04  1.848108e-04  5.277679e-04  0.000000e+00  3.800644e-04  2.233651e-05  2.136428e-04  8.085467e-05  2.374428e-04  2.914973e-04  1.893118e-04  0.000000e+00  0.000000e+00  0.000000e+00  3.051018e-04
1.498715e+04  0.000000e+00  7.183331e-05  4.260221e-05  2.177423e-04  0.000000e+00  2.914544e-04  0.000000e+00  1.402872e-04  6.716914e-05  1.027648e-04  3.503416e-05  7.398266e-05  0.000000e+00  3.293082e-05  0.000000e+00  2.857297e-04
1.681586e+04  0.000000e+00  1.059316e-04  1.373751e-05  1.230372e-04  0.000000e+00  4.127600e-04  1.208800e-05  1.215503e-04  0.000000e+00  3.796926e-05  2.999308e-05  4.106147e-05  0.000000e+00  2.711319e-04  0.000000e+00  2.228985e-04
1.886771e+04  0.000000e+00  9.857471e-05  0.000000e+00  7.623398e-05  0.000000e+00  2.475290e-04  0.000000e+00  1.234483e-04  0.000000e+00  0.000000e+00  1.453069e-04  9.573121e-05  0.000000e+00  1.282312e-04  0.000000e+00  3.527258e-04
2.116992e+04  0.000000e+00  9.601838e-06  0.000000e+00  1.442215e-04  0.000000e+00  2.369523e-05  0.000000e+00  5.675303e-05  0.000000e+00  0.000000e+00  0.000000e+00  4.424838e-05  0.000000e+00  1.364266e-04  0.000000e+00  5.675303e-05
2.375304e+04  0.000000e+00  0.000000e+00  0.000000e+00  8.557647e-06  0.000000e+00  1.000522e-04  1.650855e-05  3.691028e-05  0.000000e+00  4.238086e-05  4.924637e-05  1.945083e-05  0.000000e+00  0.000000e+00  0.000000e+00  1.439960e-04
2.665135e+04  0.000000e+00  1.471326e-05  0.000000e+00  4.143561e-05  0.000000e+00  0.000000e+00  0.000000e+00  0.000000e+00  0.000000e+00  1.270833e-05  0.000000e+00  0.000000e+00  0.000000e+00  0.000000e+00  0.000000e+00  1.471326e-05
2.990330e+04  0.000000e+00  0.000000e+00  0.000000e+00  3.694359e-05  0.000000e+00  0.000000e+00  0.000000e+00  0.000000e+00  0.000000e+00  0.000000e+00  0.000000e+00  6.626246e-05  0.000000e+00  6.843666e-05  0.000000e+00  5.468283e-05
3.355206e+04  0.000000e+00  0.000000e+00  0.000000e+00  0.000000e+00  0.000000e+00  0.000000e+00  0.000000e+00  0.000000e+00  0.000000e+00  0.000000e+00  0.000000e+00  7.824592e-06  0.000000e+00  8.049024e-06  0.000000e+00  2.018918e-05
3.764603e+04  0.000000e+00  0.000000e+00  0.000000e+00  1.696024e-05  0.000000e+00  0.000000e+00  0.000000e+00  0.000000e+00  0.000000e+00  0.000000e+00  0.000000e+00  2.934533e-05  0.000000e+00  1.696024e-05  0.000000e+00  5.399511e-06
4.223954e+04  0.000000e+00  0.000000e+00  0.000000e+00  1.194046e-05  0.000000e+00  0.000000e+00  0.000000e+00  4.574350e-05  0.000000e+00  0.000000e+00  0.000000e+00  4.673889e-05  0.000000e+00  0.000000e+00  0.000000e+00  0.000000e+00
4.739354e+04  0.000000e+00  0.000000e+00  0.000000e+00  0.000000e+00  0.000000e+00  0.000000e+00  0.000000e+00  4.288984e-06  0.000000e+00  0.000000e+00  0.000000e+00  1.493093e-05  0.000000e+00  2.330983e-05  0.000000e+00  0.000000e+00
5.317643e+04  0.000000e+00  0.000000e+00  0.000000e+00  0.000000e+00  0.000000e+00  0.000000e+00  0.000000e+00  0.000000e+00  0.000000e+00  0.000000e+00  0.000000e+00  0.000000e+00  0.000000e+00  0.000000e+00  0.000000e+00  0.000000e+00
5.966493e+04  0.000000e+00  0.000000e+00  0.000000e+00  0.000000e+00  0.000000e+00  0.000000e+00  0.000000e+00  0.000000e+00  0.000000e+00  0.000000e+00  0.000000e+00  0.000000e+00  0.000000e+00  0.000000e+00  0.000000e+00  0.000000e+00
6.694516e+04  0.000000e+00  0.000000e+00  0.000000e+00  0.000000e+00  0.000000e+00  0.000000e+00  0.000000e+00  0.000000e+00  0.000000e+00  0.000000e+00  0.000000e+00  0.000000e+00  0.000000e+00  0.000000e+00  0.000000e+00  1.613263e-05
7.511370e+04  0.000000e+00  0.000000e+00  0.000000e+00  0.000000e+00  0.000000e+00  0.000000e+00  0.000000e+00  0.000000e+00  0.000000e+00  0.000000e+00  0.000000e+00  0.000000e+00  0.000000e+00  0.000000e+00  0.000000e+00  1.162646e-05
8.427896e+04  0.000000e+00  0.000000e+00  0.000000e+00  0.000000e+00  0.000000e+00  0.000000e+00  0.000000e+00  0.000000e+00  0.000000e+00  0.000000e+00  0.000000e+00  0.000000e+00  0.000000e+00  0.000000e+00  0.000000e+00  0.000000e+00
9.456255e+04  0.000000e+00  0.000000e+00  0.000000e+00  0.000000e+00  0.000000e+00  0.000000e+00  0.000000e+00  0.000000e+00  0.000000e+00  0.000000e+00  0.000000e+00  0.000000e+00  0.000000e+00  0.000000e+00  0.000000e+00  0.000000e+00
1.061009e+05  0.000000e+00  0.000000e+00  0.000000e+00  0.000000e+00  0.000000e+00  0.000000e+00  0.000000e+00  0.000000e+00  0.000000e+00  0.000000e+00  0.000000e+00  0.000000e+00  0.000000e+00  0.000000e+00  0.000000e+00  0.000000e+00
1.190472e+05  0.000000e+00  0.000000e+00  0.000000e+00  0.000000e+00  0.000000e+00  0.000000e+00  0.000000e+00  0.000000e+00  0.000000e+00  0.000000e+00  0.000000e+00  0.000000e+00  0.000000e+00  0.000000e+00  0.000000e+00  0.000000e+00
1.335731e+05  0.000000e+00  0.000000e+00  0.000000e+00  0.000000e+00  0.000000e+00  0.000000e+00  0.000000e+00  0.000000e+00  0.000000e+00  0.000000e+00  0.000000e+00  0.000000e+00  0.000000e+00  0.000000e+00  0.000000e+00  0.000000e+00
1.498715e+05  0.000000e+00  0.000000e+00  0.000000e+00  0.000000e+00  0.000000e+00  0.000000e+00  0.000000e+00  0.000000e+00  0.000000e+00  0.000000e+00  0.000000e+00  0.000000e+00  0.000000e+00  0.000000e+00  0.000000e+00  0.000000e+00
1.681586e+05  0.000000e+00  0.000000e+00  0.000000e+00  0.000000e+00  0.000000e+00  0.000000e+00  0.000000e+00  0.000000e+00  0.000000e+00  0.000000e+00  0.000000e+00  0.000000e+00  0.000000e+00  0.000000e+00  0.000000e+00  0.000000e+00
1.886771e+05  0.000000e+00  0.000000e+00  0.000000e+00  0.000000e+00  0.000000e+00  0.000000e+00  0.000000e+00  0.000000e+00  0.000000e+00  0.000000e+00  0.000000e+00  0.000000e+00  0.000000e+00  0.000000e+00  0.000000e+00  0.000000e+00
2.116992e+05  0.000000e+00  0.000000e+00  0.000000e+00  0.000000e+00  0.000000e+00  0.000000e+00  0.000000e+00  0.000000e+00  0.000000e+00  0.000000e+00  0.000000e+00  0.000000e+00  0.000000e+00  0.000000e+00  0.000000e+00  0.000000e+00
2.375304e+05  0.000000e+00  0.000000e+00  0.000000e+00  0.000000e+00  0.000000e+00  0.000000e+00  0.000000e+00  0.000000e+00  0.000000e+00  0.000000e+00  0.000000e+00  0.000000e+00  0.000000e+00  0.000000e+00  0.000000e+00  0.000000e+00
2.665135e+05  0.000000e+00  0.000000e+00  0.000000e+00  0.000000e+00  0.000000e+00  0.000000e+00  0.000000e+00  0.000000e+00  0.000000e+00  0.000000e+00  0.000000e+00  0.000000e+00  0.000000e+00  0.000000e+00  0.000000e+00  0.000000e+00
2.990330e+05  0.000000e+00  0.000000e+00  0.000000e+00  0.000000e+00  0.000000e+00  0.000000e+00  0.000000e+00  0.000000e+00  0.000000e+00  0.000000e+00  0.000000e+00  0.000000e+00  0.000000e+00  0.000000e+00  0.000000e+00  0.000000e+00
3.355206e+05  0.000000e+00  0.000000e+00  0.000000e+00  0.000000e+00  0.000000e+00  0.000000e+00  0.000000e+00  0.000000e+00  0.000000e+00  0.000000e+00  0.000000e+00  0.000000e+00  0.000000e+00  0.000000e+00  0.000000e+00  0.000000e+00
3.764603e+05  0.000000e+00  0.000000e+00  0.000000e+00  0.000000e+00  0.000000e+00  0.000000e+00  0.000000e+00  0.000000e+00  0.000000e+00  0.000000e+00  0.000000e+00  0.000000e+00  0.000000e+00  0.000000e+00  0.000000e+00  0.000000e+00
4.223954e+05  0.000000e+00  0.000000e+00  0.000000e+00  0.000000e+00  0.000000e+00  0.000000e+00  0.000000e+00  0.000000e+00  0.000000e+00  0.000000e+00  0.000000e+00  0.000000e+00  0.000000e+00  0.000000e+00  0.000000e+00  0.000000e+00
4.739354e+05  0.000000e+00  0.000000e+00  0.000000e+00  0.000000e+00  0.000000e+00  0.000000e+00  0.000000e+00  0.000000e+00  0.000000e+00  0.000000e+00  0.000000e+00  0.000000e+00  0.000000e+00  0.000000e+00  0.000000e+00  0.000000e+00
5.317643e+05  0.000000e+00  0.000000e+00  0.000000e+00  0.000000e+00  0.000000e+00  0.000000e+00  0.000000e+00  0.000000e+00  0.000000e+00  0.000000e+00  0.000000e+00  0.000000e+00  0.000000e+00  0.000000e+00  0.000000e+00  0.000000e+00
5.966493e+05  0.000000e+00  0.000000e+00  0.000000e+00  0.000000e+00  0.000000e+00  0.000000e+00  0.000000e+00  0.000000e+00  0.000000e+00  0.000000e+00  0.000000e+00  0.000000e+00  0.000000e+00  0.000000e+00  0.000000e+00  0.000000e+00
6.694516e+05  0.000000e+00  0.000000e+00  0.000000e+00  0.000000e+00  0.000000e+00  0.000000e+00  0.000000e+00  0.000000e+00  0.000000e+00  0.000000e+00  0.000000e+00  0.000000e+00  0.000000e+00  0.000000e+00  0.000000e+00  0.000000e+00
7.511370e+05  0.000000e+00  0.000000e+00  0.000000e+00  0.000000e+00  0.000000e+00  0.000000e+00  0.000000e+00  0.000000e+00  0.000000e+00  0.000000e+00  0.000000e+00  0.000000e+00  0.000000e+00  0.000000e+00  0.000000e+00  0.000000e+00
8.427896e+05  0.000000e+00  0.000000e+00  0.000000e+00  0.000000e+00  0.000000e+00  0.000000e+00  0.000000e+00  0.000000e+00  0.000000e+00  0.000000e+00  0.000000e+00  0.000000e+00  0.000000e+00  0.000000e+00  0.000000e+00  0.000000e+00
9.456255e+05  0.000000e+00  0.000000e+00  0.000000e+00  0.000000e+00  0.000000e+00  0.000000e+00  0.000000e+00  0.000000e+00  0.000000e+00  0.000000e+00  0.000000e+00  0.000000e+00  0.000000e+00  0.000000e+00  0.000000e+00  0.000000e+00
