# dR/dEr [1/keV/kg/Myr]
# Er [keV], S, F, Ne, Cl, Na, Si, O, P, N, C, Al, Mg, Be, B, Ar, Li
1.061009e+01  2.336783e+03  1.672339e+03  0.000000e+00  0.000000e+00  4.957491e+02  0.000000e+00  1.721137e+02  0.000000e+00  0.000000e+00  0.000000e+00  0.000000e+00  0.000000e+00  9.853138e-01  0.000000e+00  0.000000e+00  0.000000e+00
1.190472e+01  9.060653e+02  1.243115e+02  0.000000e+00  0.000000e+00  2.829842e+02  0.000000e+00  0.000000e+00  0.000000e+00  0.000000e+00  0.000000e+00  0.000000e+00  0.000000e+00  0.000000e+00  0.000000e+00  0.000000e+00  0.000000e+00
1.335731e+01  1.242252e+03  2.673517e+02  0.000000e+00  0.000000e+00  0.000000e+00  0.000000e+00  0.000000e+00  0.000000e+00  0.000000e+00  0.000000e+00  0.000000e+00  0.000000e+00  0.000000e+00  0.000000e+00  0.000000e+00  0.000000e+00
1.498715e+01  3.356459e+02  2.902628e+02  0.000000e+00  0.000000e+00  1.376014e+02  0.000000e+00  6.002525e+01  0.000000e+00  0.000000e+00  0.000000e+00  0.000000e+00  0.000000e+00  0.000000e+00  0.000000e+00  0.000000e+00  0.000000e+00
1.681586e+01  8.241220e+02  2.414233e+02  1.219027e+02  0.000000e+00  2.245164e+02  5.349756e+01  0.000000e+00  0.000000e+00  0.000000e+00  0.000000e+00  0.000000e+00  0.000000e+00  0.000000e+00  0.000000e+00  0.000000e+00  0.000000e+00
1.886771e+01  5.713996e+02  3.292422e+02  0.000000e+00  0.000000e+00  1.086459e+02  0.000000e+00  0.000000e+00  0.000000e+00  0.000000e+00  0.000000e+00  0.000000e+00  0.000000e+00  0.000000e+00  0.000000e+00  0.000000e+00  0.000000e+00
2.116992e+01  5.585546e+02  3.976039e+02  0.000000e+00  0.000000e+00  1.151761e+02  0.000000e+00  5.227004e+01  0.000000e+00  0.000000e+00  0.000000e+00  5.105952e+00  0.000000e+00  0.000000e+00  0.000000e+00  0.000000e+00  0.000000e+00
2.375304e+01  1.024329e+03  2.047641e+02  4.674539e+01  0.000000e+00  2.012052e+02  0.000000e+00  8.630048e+01  0.000000e+00  0.000000e+00  0.000000e+00  0.000000e+00  0.000000e+00  0.000000e+00  0.000000e+00  0.000000e+00  0.000000e+00
2.665135e+01  8.899127e+02  2.852163e+02  4.151957e+01  4.635594e-01  6.846689e+01  0.000000e+00  0.000000e+00  2.032734e+01  0.000000e+00  0.000000e+00  0.000000e+00  0.000000e+00  0.000000e+00  0.000000e+00  0.000000e+00  0.000000e+00
2.990330e+01  9.592378e+02  4.262970e+02  5.410072e+01  0.000000e+00  3.154652e+01  0.000000e+00  6.708824e+01  0.000000e+00  0.000000e+00  0.000000e+00  1.365731e+00  0.000000e+00  8.801138e+00  0.000000e+00  0.000000e+00  0.000000e+00
3.355206e+01  1.256258e+03  3.103546e+02  4.602140e+01  0.000000e+00  1.056514e+02  0.000000e+00  7.070500e+01  0.000000e+00  0.000000e+00  0.000000e+00  7.944626e+00  0.000000e+00  7.693843e+00  0.000000e+00  0.000000e+00  0.000000e+00
3.764603e+01  1.366215e+03  1.991647e+02  5.788853e-02  2.939360e+01  1.046056e+02  0.000000e+00  4.951383e-01  0.000000e+00  0.000000e+00  0.000000e+00  0.000000e+00  0.000000e+00  8.966302e-02  0.000000e+00  0.000000e+00  0.000000e+00
4.223954e+01  1.301202e+03  6.567168e+02  3.508028e+00  0.000000e+00  2.687096e+02  0.000000e+00  4.267544e+01  0.000000e+00  0.000000e+00  0.000000e+00  2.263874e+00  0.000000e+00  7.293797e+01  0.000000e+00  0.000000e+00  0.000000e+00
4.739354e+01  1.826280e+03  6.990474e+02  2.334817e+01  5.592883e+01  8.967125e+01  0.000000e+00  8.504405e+01  0.000000e+00  0.000000e+00  0.000000e+00  0.000000e+00  0.000000e+00  3.416861e+01  0.000000e+00  0.000000e+00  0.000000e+00
5.317643e+01  1.588848e+03  4.139658e+02  5.853557e+01  0.000000e+00  1.982832e+02  0.000000e+00  1.136594e+02  0.000000e+00  0.000000e+00  0.000000e+00  2.032716e+00  0.000000e+00  0.000000e+00  0.000000e+00  0.000000e+00  0.000000e+00
5.966493e+01  2.117347e+03  7.517623e+02  6.493988e+01  3.362377e+01  1.185532e+02  0.000000e+00  8.475243e+01  0.000000e+00  0.000000e+00  0.000000e+00  3.332042e+00  0.000000e+00  9.215360e-01  0.000000e+00  0.000000e+00  0.000000e+00
6.694516e+01  2.298221e+03  6.286507e+02  1.071657e+02  0.000000e+00  2.778641e+02  0.000000e+00  3.080511e+01  0.000000e+00  1.149971e+00  0.000000e+00  1.237111e+01  0.000000e+00  2.433364e+02  0.000000e+00  0.000000e+00  0.000000e+00
7.511370e+01  2.402414e+03  8.112957e+02  7.764685e+01  3.253362e+01  1.583700e+02  0.000000e+00  7.357505e+01  0.000000e+00  0.000000e+00  0.000000e+00  1.972709e+00  0.000000e+00  7.678837e+04  0.000000e+00  0.000000e+00  0.000000e+00
8.427896e+01  3.050933e+03  9.693718e+02  5.807803e+01  7.516026e+01  2.359946e+02  0.000000e+00  1.159587e+02  0.000000e+00  0.000000e+00  0.000000e+00  0.000000e+00  0.000000e+00  9.315316e+04  0.000000e+00  0.000000e+00  0.000000e+00
9.456255e+01  3.064007e+03  7.640638e+02  6.621774e+01  3.986763e+01  2.041286e+02  0.000000e+00  3.804241e+01  0.000000e+00  8.237236e-01  0.000000e+00  9.606184e-03  0.000000e+00  7.014014e+04  0.000000e+00  0.000000e+00  0.000000e+00
1.061009e+02  3.633169e+03  9.837697e+02  6.028125e+01  1.525622e+01  2.890992e+02  0.000000e+00  7.075004e+01  0.000000e+00  0.000000e+00  1.873745e+00  2.046476e+01  0.000000e+00  5.424136e+04  0.000000e+00  0.000000e+00  0.000000e+00
1.190472e+02  3.882389e+03  1.249806e+03  1.282755e+02  2.063810e+01  2.472870e+02  0.000000e+00  3.329116e+01  0.000000e+00  7.556731e+00  6.956784e+00  4.822853e+04  0.000000e+00  3.959979e+04  0.000000e+00  9.197997e-01  0.000000e+00
1.335731e+02  4.397155e+03  1.388771e+03  8.876753e+01  1.631521e-02  3.317708e+02  0.000000e+00  4.537973e+01  0.000000e+00  0.000000e+00  0.000000e+00  3.974709e+04  0.000000e+00  2.900909e+04  0.000000e+00  0.000000e+00  0.000000e+00
1.498715e+02  1.083960e+04  1.589528e+03  7.295328e+01  2.116449e+01  2.021793e+02  0.000000e+00  7.147023e+01  0.000000e+00  1.212942e+01  3.649646e+00  2.978236e+04  0.000000e+00  2.177236e+04  0.000000e+00  0.000000e+00  0.000000e+00
1.681586e+02  1.565096e+04  1.589452e+03  8.804936e+01  2.245164e+01  1.683635e+02  5.401954e-03  9.646236e+01  0.000000e+00  2.622329e+00  0.000000e+00  2.199267e+04  0.000000e+00  1.576316e+04  0.000000e+00  0.000000e+00  0.000000e+00
1.886771e+02  9.057056e+03  1.905606e+03  6.401874e+01  2.355574e+01  3.552931e+02  1.063277e+01  8.870728e+01  7.058175e+00  7.058175e+00  0.000000e+00  1.664847e+04  0.000000e+00  1.179510e+04  0.000000e+00  0.000000e+00  0.000000e+00
2.116992e+02  3.933969e+03  2.349550e+03  8.311855e+01  5.078359e+01  1.460329e+02  6.290605e+00  8.727169e+01  0.000000e+00  0.000000e+00  4.290925e-03  1.285153e+04  0.000000e+00  7.674183e+03  0.000000e+00  1.029420e-02  0.000000e+00
2.375304e+02  2.832740e+03  1.234967e+04  1.352311e+02  4.847469e+01  2.181761e+02  3.023540e+00  8.908461e+01  1.117348e+01  0.000000e+00  3.787337e+00  9.551042e+03  0.000000e+00  5.565711e+03  0.000000e+00  7.859759e+00  0.000000e+00
2.665135e+02  2.322613e+03  1.026192e+04  1.389725e+02  2.821876e+01  3.073107e+02  5.793752e+00  6.839943e+01  0.000000e+00  4.996805e+00  1.634965e+00  7.095747e+03  0.000000e+00  4.086294e+03  0.000000e+00  0.000000e+00  0.000000e+00
2.990330e+02  1.397419e+03  1.539998e+03  7.617066e+01  2.784302e+01  2.469198e+02  1.292854e-01  1.264121e+02  4.705131e-03  1.128791e-02  2.604843e-01  5.386504e+03  0.000000e+00  3.055938e+03  0.000000e+00  0.000000e+00  0.000000e+00
3.355206e+02  1.211150e+03  1.349934e+03  8.997086e+01  3.547535e+01  2.601282e+02  3.969104e+00  9.249957e+01  4.281004e+00  3.298017e+00  2.505182e+00  3.953591e+03  1.638748e-01  2.003544e+03  0.000000e+00  0.000000e+00  2.402561e-02
3.764603e+02  8.127200e+02  1.005038e+03  1.082653e+02  2.302167e+01  2.946770e+02  5.501060e-01  6.810607e+01  0.000000e+00  4.101662e+00  0.000000e+00  2.703639e+03  0.000000e+00  1.467942e+03  0.000000e+00  0.000000e+00  0.000000e+00
4.223954e+02  5.234191e+02  8.212708e+02  6.997529e+01  3.297995e+01  2.454805e+02  2.623039e+00  1.013280e+02  6.795290e+00  3.156102e+00  1.965847e+00  2.044034e+03  0.000000e+00  8.371916e+02  0.000000e+00  5.159321e-03  0.000000e+00
4.739354e+02  3.978316e+02  6.590184e+02  1.004406e+02  6.115001e+01  2.059970e+02  2.754296e+00  8.837050e+01  4.719274e+00  1.143090e+00  0.000000e+00  1.230362e+03  0.000000e+00  5.705913e+02  1.143090e+00  0.000000e+00  0.000000e+00
5.317643e+02  3.021698e+02  4.311792e+02  1.005593e+02  2.752075e+01  2.261777e+02  7.302974e+00  8.513574e+01  6.856649e+00  6.954589e+00  2.730840e+00  1.005953e+03  0.000000e+00  4.479058e+02  1.708248e-03  3.510825e+00  0.000000e+00
5.966493e+02  2.694625e+02  3.612921e+02  1.027137e+02  4.372841e+01  2.235785e+02  4.915898e+00  7.806559e+01  7.668452e+00  4.484688e+00  4.411018e-01  7.585839e+02  0.000000e+00  2.908947e+02  0.000000e+00  5.657354e-03  0.000000e+00
6.694516e+02  2.029324e+02  3.014144e+02  1.274211e+02  6.881595e+01  2.114040e+02  5.620566e+00  1.036149e+02  5.973667e+00  5.368590e+00  1.458795e+00  5.184338e+02  0.000000e+00  1.494812e+02  0.000000e+00  0.000000e+00  0.000000e+00
7.511370e+02  1.630748e+02  2.344013e+02  9.099855e+01  5.560919e+01  1.419613e+02  1.985187e+00  7.803019e+01  7.750469e+00  4.032313e+00  1.029327e+00  3.207472e+02  0.000000e+00  1.110266e+02  0.000000e+00  0.000000e+00  0.000000e+00
8.427896e+02  1.020582e+02  1.903537e+02  7.493241e+01  6.487951e+01  1.526249e+02  4.812659e+00  8.752160e+01  3.145109e+00  1.362841e+00  9.626361e-01  1.776071e+02  0.000000e+00  5.600261e+01  0.000000e+00  1.152737e+00  0.000000e+00
9.456255e+02  9.680768e+01  1.629466e+02  9.928507e+01  3.945994e+01  1.310090e+02  4.759985e+00  8.805348e+01  9.359872e+00  0.000000e+00  3.965359e+00  1.376265e+02  1.306488e-02  4.420897e+01  0.000000e+00  0.000000e+00  0.000000e+00
1.061009e+03  8.836423e+01  1.121754e+02  9.177243e+01  6.344828e+01  1.028029e+02  6.463344e+00  8.500676e+01  6.951156e+00  7.751392e+00  4.196082e-01  1.051610e+02  0.000000e+00  1.321172e+01  8.420237e-02  5.182177e-02  0.000000e+00
1.190472e+03  5.928055e+01  9.848499e+01  8.470785e+01  6.496029e+01  8.166283e+01  5.403025e+00  5.037319e+01  8.375145e+00  3.668442e+00  9.840400e-01  6.381099e+01  0.000000e+00  1.834016e+01  0.000000e+00  0.000000e+00  0.000000e+00
1.335731e+03  5.681589e+01  8.456509e+01  6.909959e+01  5.041531e+01  6.582208e+01  2.896934e+00  6.806983e+01  2.885375e+00  5.759742e+00  9.537747e-01  3.094046e+01  0.000000e+00  5.303602e+00  7.273281e-01  0.000000e+00  0.000000e+00
1.498715e+03  3.673223e+01  6.389229e+01  5.825277e+01  5.166421e+01  4.426868e+01  7.906523e+00  5.702473e+01  9.118895e+00  7.166347e+00  1.415415e+00  2.117127e+01  1.243731e-02  1.011425e+01  0.000000e+00  0.000000e+00  2.804806e-02
1.681586e+03  1.449615e+01  5.581804e+01  4.340468e+01  4.575281e+01  5.035700e+01  5.017392e+00  4.536322e+01  6.122414e+00  5.298946e+00  2.211077e+00  1.684218e+01  0.000000e+00  7.449278e+00  4.138318e-01  0.000000e+00  4.793739e-03
1.886771e+03  1.805565e+01  3.447217e+01  4.384586e+01  6.055410e+01  4.043432e+01  4.700829e+00  4.086395e+01  6.199443e+00  4.196799e+00  2.449100e+00  9.078761e+00  7.259681e-01  8.183892e-01  2.739986e-01  2.770413e-03  0.000000e+00
2.116992e+03  1.612546e+01  3.554597e+01  2.869015e+01  3.690506e+01  1.651688e+01  3.929448e+00  2.930666e+01  5.591991e+00  1.481962e+00  1.998297e+00  3.511920e+00  3.903062e-01  1.422587e+00  1.029420e-03  0.000000e+00  1.029420e-03
2.375304e+03  6.237528e+00  2.139505e+01  2.500436e+01  5.018466e+01  1.572126e+01  6.265657e+00  2.629177e+01  5.255286e+00  3.575924e+00  7.551299e-01  5.916728e+00  5.923409e-04  0.000000e+00  4.550685e-02  0.000000e+00  8.407953e-02
2.665135e+03  6.126636e+00  1.407360e+01  2.010179e+01  4.037124e+01  7.816938e+00  4.944785e+00  1.652432e+01  8.853308e+00  1.653160e+00  3.187469e+00  2.338428e+00  6.785035e-01  5.260445e-01  9.875039e-02  0.000000e+00  3.177421e-01
2.990330e+03  1.024113e+00  9.611309e+00  1.218667e+01  3.051660e+01  6.538720e+00  5.843608e+00  1.152704e+01  6.297992e+00  8.979892e-01  8.022804e-01  1.740928e+00  8.739294e-02  0.000000e+00  8.914017e-02  0.000000e+00  4.237997e-01
3.355206e+03  1.067987e+00  1.091401e+01  9.615912e+00  3.170558e+01  1.904997e+00  6.255595e+00  7.831585e+00  4.034247e+00  1.188629e+00  1.279354e+00  2.956065e-01  4.425121e-01  3.676824e-01  1.217209e-02  0.000000e+00  9.202591e-04
3.764603e+03  4.798258e-01  4.284455e+00  6.945752e+00  1.985546e+01  1.309836e+00  4.174965e+00  4.318952e+00  2.905867e+00  6.872175e-01  1.112670e+00  6.914693e-01  3.416210e-02  2.412964e-04  2.996137e-01  0.000000e+00  1.886407e-01
4.223954e+03  2.372530e-02  3.582424e+00  2.308835e+00  1.624322e+01  3.849234e-01  2.259781e+00  4.228128e+00  3.062734e+00  8.811999e-01  7.099178e-01  5.507586e-01  7.644888e-02  0.000000e+00  3.225797e-01  0.000000e+00  1.022908e-01
4.739354e+03  3.126534e-02  2.035133e+00  3.503570e+00  1.435258e+01  5.525619e-01  2.766250e+00  7.469134e-01  1.817248e+00  3.136371e-01  4.086054e-01  3.582459e-01  1.522197e-01  1.102921e-03  6.204054e-03  0.000000e+00  2.922014e-02
5.317643e+03  3.251817e-01  1.532925e+00  1.897300e+00  8.835056e+00  3.237225e-02  1.847882e+00  1.572771e-01  3.449490e+00  1.123183e+00  5.165098e-01  1.127700e-01  2.920998e-01  0.000000e+00  1.503350e-01  0.000000e+00  4.037533e-01
5.966493e+03  5.748470e-02  7.189448e-01  5.858461e-01  4.333715e+00  2.575476e-01  2.353538e+00  1.905950e-01  9.668364e-01  4.152392e-01  7.998886e-01  6.479618e-03  2.147096e-02  0.000000e+00  3.419650e-02  0.000000e+00  7.525409e-02
6.694516e+03  2.101705e-04  4.352771e-01  5.936173e-01  2.926434e+00  2.518938e-02  3.106053e+00  3.027242e-02  7.403906e-01  3.359434e-01  6.717563e-01  2.269895e-01  5.744289e-01  0.000000e+00  2.354847e-02  0.000000e+00  1.204133e-03
7.511370e+03  9.801590e-03  2.664362e-01  6.174406e-01  2.263485e+00  1.344862e-01  1.443529e+00  1.186021e-01  4.774821e-01  9.219601e-02  3.790094e-01  8.510680e-03  6.549361e-02  0.000000e+00  3.051884e-03  0.000000e+00  2.964798e-01
8.427896e+03  2.358905e-02  1.649587e-01  3.396872e-01  2.887918e-01  2.817627e-02  1.613446e+00  3.563071e-01  9.818555e-01  1.072247e-01  7.771963e-02  1.965344e-01  1.617380e-01  0.000000e+00  1.866414e-03  0.000000e+00  3.754774e-02
9.456255e+03  0.000000e+00  4.950603e-02  3.185145e-01  8.415400e-01  3.675761e-02  1.158586e+00  2.304584e-04  3.653475e-01  1.610304e-01  8.975614e-02  4.042516e-01  1.989699e-01  0.000000e+00  8.531353e-02  0.000000e+00  4.318821e-03
1.061009e+04  0.000000e+00  2.346127e-01  1.750440e-01  4.625418e-01  1.039311e-02  6.685283e-01  4.538813e-02  2.557028e-01  4.167290e-03  1.631165e-01  1.132703e-01  1.433262e-01  0.000000e+00  1.326086e-04  0.000000e+00  7.497126e-02
1.190472e+04  0.000000e+00  7.403281e-04  6.771337e-04  2.403267e-01  0.000000e+00  1.868526e-01  7.630463e-05  9.247698e-03  2.363751e-04  1.286104e-01  5.615468e-01  9.334561e-02  0.000000e+00  1.293353e-02  0.000000e+00  2.355055e-02
1.335731e+04  0.000000e+00  2.880759e-02  1.730241e-01  2.680872e-01  0.000000e+00  3.305207e-01  2.527047e-04  3.279007e-02  2.962346e-03  9.087474e-02  4.308359e-02  1.259729e-02  0.000000e+00  0.000000e+00  0.000000e+00  2.657169e-02
1.498715e+04  0.000000e+00  4.626808e-02  1.243731e-03  1.181444e-02  0.000000e+00  9.567442e-02  0.000000e+00  1.963210e-01  3.668701e-03  1.361387e-02  2.908188e-04  2.177964e-01  0.000000e+00  2.392891e-04  0.000000e+00  7.678220e-02
1.681586e+04  0.000000e+00  2.951646e-03  8.367038e-05  7.069185e-03  0.000000e+00  1.848726e-01  5.401954e-05  9.857307e-03  0.000000e+00  1.108477e-03  7.346922e-04  6.801044e-04  0.000000e+00  3.455467e-02  0.000000e+00  5.168496e-02
1.886771e+04  0.000000e+00  6.335116e-03  0.000000e+00  2.894018e-02  0.000000e+00  1.285643e-01  0.000000e+00  8.093338e-02  0.000000e+00  0.000000e+00  2.135072e-02  2.977563e-02  0.000000e+00  6.232213e-02  0.000000e+00  3.311969e-02
2.116992e+04  0.000000e+00  4.290925e-05  0.000000e+00  1.685538e-02  0.000000e+00  2.023552e-04  0.000000e+00  9.390969e-03  0.000000e+00  0.000000e+00  0.000000e+00  2.559060e-02  0.000000e+00  1.118288e-01  0.000000e+00  9.390969e-03
2.375304e+04  0.000000e+00  0.000000e+00  0.000000e+00  3.824291e-05  0.000000e+00  1.013942e-02  3.393707e-04  1.627606e-03  0.000000e+00  2.314794e-03  1.107998e-02  1.184682e-04  0.000000e+00  0.000000e+00  0.000000e+00  3.673630e-02
2.665135e+04  0.000000e+00  3.024645e-04  0.000000e+00  2.603716e-02  0.000000e+00  0.000000e+00  0.000000e+00  0.000000e+00  0.000000e+00  1.961302e-04  0.000000e+00  0.000000e+00  0.000000e+00  0.000000e+00  0.000000e+00  3.024645e-04
2.990330e+04  0.000000e+00  0.000000e+00  0.000000e+00  2.574465e-03  0.000000e+00  0.000000e+00  0.000000e+00  0.000000e+00  0.000000e+00  0.000000e+00  0.000000e+00  3.867319e-03  0.000000e+00  1.009399e-02  0.000000e+00  5.032651e-03
3.355206e+04  0.000000e+00  0.000000e+00  0.000000e+00  0.000000e+00  0.000000e+00  0.000000e+00  0.000000e+00  0.000000e+00  0.000000e+00  0.000000e+00  0.000000e+00  6.495200e-05  0.000000e+00  5.564283e-02  0.000000e+00  3.115836e-04
3.764603e+04  0.000000e+00  0.000000e+00  0.000000e+00  4.951383e-04  0.000000e+00  0.000000e+00  0.000000e+00  0.000000e+00  0.000000e+00  0.000000e+00  0.000000e+00  2.044970e-03  0.000000e+00  4.951383e-04  0.000000e+00  2.412964e-05
4.223954e+04  0.000000e+00  0.000000e+00  0.000000e+00  2.924862e-04  0.000000e+00  0.000000e+00  0.000000e+00  2.216592e-02  0.000000e+00  0.000000e+00  0.000000e+00  2.297184e-03  0.000000e+00  0.000000e+00  0.000000e+00  0.000000e+00
4.739354e+04  0.000000e+00  0.000000e+00  0.000000e+00  0.000000e+00  0.000000e+00  0.000000e+00  0.000000e+00  1.916686e-05  0.000000e+00  0.000000e+00  0.000000e+00  2.798455e-04  0.000000e+00  1.624378e-03  0.000000e+00  0.000000e+00
5.317643e+04  0.000000e+00  0.000000e+00  0.000000e+00  0.000000e+00  0.000000e+00  0.000000e+00  0.000000e+00  0.000000e+00  0.000000e+00  0.000000e+00  0.000000e+00  0.000000e+00  0.000000e+00  0.000000e+00  0.000000e+00  0.000000e+00
5.966493e+04  0.000000e+00  0.000000e+00  0.000000e+00  0.000000e+00  0.000000e+00  0.000000e+00  0.000000e+00  0.000000e+00  0.000000e+00  0.000000e+00  0.000000e+00  0.000000e+00  0.000000e+00  0.000000e+00  0.000000e+00  0.000000e+00
6.694516e+04  0.000000e+00  0.000000e+00  0.000000e+00  0.000000e+00  0.000000e+00  0.000000e+00  0.000000e+00  0.000000e+00  0.000000e+00  0.000000e+00  0.000000e+00  0.000000e+00  0.000000e+00  0.000000e+00  0.000000e+00  5.910656e-04
7.511370e+04  0.000000e+00  0.000000e+00  0.000000e+00  0.000000e+00  0.000000e+00  0.000000e+00  0.000000e+00  0.000000e+00  0.000000e+00  0.000000e+00  0.000000e+00  0.000000e+00  0.000000e+00  0.000000e+00  0.000000e+00  9.219601e-03
8.427896e+04  0.000000e+00  0.000000e+00  0.000000e+00  0.000000e+00  0.000000e+00  0.000000e+00  0.000000e+00  0.000000e+00  0.000000e+00  0.000000e+00  0.000000e+00  0.000000e+00  0.000000e+00  0.000000e+00  0.000000e+00  0.000000e+00
9.456255e+04  0.000000e+00  0.000000e+00  0.000000e+00  0.000000e+00  0.000000e+00  0.000000e+00  0.000000e+00  0.000000e+00  0.000000e+00  0.000000e+00  0.000000e+00  0.000000e+00  0.000000e+00  0.000000e+00  0.000000e+00  0.000000e+00
1.061009e+05  0.000000e+00  0.000000e+00  0.000000e+00  0.000000e+00  0.000000e+00  0.000000e+00  0.000000e+00  0.000000e+00  0.000000e+00  0.000000e+00  0.000000e+00  0.000000e+00  0.000000e+00  0.000000e+00  0.000000e+00  0.000000e+00
1.190472e+05  0.000000e+00  0.000000e+00  0.000000e+00  0.000000e+00  0.000000e+00  0.000000e+00  0.000000e+00  0.000000e+00  0.000000e+00  0.000000e+00  0.000000e+00  0.000000e+00  0.000000e+00  0.000000e+00  0.000000e+00  0.000000e+00
1.335731e+05  0.000000e+00  0.000000e+00  0.000000e+00  0.000000e+00  0.000000e+00  0.000000e+00  0.000000e+00  0.000000e+00  0.000000e+00  0.000000e+00  0.000000e+00  0.000000e+00  0.000000e+00  0.000000e+00  0.000000e+00  0.000000e+00
1.498715e+05  0.000000e+00  0.000000e+00  0.000000e+00  0.000000e+00  0.000000e+00  0.000000e+00  0.000000e+00  0.000000e+00  0.000000e+00  0.000000e+00  0.000000e+00  0.000000e+00  0.000000e+00  0.000000e+00  0.000000e+00  0.000000e+00
1.681586e+05  0.000000e+00  0.000000e+00  0.000000e+00  0.000000e+00  0.000000e+00  0.000000e+00  0.000000e+00  0.000000e+00  0.000000e+00  0.000000e+00  0.000000e+00  0.000000e+00  0.000000e+00  0.000000e+00  0.000000e+00  0.000000e+00
1.886771e+05  0.000000e+00  0.000000e+00  0.000000e+00  0.000000e+00  0.000000e+00  0.000000e+00  0.000000e+00  0.000000e+00  0.000000e+00  0.000000e+00  0.000000e+00  0.000000e+00  0.000000e+00  0.000000e+00  0.000000e+00  0.000000e+00
2.116992e+05  0.000000e+00  0.000000e+00  0.000000e+00  0.000000e+00  0.000000e+00  0.000000e+00  0.000000e+00  0.000000e+00  0.000000e+00  0.000000e+00  0.000000e+00  0.000000e+00  0.000000e+00  0.000000e+00  0.000000e+00  0.000000e+00
2.375304e+05  0.000000e+00  0.000000e+00  0.000000e+00  0.000000e+00  0.000000e+00  0.000000e+00  0.000000e+00  0.000000e+00  0.000000e+00  0.000000e+00  0.000000e+00  0.000000e+00  0.000000e+00  0.000000e+00  0.000000e+00  0.000000e+00
2.665135e+05  0.000000e+00  0.000000e+00  0.000000e+00  0.000000e+00  0.000000e+00  0.000000e+00  0.000000e+00  0.000000e+00  0.000000e+00  0.000000e+00  0.000000e+00  0.000000e+00  0.000000e+00  0.000000e+00  0.000000e+00  0.000000e+00
2.990330e+05  0.000000e+00  0.000000e+00  0.000000e+00  0.000000e+00  0.000000e+00  0.000000e+00  0.000000e+00  0.000000e+00  0.000000e+00  0.000000e+00  0.000000e+00  0.000000e+00  0.000000e+00  0.000000e+00  0.000000e+00  0.000000e+00
3.355206e+05  0.000000e+00  0.000000e+00  0.000000e+00  0.000000e+00  0.000000e+00  0.000000e+00  0.000000e+00  0.000000e+00  0.000000e+00  0.000000e+00  0.000000e+00  0.000000e+00  0.000000e+00  0.000000e+00  0.000000e+00  0.000000e+00
3.764603e+05  0.000000e+00  0.000000e+00  0.000000e+00  0.000000e+00  0.000000e+00  0.000000e+00  0.000000e+00  0.000000e+00  0.000000e+00  0.000000e+00  0.000000e+00  0.000000e+00  0.000000e+00  0.000000e+00  0.000000e+00  0.000000e+00
4.223954e+05  0.000000e+00  0.000000e+00  0.000000e+00  0.000000e+00  0.000000e+00  0.000000e+00  0.000000e+00  0.000000e+00  0.000000e+00  0.000000e+00  0.000000e+00  0.000000e+00  0.000000e+00  0.000000e+00  0.000000e+00  0.000000e+00
4.739354e+05  0.000000e+00  0.000000e+00  0.000000e+00  0.000000e+00  0.000000e+00  0.000000e+00  0.000000e+00  0.000000e+00  0.000000e+00  0.000000e+00  0.000000e+00  0.000000e+00  0.000000e+00  0.000000e+00  0.000000e+00  0.000000e+00
5.317643e+05  0.000000e+00  0.000000e+00  0.000000e+00  0.000000e+00  0.000000e+00  0.000000e+00  0.000000e+00  0.000000e+00  0.000000e+00  0.000000e+00  0.000000e+00  0.000000e+00  0.000000e+00  0.000000e+00  0.000000e+00  0.000000e+00
5.966493e+05  0.000000e+00  0.000000e+00  0.000000e+00  0.000000e+00  0.000000e+00  0.000000e+00  0.000000e+00  0.000000e+00  0.000000e+00  0.000000e+00  0.000000e+00  0.000000e+00  0.000000e+00  0.000000e+00  0.000000e+00  0.000000e+00
6.694516e+05  0.000000e+00  0.000000e+00  0.000000e+00  0.000000e+00  0.000000e+00  0.000000e+00  0.000000e+00  0.000000e+00  0.000000e+00  0.000000e+00  0.000000e+00  0.000000e+00  0.000000e+00  0.000000e+00  0.000000e+00  0.000000e+00
7.511370e+05  0.000000e+00  0.000000e+00  0.000000e+00  0.000000e+00  0.000000e+00  0.000000e+00  0.000000e+00  0.000000e+00  0.000000e+00  0.000000e+00  0.000000e+00  0.000000e+00  0.000000e+00  0.000000e+00  0.000000e+00  0.000000e+00
8.427896e+05  0.000000e+00  0.000000e+00  0.000000e+00  0.000000e+00  0.000000e+00  0.000000e+00  0.000000e+00  0.000000e+00  0.000000e+00  0.000000e+00  0.000000e+00  0.000000e+00  0.000000e+00  0.000000e+00  0.000000e+00  0.000000e+00
9.456255e+05  0.000000e+00  0.000000e+00  0.000000e+00  0.000000e+00  0.000000e+00  0.000000e+00  0.000000e+00  0.000000e+00  0.000000e+00  0.000000e+00  0.000000e+00  0.000000e+00  0.000000e+00  0.000000e+00  0.000000e+00  0.000000e+00
