# dR/dEr [1/keV/kg/Myr]
# Er [keV], S, F, Ne, Cl, Na, Si, O, P, N, C, Al, Mg, Be, B, Ar, Li
1.061009e+01  2.633017e+02  1.916354e+02  0.000000e+00  0.000000e+00  6.169030e+01  0.000000e+00  1.851401e+01  0.000000e+00  0.000000e+00  0.000000e+00  0.000000e+00  0.000000e+00  2.345611e-01  0.000000e+00  0.000000e+00  0.000000e+00
1.190472e+01  1.011152e+02  1.591662e+01  0.000000e+00  0.000000e+00  3.195263e+01  0.000000e+00  0.000000e+00  0.000000e+00  0.000000e+00  0.000000e+00  0.000000e+00  0.000000e+00  0.000000e+00  0.000000e+00  0.000000e+00  0.000000e+00
1.335731e+01  1.436925e+02  2.993696e+01  0.000000e+00  0.000000e+00  0.000000e+00  0.000000e+00  0.000000e+00  0.000000e+00  0.000000e+00  0.000000e+00  0.000000e+00  0.000000e+00  0.000000e+00  0.000000e+00  0.000000e+00  0.000000e+00
1.498715e+01  3.735610e+01  3.484274e+01  0.000000e+00  0.000000e+00  1.527368e+01  0.000000e+00  6.395641e+00  0.000000e+00  0.000000e+00  0.000000e+00  0.000000e+00  0.000000e+00  0.000000e+00  0.000000e+00  0.000000e+00  0.000000e+00
1.681586e+01  9.210412e+01  3.391264e+01  1.343300e+01  0.000000e+00  2.564100e+01  5.700121e+00  0.000000e+00  0.000000e+00  0.000000e+00  0.000000e+00  0.000000e+00  0.000000e+00  0.000000e+00  0.000000e+00  0.000000e+00  0.000000e+00
1.886771e+01  6.338419e+01  4.187179e+01  0.000000e+00  0.000000e+00  1.197217e+01  0.000000e+00  0.000000e+00  0.000000e+00  0.000000e+00  0.000000e+00  0.000000e+00  0.000000e+00  0.000000e+00  0.000000e+00  0.000000e+00  0.000000e+00
2.116992e+01  6.328958e+01  4.794101e+01  0.000000e+00  0.000000e+00  1.286261e+01  0.000000e+00  5.727898e+00  0.000000e+00  0.000000e+00  0.000000e+00  1.318438e+00  0.000000e+00  0.000000e+00  0.000000e+00  0.000000e+00  0.000000e+00
2.375304e+01  1.165672e+02  2.307323e+01  9.078496e+00  0.000000e+00  2.497666e+01  0.000000e+00  9.509832e+00  0.000000e+00  0.000000e+00  0.000000e+00  0.000000e+00  0.000000e+00  0.000000e+00  0.000000e+00  0.000000e+00  0.000000e+00
2.665135e+01  1.006319e+02  3.913717e+01  4.549831e+00  1.133745e-01  7.358175e+00  0.000000e+00  0.000000e+00  4.850267e+00  0.000000e+00  0.000000e+00  0.000000e+00  0.000000e+00  0.000000e+00  0.000000e+00  0.000000e+00  0.000000e+00
2.990330e+01  1.121782e+02  5.056849e+01  5.708353e+00  0.000000e+00  4.454264e+00  0.000000e+00  7.260455e+00  0.000000e+00  0.000000e+00  0.000000e+00  3.457398e-01  0.000000e+00  2.239225e+00  0.000000e+00  0.000000e+00  0.000000e+00
3.355206e+01  1.436391e+02  3.636898e+01  5.492416e+00  0.000000e+00  1.172982e+01  0.000000e+00  1.092315e+01  0.000000e+00  0.000000e+00  0.000000e+00  2.019543e+00  0.000000e+00  1.990802e+00  0.000000e+00  0.000000e+00  0.000000e+00
3.764603e+01  1.577057e+02  2.465219e+01  1.364604e-02  3.221034e+00  1.455266e+01  0.000000e+00  1.229965e-01  0.000000e+00  0.000000e+00  0.000000e+00  0.000000e+00  0.000000e+00  2.124022e-02  0.000000e+00  0.000000e+00  0.000000e+00
4.223954e+01  1.468506e+02  7.425179e+01  9.100861e-01  0.000000e+00  3.277678e+01  0.000000e+00  4.557449e+00  0.000000e+00  0.000000e+00  0.000000e+00  5.809665e-01  0.000000e+00  1.514870e+01  0.000000e+00  0.000000e+00  0.000000e+00
4.739354e+01  2.060732e+02  7.992575e+01  2.558558e+00  6.446891e+00  9.854231e+00  0.000000e+00  9.254397e+00  0.000000e+00  0.000000e+00  0.000000e+00  0.000000e+00  0.000000e+00  5.872887e+00  0.000000e+00  0.000000e+00  0.000000e+00
5.317643e+01  1.796333e+02  4.631606e+01  6.363171e+00  0.000000e+00  2.289606e+01  0.000000e+00  1.233131e+01  0.000000e+00  0.000000e+00  0.000000e+00  5.248795e-01  0.000000e+00  0.000000e+00  0.000000e+00  0.000000e+00  0.000000e+00
5.966493e+01  2.408286e+02  8.488058e+01  7.072709e+00  3.638847e+00  1.452567e+01  0.000000e+00  1.073676e+01  0.000000e+00  0.000000e+00  0.000000e+00  8.619668e-01  0.000000e+00  2.376093e-01  0.000000e+00  0.000000e+00  0.000000e+00
6.694516e+01  2.611487e+02  7.138595e+01  1.178881e+01  0.000000e+00  3.227926e+01  0.000000e+00  3.419351e+00  0.000000e+00  2.973991e-01  0.000000e+00  2.721816e+00  0.000000e+00  4.156922e+01  0.000000e+00  0.000000e+00  0.000000e+00
7.511370e+01  2.736075e+02  9.548936e+01  9.444689e+00  3.729470e+00  1.900728e+01  0.000000e+00  8.531920e+00  0.000000e+00  0.000000e+00  0.000000e+00  5.117790e-01  0.000000e+00  1.269779e+04  0.000000e+00  0.000000e+00  0.000000e+00
8.427896e+01  3.480790e+02  1.103738e+02  6.513800e+00  8.687355e+00  2.735072e+01  0.000000e+00  1.427681e+01  0.000000e+00  0.000000e+00  0.000000e+00  0.000000e+00  0.000000e+00  1.545007e+04  0.000000e+00  0.000000e+00  0.000000e+00
9.456255e+01  3.473170e+02  8.584332e+01  8.188716e+00  4.476843e+00  2.358114e+01  0.000000e+00  4.346000e+00  0.000000e+00  2.127848e-01  0.000000e+00  2.242340e-03  0.000000e+00  1.168096e+04  0.000000e+00  0.000000e+00  0.000000e+00
1.061009e+02  4.101894e+02  1.123054e+02  6.767696e+00  1.610831e+00  3.404867e+01  0.000000e+00  7.650690e+00  0.000000e+00  0.000000e+00  4.847196e-01  3.075654e+00  0.000000e+00  8.966802e+03  0.000000e+00  0.000000e+00  0.000000e+00
1.190472e+02  4.401787e+02  1.425630e+02  1.492904e+01  2.326226e+00  3.019801e+01  0.000000e+00  4.341774e+00  0.000000e+00  8.051635e-01  1.530589e+00  7.944459e+03  0.000000e+00  6.563354e+03  0.000000e+00  2.372274e-01  0.000000e+00
1.335731e+02  4.963818e+02  1.561736e+02  1.038986e+01  3.845976e-03  3.824515e+01  0.000000e+00  5.581391e+00  0.000000e+00  0.000000e+00  0.000000e+00  6.601990e+03  0.000000e+00  4.817019e+03  0.000000e+00  0.000000e+00  0.000000e+00
1.498715e+02  1.218834e+03  1.798065e+02  8.117068e+00  2.463912e+00  2.302681e+01  0.000000e+00  9.086984e+00  0.000000e+00  1.310024e+00  8.708159e-01  4.940162e+03  0.000000e+00  3.605039e+03  0.000000e+00  0.000000e+00  0.000000e+00
1.681586e+02  1.755302e+03  1.811151e+02  1.031867e+01  2.564100e+00  1.924960e+01  1.260961e-03  1.200292e+01  0.000000e+00  6.422274e-01  0.000000e+00  3.649867e+03  0.000000e+00  2.638366e+03  0.000000e+00  0.000000e+00  0.000000e+00
1.886771e+02  1.019019e+03  2.153596e+02  7.555663e+00  2.593913e+00  4.163201e+01  1.150705e+00  1.110240e+01  8.005279e-01  8.005279e-01  0.000000e+00  2.738756e+03  0.000000e+00  1.951650e+03  0.000000e+00  0.000000e+00  0.000000e+00
2.116992e+02  4.429785e+02  2.666238e+02  9.799894e+00  6.041283e+00  1.711205e+01  7.134712e-01  9.929694e+00  0.000000e+00  0.000000e+00  1.001617e-03  2.146451e+03  0.000000e+00  1.295307e+03  0.000000e+00  2.426647e-03  0.000000e+00
2.375304e+02  3.201556e+02  1.383692e+03  1.532786e+01  5.378338e+00  2.547314e+01  3.151014e-01  1.053771e+01  1.289690e+00  0.000000e+00  4.035377e-01  1.597526e+03  0.000000e+00  9.429945e+02  0.000000e+00  1.064842e+00  0.000000e+00
2.665135e+02  2.630723e+02  1.152496e+03  1.576772e+01  3.587743e+00  3.636479e+01  6.914542e-01  8.192508e+00  0.000000e+00  5.667303e-01  4.005491e-01  1.175901e+03  0.000000e+00  6.712010e+02  0.000000e+00  0.000000e+00  0.000000e+00
2.990330e+02  1.595321e+02  1.737987e+02  8.650416e+00  3.152727e+00  2.853269e+01  3.285605e-02  1.535123e+01  1.103708e-03  2.673985e-03  6.728845e-02  8.888776e+02  0.000000e+00  5.032179e+02  0.000000e+00  0.000000e+00  0.000000e+00
3.355206e+02  1.394803e+02  1.541118e+02  1.011287e+01  4.143130e+00  3.015790e+01  4.501699e-01  1.127055e+01  4.461494e-01  3.614059e-01  5.520793e-01  6.601979e+02  4.225358e-02  3.417160e+02  0.000000e+00  0.000000e+00  5.789091e-03
3.764603e+02  9.319900e+01  1.145619e+02  1.254327e+01  3.313943e+00  3.397231e+01  1.414507e-01  8.059378e+00  0.000000e+00  4.895121e-01  0.000000e+00  4.386157e+02  0.000000e+00  2.505344e+02  0.000000e+00  0.000000e+00  0.000000e+00
4.223954e+02  6.009100e+01  9.487401e+01  8.066211e+00  3.819971e+00  2.868366e+01  2.878563e-01  1.164004e+01  8.415198e-01  3.583640e-01  4.325949e-01  3.363636e+02  0.000000e+00  1.379704e+02  0.000000e+00  1.216204e-03  0.000000e+00
4.739354e+02  4.690886e+01  7.677106e+01  1.139822e+01  6.833949e+00  2.422048e+01  3.643710e-01  1.061575e+01  7.249536e-01  2.727506e-01  0.000000e+00  2.061482e+02  0.000000e+00  9.243584e+01  2.727506e-01  0.000000e+00  0.000000e+00
5.317643e+02  3.607358e+01  4.996455e+01  1.180096e+01  3.216555e+00  2.601405e+01  8.098066e-01  9.623746e+00  9.273365e-01  8.959096e-01  3.422081e-01  1.701195e+02  0.000000e+00  7.265717e+01  3.987508e-04  4.756474e-01  0.000000e+00
5.966493e+02  3.216790e+01  4.304880e+01  1.204921e+01  5.411840e+00  2.543076e+01  7.077469e-01  9.288545e+00  9.251257e-01  5.113625e-01  1.122271e-01  1.241204e+02  0.000000e+00  4.824993e+01  0.000000e+00  1.340167e-03  0.000000e+00
6.694516e+02  2.448650e+01  3.613694e+01  1.480832e+01  8.078363e+00  2.430433e+01  7.473743e-01  1.192276e+01  7.154990e-01  6.126945e-01  1.729205e-01  8.639100e+01  0.000000e+00  2.666555e+01  0.000000e+00  0.000000e+00  0.000000e+00
7.511370e+02  1.989515e+01  2.810545e+01  1.029513e+01  6.543639e+00  1.628506e+01  2.175396e-01  8.875322e+00  8.765941e-01  5.716030e-01  1.185178e-01  5.489423e+01  0.000000e+00  1.864044e+01  0.000000e+00  0.000000e+00  0.000000e+00
8.427896e+02  1.235746e+01  2.311719e+01  8.727685e+00  7.423620e+00  1.787956e+01  5.256342e-01  1.010300e+01  3.625353e-01  1.564848e-01  2.404335e-01  2.943845e+01  0.000000e+00  9.157969e+00  0.000000e+00  2.393322e-01  0.000000e+00
9.456255e+02  1.198247e+01  1.932649e+01  1.164068e+01  4.791802e+00  1.497064e+01  6.265335e-01  1.036304e+01  1.063604e+00  0.000000e+00  4.786911e-01  2.389754e+01  3.195327e-03  7.275078e+00  0.000000e+00  0.000000e+00  0.000000e+00
1.061009e+03  1.098019e+01  1.355548e+01  1.088480e+01  7.451236e+00  1.193060e+01  8.226543e-01  9.734939e+00  7.906737e-01  1.049031e+00  1.027551e-01  1.733144e+01  0.000000e+00  2.563077e+00  2.161245e-02  1.336176e-02  0.000000e+00
1.190472e+03  7.307301e+00  1.173718e+01  9.985331e+00  7.546239e+00  9.107152e+00  7.592585e-01  5.863950e+00  9.414736e-01  4.193231e-01  2.467637e-01  1.051876e+01  0.000000e+00  3.096679e+00  0.000000e+00  0.000000e+00  0.000000e+00
1.335731e+03  7.220752e+00  1.021601e+01  8.143672e+00  5.803704e+00  7.458706e+00  3.564447e-01  7.747821e+00  3.835274e-01  7.070622e-01  1.230597e-01  5.241540e+00  0.000000e+00  9.692469e-01  1.510084e-01  0.000000e+00  0.000000e+00
1.498715e+03  4.571728e+00  7.612793e+00  6.703400e+00  6.162022e+00  5.112984e+00  1.068979e+00  6.700084e+00  1.211372e+00  9.959546e-01  1.999656e-01  3.246893e+00  3.089533e-03  1.654382e+00  0.000000e+00  0.000000e+00  7.089174e-03
1.681586e+03  1.881315e+00  7.080960e+00  5.156259e+00  5.373357e+00  5.994191e+00  5.914124e-01  5.156855e+00  7.748245e-01  6.970870e-01  4.017482e-01  3.009621e+00  0.000000e+00  1.011555e+00  9.520708e-02  0.000000e+00  1.155075e-03
1.886771e+03  2.519060e+00  4.335395e+00  5.240100e+00  6.983891e+00  4.781552e+00  6.271299e-01  4.591970e+00  7.914155e-01  5.595523e-01  3.978108e-01  1.553218e+00  9.975740e-02  9.767050e-02  7.026098e-02  6.595170e-04  0.000000e+00
2.116992e+03  2.023216e+00  4.496904e+00  3.442978e+00  4.219586e+00  1.956069e+00  5.587608e-01  3.399687e+00  7.041965e-01  1.736183e-01  3.140758e-01  7.112710e-01  4.853933e-02  2.766081e-01  2.426647e-04  0.000000e+00  2.426647e-04
2.375304e+03  7.869164e-01  2.666620e+00  3.051722e+00  5.975769e+00  1.933279e+00  9.080639e-01  3.073134e+00  6.644969e-01  4.219738e-01  1.044843e-01  9.267991e-01  1.389486e-04  0.000000e+00  1.175059e-02  0.000000e+00  2.174090e-02
2.665135e+03  8.632206e-01  1.883607e+00  2.438940e+00  4.938694e+00  9.425161e-01  6.211494e-01  1.924375e+00  1.127164e+00  2.499477e-01  4.974489e-01  4.612682e-01  1.448193e-01  9.105928e-02  2.512452e-02  0.000000e+00  7.010629e-02
2.990330e+03  1.757147e-01  1.335137e+00  1.537125e+00  3.765352e+00  8.155418e-01  7.725323e-01  1.363229e+00  7.245168e-01  1.874716e-01  1.572794e-01  3.683331e-01  2.244867e-02  0.000000e+00  2.265965e-02  0.000000e+00  9.690024e-02
3.355206e+03  1.771970e-01  1.546374e+00  1.398647e+00  3.870446e+00  2.668689e-01  7.875332e-01  8.878109e-01  4.706855e-01  1.783712e-01  1.971246e-01  7.272460e-02  7.882116e-02  6.666475e-02  3.081409e-03  0.000000e+00  2.163088e-04
3.764603e+03  6.681381e-02  5.847265e-01  9.932753e-01  2.392605e+00  2.249410e-01  5.880512e-01  5.203964e-01  3.520431e-01  1.034592e-01  2.016830e-01  1.447731e-01  8.761674e-03  5.632504e-05  5.841461e-02  0.000000e+00  4.715062e-02
4.223954e+03  6.044919e-03  4.584444e-01  3.563729e-01  1.929086e+00  8.512659e-02  3.079140e-01  4.744811e-01  3.997731e-01  1.574325e-01  1.298846e-01  1.192796e-01  1.934389e-02  0.000000e+00  6.077936e-02  0.000000e+00  2.637366e-02
4.739354e+03  8.111151e-03  2.949395e-01  5.064688e-01  1.752621e+00  1.025191e-01  3.528754e-01  1.057910e-01  2.746071e-01  6.567696e-02  8.012103e-02  8.394415e-02  3.513742e-02  2.625584e-04  1.550295e-03  0.000000e+00  7.458962e-03
5.317643e+03  5.235306e-02  2.590140e-01  3.000422e-01  1.087126e+00  8.267913e-03  2.469678e-01  3.462843e-02  4.893054e-01  1.731498e-01  1.024889e-01  2.881516e-02  5.298152e-02  0.000000e+00  3.684885e-02  0.000000e+00  6.435012e-02
5.966493e+03  1.467021e-02  1.142208e-01  1.322428e-01  6.059420e-01  4.306680e-02  3.220812e-01  3.064258e-02  1.780288e-01  6.792032e-02  1.449022e-01  1.646703e-03  5.487991e-03  0.000000e+00  8.828226e-03  0.000000e+00  1.843383e-02
6.694516e+03  4.930081e-05  7.708160e-02  1.065661e-01  4.321685e-01  6.483141e-03  4.469067e-01  7.780486e-03  1.041505e-01  7.406667e-02  1.215880e-01  5.538646e-02  8.675142e-02  0.000000e+00  6.081698e-03  0.000000e+00  2.901418e-04
7.511370e+03  2.503841e-03  5.958311e-02  1.117462e-01  2.730282e-01  2.816153e-02  2.127465e-01  2.882313e-02  7.615051e-02  2.120776e-02  6.935756e-02  2.110845e-03  1.656255e-02  0.000000e+00  7.511255e-04  0.000000e+00  6.301514e-02
8.427896e+03  6.102258e-03  4.101249e-02  5.675380e-02  5.359267e-02  7.268034e-03  2.681380e-01  5.633464e-02  1.944589e-01  2.536221e-02  1.937612e-02  4.324030e-02  3.725706e-02  0.000000e+00  4.533982e-04  0.000000e+00  9.612450e-03
9.456255e+03  0.000000e+00  1.213310e-02  5.752023e-02  1.455559e-01  9.187587e-03  1.790539e-01  5.432585e-05  6.361907e-02  3.711875e-02  2.111653e-02  7.686734e-02  4.589520e-02  0.000000e+00  1.995155e-02  0.000000e+00  1.093325e-03
1.061009e+04  0.000000e+00  4.488849e-02  2.363756e-02  8.592652e-02  2.679047e-03  1.186446e-01  1.158030e-02  4.810137e-02  1.049790e-03  3.039305e-02  2.817696e-02  3.218744e-02  0.000000e+00  3.110671e-05  0.000000e+00  1.748853e-02
1.190472e+04  0.000000e+00  1.754028e-04  1.631587e-04  4.360343e-02  0.000000e+00  3.613210e-02  1.781154e-05  2.321400e-03  5.544776e-05  3.006534e-02  8.300645e-02  1.813179e-02  0.000000e+00  3.344796e-03  0.000000e+00  6.056015e-03
1.335731e+04  0.000000e+00  7.446248e-03  2.857688e-02  5.565240e-02  0.000000e+00  4.354011e-02  5.986307e-05  8.248331e-03  7.514299e-04  2.239516e-02  1.094787e-02  3.240939e-03  0.000000e+00  0.000000e+00  0.000000e+00  6.748854e-03
1.498715e+04  0.000000e+00  1.064320e-02  3.089533e-04  3.022302e-03  0.000000e+00  1.994579e-02  0.000000e+00  3.232733e-02  9.459398e-04  3.514580e-03  6.855459e-05  2.919628e-02  0.000000e+00  5.629916e-05  0.000000e+00  1.652495e-02
1.681586e+04  0.000000e+00  7.303962e-04  1.962701e-05  1.811914e-03  0.000000e+00  3.706934e-02  1.260961e-05  2.539718e-03  0.000000e+00  2.753549e-04  1.796864e-04  1.630585e-04  0.000000e+00  8.753718e-03  0.000000e+00  1.217043e-02
1.886771e+04  0.000000e+00  1.624637e-03  0.000000e+00  6.904803e-03  0.000000e+00  2.410318e-02  0.000000e+00  1.771940e-02  0.000000e+00  0.000000e+00  5.517508e-03  7.114088e-03  0.000000e+00  1.348596e-02  0.000000e+00  8.533705e-03
2.116992e+04  0.000000e+00  1.001617e-05  0.000000e+00  4.296767e-03  0.000000e+00  4.778721e-05  0.000000e+00  2.429353e-03  0.000000e+00  0.000000e+00  0.000000e+00  6.106125e-03  0.000000e+00  2.175629e-02  0.000000e+00  2.429353e-03
2.375304e+04  0.000000e+00  0.000000e+00  0.000000e+00  8.926918e-06  0.000000e+00  2.612459e-03  8.177308e-05  4.136331e-04  0.000000e+00  5.968477e-04  2.819017e-03  2.778971e-05  0.000000e+00  0.000000e+00  0.000000e+00  8.655940e-03
2.665135e+04  0.000000e+00  7.288033e-05  0.000000e+00  5.989542e-03  0.000000e+00  0.000000e+00  0.000000e+00  0.000000e+00  0.000000e+00  4.669023e-05  0.000000e+00  0.000000e+00  0.000000e+00  0.000000e+00  0.000000e+00  7.288033e-05
2.990330e+04  0.000000e+00  0.000000e+00  0.000000e+00  6.657936e-04  0.000000e+00  0.000000e+00  0.000000e+00  0.000000e+00  0.000000e+00  0.000000e+00  0.000000e+00  9.943541e-04  0.000000e+00  2.567785e-03  0.000000e+00  1.303659e-03
3.355206e+04  0.000000e+00  0.000000e+00  0.000000e+00  0.000000e+00  0.000000e+00  0.000000e+00  0.000000e+00  0.000000e+00  0.000000e+00  0.000000e+00  0.000000e+00  1.531110e-05  0.000000e+00  7.538503e-03  0.000000e+00  7.417473e-05
3.764603e+04  0.000000e+00  0.000000e+00  0.000000e+00  1.229965e-04  0.000000e+00  0.000000e+00  0.000000e+00  0.000000e+00  0.000000e+00  0.000000e+00  0.000000e+00  5.288586e-04  0.000000e+00  1.229965e-04  0.000000e+00  5.632504e-06
4.223954e+04  0.000000e+00  0.000000e+00  0.000000e+00  7.153446e-05  0.000000e+00  0.000000e+00  0.000000e+00  4.974571e-03  0.000000e+00  0.000000e+00  0.000000e+00  5.887802e-04  0.000000e+00  0.000000e+00  0.000000e+00  0.000000e+00
4.739354e+04  0.000000e+00  0.000000e+00  0.000000e+00  0.000000e+00  0.000000e+00  0.000000e+00  0.000000e+00  4.474057e-06  0.000000e+00  0.000000e+00  0.000000e+00  6.822921e-05  0.000000e+00  4.200873e-04  0.000000e+00  0.000000e+00
5.317643e+04  0.000000e+00  0.000000e+00  0.000000e+00  0.000000e+00  0.000000e+00  0.000000e+00  0.000000e+00  0.000000e+00  0.000000e+00  0.000000e+00  0.000000e+00  0.000000e+00  0.000000e+00  0.000000e+00  0.000000e+00  0.000000e+00
5.966493e+04  0.000000e+00  0.000000e+00  0.000000e+00  0.000000e+00  0.000000e+00  0.000000e+00  0.000000e+00  0.000000e+00  0.000000e+00  0.000000e+00  0.000000e+00  0.000000e+00  0.000000e+00  0.000000e+00  0.000000e+00  0.000000e+00
6.694516e+04  0.000000e+00  0.000000e+00  0.000000e+00  0.000000e+00  0.000000e+00  0.000000e+00  0.000000e+00  0.000000e+00  0.000000e+00  0.000000e+00  0.000000e+00  0.000000e+00  0.000000e+00  0.000000e+00  0.000000e+00  1.499300e-04
7.511370e+04  0.000000e+00  0.000000e+00  0.000000e+00  0.000000e+00  0.000000e+00  0.000000e+00  0.000000e+00  0.000000e+00  0.000000e+00  0.000000e+00  0.000000e+00  0.000000e+00  0.000000e+00  0.000000e+00  0.000000e+00  2.120776e-03
8.427896e+04  0.000000e+00  0.000000e+00  0.000000e+00  0.000000e+00  0.000000e+00  0.000000e+00  0.000000e+00  0.000000e+00  0.000000e+00  0.000000e+00  0.000000e+00  0.000000e+00  0.000000e+00  0.000000e+00  0.000000e+00  0.000000e+00
9.456255e+04  0.000000e+00  0.000000e+00  0.000000e+00  0.000000e+00  0.000000e+00  0.000000e+00  0.000000e+00  0.000000e+00  0.000000e+00  0.000000e+00  0.000000e+00  0.000000e+00  0.000000e+00  0.000000e+00  0.000000e+00  0.000000e+00
1.061009e+05  0.000000e+00  0.000000e+00  0.000000e+00  0.000000e+00  0.000000e+00  0.000000e+00  0.000000e+00  0.000000e+00  0.000000e+00  0.000000e+00  0.000000e+00  0.000000e+00  0.000000e+00  0.000000e+00  0.000000e+00  0.000000e+00
1.190472e+05  0.000000e+00  0.000000e+00  0.000000e+00  0.000000e+00  0.000000e+00  0.000000e+00  0.000000e+00  0.000000e+00  0.000000e+00  0.000000e+00  0.000000e+00  0.000000e+00  0.000000e+00  0.000000e+00  0.000000e+00  0.000000e+00
1.335731e+05  0.000000e+00  0.000000e+00  0.000000e+00  0.000000e+00  0.000000e+00  0.000000e+00  0.000000e+00  0.000000e+00  0.000000e+00  0.000000e+00  0.000000e+00  0.000000e+00  0.000000e+00  0.000000e+00  0.000000e+00  0.000000e+00
1.498715e+05  0.000000e+00  0.000000e+00  0.000000e+00  0.000000e+00  0.000000e+00  0.000000e+00  0.000000e+00  0.000000e+00  0.000000e+00  0.000000e+00  0.000000e+00  0.000000e+00  0.000000e+00  0.000000e+00  0.000000e+00  0.000000e+00
1.681586e+05  0.000000e+00  0.000000e+00  0.000000e+00  0.000000e+00  0.000000e+00  0.000000e+00  0.000000e+00  0.000000e+00  0.000000e+00  0.000000e+00  0.000000e+00  0.000000e+00  0.000000e+00  0.000000e+00  0.000000e+00  0.000000e+00
1.886771e+05  0.000000e+00  0.000000e+00  0.000000e+00  0.000000e+00  0.000000e+00  0.000000e+00  0.000000e+00  0.000000e+00  0.000000e+00  0.000000e+00  0.000000e+00  0.000000e+00  0.000000e+00  0.000000e+00  0.000000e+00  0.000000e+00
2.116992e+05  0.000000e+00  0.000000e+00  0.000000e+00  0.000000e+00  0.000000e+00  0.000000e+00  0.000000e+00  0.000000e+00  0.000000e+00  0.000000e+00  0.000000e+00  0.000000e+00  0.000000e+00  0.000000e+00  0.000000e+00  0.000000e+00
2.375304e+05  0.000000e+00  0.000000e+00  0.000000e+00  0.000000e+00  0.000000e+00  0.000000e+00  0.000000e+00  0.000000e+00  0.000000e+00  0.000000e+00  0.000000e+00  0.000000e+00  0.000000e+00  0.000000e+00  0.000000e+00  0.000000e+00
2.665135e+05  0.000000e+00  0.000000e+00  0.000000e+00  0.000000e+00  0.000000e+00  0.000000e+00  0.000000e+00  0.000000e+00  0.000000e+00  0.000000e+00  0.000000e+00  0.000000e+00  0.000000e+00  0.000000e+00  0.000000e+00  0.000000e+00
2.990330e+05  0.000000e+00  0.000000e+00  0.000000e+00  0.000000e+00  0.000000e+00  0.000000e+00  0.000000e+00  0.000000e+00  0.000000e+00  0.000000e+00  0.000000e+00  0.000000e+00  0.000000e+00  0.000000e+00  0.000000e+00  0.000000e+00
3.355206e+05  0.000000e+00  0.000000e+00  0.000000e+00  0.000000e+00  0.000000e+00  0.000000e+00  0.000000e+00  0.000000e+00  0.000000e+00  0.000000e+00  0.000000e+00  0.000000e+00  0.000000e+00  0.000000e+00  0.000000e+00  0.000000e+00
3.764603e+05  0.000000e+00  0.000000e+00  0.000000e+00  0.000000e+00  0.000000e+00  0.000000e+00  0.000000e+00  0.000000e+00  0.000000e+00  0.000000e+00  0.000000e+00  0.000000e+00  0.000000e+00  0.000000e+00  0.000000e+00  0.000000e+00
4.223954e+05  0.000000e+00  0.000000e+00  0.000000e+00  0.000000e+00  0.000000e+00  0.000000e+00  0.000000e+00  0.000000e+00  0.000000e+00  0.000000e+00  0.000000e+00  0.000000e+00  0.000000e+00  0.000000e+00  0.000000e+00  0.000000e+00
4.739354e+05  0.000000e+00  0.000000e+00  0.000000e+00  0.000000e+00  0.000000e+00  0.000000e+00  0.000000e+00  0.000000e+00  0.000000e+00  0.000000e+00  0.000000e+00  0.000000e+00  0.000000e+00  0.000000e+00  0.000000e+00  0.000000e+00
5.317643e+05  0.000000e+00  0.000000e+00  0.000000e+00  0.000000e+00  0.000000e+00  0.000000e+00  0.000000e+00  0.000000e+00  0.000000e+00  0.000000e+00  0.000000e+00  0.000000e+00  0.000000e+00  0.000000e+00  0.000000e+00  0.000000e+00
5.966493e+05  0.000000e+00  0.000000e+00  0.000000e+00  0.000000e+00  0.000000e+00  0.000000e+00  0.000000e+00  0.000000e+00  0.000000e+00  0.000000e+00  0.000000e+00  0.000000e+00  0.000000e+00  0.000000e+00  0.000000e+00  0.000000e+00
6.694516e+05  0.000000e+00  0.000000e+00  0.000000e+00  0.000000e+00  0.000000e+00  0.000000e+00  0.000000e+00  0.000000e+00  0.000000e+00  0.000000e+00  0.000000e+00  0.000000e+00  0.000000e+00  0.000000e+00  0.000000e+00  0.000000e+00
7.511370e+05  0.000000e+00  0.000000e+00  0.000000e+00  0.000000e+00  0.000000e+00  0.000000e+00  0.000000e+00  0.000000e+00  0.000000e+00  0.000000e+00  0.000000e+00  0.000000e+00  0.000000e+00  0.000000e+00  0.000000e+00  0.000000e+00
8.427896e+05  0.000000e+00  0.000000e+00  0.000000e+00  0.000000e+00  0.000000e+00  0.000000e+00  0.000000e+00  0.000000e+00  0.000000e+00  0.000000e+00  0.000000e+00  0.000000e+00  0.000000e+00  0.000000e+00  0.000000e+00  0.000000e+00
9.456255e+05  0.000000e+00  0.000000e+00  0.000000e+00  0.000000e+00  0.000000e+00  0.000000e+00  0.000000e+00  0.000000e+00  0.000000e+00  0.000000e+00  0.000000e+00  0.000000e+00  0.000000e+00  0.000000e+00  0.000000e+00  0.000000e+00
