# dR/dEr [1/keV/kg/Myr]
# Er [keV], S, F, Ne, Cl, Na, Si, O, P, N, C, Al, Mg, Be, B, Ar, Li
1.061009e+01  2.088644e+01  1.569636e+01  0.000000e+00  0.000000e+00  5.663949e+00  0.000000e+00  1.405356e+00  0.000000e+00  0.000000e+00  0.000000e+00  0.000000e+00  0.000000e+00  4.661126e-02  0.000000e+00  0.000000e+00  0.000000e+00
1.190472e+01  7.844301e+00  1.560118e+00  0.000000e+00  0.000000e+00  2.496397e+00  0.000000e+00  0.000000e+00  0.000000e+00  0.000000e+00  0.000000e+00  0.000000e+00  0.000000e+00  0.000000e+00  0.000000e+00  0.000000e+00  0.000000e+00
1.335731e+01  1.139324e+01  2.341085e+00  0.000000e+00  0.000000e+00  0.000000e+00  0.000000e+00  0.000000e+00  0.000000e+00  0.000000e+00  0.000000e+00  0.000000e+00  0.000000e+00  0.000000e+00  0.000000e+00  0.000000e+00  0.000000e+00
1.498715e+01  2.894041e+00  3.090582e+00  0.000000e+00  0.000000e+00  1.199995e+00  0.000000e+00  4.812918e-01  0.000000e+00  0.000000e+00  0.000000e+00  0.000000e+00  0.000000e+00  0.000000e+00  0.000000e+00  0.000000e+00  0.000000e+00
1.681586e+01  7.151149e+00  3.228063e+00  1.034206e+00  0.000000e+00  2.017443e+00  4.289518e-01  0.000000e+00  0.000000e+00  0.000000e+00  0.000000e+00  0.000000e+00  0.000000e+00  0.000000e+00  0.000000e+00  0.000000e+00  0.000000e+00
1.886771e+01  4.898525e+00  3.691475e+00  0.000000e+00  0.000000e+00  9.217367e-01  0.000000e+00  0.000000e+00  0.000000e+00  0.000000e+00  0.000000e+00  0.000000e+00  0.000000e+00  0.000000e+00  0.000000e+00  0.000000e+00  0.000000e+00
2.116992e+01  4.961260e+00  4.087996e+00  0.000000e+00  0.000000e+00  9.980007e-01  0.000000e+00  4.388488e-01  0.000000e+00  0.000000e+00  0.000000e+00  2.365950e-01  0.000000e+00  0.000000e+00  0.000000e+00  0.000000e+00  0.000000e+00
2.375304e+01  9.161050e+00  1.799594e+00  1.046085e+00  0.000000e+00  2.275548e+00  0.000000e+00  7.321615e-01  0.000000e+00  0.000000e+00  0.000000e+00  0.000000e+00  0.000000e+00  0.000000e+00  0.000000e+00  0.000000e+00  0.000000e+00
2.665135e+01  7.971838e+00  3.715416e+00  3.485900e-01  2.226718e-02  5.569795e-01  0.000000e+00  0.000000e+00  6.940439e-01  0.000000e+00  0.000000e+00  0.000000e+00  0.000000e+00  0.000000e+00  0.000000e+00  0.000000e+00  0.000000e+00
2.990330e+01  9.028379e+00  4.110902e+00  4.269446e-01  0.000000e+00  5.346626e-01  0.000000e+00  5.518985e-01  0.000000e+00  0.000000e+00  0.000000e+00  6.600775e-02  0.000000e+00  3.693993e-01  0.000000e+00  0.000000e+00  0.000000e+00
3.355206e+01  1.151671e+01  3.065862e+00  4.433305e-01  0.000000e+00  9.065907e-01  0.000000e+00  1.143439e+00  0.000000e+00  0.000000e+00  0.000000e+00  3.339906e-01  0.000000e+00  3.597716e-01  0.000000e+00  0.000000e+00  0.000000e+00
3.764603e+01  1.285643e+01  2.267703e+00  2.742530e-03  2.467828e-01  1.493386e+00  0.000000e+00  2.401881e-02  0.000000e+00  0.000000e+00  0.000000e+00  0.000000e+00  0.000000e+00  4.245060e-03  0.000000e+00  0.000000e+00  0.000000e+00
4.223954e+01  1.165418e+01  5.871980e+00  1.594612e-01  0.000000e+00  2.764946e+00  0.000000e+00  3.453210e-01  0.000000e+00  0.000000e+00  0.000000e+00  1.089729e-01  0.000000e+00  1.921003e+00  0.000000e+00  0.000000e+00  0.000000e+00
4.739354e+01  1.624921e+01  6.398248e+00  1.960266e-01  5.098805e-01  7.627080e-01  0.000000e+00  7.063575e-01  0.000000e+00  0.000000e+00  0.000000e+00  0.000000e+00  0.000000e+00  6.760631e-01  0.000000e+00  0.000000e+00  0.000000e+00
5.317643e+01  1.429934e+01  3.599034e+00  4.850642e-01  0.000000e+00  1.914042e+00  0.000000e+00  9.389240e-01  0.000000e+00  0.000000e+00  0.000000e+00  9.419018e-02  0.000000e+00  0.000000e+00  0.000000e+00  0.000000e+00  0.000000e+00
5.966493e+01  1.903122e+01  6.772184e+00  5.402723e-01  2.766045e-01  1.326280e+00  0.000000e+00  9.957482e-01  0.000000e+00  0.000000e+00  0.000000e+00  1.469188e-01  0.000000e+00  4.471228e-02  0.000000e+00  0.000000e+00  0.000000e+00
6.694516e+01  2.075660e+01  5.685980e+00  9.059487e-01  0.000000e+00  2.621568e+00  0.000000e+00  2.686454e-01  0.000000e+00  5.525048e-02  0.000000e+00  3.508857e-01  0.000000e+00  4.798534e+00  0.000000e+00  0.000000e+00  0.000000e+00
7.511370e+01  2.177310e+01  7.882188e+00  8.367265e-01  2.940588e-01  1.608141e+00  0.000000e+00  6.773317e-01  0.000000e+00  0.000000e+00  0.000000e+00  8.967161e-02  0.000000e+00  1.415412e+03  0.000000e+00  0.000000e+00  0.000000e+00
8.427896e+01  2.769593e+01  8.749396e+00  5.069449e-01  7.076364e-01  2.234168e+00  0.000000e+00  1.244452e+00  0.000000e+00  0.000000e+00  0.000000e+00  0.000000e+00  0.000000e+00  1.723007e+03  0.000000e+00  0.000000e+00  0.000000e+00
9.456255e+01  2.743982e+01  6.782450e+00  7.302082e-01  3.486030e-01  2.012973e+00  0.000000e+00  3.429002e-01  0.000000e+00  3.957005e-02  0.000000e+00  4.557076e-04  0.000000e+00  1.308775e+03  0.000000e+00  0.000000e+00  0.000000e+00
1.061009e+02  3.219379e+01  8.962801e+00  5.503095e-01  1.207355e-01  2.797684e+00  0.000000e+00  5.833029e-01  0.000000e+00  0.000000e+00  8.261852e-02  3.248549e-01  0.000000e+00  9.950709e+02  0.000000e+00  0.000000e+00  0.000000e+00
1.190472e+02  3.464370e+01  1.139024e+01  1.191745e+00  1.850678e-01  2.651741e+00  0.000000e+00  3.924334e-01  0.000000e+00  6.059105e-02  1.973175e-01  8.783544e+02  0.000000e+00  7.315798e+02  0.000000e+00  4.263351e-02  0.000000e+00
1.335731e+02  3.896531e+01  1.225446e+01  8.797699e-01  7.729499e-04  3.097708e+00  0.000000e+00  4.680975e-01  0.000000e+00  0.000000e+00  0.000000e+00  7.352396e+02  0.000000e+00  5.386096e+02  0.000000e+00  0.000000e+00  0.000000e+00
1.498715e+02  9.521631e+01  1.424251e+01  6.285887e-01  1.973517e-01  1.811018e+00  0.000000e+00  8.635569e-01  0.000000e+00  1.022916e-01  1.250703e-01  5.496845e+02  0.000000e+00  4.027824e+02  0.000000e+00  0.000000e+00  0.000000e+00
1.681586e+02  1.368013e+02  1.443794e+01  8.562037e-01  2.017443e-01  1.577617e+00  2.562632e-04  1.041129e+00  0.000000e+00  9.660517e-02  0.000000e+00  4.086804e+02  0.000000e+00  2.964736e+02  0.000000e+00  0.000000e+00  0.000000e+00
1.886771e+02  7.976322e+01  1.695488e+01  6.326568e-01  1.994475e-01  3.397331e+00  8.747001e-02  1.003158e+00  6.273787e-02  6.273787e-02  0.000000e+00  3.034248e+02  0.000000e+00  2.169512e+02  0.000000e+00  0.000000e+00  0.000000e+00
2.116992e+02  3.479705e+01  2.115951e+01  8.048306e-01  5.080388e-01  1.449572e+00  5.591519e-02  7.930275e-01  0.000000e+00  0.000000e+00  2.035571e-04  2.402678e+02  0.000000e+00  1.462923e+02  0.000000e+00  4.876984e-04  0.000000e+00
2.375304e+02  2.526867e+01  1.077400e+02  1.220739e+00  4.223438e-01  2.102427e+00  2.338168e-02  9.052526e-01  1.024073e-01  0.000000e+00  3.036746e-02  1.791641e+02  0.000000e+00  1.070389e+02  0.000000e+00  9.340538e-02  0.000000e+00
2.665135e+02  2.080373e+01  8.993215e+01  1.239131e+00  3.383099e-01  3.033854e+00  5.581200e-02  6.938253e-01  0.000000e+00  4.441501e-02  6.002592e-02  1.310606e+02  0.000000e+00  7.434649e+01  0.000000e+00  0.000000e+00  0.000000e+00
2.990330e+02  1.276596e+01  1.369118e+01  6.865314e-01  2.482514e-01  2.322089e+00  6.255511e-03  1.325430e+00  2.230585e-04  5.344214e-04  1.251315e-02  9.891243e+01  0.000000e+00  5.561756e+01  0.000000e+00  0.000000e+00  0.000000e+00
3.355206e+02  1.127100e+01  1.228929e+01  8.038076e-01  3.368891e-01  2.453214e+00  3.528010e-02  9.638081e-01  3.310593e-02  2.768949e-02  7.177964e-02  7.400304e+01  7.951092e-03  3.894144e+01  0.000000e+00  0.000000e+00  1.141572e-03
3.764603e+02  7.503091e+00  9.147822e+00  1.031183e+00  3.351666e-01  2.747657e+00  2.595618e-02  6.735103e-01  0.000000e+00  3.951187e-02  0.000000e+00  4.818264e+01  0.000000e+00  2.833987e+01  0.000000e+00  0.000000e+00  0.000000e+00
4.223954e+02  4.848800e+00  7.705782e+00  6.472010e-01  3.228111e-01  2.347240e+00  2.215245e-02  9.387124e-01  7.770757e-02  2.818189e-02  5.585606e-02  3.721028e+01  0.000000e+00  1.517146e+01  0.000000e+00  2.444282e-04  0.000000e+00
4.739354e+02  3.913666e+00  6.312575e+00  9.124113e-01  5.341312e-01  2.018291e+00  3.809864e-02  9.247253e-01  7.708607e-02  3.902896e-02  0.000000e+00  2.330611e+01  0.000000e+00  1.023441e+01  3.902896e-02  0.000000e+00  0.000000e+00
5.317643e+02  3.068414e+00  4.127814e+00  9.764739e-01  2.650313e-01  2.086854e+00  6.272587e-02  7.683753e-01  8.677107e-02  8.495993e-02  3.279526e-02  1.931926e+01  0.000000e+00  7.964690e+00  8.103755e-05  4.172265e-02  0.000000e+00
5.966493e+02  2.739418e+00  3.652168e+00  1.003189e+00  4.818047e-01  2.023711e+00  7.298912e-02  7.892339e-01  8.190042e-02  4.067355e-02  1.851382e-02  1.370330e+01  0.000000e+00  5.391447e+00  0.000000e+00  2.678452e-04  0.000000e+00
6.694516e+02  2.118007e+00  3.079341e+00  1.211402e+00  6.808749e-01  1.958924e+00  7.136831e-02  9.661061e-01  5.818907e-02  4.819723e-02  1.629983e-02  9.574379e+00  0.000000e+00  3.162036e+00  0.000000e+00  0.000000e+00  0.000000e+00
7.511370e+02  1.720600e+00  2.401455e+00  8.229300e-01  5.505439e-01  1.301968e+00  1.829808e-02  7.156530e-01  6.971556e-02  5.628127e-02  1.094556e-02  6.313430e+00  0.000000e+00  2.113753e+00  0.000000e+00  0.000000e+00  0.000000e+00
8.427896e+02  1.074403e+00  2.014717e+00  7.205685e-01  5.917348e-01  1.466227e+00  4.021721e-02  8.206561e-01  2.867269e-02  1.343254e-02  3.827240e-02  3.309970e+00  0.000000e+00  1.053337e+00  0.000000e+00  2.910971e-02  0.000000e+00
9.456255e+02  1.065314e+00  1.626951e+00  9.644027e-01  4.127746e-01  1.206836e+00  5.974306e-02  8.542892e-01  8.351571e-02  0.000000e+00  4.291573e-02  2.783536e+00  6.275745e-04  8.146803e-01  0.000000e+00  0.000000e+00  0.000000e+00
1.061009e+03  9.715632e-01  1.154060e+00  9.118661e-01  6.168256e-01  9.805183e-01  7.118205e-02  7.799348e-01  6.315759e-02  1.011962e-01  1.550169e-02  1.952737e+00  0.000000e+00  3.189948e-01  4.045396e-03  2.514356e-03  0.000000e+00
1.190472e+03  6.495034e-01  9.906095e-01  8.302454e-01  6.232305e-01  7.094839e-01  7.376628e-02  4.854288e-01  7.810950e-02  3.400947e-02  4.015888e-02  1.174858e+00  0.000000e+00  3.429405e-01  0.000000e+00  0.000000e+00  0.000000e+00
1.335731e+03  6.518492e-01  8.882424e-01  6.818537e-01  4.693891e-01  5.920038e-01  3.440225e-02  6.177573e-01  3.580963e-02  6.254128e-02  1.285688e-02  5.835589e-01  0.000000e+00  1.218129e-01  1.836699e-02  0.000000e+00  0.000000e+00
1.498715e+03  4.087668e-01  6.547851e-01  5.458645e-01  5.201881e-01  4.175484e-01  1.048010e-01  5.547867e-01  1.099403e-01  9.581989e-02  2.333631e-02  3.369881e-01  6.033253e-04  1.833616e-01  0.000000e+00  0.000000e+00  1.354770e-03
1.681586e+03  1.792810e-01  6.411052e-01  4.356426e-01  4.475920e-01  5.064755e-01  5.123626e-02  4.097400e-01  7.172435e-02  6.724173e-02  4.797716e-02  3.518701e-01  0.000000e+00  9.732681e-02  1.297524e-02  0.000000e+00  2.277736e-04
1.886771e+03  2.476315e-01  3.959898e-01  4.492787e-01  5.626862e-01  4.058605e-01  6.043866e-02  3.621579e-01  7.350466e-02  5.157667e-02  4.528094e-02  1.781083e-01  1.077855e-02  7.883655e-03  1.191449e-02  1.310572e-04  0.000000e+00
2.116992e+03  1.821854e-01  4.129941e-01  2.902360e-01  3.414336e-01  1.659729e-01  5.487279e-02  2.786105e-01  6.415461e-02  1.613583e-02  3.319877e-02  9.065821e-02  4.989418e-03  3.390259e-02  4.876984e-05  0.000000e+00  4.876984e-05
2.375304e+03  7.674474e-02  2.373991e-01  2.693861e-01  5.011867e-01  1.737420e-01  9.341896e-02  2.535570e-01  5.843281e-02  3.517365e-02  1.098307e-02  1.028922e-01  2.808140e-05  0.000000e+00  2.108656e-03  0.000000e+00  3.708576e-03
2.665135e+03  8.585916e-02  1.814023e-01  2.124554e-01  4.303615e-01  8.361992e-02  5.503225e-02  1.586131e-01  1.021606e-01  2.500713e-02  5.161695e-02  5.831897e-02  1.817189e-02  9.941248e-03  4.144729e-03  0.000000e+00  9.153124e-03
2.990330e+03  2.160095e-02  1.307774e-01  1.394990e-01  3.289243e-01  7.174271e-02  7.369002e-02  1.142248e-01  6.012285e-02  2.557409e-02  2.256553e-02  4.843623e-02  3.942037e-03  0.000000e+00  3.747436e-03  0.000000e+00  1.325861e-02
3.355206e+03  2.117731e-02  1.532133e-01  1.431719e-01  3.378540e-01  2.800596e-02  7.124331e-02  6.959146e-02  4.021670e-02  1.885790e-02  2.196305e-02  1.127017e-02  8.961604e-03  7.276268e-03  5.882947e-04  0.000000e+00  4.361527e-05
3.764603e+03  7.090819e-03  5.763670e-02  1.013759e-01  2.070806e-01  2.483365e-02  6.094452e-02  4.356099e-02  3.091598e-02  1.268238e-02  2.539894e-02  1.992507e-02  1.657472e-03  1.144686e-05  6.823672e-03  0.000000e+00  7.702637e-03
4.223954e+03  1.138418e-03  4.184365e-02  4.064616e-02  1.638301e-01  1.147654e-02  2.942661e-02  3.805800e-02  3.769206e-02  1.937387e-02  1.731138e-02  1.580044e-02  3.296430e-03  0.000000e+00  7.204040e-03  0.000000e+00  4.543450e-03
4.739354e+03  1.421199e-03  3.134632e-02  5.174981e-02  1.539771e-01  1.191669e-02  3.308058e-02  1.047960e-02  2.861762e-02  8.717779e-03  1.143256e-02  1.197768e-02  4.864720e-03  5.217480e-05  2.996344e-04  0.000000e+00  1.415579e-03
5.317643e+03  5.786397e-03  2.997260e-02  3.473358e-02  9.530864e-02  1.523821e-03  2.506859e-02  4.490038e-03  4.926250e-02  1.890794e-02  1.420411e-02  5.091682e-03  6.196095e-03  0.000000e+00  5.699550e-03  0.000000e+00  6.929552e-03
5.966493e+03  2.493662e-03  1.359014e-02  1.857209e-02  5.962095e-02  4.730272e-03  3.165905e-02  4.039439e-03  2.253656e-02  8.183066e-03  1.657041e-02  3.135182e-04  9.997263e-04  0.000000e+00  1.510632e-03  0.000000e+00  2.787946e-03
6.694516e+03  9.963658e-06  9.736753e-03  1.360012e-02  4.487750e-02  1.185972e-03  4.623021e-02  1.426268e-03  1.176643e-02  1.019457e-02  1.441095e-02  8.420813e-03  9.210326e-03  0.000000e+00  1.073310e-03  0.000000e+00  5.721413e-05
7.511370e+03  4.755415e-04  8.265017e-03  1.290510e-02  2.383679e-02  3.515200e-03  2.341036e-02  4.296937e-03  9.656598e-03  2.883518e-03  8.081559e-03  4.084201e-04  2.697421e-03  0.000000e+00  1.473919e-04  0.000000e+00  8.596033e-03
8.427896e+03  1.040106e-03  6.564124e-03  6.375775e-03  7.543307e-03  1.262059e-03  3.142165e-02  5.725991e-03  2.507295e-02  3.680458e-03  3.104150e-03  5.574368e-03  5.254707e-03  0.000000e+00  8.937701e-05  0.000000e+00  1.713840e-03
9.456255e+03  0.000000e+00  1.857192e-03  6.738574e-03  1.743959e-02  1.449447e-03  2.008866e-02  1.091821e-05  8.314031e-03  5.175670e-03  3.043251e-03  9.184924e-03  6.573139e-03  0.000000e+00  2.850836e-03  0.000000e+00  2.087348e-04
1.061009e+04  0.000000e+00  5.283000e-03  2.274099e-03  1.053412e-02  4.818000e-04  1.460978e-02  2.012018e-03  5.691906e-03  2.010971e-04  4.097922e-03  4.412882e-03  4.255313e-03  0.000000e+00  6.286643e-06  0.000000e+00  2.507855e-03
1.190472e+04  0.000000e+00  3.504678e-05  3.217387e-05  5.641701e-03  0.000000e+00  4.745246e-03  3.619815e-06  4.461366e-04  1.120595e-05  4.346890e-03  7.957547e-03  2.090833e-03  0.000000e+00  6.213925e-04  0.000000e+00  1.102440e-03
1.335731e+04  0.000000e+00  1.311375e-03  3.156200e-03  7.165360e-03  0.000000e+00  4.201351e-03  1.196420e-05  1.352220e-03  1.432696e-04  3.402967e-03  1.831032e-03  5.761126e-04  0.000000e+00  0.000000e+00  0.000000e+00  1.159280e-03
1.498715e+04  0.000000e+00  1.448058e-03  6.033253e-05  5.566413e-04  0.000000e+00  2.629589e-03  0.000000e+00  3.526916e-03  1.780028e-04  6.013934e-04  1.377785e-05  2.587079e-03  0.000000e+00  1.133953e-05  0.000000e+00  2.213733e-03
1.681586e+04  0.000000e+00  1.428340e-04  3.966604e-06  3.282036e-04  0.000000e+00  4.665918e-03  2.562632e-06  4.505443e-04  0.000000e+00  5.377143e-05  3.529111e-05  3.228086e-05  0.000000e+00  1.458996e-03  0.000000e+00  1.769646e-03
1.886771e+04  0.000000e+00  2.942343e-04  0.000000e+00  9.911170e-04  0.000000e+00  2.895156e-03  0.000000e+00  2.315635e-03  0.000000e+00  0.000000e+00  9.423019e-04  1.031822e-03  0.000000e+00  1.778823e-03  0.000000e+00  1.488417e-03
2.116992e+04  0.000000e+00  2.035571e-06  0.000000e+00  7.361682e-04  0.000000e+00  9.584474e-06  0.000000e+00  4.140735e-04  0.000000e+00  0.000000e+00  0.000000e+00  8.737495e-04  0.000000e+00  2.634487e-03  0.000000e+00  4.140735e-04
2.375304e+04  0.000000e+00  0.000000e+00  0.000000e+00  1.814205e-06  0.000000e+00  4.545235e-04  1.612513e-05  7.875221e-05  0.000000e+00  1.123122e-04  4.650462e-04  5.616281e-06  0.000000e+00  0.000000e+00  0.000000e+00  1.260281e-03
2.665135e+04  0.000000e+00  1.437154e-05  0.000000e+00  8.151884e-04  0.000000e+00  0.000000e+00  0.000000e+00  0.000000e+00  0.000000e+00  9.278138e-06  0.000000e+00  0.000000e+00  0.000000e+00  0.000000e+00  0.000000e+00  1.437154e-05
2.990330e+04  0.000000e+00  0.000000e+00  0.000000e+00  1.236904e-04  0.000000e+00  0.000000e+00  0.000000e+00  0.000000e+00  0.000000e+00  0.000000e+00  0.000000e+00  1.862455e-04  0.000000e+00  4.319545e-04  0.000000e+00  2.289166e-04
3.355206e+04  0.000000e+00  0.000000e+00  0.000000e+00  0.000000e+00  0.000000e+00  0.000000e+00  0.000000e+00  0.000000e+00  0.000000e+00  0.000000e+00  0.000000e+00  3.077169e-06  0.000000e+00  6.612595e-04  0.000000e+00  1.473977e-05
3.764603e+04  0.000000e+00  0.000000e+00  0.000000e+00  2.401881e-05  0.000000e+00  0.000000e+00  0.000000e+00  0.000000e+00  0.000000e+00  0.000000e+00  0.000000e+00  9.825079e-05  0.000000e+00  2.401881e-05  0.000000e+00  1.144686e-06
4.223954e+04  0.000000e+00  0.000000e+00  0.000000e+00  1.404964e-05  0.000000e+00  0.000000e+00  0.000000e+00  6.746947e-04  0.000000e+00  0.000000e+00  0.000000e+00  1.105520e-04  0.000000e+00  0.000000e+00  0.000000e+00  0.000000e+00
4.739354e+04  0.000000e+00  0.000000e+00  0.000000e+00  0.000000e+00  0.000000e+00  0.000000e+00  0.000000e+00  9.092563e-07  0.000000e+00  0.000000e+00  0.000000e+00  1.343101e-05  0.000000e+00  7.804337e-05  0.000000e+00  0.000000e+00
5.317643e+04  0.000000e+00  0.000000e+00  0.000000e+00  0.000000e+00  0.000000e+00  0.000000e+00  0.000000e+00  0.000000e+00  0.000000e+00  0.000000e+00  0.000000e+00  0.000000e+00  0.000000e+00  0.000000e+00  0.000000e+00  0.000000e+00
5.966493e+04  0.000000e+00  0.000000e+00  0.000000e+00  0.000000e+00  0.000000e+00  0.000000e+00  0.000000e+00  0.000000e+00  0.000000e+00  0.000000e+00  0.000000e+00  0.000000e+00  0.000000e+00  0.000000e+00  0.000000e+00  0.000000e+00
6.694516e+04  0.000000e+00  0.000000e+00  0.000000e+00  0.000000e+00  0.000000e+00  0.000000e+00  0.000000e+00  0.000000e+00  0.000000e+00  0.000000e+00  0.000000e+00  0.000000e+00  0.000000e+00  0.000000e+00  0.000000e+00  2.858604e-05
7.511370e+04  0.000000e+00  0.000000e+00  0.000000e+00  0.000000e+00  0.000000e+00  0.000000e+00  0.000000e+00  0.000000e+00  0.000000e+00  0.000000e+00  0.000000e+00  0.000000e+00  0.000000e+00  0.000000e+00  0.000000e+00  2.883518e-04
8.427896e+04  0.000000e+00  0.000000e+00  0.000000e+00  0.000000e+00  0.000000e+00  0.000000e+00  0.000000e+00  0.000000e+00  0.000000e+00  0.000000e+00  0.000000e+00  0.000000e+00  0.000000e+00  0.000000e+00  0.000000e+00  0.000000e+00
9.456255e+04  0.000000e+00  0.000000e+00  0.000000e+00  0.000000e+00  0.000000e+00  0.000000e+00  0.000000e+00  0.000000e+00  0.000000e+00  0.000000e+00  0.000000e+00  0.000000e+00  0.000000e+00  0.000000e+00  0.000000e+00  0.000000e+00
1.061009e+05  0.000000e+00  0.000000e+00  0.000000e+00  0.000000e+00  0.000000e+00  0.000000e+00  0.000000e+00  0.000000e+00  0.000000e+00  0.000000e+00  0.000000e+00  0.000000e+00  0.000000e+00  0.000000e+00  0.000000e+00  0.000000e+00
1.190472e+05  0.000000e+00  0.000000e+00  0.000000e+00  0.000000e+00  0.000000e+00  0.000000e+00  0.000000e+00  0.000000e+00  0.000000e+00  0.000000e+00  0.000000e+00  0.000000e+00  0.000000e+00  0.000000e+00  0.000000e+00  0.000000e+00
1.335731e+05  0.000000e+00  0.000000e+00  0.000000e+00  0.000000e+00  0.000000e+00  0.000000e+00  0.000000e+00  0.000000e+00  0.000000e+00  0.000000e+00  0.000000e+00  0.000000e+00  0.000000e+00  0.000000e+00  0.000000e+00  0.000000e+00
1.498715e+05  0.000000e+00  0.000000e+00  0.000000e+00  0.000000e+00  0.000000e+00  0.000000e+00  0.000000e+00  0.000000e+00  0.000000e+00  0.000000e+00  0.000000e+00  0.000000e+00  0.000000e+00  0.000000e+00  0.000000e+00  0.000000e+00
1.681586e+05  0.000000e+00  0.000000e+00  0.000000e+00  0.000000e+00  0.000000e+00  0.000000e+00  0.000000e+00  0.000000e+00  0.000000e+00  0.000000e+00  0.000000e+00  0.000000e+00  0.000000e+00  0.000000e+00  0.000000e+00  0.000000e+00
1.886771e+05  0.000000e+00  0.000000e+00  0.000000e+00  0.000000e+00  0.000000e+00  0.000000e+00  0.000000e+00  0.000000e+00  0.000000e+00  0.000000e+00  0.000000e+00  0.000000e+00  0.000000e+00  0.000000e+00  0.000000e+00  0.000000e+00
2.116992e+05  0.000000e+00  0.000000e+00  0.000000e+00  0.000000e+00  0.000000e+00  0.000000e+00  0.000000e+00  0.000000e+00  0.000000e+00  0.000000e+00  0.000000e+00  0.000000e+00  0.000000e+00  0.000000e+00  0.000000e+00  0.000000e+00
2.375304e+05  0.000000e+00  0.000000e+00  0.000000e+00  0.000000e+00  0.000000e+00  0.000000e+00  0.000000e+00  0.000000e+00  0.000000e+00  0.000000e+00  0.000000e+00  0.000000e+00  0.000000e+00  0.000000e+00  0.000000e+00  0.000000e+00
2.665135e+05  0.000000e+00  0.000000e+00  0.000000e+00  0.000000e+00  0.000000e+00  0.000000e+00  0.000000e+00  0.000000e+00  0.000000e+00  0.000000e+00  0.000000e+00  0.000000e+00  0.000000e+00  0.000000e+00  0.000000e+00  0.000000e+00
2.990330e+05  0.000000e+00  0.000000e+00  0.000000e+00  0.000000e+00  0.000000e+00  0.000000e+00  0.000000e+00  0.000000e+00  0.000000e+00  0.000000e+00  0.000000e+00  0.000000e+00  0.000000e+00  0.000000e+00  0.000000e+00  0.000000e+00
3.355206e+05  0.000000e+00  0.000000e+00  0.000000e+00  0.000000e+00  0.000000e+00  0.000000e+00  0.000000e+00  0.000000e+00  0.000000e+00  0.000000e+00  0.000000e+00  0.000000e+00  0.000000e+00  0.000000e+00  0.000000e+00  0.000000e+00
3.764603e+05  0.000000e+00  0.000000e+00  0.000000e+00  0.000000e+00  0.000000e+00  0.000000e+00  0.000000e+00  0.000000e+00  0.000000e+00  0.000000e+00  0.000000e+00  0.000000e+00  0.000000e+00  0.000000e+00  0.000000e+00  0.000000e+00
4.223954e+05  0.000000e+00  0.000000e+00  0.000000e+00  0.000000e+00  0.000000e+00  0.000000e+00  0.000000e+00  0.000000e+00  0.000000e+00  0.000000e+00  0.000000e+00  0.000000e+00  0.000000e+00  0.000000e+00  0.000000e+00  0.000000e+00
4.739354e+05  0.000000e+00  0.000000e+00  0.000000e+00  0.000000e+00  0.000000e+00  0.000000e+00  0.000000e+00  0.000000e+00  0.000000e+00  0.000000e+00  0.000000e+00  0.000000e+00  0.000000e+00  0.000000e+00  0.000000e+00  0.000000e+00
5.317643e+05  0.000000e+00  0.000000e+00  0.000000e+00  0.000000e+00  0.000000e+00  0.000000e+00  0.000000e+00  0.000000e+00  0.000000e+00  0.000000e+00  0.000000e+00  0.000000e+00  0.000000e+00  0.000000e+00  0.000000e+00  0.000000e+00
5.966493e+05  0.000000e+00  0.000000e+00  0.000000e+00  0.000000e+00  0.000000e+00  0.000000e+00  0.000000e+00  0.000000e+00  0.000000e+00  0.000000e+00  0.000000e+00  0.000000e+00  0.000000e+00  0.000000e+00  0.000000e+00  0.000000e+00
6.694516e+05  0.000000e+00  0.000000e+00  0.000000e+00  0.000000e+00  0.000000e+00  0.000000e+00  0.000000e+00  0.000000e+00  0.000000e+00  0.000000e+00  0.000000e+00  0.000000e+00  0.000000e+00  0.000000e+00  0.000000e+00  0.000000e+00
7.511370e+05  0.000000e+00  0.000000e+00  0.000000e+00  0.000000e+00  0.000000e+00  0.000000e+00  0.000000e+00  0.000000e+00  0.000000e+00  0.000000e+00  0.000000e+00  0.000000e+00  0.000000e+00  0.000000e+00  0.000000e+00  0.000000e+00
8.427896e+05  0.000000e+00  0.000000e+00  0.000000e+00  0.000000e+00  0.000000e+00  0.000000e+00  0.000000e+00  0.000000e+00  0.000000e+00  0.000000e+00  0.000000e+00  0.000000e+00  0.000000e+00  0.000000e+00  0.000000e+00  0.000000e+00
9.456255e+05  0.000000e+00  0.000000e+00  0.000000e+00  0.000000e+00  0.000000e+00  0.000000e+00  0.000000e+00  0.000000e+00  0.000000e+00  0.000000e+00  0.000000e+00  0.000000e+00  0.000000e+00  0.000000e+00  0.000000e+00  0.000000e+00
