# dR/dEr [1/keV/kg/Myr]
# Er [keV], S, F, Ne, Cl, Na, Si, O, P, N, C, Al, Mg, Be, B, Ar, Li
1.061009e+01  2.514959e+01  1.878111e+01  0.000000e+00  0.000000e+00  6.624067e+00  0.000000e+00  1.706061e+00  0.000000e+00  0.000000e+00  0.000000e+00  0.000000e+00  0.000000e+00  4.757337e-02  0.000000e+00  0.000000e+00  0.000000e+00
1.190472e+01  9.492320e+00  1.800382e+00  0.000000e+00  0.000000e+00  3.017503e+00  0.000000e+00  0.000000e+00  0.000000e+00  0.000000e+00  0.000000e+00  0.000000e+00  0.000000e+00  0.000000e+00  0.000000e+00  0.000000e+00  0.000000e+00
1.335731e+01  1.373970e+01  2.827390e+00  0.000000e+00  0.000000e+00  0.000000e+00  0.000000e+00  0.000000e+00  0.000000e+00  0.000000e+00  0.000000e+00  0.000000e+00  0.000000e+00  0.000000e+00  0.000000e+00  0.000000e+00  0.000000e+00
1.498715e+01  3.502726e+00  3.638684e+00  0.000000e+00  0.000000e+00  1.446482e+00  0.000000e+00  5.852642e-01  0.000000e+00  0.000000e+00  0.000000e+00  0.000000e+00  0.000000e+00  0.000000e+00  0.000000e+00  0.000000e+00  0.000000e+00
1.681586e+01  8.652567e+00  3.782493e+00  1.252985e+00  0.000000e+00  2.435898e+00  5.216173e-01  0.000000e+00  0.000000e+00  0.000000e+00  0.000000e+00  0.000000e+00  0.000000e+00  0.000000e+00  0.000000e+00  0.000000e+00  0.000000e+00
1.886771e+01  5.931291e+00  4.379664e+00  0.000000e+00  0.000000e+00  1.116724e+00  0.000000e+00  0.000000e+00  0.000000e+00  0.000000e+00  0.000000e+00  0.000000e+00  0.000000e+00  0.000000e+00  0.000000e+00  0.000000e+00  0.000000e+00
2.116992e+01  5.992928e+00  4.857153e+00  0.000000e+00  0.000000e+00  1.207690e+00  0.000000e+00  5.321327e-01  0.000000e+00  0.000000e+00  0.000000e+00  2.488129e-01  0.000000e+00  0.000000e+00  0.000000e+00  0.000000e+00  0.000000e+00
2.375304e+01  1.106181e+01  2.175907e+00  1.198354e+00  0.000000e+00  2.673532e+00  0.000000e+00  8.870456e-01  0.000000e+00  0.000000e+00  0.000000e+00  0.000000e+00  0.000000e+00  0.000000e+00  0.000000e+00  0.000000e+00  0.000000e+00
2.665135e+01  9.603812e+00  4.344839e+00  4.226880e-01  2.283647e-02  6.766541e-01  0.000000e+00  0.000000e+00  7.652492e-01  0.000000e+00  0.000000e+00  0.000000e+00  0.000000e+00  0.000000e+00  0.000000e+00  0.000000e+00  0.000000e+00
2.990330e+01  1.086278e+01  4.941479e+00  5.196744e-01  0.000000e+00  5.939666e-01  0.000000e+00  6.700481e-01  0.000000e+00  0.000000e+00  0.000000e+00  6.833196e-02  0.000000e+00  3.960251e-01  0.000000e+00  0.000000e+00  0.000000e+00
3.355206e+01  1.386069e+01  3.653567e+00  5.331650e-01  0.000000e+00  1.097754e+00  0.000000e+00  1.319519e+00  0.000000e+00  0.000000e+00  0.000000e+00  3.578106e-01  0.000000e+00  3.779848e-01  0.000000e+00  0.000000e+00  0.000000e+00
3.764603e+01  1.540842e+01  2.650210e+00  2.789409e-03  2.992402e-01  1.720855e+00  0.000000e+00  2.469362e-02  0.000000e+00  0.000000e+00  0.000000e+00  0.000000e+00  0.000000e+00  4.325090e-03  0.000000e+00  0.000000e+00  0.000000e+00
4.223954e+01  1.403305e+01  7.076799e+00  1.688359e-01  0.000000e+00  3.302163e+00  0.000000e+00  4.191739e-01  0.000000e+00  0.000000e+00  0.000000e+00  1.134267e-01  0.000000e+00  2.158361e+00  0.000000e+00  0.000000e+00  0.000000e+00
4.739354e+01  1.960162e+01  7.699390e+00  2.376950e-01  6.151469e-01  9.224508e-01  0.000000e+00  8.569908e-01  0.000000e+00  0.000000e+00  0.000000e+00  0.000000e+00  0.000000e+00  7.659700e-01  0.000000e+00  0.000000e+00  0.000000e+00
5.317643e+01  1.721325e+01  4.353975e+00  5.886416e-01  0.000000e+00  2.278177e+00  0.000000e+00  1.139618e+00  0.000000e+00  0.000000e+00  0.000000e+00  9.905421e-02  0.000000e+00  0.000000e+00  0.000000e+00  0.000000e+00  0.000000e+00
5.966493e+01  2.295853e+01  8.147828e+00  6.553895e-01  3.358195e-01  1.552971e+00  0.000000e+00  1.165443e+00  0.000000e+00  0.000000e+00  0.000000e+00  1.565259e-01  0.000000e+00  4.651491e-02  0.000000e+00  0.000000e+00  0.000000e+00
6.694516e+01  2.500291e+01  6.842268e+00  1.097945e+00  0.000000e+00  3.148963e+00  0.000000e+00  3.238270e-01  0.000000e+00  5.768118e-02  0.000000e+00  3.941103e-01  0.000000e+00  5.443599e+00  0.000000e+00  0.000000e+00  0.000000e+00
7.511370e+01  2.622250e+01  9.437619e+00  9.871916e-01  3.549316e-01  1.915442e+00  0.000000e+00  8.166854e-01  0.000000e+00  0.000000e+00  0.000000e+00  9.494341e-02  0.000000e+00  1.614826e+03  0.000000e+00  0.000000e+00  0.000000e+00
8.427896e+01  3.335659e+01  1.054621e+01  6.131533e-01  8.474627e-01  2.678303e+00  0.000000e+00  1.475428e+00  0.000000e+00  0.000000e+00  0.000000e+00  0.000000e+00  0.000000e+00  1.966132e+03  0.000000e+00  0.000000e+00  0.000000e+00
9.456255e+01  3.309681e+01  8.175288e+00  8.621657e-01  4.216065e-01  2.386422e+00  0.000000e+00  4.137117e-01  0.000000e+00  4.129705e-02  0.000000e+00  4.618983e-04  0.000000e+00  1.492176e+03  0.000000e+00  0.000000e+00  0.000000e+00
1.061009e+02  3.887551e+01  1.078681e+01  6.581852e-01  1.468758e-01  3.352563e+00  0.000000e+00  7.075558e-01  0.000000e+00  0.000000e+00  8.802095e-02  3.727864e-01  0.000000e+00  1.136304e+03  0.000000e+00  0.000000e+00  0.000000e+00
1.190472e+02  4.181905e+01  1.370477e+01  1.435491e+00  2.225698e-01  3.135235e+00  0.000000e+00  4.638502e-01  0.000000e+00  7.368040e-02  2.216245e-01  1.003782e+03  0.000000e+00  8.347584e+02  0.000000e+00  4.481478e-02  0.000000e+00
1.335731e+02  4.704920e+01  1.479293e+01  1.046957e+00  7.861623e-04  3.717246e+00  0.000000e+00  5.602737e-01  0.000000e+00  0.000000e+00  0.000000e+00  8.392929e+02  0.000000e+00  6.142531e+02  0.000000e+00  0.000000e+00  0.000000e+00
1.498715e+02  1.150763e+02  1.716420e+01  7.608267e-01  2.375565e-01  2.186410e+00  0.000000e+00  1.004993e+00  0.000000e+00  1.232556e-01  1.377667e-01  6.275732e+02  0.000000e+00  4.592835e+02  0.000000e+00  0.000000e+00  0.000000e+00
1.681586e+02  1.654079e+02  1.737966e+01  1.023528e+00  2.435898e-01  1.886328e+00  2.597445e-04  1.235518e+00  0.000000e+00  1.054925e-01  0.000000e+00  4.659002e+02  0.000000e+00  3.378947e+02  0.000000e+00  0.000000e+00  0.000000e+00
1.886771e+02  9.635920e+01  2.046142e+01  7.544847e-01  2.417005e-01  4.074960e+00  1.061955e-01  1.180026e+00  7.579877e-02  7.579877e-02  0.000000e+00  3.465682e+02  0.000000e+00  2.477034e+02  0.000000e+00  0.000000e+00  0.000000e+00
2.116992e+02  4.200536e+01  2.549408e+01  9.645382e-01  6.052580e-01  1.723912e+00  6.755573e-02  9.537486e-01  0.000000e+00  0.000000e+00  2.063224e-04  2.740082e+02  0.000000e+00  1.666129e+02  0.000000e+00  4.960348e-04  0.000000e+00
2.375304e+02  3.047705e+01  1.302888e+02  1.469200e+00  5.092569e-01  2.514872e+00  2.849546e-02  1.073097e+00  1.234234e-01  0.000000e+00  3.692768e-02  2.042779e+02  0.000000e+00  1.217926e+02  0.000000e+00  1.108917e-01  0.000000e+00
2.665135e+02  2.508300e+01  1.087136e+02  1.495913e+00  3.951250e-01  3.621542e+00  6.712150e-02  8.258893e-01  0.000000e+00  5.366142e-02  6.561429e-02  1.495677e+02  0.000000e+00  8.490379e+01  0.000000e+00  0.000000e+00  0.000000e+00
2.990330e+02  1.535604e+01  1.651762e+01  8.277649e-01  2.995035e-01  2.782959e+00  6.482030e-03  1.573372e+00  2.264797e-04  5.444965e-04  1.305927e-02  1.128549e+02  0.000000e+00  6.355522e+01  0.000000e+00  0.000000e+00  0.000000e+00
3.355206e+02  1.353340e+01  1.479344e+01  9.680471e-01  4.039076e-01  2.942156e+00  4.262478e-02  1.146556e+00  4.034648e-02  3.357531e-02  8.044932e-02  8.437992e+01  8.271651e-03  4.429263e+01  0.000000e+00  0.000000e+00  1.168085e-03
3.764603e+02  9.013451e+00  1.101001e+01  1.233535e+00  3.879208e-01  3.299314e+00  2.715098e-02  8.035509e-01  0.000000e+00  4.751838e-02  0.000000e+00  5.508197e+01  0.000000e+00  3.228826e+01  0.000000e+00  0.000000e+00  0.000000e+00
4.223954e+02  5.823312e+00  9.243692e+00  7.792110e-01  3.837699e-01  2.812452e+00  2.683015e-02  1.127696e+00  9.075384e-02  3.401840e-02  6.271089e-02  4.251526e+01  0.000000e+00  1.735695e+01  0.000000e+00  2.486063e-04  0.000000e+00
4.739354e+02  4.673480e+00  7.555827e+00  1.097211e+00  6.451236e-01  2.410242e+00  4.347493e-02  1.093432e+00  8.863295e-02  4.303312e-02  0.000000e+00  2.653409e+01  0.000000e+00  1.167866e+01  4.303312e-02  0.000000e+00  0.000000e+00
5.317643e+02  3.649823e+00  4.932997e+00  1.167344e+00  3.173138e-01  2.510540e+00  7.589853e-02  9.244016e-01  1.018540e-01  9.916077e-02  3.794437e-02  2.197865e+01  0.000000e+00  9.113543e+00  8.213842e-05  4.953351e-02  0.000000e+00
5.966493e+02  3.257874e+00  4.346162e+00  1.197729e+00  5.680975e-01  2.436983e+00  8.418532e-02  9.381959e-01  9.648852e-02  4.895942e-02  1.984827e-02  1.565745e+01  0.000000e+00  6.149681e+00  0.000000e+00  2.728947e-04  0.000000e+00
6.694516e+02  2.510847e+00  3.660407e+00  1.451108e+00  8.104239e-01  2.353318e+00  8.340829e-02  1.159174e+00  6.987963e-02  5.819512e-02  1.887055e-02  1.094043e+01  0.000000e+00  3.576369e+00  0.000000e+00  0.000000e+00  0.000000e+00
7.511370e+02  2.040698e+00  2.853674e+00  9.892146e-01  6.560551e-01  1.566786e+00  2.164618e-02  8.589938e-01  8.387876e-02  6.557489e-02  1.270587e-02  7.169573e+00  0.000000e+00  2.404326e+00  0.000000e+00  0.000000e+00  0.000000e+00
8.427896e+02  1.271881e+00  2.384760e+00  8.615673e-01  7.125551e-01  1.756812e+00  4.877455e-02  9.845464e-01  3.459225e-02  1.585968e-02  4.129548e-02  3.769790e+00  0.000000e+00  1.192189e+00  0.000000e+00  3.301928e-02  0.000000e+00
9.456255e+02  1.256840e+00  1.938150e+00  1.152322e+00  4.902914e-01  1.449208e+00  6.971474e-02  1.022391e+00  1.008543e-01  0.000000e+00  5.034244e-02  3.154291e+00  6.436191e-04  9.281263e-01  0.000000e+00  0.000000e+00  0.000000e+00
1.061009e+03  1.147947e+00  1.373591e+00  1.087634e+00  7.375805e-01  1.173015e+00  8.471331e-02  9.378942e-01  7.593613e-02  1.179783e-01  1.691478e-02  2.222065e+00  0.000000e+00  3.587677e-01  4.213063e-03  2.615726e-03  0.000000e+00
1.190472e+03  7.658210e-01  1.179924e+00  9.916129e-01  7.449473e-01  8.575621e-01  8.616632e-02  5.801403e-01  9.295799e-02  4.074238e-02  4.310249e-02  1.338279e+00  0.000000e+00  3.925442e-01  0.000000e+00  0.000000e+00  0.000000e+00
1.335731e+03  7.680863e-01  1.051656e+00  8.129527e-01  5.633406e-01  7.130947e-01  3.979021e-02  7.437152e-01  4.208787e-02  7.391334e-02  1.461213e-02  6.669490e-01  0.000000e+00  1.362707e-01  2.083376e-02  0.000000e+00  0.000000e+00
1.498715e+03  4.820498e-01  7.764598e-01  6.540082e-01  6.194895e-01  5.000361e-01  1.216129e-01  6.633100e-01  1.297262e-01  1.118751e-01  2.610205e-02  3.888548e-01  6.202757e-04  2.091338e-01  0.000000e+00  0.000000e+00  1.401976e-03
1.681586e+03  2.086672e-01  7.547997e-01  5.186245e-01  5.346400e-01  6.036010e-01  6.055769e-02  4.935500e-01  8.381477e-02  7.826059e-02  5.425505e-02  3.991709e-01  0.000000e+00  1.132952e-01  1.443894e-02  0.000000e+00  2.330637e-04
1.886771e+03  2.878903e-01  4.647977e-01  5.333371e-01  6.763410e-01  4.828245e-01  7.030862e-02  4.365830e-01  8.609487e-02  6.076825e-02  5.140640e-02  2.025169e-01  1.224720e-02  9.481164e-03  1.269729e-02  1.337624e-04  0.000000e+00
2.116992e+03  2.144616e-01  4.844129e-01  3.459459e-01  4.096927e-01  1.972971e-01  6.393085e-02  3.337153e-01  7.537255e-02  1.875717e-02  3.821368e-02  1.015685e-01  5.685372e-03  3.820567e-02  4.960348e-05  0.000000e+00  4.960348e-05
2.375304e+03  8.862248e-02  2.799592e-01  3.180531e-01  5.977496e-01  2.043876e-01  1.076879e-01  3.032339e-01  6.926545e-02  4.206804e-02  1.252014e-02  1.171002e-01  2.851210e-05  0.000000e+00  2.217547e-03  0.000000e+00  3.950140e-03
2.665135e+03  9.964759e-02  2.113236e-01  2.516075e-01  5.096319e-01  9.848454e-02  6.513753e-02  1.896853e-01  1.202359e-01  2.906005e-02  5.968943e-02  6.533071e-02  2.049701e-02  1.142406e-02  4.443475e-03  0.000000e+00  1.024841e-02
2.990330e+03  2.415976e-02  1.521846e-01  1.640309e-01  3.898805e-01  8.480977e-02  8.598084e-02  1.362280e-01  7.166370e-02  2.825124e-02  2.461659e-02  5.402895e-02  4.166577e-03  0.000000e+00  4.014701e-03  0.000000e+00  1.472536e-02
3.355206e+03  2.385274e-02  1.779043e-01  1.654458e-01  3.999100e-01  3.210939e-02  8.376232e-02  8.406653e-02  4.762679e-02  2.166189e-02  2.493880e-02  1.221959e-02  1.022237e-02  8.393671e-03  6.090092e-04  0.000000e+00  4.431574e-05
3.764603e+03  8.069056e-03  6.676344e-02  1.170607e-01  2.454594e-01  2.846787e-02  7.003183e-02  5.210432e-02  3.653126e-02  1.408099e-02  2.834290e-02  2.197403e-02  1.721360e-03  1.160236e-05  7.789812e-03  0.000000e+00  8.257449e-03
4.223954e+03  1.183125e-03  4.920647e-02  4.600280e-02  1.948190e-01  1.275241e-02  3.438329e-02  4.567922e-02  4.402043e-02  2.176690e-02  1.908914e-02  1.762580e-02  3.503870e-03  0.000000e+00  8.159291e-03  0.000000e+00  4.826335e-03
4.739354e+03  1.504752e-03  3.590507e-02  5.977420e-02  1.819896e-01  1.356041e-02  3.858716e-02  1.217486e-02  3.301869e-02  9.692198e-03  1.249487e-02  1.319702e-02  5.392651e-03  5.325176e-05  3.089494e-04  0.000000e+00  1.468451e-03
5.317643e+03  6.623790e-03  3.396172e-02  3.920778e-02  1.128251e-01  1.591109e-03  2.882096e-02  5.035530e-03  5.703605e-02  2.156914e-02  1.560432e-02  5.370339e-03  7.028329e-03  0.000000e+00  6.179721e-03  0.000000e+00  7.916197e-03
5.966493e+03  2.654723e-03  1.524291e-02  2.048480e-02  6.932920e-02  5.410828e-03  3.677991e-02  4.438835e-03  2.517668e-02  9.152499e-03  1.888253e-02  3.248711e-04  1.046728e-03  0.000000e+00  1.607558e-03  0.000000e+00  3.040210e-03
6.694516e+03  1.011648e-05  1.082464e-02  1.511425e-02  5.173462e-02  1.241388e-03  5.320746e-02  1.492240e-03  1.324588e-02  1.128103e-02  1.632502e-02  9.165957e-03  1.058808e-02  0.000000e+00  1.133942e-03  0.000000e+00  5.854295e-05
7.511370e+03  4.932423e-04  9.128056e-03  1.467355e-02  2.815587e-02  3.962879e-03  2.659588e-02  4.697146e-03  1.066798e-02  3.210800e-03  9.175177e-03  4.207835e-04  2.897036e-03  0.000000e+00  1.512530e-04  0.000000e+00  9.504499e-03
8.427896e+03  1.108118e-03  7.067663e-03  7.252490e-03  8.229623e-03  1.338109e-03  3.550007e-02  6.651437e-03  2.799569e-02  4.041962e-03  3.342528e-03  6.261059e-03  5.794121e-03  0.000000e+00  9.153472e-05  0.000000e+00  1.804319e-03
9.456255e+03  0.000000e+00  2.019093e-03  7.636240e-03  1.963397e-02  1.566562e-03  2.282133e-02  1.110484e-05  9.201600e-03  5.724577e-03  3.346037e-03  1.040622e-02  7.220824e-03  0.000000e+00  3.138760e-03  0.000000e+00  2.160846e-04
1.061009e+04  0.000000e+00  6.005668e-03  2.638966e-03  1.183442e-02  5.063442e-04  1.637193e-02  2.130399e-03  6.456736e-03  2.079316e-04  4.521293e-03  4.776722e-03  4.759741e-03  0.000000e+00  6.383065e-06  0.000000e+00  2.757795e-03
1.190472e+04  0.000000e+00  3.570970e-05  3.292112e-05  6.268381e-03  0.000000e+00  5.259617e-03  3.668988e-06  4.608125e-04  1.137783e-05  4.770977e-03  9.319118e-03  2.394699e-03  0.000000e+00  6.487303e-04  0.000000e+00  1.155602e-03
1.335731e+04  0.000000e+00  1.385878e-03  3.597078e-03  8.021827e-03  0.000000e+00  4.869301e-03  1.218976e-05  1.448834e-03  1.483846e-04  3.708501e-03  1.956083e-03  6.073838e-04  0.000000e+00  0.000000e+00  0.000000e+00  1.230319e-03
1.498715e+04  0.000000e+00  1.612126e-03  6.202757e-05  5.814038e-04  0.000000e+00  2.927442e-03  0.000000e+00  4.051837e-03  1.851792e-04  6.399803e-04  1.401336e-05  3.065403e-03  0.000000e+00  1.152554e-05  0.000000e+00  2.456680e-03
1.681586e+04  0.000000e+00  1.467576e-04  4.027442e-06  3.441727e-04  0.000000e+00  5.236889e-03  2.597445e-06  4.752984e-04  0.000000e+00  5.528213e-05  3.619336e-05  3.298904e-05  0.000000e+00  1.558523e-03  0.000000e+00  1.941347e-03
1.886771e+04  0.000000e+00  3.085742e-04  0.000000e+00  1.091888e-03  0.000000e+00  3.270237e-03  0.000000e+00  2.591707e-03  0.000000e+00  0.000000e+00  1.003333e-03  1.133803e-03  0.000000e+00  1.984091e-03  0.000000e+00  1.576338e-03
2.116992e+04  0.000000e+00  2.063224e-06  0.000000e+00  7.820583e-04  0.000000e+00  9.754442e-06  0.000000e+00  4.411498e-04  0.000000e+00  0.000000e+00  0.000000e+00  9.633917e-04  0.000000e+00  2.979527e-03  0.000000e+00  4.411498e-04
2.375304e+04  0.000000e+00  0.000000e+00  0.000000e+00  1.838850e-06  0.000000e+00  4.816339e-04  1.649964e-05  8.160392e-05  0.000000e+00  1.168402e-04  4.985661e-04  5.702421e-06  0.000000e+00  0.000000e+00  0.000000e+00  1.382180e-03
2.665135e+04  0.000000e+00  1.470532e-05  0.000000e+00  9.074676e-04  0.000000e+00  0.000000e+00  0.000000e+00  0.000000e+00  0.000000e+00  9.469650e-06  0.000000e+00  0.000000e+00  0.000000e+00  0.000000e+00  0.000000e+00  1.470532e-05
2.990330e+04  0.000000e+00  0.000000e+00  0.000000e+00  1.291321e-04  0.000000e+00  0.000000e+00  0.000000e+00  0.000000e+00  0.000000e+00  0.000000e+00  0.000000e+00  1.939524e-04  0.000000e+00  4.608454e-04  0.000000e+00  2.422125e-04
3.355206e+04  0.000000e+00  0.000000e+00  0.000000e+00  0.000000e+00  0.000000e+00  0.000000e+00  0.000000e+00  0.000000e+00  0.000000e+00  0.000000e+00  0.000000e+00  3.129768e-06  0.000000e+00  7.850533e-04  0.000000e+00  1.504402e-05
3.764603e+04  0.000000e+00  0.000000e+00  0.000000e+00  2.469362e-05  0.000000e+00  0.000000e+00  0.000000e+00  0.000000e+00  0.000000e+00  0.000000e+00  0.000000e+00  1.025733e-04  0.000000e+00  2.469362e-05  0.000000e+00  1.160236e-06
4.223954e+04  0.000000e+00  0.000000e+00  0.000000e+00  1.440884e-05  0.000000e+00  0.000000e+00  0.000000e+00  7.493247e-04  0.000000e+00  0.000000e+00  0.000000e+00  1.150301e-04  0.000000e+00  0.000000e+00  0.000000e+00  0.000000e+00
4.739354e+04  0.000000e+00  0.000000e+00  0.000000e+00  0.000000e+00  0.000000e+00  0.000000e+00  0.000000e+00  9.216082e-07  0.000000e+00  0.000000e+00  0.000000e+00  1.376350e-05  0.000000e+00  8.147684e-05  0.000000e+00  0.000000e+00
5.317643e+04  0.000000e+00  0.000000e+00  0.000000e+00  0.000000e+00  0.000000e+00  0.000000e+00  0.000000e+00  0.000000e+00  0.000000e+00  0.000000e+00  0.000000e+00  0.000000e+00  0.000000e+00  0.000000e+00  0.000000e+00  0.000000e+00
5.966493e+04  0.000000e+00  0.000000e+00  0.000000e+00  0.000000e+00  0.000000e+00  0.000000e+00  0.000000e+00  0.000000e+00  0.000000e+00  0.000000e+00  0.000000e+00  0.000000e+00  0.000000e+00  0.000000e+00  0.000000e+00  0.000000e+00
6.694516e+04  0.000000e+00  0.000000e+00  0.000000e+00  0.000000e+00  0.000000e+00  0.000000e+00  0.000000e+00  0.000000e+00  0.000000e+00  0.000000e+00  0.000000e+00  0.000000e+00  0.000000e+00  0.000000e+00  0.000000e+00  2.960661e-05
7.511370e+04  0.000000e+00  0.000000e+00  0.000000e+00  0.000000e+00  0.000000e+00  0.000000e+00  0.000000e+00  0.000000e+00  0.000000e+00  0.000000e+00  0.000000e+00  0.000000e+00  0.000000e+00  0.000000e+00  0.000000e+00  3.210800e-04
8.427896e+04  0.000000e+00  0.000000e+00  0.000000e+00  0.000000e+00  0.000000e+00  0.000000e+00  0.000000e+00  0.000000e+00  0.000000e+00  0.000000e+00  0.000000e+00  0.000000e+00  0.000000e+00  0.000000e+00  0.000000e+00  0.000000e+00
9.456255e+04  0.000000e+00  0.000000e+00  0.000000e+00  0.000000e+00  0.000000e+00  0.000000e+00  0.000000e+00  0.000000e+00  0.000000e+00  0.000000e+00  0.000000e+00  0.000000e+00  0.000000e+00  0.000000e+00  0.000000e+00  0.000000e+00
1.061009e+05  0.000000e+00  0.000000e+00  0.000000e+00  0.000000e+00  0.000000e+00  0.000000e+00  0.000000e+00  0.000000e+00  0.000000e+00  0.000000e+00  0.000000e+00  0.000000e+00  0.000000e+00  0.000000e+00  0.000000e+00  0.000000e+00
1.190472e+05  0.000000e+00  0.000000e+00  0.000000e+00  0.000000e+00  0.000000e+00  0.000000e+00  0.000000e+00  0.000000e+00  0.000000e+00  0.000000e+00  0.000000e+00  0.000000e+00  0.000000e+00  0.000000e+00  0.000000e+00  0.000000e+00
1.335731e+05  0.000000e+00  0.000000e+00  0.000000e+00  0.000000e+00  0.000000e+00  0.000000e+00  0.000000e+00  0.000000e+00  0.000000e+00  0.000000e+00  0.000000e+00  0.000000e+00  0.000000e+00  0.000000e+00  0.000000e+00  0.000000e+00
1.498715e+05  0.000000e+00  0.000000e+00  0.000000e+00  0.000000e+00  0.000000e+00  0.000000e+00  0.000000e+00  0.000000e+00  0.000000e+00  0.000000e+00  0.000000e+00  0.000000e+00  0.000000e+00  0.000000e+00  0.000000e+00  0.000000e+00
1.681586e+05  0.000000e+00  0.000000e+00  0.000000e+00  0.000000e+00  0.000000e+00  0.000000e+00  0.000000e+00  0.000000e+00  0.000000e+00  0.000000e+00  0.000000e+00  0.000000e+00  0.000000e+00  0.000000e+00  0.000000e+00  0.000000e+00
1.886771e+05  0.000000e+00  0.000000e+00  0.000000e+00  0.000000e+00  0.000000e+00  0.000000e+00  0.000000e+00  0.000000e+00  0.000000e+00  0.000000e+00  0.000000e+00  0.000000e+00  0.000000e+00  0.000000e+00  0.000000e+00  0.000000e+00
2.116992e+05  0.000000e+00  0.000000e+00  0.000000e+00  0.000000e+00  0.000000e+00  0.000000e+00  0.000000e+00  0.000000e+00  0.000000e+00  0.000000e+00  0.000000e+00  0.000000e+00  0.000000e+00  0.000000e+00  0.000000e+00  0.000000e+00
2.375304e+05  0.000000e+00  0.000000e+00  0.000000e+00  0.000000e+00  0.000000e+00  0.000000e+00  0.000000e+00  0.000000e+00  0.000000e+00  0.000000e+00  0.000000e+00  0.000000e+00  0.000000e+00  0.000000e+00  0.000000e+00  0.000000e+00
2.665135e+05  0.000000e+00  0.000000e+00  0.000000e+00  0.000000e+00  0.000000e+00  0.000000e+00  0.000000e+00  0.000000e+00  0.000000e+00  0.000000e+00  0.000000e+00  0.000000e+00  0.000000e+00  0.000000e+00  0.000000e+00  0.000000e+00
2.990330e+05  0.000000e+00  0.000000e+00  0.000000e+00  0.000000e+00  0.000000e+00  0.000000e+00  0.000000e+00  0.000000e+00  0.000000e+00  0.000000e+00  0.000000e+00  0.000000e+00  0.000000e+00  0.000000e+00  0.000000e+00  0.000000e+00
3.355206e+05  0.000000e+00  0.000000e+00  0.000000e+00  0.000000e+00  0.000000e+00  0.000000e+00  0.000000e+00  0.000000e+00  0.000000e+00  0.000000e+00  0.000000e+00  0.000000e+00  0.000000e+00  0.000000e+00  0.000000e+00  0.000000e+00
3.764603e+05  0.000000e+00  0.000000e+00  0.000000e+00  0.000000e+00  0.000000e+00  0.000000e+00  0.000000e+00  0.000000e+00  0.000000e+00  0.000000e+00  0.000000e+00  0.000000e+00  0.000000e+00  0.000000e+00  0.000000e+00  0.000000e+00
4.223954e+05  0.000000e+00  0.000000e+00  0.000000e+00  0.000000e+00  0.000000e+00  0.000000e+00  0.000000e+00  0.000000e+00  0.000000e+00  0.000000e+00  0.000000e+00  0.000000e+00  0.000000e+00  0.000000e+00  0.000000e+00  0.000000e+00
4.739354e+05  0.000000e+00  0.000000e+00  0.000000e+00  0.000000e+00  0.000000e+00  0.000000e+00  0.000000e+00  0.000000e+00  0.000000e+00  0.000000e+00  0.000000e+00  0.000000e+00  0.000000e+00  0.000000e+00  0.000000e+00  0.000000e+00
5.317643e+05  0.000000e+00  0.000000e+00  0.000000e+00  0.000000e+00  0.000000e+00  0.000000e+00  0.000000e+00  0.000000e+00  0.000000e+00  0.000000e+00  0.000000e+00  0.000000e+00  0.000000e+00  0.000000e+00  0.000000e+00  0.000000e+00
5.966493e+05  0.000000e+00  0.000000e+00  0.000000e+00  0.000000e+00  0.000000e+00  0.000000e+00  0.000000e+00  0.000000e+00  0.000000e+00  0.000000e+00  0.000000e+00  0.000000e+00  0.000000e+00  0.000000e+00  0.000000e+00  0.000000e+00
6.694516e+05  0.000000e+00  0.000000e+00  0.000000e+00  0.000000e+00  0.000000e+00  0.000000e+00  0.000000e+00  0.000000e+00  0.000000e+00  0.000000e+00  0.000000e+00  0.000000e+00  0.000000e+00  0.000000e+00  0.000000e+00  0.000000e+00
7.511370e+05  0.000000e+00  0.000000e+00  0.000000e+00  0.000000e+00  0.000000e+00  0.000000e+00  0.000000e+00  0.000000e+00  0.000000e+00  0.000000e+00  0.000000e+00  0.000000e+00  0.000000e+00  0.000000e+00  0.000000e+00  0.000000e+00
8.427896e+05  0.000000e+00  0.000000e+00  0.000000e+00  0.000000e+00  0.000000e+00  0.000000e+00  0.000000e+00  0.000000e+00  0.000000e+00  0.000000e+00  0.000000e+00  0.000000e+00  0.000000e+00  0.000000e+00  0.000000e+00  0.000000e+00
9.456255e+05  0.000000e+00  0.000000e+00  0.000000e+00  0.000000e+00  0.000000e+00  0.000000e+00  0.000000e+00  0.000000e+00  0.000000e+00  0.000000e+00  0.000000e+00  0.000000e+00  0.000000e+00  0.000000e+00  0.000000e+00  0.000000e+00
