# dR/dEr [1/keV/kg/Myr]
# Er [keV], S, F, Ne, Cl, Na, Si, O, P, N, C, Al, Mg, Be, B, Ar, Li
1.061009e+01  1.033381e+01  7.984949e+00  0.000000e+00  0.000000e+00  3.169574e+00  0.000000e+00  6.739340e-01  0.000000e+00  0.000000e+00  0.000000e+00  0.000000e+00  0.000000e+00  4.249666e-02  0.000000e+00  0.000000e+00  0.000000e+00
1.190472e+01  3.788148e+00  9.232043e-01  0.000000e+00  0.000000e+00  1.209165e+00  0.000000e+00  0.000000e+00  0.000000e+00  0.000000e+00  0.000000e+00  0.000000e+00  0.000000e+00  0.000000e+00  0.000000e+00  0.000000e+00  0.000000e+00
1.335731e+01  5.552513e+00  1.142619e+00  0.000000e+00  0.000000e+00  0.000000e+00  0.000000e+00  0.000000e+00  0.000000e+00  0.000000e+00  0.000000e+00  0.000000e+00  0.000000e+00  0.000000e+00  0.000000e+00  0.000000e+00  0.000000e+00
1.498715e+01  1.396950e+00  1.681888e+00  0.000000e+00  0.000000e+00  5.939369e-01  0.000000e+00  2.293720e-01  0.000000e+00  0.000000e+00  0.000000e+00  0.000000e+00  0.000000e+00  0.000000e+00  0.000000e+00  0.000000e+00  0.000000e+00
1.681586e+01  3.454057e+00  1.741199e+00  4.978015e-01  0.000000e+00  9.799803e-01  2.044280e-01  0.000000e+00  0.000000e+00  0.000000e+00  0.000000e+00  0.000000e+00  0.000000e+00  0.000000e+00  0.000000e+00  0.000000e+00  0.000000e+00
1.886771e+01  2.361570e+00  1.912217e+00  0.000000e+00  0.000000e+00  4.436660e-01  0.000000e+00  0.000000e+00  0.000000e+00  0.000000e+00  0.000000e+00  0.000000e+00  0.000000e+00  0.000000e+00  0.000000e+00  0.000000e+00  0.000000e+00
2.116992e+01  2.409848e+00  2.127631e+00  0.000000e+00  0.000000e+00  4.818347e-01  0.000000e+00  2.107241e-01  0.000000e+00  0.000000e+00  0.000000e+00  1.907228e-01  0.000000e+00  0.000000e+00  0.000000e+00  0.000000e+00  0.000000e+00
2.375304e+01  4.453450e+00  8.708455e-01  6.062368e-01  0.000000e+00  1.235645e+00  0.000000e+00  3.524165e-01  0.000000e+00  0.000000e+00  0.000000e+00  0.000000e+00  0.000000e+00  0.000000e+00  0.000000e+00  0.000000e+00  0.000000e+00
2.665135e+01  3.929506e+00  2.033655e+00  1.673841e-01  1.990375e-02  2.661248e-01  0.000000e+00  0.000000e+00  4.605645e-01  0.000000e+00  0.000000e+00  0.000000e+00  0.000000e+00  0.000000e+00  0.000000e+00  0.000000e+00  0.000000e+00
2.990330e+01  4.442981e+00  2.029151e+00  2.029610e-01  0.000000e+00  3.660007e-01  0.000000e+00  2.641395e-01  0.000000e+00  0.000000e+00  0.000000e+00  5.649589e-02  0.000000e+00  2.735607e-01  0.000000e+00  0.000000e+00  0.000000e+00
3.355206e+01  5.682264e+00  1.577626e+00  2.176377e-01  0.000000e+00  4.369750e-01  0.000000e+00  6.508347e-01  0.000000e+00  0.000000e+00  0.000000e+00  2.481016e-01  0.000000e+00  2.902502e-01  0.000000e+00  0.000000e+00  0.000000e+00
3.764603e+01  6.466838e+00  1.276360e+00  2.425458e-03  1.184989e-01  8.706836e-01  0.000000e+00  2.124110e-02  0.000000e+00  0.000000e+00  0.000000e+00  0.000000e+00  0.000000e+00  3.823741e-03  0.000000e+00  0.000000e+00  0.000000e+00
4.223954e+01  5.763010e+00  2.889004e+00  1.243171e-01  0.000000e+00  1.398086e+00  0.000000e+00  1.661764e-01  0.000000e+00  0.000000e+00  0.000000e+00  9.142148e-02  0.000000e+00  1.199761e+00  0.000000e+00  0.000000e+00  0.000000e+00
4.739354e+01  7.951487e+00  3.156960e+00  9.412699e-02  2.482027e-01  3.714879e-01  0.000000e+00  3.387020e-01  0.000000e+00  0.000000e+00  0.000000e+00  0.000000e+00  0.000000e+00  4.238503e-01  0.000000e+00  0.000000e+00  0.000000e+00
5.317643e+01  7.072989e+00  1.739389e+00  2.324273e-01  0.000000e+00  1.000771e+00  0.000000e+00  4.496964e-01  0.000000e+00  0.000000e+00  0.000000e+00  7.592810e-02  0.000000e+00  0.000000e+00  0.000000e+00  0.000000e+00  0.000000e+00
5.966493e+01  9.296951e+00  3.359546e+00  2.591731e-01  1.323834e-01  7.373127e-01  0.000000e+00  5.502386e-01  0.000000e+00  0.000000e+00  0.000000e+00  1.119821e-01  0.000000e+00  3.760493e-02  0.000000e+00  0.000000e+00  0.000000e+00
6.694516e+01  1.021776e+01  2.817066e+00  4.357102e-01  0.000000e+00  1.301654e+00  0.000000e+00  1.329659e-01  0.000000e+00  4.573831e-02  0.000000e+00  2.171128e-01  0.000000e+00  2.925920e+00  0.000000e+00  0.000000e+00  0.000000e+00
7.511370e+01  1.072308e+01  3.961370e+00  4.492319e-01  1.429809e-01  8.256940e-01  0.000000e+00  3.302298e-01  0.000000e+00  0.000000e+00  0.000000e+00  6.990867e-02  0.000000e+00  8.479282e+02  0.000000e+00  0.000000e+00  0.000000e+00
8.427896e+01  1.362861e+01  4.289076e+00  2.450885e-01  3.584986e-01  1.120241e+00  0.000000e+00  6.521847e-01  0.000000e+00  0.000000e+00  0.000000e+00  0.000000e+00  0.000000e+00  1.030745e+03  0.000000e+00  0.000000e+00  0.000000e+00
9.456255e+01  1.342319e+01  3.336832e+00  3.882179e-01  1.685635e-01  1.070259e+00  0.000000e+00  1.672660e-01  0.000000e+00  3.276875e-02  0.000000e+00  3.885120e-04  0.000000e+00  7.854958e+02  0.000000e+00  0.000000e+00  0.000000e+00
1.061009e+02  1.567094e+01  4.428815e+00  2.830216e-01  5.754846e-02  1.402587e+00  0.000000e+00  2.806508e-01  0.000000e+00  0.000000e+00  6.297215e-02  1.913350e-01  0.000000e+00  5.936987e+02  0.000000e+00  0.000000e+00  0.000000e+00
1.190472e+02  1.687724e+01  5.636361e+00  5.827792e-01  9.240070e-02  1.412944e+00  0.000000e+00  2.056467e-01  0.000000e+00  2.887622e-02  1.220915e-01  5.223218e+02  0.000000e+00  4.378025e+02  0.000000e+00  3.440235e-02  0.000000e+00
1.335731e+02  1.897813e+01  5.985548e+00  4.563392e-01  6.835870e-04  1.549020e+00  0.000000e+00  2.348420e-01  0.000000e+00  0.000000e+00  0.000000e+00  4.389963e+02  0.000000e+00  3.231366e+02  0.000000e+00  0.000000e+00  0.000000e+00
1.498715e+02  4.619678e+01  7.002217e+00  3.034880e-01  9.683531e-02  8.810781e-01  0.000000e+00  4.901279e-01  0.000000e+00  5.120992e-02  8.340551e-02  3.280821e+02  0.000000e+00  2.417205e+02  0.000000e+00  0.000000e+00  0.000000e+00
1.681586e+02  6.626116e+01  7.133152e+00  4.341521e-01  9.799803e-02  8.061908e-01  2.184764e-04  5.417738e-01  0.000000e+00  6.705901e-02  0.000000e+00  2.455342e+02  0.000000e+00  1.781102e+02  0.000000e+00  0.000000e+00  0.000000e+00
1.886771e+02  3.877941e+01  8.280657e+00  3.246888e-01  9.592604e-02  1.696390e+00  4.186329e-02  5.434209e-01  3.041911e-02  3.041911e-02  0.000000e+00  1.809744e+02  0.000000e+00  1.294639e+02  0.000000e+00  0.000000e+00  0.000000e+00
2.116992e+02  1.698047e+01  1.040874e+01  4.030809e-01  2.617832e-01  7.547003e-01  2.711106e-02  3.939424e-01  0.000000e+00  0.000000e+00  1.735419e-04  1.440499e+02  0.000000e+00  8.807678e+01  0.000000e+00  4.313142e-04  0.000000e+00
2.375304e+02  1.237274e+01  5.216150e+01  6.042097e-01  2.084939e-01  1.066732e+00  1.107889e-02  4.791682e-01  5.012896e-02  0.000000e+00  1.447239e-02  1.075009e+02  0.000000e+00  6.471809e+01  0.000000e+00  4.740864e-02  0.000000e+00
2.665135e+02  1.020160e+01  4.359593e+01  6.037598e-01  1.877952e-01  1.549867e+00  2.739896e-02  3.593785e-01  0.000000e+00  2.153508e-02  4.146546e-02  7.836235e+01  0.000000e+00  4.439224e+01  0.000000e+00  0.000000e+00  0.000000e+00
2.990330e+02  6.324039e+00  6.699173e+00  3.365422e-01  1.214666e-01  1.170055e+00  5.344242e-03  6.908716e-01  1.936864e-04  4.813805e-04  1.036239e-02  5.924983e+01  0.000000e+00  3.310729e+01  0.000000e+00  0.000000e+00  0.000000e+00
3.355206e+02  5.623543e+00  6.064865e+00  3.975061e-01  1.691675e-01  1.229021e+00  1.710592e-02  4.966146e-01  1.568650e-02  1.329579e-02  4.490071e-02  4.439759e+01  6.687207e-03  2.355129e+01  0.000000e+00  0.000000e+00  1.030980e-03
3.764603e+02  3.738987e+00  4.518880e+00  5.235195e-01  1.900529e-01  1.369195e+00  2.136516e-02  3.448852e-01  0.000000e+00  1.939698e-02  0.000000e+00  2.866344e+01  0.000000e+00  1.702071e+01  0.000000e+00  0.000000e+00  0.000000e+00
4.223954e+02  2.418288e+00  3.861488e+00  3.187473e-01  1.690013e-01  1.179625e+00  1.069834e-02  4.679221e-01  4.381226e-02  1.372484e-02  3.462623e-02  2.215068e+01  0.000000e+00  8.977567e+00  0.000000e+00  2.161692e-04  0.000000e+00
4.739354e+02  1.996789e+00  3.189973e+00  4.531064e-01  2.606607e-01  1.029256e+00  2.351041e-02  4.937946e-01  4.472764e-02  2.589945e-02  0.000000e+00  1.407334e+01  0.000000e+00  6.137487e+00  2.589945e-02  0.000000e+00  0.000000e+00
5.317643e+02  1.591158e+00  2.107160e+00  4.966895e-01  1.336486e-01  1.031280e+00  3.036480e-02  3.810413e-01  4.713116e-02  4.721385e-02  1.938347e-02  1.169139e+01  0.000000e+00  4.720566e+00  6.908829e-05  2.117666e-02  0.000000e+00
5.966493e+02  1.422625e+00  1.890905e+00  5.122213e-01  2.589974e-01  9.975305e-01  4.215090e-02  4.112123e-01  4.438972e-02  2.012780e-02  1.371051e-02  8.161779e+00  0.000000e+00  3.232252e+00  0.000000e+00  2.412617e-04  0.000000e+00
6.694516e+02  1.114380e+00  1.602556e+00  6.105051e-01  3.533992e-01  9.750474e-01  3.916585e-02  4.840290e-01  2.873414e-02  2.341193e-02  9.708830e-03  5.690670e+00  0.000000e+00  1.948008e+00  0.000000e+00  0.000000e+00  0.000000e+00
7.511370e+02  9.011871e-01  1.250402e+00  4.104520e-01  2.838574e-01  6.429074e-01  1.005553e-02  3.590207e-01  3.465930e-02  3.110365e-02  6.490518e-03  3.840130e+00  0.000000e+00  1.282216e+00  0.000000e+00  0.000000e+00  0.000000e+00
8.427896e+02  5.696913e-01  1.066452e+00  3.664671e-01  2.912350e-01  7.362063e-01  1.930447e-02  4.110594e-01  1.395746e-02  7.360158e-03  2.782396e-02  1.997207e+00  0.000000e+00  6.544653e-01  0.000000e+00  1.741287e-02  0.000000e+00
9.456255e+02  5.715243e-01  8.394159e-01  4.911520e-01  2.148988e-01  6.030995e-01  3.324119e-02  4.308179e-01  4.059714e-02  0.000000e+00  2.389132e-02  1.707048e+00  5.609640e-04  4.908830e-01  0.000000e+00  0.000000e+00  0.000000e+00
1.061009e+03  5.164745e-01  5.954240e-01  4.674073e-01  3.126695e-01  4.976207e-01  3.640893e-02  3.870768e-01  3.146469e-02  5.633568e-02  1.079627e-02  1.182361e+00  0.000000e+00  1.999193e-01  3.385852e-03  2.114681e-03  0.000000e+00
1.190472e+03  3.493686e-01  5.108107e-01  4.232985e-01  3.173567e-01  3.449303e-01  4.035828e-02  2.470661e-01  4.119297e-02  1.726074e-02  2.989538e-02  7.099281e-01  0.000000e+00  2.013406e-01  0.000000e+00  0.000000e+00  0.000000e+00
1.335731e+03  3.493570e-01  4.701285e-01  3.508042e-01  2.348626e-01  2.916772e-01  2.029010e-02  3.048067e-01  1.928499e-02  3.325395e-02  8.178972e-03  3.468224e-01  0.000000e+00  7.844657e-02  1.098678e-02  0.000000e+00  0.000000e+00
1.498715e+03  2.189731e-01  3.453001e-01  2.757252e-01  2.685119e-01  2.113714e-01  5.979848e-02  2.815490e-01  5.816671e-02  5.276121e-02  1.548588e-02  1.938966e-01  5.335523e-04  1.098102e-01  0.000000e+00  0.000000e+00  1.162365e-03
1.681586e+03  1.015628e-01  3.447856e-01  2.256750e-01  2.278829e-01  2.601412e-01  2.755434e-02  2.017220e-01  4.014737e-02  3.786143e-02  2.957554e-02  2.139697e-01  0.000000e+00  5.463565e-02  8.349121e-03  0.000000e+00  2.057076e-04
1.886771e+03  1.393664e-01  2.167220e-01  2.352457e-01  2.791874e-01  2.106818e-01  3.416977e-02  1.782941e-01  4.044235e-02  2.739470e-02  2.767112e-02  1.075044e-01  6.700008e-03  3.870206e-03  9.066002e-03  1.194882e-04  0.000000e+00
2.116992e+03  9.848291e-02  2.264957e-01  1.489538e-01  1.713192e-01  8.663854e-02  3.042041e-02  1.405680e-01  3.490487e-02  9.405844e-03  1.936801e-02  5.766762e-02  3.150299e-03  2.105726e-02  4.313142e-05  0.000000e+00  4.313142e-05
2.375304e+03  4.539537e-02  1.274399e-01  1.442391e-01  2.567885e-01  9.451051e-02  5.426031e-02  1.285938e-01  3.044443e-02  1.776285e-02  6.799762e-03  6.276869e-02  2.438367e-05  0.000000e+00  1.699818e-03  0.000000e+00  2.828330e-03
2.665135e+03  4.861268e-02  1.017047e-01  1.121440e-01  2.269935e-01  4.546431e-02  2.886990e-02  8.056594e-02  5.506698e-02  1.392258e-02  2.917533e-02  3.732334e-02  1.109866e-02  5.802223e-03  3.069402e-03  0.000000e+00  5.753665e-03
2.990330e+03  1.410617e-02  7.318006e-02  7.561990e-02  1.721692e-01  3.807106e-02  4.114375e-02  5.860892e-02  3.123674e-02  1.722819e-02  1.601190e-02  3.110393e-02  3.111562e-03  0.000000e+00  2.783745e-03  0.000000e+00  8.604301e-03
3.355206e+03  1.328529e-02  8.647176e-02  8.230824e-02  1.786925e-01  1.669794e-02  3.878439e-02  3.378533e-02  2.154429e-02  1.106314e-02  1.357246e-02  8.070784e-03  5.370823e-03  4.090956e-03  5.035202e-04  0.000000e+00  3.816385e-05
3.764603e+03  4.420306e-03  3.311356e-02  5.858049e-02  1.090357e-01  1.464314e-02  3.607883e-02  2.190938e-02  1.651581e-02  8.636539e-03  1.654748e-02  1.349129e-02  1.404407e-03  9.758981e-06  4.025889e-03  0.000000e+00  5.775660e-03
4.223954e+03  9.598051e-04  2.262948e-02  2.533898e-02  8.522393e-02  7.482486e-03  1.624474e-02  1.919199e-02  2.100220e-02  1.225321e-02  1.185102e-02  1.017861e-02  2.536618e-03  0.000000e+00  4.416368e-03  0.000000e+00  3.507137e-03
4.739354e+03  1.107978e-03  1.874342e-02  2.991276e-02  8.210750e-02  7.200857e-03  1.866322e-02  5.872528e-03  1.653287e-02  5.734554e-03  8.023308e-03  8.039440e-03  3.188565e-03  4.756909e-05  2.610275e-04  0.000000e+00  1.204052e-03
5.317643e+03  3.390638e-03  1.845357e-02  2.192029e-02  5.032863e-02  1.264325e-03  1.499794e-02  2.798320e-03  2.808505e-02  1.141153e-02  9.807857e-03  4.050324e-03  3.802512e-03  0.000000e+00  4.065950e-03  0.000000e+00  4.169861e-03
5.966493e+03  1.903658e-03  8.794244e-03  1.246871e-02  3.345250e-02  2.851322e-03  1.790108e-02  2.833417e-03  1.462142e-02  5.358921e-03  9.866424e-03  2.678466e-04  8.200266e-04  0.000000e+00  1.157606e-03  0.000000e+00  1.947258e-03
6.694516e+03  8.651654e-06  6.463898e-03  9.044080e-03  2.595926e-02  9.734145e-04  2.711229e-02  1.173416e-03  7.638453e-03  6.774898e-03  8.854175e-03  5.909530e-03  5.366615e-03  0.000000e+00  8.447112e-04  0.000000e+00  5.167140e-05
7.511370e+03  4.051643e-04  5.543827e-03  7.808253e-03  1.280458e-02  2.166514e-03  1.451484e-02  2.960425e-03  6.671787e-03  1.849971e-03  4.929041e-03  3.571666e-04  1.994750e-03  0.000000e+00  1.305129e-04  0.000000e+00  5.743418e-03
8.427896e+03  7.927725e-04  4.818713e-03  3.857183e-03  5.377647e-03  9.823933e-04  1.956460e-02  3.175500e-03  1.617599e-02  2.504502e-03  2.284594e-03  3.449177e-03  3.525554e-03  0.000000e+00  8.002122e-05  0.000000e+00  1.373862e-03
9.456255e+03  0.000000e+00  1.315439e-03  4.090991e-03  1.104149e-02  1.046898e-03  1.232508e-02  9.655923e-06  5.620962e-03  3.410412e-03  2.061369e-03  5.596325e-03  4.488030e-03  0.000000e+00  1.924186e-03  0.000000e+00  1.786557e-04
1.061009e+04  0.000000e+00  3.180894e-03  1.307284e-03  6.682961e-03  3.891478e-04  9.362586e-03  1.574937e-03  3.476099e-03  1.727942e-04  2.778953e-03  3.170967e-03  2.679569e-03  0.000000e+00  5.458824e-06  0.000000e+00  1.702080e-03
1.190472e+04  0.000000e+00  3.147275e-05  2.905697e-05  3.736108e-03  0.000000e+00  3.192877e-03  3.086061e-06  3.866575e-04  9.730365e-06  2.968251e-03  4.313981e-03  1.212687e-03  0.000000e+00  5.144108e-04  0.000000e+00  8.978841e-04
1.335731e+04  0.000000e+00  1.034466e-03  1.904039e-03  4.551412e-03  0.000000e+00  2.429897e-03  1.077677e-05  1.013369e-03  1.223931e-04  2.378958e-03  1.378251e-03  4.572870e-04  0.000000e+00  0.000000e+00  0.000000e+00  8.979878e-04
1.498715e+04  0.000000e+00  9.296333e-04  5.335523e-05  4.610302e-04  0.000000e+00  1.723452e-03  0.000000e+00  2.047594e-03  1.497079e-04  4.608514e-04  1.218495e-05  1.338072e-03  0.000000e+00  9.957027e-06  0.000000e+00  1.464490e-03
1.681586e+04  0.000000e+00  1.266511e-04  3.444285e-06  2.675027e-04  0.000000e+00  2.949804e-03  2.184764e-06  3.572227e-04  0.000000e+00  4.755290e-05  3.154532e-05  2.913105e-05  0.000000e+00  1.104093e-03  0.000000e+00  1.210786e-03
1.886771e+04  0.000000e+00  2.399575e-04  0.000000e+00  6.601412e-04  0.000000e+00  1.800361e-03  0.000000e+00  1.459553e-03  0.000000e+00  0.000000e+00  7.201857e-04  6.960160e-04  0.000000e+00  1.144391e-03  0.000000e+00  1.162903e-03
2.116992e+04  0.000000e+00  1.735419e-06  0.000000e+00  5.678893e-04  0.000000e+00  8.535099e-06  0.000000e+00  3.156084e-04  0.000000e+00  0.000000e+00  0.000000e+00  5.798164e-04  0.000000e+00  1.613152e-03  0.000000e+00  3.156084e-04
2.375304e+04  0.000000e+00  0.000000e+00  0.000000e+00  1.546694e-06  0.000000e+00  3.546265e-04  1.456298e-05  6.728002e-05  0.000000e+00  9.445932e-05  3.443925e-04  4.876735e-06  0.000000e+00  0.000000e+00  0.000000e+00  8.636268e-04
2.665135e+04  0.000000e+00  1.297927e-05  0.000000e+00  5.235659e-04  0.000000e+00  0.000000e+00  0.000000e+00  0.000000e+00  0.000000e+00  8.459113e-06  0.000000e+00  0.000000e+00  0.000000e+00  0.000000e+00  0.000000e+00  1.297927e-05
2.990330e+04  0.000000e+00  0.000000e+00  0.000000e+00  1.023953e-04  0.000000e+00  0.000000e+00  0.000000e+00  0.000000e+00  0.000000e+00  0.000000e+00  0.000000e+00  1.558377e-04  0.000000e+00  3.270031e-04  0.000000e+00  1.787681e-04
3.355206e+04  0.000000e+00  0.000000e+00  0.000000e+00  0.000000e+00  0.000000e+00  0.000000e+00  0.000000e+00  0.000000e+00  0.000000e+00  0.000000e+00  0.000000e+00  2.721409e-06  0.000000e+00  3.356275e-04  0.000000e+00  1.343863e-05
3.764603e+04  0.000000e+00  0.000000e+00  0.000000e+00  2.124110e-05  0.000000e+00  0.000000e+00  0.000000e+00  0.000000e+00  0.000000e+00  0.000000e+00  0.000000e+00  8.133549e-05  0.000000e+00  2.124110e-05  0.000000e+00  9.758981e-07
4.223954e+04  0.000000e+00  0.000000e+00  0.000000e+00  1.255842e-05  0.000000e+00  0.000000e+00  0.000000e+00  4.396884e-04  0.000000e+00  0.000000e+00  0.000000e+00  9.279268e-05  0.000000e+00  0.000000e+00  0.000000e+00  0.000000e+00
4.739354e+04  0.000000e+00  0.000000e+00  0.000000e+00  0.000000e+00  0.000000e+00  0.000000e+00  0.000000e+00  7.751834e-07  0.000000e+00  0.000000e+00  0.000000e+00  1.196789e-05  0.000000e+00  6.460708e-05  0.000000e+00  0.000000e+00
5.317643e+04  0.000000e+00  0.000000e+00  0.000000e+00  0.000000e+00  0.000000e+00  0.000000e+00  0.000000e+00  0.000000e+00  0.000000e+00  0.000000e+00  0.000000e+00  0.000000e+00  0.000000e+00  0.000000e+00  0.000000e+00  0.000000e+00
5.966493e+04  0.000000e+00  0.000000e+00  0.000000e+00  0.000000e+00  0.000000e+00  0.000000e+00  0.000000e+00  0.000000e+00  0.000000e+00  0.000000e+00  0.000000e+00  0.000000e+00  0.000000e+00  0.000000e+00  0.000000e+00  0.000000e+00
6.694516e+04  0.000000e+00  0.000000e+00  0.000000e+00  0.000000e+00  0.000000e+00  0.000000e+00  0.000000e+00  0.000000e+00  0.000000e+00  0.000000e+00  0.000000e+00  0.000000e+00  0.000000e+00  0.000000e+00  0.000000e+00  2.442064e-05
7.511370e+04  0.000000e+00  0.000000e+00  0.000000e+00  0.000000e+00  0.000000e+00  0.000000e+00  0.000000e+00  0.000000e+00  0.000000e+00  0.000000e+00  0.000000e+00  0.000000e+00  0.000000e+00  0.000000e+00  0.000000e+00  1.849971e-04
8.427896e+04  0.000000e+00  0.000000e+00  0.000000e+00  0.000000e+00  0.000000e+00  0.000000e+00  0.000000e+00  0.000000e+00  0.000000e+00  0.000000e+00  0.000000e+00  0.000000e+00  0.000000e+00  0.000000e+00  0.000000e+00  0.000000e+00
9.456255e+04  0.000000e+00  0.000000e+00  0.000000e+00  0.000000e+00  0.000000e+00  0.000000e+00  0.000000e+00  0.000000e+00  0.000000e+00  0.000000e+00  0.000000e+00  0.000000e+00  0.000000e+00  0.000000e+00  0.000000e+00  0.000000e+00
1.061009e+05  0.000000e+00  0.000000e+00  0.000000e+00  0.000000e+00  0.000000e+00  0.000000e+00  0.000000e+00  0.000000e+00  0.000000e+00  0.000000e+00  0.000000e+00  0.000000e+00  0.000000e+00  0.000000e+00  0.000000e+00  0.000000e+00
1.190472e+05  0.000000e+00  0.000000e+00  0.000000e+00  0.000000e+00  0.000000e+00  0.000000e+00  0.000000e+00  0.000000e+00  0.000000e+00  0.000000e+00  0.000000e+00  0.000000e+00  0.000000e+00  0.000000e+00  0.000000e+00  0.000000e+00
1.335731e+05  0.000000e+00  0.000000e+00  0.000000e+00  0.000000e+00  0.000000e+00  0.000000e+00  0.000000e+00  0.000000e+00  0.000000e+00  0.000000e+00  0.000000e+00  0.000000e+00  0.000000e+00  0.000000e+00  0.000000e+00  0.000000e+00
1.498715e+05  0.000000e+00  0.000000e+00  0.000000e+00  0.000000e+00  0.000000e+00  0.000000e+00  0.000000e+00  0.000000e+00  0.000000e+00  0.000000e+00  0.000000e+00  0.000000e+00  0.000000e+00  0.000000e+00  0.000000e+00  0.000000e+00
1.681586e+05  0.000000e+00  0.000000e+00  0.000000e+00  0.000000e+00  0.000000e+00  0.000000e+00  0.000000e+00  0.000000e+00  0.000000e+00  0.000000e+00  0.000000e+00  0.000000e+00  0.000000e+00  0.000000e+00  0.000000e+00  0.000000e+00
1.886771e+05  0.000000e+00  0.000000e+00  0.000000e+00  0.000000e+00  0.000000e+00  0.000000e+00  0.000000e+00  0.000000e+00  0.000000e+00  0.000000e+00  0.000000e+00  0.000000e+00  0.000000e+00  0.000000e+00  0.000000e+00  0.000000e+00
2.116992e+05  0.000000e+00  0.000000e+00  0.000000e+00  0.000000e+00  0.000000e+00  0.000000e+00  0.000000e+00  0.000000e+00  0.000000e+00  0.000000e+00  0.000000e+00  0.000000e+00  0.000000e+00  0.000000e+00  0.000000e+00  0.000000e+00
2.375304e+05  0.000000e+00  0.000000e+00  0.000000e+00  0.000000e+00  0.000000e+00  0.000000e+00  0.000000e+00  0.000000e+00  0.000000e+00  0.000000e+00  0.000000e+00  0.000000e+00  0.000000e+00  0.000000e+00  0.000000e+00  0.000000e+00
2.665135e+05  0.000000e+00  0.000000e+00  0.000000e+00  0.000000e+00  0.000000e+00  0.000000e+00  0.000000e+00  0.000000e+00  0.000000e+00  0.000000e+00  0.000000e+00  0.000000e+00  0.000000e+00  0.000000e+00  0.000000e+00  0.000000e+00
2.990330e+05  0.000000e+00  0.000000e+00  0.000000e+00  0.000000e+00  0.000000e+00  0.000000e+00  0.000000e+00  0.000000e+00  0.000000e+00  0.000000e+00  0.000000e+00  0.000000e+00  0.000000e+00  0.000000e+00  0.000000e+00  0.000000e+00
3.355206e+05  0.000000e+00  0.000000e+00  0.000000e+00  0.000000e+00  0.000000e+00  0.000000e+00  0.000000e+00  0.000000e+00  0.000000e+00  0.000000e+00  0.000000e+00  0.000000e+00  0.000000e+00  0.000000e+00  0.000000e+00  0.000000e+00
3.764603e+05  0.000000e+00  0.000000e+00  0.000000e+00  0.000000e+00  0.000000e+00  0.000000e+00  0.000000e+00  0.000000e+00  0.000000e+00  0.000000e+00  0.000000e+00  0.000000e+00  0.000000e+00  0.000000e+00  0.000000e+00  0.000000e+00
4.223954e+05  0.000000e+00  0.000000e+00  0.000000e+00  0.000000e+00  0.000000e+00  0.000000e+00  0.000000e+00  0.000000e+00  0.000000e+00  0.000000e+00  0.000000e+00  0.000000e+00  0.000000e+00  0.000000e+00  0.000000e+00  0.000000e+00
4.739354e+05  0.000000e+00  0.000000e+00  0.000000e+00  0.000000e+00  0.000000e+00  0.000000e+00  0.000000e+00  0.000000e+00  0.000000e+00  0.000000e+00  0.000000e+00  0.000000e+00  0.000000e+00  0.000000e+00  0.000000e+00  0.000000e+00
5.317643e+05  0.000000e+00  0.000000e+00  0.000000e+00  0.000000e+00  0.000000e+00  0.000000e+00  0.000000e+00  0.000000e+00  0.000000e+00  0.000000e+00  0.000000e+00  0.000000e+00  0.000000e+00  0.000000e+00  0.000000e+00  0.000000e+00
5.966493e+05  0.000000e+00  0.000000e+00  0.000000e+00  0.000000e+00  0.000000e+00  0.000000e+00  0.000000e+00  0.000000e+00  0.000000e+00  0.000000e+00  0.000000e+00  0.000000e+00  0.000000e+00  0.000000e+00  0.000000e+00  0.000000e+00
6.694516e+05  0.000000e+00  0.000000e+00  0.000000e+00  0.000000e+00  0.000000e+00  0.000000e+00  0.000000e+00  0.000000e+00  0.000000e+00  0.000000e+00  0.000000e+00  0.000000e+00  0.000000e+00  0.000000e+00  0.000000e+00  0.000000e+00
7.511370e+05  0.000000e+00  0.000000e+00  0.000000e+00  0.000000e+00  0.000000e+00  0.000000e+00  0.000000e+00  0.000000e+00  0.000000e+00  0.000000e+00  0.000000e+00  0.000000e+00  0.000000e+00  0.000000e+00  0.000000e+00  0.000000e+00
8.427896e+05  0.000000e+00  0.000000e+00  0.000000e+00  0.000000e+00  0.000000e+00  0.000000e+00  0.000000e+00  0.000000e+00  0.000000e+00  0.000000e+00  0.000000e+00  0.000000e+00  0.000000e+00  0.000000e+00  0.000000e+00  0.000000e+00
9.456255e+05  0.000000e+00  0.000000e+00  0.000000e+00  0.000000e+00  0.000000e+00  0.000000e+00  0.000000e+00  0.000000e+00  0.000000e+00  0.000000e+00  0.000000e+00  0.000000e+00  0.000000e+00  0.000000e+00  0.000000e+00  0.000000e+00
