# dR/dEr [1/keV/kg/Myr]
# Er [keV], S, F, Ne, Cl, Na, Si, O, P, N, C, Al, Mg, Be, B, Ar, Li
1.061009e+01  2.929099e+03  2.087757e+03  0.000000e+00  0.000000e+00  6.143769e+02  0.000000e+00  2.145023e+02  0.000000e+00  0.000000e+00  0.000000e+00  0.000000e+00  0.000000e+00  9.961558e-01  0.000000e+00  0.000000e+00  0.000000e+00
1.190472e+01  1.135252e+03  1.539336e+02  0.000000e+00  0.000000e+00  3.542187e+02  0.000000e+00  0.000000e+00  0.000000e+00  0.000000e+00  0.000000e+00  0.000000e+00  0.000000e+00  0.000000e+00  0.000000e+00  0.000000e+00  0.000000e+00
1.335731e+01  1.564356e+03  3.364437e+02  0.000000e+00  0.000000e+00  0.000000e+00  0.000000e+00  0.000000e+00  0.000000e+00  0.000000e+00  0.000000e+00  0.000000e+00  0.000000e+00  0.000000e+00  0.000000e+00  0.000000e+00  0.000000e+00
1.498715e+01  4.182085e+02  3.585509e+02  0.000000e+00  0.000000e+00  1.717461e+02  0.000000e+00  7.518300e+01  0.000000e+00  0.000000e+00  0.000000e+00  0.000000e+00  0.000000e+00  0.000000e+00  0.000000e+00  0.000000e+00  0.000000e+00
1.681586e+01  1.035229e+03  2.950769e+02  1.523244e+02  0.000000e+00  2.823944e+02  6.700692e+01  0.000000e+00  0.000000e+00  0.000000e+00  0.000000e+00  0.000000e+00  0.000000e+00  0.000000e+00  0.000000e+00  0.000000e+00  0.000000e+00
1.886771e+01  7.164476e+02  4.069645e+02  0.000000e+00  0.000000e+00  1.357593e+02  0.000000e+00  0.000000e+00  0.000000e+00  0.000000e+00  0.000000e+00  0.000000e+00  0.000000e+00  0.000000e+00  0.000000e+00  0.000000e+00  0.000000e+00
2.116992e+01  7.012946e+02  4.966743e+02  0.000000e+00  0.000000e+00  1.451140e+02  0.000000e+00  6.577863e+01  0.000000e+00  0.000000e+00  0.000000e+00  5.252420e+00  0.000000e+00  0.000000e+00  0.000000e+00  0.000000e+00  0.000000e+00
2.375304e+01  1.286250e+03  2.576507e+02  5.251493e+01  0.000000e+00  2.485568e+02  0.000000e+00  1.078374e+02  0.000000e+00  0.000000e+00  0.000000e+00  0.000000e+00  0.000000e+00  0.000000e+00  0.000000e+00  0.000000e+00  0.000000e+00
2.665135e+01  1.114452e+03  3.472263e+02  5.224982e+01  4.697634e-01  8.534169e+01  0.000000e+00  0.000000e+00  2.170135e+01  0.000000e+00  0.000000e+00  0.000000e+00  0.000000e+00  0.000000e+00  0.000000e+00  0.000000e+00  0.000000e+00
2.990330e+01  1.200663e+03  5.325132e+02  6.717392e+01  0.000000e+00  3.724909e+01  0.000000e+00  8.424846e+01  0.000000e+00  0.000000e+00  0.000000e+00  1.391088e+00  0.000000e+00  9.190981e+00  0.000000e+00  0.000000e+00  0.000000e+00
3.355206e+01  1.561798e+03  3.843691e+02  5.789222e+01  0.000000e+00  1.330643e+02  0.000000e+00  8.485200e+01  0.000000e+00  0.000000e+00  0.000000e+00  8.293080e+00  0.000000e+00  7.907077e+00  0.000000e+00  0.000000e+00  0.000000e+00
3.764603e+01  1.705592e+03  2.465910e+02  5.840825e-02  3.699004e+01  1.265003e+02  0.000000e+00  5.024336e-01  0.000000e+00  0.000000e+00  0.000000e+00  0.000000e+00  0.000000e+00  9.055953e-02  0.000000e+00  0.000000e+00  0.000000e+00
4.223954e+01  1.629633e+03  8.218462e+02  3.622501e+00  0.000000e+00  3.343966e+02  0.000000e+00  5.343258e+01  0.000000e+00  0.000000e+00  0.000000e+00  2.316074e+00  0.000000e+00  8.079327e+01  0.000000e+00  0.000000e+00  0.000000e+00
4.739354e+01  2.283930e+03  8.737897e+02  2.938223e+01  7.036678e+01  1.126341e+02  0.000000e+00  1.067627e+02  0.000000e+00  0.000000e+00  0.000000e+00  0.000000e+00  0.000000e+00  3.961476e+01  0.000000e+00  0.000000e+00  0.000000e+00
5.317643e+01  1.984509e+03  5.187079e+02  7.356334e+01  0.000000e+00  2.478943e+02  0.000000e+00  1.425224e+02  0.000000e+00  0.000000e+00  0.000000e+00  2.091026e+00  0.000000e+00  0.000000e+00  0.000000e+00  0.000000e+00  0.000000e+00
5.966493e+01  2.650811e+03  9.390417e+02  8.105158e+01  4.222425e+01  1.465754e+02  0.000000e+00  1.043813e+02  0.000000e+00  0.000000e+00  0.000000e+00  3.457738e+00  0.000000e+00  9.409711e-01  0.000000e+00  0.000000e+00  0.000000e+00
6.694516e+01  2.873691e+03  7.884041e+02  1.342851e+02  0.000000e+00  3.463198e+02  0.000000e+00  3.844917e+01  0.000000e+00  1.178805e+00  0.000000e+00  1.351190e+01  0.000000e+00  2.839372e+02  0.000000e+00  0.000000e+00  0.000000e+00
7.511370e+01  3.007911e+03  1.008852e+03  9.614895e+01  4.086048e+01  1.976683e+02  0.000000e+00  9.261769e+01  0.000000e+00  0.000000e+00  0.000000e+00  2.037082e+00  0.000000e+00  9.016650e+04  0.000000e+00  0.000000e+00  0.000000e+00
8.427896e+01  3.823039e+03  1.213002e+03  7.315407e+01  9.423266e+01  2.948312e+02  0.000000e+00  1.426485e+02  0.000000e+00  0.000000e+00  0.000000e+00  0.000000e+00  0.000000e+00  1.093090e+05  0.000000e+00  0.000000e+00  0.000000e+00
9.456255e+01  3.833444e+03  9.555745e+02  8.197690e+01  5.024795e+01  2.530987e+02  0.000000e+00  4.766452e+01  0.000000e+00  8.442028e-01  0.000000e+00  9.672846e-03  0.000000e+00  8.223868e+04  0.000000e+00  0.000000e+00  0.000000e+00
1.061009e+02  4.551498e+03  1.230843e+03  7.536162e+01  1.894080e+01  3.601651e+02  0.000000e+00  8.833217e+01  0.000000e+00  0.000000e+00  1.944429e+00  2.466212e+01  0.000000e+00  6.369757e+04  0.000000e+00  0.000000e+00  0.000000e+00
1.190472e+02  4.864593e+03  1.562327e+03  1.605186e+02  2.596421e+01  3.057379e+02  0.000000e+00  4.044824e+01  0.000000e+00  9.464979e+00  7.598299e+00  5.667492e+04  0.000000e+00  4.647862e+04  0.000000e+00  9.459399e-01  0.000000e+00
1.335731e+02  5.511624e+03  1.740606e+03  1.095508e+02  1.646168e-02  4.154615e+02  0.000000e+00  5.623624e+01  0.000000e+00  0.000000e+00  0.000000e+00  4.662544e+04  0.000000e+00  3.403542e+04  0.000000e+00  0.000000e+00  0.000000e+00
1.498715e+02  1.358809e+04  1.990686e+03  9.154105e+01  2.615101e+01  2.538504e+02  0.000000e+00  8.776712e+01  0.000000e+00  1.516281e+01  3.894367e+00  3.494896e+04  0.000000e+00  2.556631e+04  0.000000e+00  0.000000e+00  0.000000e+00
1.681586e+02  1.962129e+04  1.989316e+03  1.096499e+02  2.823944e+01  2.100481e+02  5.439441e-03  1.194078e+02  0.000000e+00  2.774475e+00  0.000000e+00  2.581218e+04  0.000000e+00  1.846269e+04  0.000000e+00  0.000000e+00  0.000000e+00
1.886771e+02  1.135017e+04  2.385933e+03  7.983364e+01  2.963454e+01  4.427326e+02  1.335248e+01  1.096689e+02  8.901575e+00  8.901575e+00  0.000000e+00  1.957052e+04  0.000000e+00  1.385263e+04  0.000000e+00  0.000000e+00  0.000000e+00
2.116992e+02  4.928427e+03  2.939315e+03  1.036350e+02  6.357111e+01  1.810891e+02  7.933537e+00  1.093636e+02  0.000000e+00  0.000000e+00  4.320702e-03  1.505735e+04  0.000000e+00  8.970852e+03  0.000000e+00  1.038662e-02  0.000000e+00
2.375304e+02  3.546274e+03  1.548133e+04  1.694271e+02  6.068772e+01  2.715594e+02  3.712969e+00  1.106115e+02  1.405437e+01  0.000000e+00  4.743726e+00  1.118592e+04  0.000000e+00  6.497908e+03  0.000000e+00  9.592853e+00  0.000000e+00
2.665135e+02  2.907731e+03  1.286472e+04  1.745143e+02  3.441385e+01  3.827732e+02  7.288198e+00  8.509316e+01  0.000000e+00  6.301832e+00  1.730747e+00  8.329938e+03  0.000000e+00  4.805003e+03  0.000000e+00  0.000000e+00  0.000000e+00
2.990330e+02  1.748837e+03  1.928654e+03  9.490683e+01  3.492355e+01  3.088088e+02  1.317556e-01  1.568361e+02  4.742575e-03  1.140077e-02  2.669604e-01  6.328693e+03  0.000000e+00  3.591978e+03  0.000000e+00  0.000000e+00  0.000000e+00
3.355206e+02  1.513806e+03  1.690076e+03  1.120633e+02  4.450809e+01  3.251779e+02  5.005723e+00  1.148860e+02  5.257161e+00  4.150351e+00  2.733293e+00  4.631564e+03  1.673309e-01  2.335873e+03  0.000000e+00  0.000000e+00  2.431643e-02
3.764603e+02  1.016285e+03  1.255942e+03  1.352343e+02  2.785771e+01  3.678305e+02  5.642890e-01  8.485945e+01  0.000000e+00  5.159649e+00  0.000000e+00  3.189186e+03  0.000000e+00  1.710948e+03  0.000000e+00  0.000000e+00  0.000000e+00
4.223954e+02  6.541985e+02  1.025565e+03  8.706031e+01  4.102029e+01  3.067325e+02  3.300098e+00  1.264970e+02  8.460108e+00  3.979545e+00  2.146697e+00  2.402774e+03  0.000000e+00  9.838961e+02  0.000000e+00  5.205641e-03  0.000000e+00
4.739354e+02  4.946740e+02  8.211131e+02  1.253753e+02  7.647932e+01  2.563099e+02  3.373527e+00  1.097098e+02  5.674222e+00  1.220356e+00  0.000000e+00  1.439591e+03  0.000000e+00  6.733405e+02  1.220356e+00  0.000000e+00  0.000000e+00
5.317643e+02  3.753363e+02  5.373873e+02  1.253132e+02  3.415379e+01  2.826405e+02  9.095152e+00  1.062019e+02  8.344318e+00  8.523258e+00  3.391044e+00  1.175168e+03  0.000000e+00  5.279034e+02  1.720102e-03  4.284970e+00  0.000000e+00
5.966493e+02  3.344915e+02  4.489969e+02  1.279048e+02  5.431586e+01  2.794333e+02  5.903242e+00  9.711897e+01  9.487403e+00  5.650834e+00  4.606402e-01  8.933451e+02  0.000000e+00  3.411673e+02  0.000000e+00  5.713920e-03  0.000000e+00
6.694516e+02  2.515469e+02  3.749476e+02  1.591158e+02  8.567082e+01  2.642745e+02  6.833658e+00  1.296607e+02  7.440363e+00  6.727700e+00  1.801018e+00  6.077161e+02  0.000000e+00  1.726148e+02  0.000000e+00  0.000000e+00  0.000000e+00
7.511370e+02  2.026197e+02  2.915674e+02  1.139299e+02  6.912158e+01  1.777786e+02  2.422464e+00  9.753746e+01  9.730355e+00  4.854129e+00  1.248888e+00  3.740091e+02  0.000000e+00  1.300004e+02  0.000000e+00  0.000000e+00  0.000000e+00
8.427896e+02  1.266843e+02  2.364074e+02  9.336364e+01  8.131998e+01  1.900665e+02  6.028519e+00  1.093174e+02  3.957015e+00  1.703078e+00  1.010484e+00  2.085411e+02  0.000000e+00  6.581248e+01  0.000000e+00  1.278097e+00  0.000000e+00
9.456255e+02  1.198086e+02  2.028720e+02  1.239727e+02  4.887275e+01  1.638376e+02  5.856214e+00  1.099025e+02  1.177979e+01  0.000000e+00  4.935242e+00  1.597046e+02  1.323973e-02  5.198914e+01  0.000000e+00  0.000000e+00  0.000000e+00
1.061009e+03  1.092555e+02  1.391406e+02  1.144505e+02  7.903416e+01  1.283584e+02  7.986255e+00  1.063808e+02  8.736425e+00  9.489726e+00  4.437701e-01  1.236705e+02  0.000000e+00  1.490907e+01  8.617748e-02  5.291469e-02  0.000000e+00
1.190472e+03  7.361569e+01  1.224350e+02  1.055890e+02  8.103979e+01  1.024091e+02  6.537402e+00  6.282868e+01  1.043255e+01  4.571258e+00  1.029339e+00  7.501843e+01  0.000000e+00  2.147632e+01  0.000000e+00  0.000000e+00  0.000000e+00
1.335731e+03  6.994808e+01  1.049545e+02  8.612839e+01  6.301976e+01  8.245763e+01  3.544641e+00  8.511316e+01  3.494919e+00  7.065185e+00  1.171090e+00  3.604838e+01  0.000000e+00  6.089139e+00  8.064247e-01  0.000000e+00  0.000000e+00
1.498715e+03  4.534824e+01  7.933410e+01  7.286565e+01  6.435658e+01  5.533290e+01  9.637561e+00  7.113948e+01  1.118186e+01  8.719248e+00  1.688677e+00  2.518889e+01  1.262056e-02  1.193852e+01  0.000000e+00  0.000000e+00  2.856345e-02
1.681586e+03  1.774555e+01  6.875653e+01  5.397764e+01  5.681699e+01  6.247584e+01  6.256139e+00  5.680203e+01  7.601772e+00  6.469406e+00  2.519515e+00  1.942097e+01  0.000000e+00  9.161696e+00  4.461388e-01  0.000000e+00  4.851766e-03
1.886771e+03  2.188080e+01  4.250500e+01  5.439420e+01  7.558400e+01  5.024884e+01  5.760899e+00  5.112621e+01  7.583001e+00  5.121837e+00  2.897979e+00  1.061633e+01  8.837156e-01  1.029485e+00  2.847666e-01  2.800898e-03  0.000000e+00
2.116992e+03  1.998389e+01  4.381201e+01  3.566982e+01  4.603635e+01  2.052993e+01  4.775787e+00  3.653755e+01  6.904661e+00  1.795526e+00  2.368053e+00  3.921494e+00  4.691261e-01  1.599088e+00  1.038662e-03  0.000000e+00  1.038662e-03
2.375304e+03  7.685851e+00  2.651660e+01  3.100269e+01  6.251444e+01  1.946073e+01  7.571059e+00  3.282982e+01  6.468659e+00  4.410927e+00  9.262575e-01  7.026218e+00  5.970549e-04  0.000000e+00  4.681224e-02  0.000000e+00  8.723954e-02
2.665135e+03  7.427926e+00  1.716630e+01  2.490229e+01  5.013256e+01  9.690326e+00  6.097108e+00  2.066365e+01  1.095168e+01  1.972011e+00  3.798767e+00  2.628423e+00  7.468354e-01  6.068814e-01  1.031245e-01  0.000000e+00  3.465006e-01
2.990330e+03  1.193139e+00  1.165305e+01  1.502611e+01  3.774266e+01  8.077327e+00  7.109930e+00  1.431884e+01  7.850793e+00  9.925643e-01  9.023172e-01  1.918352e+00  9.025902e-02  0.000000e+00  9.304989e-02  0.000000e+00  4.578868e-01
3.355206e+03  1.249936e+00  1.321305e+01  1.151182e+01  3.927743e+01  2.295861e+00  7.708028e+00  9.806599e+00  5.020009e+00  1.429347e+00  1.524652e+00  3.114951e-01  5.077844e-01  4.198593e-01  1.239808e-02  0.000000e+00  9.279692e-04
3.764603e+03  5.878931e-01  5.235594e+00  8.374120e+00  2.462480e+01  1.521182e+00  5.063719e+00  5.345964e+00  3.603578e+00  8.145185e-01  1.283619e+00  7.640876e-01  3.485111e-02  2.429709e-04  3.360763e-01  0.000000e+00  1.973146e-01
4.223954e+03  2.424982e-02  4.405625e+00  2.742070e+00  2.016444e+01  4.191101e-01  2.746216e+00  5.301552e+00  3.760470e+00  1.003898e+00  8.169165e-01  6.024772e-01  7.941803e-02  0.000000e+00  3.648291e-01  0.000000e+00  1.059698e-01
4.739354e+03  3.228557e-02  2.451539e+00  4.213921e+00  1.774636e+01  6.274777e-01  3.415635e+00  9.073031e-01  2.159743e+00  3.455178e-01  4.557997e-01  3.837682e-01  1.637783e-01  1.115058e-03  6.307905e-03  0.000000e+00  2.979069e-02
5.317643e+03  3.822659e-01  1.785707e+00  2.247143e+00  1.092801e+01  3.315861e-02  2.239787e+00  1.716536e-01  4.156482e+00  1.342290e+00  5.749869e-01  1.164480e-01  3.338229e-01  0.000000e+00  1.587159e-01  0.000000e+00  4.772329e-01
5.966493e+03  5.976582e-02  8.571051e-01  6.336162e-01  5.245996e+00  3.004230e-01  2.845405e+00  2.205959e-01  1.098440e+00  4.912673e-01  9.177300e-01  6.603422e-03  2.203073e-02  0.000000e+00  3.546310e-02  0.000000e+00  7.956128e-02
6.694516e+03  2.118431e-04  5.039083e-01  6.862728e-01  3.511506e+00  2.583373e-02  3.735398e+00  3.105722e-02  8.914525e-01  3.657547e-01  7.667581e-01  2.402458e-01  6.886959e-01  0.000000e+00  2.428699e-02  0.000000e+00  1.218708e-03
7.511370e+03  9.992532e-03  2.888538e-01  7.077759e-01  2.821765e+00  1.486501e-01  1.736275e+00  1.258158e-01  5.661492e-01  9.942416e-02  4.318103e-01  8.646313e-03  6.846837e-02  0.000000e+00  3.093780e-03  0.000000e+00  3.261048e-01
8.427896e+03  2.447891e-02  1.731635e-01  3.980731e-01  3.300110e-01  2.915378e-02  1.891448e+00  4.214511e-01  1.098520e+00  1.145763e-01  8.148742e-02  2.146576e-01  1.740392e-01  0.000000e+00  1.890037e-03  0.000000e+00  3.868420e-02
9.456255e+03  0.000000e+00  5.225324e-02  3.668707e-01  9.798748e-01  3.861412e-02  1.380784e+00  2.325274e-04  4.225080e-01  1.734941e-01  9.601932e-02  4.573906e-01  2.137475e-01  0.000000e+00  9.138971e-02  0.000000e+00  4.399005e-03
1.061009e+04  0.000000e+00  2.643652e-01  2.149208e-01  5.280536e-01  1.068720e-02  7.764518e-01  4.700080e-02  2.895622e-01  4.241935e-03  1.839633e-01  1.191602e-01  1.556412e-01  0.000000e+00  1.336639e-04  0.000000e+00  8.030182e-02
1.190472e+04  0.000000e+00  7.477436e-04  6.853301e-04  2.774713e-01  0.000000e+00  2.109523e-01  7.683415e-05  9.407771e-03  2.382562e-04  1.378466e-01  6.734824e-01  1.048579e-01  0.000000e+00  1.325781e-02  0.000000e+00  2.417187e-02
1.335731e+04  0.000000e+00  2.974617e-02  2.031599e-01  2.969589e-01  0.000000e+00  4.049203e-01  2.552314e-04  3.426514e-02  3.018119e-03  9.600695e-02  4.489300e-02  1.297712e-02  0.000000e+00  0.000000e+00  0.000000e+00  2.756796e-02
1.498715e+04  0.000000e+00  4.989115e-02  1.262056e-03  1.210388e-02  0.000000e+00  1.055373e-01  0.000000e+00  2.294033e-01  3.746073e-03  1.411812e-02  2.934298e-04  2.666354e-01  0.000000e+00  2.413417e-04  0.000000e+00  8.409323e-02
1.681586e+04  0.000000e+00  2.994142e-03  8.433624e-05  7.260168e-03  0.000000e+00  2.064715e-01  5.439441e-05  1.015810e-02  0.000000e+00  1.124809e-03  7.445248e-04  6.879141e-04  0.000000e+00  3.600595e-02  0.000000e+00  5.522257e-02
1.886771e+04  0.000000e+00  6.506416e-03  0.000000e+00  3.088314e-02  0.000000e+00  1.462503e-01  0.000000e+00  8.848318e-02  0.000000e+00  0.000000e+00  2.214875e-02  3.173162e-02  0.000000e+00  6.832205e-02  0.000000e+00  3.423824e-02
2.116992e+04  0.000000e+00  4.320702e-05  0.000000e+00  1.749572e-02  0.000000e+00  2.042472e-04  0.000000e+00  9.745231e-03  0.000000e+00  0.000000e+00  0.000000e+00  2.732038e-02  0.000000e+00  1.259090e-01  0.000000e+00  9.745231e-03
2.375304e+04  0.000000e+00  0.000000e+00  0.000000e+00  3.850830e-05  0.000000e+00  1.048768e-02  3.434787e-04  1.658705e-03  0.000000e+00  2.363612e-03  1.157076e-02  1.194110e-04  0.000000e+00  0.000000e+00  0.000000e+00  3.924440e-02
2.665135e+04  0.000000e+00  3.061257e-04  0.000000e+00  2.807475e-02  0.000000e+00  0.000000e+00  0.000000e+00  0.000000e+00  0.000000e+00  1.982884e-04  0.000000e+00  0.000000e+00  0.000000e+00  0.000000e+00  0.000000e+00  3.061257e-04
2.990330e+04  0.000000e+00  0.000000e+00  0.000000e+00  2.639015e-03  0.000000e+00  0.000000e+00  0.000000e+00  0.000000e+00  0.000000e+00  0.000000e+00  0.000000e+00  3.956571e-03  0.000000e+00  1.050854e-02  0.000000e+00  5.194932e-03
3.355206e+04  0.000000e+00  0.000000e+00  0.000000e+00  0.000000e+00  0.000000e+00  0.000000e+00  0.000000e+00  0.000000e+00  0.000000e+00  0.000000e+00  0.000000e+00  6.553514e-05  0.000000e+00  6.791219e-02  0.000000e+00  3.150121e-04
3.764603e+04  0.000000e+00  0.000000e+00  0.000000e+00  5.024336e-04  0.000000e+00  0.000000e+00  0.000000e+00  0.000000e+00  0.000000e+00  0.000000e+00  0.000000e+00  2.096244e-03  0.000000e+00  5.024336e-04  0.000000e+00  2.429709e-05
4.223954e+04  0.000000e+00  0.000000e+00  0.000000e+00  2.964007e-04  0.000000e+00  0.000000e+00  0.000000e+00  2.404736e-02  0.000000e+00  0.000000e+00  0.000000e+00  2.349649e-03  0.000000e+00  0.000000e+00  0.000000e+00  0.000000e+00
4.739354e+04  0.000000e+00  0.000000e+00  0.000000e+00  0.000000e+00  0.000000e+00  0.000000e+00  0.000000e+00  1.929987e-05  0.000000e+00  0.000000e+00  0.000000e+00  2.834672e-04  0.000000e+00  1.665106e-03  0.000000e+00  0.000000e+00
5.317643e+04  0.000000e+00  0.000000e+00  0.000000e+00  0.000000e+00  0.000000e+00  0.000000e+00  0.000000e+00  0.000000e+00  0.000000e+00  0.000000e+00  0.000000e+00  0.000000e+00  0.000000e+00  0.000000e+00  0.000000e+00  0.000000e+00
5.966493e+04  0.000000e+00  0.000000e+00  0.000000e+00  0.000000e+00  0.000000e+00  0.000000e+00  0.000000e+00  0.000000e+00  0.000000e+00  0.000000e+00  0.000000e+00  0.000000e+00  0.000000e+00  0.000000e+00  0.000000e+00  0.000000e+00
6.694516e+04  0.000000e+00  0.000000e+00  0.000000e+00  0.000000e+00  0.000000e+00  0.000000e+00  0.000000e+00  0.000000e+00  0.000000e+00  0.000000e+00  0.000000e+00  0.000000e+00  0.000000e+00  0.000000e+00  0.000000e+00  6.021939e-04
7.511370e+04  0.000000e+00  0.000000e+00  0.000000e+00  0.000000e+00  0.000000e+00  0.000000e+00  0.000000e+00  0.000000e+00  0.000000e+00  0.000000e+00  0.000000e+00  0.000000e+00  0.000000e+00  0.000000e+00  0.000000e+00  9.942416e-03
8.427896e+04  0.000000e+00  0.000000e+00  0.000000e+00  0.000000e+00  0.000000e+00  0.000000e+00  0.000000e+00  0.000000e+00  0.000000e+00  0.000000e+00  0.000000e+00  0.000000e+00  0.000000e+00  0.000000e+00  0.000000e+00  0.000000e+00
9.456255e+04  0.000000e+00  0.000000e+00  0.000000e+00  0.000000e+00  0.000000e+00  0.000000e+00  0.000000e+00  0.000000e+00  0.000000e+00  0.000000e+00  0.000000e+00  0.000000e+00  0.000000e+00  0.000000e+00  0.000000e+00  0.000000e+00
1.061009e+05  0.000000e+00  0.000000e+00  0.000000e+00  0.000000e+00  0.000000e+00  0.000000e+00  0.000000e+00  0.000000e+00  0.000000e+00  0.000000e+00  0.000000e+00  0.000000e+00  0.000000e+00  0.000000e+00  0.000000e+00  0.000000e+00
1.190472e+05  0.000000e+00  0.000000e+00  0.000000e+00  0.000000e+00  0.000000e+00  0.000000e+00  0.000000e+00  0.000000e+00  0.000000e+00  0.000000e+00  0.000000e+00  0.000000e+00  0.000000e+00  0.000000e+00  0.000000e+00  0.000000e+00
1.335731e+05  0.000000e+00  0.000000e+00  0.000000e+00  0.000000e+00  0.000000e+00  0.000000e+00  0.000000e+00  0.000000e+00  0.000000e+00  0.000000e+00  0.000000e+00  0.000000e+00  0.000000e+00  0.000000e+00  0.000000e+00  0.000000e+00
1.498715e+05  0.000000e+00  0.000000e+00  0.000000e+00  0.000000e+00  0.000000e+00  0.000000e+00  0.000000e+00  0.000000e+00  0.000000e+00  0.000000e+00  0.000000e+00  0.000000e+00  0.000000e+00  0.000000e+00  0.000000e+00  0.000000e+00
1.681586e+05  0.000000e+00  0.000000e+00  0.000000e+00  0.000000e+00  0.000000e+00  0.000000e+00  0.000000e+00  0.000000e+00  0.000000e+00  0.000000e+00  0.000000e+00  0.000000e+00  0.000000e+00  0.000000e+00  0.000000e+00  0.000000e+00
1.886771e+05  0.000000e+00  0.000000e+00  0.000000e+00  0.000000e+00  0.000000e+00  0.000000e+00  0.000000e+00  0.000000e+00  0.000000e+00  0.000000e+00  0.000000e+00  0.000000e+00  0.000000e+00  0.000000e+00  0.000000e+00  0.000000e+00
2.116992e+05  0.000000e+00  0.000000e+00  0.000000e+00  0.000000e+00  0.000000e+00  0.000000e+00  0.000000e+00  0.000000e+00  0.000000e+00  0.000000e+00  0.000000e+00  0.000000e+00  0.000000e+00  0.000000e+00  0.000000e+00  0.000000e+00
2.375304e+05  0.000000e+00  0.000000e+00  0.000000e+00  0.000000e+00  0.000000e+00  0.000000e+00  0.000000e+00  0.000000e+00  0.000000e+00  0.000000e+00  0.000000e+00  0.000000e+00  0.000000e+00  0.000000e+00  0.000000e+00  0.000000e+00
2.665135e+05  0.000000e+00  0.000000e+00  0.000000e+00  0.000000e+00  0.000000e+00  0.000000e+00  0.000000e+00  0.000000e+00  0.000000e+00  0.000000e+00  0.000000e+00  0.000000e+00  0.000000e+00  0.000000e+00  0.000000e+00  0.000000e+00
2.990330e+05  0.000000e+00  0.000000e+00  0.000000e+00  0.000000e+00  0.000000e+00  0.000000e+00  0.000000e+00  0.000000e+00  0.000000e+00  0.000000e+00  0.000000e+00  0.000000e+00  0.000000e+00  0.000000e+00  0.000000e+00  0.000000e+00
3.355206e+05  0.000000e+00  0.000000e+00  0.000000e+00  0.000000e+00  0.000000e+00  0.000000e+00  0.000000e+00  0.000000e+00  0.000000e+00  0.000000e+00  0.000000e+00  0.000000e+00  0.000000e+00  0.000000e+00  0.000000e+00  0.000000e+00
3.764603e+05  0.000000e+00  0.000000e+00  0.000000e+00  0.000000e+00  0.000000e+00  0.000000e+00  0.000000e+00  0.000000e+00  0.000000e+00  0.000000e+00  0.000000e+00  0.000000e+00  0.000000e+00  0.000000e+00  0.000000e+00  0.000000e+00
4.223954e+05  0.000000e+00  0.000000e+00  0.000000e+00  0.000000e+00  0.000000e+00  0.000000e+00  0.000000e+00  0.000000e+00  0.000000e+00  0.000000e+00  0.000000e+00  0.000000e+00  0.000000e+00  0.000000e+00  0.000000e+00  0.000000e+00
4.739354e+05  0.000000e+00  0.000000e+00  0.000000e+00  0.000000e+00  0.000000e+00  0.000000e+00  0.000000e+00  0.000000e+00  0.000000e+00  0.000000e+00  0.000000e+00  0.000000e+00  0.000000e+00  0.000000e+00  0.000000e+00  0.000000e+00
5.317643e+05  0.000000e+00  0.000000e+00  0.000000e+00  0.000000e+00  0.000000e+00  0.000000e+00  0.000000e+00  0.000000e+00  0.000000e+00  0.000000e+00  0.000000e+00  0.000000e+00  0.000000e+00  0.000000e+00  0.000000e+00  0.000000e+00
5.966493e+05  0.000000e+00  0.000000e+00  0.000000e+00  0.000000e+00  0.000000e+00  0.000000e+00  0.000000e+00  0.000000e+00  0.000000e+00  0.000000e+00  0.000000e+00  0.000000e+00  0.000000e+00  0.000000e+00  0.000000e+00  0.000000e+00
6.694516e+05  0.000000e+00  0.000000e+00  0.000000e+00  0.000000e+00  0.000000e+00  0.000000e+00  0.000000e+00  0.000000e+00  0.000000e+00  0.000000e+00  0.000000e+00  0.000000e+00  0.000000e+00  0.000000e+00  0.000000e+00  0.000000e+00
7.511370e+05  0.000000e+00  0.000000e+00  0.000000e+00  0.000000e+00  0.000000e+00  0.000000e+00  0.000000e+00  0.000000e+00  0.000000e+00  0.000000e+00  0.000000e+00  0.000000e+00  0.000000e+00  0.000000e+00  0.000000e+00  0.000000e+00
8.427896e+05  0.000000e+00  0.000000e+00  0.000000e+00  0.000000e+00  0.000000e+00  0.000000e+00  0.000000e+00  0.000000e+00  0.000000e+00  0.000000e+00  0.000000e+00  0.000000e+00  0.000000e+00  0.000000e+00  0.000000e+00  0.000000e+00
9.456255e+05  0.000000e+00  0.000000e+00  0.000000e+00  0.000000e+00  0.000000e+00  0.000000e+00  0.000000e+00  0.000000e+00  0.000000e+00  0.000000e+00  0.000000e+00  0.000000e+00  0.000000e+00  0.000000e+00  0.000000e+00  0.000000e+00
