# dR/dEr [1/keV/kg/Myr]
# Er [keV], S, F, Ne, Cl, Na, Si, O, P, N, C, Al, Mg, Be, B, Ar, Li
1.061009e+01  1.796938e+03  1.278277e+03  0.000000e+00  0.000000e+00  4.065651e+02  0.000000e+00  1.218828e+02  0.000000e+00  0.000000e+00  0.000000e+00  0.000000e+00  0.000000e+00  1.892599e+00  0.000000e+00  0.000000e+00  0.000000e+00
1.190472e+01  6.835413e+02  1.064386e+02  0.000000e+00  0.000000e+00  2.178167e+02  0.000000e+00  0.000000e+00  0.000000e+00  0.000000e+00  0.000000e+00  0.000000e+00  0.000000e+00  0.000000e+00  0.000000e+00  0.000000e+00  0.000000e+00
1.335731e+01  1.019528e+03  2.095609e+02  0.000000e+00  0.000000e+00  0.000000e+00  0.000000e+00  0.000000e+00  0.000000e+00  0.000000e+00  0.000000e+00  0.000000e+00  0.000000e+00  0.000000e+00  0.000000e+00  0.000000e+00  0.000000e+00
1.498715e+01  2.489731e+02  2.226584e+02  0.000000e+00  0.000000e+00  1.036715e+02  0.000000e+00  4.116563e+01  0.000000e+00  0.000000e+00  0.000000e+00  0.000000e+00  0.000000e+00  0.000000e+00  0.000000e+00  0.000000e+00  0.000000e+00
1.681586e+01  6.399124e+02  2.062800e+02  9.110448e+01  0.000000e+00  1.786061e+02  3.668891e+01  0.000000e+00  0.000000e+00  0.000000e+00  0.000000e+00  0.000000e+00  0.000000e+00  0.000000e+00  0.000000e+00  0.000000e+00  0.000000e+00
1.886771e+01  4.315993e+02  2.680738e+02  0.000000e+00  0.000000e+00  8.119695e+01  0.000000e+00  0.000000e+00  0.000000e+00  0.000000e+00  0.000000e+00  0.000000e+00  0.000000e+00  0.000000e+00  0.000000e+00  0.000000e+00  0.000000e+00
2.116992e+01  4.358484e+02  3.271013e+02  0.000000e+00  0.000000e+00  9.096164e+01  0.000000e+00  3.977165e+01  0.000000e+00  0.000000e+00  0.000000e+00  6.665461e+00  0.000000e+00  0.000000e+00  0.000000e+00  0.000000e+00  0.000000e+00
2.375304e+01  8.090014e+02  1.611861e+02  4.062270e+01  0.000000e+00  1.554166e+02  0.000000e+00  6.449703e+01  0.000000e+00  0.000000e+00  0.000000e+00  0.000000e+00  0.000000e+00  0.000000e+00  0.000000e+00  0.000000e+00  0.000000e+00
2.665135e+01  6.862677e+02  2.339321e+02  3.159175e+01  8.157302e-01  4.841314e+01  0.000000e+00  0.000000e+00  1.996355e+01  0.000000e+00  0.000000e+00  0.000000e+00  0.000000e+00  0.000000e+00  0.000000e+00  0.000000e+00  0.000000e+00
2.990330e+01  7.641471e+02  3.428897e+02  3.562377e+01  0.000000e+00  2.467461e+01  0.000000e+00  4.878786e+01  0.000000e+00  0.000000e+00  0.000000e+00  2.112351e+00  0.000000e+00  9.887043e+00  0.000000e+00  0.000000e+00  0.000000e+00
3.355206e+01  9.283021e+02  2.290790e+02  3.882837e+01  0.000000e+00  8.248713e+01  0.000000e+00  6.142570e+01  0.000000e+00  0.000000e+00  0.000000e+00  9.010102e+00  0.000000e+00  1.020401e+01  0.000000e+00  0.000000e+00  0.000000e+00
3.764603e+01  1.053557e+03  1.603929e+02  1.169185e-01  2.236525e+01  8.177600e+01  0.000000e+00  8.324504e-01  0.000000e+00  0.000000e+00  0.000000e+00  0.000000e+00  0.000000e+00  1.767046e-01  0.000000e+00  0.000000e+00  0.000000e+00
4.223954e+01  1.000094e+03  5.024092e+02  4.342695e+00  0.000000e+00  2.176985e+02  0.000000e+00  2.936972e+01  0.000000e+00  0.000000e+00  0.000000e+00  3.253932e+00  0.000000e+00  6.679895e+01  0.000000e+00  0.000000e+00  0.000000e+00
4.739354e+01  1.387673e+03  5.385031e+02  1.776535e+01  4.525373e+01  6.712522e+01  0.000000e+00  6.191887e+01  0.000000e+00  0.000000e+00  0.000000e+00  0.000000e+00  0.000000e+00  3.124988e+01  0.000000e+00  0.000000e+00  0.000000e+00
5.317643e+01  1.200590e+03  3.156105e+02  4.326881e+01  0.000000e+00  1.556317e+02  0.000000e+00  8.336624e+01  0.000000e+00  0.000000e+00  0.000000e+00  2.653568e+00  0.000000e+00  0.000000e+00  0.000000e+00  0.000000e+00  0.000000e+00
5.966493e+01  1.633065e+03  5.644785e+02  4.730209e+01  2.445185e+01  9.356170e+01  0.000000e+00  6.765844e+01  0.000000e+00  0.000000e+00  0.000000e+00  3.929286e+00  0.000000e+00  1.331872e+00  0.000000e+00  0.000000e+00  0.000000e+00
6.694516e+01  1.758614e+03  4.897874e+02  7.895832e+01  0.000000e+00  2.128783e+02  0.000000e+00  2.320916e+01  0.000000e+00  1.584971e+00  0.000000e+00  1.132549e+01  0.000000e+00  2.138825e+02  0.000000e+00  0.000000e+00  0.000000e+00
7.511370e+01  1.858562e+03  6.250452e+02  6.019291e+01  2.555762e+01  1.278471e+02  0.000000e+00  6.032447e+01  0.000000e+00  0.000000e+00  0.000000e+00  2.442077e+00  0.000000e+00  6.746367e+04  0.000000e+00  0.000000e+00  0.000000e+00
8.427896e+01  2.375207e+03  7.512349e+02  4.589543e+01  6.061126e+01  1.826369e+02  0.000000e+00  8.911012e+01  0.000000e+00  0.000000e+00  0.000000e+00  0.000000e+00  0.000000e+00  8.175335e+04  0.000000e+00  0.000000e+00  0.000000e+00
9.456255e+01  2.341162e+03  5.782735e+02  5.179856e+01  3.182378e+01  1.517492e+02  0.000000e+00  3.004810e+01  0.000000e+00  1.142451e+00  0.000000e+00  2.037765e-02  0.000000e+00  6.170297e+04  0.000000e+00  0.000000e+00  0.000000e+00
1.061009e+02  2.793319e+03  7.598737e+02  4.568565e+01  1.005830e+01  2.251803e+02  0.000000e+00  5.053022e+01  0.000000e+00  0.000000e+00  2.209600e+00  1.814648e+01  0.000000e+00  4.762228e+04  0.000000e+00  0.000000e+00  0.000000e+00
1.190472e+02  3.003285e+03  9.598671e+02  1.023426e+02  1.643876e+01  1.925173e+02  0.000000e+00  2.498930e+01  0.000000e+00  5.182446e+00  6.368791e+00  4.219820e+04  0.000000e+00  3.479832e+04  0.000000e+00  1.209769e+00  0.000000e+00
1.335731e+02  3.391200e+03  1.067857e+03  6.416272e+01  3.295211e-02  2.600796e+02  0.000000e+00  3.587030e+01  0.000000e+00  0.000000e+00  0.000000e+00  3.488696e+04  0.000000e+00  2.551558e+04  0.000000e+00  0.000000e+00  0.000000e+00
1.498715e+02  8.329259e+03  1.219662e+03  5.522713e+01  1.585363e+01  1.592906e+02  0.000000e+00  5.622571e+01  0.000000e+00  8.442228e+00  3.617069e+00  2.614385e+04  0.000000e+00  1.916763e+04  0.000000e+00  0.000000e+00  0.000000e+00
1.681586e+02  1.199127e+04  1.226914e+03  6.729769e+01  1.786061e+01  1.283247e+02  1.145919e-02  7.762826e+01  0.000000e+00  2.711827e+00  0.000000e+00  1.936619e+04  0.000000e+00  1.387841e+04  0.000000e+00  0.000000e+00  0.000000e+00
1.886771e+02  6.951237e+03  1.460315e+03  5.037288e+01  1.793842e+01  2.769629e+02  7.732355e+00  7.103868e+01  5.743611e+00  5.743611e+00  0.000000e+00  1.458777e+04  0.000000e+00  1.035726e+04  0.000000e+00  0.000000e+00  0.000000e+00
2.116992e+02  3.014594e+03  1.800810e+03  6.524156e+01  4.130027e+01  1.095662e+02  5.118998e+00  6.767033e+01  0.000000e+00  0.000000e+00  9.102360e-03  1.132342e+04  0.000000e+00  6.775967e+03  0.000000e+00  2.079138e-02  0.000000e+00
2.375304e+02  2.170476e+03  9.443779e+03  1.047306e+02  3.623919e+01  1.680943e+02  1.887391e+00  6.813309e+01  9.057312e+00  0.000000e+00  2.597376e+00  8.407222e+03  0.000000e+00  4.923408e+03  0.000000e+00  6.654240e+00  0.000000e+00
2.665135e+02  1.785077e+03  7.872948e+03  1.089370e+02  2.117944e+01  2.415984e+02  4.888203e+00  5.453339e+01  0.000000e+00  4.066165e+00  1.673374e+00  6.227725e+03  0.000000e+00  3.584739e+03  0.000000e+00  0.000000e+00  0.000000e+00
2.990330e+02  1.081604e+03  1.179689e+03  5.686377e+01  2.195572e+01  1.941514e+02  1.965159e-01  9.947047e+01  9.739095e-03  2.224579e-02  3.612747e-01  4.736493e+03  0.000000e+00  2.683206e+03  0.000000e+00  0.000000e+00  0.000000e+00
3.355206e+02  9.400510e+02  1.046964e+03  6.641140e+01  2.884642e+01  2.038336e+02  3.229870e+00  7.354140e+01  2.672341e+00  2.509422e+00  2.324528e+00  3.476868e+03  2.368441e-01  1.771826e+03  0.000000e+00  0.000000e+00  4.423014e-02
3.764603e+02  6.297836e+02  7.679722e+02  8.416055e+01  1.928551e+01  2.267653e+02  7.575940e-01  5.367255e+01  0.000000e+00  3.460583e+00  0.000000e+00  2.368070e+03  0.000000e+00  1.295618e+03  0.000000e+00  0.000000e+00  0.000000e+00
4.223954e+02  4.047614e+02  6.370314e+02  5.266101e+01  2.490127e+01  1.935804e+02  2.000199e+00  7.816138e+01  5.721313e+00  2.572471e+00  1.805390e+00  1.789692e+03  0.000000e+00  7.331027e+02  0.000000e+00  1.042037e-02  0.000000e+00
4.739354e+02  3.063412e+02  5.084530e+02  7.611440e+01  4.641234e+01  1.582236e+02  2.271202e+00  6.978213e+01  4.130786e+00  1.122633e+00  0.000000e+00  1.081306e+03  0.000000e+00  5.006117e+02  1.122633e+00  0.000000e+00  0.000000e+00
5.317643e+02  2.352452e+02  3.307286e+02  7.867587e+01  2.077164e+01  1.749449e+02  5.308753e+00  6.368058e+01  5.534189e+00  5.464862e+00  2.344150e+00  8.897572e+02  0.000000e+00  3.889074e+02  3.623715e-03  2.972340e+00  0.000000e+00
5.966493e+02  2.089186e+02  2.814032e+02  7.943362e+01  3.566501e+01  1.714515e+02  3.971601e+00  6.159624e+01  5.998063e+00  3.669016e+00  4.955260e-01  6.660197e+02  0.000000e+00  2.543419e+02  0.000000e+00  1.114931e-02  0.000000e+00
6.694516e+02  1.581688e+02  2.381492e+02  9.947390e+01  5.330591e+01  1.637076e+02  4.327708e+00  8.051496e+01  4.828904e+00  4.234470e+00  1.080081e+00  4.557399e+02  0.000000e+00  1.335134e+02  0.000000e+00  0.000000e+00  0.000000e+00
7.511370e+02  1.309358e+02  1.850970e+02  6.993829e+01  4.232660e+01  1.111314e+02  1.311439e+00  5.954639e+01  6.022883e+00  3.208036e+00  7.026399e-01  2.838914e+02  0.000000e+00  9.875082e+01  0.000000e+00  0.000000e+00  0.000000e+00
8.427896e+02  8.101410e+01  1.510801e+02  5.778140e+01  5.065918e+01  1.180043e+02  3.548832e+00  6.775725e+01  2.544804e+00  1.076638e+00  1.057581e+00  1.563919e+02  0.000000e+00  4.903341e+01  0.000000e+00  1.024256e+00  0.000000e+00
9.456255e+02  7.701018e+01  1.280208e+02  7.840688e+01  3.075823e+01  1.007526e+02  3.937137e+00  6.934737e+01  7.472987e+00  0.000000e+00  3.202505e+00  1.219795e+02  2.299040e-02  3.893442e+01  0.000000e+00  0.000000e+00  0.000000e+00
1.061009e+03  7.053976e+01  8.792155e+01  7.272829e+01  4.915767e+01  8.006267e+01  5.322659e+00  6.596214e+01  5.514084e+00  6.447754e+00  4.370642e-01  9.283777e+01  0.000000e+00  1.197719e+01  1.204951e-01  7.489668e-02  0.000000e+00
1.190472e+03  4.800438e+01  7.723782e+01  6.647950e+01  5.030995e+01  6.236501e+01  4.346870e+00  3.886162e+01  6.189144e+00  2.824553e+00  1.124942e+00  5.671602e+01  0.000000e+00  1.616598e+01  0.000000e+00  0.000000e+00  0.000000e+00
1.335731e+03  4.506014e+01  6.657830e+01  5.414015e+01  3.914330e+01  5.083947e+01  2.118260e+00  5.189167e+01  2.176918e+00  4.335235e+00  8.020617e-01  2.702694e+01  0.000000e+00  4.801752e+00  6.462617e-01  0.000000e+00  0.000000e+00
1.498715e+03  2.898270e+01  4.982227e+01  4.526416e+01  4.106532e+01  3.467404e+01  6.482108e+00  4.481304e+01  7.558223e+00  5.957999e+00  1.119644e+00  1.805267e+01  2.091021e-02  8.980709e+00  0.000000e+00  0.000000e+00  4.364870e-02
1.681586e+03  1.158170e+01  4.434407e+01  3.391003e+01  3.485652e+01  3.875612e+01  3.988221e+00  3.492565e+01  5.150033e+00  4.165244e+00  1.897874e+00  1.495592e+01  0.000000e+00  6.465773e+00  3.934418e-01  0.000000e+00  8.825074e-03
1.886771e+03  1.481431e+01  2.741855e+01  3.397612e+01  4.679306e+01  3.113737e+01  3.879106e+00  3.105347e+01  4.789377e+00  3.333728e+00  2.157040e+00  8.086368e+00  6.029444e-01  6.904770e-01  3.230715e-01  5.321433e-03  0.000000e+00
2.116992e+03  1.317807e+01  2.824399e+01  2.272821e+01  2.799623e+01  1.282852e+01  3.322555e+00  2.259642e+01  4.485397e+00  1.005319e+00  1.736306e+00  3.273424e+00  2.784234e-01  1.294343e+00  2.079138e-03  0.000000e+00  2.079138e-03
2.375304e+03  5.055005e+00  1.740608e+01  1.976647e+01  3.972350e+01  1.245895e+01  5.320997e+00  2.058556e+01  4.133445e+00  2.579774e+00  6.845008e-01  5.145777e+00  1.226079e-03  0.000000e+00  5.940598e-02  0.000000e+00  9.951046e-02
2.665135e+03  5.088956e+00  1.133936e+01  1.565879e+01  3.236404e+01  6.060051e+00  3.895744e+00  1.305123e+01  7.232201e+00  1.389391e+00  2.746631e+00  2.180652e+00  6.146449e-01  4.627184e-01  1.109344e-01  0.000000e+00  2.962421e-01
2.990330e+03  9.503356e-01  7.824227e+00  9.708171e+00  2.399487e+01  5.243983e+00  4.588621e+00  8.866366e+00  4.845366e+00  8.802957e-01  7.706426e-01  1.634052e+00  1.118887e-01  0.000000e+00  1.010950e-01  0.000000e+00  4.049104e-01
3.355206e+03  9.149723e-01  9.053510e+00  7.777354e+00  2.495996e+01  1.503232e+00  4.989508e+00  6.063527e+00  3.154423e+00  1.019503e+00  1.112338e+00  3.210089e-01  3.925522e-01  3.152219e-01  1.882635e-02  0.000000e+00  1.886167e-03
3.764603e+03  4.359984e-01  3.620647e+00  5.705513e+00  1.543498e+01  1.151410e+00  3.488768e+00  3.297787e+00  2.292307e+00  5.910051e-01  1.045998e+00  6.774885e-01  5.054201e-02  5.118633e-04  2.647539e-01  0.000000e+00  2.180938e-01
4.223954e+03  3.515928e-02  2.867080e+00  1.930635e+00  1.255566e+01  3.712662e-01  1.828271e+00  3.246802e+00  2.480703e+00  7.374250e-01  6.869396e-01  5.216566e-01  9.416648e-02  0.000000e+00  2.922574e-01  0.000000e+00  1.246912e-01
4.739354e+03  3.870431e-02  1.693034e+00  2.884610e+00  1.121201e+01  4.948742e-01  2.289514e+00  6.301152e-01  1.503942e+00  3.019711e-01  3.778192e-01  3.565846e-01  1.480600e-01  2.118501e-03  1.007313e-02  0.000000e+00  4.409137e-02
5.317643e+03  2.591477e-01  1.349895e+00  1.664223e+00  6.926467e+00  4.598182e-02  1.472496e+00  1.456291e-01  2.788557e+00  9.852983e-01  4.861366e-01  1.457241e-01  2.636709e-01  0.000000e+00  1.616333e-01  0.000000e+00  3.604064e-01
5.966493e+03  6.831248e-02  6.593802e-01  5.808256e-01  3.530318e+00  2.301566e-01  1.851865e+00  1.604970e-01  8.505087e-01  3.922144e-01  7.117348e-01  9.849128e-03  2.984651e-02  0.000000e+00  4.097565e-02  0.000000e+00  7.871358e-02
6.694516e+03  4.350294e-04  4.155151e-01  5.652670e-01  2.429163e+00  3.459953e-02  2.557807e+00  4.167501e-02  6.121603e-01  3.271832e-01  5.836665e-01  2.391697e-01  4.832103e-01  0.000000e+00  3.005234e-02  0.000000e+00  2.216758e-03
7.511370e+03  1.475157e-02  2.649514e-01  5.539989e-01  1.840914e+00  1.227468e-01  1.247614e+00  1.214186e-01  4.452660e-01  8.719503e-02  3.418654e-01  1.424374e-02  7.362255e-02  0.000000e+00  5.314295e-03  0.000000e+00  2.873883e-01
8.427896e+03  2.781722e-02  1.846578e-01  3.056084e-01  2.847889e-01  3.478987e-02  1.403906e+00  3.075640e-01  9.005274e-01  1.081094e-01  8.715340e-02  1.799231e-01  1.613449e-01  0.000000e+00  3.368876e-03  0.000000e+00  4.998188e-02
9.456255e+03  0.000000e+00  5.308315e-02  2.860014e-01  7.697491e-01  3.983615e-02  9.872969e-01  4.654609e-04  3.215749e-01  1.568649e-01  9.022892e-02  3.643754e-01  2.030332e-01  0.000000e+00  8.544912e-02  0.000000e+00  6.679841e-03
1.061009e+04  0.000000e+00  2.102610e-01  1.549921e-01  4.287641e-01  1.371419e-02  6.197724e-01  5.683662e-02  2.301846e-01  6.580386e-03  1.439996e-01  1.219789e-01  1.331884e-01  0.000000e+00  2.744850e-04  0.000000e+00  7.610340e-02
1.190472e+04  0.000000e+00  1.457754e-03  1.246575e-03  2.257702e-01  0.000000e+00  1.812793e-01  1.618654e-04  1.477147e-02  4.892700e-04  1.301475e-01  4.810614e-01  8.121480e-02  0.000000e+00  1.782589e-02  0.000000e+00  3.233608e-02
1.335731e+04  0.000000e+00  3.620346e-02  1.540923e-01  2.502396e-01  0.000000e+00  2.772786e-01  4.980213e-04  3.774000e-02  4.543707e-03  9.422657e-02  5.017145e-02  1.651747e-02  0.000000e+00  0.000000e+00  0.000000e+00  3.293442e-02
1.498715e+04  0.000000e+00  4.382961e-02  2.091021e-03  1.665020e-02  0.000000e+00  9.161298e-02  0.000000e+00  1.621245e-01  5.302279e-03  1.631270e-02  5.873720e-04  1.819664e-01  0.000000e+00  4.880065e-04  0.000000e+00  7.501501e-02
1.681586e+04  0.000000e+00  5.020094e-03  1.731883e-04  9.645733e-03  0.000000e+00  1.717867e-01  1.145919e-04  1.279828e-02  0.000000e+00  1.863624e-03  1.292845e-03  1.278100e-03  0.000000e+00  4.059317e-02  0.000000e+00  5.290360e-02
1.886771e+04  0.000000e+00  8.617878e-03  0.000000e+00  2.865396e-02  0.000000e+00  1.175278e-01  0.000000e+00  7.525768e-02  0.000000e+00  0.000000e+00  2.538313e-02  3.001457e-02  0.000000e+00  5.876317e-02  0.000000e+00  4.149605e-02
2.116992e+04  0.000000e+00  9.102360e-05  0.000000e+00  2.049541e-02  0.000000e+00  4.052538e-04  0.000000e+00  1.107423e-02  0.000000e+00  0.000000e+00  0.000000e+00  2.513261e-02  0.000000e+00  1.007999e-01  0.000000e+00  1.107423e-02
2.375304e+04  0.000000e+00  0.000000e+00  0.000000e+00  8.112487e-05  0.000000e+00  1.262397e-02  6.247674e-04  2.473989e-03  0.000000e+00  3.345512e-03  1.244705e-02  2.452159e-04  0.000000e+00  0.000000e+00  0.000000e+00  3.761175e-02
2.665135e+04  0.000000e+00  5.568245e-04  0.000000e+00  2.468417e-02  0.000000e+00  0.000000e+00  0.000000e+00  0.000000e+00  0.000000e+00  3.767286e-04  0.000000e+00  0.000000e+00  0.000000e+00  0.000000e+00  0.000000e+00  5.568245e-04
2.990330e+04  0.000000e+00  0.000000e+00  0.000000e+00  3.548307e-03  0.000000e+00  0.000000e+00  0.000000e+00  0.000000e+00  0.000000e+00  0.000000e+00  0.000000e+00  5.513467e-03  0.000000e+00  1.185220e-02  0.000000e+00  6.296051e-03
3.355206e+04  0.000000e+00  0.000000e+00  0.000000e+00  0.000000e+00  0.000000e+00  0.000000e+00  0.000000e+00  0.000000e+00  0.000000e+00  0.000000e+00  0.000000e+00  1.311847e-04  0.000000e+00  4.710841e-02  0.000000e+00  5.984923e-04
3.764603e+04  0.000000e+00  0.000000e+00  0.000000e+00  8.324504e-04  0.000000e+00  0.000000e+00  0.000000e+00  0.000000e+00  0.000000e+00  0.000000e+00  0.000000e+00  2.818521e-03  0.000000e+00  8.324504e-04  0.000000e+00  5.118633e-05
4.223954e+04  0.000000e+00  0.000000e+00  0.000000e+00  5.146910e-04  0.000000e+00  0.000000e+00  0.000000e+00  2.129034e-02  0.000000e+00  0.000000e+00  0.000000e+00  3.322879e-03  0.000000e+00  0.000000e+00  0.000000e+00  0.000000e+00
4.739354e+04  0.000000e+00  0.000000e+00  0.000000e+00  0.000000e+00  0.000000e+00  0.000000e+00  0.000000e+00  4.065875e-05  0.000000e+00  0.000000e+00  0.000000e+00  4.993776e-04  0.000000e+00  2.238831e-03  0.000000e+00  0.000000e+00
5.317643e+04  0.000000e+00  0.000000e+00  0.000000e+00  0.000000e+00  0.000000e+00  0.000000e+00  0.000000e+00  0.000000e+00  0.000000e+00  0.000000e+00  0.000000e+00  0.000000e+00  0.000000e+00  0.000000e+00  0.000000e+00  0.000000e+00
5.966493e+04  0.000000e+00  0.000000e+00  0.000000e+00  0.000000e+00  0.000000e+00  0.000000e+00  0.000000e+00  0.000000e+00  0.000000e+00  0.000000e+00  0.000000e+00  0.000000e+00  0.000000e+00  0.000000e+00  0.000000e+00  0.000000e+00
6.694516e+04  0.000000e+00  0.000000e+00  0.000000e+00  0.000000e+00  0.000000e+00  0.000000e+00  0.000000e+00  0.000000e+00  0.000000e+00  0.000000e+00  0.000000e+00  0.000000e+00  0.000000e+00  0.000000e+00  0.000000e+00  9.065887e-04
7.511370e+04  0.000000e+00  0.000000e+00  0.000000e+00  0.000000e+00  0.000000e+00  0.000000e+00  0.000000e+00  0.000000e+00  0.000000e+00  0.000000e+00  0.000000e+00  0.000000e+00  0.000000e+00  0.000000e+00  0.000000e+00  8.719503e-03
8.427896e+04  0.000000e+00  0.000000e+00  0.000000e+00  0.000000e+00  0.000000e+00  0.000000e+00  0.000000e+00  0.000000e+00  0.000000e+00  0.000000e+00  0.000000e+00  0.000000e+00  0.000000e+00  0.000000e+00  0.000000e+00  0.000000e+00
9.456255e+04  0.000000e+00  0.000000e+00  0.000000e+00  0.000000e+00  0.000000e+00  0.000000e+00  0.000000e+00  0.000000e+00  0.000000e+00  0.000000e+00  0.000000e+00  0.000000e+00  0.000000e+00  0.000000e+00  0.000000e+00  0.000000e+00
1.061009e+05  0.000000e+00  0.000000e+00  0.000000e+00  0.000000e+00  0.000000e+00  0.000000e+00  0.000000e+00  0.000000e+00  0.000000e+00  0.000000e+00  0.000000e+00  0.000000e+00  0.000000e+00  0.000000e+00  0.000000e+00  0.000000e+00
1.190472e+05  0.000000e+00  0.000000e+00  0.000000e+00  0.000000e+00  0.000000e+00  0.000000e+00  0.000000e+00  0.000000e+00  0.000000e+00  0.000000e+00  0.000000e+00  0.000000e+00  0.000000e+00  0.000000e+00  0.000000e+00  0.000000e+00
1.335731e+05  0.000000e+00  0.000000e+00  0.000000e+00  0.000000e+00  0.000000e+00  0.000000e+00  0.000000e+00  0.000000e+00  0.000000e+00  0.000000e+00  0.000000e+00  0.000000e+00  0.000000e+00  0.000000e+00  0.000000e+00  0.000000e+00
1.498715e+05  0.000000e+00  0.000000e+00  0.000000e+00  0.000000e+00  0.000000e+00  0.000000e+00  0.000000e+00  0.000000e+00  0.000000e+00  0.000000e+00  0.000000e+00  0.000000e+00  0.000000e+00  0.000000e+00  0.000000e+00  0.000000e+00
1.681586e+05  0.000000e+00  0.000000e+00  0.000000e+00  0.000000e+00  0.000000e+00  0.000000e+00  0.000000e+00  0.000000e+00  0.000000e+00  0.000000e+00  0.000000e+00  0.000000e+00  0.000000e+00  0.000000e+00  0.000000e+00  0.000000e+00
1.886771e+05  0.000000e+00  0.000000e+00  0.000000e+00  0.000000e+00  0.000000e+00  0.000000e+00  0.000000e+00  0.000000e+00  0.000000e+00  0.000000e+00  0.000000e+00  0.000000e+00  0.000000e+00  0.000000e+00  0.000000e+00  0.000000e+00
2.116992e+05  0.000000e+00  0.000000e+00  0.000000e+00  0.000000e+00  0.000000e+00  0.000000e+00  0.000000e+00  0.000000e+00  0.000000e+00  0.000000e+00  0.000000e+00  0.000000e+00  0.000000e+00  0.000000e+00  0.000000e+00  0.000000e+00
2.375304e+05  0.000000e+00  0.000000e+00  0.000000e+00  0.000000e+00  0.000000e+00  0.000000e+00  0.000000e+00  0.000000e+00  0.000000e+00  0.000000e+00  0.000000e+00  0.000000e+00  0.000000e+00  0.000000e+00  0.000000e+00  0.000000e+00
2.665135e+05  0.000000e+00  0.000000e+00  0.000000e+00  0.000000e+00  0.000000e+00  0.000000e+00  0.000000e+00  0.000000e+00  0.000000e+00  0.000000e+00  0.000000e+00  0.000000e+00  0.000000e+00  0.000000e+00  0.000000e+00  0.000000e+00
2.990330e+05  0.000000e+00  0.000000e+00  0.000000e+00  0.000000e+00  0.000000e+00  0.000000e+00  0.000000e+00  0.000000e+00  0.000000e+00  0.000000e+00  0.000000e+00  0.000000e+00  0.000000e+00  0.000000e+00  0.000000e+00  0.000000e+00
3.355206e+05  0.000000e+00  0.000000e+00  0.000000e+00  0.000000e+00  0.000000e+00  0.000000e+00  0.000000e+00  0.000000e+00  0.000000e+00  0.000000e+00  0.000000e+00  0.000000e+00  0.000000e+00  0.000000e+00  0.000000e+00  0.000000e+00
3.764603e+05  0.000000e+00  0.000000e+00  0.000000e+00  0.000000e+00  0.000000e+00  0.000000e+00  0.000000e+00  0.000000e+00  0.000000e+00  0.000000e+00  0.000000e+00  0.000000e+00  0.000000e+00  0.000000e+00  0.000000e+00  0.000000e+00
4.223954e+05  0.000000e+00  0.000000e+00  0.000000e+00  0.000000e+00  0.000000e+00  0.000000e+00  0.000000e+00  0.000000e+00  0.000000e+00  0.000000e+00  0.000000e+00  0.000000e+00  0.000000e+00  0.000000e+00  0.000000e+00  0.000000e+00
4.739354e+05  0.000000e+00  0.000000e+00  0.000000e+00  0.000000e+00  0.000000e+00  0.000000e+00  0.000000e+00  0.000000e+00  0.000000e+00  0.000000e+00  0.000000e+00  0.000000e+00  0.000000e+00  0.000000e+00  0.000000e+00  0.000000e+00
5.317643e+05  0.000000e+00  0.000000e+00  0.000000e+00  0.000000e+00  0.000000e+00  0.000000e+00  0.000000e+00  0.000000e+00  0.000000e+00  0.000000e+00  0.000000e+00  0.000000e+00  0.000000e+00  0.000000e+00  0.000000e+00  0.000000e+00
5.966493e+05  0.000000e+00  0.000000e+00  0.000000e+00  0.000000e+00  0.000000e+00  0.000000e+00  0.000000e+00  0.000000e+00  0.000000e+00  0.000000e+00  0.000000e+00  0.000000e+00  0.000000e+00  0.000000e+00  0.000000e+00  0.000000e+00
6.694516e+05  0.000000e+00  0.000000e+00  0.000000e+00  0.000000e+00  0.000000e+00  0.000000e+00  0.000000e+00  0.000000e+00  0.000000e+00  0.000000e+00  0.000000e+00  0.000000e+00  0.000000e+00  0.000000e+00  0.000000e+00  0.000000e+00
7.511370e+05  0.000000e+00  0.000000e+00  0.000000e+00  0.000000e+00  0.000000e+00  0.000000e+00  0.000000e+00  0.000000e+00  0.000000e+00  0.000000e+00  0.000000e+00  0.000000e+00  0.000000e+00  0.000000e+00  0.000000e+00  0.000000e+00
8.427896e+05  0.000000e+00  0.000000e+00  0.000000e+00  0.000000e+00  0.000000e+00  0.000000e+00  0.000000e+00  0.000000e+00  0.000000e+00  0.000000e+00  0.000000e+00  0.000000e+00  0.000000e+00  0.000000e+00  0.000000e+00  0.000000e+00
9.456255e+05  0.000000e+00  0.000000e+00  0.000000e+00  0.000000e+00  0.000000e+00  0.000000e+00  0.000000e+00  0.000000e+00  0.000000e+00  0.000000e+00  0.000000e+00  0.000000e+00  0.000000e+00  0.000000e+00  0.000000e+00  0.000000e+00
