# dR/dEr [1/keV/kg/Myr]
# Er [keV], S, F, Ne, Cl, Na, Si, O, P, N, C, Al, Mg, Be, B, Ar, Li
1.061009e+01  1.856332e+01  1.400900e+01  0.000000e+00  0.000000e+00  5.131812e+00  0.000000e+00  1.242529e+00  0.000000e+00  0.000000e+00  0.000000e+00  0.000000e+00  0.000000e+00  4.597140e-02  0.000000e+00  0.000000e+00  0.000000e+00
1.190472e+01  6.948036e+00  1.425989e+00  0.000000e+00  0.000000e+00  2.212631e+00  0.000000e+00  0.000000e+00  0.000000e+00  0.000000e+00  0.000000e+00  0.000000e+00  0.000000e+00  0.000000e+00  0.000000e+00  0.000000e+00  0.000000e+00
1.335731e+01  1.011194e+01  2.076469e+00  0.000000e+00  0.000000e+00  0.000000e+00  0.000000e+00  0.000000e+00  0.000000e+00  0.000000e+00  0.000000e+00  0.000000e+00  0.000000e+00  0.000000e+00  0.000000e+00  0.000000e+00  0.000000e+00
1.498715e+01  2.563107e+00  2.787903e+00  0.000000e+00  0.000000e+00  1.066002e+00  0.000000e+00  4.250596e-01  0.000000e+00  0.000000e+00  0.000000e+00  0.000000e+00  0.000000e+00  0.000000e+00  0.000000e+00  0.000000e+00  0.000000e+00
1.681586e+01  6.334401e+00  2.916512e+00  9.153809e-01  0.000000e+00  1.789269e+00  3.788347e-01  0.000000e+00  0.000000e+00  0.000000e+00  0.000000e+00  0.000000e+00  0.000000e+00  0.000000e+00  0.000000e+00  0.000000e+00  0.000000e+00
1.886771e+01  4.337224e+00  3.308853e+00  0.000000e+00  0.000000e+00  8.158341e-01  0.000000e+00  0.000000e+00  0.000000e+00  0.000000e+00  0.000000e+00  0.000000e+00  0.000000e+00  0.000000e+00  0.000000e+00  0.000000e+00  0.000000e+00
2.116992e+01  4.399227e+00  3.664485e+00  0.000000e+00  0.000000e+00  8.839387e-01  0.000000e+00  3.882234e-01  0.000000e+00  0.000000e+00  0.000000e+00  2.287727e-01  0.000000e+00  0.000000e+00  0.000000e+00  0.000000e+00  0.000000e+00
2.375304e+01  8.125016e+00  1.594718e+00  9.568909e-01  0.000000e+00  2.053943e+00  0.000000e+00  6.480401e-01  0.000000e+00  0.000000e+00  0.000000e+00  0.000000e+00  0.000000e+00  0.000000e+00  0.000000e+00  0.000000e+00  0.000000e+00
2.665135e+01  7.082319e+00  3.359025e+00  3.083768e-01  2.189062e-02  4.921825e-01  0.000000e+00  0.000000e+00  6.503837e-01  0.000000e+00  0.000000e+00  0.000000e+00  0.000000e+00  0.000000e+00  0.000000e+00  0.000000e+00  0.000000e+00
2.990330e+01  8.024888e+00  3.655679e+00  3.768514e-01  0.000000e+00  5.007381e-01  0.000000e+00  4.878755e-01  0.000000e+00  0.000000e+00  0.000000e+00  6.448052e-02  0.000000e+00  3.525803e-01  0.000000e+00  0.000000e+00  0.000000e+00
3.355206e+01  1.023503e+01  2.742789e+00  3.941166e-01  0.000000e+00  8.026800e-01  0.000000e+00  1.042217e+00  0.000000e+00  0.000000e+00  0.000000e+00  3.189407e-01  0.000000e+00  3.480317e-01  0.000000e+00  0.000000e+00  0.000000e+00
3.764603e+01  1.145928e+01  2.055817e+00  2.711222e-03  2.183141e-01  1.364063e+00  0.000000e+00  2.357376e-02  0.000000e+00  0.000000e+00  0.000000e+00  0.000000e+00  0.000000e+00  4.191727e-03  0.000000e+00  0.000000e+00  0.000000e+00
4.223954e+01  1.035759e+01  5.215412e+00  1.534521e-01  0.000000e+00  2.468546e+00  0.000000e+00  3.053695e-01  0.000000e+00  0.000000e+00  0.000000e+00  1.060799e-01  0.000000e+00  1.780089e+00  0.000000e+00  0.000000e+00  0.000000e+00
4.739354e+01  1.442059e+01  5.686964e+00  1.734130e-01  4.524262e-01  6.759822e-01  0.000000e+00  6.246748e-01  0.000000e+00  0.000000e+00  0.000000e+00  0.000000e+00  0.000000e+00  6.244646e-01  0.000000e+00  0.000000e+00  0.000000e+00
5.317643e+01  1.270978e+01  3.188338e+00  4.289071e-01  0.000000e+00  1.714718e+00  0.000000e+00  8.301372e-01  0.000000e+00  0.000000e+00  0.000000e+00  9.107606e-02  0.000000e+00  0.000000e+00  0.000000e+00  0.000000e+00  0.000000e+00
5.966493e+01  1.688868e+01  6.021501e+00  4.778393e-01  2.445170e-01  1.200612e+00  0.000000e+00  9.011250e-01  0.000000e+00  0.000000e+00  0.000000e+00  1.408378e-01  0.000000e+00  4.353841e-02  0.000000e+00  0.000000e+00  0.000000e+00
6.694516e+01  1.843873e+01  5.055347e+00  8.017116e-01  0.000000e+00  2.332577e+00  0.000000e+00  2.386481e-01  0.000000e+00  5.367540e-02  0.000000e+00  3.248194e-01  0.000000e+00  4.421046e+00  0.000000e+00  0.000000e+00  0.000000e+00
7.511370e+01  1.934473e+01  7.028047e+00  7.534945e-01  2.608560e-01  1.438838e+00  0.000000e+00  6.012186e-01  0.000000e+00  0.000000e+00  0.000000e+00  8.629246e-02  0.000000e+00  1.300028e+03  0.000000e+00  0.000000e+00  0.000000e+00
8.427896e+01  2.460554e+01  7.768223e+00  4.491416e-01  6.312151e-01  1.990918e+00  0.000000e+00  1.116863e+00  0.000000e+00  0.000000e+00  0.000000e+00  0.000000e+00  0.000000e+00  1.582316e+03  0.000000e+00  0.000000e+00  0.000000e+00
9.456255e+01  2.435458e+01  6.023541e+00  6.570225e-01  3.088660e-01  1.808024e+00  0.000000e+00  3.042869e-01  0.000000e+00  3.845082e-02  0.000000e+00  4.515535e-04  0.000000e+00  1.202533e+03  0.000000e+00  0.000000e+00  0.000000e+00
1.061009e+02  2.855338e+01  7.966401e+00  4.915121e-01  1.066136e-01  2.493198e+00  0.000000e+00  5.159763e-01  0.000000e+00  0.000000e+00  7.919892e-02  2.975384e-01  0.000000e+00  9.133439e+02  0.000000e+00  0.000000e+00  0.000000e+00
1.190472e+02  3.073145e+01  1.012631e+01  1.058215e+00  1.646437e-01  2.384593e+00  0.000000e+00  3.524770e-01  0.000000e+00  5.351183e-02  1.826594e-01  8.058168e+02  0.000000e+00  6.718607e+02  0.000000e+00  4.123673e-02  0.000000e+00
1.335731e+02  3.456109e+01  1.087228e+01  7.877189e-01  7.641261e-04  2.758832e+00  0.000000e+00  4.173446e-01  0.000000e+00  0.000000e+00  0.000000e+00  6.750100e+02  0.000000e+00  4.948355e+02  0.000000e+00  0.000000e+00  0.000000e+00
1.498715e+02  8.440380e+01  1.264923e+01  5.567002e-01  1.753748e-01  1.606399e+00  0.000000e+00  7.846002e-01  0.000000e+00  9.093337e-02  1.172837e-01  5.046149e+02  0.000000e+00  3.700514e+02  0.000000e+00  0.000000e+00  0.000000e+00
1.681586e+02  1.212322e+02  1.283271e+01  7.643681e-01  1.789269e-01  1.408843e+00  2.539272e-04  9.333059e-01  0.000000e+00  9.114387e-02  0.000000e+00  3.755603e+02  0.000000e+00  2.724624e+02  0.000000e+00  0.000000e+00  0.000000e+00
1.886771e+02  7.072632e+01  1.504393e+01  5.657405e-01  1.765026e-01  3.025619e+00  7.732306e-02  9.049958e-01  5.562017e-02  5.562017e-02  0.000000e+00  2.784885e+02  0.000000e+00  1.991591e+02  0.000000e+00  0.000000e+00  0.000000e+00
2.116992e+02  3.086992e+01  1.879469e+01  7.171530e-01  4.546107e-01  1.298680e+00  4.957153e-02  7.053506e-01  0.000000e+00  0.000000e+00  2.017016e-04  2.207214e+02  0.000000e+00  1.344967e+02  0.000000e+00  4.821310e-04  0.000000e+00
2.375304e+02  2.242969e+01  9.547015e+01  1.085214e+00  3.750857e-01  1.876275e+00  2.062334e-02  8.129500e-01  9.093524e-02  0.000000e+00  2.681945e-02  1.646203e+02  0.000000e+00  9.847260e+01  0.000000e+00  8.353344e-02  0.000000e+00
2.665135e+02  1.847037e+01  7.970850e+01  1.099217e+00  3.065017e-01  2.710917e+00  4.961634e-02  6.212409e-01  0.000000e+00  3.937606e-02  5.659281e-02  1.203518e+02  0.000000e+00  6.824552e+01  0.000000e+00  0.000000e+00  0.000000e+00
2.990330e+02  1.135160e+01  1.215104e+01  6.094992e-01  2.203276e-01  2.070042e+00  6.106729e-03  1.188521e+00  2.207685e-04  5.277071e-04  1.215922e-02  9.084059e+01  0.000000e+00  5.102867e+01  0.000000e+00  0.000000e+00  0.000000e+00
3.355206e+02  1.003405e+01  1.092175e+01  7.142751e-01  3.002276e-01  2.185602e+00  3.127752e-02  8.628022e-01  2.920041e-02  2.449524e-02  6.654883e-02  6.799041e+01  7.742346e-03  3.583265e+01  0.000000e+00  0.000000e+00  1.123988e-03
3.764603e+02  6.677453e+00  8.130879e+00  9.203465e-01  3.050717e-01  2.445755e+00  2.518637e-02  6.019015e-01  0.000000e+00  3.512568e-02  0.000000e+00  4.419845e+01  0.000000e+00  2.604630e+01  0.000000e+00  0.000000e+00  0.000000e+00
4.223954e+02  4.316044e+00  6.864439e+00  5.750657e-01  2.893560e-01  2.092247e+00  1.961355e-02  8.354415e-01  7.047592e-02  2.500091e-02  5.172205e-02  3.414188e+01  0.000000e+00  1.390762e+01  0.000000e+00  2.416379e-04  0.000000e+00
4.739354e+02  3.496238e+00  5.630712e+00  8.115477e-01  4.737485e-01  1.802935e+00  3.507173e-02  8.317368e-01  7.048454e-02  3.657377e-02  0.000000e+00  2.143696e+01  0.000000e+00  9.400108e+00  3.657377e-02  0.000000e+00  0.000000e+00
5.317643e+02  2.748210e+00  3.686705e+00  8.717989e-01  2.363313e-01  1.855299e+00  5.556785e-02  6.832131e-01  7.835413e-02  7.699874e-02  2.993952e-02  1.777586e+01  0.000000e+00  7.302924e+00  8.029884e-05  3.731302e-02  0.000000e+00
5.966493e+02  2.453968e+00  3.270055e+00  8.962591e-01  4.340286e-01  1.798132e+00  6.659812e-02  7.072303e-01  7.384292e-02  3.615510e-02  1.767088e-02  1.257482e+01  0.000000e+00  4.952746e+00  0.000000e+00  2.644801e-04  0.000000e+00
6.694516e+02  1.901267e+00  2.759171e+00  1.080061e+00  6.096992e-01  1.743265e+00  6.457897e-02  8.605454e-01  5.177996e-02  4.274595e-02  1.488344e-02  8.782849e+00  0.000000e+00  2.919761e+00  0.000000e+00  0.000000e+00  0.000000e+00
7.511370e+02  1.543839e+00  2.152352e+00  7.322523e-01  4.925352e-01  1.157352e+00  1.647861e-02  6.373950e-01  6.199845e-02  5.103689e-02  9.980052e-03  5.815213e+00  0.000000e+00  1.945485e+00  0.000000e+00  0.000000e+00  0.000000e+00
8.427896e+02  9.653541e-01  1.810323e+00  6.432648e-01  5.257729e-01  1.306776e+00  3.557473e-02  7.310116e-01  2.544180e-02  1.210572e-02  3.639065e-02  3.043570e+00  0.000000e+00  9.726768e-01  0.000000e+00  2.681194e-02  0.000000e+00
9.456255e+02  9.592218e-01  1.455827e+00  8.613043e-01  3.700022e-01  1.074414e+00  5.415989e-02  7.619823e-01  7.406690e-02  0.000000e+00  3.882108e-02  2.567482e+00  6.169614e-04  7.488333e-01  0.000000e+00  0.000000e+00  0.000000e+00
1.061009e+03  8.738188e-01  1.033066e+00  8.152879e-01  5.505474e-01  8.750788e-01  6.369857e-02  6.936966e-01  5.618932e-02  9.175364e-02  1.463313e-02  1.796770e+00  0.000000e+00  2.955027e-01  3.936556e-03  2.448345e-03  0.000000e+00
1.190472e+03  5.851063e-01  8.863576e-01  7.416148e-01  5.565135e-01  6.289434e-01  6.674742e-02  4.334723e-01  7.000825e-02  3.033480e-02  3.832152e-02  1.080096e+00  0.000000e+00  3.142125e-01  0.000000e+00  0.000000e+00  0.000000e+00
1.335731e+03  5.871616e-01  7.980115e-01  6.098907e-01  4.179772e-01  5.259610e-01  3.140631e-02  5.489407e-01  3.228906e-02  5.625122e-02  1.187634e-02  5.353034e-01  0.000000e+00  1.133069e-01  1.691719e-02  0.000000e+00  0.000000e+00
1.498715e+03  3.680702e-01  5.877849e-01  4.867252e-01  4.655741e-01  3.724261e-01  9.534954e-02  4.952325e-01  9.886448e-02  8.676287e-02  2.175391e-02  3.073528e-01  5.921462e-04  1.683954e-01  0.000000e+00  0.000000e+00  1.323744e-03
1.681586e+03  1.628179e-01  5.777791e-01  3.900045e-01  3.997789e-01  4.530120e-01  4.611015e-02  3.640212e-01  6.500802e-02  6.106555e-02  4.431938e-02  3.242680e-01  0.000000e+00  8.835140e-02  1.209542e-02  0.000000e+00  2.242650e-04
1.886771e+03  2.249188e-01  3.577434e-01  4.029386e-01  5.005208e-01  3.635071e-01  5.491344e-02  3.216312e-01  6.647892e-02  4.642363e-02  4.172403e-02  1.639268e-01  9.943960e-03  7.008494e-03  1.141851e-02  1.292581e-04  0.000000e+00
2.116992e+03  1.642701e-01  3.732656e-01  2.595547e-01  3.041307e-01  1.487507e-01  4.976418e-02  2.484330e-01  5.792155e-02  1.469029e-02  3.033461e-02  8.418719e-02  4.601704e-03  3.135855e-02  4.821310e-05  0.000000e+00  4.821310e-05
2.375304e+03  7.012341e-02  2.137875e-01  2.424740e-01  4.481005e-01  1.567569e-01  8.530004e-02  2.262854e-01  5.241560e-02  3.137686e-02  1.011745e-02  9.471415e-02  2.779311e-05  0.000000e+00  2.038939e-03  0.000000e+00  3.555663e-03
2.665135e+03  7.806951e-02  1.646012e-01  1.908321e-01  3.865490e-01  7.540590e-02  4.941384e-02  1.415802e-01  9.210707e-02  2.267832e-02  4.699063e-02  5.418881e-02  1.678849e-02  9.092991e-03  3.956016e-03  0.000000e+00  8.492084e-03
2.990330e+03  2.010757e-02  1.186783e-01  1.258655e-01  2.951834e-01  6.448329e-02  6.681024e-02  1.021176e-01  5.381100e-02  2.397515e-02  2.133108e-02  4.508885e-02  3.799089e-03  0.000000e+00  3.578574e-03  0.000000e+00  1.236841e-02
3.355206e+03  1.961292e-02  1.392381e-01  1.305255e-01  3.035263e-01  2.566948e-02  6.428078e-02  6.170550e-02  3.615514e-02  1.726074e-02  2.025402e-02  1.068428e-02  8.235058e-03  6.625454e-03  5.746832e-04  0.000000e+00  4.314692e-05
3.764603e+03  6.539145e-03  5.249493e-02  9.248277e-02  1.859030e-01  2.274585e-02  5.579215e-02  3.885493e-02  2.781576e-02  1.187601e-02  2.366318e-02  1.869951e-02  1.615812e-03  1.134251e-05  6.257329e-03  0.000000e+00  7.356919e-03
4.223954e+03  1.109358e-03  3.774918e-02  3.756420e-02  1.467727e-01  1.071214e-02  2.664067e-02  3.390519e-02  3.415096e-02  1.797239e-02  1.625520e-02  1.470980e-02  3.164876e-03  0.000000e+00  6.643630e-03  0.000000e+00  4.364104e-03
4.739354e+03  1.367643e-03  2.874952e-02  4.720208e-02  1.384808e-01  1.096228e-02  3.001344e-02  9.522517e-03  2.611499e-02  8.136471e-03  1.079204e-02  1.123888e-02  4.546916e-03  5.145857e-05  2.935137e-04  0.000000e+00  1.381077e-03
5.317643e+03  5.299630e-03  2.765131e-02  3.215454e-02  8.562100e-02  1.480407e-03  2.295890e-02  4.161000e-03  4.484671e-02  1.737187e-02  1.336792e-02  4.913584e-03  5.714904e-03  0.000000e+00  5.401729e-03  0.000000e+00  6.353954e-03
5.966493e+03  2.391465e-03  1.263451e-02  1.741432e-02  5.414332e-02  4.341894e-03  2.877221e-02  3.805569e-03  2.098441e-02  7.621776e-03  1.521389e-02  3.060615e-04  9.695507e-04  0.000000e+00  1.449253e-03  0.000000e+00  2.632847e-03
6.694516e+03  9.861368e-06  9.094124e-03  1.270828e-02  4.095725e-02  1.150297e-03  4.226172e-02  1.383775e-03  1.092450e-02  9.539603e-03  1.329549e-02  7.960191e-03  8.423684e-03  0.000000e+00  1.034412e-03  0.000000e+00  5.633282e-05
7.511370e+03  4.639866e-04  7.747698e-03  1.186759e-02  2.145676e-02  3.251463e-03  2.159221e-02  4.050312e-03  9.068987e-03  2.686819e-03  7.445880e-03  4.002731e-04  2.572360e-03  0.000000e+00  1.448418e-04  0.000000e+00  8.049552e-03
8.427896e+03  9.970553e-04  6.250020e-03  5.864200e-03  7.132754e-03  1.213730e-03  2.905002e-02  5.194085e-03  2.334060e-02  3.460910e-03  2.956101e-03  5.160265e-03  4.926371e-03  0.000000e+00  8.794796e-05  0.000000e+00  1.656021e-03
9.456255e+03  0.000000e+00  1.757529e-03  6.206414e-03  1.616512e-02  1.376662e-03  1.851375e-02  1.079357e-05  7.790518e-03  4.841015e-03  2.859543e-03  8.470981e-03  6.179539e-03  0.000000e+00  2.676681e-03  0.000000e+00  2.039053e-04
1.061009e+04  0.000000e+00  4.859227e-03  2.070538e-03  9.769735e-03  4.660814e-04  1.357420e-02  1.936669e-03  5.246281e-03  1.966036e-04  3.845178e-03  4.187387e-03  3.951595e-03  0.000000e+00  6.222102e-06  0.000000e+00  2.356745e-03
1.190472e+04  0.000000e+00  3.460512e-05  3.167827e-05  5.271867e-03  0.000000e+00  4.441978e-03  3.586817e-06  4.364804e-04  1.109091e-05  4.087609e-03  7.186410e-03  1.912835e-03  0.000000e+00  6.036779e-04  0.000000e+00  1.068135e-03
1.335731e+04  0.000000e+00  1.263891e-03  2.897872e-03  6.656181e-03  0.000000e+00  3.826128e-03  1.181389e-05  1.291798e-03  1.399094e-04  3.214694e-03  1.751887e-03  5.560321e-04  0.000000e+00  0.000000e+00  0.000000e+00  1.114150e-03
1.498715e+04  0.000000e+00  1.349449e-03  5.921462e-05  5.406616e-04  0.000000e+00  2.452289e-03  0.000000e+00  3.225661e-03  1.733295e-04  5.769581e-04  1.362056e-05  2.316490e-03  0.000000e+00  1.121519e-05  0.000000e+00  2.069482e-03
1.681586e+04  0.000000e+00  1.402445e-04  3.925881e-06  3.179646e-04  0.000000e+00  4.329640e-03  2.539272e-06  4.346516e-04  0.000000e+00  5.277508e-05  3.469429e-05  3.181061e-05  0.000000e+00  1.396406e-03  0.000000e+00  1.665392e-03
1.886771e+04  0.000000e+00  2.850384e-04  0.000000e+00  9.293182e-04  0.000000e+00  2.675627e-03  0.000000e+00  2.150757e-03  0.000000e+00  0.000000e+00  9.036623e-04  9.692262e-04  0.000000e+00  1.656787e-03  0.000000e+00  1.432438e-03
2.116992e+04  0.000000e+00  2.017016e-06  0.000000e+00  7.070007e-04  0.000000e+00  9.471077e-06  0.000000e+00  3.969349e-04  0.000000e+00  0.000000e+00  0.000000e+00  8.187846e-04  0.000000e+00  2.431651e-03  0.000000e+00  3.969349e-04
2.375304e+04  0.000000e+00  0.000000e+00  0.000000e+00  1.797667e-06  0.000000e+00  4.372912e-04  1.587675e-05  7.687916e-05  0.000000e+00  1.093635e-04  4.438723e-04  5.558622e-06  0.000000e+00  0.000000e+00  0.000000e+00  1.186249e-03
2.665135e+04  0.000000e+00  1.415017e-05  0.000000e+00  7.597257e-04  0.000000e+00  0.000000e+00  0.000000e+00  0.000000e+00  0.000000e+00  9.150772e-06  0.000000e+00  0.000000e+00  0.000000e+00  0.000000e+00  0.000000e+00  1.415017e-05
2.990330e+04  0.000000e+00  0.000000e+00  0.000000e+00  1.201642e-04  0.000000e+00  0.000000e+00  0.000000e+00  0.000000e+00  0.000000e+00  0.000000e+00  0.000000e+00  1.812315e-04  0.000000e+00  4.136476e-04  0.000000e+00  2.203925e-04
3.355206e+04  0.000000e+00  0.000000e+00  0.000000e+00  0.000000e+00  0.000000e+00  0.000000e+00  0.000000e+00  0.000000e+00  0.000000e+00  0.000000e+00  0.000000e+00  3.042041e-06  0.000000e+00  5.913715e-04  0.000000e+00  1.453743e-05
3.764603e+04  0.000000e+00  0.000000e+00  0.000000e+00  2.357376e-05  0.000000e+00  0.000000e+00  0.000000e+00  0.000000e+00  0.000000e+00  0.000000e+00  0.000000e+00  9.544985e-05  0.000000e+00  2.357376e-05  0.000000e+00  1.134251e-06
4.223954e+04  0.000000e+00  0.000000e+00  0.000000e+00  1.381205e-05  0.000000e+00  0.000000e+00  0.000000e+00  6.294621e-04  0.000000e+00  0.000000e+00  0.000000e+00  1.076428e-04  0.000000e+00  0.000000e+00  0.000000e+00  0.000000e+00
4.739354e+04  0.000000e+00  0.000000e+00  0.000000e+00  0.000000e+00  0.000000e+00  0.000000e+00  0.000000e+00  9.009678e-07  0.000000e+00  0.000000e+00  0.000000e+00  1.321097e-05  0.000000e+00  7.581851e-05  0.000000e+00  0.000000e+00
5.317643e+04  0.000000e+00  0.000000e+00  0.000000e+00  0.000000e+00  0.000000e+00  0.000000e+00  0.000000e+00  0.000000e+00  0.000000e+00  0.000000e+00  0.000000e+00  0.000000e+00  0.000000e+00  0.000000e+00  0.000000e+00  0.000000e+00
5.966493e+04  0.000000e+00  0.000000e+00  0.000000e+00  0.000000e+00  0.000000e+00  0.000000e+00  0.000000e+00  0.000000e+00  0.000000e+00  0.000000e+00  0.000000e+00  0.000000e+00  0.000000e+00  0.000000e+00  0.000000e+00  0.000000e+00
6.694516e+04  0.000000e+00  0.000000e+00  0.000000e+00  0.000000e+00  0.000000e+00  0.000000e+00  0.000000e+00  0.000000e+00  0.000000e+00  0.000000e+00  0.000000e+00  0.000000e+00  0.000000e+00  0.000000e+00  0.000000e+00  2.791559e-05
7.511370e+04  0.000000e+00  0.000000e+00  0.000000e+00  0.000000e+00  0.000000e+00  0.000000e+00  0.000000e+00  0.000000e+00  0.000000e+00  0.000000e+00  0.000000e+00  0.000000e+00  0.000000e+00  0.000000e+00  0.000000e+00  2.686819e-04
8.427896e+04  0.000000e+00  0.000000e+00  0.000000e+00  0.000000e+00  0.000000e+00  0.000000e+00  0.000000e+00  0.000000e+00  0.000000e+00  0.000000e+00  0.000000e+00  0.000000e+00  0.000000e+00  0.000000e+00  0.000000e+00  0.000000e+00
9.456255e+04  0.000000e+00  0.000000e+00  0.000000e+00  0.000000e+00  0.000000e+00  0.000000e+00  0.000000e+00  0.000000e+00  0.000000e+00  0.000000e+00  0.000000e+00  0.000000e+00  0.000000e+00  0.000000e+00  0.000000e+00  0.000000e+00
1.061009e+05  0.000000e+00  0.000000e+00  0.000000e+00  0.000000e+00  0.000000e+00  0.000000e+00  0.000000e+00  0.000000e+00  0.000000e+00  0.000000e+00  0.000000e+00  0.000000e+00  0.000000e+00  0.000000e+00  0.000000e+00  0.000000e+00
1.190472e+05  0.000000e+00  0.000000e+00  0.000000e+00  0.000000e+00  0.000000e+00  0.000000e+00  0.000000e+00  0.000000e+00  0.000000e+00  0.000000e+00  0.000000e+00  0.000000e+00  0.000000e+00  0.000000e+00  0.000000e+00  0.000000e+00
1.335731e+05  0.000000e+00  0.000000e+00  0.000000e+00  0.000000e+00  0.000000e+00  0.000000e+00  0.000000e+00  0.000000e+00  0.000000e+00  0.000000e+00  0.000000e+00  0.000000e+00  0.000000e+00  0.000000e+00  0.000000e+00  0.000000e+00
1.498715e+05  0.000000e+00  0.000000e+00  0.000000e+00  0.000000e+00  0.000000e+00  0.000000e+00  0.000000e+00  0.000000e+00  0.000000e+00  0.000000e+00  0.000000e+00  0.000000e+00  0.000000e+00  0.000000e+00  0.000000e+00  0.000000e+00
1.681586e+05  0.000000e+00  0.000000e+00  0.000000e+00  0.000000e+00  0.000000e+00  0.000000e+00  0.000000e+00  0.000000e+00  0.000000e+00  0.000000e+00  0.000000e+00  0.000000e+00  0.000000e+00  0.000000e+00  0.000000e+00  0.000000e+00
1.886771e+05  0.000000e+00  0.000000e+00  0.000000e+00  0.000000e+00  0.000000e+00  0.000000e+00  0.000000e+00  0.000000e+00  0.000000e+00  0.000000e+00  0.000000e+00  0.000000e+00  0.000000e+00  0.000000e+00  0.000000e+00  0.000000e+00
2.116992e+05  0.000000e+00  0.000000e+00  0.000000e+00  0.000000e+00  0.000000e+00  0.000000e+00  0.000000e+00  0.000000e+00  0.000000e+00  0.000000e+00  0.000000e+00  0.000000e+00  0.000000e+00  0.000000e+00  0.000000e+00  0.000000e+00
2.375304e+05  0.000000e+00  0.000000e+00  0.000000e+00  0.000000e+00  0.000000e+00  0.000000e+00  0.000000e+00  0.000000e+00  0.000000e+00  0.000000e+00  0.000000e+00  0.000000e+00  0.000000e+00  0.000000e+00  0.000000e+00  0.000000e+00
2.665135e+05  0.000000e+00  0.000000e+00  0.000000e+00  0.000000e+00  0.000000e+00  0.000000e+00  0.000000e+00  0.000000e+00  0.000000e+00  0.000000e+00  0.000000e+00  0.000000e+00  0.000000e+00  0.000000e+00  0.000000e+00  0.000000e+00
2.990330e+05  0.000000e+00  0.000000e+00  0.000000e+00  0.000000e+00  0.000000e+00  0.000000e+00  0.000000e+00  0.000000e+00  0.000000e+00  0.000000e+00  0.000000e+00  0.000000e+00  0.000000e+00  0.000000e+00  0.000000e+00  0.000000e+00
3.355206e+05  0.000000e+00  0.000000e+00  0.000000e+00  0.000000e+00  0.000000e+00  0.000000e+00  0.000000e+00  0.000000e+00  0.000000e+00  0.000000e+00  0.000000e+00  0.000000e+00  0.000000e+00  0.000000e+00  0.000000e+00  0.000000e+00
3.764603e+05  0.000000e+00  0.000000e+00  0.000000e+00  0.000000e+00  0.000000e+00  0.000000e+00  0.000000e+00  0.000000e+00  0.000000e+00  0.000000e+00  0.000000e+00  0.000000e+00  0.000000e+00  0.000000e+00  0.000000e+00  0.000000e+00
4.223954e+05  0.000000e+00  0.000000e+00  0.000000e+00  0.000000e+00  0.000000e+00  0.000000e+00  0.000000e+00  0.000000e+00  0.000000e+00  0.000000e+00  0.000000e+00  0.000000e+00  0.000000e+00  0.000000e+00  0.000000e+00  0.000000e+00
4.739354e+05  0.000000e+00  0.000000e+00  0.000000e+00  0.000000e+00  0.000000e+00  0.000000e+00  0.000000e+00  0.000000e+00  0.000000e+00  0.000000e+00  0.000000e+00  0.000000e+00  0.000000e+00  0.000000e+00  0.000000e+00  0.000000e+00
5.317643e+05  0.000000e+00  0.000000e+00  0.000000e+00  0.000000e+00  0.000000e+00  0.000000e+00  0.000000e+00  0.000000e+00  0.000000e+00  0.000000e+00  0.000000e+00  0.000000e+00  0.000000e+00  0.000000e+00  0.000000e+00  0.000000e+00
5.966493e+05  0.000000e+00  0.000000e+00  0.000000e+00  0.000000e+00  0.000000e+00  0.000000e+00  0.000000e+00  0.000000e+00  0.000000e+00  0.000000e+00  0.000000e+00  0.000000e+00  0.000000e+00  0.000000e+00  0.000000e+00  0.000000e+00
6.694516e+05  0.000000e+00  0.000000e+00  0.000000e+00  0.000000e+00  0.000000e+00  0.000000e+00  0.000000e+00  0.000000e+00  0.000000e+00  0.000000e+00  0.000000e+00  0.000000e+00  0.000000e+00  0.000000e+00  0.000000e+00  0.000000e+00
7.511370e+05  0.000000e+00  0.000000e+00  0.000000e+00  0.000000e+00  0.000000e+00  0.000000e+00  0.000000e+00  0.000000e+00  0.000000e+00  0.000000e+00  0.000000e+00  0.000000e+00  0.000000e+00  0.000000e+00  0.000000e+00  0.000000e+00
8.427896e+05  0.000000e+00  0.000000e+00  0.000000e+00  0.000000e+00  0.000000e+00  0.000000e+00  0.000000e+00  0.000000e+00  0.000000e+00  0.000000e+00  0.000000e+00  0.000000e+00  0.000000e+00  0.000000e+00  0.000000e+00  0.000000e+00
9.456255e+05  0.000000e+00  0.000000e+00  0.000000e+00  0.000000e+00  0.000000e+00  0.000000e+00  0.000000e+00  0.000000e+00  0.000000e+00  0.000000e+00  0.000000e+00  0.000000e+00  0.000000e+00  0.000000e+00  0.000000e+00  0.000000e+00
