# dR/dEr [1/keV/kg/Myr]
# Er [keV], S, F, Ne, Cl, Na, Si, O, P, N, C, Al, Mg, Be, B, Ar, Li
1.061009e+01  2.257515e+01  1.691990e+01  0.000000e+00  0.000000e+00  6.046611e+00  0.000000e+00  1.524185e+00  0.000000e+00  0.000000e+00  0.000000e+00  0.000000e+00  0.000000e+00  4.702077e-02  0.000000e+00  0.000000e+00  0.000000e+00
1.190472e+01  8.496638e+00  1.656147e+00  0.000000e+00  0.000000e+00  2.702772e+00  0.000000e+00  0.000000e+00  0.000000e+00  0.000000e+00  0.000000e+00  0.000000e+00  0.000000e+00  0.000000e+00  0.000000e+00  0.000000e+00  0.000000e+00
1.335731e+01  1.232355e+01  2.533627e+00  0.000000e+00  0.000000e+00  0.000000e+00  0.000000e+00  0.000000e+00  0.000000e+00  0.000000e+00  0.000000e+00  0.000000e+00  0.000000e+00  0.000000e+00  0.000000e+00  0.000000e+00  0.000000e+00
1.498715e+01  3.134943e+00  3.308658e+00  0.000000e+00  0.000000e+00  1.297543e+00  0.000000e+00  5.223582e-01  0.000000e+00  0.000000e+00  0.000000e+00  0.000000e+00  0.000000e+00  0.000000e+00  0.000000e+00  0.000000e+00  0.000000e+00
1.681586e+01  7.745545e+00  3.450203e+00  1.120762e+00  0.000000e+00  2.183254e+00  4.655523e-01  0.000000e+00  0.000000e+00  0.000000e+00  0.000000e+00  0.000000e+00  0.000000e+00  0.000000e+00  0.000000e+00  0.000000e+00  0.000000e+00
1.886771e+01  5.307232e+00  3.966397e+00  0.000000e+00  0.000000e+00  9.988799e-01  0.000000e+00  0.000000e+00  0.000000e+00  0.000000e+00  0.000000e+00  0.000000e+00  0.000000e+00  0.000000e+00  0.000000e+00  0.000000e+00  0.000000e+00
2.116992e+01  5.369906e+00  4.393808e+00  0.000000e+00  0.000000e+00  1.081016e+00  0.000000e+00  4.757470e-01  0.000000e+00  0.000000e+00  0.000000e+00  2.417221e-01  0.000000e+00  0.000000e+00  0.000000e+00  0.000000e+00  0.000000e+00
2.375304e+01  9.914102e+00  1.948623e+00  1.108271e+00  0.000000e+00  2.434425e+00  0.000000e+00  7.934385e-01  0.000000e+00  0.000000e+00  0.000000e+00  0.000000e+00  0.000000e+00  0.000000e+00  0.000000e+00  0.000000e+00  0.000000e+00
2.665135e+01  8.618368e+00  3.968484e+00  3.778993e-01  2.250904e-02  6.042697e-01  0.000000e+00  0.000000e+00  7.235149e-01  0.000000e+00  0.000000e+00  0.000000e+00  0.000000e+00  0.000000e+00  0.000000e+00  0.000000e+00  0.000000e+00
2.990330e+01  9.756123e+00  4.440710e+00  4.635522e-01  0.000000e+00  5.585657e-01  0.000000e+00  5.986023e-01  0.000000e+00  0.000000e+00  0.000000e+00  6.699136e-02  0.000000e+00  3.805115e-01  0.000000e+00  0.000000e+00  0.000000e+00
3.355206e+01  1.244631e+01  3.299379e+00  4.789912e-01  0.000000e+00  9.822511e-01  0.000000e+00  1.214556e+00  0.000000e+00  0.000000e+00  0.000000e+00  3.439325e-01  0.000000e+00  3.674565e-01  0.000000e+00  0.000000e+00  0.000000e+00
3.764603e+01  1.386898e+01  2.420100e+00  2.762512e-03  2.675322e-01  1.584862e+00  0.000000e+00  2.430521e-02  0.000000e+00  0.000000e+00  0.000000e+00  0.000000e+00  0.000000e+00  4.279147e-03  0.000000e+00  0.000000e+00  0.000000e+00
4.223954e+01  1.259656e+01  6.349248e+00  1.634125e-01  0.000000e+00  2.978860e+00  0.000000e+00  3.744932e-01  0.000000e+00  0.000000e+00  0.000000e+00  1.108537e-01  0.000000e+00  2.017923e+00  0.000000e+00  0.000000e+00  0.000000e+00
4.739354e+01  1.757776e+01  6.914243e+00  2.125084e-01  5.516082e-01  8.258983e-01  0.000000e+00  7.659163e-01  0.000000e+00  0.000000e+00  0.000000e+00  0.000000e+00  0.000000e+00  7.124006e-01  0.000000e+00  0.000000e+00  0.000000e+00
5.317643e+01  1.545391e+01  3.897902e+00  5.260171e-01  0.000000e+00  2.058510e+00  0.000000e+00  1.018268e+00  0.000000e+00  0.000000e+00  0.000000e+00  9.623130e-02  0.000000e+00  0.000000e+00  0.000000e+00  0.000000e+00  0.000000e+00
5.966493e+01  2.058757e+01  7.317342e+00  5.857909e-01  3.000119e-01  1.416597e+00  0.000000e+00  1.063528e+00  0.000000e+00  0.000000e+00  0.000000e+00  1.509386e-01  0.000000e+00  4.547441e-02  0.000000e+00  0.000000e+00  0.000000e+00
6.694516e+01  2.243977e+01  6.144146e+00  9.818971e-01  0.000000e+00  2.830984e+00  0.000000e+00  2.904836e-01  0.000000e+00  5.627613e-02  0.000000e+00  3.686558e-01  0.000000e+00  5.060835e+00  0.000000e+00  0.000000e+00  0.000000e+00
7.511370e+01  2.353665e+01  8.499975e+00  8.966465e-01  3.181817e-01  1.730361e+00  0.000000e+00  7.325868e-01  0.000000e+00  0.000000e+00  0.000000e+00  9.189359e-02  0.000000e+00  1.496152e+03  0.000000e+00  0.000000e+00  0.000000e+00
8.427896e+01  2.993988e+01  9.461780e+00  5.490001e-01  7.630864e-01  2.410423e+00  0.000000e+00  1.336391e+00  0.000000e+00  0.000000e+00  0.000000e+00  0.000000e+00  0.000000e+00  1.821452e+03  0.000000e+00  0.000000e+00  0.000000e+00
9.456255e+01  2.968126e+01  7.334134e+00  7.828128e-01  3.775122e-01  2.161253e+00  0.000000e+00  3.709588e-01  0.000000e+00  4.029880e-02  0.000000e+00  4.583507e-04  0.000000e+00  1.383067e+03  0.000000e+00  0.000000e+00  0.000000e+00
1.061009e+02  3.484035e+01  9.686030e+00  5.930395e-01  1.310553e-01  3.018061e+00  0.000000e+00  6.324159e-01  0.000000e+00  0.000000e+00  8.487902e-02  3.441546e-01  0.000000e+00  1.052260e+03  0.000000e+00  0.000000e+00  0.000000e+00
1.190472e+02  3.748663e+01  1.230783e+01  1.288416e+00  1.999208e-01  2.844284e+00  0.000000e+00  4.209505e-01  0.000000e+00  6.576100e-02  2.073104e-01  9.291324e+02  0.000000e+00  7.733634e+02  0.000000e+00  4.354890e-02  0.000000e+00
1.335731e+02  4.216740e+01  1.325972e+01  9.462292e-01  7.785816e-04  3.343454e+00  0.000000e+00  5.047679e-01  0.000000e+00  0.000000e+00  0.000000e+00  7.773755e+02  0.000000e+00  5.692406e+02  0.000000e+00  0.000000e+00  0.000000e+00
1.498715e+02  1.030808e+02  1.540011e+01  6.809261e-01  2.132959e-01  1.959744e+00  0.000000e+00  9.200679e-01  0.000000e+00  1.105768e-01  1.303256e-01  5.812232e+02  0.000000e+00  4.256689e+02  0.000000e+00  0.000000e+00  0.000000e+00
1.681586e+02  1.481281e+02  1.560379e+01  9.226548e-01  2.183254e-01  1.700036e+00  2.577495e-04  1.118669e+00  0.000000e+00  1.002848e-01  0.000000e+00  4.318511e+02  0.000000e+00  3.132579e+02  0.000000e+00  0.000000e+00  0.000000e+00
1.886771e+02  8.633557e+01  1.834394e+01  6.810534e-01  2.161641e-01  3.666437e+00  9.487208e-02  1.073682e+00  6.791231e-02  6.791231e-02  0.000000e+00  3.208884e+02  0.000000e+00  2.294024e+02  0.000000e+00  0.000000e+00  0.000000e+00
2.116992e+02  3.765218e+01  2.287724e+01  8.682419e-01  5.466691e-01  1.558593e+00  6.052691e-02  8.567197e-01  0.000000e+00  0.000000e+00  2.047377e-04  2.539373e+02  0.000000e+00  1.545302e+02  0.000000e+00  4.912518e-04  0.000000e+00
2.375304e+02  2.733205e+01  1.166676e+02  1.319195e+00  4.567428e-01  2.266215e+00  2.539919e-02  9.719513e-01  1.107385e-01  0.000000e+00  3.295858e-02  1.893371e+02  0.000000e+00  1.130198e+02  0.000000e+00  1.003852e-01  0.000000e+00
2.665135e+02  2.249926e+01  9.736919e+01  1.340850e+00  3.610339e-01  3.267386e+00  6.030142e-02  7.463034e-01  0.000000e+00  4.807823e-02  6.233946e-02  1.385549e+02  0.000000e+00  7.861922e+01  0.000000e+00  0.000000e+00  0.000000e+00
2.990330e+02  1.379271e+01  1.481076e+01  7.424952e-01  2.685532e-01  2.504888e+00  6.351356e-03  1.424098e+00  2.245179e-04  5.387127e-04  1.274360e-02  1.045583e+02  0.000000e+00  5.883038e+01  0.000000e+00  0.000000e+00  0.000000e+00
3.355206e+02  1.216827e+01  1.328205e+01  8.688746e-01  3.634754e-01  2.647208e+00  3.818990e-02  1.036591e+00  3.596249e-02  3.001761e-02  7.534447e-02  7.820664e+01  8.086621e-03  4.111101e+01  0.000000e+00  0.000000e+00  1.152846e-03
3.764603e+02  8.102065e+00  9.886044e+00  1.111486e+00  3.563913e-01  2.966508e+00  2.645894e-02  7.252346e-01  0.000000e+00  4.269014e-02  0.000000e+00  5.097424e+01  0.000000e+00  2.994124e+01  0.000000e+00  0.000000e+00  0.000000e+00
4.223954e+02  5.235261e+00  8.315818e+00  6.995510e-01  3.470168e-01  2.531880e+00  2.400278e-02  1.013654e+00  8.290701e-02  3.049426e-02  5.867422e-02  3.935797e+01  0.000000e+00  1.605643e+01  0.000000e+00  2.462091e-04  0.000000e+00
4.739354e+02  4.215533e+00  6.806215e+00  9.856538e-01  5.780707e-01  2.174019e+00  4.025288e-02  9.918258e-01  8.174125e-02  4.068623e-02  0.000000e+00  2.461360e+01  0.000000e+00  1.081868e+01  4.068623e-02  0.000000e+00  0.000000e+00
5.317643e+02  3.299591e+00  4.447373e+00  1.052251e+00  2.857858e-01  2.254886e+00  6.793810e-02  8.302131e-01  9.279863e-02  9.064307e-02  3.484745e-02  2.039718e+01  0.000000e+00  8.429018e+00  8.150756e-05  4.484041e-02  0.000000e+00
5.966493e+02  2.945574e+00  3.928132e+00  1.080500e+00  5.161847e-01  2.187510e+00  7.749866e-02  8.484321e-01  8.770536e-02  4.395696e-02  1.907075e-02  1.449363e+01  0.000000e+00  5.698498e+00  0.000000e+00  2.699959e-04  0.000000e+00
6.694516e+02  2.274302e+00  3.310438e+00  1.306552e+00  7.323390e-01  2.115339e+00  7.619621e-02  1.042678e+00  6.283074e-02  5.215869e-02  1.732176e-02  1.012782e+01  0.000000e+00  3.330499e+00  0.000000e+00  0.000000e+00  0.000000e+00
7.511370e+02  1.848023e+00  2.581290e+00  8.888140e-01  5.924777e-01  1.406954e+00  1.962229e-02  7.724696e-01  7.532566e-02  6.001019e-02  1.164409e-02  6.660821e+00  0.000000e+00  2.231456e+00  0.000000e+00  0.000000e+00  0.000000e+00
8.427896e+02  1.153021e+00  2.162006e+00  7.765482e-01  6.396286e-01  1.581610e+00  4.360135e-02  8.856656e-01  3.101921e-02  1.439491e-02  3.952888e-02  3.496302e+00  0.000000e+00  1.109653e+00  0.000000e+00  3.070262e-02  0.000000e+00
9.456255e+02  1.141646e+00  1.750623e+00  1.039024e+00  4.436270e-01  1.302940e+00  6.373212e-02  9.210703e-01  9.038474e-02  0.000000e+00  4.587012e-02  2.933979e+00  6.343910e-04  8.606971e-01  0.000000e+00  0.000000e+00  0.000000e+00
1.061009e+03  1.041850e+00  1.241387e+00  9.817063e-01  6.647783e-01  1.056906e+00  7.657215e-02  8.425511e-01  6.822097e-02  1.079276e-01  1.608680e-02  2.061808e+00  0.000000e+00  3.352324e-01  4.116186e-03  2.557214e-03  0.000000e+00
1.190472e+03  6.958415e-01  1.065888e+00  8.943420e-01  6.715443e-01  7.681010e-01  7.875105e-02  5.230346e-01  8.399297e-02  3.667791e-02  4.138462e-02  1.241156e+00  0.000000e+00  3.630285e-01  0.000000e+00  0.000000e+00  0.000000e+00
1.335731e+03  6.982289e-01  9.532738e-01  7.339215e-01  5.066660e-01  6.399854e-01  3.655123e-02  6.676989e-01  3.832664e-02  6.707017e-02  1.355810e-02  6.173417e-01  0.000000e+00  1.277044e-01  1.937205e-02  0.000000e+00  0.000000e+00
1.498715e+03  4.379872e-01  7.031614e-01  5.887563e-01  5.596482e-01  4.502729e-01  1.115324e-01  5.978790e-01  1.178641e-01  1.022544e-01  2.445050e-02  3.578668e-01  6.105193e-04  1.938072e-01  0.000000e+00  0.000000e+00  1.374750e-03
1.681586e+03  1.910368e-01  6.865047e-01  4.686182e-01  4.821688e-01  5.450888e-01  5.494005e-02  4.429521e-01  7.654637e-02  7.165057e-02  5.052592e-02  3.710635e-01  0.000000e+00  1.037186e-01  1.357648e-02  0.000000e+00  2.300231e-04
1.886771e+03  2.637790e-01  4.234381e-01  4.827116e-01  6.077734e-01  4.364602e-01  6.438664e-02  3.916308e-01  7.853428e-02  5.525580e-02  4.776378e-02  1.880114e-01  1.136867e-02  8.517802e-03  1.224183e-02  1.322086e-04  0.000000e+00
2.116992e+03  1.950565e-01  4.414923e-01  3.123896e-01  3.684995e-01  1.784201e-01  5.850745e-02  3.004790e-01  6.862963e-02  1.717807e-02  3.521850e-02  9.511838e-02  5.267056e-03  3.565339e-02  4.912518e-05  0.000000e+00  4.912518e-05
2.375304e+03  8.148702e-02  2.543688e-01  2.887683e-01  5.395539e-01  1.859572e-01  9.916303e-02  2.732899e-01  6.275103e-02  3.791263e-02  1.159915e-02  1.086276e-01  2.826513e-05  0.000000e+00  2.154350e-03  0.000000e+00  3.809654e-03
2.665135e+03  9.139385e-02  1.933843e-01  2.280372e-01  4.619191e-01  8.953698e-02  5.906636e-02  1.709478e-01  1.093744e-01  2.664468e-02  5.487181e-02  6.117835e-02  1.912328e-02  1.053939e-02  4.269409e-03  0.000000e+00  9.603536e-03
2.990330e+03  2.264186e-02  1.393747e-01  1.492856e-01  3.532104e-01  7.695431e-02  7.860678e-02  1.229734e-01  6.470036e-02  2.667104e-02  2.340745e-02  5.072539e-02  4.036160e-03  0.000000e+00  3.858986e-03  0.000000e+00  1.386306e-02
3.355206e+03  2.226471e-02  1.631337e-01  1.521296e-01  3.625723e-01  2.965723e-02  7.624087e-02  7.532504e-02  4.315786e-02  1.998676e-02  2.316266e-02  1.166379e-02  9.471621e-03  7.728369e-03  5.970611e-04  0.000000e+00  4.391397e-05
3.764603e+03  7.483086e-03  6.129479e-02  1.076791e-01  2.223527e-01  2.630297e-02  6.459759e-02  4.695719e-02  3.315072e-02  1.324753e-02  2.659739e-02  2.076450e-02  1.684494e-03  1.151325e-05  7.218331e-03  0.000000e+00  7.933444e-03
4.223954e+03  1.157302e-03  4.478182e-02  4.280960e-02  1.761462e-01  1.200001e-02  3.141236e-02  4.107684e-02  4.022164e-02  2.034718e-02  1.803776e-02  1.654977e-02  3.383136e-03  0.000000e+00  7.591583e-03  0.000000e+00  4.661880e-03
4.739354e+03  1.456415e-03  3.318246e-02  5.497469e-02  1.651352e-01  1.258444e-02  3.527797e-02  1.115990e-02  3.038955e-02  9.117846e-03  1.186901e-02  1.247982e-02  5.081688e-03  5.263319e-05  3.035827e-04  0.000000e+00  1.437947e-03
5.317643e+03  6.125933e-03  3.158964e-02  3.654247e-02  1.022859e-01  1.552132e-03  2.657245e-02  4.714316e-03  5.238655e-02  1.998548e-02  1.477746e-02  5.208519e-03  6.533066e-03  0.000000e+00  5.899134e-03  0.000000e+00  7.331530e-03
5.966493e+03  2.561009e-03  1.425921e-02  1.936061e-02  6.351575e-02  5.004821e-03  3.371147e-02  4.201716e-03  2.361210e-02  8.575670e-03  1.751183e-02  3.183219e-04  1.019470e-03  0.000000e+00  1.551194e-03  0.000000e+00  2.892410e-03
6.694516e+03  1.002885e-05  1.017905e-02  1.421639e-02  4.764324e-02  1.209282e-03  4.903751e-02  1.454025e-03  1.236152e-02  1.064207e-02  1.518920e-02  8.730072e-03  9.765483e-03  0.000000e+00  1.098871e-03  0.000000e+00  5.777919e-05
7.511370e+03  4.830307e-04  8.619174e-03  1.362723e-02  2.555444e-02  3.697743e-03  2.469368e-02  4.462847e-03  1.006662e-02  3.017949e-03  8.524573e-03  4.136595e-04  2.780700e-03  0.000000e+00  1.490314e-04  0.000000e+00  8.968377e-03
8.427896e+03  1.068564e-03  6.773848e-03  6.730757e-03  7.824481e-03  1.293918e-03  3.307585e-02  6.099444e-03  2.626627e-02  3.829493e-03  3.203186e-03  5.856675e-03  5.477213e-03  0.000000e+00  9.029409e-05  0.000000e+00  1.751811e-03
9.456255e+03  0.000000e+00  1.924264e-03  7.106067e-03  1.832930e-02  1.498131e-03  2.119379e-02  1.099776e-05  8.675830e-03  5.402329e-03  3.168083e-03  9.681492e-03  6.840220e-03  0.000000e+00  2.969353e-03  0.000000e+00  2.118453e-04
1.061009e+04  0.000000e+00  5.577135e-03  2.419870e-03  1.106339e-02  4.921007e-04  1.532674e-02  2.061578e-03  6.003009e-03  2.039903e-04  4.271277e-03  4.563980e-03  4.462605e-03  0.000000e+00  6.327775e-06  0.000000e+00  2.610731e-03
1.190472e+04  0.000000e+00  3.532911e-05  3.249163e-05  5.897190e-03  0.000000e+00  4.955036e-03  3.640809e-06  4.523523e-04  1.127927e-05  4.522140e-03  8.503454e-03  2.214933e-03  0.000000e+00  6.329279e-04  0.000000e+00  1.124878e-03
1.335731e+04  0.000000e+00  1.342615e-03  3.336020e-03  7.515697e-03  0.000000e+00  4.468166e-03  1.206028e-05  1.392471e-03  1.454340e-04  3.529592e-03  1.883257e-03  5.892990e-04  0.000000e+00  0.000000e+00  0.000000e+00  1.188997e-03
1.498715e+04  0.000000e+00  1.515449e-03  6.105193e-05  5.670610e-04  0.000000e+00  2.751827e-03  0.000000e+00  3.738863e-03  1.810369e-04  6.175416e-04  1.387823e-05  2.779598e-03  0.000000e+00  1.141884e-05  0.000000e+00  2.313068e-03
1.681586e+04  0.000000e+00  1.444996e-04  3.992556e-06  3.349084e-04  0.000000e+00  4.898721e-03  2.577495e-06  4.609821e-04  0.000000e+00  5.441259e-05  3.567443e-05  3.258213e-05  0.000000e+00  1.500570e-03  0.000000e+00  1.840453e-03
1.886771e+04  0.000000e+00  3.002555e-04  0.000000e+00  1.032827e-03  0.000000e+00  3.047771e-03  0.000000e+00  2.428781e-03  0.000000e+00  0.000000e+00  9.678405e-04  1.074046e-03  0.000000e+00  1.862796e-03  0.000000e+00  1.525303e-03
2.116992e+04  0.000000e+00  2.047377e-06  0.000000e+00  7.553664e-04  0.000000e+00  9.656897e-06  0.000000e+00  4.254028e-04  0.000000e+00  0.000000e+00  0.000000e+00  9.108512e-04  0.000000e+00  2.775028e-03  0.000000e+00  4.254028e-04
2.375304e+04  0.000000e+00  0.000000e+00  0.000000e+00  1.824727e-06  0.000000e+00  4.658815e-04  1.628439e-05  7.995884e-05  0.000000e+00  1.142266e-04  4.790356e-04  5.653026e-06  0.000000e+00  0.000000e+00  0.000000e+00  1.310554e-03
2.665135e+04  0.000000e+00  1.451348e-05  0.000000e+00  8.530927e-04  0.000000e+00  0.000000e+00  0.000000e+00  0.000000e+00  0.000000e+00  9.359652e-06  0.000000e+00  0.000000e+00  0.000000e+00  0.000000e+00  0.000000e+00  1.451348e-05
2.990330e+04  0.000000e+00  0.000000e+00  0.000000e+00  1.259866e-04  0.000000e+00  0.000000e+00  0.000000e+00  0.000000e+00  0.000000e+00  0.000000e+00  0.000000e+00  1.895001e-04  0.000000e+00  4.440251e-04  0.000000e+00  2.345209e-04
3.355206e+04  0.000000e+00  0.000000e+00  0.000000e+00  0.000000e+00  0.000000e+00  0.000000e+00  0.000000e+00  0.000000e+00  0.000000e+00  0.000000e+00  0.000000e+00  3.099589e-06  0.000000e+00  7.106726e-04  0.000000e+00  1.486927e-05
3.764603e+04  0.000000e+00  0.000000e+00  0.000000e+00  2.430521e-05  0.000000e+00  0.000000e+00  0.000000e+00  0.000000e+00  0.000000e+00  0.000000e+00  0.000000e+00  1.000747e-04  0.000000e+00  2.430521e-05  0.000000e+00  1.151325e-06
4.223954e+04  0.000000e+00  0.000000e+00  0.000000e+00  1.420225e-05  0.000000e+00  0.000000e+00  0.000000e+00  7.054281e-04  0.000000e+00  0.000000e+00  0.000000e+00  1.124432e-04  0.000000e+00  0.000000e+00  0.000000e+00  0.000000e+00
4.739354e+04  0.000000e+00  0.000000e+00  0.000000e+00  0.000000e+00  0.000000e+00  0.000000e+00  0.000000e+00  9.145299e-07  0.000000e+00  0.000000e+00  0.000000e+00  1.357229e-05  0.000000e+00  7.949215e-05  0.000000e+00  0.000000e+00
5.317643e+04  0.000000e+00  0.000000e+00  0.000000e+00  0.000000e+00  0.000000e+00  0.000000e+00  0.000000e+00  0.000000e+00  0.000000e+00  0.000000e+00  0.000000e+00  0.000000e+00  0.000000e+00  0.000000e+00  0.000000e+00  0.000000e+00
5.966493e+04  0.000000e+00  0.000000e+00  0.000000e+00  0.000000e+00  0.000000e+00  0.000000e+00  0.000000e+00  0.000000e+00  0.000000e+00  0.000000e+00  0.000000e+00  0.000000e+00  0.000000e+00  0.000000e+00  0.000000e+00  0.000000e+00
6.694516e+04  0.000000e+00  0.000000e+00  0.000000e+00  0.000000e+00  0.000000e+00  0.000000e+00  0.000000e+00  0.000000e+00  0.000000e+00  0.000000e+00  0.000000e+00  0.000000e+00  0.000000e+00  0.000000e+00  0.000000e+00  2.901790e-05
7.511370e+04  0.000000e+00  0.000000e+00  0.000000e+00  0.000000e+00  0.000000e+00  0.000000e+00  0.000000e+00  0.000000e+00  0.000000e+00  0.000000e+00  0.000000e+00  0.000000e+00  0.000000e+00  0.000000e+00  0.000000e+00  3.017949e-04
8.427896e+04  0.000000e+00  0.000000e+00  0.000000e+00  0.000000e+00  0.000000e+00  0.000000e+00  0.000000e+00  0.000000e+00  0.000000e+00  0.000000e+00  0.000000e+00  0.000000e+00  0.000000e+00  0.000000e+00  0.000000e+00  0.000000e+00
9.456255e+04  0.000000e+00  0.000000e+00  0.000000e+00  0.000000e+00  0.000000e+00  0.000000e+00  0.000000e+00  0.000000e+00  0.000000e+00  0.000000e+00  0.000000e+00  0.000000e+00  0.000000e+00  0.000000e+00  0.000000e+00  0.000000e+00
1.061009e+05  0.000000e+00  0.000000e+00  0.000000e+00  0.000000e+00  0.000000e+00  0.000000e+00  0.000000e+00  0.000000e+00  0.000000e+00  0.000000e+00  0.000000e+00  0.000000e+00  0.000000e+00  0.000000e+00  0.000000e+00  0.000000e+00
1.190472e+05  0.000000e+00  0.000000e+00  0.000000e+00  0.000000e+00  0.000000e+00  0.000000e+00  0.000000e+00  0.000000e+00  0.000000e+00  0.000000e+00  0.000000e+00  0.000000e+00  0.000000e+00  0.000000e+00  0.000000e+00  0.000000e+00
1.335731e+05  0.000000e+00  0.000000e+00  0.000000e+00  0.000000e+00  0.000000e+00  0.000000e+00  0.000000e+00  0.000000e+00  0.000000e+00  0.000000e+00  0.000000e+00  0.000000e+00  0.000000e+00  0.000000e+00  0.000000e+00  0.000000e+00
1.498715e+05  0.000000e+00  0.000000e+00  0.000000e+00  0.000000e+00  0.000000e+00  0.000000e+00  0.000000e+00  0.000000e+00  0.000000e+00  0.000000e+00  0.000000e+00  0.000000e+00  0.000000e+00  0.000000e+00  0.000000e+00  0.000000e+00
1.681586e+05  0.000000e+00  0.000000e+00  0.000000e+00  0.000000e+00  0.000000e+00  0.000000e+00  0.000000e+00  0.000000e+00  0.000000e+00  0.000000e+00  0.000000e+00  0.000000e+00  0.000000e+00  0.000000e+00  0.000000e+00  0.000000e+00
1.886771e+05  0.000000e+00  0.000000e+00  0.000000e+00  0.000000e+00  0.000000e+00  0.000000e+00  0.000000e+00  0.000000e+00  0.000000e+00  0.000000e+00  0.000000e+00  0.000000e+00  0.000000e+00  0.000000e+00  0.000000e+00  0.000000e+00
2.116992e+05  0.000000e+00  0.000000e+00  0.000000e+00  0.000000e+00  0.000000e+00  0.000000e+00  0.000000e+00  0.000000e+00  0.000000e+00  0.000000e+00  0.000000e+00  0.000000e+00  0.000000e+00  0.000000e+00  0.000000e+00  0.000000e+00
2.375304e+05  0.000000e+00  0.000000e+00  0.000000e+00  0.000000e+00  0.000000e+00  0.000000e+00  0.000000e+00  0.000000e+00  0.000000e+00  0.000000e+00  0.000000e+00  0.000000e+00  0.000000e+00  0.000000e+00  0.000000e+00  0.000000e+00
2.665135e+05  0.000000e+00  0.000000e+00  0.000000e+00  0.000000e+00  0.000000e+00  0.000000e+00  0.000000e+00  0.000000e+00  0.000000e+00  0.000000e+00  0.000000e+00  0.000000e+00  0.000000e+00  0.000000e+00  0.000000e+00  0.000000e+00
2.990330e+05  0.000000e+00  0.000000e+00  0.000000e+00  0.000000e+00  0.000000e+00  0.000000e+00  0.000000e+00  0.000000e+00  0.000000e+00  0.000000e+00  0.000000e+00  0.000000e+00  0.000000e+00  0.000000e+00  0.000000e+00  0.000000e+00
3.355206e+05  0.000000e+00  0.000000e+00  0.000000e+00  0.000000e+00  0.000000e+00  0.000000e+00  0.000000e+00  0.000000e+00  0.000000e+00  0.000000e+00  0.000000e+00  0.000000e+00  0.000000e+00  0.000000e+00  0.000000e+00  0.000000e+00
3.764603e+05  0.000000e+00  0.000000e+00  0.000000e+00  0.000000e+00  0.000000e+00  0.000000e+00  0.000000e+00  0.000000e+00  0.000000e+00  0.000000e+00  0.000000e+00  0.000000e+00  0.000000e+00  0.000000e+00  0.000000e+00  0.000000e+00
4.223954e+05  0.000000e+00  0.000000e+00  0.000000e+00  0.000000e+00  0.000000e+00  0.000000e+00  0.000000e+00  0.000000e+00  0.000000e+00  0.000000e+00  0.000000e+00  0.000000e+00  0.000000e+00  0.000000e+00  0.000000e+00  0.000000e+00
4.739354e+05  0.000000e+00  0.000000e+00  0.000000e+00  0.000000e+00  0.000000e+00  0.000000e+00  0.000000e+00  0.000000e+00  0.000000e+00  0.000000e+00  0.000000e+00  0.000000e+00  0.000000e+00  0.000000e+00  0.000000e+00  0.000000e+00
5.317643e+05  0.000000e+00  0.000000e+00  0.000000e+00  0.000000e+00  0.000000e+00  0.000000e+00  0.000000e+00  0.000000e+00  0.000000e+00  0.000000e+00  0.000000e+00  0.000000e+00  0.000000e+00  0.000000e+00  0.000000e+00  0.000000e+00
5.966493e+05  0.000000e+00  0.000000e+00  0.000000e+00  0.000000e+00  0.000000e+00  0.000000e+00  0.000000e+00  0.000000e+00  0.000000e+00  0.000000e+00  0.000000e+00  0.000000e+00  0.000000e+00  0.000000e+00  0.000000e+00  0.000000e+00
6.694516e+05  0.000000e+00  0.000000e+00  0.000000e+00  0.000000e+00  0.000000e+00  0.000000e+00  0.000000e+00  0.000000e+00  0.000000e+00  0.000000e+00  0.000000e+00  0.000000e+00  0.000000e+00  0.000000e+00  0.000000e+00  0.000000e+00
7.511370e+05  0.000000e+00  0.000000e+00  0.000000e+00  0.000000e+00  0.000000e+00  0.000000e+00  0.000000e+00  0.000000e+00  0.000000e+00  0.000000e+00  0.000000e+00  0.000000e+00  0.000000e+00  0.000000e+00  0.000000e+00  0.000000e+00
8.427896e+05  0.000000e+00  0.000000e+00  0.000000e+00  0.000000e+00  0.000000e+00  0.000000e+00  0.000000e+00  0.000000e+00  0.000000e+00  0.000000e+00  0.000000e+00  0.000000e+00  0.000000e+00  0.000000e+00  0.000000e+00  0.000000e+00
9.456255e+05  0.000000e+00  0.000000e+00  0.000000e+00  0.000000e+00  0.000000e+00  0.000000e+00  0.000000e+00  0.000000e+00  0.000000e+00  0.000000e+00  0.000000e+00  0.000000e+00  0.000000e+00  0.000000e+00  0.000000e+00  0.000000e+00
