# dR/dEr [1/keV/kg/Myr]
# Er [keV], S, F, Ne, Cl, Na, Si, O, P, N, C, Al, Mg, Be, B, Ar, Li
1.061009e+01  1.184395e+01  9.098790e+00  0.000000e+00  0.000000e+00  3.540640e+00  0.000000e+00  7.776546e-01  0.000000e+00  0.000000e+00  0.000000e+00  0.000000e+00  0.000000e+00  4.334830e-02  0.000000e+00  0.000000e+00  0.000000e+00
1.190472e+01  4.365179e+00  1.019743e+00  0.000000e+00  0.000000e+00  1.392501e+00  0.000000e+00  0.000000e+00  0.000000e+00  0.000000e+00  0.000000e+00  0.000000e+00  0.000000e+00  0.000000e+00  0.000000e+00  0.000000e+00  0.000000e+00
1.335731e+01  6.386510e+00  1.313313e+00  0.000000e+00  0.000000e+00  0.000000e+00  0.000000e+00  0.000000e+00  0.000000e+00  0.000000e+00  0.000000e+00  0.000000e+00  0.000000e+00  0.000000e+00  0.000000e+00  0.000000e+00  0.000000e+00
1.498715e+01  1.609877e+00  1.890423e+00  0.000000e+00  0.000000e+00  6.803070e-01  0.000000e+00  2.650260e-01  0.000000e+00  0.000000e+00  0.000000e+00  0.000000e+00  0.000000e+00  0.000000e+00  0.000000e+00  0.000000e+00  0.000000e+00
1.681586e+01  3.980104e+00  1.965848e+00  5.740172e-01  0.000000e+00  1.127921e+00  2.362046e-01  0.000000e+00  0.000000e+00  0.000000e+00  0.000000e+00  0.000000e+00  0.000000e+00  0.000000e+00  0.000000e+00  0.000000e+00  0.000000e+00
1.886771e+01  2.722257e+00  2.175693e+00  0.000000e+00  0.000000e+00  5.115934e-01  0.000000e+00  0.000000e+00  0.000000e+00  0.000000e+00  0.000000e+00  0.000000e+00  0.000000e+00  0.000000e+00  0.000000e+00  0.000000e+00  0.000000e+00
2.116992e+01  2.773427e+00  2.413420e+00  0.000000e+00  0.000000e+00  5.552716e-01  0.000000e+00  2.431101e-01  0.000000e+00  0.000000e+00  0.000000e+00  1.994490e-01  0.000000e+00  0.000000e+00  0.000000e+00  0.000000e+00  0.000000e+00
2.375304e+01  5.124619e+00  1.003089e+00  6.768995e-01  0.000000e+00  1.391024e+00  0.000000e+00  4.063731e-01  0.000000e+00  0.000000e+00  0.000000e+00  0.000000e+00  0.000000e+00  0.000000e+00  0.000000e+00  0.000000e+00  0.000000e+00
2.665135e+01  4.507469e+00  2.286937e+00  1.931092e-01  2.038435e-02  3.073309e-01  0.000000e+00  0.000000e+00  5.006137e-01  0.000000e+00  0.000000e+00  0.000000e+00  0.000000e+00  0.000000e+00  0.000000e+00  0.000000e+00  0.000000e+00
2.990330e+01  5.100873e+00  2.329066e+00  2.346278e-01  0.000000e+00  3.933383e-01  0.000000e+00  3.049364e-01  0.000000e+00  0.000000e+00  0.000000e+00  5.840403e-02  0.000000e+00  2.912911e-01  0.000000e+00  0.000000e+00  0.000000e+00
3.355206e+01  6.520977e+00  1.795596e+00  2.499564e-01  0.000000e+00  5.037448e-01  0.000000e+00  7.269808e-01  0.000000e+00  0.000000e+00  0.000000e+00  2.640113e-01  0.000000e+00  3.035680e-01  0.000000e+00  0.000000e+00  0.000000e+00
3.764603e+01  7.388439e+00  1.423742e+00  2.503666e-03  1.367109e-01  9.668223e-01  0.000000e+00  2.180253e-02  0.000000e+00  0.000000e+00  0.000000e+00  0.000000e+00  0.000000e+00  3.919618e-03  0.000000e+00  0.000000e+00  0.000000e+00
4.223954e+01  6.606017e+00  3.315288e+00  1.309512e-01  0.000000e+00  1.597462e+00  0.000000e+00  1.915629e-01  0.000000e+00  0.000000e+00  0.000000e+00  9.487354e-02  0.000000e+00  1.318133e+00  0.000000e+00  0.000000e+00  0.000000e+00
4.739354e+01  9.137896e+00  3.622229e+00  1.085933e-01  2.855489e-01  4.271108e-01  0.000000e+00  3.908631e-01  0.000000e+00  0.000000e+00  0.000000e+00  0.000000e+00  0.000000e+00  4.637523e-01  0.000000e+00  0.000000e+00  0.000000e+00
5.317643e+01  8.108495e+00  2.004027e+00  2.682622e-01  0.000000e+00  1.133145e+00  0.000000e+00  5.190764e-01  0.000000e+00  0.000000e+00  0.000000e+00  7.940206e-02  0.000000e+00  0.000000e+00  0.000000e+00  0.000000e+00  0.000000e+00
5.966493e+01  1.068875e+01  3.848927e+00  2.990597e-01  1.528302e-01  8.252639e-01  0.000000e+00  6.169043e-01  0.000000e+00  0.000000e+00  0.000000e+00  1.185171e-01  0.000000e+00  3.900123e-02  0.000000e+00  0.000000e+00  0.000000e+00
6.694516e+01  1.172738e+01  3.227809e+00  5.024995e-01  0.000000e+00  1.492266e+00  0.000000e+00  1.523018e-01  0.000000e+00  4.760069e-02  0.000000e+00  2.390786e-01  0.000000e+00  3.224663e+00  0.000000e+00  0.000000e+00  0.000000e+00
7.511370e+01  1.230573e+01  4.529310e+00  5.065256e-01  1.645311e-01  9.396955e-01  0.000000e+00  3.797996e-01  0.000000e+00  0.000000e+00  0.000000e+00  7.363927e-02  0.000000e+00  9.375496e+02  0.000000e+00  0.000000e+00  0.000000e+00
8.427896e+01  1.564363e+01  4.927402e+00  2.823633e-01  4.086743e-01  1.281396e+00  0.000000e+00  7.392674e-01  0.000000e+00  0.000000e+00  0.000000e+00  0.000000e+00  0.000000e+00  1.140092e+03  0.000000e+00  0.000000e+00  0.000000e+00
9.456255e+01  1.542702e+01  3.829779e+00  4.391905e-01  1.941941e-01  1.208193e+00  0.000000e+00  1.923246e-01  0.000000e+00  3.410538e-02  0.000000e+00  4.066697e-04  0.000000e+00  8.682677e+02  0.000000e+00  0.000000e+00  0.000000e+00
1.061009e+02  1.802836e+01  5.078595e+00  3.214632e-01  6.648955e-02  1.604183e+00  0.000000e+00  3.235750e-01  0.000000e+00  0.000000e+00  6.664705e-02  2.120176e-01  0.000000e+00  6.569887e+02  0.000000e+00  0.000000e+00  0.000000e+00
1.190472e+02  1.941415e+01  6.461585e+00  6.699531e-01  1.056374e-01  1.595511e+00  0.000000e+00  2.332894e-01  0.000000e+00  3.336479e-02  1.344438e-01  5.784050e+02  0.000000e+00  4.842176e+02  0.000000e+00  3.597332e-02  0.000000e+00
1.335731e+02  2.182989e+01  6.879696e+00  5.181453e-01  7.056291e-04  1.771907e+00  0.000000e+00  2.687806e-01  0.000000e+00  0.000000e+00  0.000000e+00  4.857669e+02  0.000000e+00  3.571959e+02  0.000000e+00  0.000000e+00  0.000000e+00
1.498715e+02  5.318120e+01  8.037998e+00  3.497259e-01  1.112103e-01  1.013684e+00  0.000000e+00  5.464780e-01  0.000000e+00  5.848174e-02  9.055752e-02  3.630561e+02  0.000000e+00  2.671710e+02  0.000000e+00  0.000000e+00  0.000000e+00
1.681586e+02  7.630743e+01  8.179576e+00  4.955282e-01  1.127921e-01  9.176161e-01  2.286872e-04  6.151032e-01  0.000000e+00  7.223120e-02  0.000000e+00  2.713352e+02  0.000000e+00  1.968562e+02  0.000000e+00  0.000000e+00  0.000000e+00
1.886771e+02  4.462292e+01  9.519445e+00  3.694234e-01  1.106317e-01  1.941640e+00  4.832916e-02  6.118003e-01  3.502510e-02  3.502510e-02  0.000000e+00  2.002769e+02  0.000000e+00  1.432741e+02  0.000000e+00  0.000000e+00  0.000000e+00
2.116992e+02  1.952393e+01  1.194779e+01  4.610204e-01  2.975636e-01  8.561216e-01  3.121615e-02  4.511014e-01  0.000000e+00  0.000000e+00  1.816527e-04  1.592636e+02  0.000000e+00  9.730691e+01  0.000000e+00  4.452218e-04  0.000000e+00
2.375304e+02  1.421643e+01  6.007496e+01  6.925459e-01  2.390110e-01  1.216716e+00  1.281588e-02  5.415792e-01  5.759571e-02  0.000000e+00  1.672201e-02  1.188365e+02  0.000000e+00  7.143496e+01  0.000000e+00  5.414660e-02  0.000000e+00
2.665135e+02  1.171773e+01  5.019698e+01  6.943392e-01  2.105326e-01  1.765268e+00  3.146765e-02  4.080221e-01  0.000000e+00  2.479587e-02  4.471194e-02  8.668731e+01  0.000000e+00  4.911212e+01  0.000000e+00  0.000000e+00  0.000000e+00
2.990330e+02  7.248146e+00  7.697729e+00  3.866740e-01  1.395477e-01  1.335852e+00  5.525210e-03  7.840157e-01  2.013303e-04  4.934507e-04  1.078507e-02  6.550844e+01  0.000000e+00  3.665173e+01  0.000000e+00  0.000000e+00  0.000000e+00
3.355206e+02  6.435705e+00  6.956693e+00  4.558236e-01  1.932517e-01  1.405372e+00  1.969606e-02  5.650902e-01  1.814590e-02  1.533921e-02  4.932163e-02  4.908286e+01  6.935508e-03  2.599897e+01  0.000000e+00  0.000000e+00  1.053532e-03
3.764603e+02  4.279823e+00  5.182839e+00  5.968829e-01  2.123270e-01  1.567597e+00  2.225279e-02  3.926134e-01  0.000000e+00  2.227739e-02  0.000000e+00  3.173223e+01  0.000000e+00  1.881779e+01  0.000000e+00  0.000000e+00  0.000000e+00
4.223954e+02  2.767785e+00  4.415078e+00  3.659471e-01  1.914504e-01  1.347987e+00  1.232690e-02  5.356086e-01  4.886810e-02  1.578767e-02  3.811454e-02  2.452381e+01  0.000000e+00  9.952230e+00  0.000000e+00  2.231395e-04  0.000000e+00
4.739354e+02  2.275234e+00  3.641546e+00  5.190952e-01  2.996231e-01  1.172966e+00  2.577975e-02  5.570906e-01  4.981706e-02  2.815158e-02  0.000000e+00  1.553710e+01  0.000000e+00  6.783272e+00  2.815158e-02  0.000000e+00  0.000000e+00
5.317643e+02  1.806810e+00  2.399769e+00  5.660678e-01  1.526316e-01  1.182863e+00  3.496741e-02  4.366071e-01  5.305441e-02  5.292053e-02  2.138922e-02  1.290303e+01  0.000000e+00  5.229567e+00  7.231723e-05  2.418640e-02  0.000000e+00
5.966493e+02  1.615070e+00  2.147911e+00  5.835018e-01  2.919119e-01  1.144537e+00  4.690318e-02  4.662979e-01  4.993532e-02  2.306235e-02  1.459914e-02  9.033920e+00  0.000000e+00  3.573615e+00  0.000000e+00  2.473112e-04  0.000000e+00
6.694516e+02  1.261560e+00  1.818056e+00  6.972808e-01  4.010616e-01  1.116463e+00  4.403555e-02  5.534164e-01  3.295675e-02  2.694616e-02  1.069326e-02  6.302746e+00  0.000000e+00  2.143677e+00  0.000000e+00  0.000000e+00  0.000000e+00
7.511370e+02  1.021322e+00  1.418596e+00  4.695859e-01  3.226950e-01  7.373570e-01  1.124629e-02  4.103157e-01  3.967053e-02  3.496185e-02  7.150716e-03  4.234679e+00  0.000000e+00  1.414027e+00  0.000000e+00  0.000000e+00  0.000000e+00
8.427896e+02  6.437599e-01  1.205861e+00  4.177006e-01  3.343077e-01  8.416283e-01  2.227270e-02  4.700806e-01  1.605759e-02  8.242151e-03  2.970520e-02  2.205121e+00  0.000000e+00  7.181500e-01  0.000000e+00  1.932194e-02  0.000000e+00
9.456255e+02  6.445333e-01  9.539389e-01  5.596432e-01  2.439356e-01  6.899108e-01  3.726552e-02  4.920809e-01  4.671594e-02  0.000000e+00  2.669437e-02  1.879350e+00  5.745091e-04  5.421733e-01  0.000000e+00  0.000000e+00  0.000000e+00
1.061009e+03  5.836199e-01  6.769896e-01  5.319738e-01  3.567033e-01  5.673707e-01  4.148887e-02  4.434082e-01  3.599936e-02  6.314364e-02  1.162103e-02  1.304631e+00  0.000000e+00  2.193888e-01  3.515432e-03  2.193200e-03  0.000000e+00
1.190472e+03  3.936867e-01  5.806145e-01  4.823016e-01  3.616541e-01  3.968466e-01  4.543971e-02  2.816274e-01  4.653072e-02  1.966473e-02  3.175399e-02  7.834126e-01  0.000000e+00  2.236351e-01  0.000000e+00  0.000000e+00  0.000000e+00
1.335731e+03  3.942751e-01  5.314981e-01  3.988831e-01  2.685983e-01  3.346641e-01  2.242762e-02  3.496766e-01  2.177933e-02  3.759129e-02  8.897335e-03  3.841851e-01  0.000000e+00  8.560844e-02  1.219132e-02  0.000000e+00  0.000000e+00
1.498715e+03  2.470856e-01  3.906048e-01  3.146241e-01  3.051016e-01  2.410863e-01  6.663016e-02  3.211151e-01  6.586812e-02  5.925625e-02  1.675324e-02  2.159224e-01  5.476549e-04  1.214389e-01  0.000000e+00  0.000000e+00  1.200881e-03
1.681586e+03  1.132790e-01  3.889232e-01  2.562323e-01  2.597915e-01  2.960856e-01  3.102608e-02  2.315126e-01  4.485487e-02  4.233057e-02  3.255114e-02  2.360738e-01  0.000000e+00  6.106981e-02  9.140819e-03  0.000000e+00  2.102072e-04
1.886771e+03  1.558286e-01  2.434184e-01  2.665533e-01  3.199512e-01  2.392127e-01  3.814328e-02  2.045513e-01  4.540115e-02  3.100904e-02  3.046161e-02  1.187665e-01  7.344393e-03  4.444923e-03  9.597819e-03  1.218827e-04  0.000000e+00
2.116992e+03  1.108887e-01  2.543391e-01  1.694926e-01  1.957972e-01  9.818227e-02  3.416472e-02  1.605117e-01  3.926839e-02  1.041418e-02  2.150118e-02  6.310387e-02  3.432455e-03  2.312926e-02  4.452218e-05  0.000000e+00  4.452218e-05
2.375304e+03  5.014978e-02  1.436904e-01  1.627081e-01  2.922943e-01  1.062681e-01  6.031294e-02  1.466797e-01  3.458149e-02  2.028898e-02  7.445058e-03  6.910302e-02  2.534598e-05  0.000000e+00  1.777591e-03  0.000000e+00  2.993204e-03
2.665135e+03  5.431120e-02  1.137577e-01  1.269011e-01  2.568809e-01  5.109507e-02  3.274123e-02  9.184599e-02  6.206414e-02  1.561302e-02  3.264618e-02  4.077809e-02  1.225717e-02  6.444899e-03  3.268340e-03  0.000000e+00  6.313351e-03
2.990330e+03  1.532964e-02  8.195220e-02  8.511887e-02  1.952547e-01  4.303001e-02  4.605349e-02  6.670046e-02  3.541135e-02  1.863236e-02  1.714396e-02  3.399462e-02  3.268628e-03  0.000000e+00  2.962256e-03  0.000000e+00  9.386604e-03
3.355206e+03  1.456596e-02  9.665812e-02  9.169850e-02  2.020998e-01  1.845385e-02  4.359883e-02  3.888807e-02  2.426212e-02  1.227945e-02  1.489073e-02  8.636680e-03  5.937313e-03  4.583838e-03  5.205265e-04  0.000000e+00  3.955311e-05
3.764603e+03  4.833271e-03  3.684287e-02  6.516514e-02  1.234280e-01  1.624906e-02  3.993160e-02  2.505361e-02  1.864157e-02  9.297026e-03  1.799745e-02  1.458315e-02  1.454281e-03  1.021508e-05  4.476343e-03  0.000000e+00  6.124204e-03
4.223954e+03  9.952279e-04  2.549411e-02  2.779249e-02  9.668357e-02  8.153267e-03  1.822971e-02  2.189826e-02  2.349978e-02  1.342404e-02  1.276343e-02  1.112291e-02  2.678935e-03  0.000000e+00  4.857314e-03  0.000000e+00  3.701937e-03
4.739354e+03  1.167104e-03  2.071461e-02  3.326814e-02  9.269209e-02  7.952490e-03  2.081594e-02  6.578751e-03  1.840324e-02  6.235240e-03  8.613645e-03  8.723220e-03  3.476400e-03  4.852238e-05  2.688384e-04  0.000000e+00  1.245989e-03
5.317643e+03  3.768087e-03  2.029441e-02  2.396624e-02  5.695603e-02  1.314574e-03  1.654581e-02  3.076640e-03  3.132990e-02  1.259596e-02  1.055728e-02  4.248001e-03  4.183753e-03  0.000000e+00  4.354537e-03  0.000000e+00  4.600857e-03
5.966493e+03  2.014183e-03  9.571596e-03  1.351327e-02  3.743428e-02  3.144851e-03  1.999184e-02  3.037080e-03  1.592902e-02  5.813334e-03  1.093125e-02  2.769165e-04  8.546327e-04  0.000000e+00  1.223714e-03  0.000000e+00  2.094708e-03
6.694516e+03  8.993094e-06  7.001972e-03  9.792618e-03  2.888687e-02  1.014433e-03  3.006167e-02  1.222223e-03  8.293378e-03  7.355395e-03  9.753246e-03  6.350975e-03  5.968425e-03  0.000000e+00  8.880410e-04  0.000000e+00  5.280167e-05
7.511370e+03  4.190693e-04  6.007310e-03  8.624588e-03  1.442208e-02  2.387920e-03  1.591477e-02  3.193740e-03  7.162582e-03  2.026730e-03  5.427222e-03  3.675425e-04  2.122614e-03  0.000000e+00  1.340358e-04  0.000000e+00  6.222841e-03
8.427896e+03  8.390367e-04  5.132050e-03  4.252943e-03  5.748480e-03  1.035079e-03  2.146809e-02  3.567510e-03  1.764706e-02  2.709823e-03  2.431648e-03  3.798137e-03  3.818726e-03  0.000000e+00  8.196927e-05  0.000000e+00  1.438800e-03
9.456255e+03  0.000000e+00  1.410769e-03  4.517274e-03  1.207506e-02  1.119067e-03  1.355756e-02  9.967275e-06  6.070700e-03  3.709272e-03  2.232207e-03  6.172712e-03  4.845435e-03  0.000000e+00  2.084785e-03  0.000000e+00  1.846898e-04
1.061009e+04  0.000000e+00  3.516341e-03  1.451243e-03  7.309644e-03  4.068363e-04  1.021580e-02  1.657251e-03  3.831726e-03  1.785123e-04  3.001716e-03  3.392611e-03  2.943299e-03  0.000000e+00  5.674259e-06  0.000000e+00  1.842044e-03
1.190472e+04  0.000000e+00  3.229158e-05  2.969256e-05  4.054738e-03  0.000000e+00  3.451376e-03  3.230292e-06  3.985363e-04  1.011438e-05  3.204529e-03  4.861891e-03  1.353822e-03  0.000000e+00  5.353567e-04  0.000000e+00  9.372875e-04
1.335731e+04  0.000000e+00  1.086949e-03  2.101733e-03  4.982958e-03  0.000000e+00  2.696375e-03  1.104699e-05  1.075039e-03  1.265731e-04  2.559264e-03  1.462366e-03  4.799357e-04  0.000000e+00  0.000000e+00  0.000000e+00  9.470714e-04
1.498715e+04  0.000000e+00  1.018337e-03  5.476549e-05  4.795517e-04  0.000000e+00  1.874936e-03  0.000000e+00  2.280897e-03  1.552667e-04  4.871691e-04  1.257785e-05  1.522870e-03  0.000000e+00  1.030599e-05  0.000000e+00  1.589876e-03
1.681586e+04  0.000000e+00  1.299266e-04  3.580215e-06  2.791468e-04  0.000000e+00  3.230703e-03  2.286872e-06  3.749170e-04  0.000000e+00  4.880979e-05  3.230702e-05  2.979566e-05  0.000000e+00  1.169301e-03  0.000000e+00  1.308303e-03
1.886771e+04  0.000000e+00  2.503408e-04  0.000000e+00  7.169945e-04  0.000000e+00  1.976267e-03  0.000000e+00  1.602200e-03  0.000000e+00  0.000000e+00  7.617561e-04  7.538283e-04  0.000000e+00  1.250679e-03  0.000000e+00  1.224356e-03
2.116992e+04  0.000000e+00  1.816527e-06  0.000000e+00  5.994257e-04  0.000000e+00  8.786703e-06  0.000000e+00  3.340265e-04  0.000000e+00  0.000000e+00  0.000000e+00  6.302353e-04  0.000000e+00  1.777776e-03  0.000000e+00  3.340265e-04
2.375304e+04  0.000000e+00  0.000000e+00  0.000000e+00  1.618981e-06  0.000000e+00  3.734719e-04  1.488153e-05  6.955828e-05  0.000000e+00  9.796666e-05  3.667138e-04  5.069196e-06  0.000000e+00  0.000000e+00  0.000000e+00  9.328213e-04
2.665135e+04  0.000000e+00  1.326318e-05  0.000000e+00  5.734690e-04  0.000000e+00  0.000000e+00  0.000000e+00  0.000000e+00  0.000000e+00  8.628635e-06  0.000000e+00  0.000000e+00  0.000000e+00  0.000000e+00  0.000000e+00  1.326318e-05
2.990330e+04  0.000000e+00  0.000000e+00  0.000000e+00  1.065647e-04  0.000000e+00  0.000000e+00  0.000000e+00  0.000000e+00  0.000000e+00  0.000000e+00  0.000000e+00  1.618168e-04  0.000000e+00  3.465432e-04  0.000000e+00  1.882728e-04
3.355206e+04  0.000000e+00  0.000000e+00  0.000000e+00  0.000000e+00  0.000000e+00  0.000000e+00  0.000000e+00  0.000000e+00  0.000000e+00  0.000000e+00  0.000000e+00  2.809160e-06  0.000000e+00  3.833286e-04  0.000000e+00  1.370794e-05
3.764603e+04  0.000000e+00  0.000000e+00  0.000000e+00  2.180253e-05  0.000000e+00  0.000000e+00  0.000000e+00  0.000000e+00  0.000000e+00  0.000000e+00  0.000000e+00  8.464733e-05  0.000000e+00  2.180253e-05  0.000000e+00  1.021508e-06
4.223954e+04  0.000000e+00  0.000000e+00  0.000000e+00  1.286166e-05  0.000000e+00  0.000000e+00  0.000000e+00  4.788753e-04  0.000000e+00  0.000000e+00  0.000000e+00  9.629885e-05  0.000000e+00  0.000000e+00  0.000000e+00  0.000000e+00
4.739354e+04  0.000000e+00  0.000000e+00  0.000000e+00  0.000000e+00  0.000000e+00  0.000000e+00  0.000000e+00  8.114127e-07  0.000000e+00  0.000000e+00  0.000000e+00  1.227438e-05  0.000000e+00  6.723776e-05  0.000000e+00  0.000000e+00
5.317643e+04  0.000000e+00  0.000000e+00  0.000000e+00  0.000000e+00  0.000000e+00  0.000000e+00  0.000000e+00  0.000000e+00  0.000000e+00  0.000000e+00  0.000000e+00  0.000000e+00  0.000000e+00  0.000000e+00  0.000000e+00  0.000000e+00
5.966493e+04  0.000000e+00  0.000000e+00  0.000000e+00  0.000000e+00  0.000000e+00  0.000000e+00  0.000000e+00  0.000000e+00  0.000000e+00  0.000000e+00  0.000000e+00  0.000000e+00  0.000000e+00  0.000000e+00  0.000000e+00  0.000000e+00
6.694516e+04  0.000000e+00  0.000000e+00  0.000000e+00  0.000000e+00  0.000000e+00  0.000000e+00  0.000000e+00  0.000000e+00  0.000000e+00  0.000000e+00  0.000000e+00  0.000000e+00  0.000000e+00  0.000000e+00  0.000000e+00  2.525464e-05
7.511370e+04  0.000000e+00  0.000000e+00  0.000000e+00  0.000000e+00  0.000000e+00  0.000000e+00  0.000000e+00  0.000000e+00  0.000000e+00  0.000000e+00  0.000000e+00  0.000000e+00  0.000000e+00  0.000000e+00  0.000000e+00  2.026730e-04
8.427896e+04  0.000000e+00  0.000000e+00  0.000000e+00  0.000000e+00  0.000000e+00  0.000000e+00  0.000000e+00  0.000000e+00  0.000000e+00  0.000000e+00  0.000000e+00  0.000000e+00  0.000000e+00  0.000000e+00  0.000000e+00  0.000000e+00
9.456255e+04  0.000000e+00  0.000000e+00  0.000000e+00  0.000000e+00  0.000000e+00  0.000000e+00  0.000000e+00  0.000000e+00  0.000000e+00  0.000000e+00  0.000000e+00  0.000000e+00  0.000000e+00  0.000000e+00  0.000000e+00  0.000000e+00
1.061009e+05  0.000000e+00  0.000000e+00  0.000000e+00  0.000000e+00  0.000000e+00  0.000000e+00  0.000000e+00  0.000000e+00  0.000000e+00  0.000000e+00  0.000000e+00  0.000000e+00  0.000000e+00  0.000000e+00  0.000000e+00  0.000000e+00
1.190472e+05  0.000000e+00  0.000000e+00  0.000000e+00  0.000000e+00  0.000000e+00  0.000000e+00  0.000000e+00  0.000000e+00  0.000000e+00  0.000000e+00  0.000000e+00  0.000000e+00  0.000000e+00  0.000000e+00  0.000000e+00  0.000000e+00
1.335731e+05  0.000000e+00  0.000000e+00  0.000000e+00  0.000000e+00  0.000000e+00  0.000000e+00  0.000000e+00  0.000000e+00  0.000000e+00  0.000000e+00  0.000000e+00  0.000000e+00  0.000000e+00  0.000000e+00  0.000000e+00  0.000000e+00
1.498715e+05  0.000000e+00  0.000000e+00  0.000000e+00  0.000000e+00  0.000000e+00  0.000000e+00  0.000000e+00  0.000000e+00  0.000000e+00  0.000000e+00  0.000000e+00  0.000000e+00  0.000000e+00  0.000000e+00  0.000000e+00  0.000000e+00
1.681586e+05  0.000000e+00  0.000000e+00  0.000000e+00  0.000000e+00  0.000000e+00  0.000000e+00  0.000000e+00  0.000000e+00  0.000000e+00  0.000000e+00  0.000000e+00  0.000000e+00  0.000000e+00  0.000000e+00  0.000000e+00  0.000000e+00
1.886771e+05  0.000000e+00  0.000000e+00  0.000000e+00  0.000000e+00  0.000000e+00  0.000000e+00  0.000000e+00  0.000000e+00  0.000000e+00  0.000000e+00  0.000000e+00  0.000000e+00  0.000000e+00  0.000000e+00  0.000000e+00  0.000000e+00
2.116992e+05  0.000000e+00  0.000000e+00  0.000000e+00  0.000000e+00  0.000000e+00  0.000000e+00  0.000000e+00  0.000000e+00  0.000000e+00  0.000000e+00  0.000000e+00  0.000000e+00  0.000000e+00  0.000000e+00  0.000000e+00  0.000000e+00
2.375304e+05  0.000000e+00  0.000000e+00  0.000000e+00  0.000000e+00  0.000000e+00  0.000000e+00  0.000000e+00  0.000000e+00  0.000000e+00  0.000000e+00  0.000000e+00  0.000000e+00  0.000000e+00  0.000000e+00  0.000000e+00  0.000000e+00
2.665135e+05  0.000000e+00  0.000000e+00  0.000000e+00  0.000000e+00  0.000000e+00  0.000000e+00  0.000000e+00  0.000000e+00  0.000000e+00  0.000000e+00  0.000000e+00  0.000000e+00  0.000000e+00  0.000000e+00  0.000000e+00  0.000000e+00
2.990330e+05  0.000000e+00  0.000000e+00  0.000000e+00  0.000000e+00  0.000000e+00  0.000000e+00  0.000000e+00  0.000000e+00  0.000000e+00  0.000000e+00  0.000000e+00  0.000000e+00  0.000000e+00  0.000000e+00  0.000000e+00  0.000000e+00
3.355206e+05  0.000000e+00  0.000000e+00  0.000000e+00  0.000000e+00  0.000000e+00  0.000000e+00  0.000000e+00  0.000000e+00  0.000000e+00  0.000000e+00  0.000000e+00  0.000000e+00  0.000000e+00  0.000000e+00  0.000000e+00  0.000000e+00
3.764603e+05  0.000000e+00  0.000000e+00  0.000000e+00  0.000000e+00  0.000000e+00  0.000000e+00  0.000000e+00  0.000000e+00  0.000000e+00  0.000000e+00  0.000000e+00  0.000000e+00  0.000000e+00  0.000000e+00  0.000000e+00  0.000000e+00
4.223954e+05  0.000000e+00  0.000000e+00  0.000000e+00  0.000000e+00  0.000000e+00  0.000000e+00  0.000000e+00  0.000000e+00  0.000000e+00  0.000000e+00  0.000000e+00  0.000000e+00  0.000000e+00  0.000000e+00  0.000000e+00  0.000000e+00
4.739354e+05  0.000000e+00  0.000000e+00  0.000000e+00  0.000000e+00  0.000000e+00  0.000000e+00  0.000000e+00  0.000000e+00  0.000000e+00  0.000000e+00  0.000000e+00  0.000000e+00  0.000000e+00  0.000000e+00  0.000000e+00  0.000000e+00
5.317643e+05  0.000000e+00  0.000000e+00  0.000000e+00  0.000000e+00  0.000000e+00  0.000000e+00  0.000000e+00  0.000000e+00  0.000000e+00  0.000000e+00  0.000000e+00  0.000000e+00  0.000000e+00  0.000000e+00  0.000000e+00  0.000000e+00
5.966493e+05  0.000000e+00  0.000000e+00  0.000000e+00  0.000000e+00  0.000000e+00  0.000000e+00  0.000000e+00  0.000000e+00  0.000000e+00  0.000000e+00  0.000000e+00  0.000000e+00  0.000000e+00  0.000000e+00  0.000000e+00  0.000000e+00
6.694516e+05  0.000000e+00  0.000000e+00  0.000000e+00  0.000000e+00  0.000000e+00  0.000000e+00  0.000000e+00  0.000000e+00  0.000000e+00  0.000000e+00  0.000000e+00  0.000000e+00  0.000000e+00  0.000000e+00  0.000000e+00  0.000000e+00
7.511370e+05  0.000000e+00  0.000000e+00  0.000000e+00  0.000000e+00  0.000000e+00  0.000000e+00  0.000000e+00  0.000000e+00  0.000000e+00  0.000000e+00  0.000000e+00  0.000000e+00  0.000000e+00  0.000000e+00  0.000000e+00  0.000000e+00
8.427896e+05  0.000000e+00  0.000000e+00  0.000000e+00  0.000000e+00  0.000000e+00  0.000000e+00  0.000000e+00  0.000000e+00  0.000000e+00  0.000000e+00  0.000000e+00  0.000000e+00  0.000000e+00  0.000000e+00  0.000000e+00  0.000000e+00
9.456255e+05  0.000000e+00  0.000000e+00  0.000000e+00  0.000000e+00  0.000000e+00  0.000000e+00  0.000000e+00  0.000000e+00  0.000000e+00  0.000000e+00  0.000000e+00  0.000000e+00  0.000000e+00  0.000000e+00  0.000000e+00  0.000000e+00
