# dR/dEr [1/keV/kg/Myr]
# Er [keV], S, F, Ne, Cl, Na, Si, O, P, N, C, Al, Mg, Be, B, Ar, Li
1.061009e+01  2.102009e+01  1.579328e+01  0.000000e+00  0.000000e+00  5.694354e+00  0.000000e+00  1.414747e+00  0.000000e+00  0.000000e+00  0.000000e+00  0.000000e+00  0.000000e+00  4.664522e-02  0.000000e+00  0.000000e+00  0.000000e+00
1.190472e+01  7.895906e+00  1.567760e+00  0.000000e+00  0.000000e+00  2.512728e+00  0.000000e+00  0.000000e+00  0.000000e+00  0.000000e+00  0.000000e+00  0.000000e+00  0.000000e+00  0.000000e+00  0.000000e+00  0.000000e+00  0.000000e+00
1.335731e+01  1.146691e+01  2.356319e+00  0.000000e+00  0.000000e+00  0.000000e+00  0.000000e+00  0.000000e+00  0.000000e+00  0.000000e+00  0.000000e+00  0.000000e+00  0.000000e+00  0.000000e+00  0.000000e+00  0.000000e+00  0.000000e+00
1.498715e+01  2.913097e+00  3.107893e+00  0.000000e+00  0.000000e+00  1.207711e+00  0.000000e+00  4.845364e-01  0.000000e+00  0.000000e+00  0.000000e+00  0.000000e+00  0.000000e+00  0.000000e+00  0.000000e+00  0.000000e+00  0.000000e+00
1.681586e+01  7.198173e+00  3.245772e+00  1.041051e+00  0.000000e+00  2.030568e+00  4.318435e-01  0.000000e+00  0.000000e+00  0.000000e+00  0.000000e+00  0.000000e+00  0.000000e+00  0.000000e+00  0.000000e+00  0.000000e+00  0.000000e+00
1.886771e+01  4.930852e+00  3.713337e+00  0.000000e+00  0.000000e+00  9.278375e-01  0.000000e+00  0.000000e+00  0.000000e+00  0.000000e+00  0.000000e+00  0.000000e+00  0.000000e+00  0.000000e+00  0.000000e+00  0.000000e+00  0.000000e+00
2.116992e+01  4.993600e+00  4.112256e+00  0.000000e+00  0.000000e+00  1.004568e+00  0.000000e+00  4.417662e-01  0.000000e+00  0.000000e+00  0.000000e+00  2.370163e-01  0.000000e+00  0.000000e+00  0.000000e+00  0.000000e+00  0.000000e+00
2.375304e+01  9.220654e+00  1.811386e+00  1.051091e+00  0.000000e+00  2.288182e+00  0.000000e+00  7.370075e-01  0.000000e+00  0.000000e+00  0.000000e+00  0.000000e+00  0.000000e+00  0.000000e+00  0.000000e+00  0.000000e+00  0.000000e+00
2.665135e+01  8.023011e+00  3.735632e+00  3.509074e-01  2.228722e-02  5.607167e-01  0.000000e+00  0.000000e+00  6.964384e-01  0.000000e+00  0.000000e+00  0.000000e+00  0.000000e+00  0.000000e+00  0.000000e+00  0.000000e+00  0.000000e+00
2.990330e+01  9.086029e+00  4.137038e+00  4.298362e-01  0.000000e+00  5.365759e-01  0.000000e+00  5.555900e-01  0.000000e+00  0.000000e+00  0.000000e+00  6.608901e-02  0.000000e+00  3.703087e-01  0.000000e+00  0.000000e+00  0.000000e+00
3.355206e+01  1.159034e+01  3.084382e+00  4.461564e-01  0.000000e+00  9.125752e-01  0.000000e+00  1.149132e+00  0.000000e+00  0.000000e+00  0.000000e+00  3.348042e-01  0.000000e+00  3.604040e-01  0.000000e+00  0.000000e+00  0.000000e+00
3.764603e+01  1.293665e+01  2.279811e+00  2.744189e-03  2.484234e-01  1.500692e+00  0.000000e+00  2.404252e-02  0.000000e+00  0.000000e+00  0.000000e+00  0.000000e+00  0.000000e+00  4.247889e-03  0.000000e+00  0.000000e+00  0.000000e+00
4.223954e+01  1.172877e+01  5.909754e+00  1.597859e-01  0.000000e+00  2.781926e+00  0.000000e+00  3.476259e-01  0.000000e+00  0.000000e+00  0.000000e+00  1.091280e-01  0.000000e+00  1.928826e+00  0.000000e+00  0.000000e+00  0.000000e+00
4.739354e+01  1.635439e+01  6.439112e+00  1.973297e-01  5.131842e-01  7.677048e-01  0.000000e+00  7.110659e-01  0.000000e+00  0.000000e+00  0.000000e+00  0.000000e+00  0.000000e+00  6.789730e-01  0.000000e+00  0.000000e+00  0.000000e+00
5.317643e+01  1.439074e+01  3.622678e+00  4.883015e-01  0.000000e+00  1.925488e+00  0.000000e+00  9.451959e-01  0.000000e+00  0.000000e+00  0.000000e+00  9.435788e-02  0.000000e+00  0.000000e+00  0.000000e+00  0.000000e+00  0.000000e+00
5.966493e+01  1.915442e+01  6.815341e+00  5.438709e-01  2.784546e-01  1.333456e+00  0.000000e+00  1.001140e+00  0.000000e+00  0.000000e+00  0.000000e+00  1.472484e-01  0.000000e+00  4.477517e-02  0.000000e+00  0.000000e+00  0.000000e+00
6.694516e+01  2.088987e+01  5.722248e+00  9.119545e-01  0.000000e+00  2.638164e+00  0.000000e+00  2.703728e-01  0.000000e+00  5.533502e-02  0.000000e+00  3.523223e-01  0.000000e+00  4.819642e+00  0.000000e+00  0.000000e+00  0.000000e+00
7.511370e+01  2.191272e+01  7.931166e+00  8.414857e-01  2.959684e-01  1.617838e+00  0.000000e+00  6.817072e-01  0.000000e+00  0.000000e+00  0.000000e+00  8.985419e-02  0.000000e+00  1.421890e+03  0.000000e+00  0.000000e+00  0.000000e+00
8.427896e+01  2.787360e+01  8.805808e+00  5.102724e-01  7.120280e-01  2.248134e+00  0.000000e+00  1.251752e+00  0.000000e+00  0.000000e+00  0.000000e+00  0.000000e+00  0.000000e+00  1.730905e+03  0.000000e+00  0.000000e+00  0.000000e+00
9.456255e+01  2.761724e+01  6.826112e+00  7.343889e-01  3.508904e-01  2.024728e+00  0.000000e+00  3.451213e-01  0.000000e+00  3.963012e-02  0.000000e+00  4.559273e-04  0.000000e+00  1.314737e+03  0.000000e+00  0.000000e+00  0.000000e+00
1.061009e+02  3.240323e+01  9.020075e+00  5.536914e-01  1.215506e-01  2.815151e+00  0.000000e+00  5.871848e-01  0.000000e+00  0.000000e+00  8.280384e-02  3.263985e-01  0.000000e+00  9.996597e+02  0.000000e+00  0.000000e+00  0.000000e+00
1.190472e+02  3.486873e+01  1.146290e+01  1.199402e+00  1.862432e-01  2.667029e+00  0.000000e+00  3.947030e-01  0.000000e+00  6.099952e-02  1.981254e-01  8.824283e+02  0.000000e+00  7.349327e+02  0.000000e+00  4.270872e-02  0.000000e+00
1.335731e+02  3.921873e+01  1.233401e+01  8.850409e-01  7.734174e-04  3.117174e+00  0.000000e+00  4.710065e-01  0.000000e+00  0.000000e+00  0.000000e+00  7.386206e+02  0.000000e+00  5.410675e+02  0.000000e+00  0.000000e+00  0.000000e+00
1.498715e+02  9.583861e+01  1.433414e+01  6.327287e-01  1.986146e-01  1.822790e+00  0.000000e+00  8.680542e-01  0.000000e+00  1.029465e-01  1.254973e-01  5.522150e+02  0.000000e+00  4.046192e+02  0.000000e+00  0.000000e+00  0.000000e+00
1.681586e+02  1.376975e+02  1.453024e+01  8.614719e-01  2.030568e-01  1.587313e+00  2.563868e-04  1.047294e+00  0.000000e+00  9.690475e-02  0.000000e+00  4.105396e+02  0.000000e+00  2.978209e+02  0.000000e+00  0.000000e+00  0.000000e+00
1.886771e+02  8.028330e+01  1.706482e+01  6.364943e-01  2.007695e-01  3.418663e+00  8.805508e-02  1.008763e+00  6.314740e-02  6.314740e-02  0.000000e+00  3.048257e+02  0.000000e+00  2.179502e+02  0.000000e+00  0.000000e+00  0.000000e+00
2.116992e+02  3.502301e+01  2.129550e+01  8.098572e-01  5.111022e-01  1.458218e+00  5.628018e-02  7.980697e-01  0.000000e+00  0.000000e+00  2.036553e-04  2.413650e+02  0.000000e+00  1.469538e+02  0.000000e+00  4.879934e-04  0.000000e+00
2.375304e+02  2.543199e+01  1.084464e+02  1.228533e+00  4.250649e-01  2.115409e+00  2.354099e-02  9.105429e-01  1.030670e-01  0.000000e+00  3.057218e-02  1.799805e+02  0.000000e+00  1.075192e+02  0.000000e+00  9.396040e-02  0.000000e+00
2.665135e+02  2.093794e+01  9.052061e+01  1.247182e+00  3.401192e-01  3.052374e+00  5.616776e-02  6.979870e-01  0.000000e+00  4.470494e-02  6.021427e-02  1.316619e+02  0.000000e+00  7.468923e+01  0.000000e+00  0.000000e+00  0.000000e+00
2.990330e+02  1.284726e+01  1.377978e+01  6.909617e-01  2.498581e-01  2.336569e+00  6.263428e-03  1.333262e+00  2.231797e-04  5.347775e-04  1.253215e-02  9.936549e+01  0.000000e+00  5.587527e+01  0.000000e+00  0.000000e+00  0.000000e+00
3.355206e+02  1.134207e+01  1.236790e+01  8.089576e-01  3.389952e-01  2.468583e+00  3.551039e-02  9.695888e-01  3.333149e-02  2.787356e-02  7.206789e-02  7.434041e+01  7.962276e-03  3.911565e+01  0.000000e+00  0.000000e+00  1.142507e-03
3.764603e+02  7.550532e+00  9.206276e+00  1.037546e+00  3.368622e-01  2.764993e+00  2.599756e-02  6.776149e-01  0.000000e+00  3.976373e-02  0.000000e+00  4.840653e+01  0.000000e+00  2.846849e+01  0.000000e+00  0.000000e+00  0.000000e+00
4.223954e+02  4.879407e+00  7.754106e+00  6.513468e-01  3.247300e-01  2.361871e+00  2.229876e-02  9.446474e-01  7.812072e-02  2.836491e-02  5.608390e-02  3.738258e+01  0.000000e+00  1.524247e+01  0.000000e+00  2.445761e-04  0.000000e+00
4.739354e+02  3.937600e+00  6.351702e+00  9.182103e-01  5.376075e-01  2.030640e+00  3.827044e-02  9.300502e-01  7.745869e-02  3.916361e-02  0.000000e+00  2.341103e+01  0.000000e+00  1.028126e+01  3.916361e-02  0.000000e+00  0.000000e+00
5.317643e+02  3.086754e+00  4.153136e+00  9.824798e-01  2.666764e-01  2.100162e+00  6.313813e-02  7.732709e-01  8.725080e-02  8.541255e-02  3.295834e-02  1.940580e+01  0.000000e+00  8.001899e+00  8.107662e-05  4.197057e-02  0.000000e+00
5.966493e+02  2.755773e+00  3.674061e+00  1.009320e+00  4.845356e-01  2.036679e+00  7.334953e-02  7.939291e-01  8.236125e-02  4.093346e-02  1.855940e-02  1.376667e+01  0.000000e+00  5.416084e+00  0.000000e+00  2.680236e-04  0.000000e+00
6.694516e+02  2.130411e+00  3.097678e+00  1.218943e+00  6.849554e-01  1.971312e+00  7.175314e-02  9.721709e-01  5.855695e-02  4.851080e-02  1.638092e-02  9.618806e+00  0.000000e+00  3.175588e+00  0.000000e+00  0.000000e+00  0.000000e+00
7.511370e+02  1.730716e+00  2.415723e+00  8.281452e-01  5.538694e-01  1.310281e+00  1.840282e-02  7.201517e-01  7.015956e-02  5.657883e-02  1.100093e-02  6.341343e+00  0.000000e+00  2.123197e+00  0.000000e+00  0.000000e+00  0.000000e+00
8.427896e+02  1.080644e+00  2.026409e+00  7.250051e-01  5.955270e-01  1.475373e+00  4.048477e-02  8.258058e-01  2.885847e-02  1.350876e-02  3.837495e-02  3.324928e+00  0.000000e+00  1.057861e+00  0.000000e+00  2.923805e-02  0.000000e+00
9.456255e+02  1.071379e+00  1.636759e+00  9.703175e-01  4.152235e-01  1.214447e+00  6.006079e-02  8.595842e-01  8.405936e-02  0.000000e+00  4.315018e-02  2.795624e+00  6.281392e-04  8.183762e-01  0.000000e+00  0.000000e+00  0.000000e+00
1.061009e+03  9.771470e-01  1.160990e+00  9.174041e-01  6.206268e-01  9.865710e-01  7.161013e-02  7.848927e-01  6.355839e-02  1.017329e-01  1.554933e-02  1.961491e+00  0.000000e+00  3.203036e-01  4.051233e-03  2.517893e-03  0.000000e+00
1.190472e+03  6.531839e-01  9.965822e-01  8.353268e-01  6.270593e-01  7.141211e-01  7.416415e-02  4.884095e-01  7.857527e-02  3.422075e-02  4.025902e-02  1.180184e+00  0.000000e+00  3.445517e-01  0.000000e+00  0.000000e+00  0.000000e+00
1.335731e+03  6.555367e-01  8.934041e-01  6.859816e-01  4.723425e-01  5.958020e-01  3.457314e-02  6.217124e-01  3.601020e-02  6.290099e-02  1.291269e-02  5.862695e-01  0.000000e+00  1.222874e-01  1.844796e-02  0.000000e+00  0.000000e+00
1.498715e+03  4.110890e-01  6.586230e-01  5.492618e-01  5.233176e-01  4.201407e-01  1.053376e-01  5.582025e-01  1.105717e-01  9.633283e-02  2.342548e-02  3.386569e-01  6.039208e-04  1.842006e-01  0.000000e+00  0.000000e+00  1.356420e-03
1.681586e+03  1.802175e-01  6.447165e-01  4.382576e-01  4.503335e-01  5.095386e-01  5.153000e-02  4.123692e-01  7.210768e-02  6.759297e-02  4.818208e-02  3.534124e-01  0.000000e+00  9.783609e-02  1.302393e-02  0.000000e+00  2.279600e-04
1.886771e+03  2.489193e-01  3.981720e-01  4.519314e-01  5.662579e-01  4.082878e-01  6.075310e-02  3.644902e-01  7.390484e-02  5.186972e-02  4.548014e-02  1.789034e-01  1.082570e-02  7.933907e-03  1.194131e-02  1.311527e-04  0.000000e+00
2.116992e+03  1.832084e-01  4.152602e-01  2.919938e-01  3.435770e-01  1.669599e-01  5.516276e-02  2.803432e-01  6.451041e-02  1.621856e-02  3.336028e-02  9.101791e-02  5.011505e-03  3.404364e-02  4.879934e-05  0.000000e+00  4.879934e-05
2.375304e+03  7.712203e-02  2.387478e-01  2.709253e-01  5.042291e-01  1.747125e-01  9.387832e-02  2.551215e-01  5.877590e-02  3.539090e-02  1.103221e-02  1.033515e-01  2.809667e-05  0.000000e+00  2.112410e-03  0.000000e+00  3.716863e-03
2.665135e+03  8.630084e-02  1.823570e-01  2.136924e-01  4.328670e-01  8.408965e-02  5.535295e-02  1.595906e-01  1.027342e-01  2.513845e-02  5.187730e-02  5.854932e-02  1.824867e-02  9.989132e-03  4.154932e-03  0.000000e+00  9.189547e-03
2.990330e+03  2.168466e-02  1.314636e-01  1.402771e-01  3.308533e-01  7.215703e-02  7.408154e-02  1.149190e-01  6.048544e-02  2.566276e-02  2.263373e-02  4.862127e-02  3.949763e-03  0.000000e+00  3.756565e-03  0.000000e+00  1.330760e-02
3.355206e+03  2.126475e-02  1.540055e-01  1.438874e-01  3.398172e-01  2.813790e-02  7.164083e-02  7.004522e-02  4.044979e-02  1.894818e-02  2.205911e-02  1.130225e-02  9.002501e-03  7.312562e-03  5.890189e-04  0.000000e+00  4.364008e-05
3.764603e+03  7.122115e-03  5.792833e-02  1.018793e-01  2.082928e-01  2.495134e-02  6.123628e-02  4.383042e-02  3.109339e-02  1.272770e-02  2.549547e-02  1.999295e-02  1.659702e-03  1.145238e-05  6.855451e-03  0.000000e+00  7.721489e-03
4.223954e+03  1.139976e-03  4.207730e-02  4.081956e-02  1.648070e-01  1.151888e-02  2.958488e-02  3.829692e-02  3.789341e-02  1.945222e-02  1.736998e-02  1.586105e-02  3.303533e-03  0.000000e+00  7.235207e-03  0.000000e+00  4.553163e-03
4.739354e+03  1.424093e-03  3.149314e-02  5.200735e-02  1.548633e-01  1.197034e-02  3.325534e-02  1.053389e-02  2.875928e-02  8.750118e-03  1.146792e-02  1.201842e-02  4.882300e-03  5.221282e-05  2.999609e-04  0.000000e+00  1.417426e-03
5.317643e+03  5.813635e-03  3.010245e-02  3.487864e-02  9.586273e-02  1.526151e-03  2.518849e-02  4.508171e-03  4.951196e-02  1.899445e-02  1.425046e-02  5.101273e-03  6.223139e-03  0.000000e+00  5.715813e-03  0.000000e+00  6.961956e-03
5.966493e+03  2.499180e-03  1.364383e-02  1.863602e-02  5.993165e-02  4.752229e-03  3.182271e-02  4.052502e-03  2.262321e-02  8.214583e-03  1.664625e-02  3.139150e-04  1.001350e-03  0.000000e+00  1.513958e-03  0.000000e+00  2.796452e-03
6.694516e+03  9.969073e-06  9.772353e-03  1.364976e-02  4.509882e-02  1.187890e-03  4.645463e-02  1.428552e-03  1.181401e-02  1.023083e-02  1.447352e-02  8.445997e-03  9.254749e-03  0.000000e+00  1.075411e-03  0.000000e+00  5.726097e-05
7.511370e+03  4.761598e-04  8.293681e-03  1.296331e-02  2.397308e-02  3.529915e-03  2.351300e-02  4.310440e-03  9.689536e-03  2.894405e-03  8.117133e-03  4.088533e-04  2.704231e-03  0.000000e+00  1.475277e-04  0.000000e+00  8.626166e-03
8.427896e+03  1.042439e-03  6.581244e-03  6.404240e-03  7.566036e-03  1.264673e-03  3.155449e-02  5.755866e-03  2.516923e-02  3.692559e-03  3.112232e-03  5.597192e-03  5.272752e-03  0.000000e+00  8.945300e-05  0.000000e+00  1.716959e-03
9.456255e+03  0.000000e+00  1.862655e-03  6.768264e-03  1.751107e-02  1.453421e-03  2.017724e-02  1.092481e-05  8.343203e-03  5.194052e-03  3.053383e-03  9.224859e-03  6.594799e-03  0.000000e+00  2.860449e-03  0.000000e+00  2.089918e-04
1.061009e+04  0.000000e+00  5.306668e-03  2.285699e-03  1.057672e-02  4.826464e-04  1.466748e-02  2.016082e-03  5.716919e-03  2.013362e-04  4.111930e-03  4.425208e-03  4.272086e-03  0.000000e+00  6.290060e-06  0.000000e+00  2.516199e-03
1.190472e+04  0.000000e+00  3.507021e-05  3.220021e-05  5.662301e-03  0.000000e+00  4.762152e-03  3.621559e-06  4.466504e-04  1.121204e-05  4.361119e-03  8.001056e-03  2.100824e-03  0.000000e+00  6.223434e-04  0.000000e+00  1.104287e-03
1.335731e+04  0.000000e+00  1.313940e-03  3.170707e-03  7.193636e-03  0.000000e+00  4.222583e-03  1.197218e-05  1.355510e-03  1.434484e-04  3.413283e-03  1.835308e-03  5.771966e-04  0.000000e+00  0.000000e+00  0.000000e+00  1.161716e-03
1.498715e+04  0.000000e+00  1.453516e-03  6.039208e-05  5.574989e-04  0.000000e+00  2.639467e-03  0.000000e+00  3.543896e-03  1.782531e-04  6.027174e-04  1.378618e-05  2.602478e-03  0.000000e+00  1.134611e-05  0.000000e+00  2.221755e-03
1.681586e+04  0.000000e+00  1.429719e-04  3.968760e-06  3.287547e-04  0.000000e+00  4.684677e-03  2.563868e-06  4.514023e-04  0.000000e+00  5.382450e-05  3.532286e-05  3.230584e-05  0.000000e+00  1.462398e-03  0.000000e+00  1.775394e-03
1.886771e+04  0.000000e+00  2.947292e-04  0.000000e+00  9.945060e-04  0.000000e+00  2.907424e-03  0.000000e+00  2.324780e-03  0.000000e+00  0.000000e+00  9.443957e-04  1.035254e-03  0.000000e+00  1.785607e-03  0.000000e+00  1.491444e-03
2.116992e+04  0.000000e+00  2.036553e-06  0.000000e+00  7.377418e-04  0.000000e+00  9.590485e-06  0.000000e+00  4.150023e-04  0.000000e+00  0.000000e+00  0.000000e+00  8.767640e-04  0.000000e+00  2.645799e-03  0.000000e+00  4.150023e-04
2.375304e+04  0.000000e+00  0.000000e+00  0.000000e+00  1.815079e-06  0.000000e+00  4.554555e-04  1.613833e-05  7.885189e-05  0.000000e+00  1.124701e-04  4.661910e-04  5.619333e-06  0.000000e+00  0.000000e+00  0.000000e+00  1.264362e-03
2.665135e+04  0.000000e+00  1.438331e-05  0.000000e+00  8.182584e-04  0.000000e+00  0.000000e+00  0.000000e+00  0.000000e+00  0.000000e+00  9.284899e-06  0.000000e+00  0.000000e+00  0.000000e+00  0.000000e+00  0.000000e+00  1.438331e-05
2.990330e+04  0.000000e+00  0.000000e+00  0.000000e+00  1.238797e-04  0.000000e+00  0.000000e+00  0.000000e+00  0.000000e+00  0.000000e+00  0.000000e+00  0.000000e+00  1.865140e-04  0.000000e+00  4.329430e-04  0.000000e+00  2.293771e-04
3.355206e+04  0.000000e+00  0.000000e+00  0.000000e+00  0.000000e+00  0.000000e+00  0.000000e+00  0.000000e+00  0.000000e+00  0.000000e+00  0.000000e+00  0.000000e+00  3.079030e-06  0.000000e+00  6.651887e-04  0.000000e+00  1.475051e-05
3.764603e+04  0.000000e+00  0.000000e+00  0.000000e+00  2.404252e-05  0.000000e+00  0.000000e+00  0.000000e+00  0.000000e+00  0.000000e+00  0.000000e+00  0.000000e+00  9.840113e-05  0.000000e+00  2.404252e-05  0.000000e+00  1.145238e-06
4.223954e+04  0.000000e+00  0.000000e+00  0.000000e+00  1.406228e-05  0.000000e+00  0.000000e+00  0.000000e+00  6.771828e-04  0.000000e+00  0.000000e+00  0.000000e+00  1.107080e-04  0.000000e+00  0.000000e+00  0.000000e+00  0.000000e+00
4.739354e+04  0.000000e+00  0.000000e+00  0.000000e+00  0.000000e+00  0.000000e+00  0.000000e+00  0.000000e+00  9.096946e-07  0.000000e+00  0.000000e+00  0.000000e+00  1.344272e-05  0.000000e+00  7.816280e-05  0.000000e+00  0.000000e+00
5.317643e+04  0.000000e+00  0.000000e+00  0.000000e+00  0.000000e+00  0.000000e+00  0.000000e+00  0.000000e+00  0.000000e+00  0.000000e+00  0.000000e+00  0.000000e+00  0.000000e+00  0.000000e+00  0.000000e+00  0.000000e+00  0.000000e+00
5.966493e+04  0.000000e+00  0.000000e+00  0.000000e+00  0.000000e+00  0.000000e+00  0.000000e+00  0.000000e+00  0.000000e+00  0.000000e+00  0.000000e+00  0.000000e+00  0.000000e+00  0.000000e+00  0.000000e+00  0.000000e+00  0.000000e+00
6.694516e+04  0.000000e+00  0.000000e+00  0.000000e+00  0.000000e+00  0.000000e+00  0.000000e+00  0.000000e+00  0.000000e+00  0.000000e+00  0.000000e+00  0.000000e+00  0.000000e+00  0.000000e+00  0.000000e+00  0.000000e+00  2.862172e-05
7.511370e+04  0.000000e+00  0.000000e+00  0.000000e+00  0.000000e+00  0.000000e+00  0.000000e+00  0.000000e+00  0.000000e+00  0.000000e+00  0.000000e+00  0.000000e+00  0.000000e+00  0.000000e+00  0.000000e+00  0.000000e+00  2.894405e-04
8.427896e+04  0.000000e+00  0.000000e+00  0.000000e+00  0.000000e+00  0.000000e+00  0.000000e+00  0.000000e+00  0.000000e+00  0.000000e+00  0.000000e+00  0.000000e+00  0.000000e+00  0.000000e+00  0.000000e+00  0.000000e+00  0.000000e+00
9.456255e+04  0.000000e+00  0.000000e+00  0.000000e+00  0.000000e+00  0.000000e+00  0.000000e+00  0.000000e+00  0.000000e+00  0.000000e+00  0.000000e+00  0.000000e+00  0.000000e+00  0.000000e+00  0.000000e+00  0.000000e+00  0.000000e+00
1.061009e+05  0.000000e+00  0.000000e+00  0.000000e+00  0.000000e+00  0.000000e+00  0.000000e+00  0.000000e+00  0.000000e+00  0.000000e+00  0.000000e+00  0.000000e+00  0.000000e+00  0.000000e+00  0.000000e+00  0.000000e+00  0.000000e+00
1.190472e+05  0.000000e+00  0.000000e+00  0.000000e+00  0.000000e+00  0.000000e+00  0.000000e+00  0.000000e+00  0.000000e+00  0.000000e+00  0.000000e+00  0.000000e+00  0.000000e+00  0.000000e+00  0.000000e+00  0.000000e+00  0.000000e+00
1.335731e+05  0.000000e+00  0.000000e+00  0.000000e+00  0.000000e+00  0.000000e+00  0.000000e+00  0.000000e+00  0.000000e+00  0.000000e+00  0.000000e+00  0.000000e+00  0.000000e+00  0.000000e+00  0.000000e+00  0.000000e+00  0.000000e+00
1.498715e+05  0.000000e+00  0.000000e+00  0.000000e+00  0.000000e+00  0.000000e+00  0.000000e+00  0.000000e+00  0.000000e+00  0.000000e+00  0.000000e+00  0.000000e+00  0.000000e+00  0.000000e+00  0.000000e+00  0.000000e+00  0.000000e+00
1.681586e+05  0.000000e+00  0.000000e+00  0.000000e+00  0.000000e+00  0.000000e+00  0.000000e+00  0.000000e+00  0.000000e+00  0.000000e+00  0.000000e+00  0.000000e+00  0.000000e+00  0.000000e+00  0.000000e+00  0.000000e+00  0.000000e+00
1.886771e+05  0.000000e+00  0.000000e+00  0.000000e+00  0.000000e+00  0.000000e+00  0.000000e+00  0.000000e+00  0.000000e+00  0.000000e+00  0.000000e+00  0.000000e+00  0.000000e+00  0.000000e+00  0.000000e+00  0.000000e+00  0.000000e+00
2.116992e+05  0.000000e+00  0.000000e+00  0.000000e+00  0.000000e+00  0.000000e+00  0.000000e+00  0.000000e+00  0.000000e+00  0.000000e+00  0.000000e+00  0.000000e+00  0.000000e+00  0.000000e+00  0.000000e+00  0.000000e+00  0.000000e+00
2.375304e+05  0.000000e+00  0.000000e+00  0.000000e+00  0.000000e+00  0.000000e+00  0.000000e+00  0.000000e+00  0.000000e+00  0.000000e+00  0.000000e+00  0.000000e+00  0.000000e+00  0.000000e+00  0.000000e+00  0.000000e+00  0.000000e+00
2.665135e+05  0.000000e+00  0.000000e+00  0.000000e+00  0.000000e+00  0.000000e+00  0.000000e+00  0.000000e+00  0.000000e+00  0.000000e+00  0.000000e+00  0.000000e+00  0.000000e+00  0.000000e+00  0.000000e+00  0.000000e+00  0.000000e+00
2.990330e+05  0.000000e+00  0.000000e+00  0.000000e+00  0.000000e+00  0.000000e+00  0.000000e+00  0.000000e+00  0.000000e+00  0.000000e+00  0.000000e+00  0.000000e+00  0.000000e+00  0.000000e+00  0.000000e+00  0.000000e+00  0.000000e+00
3.355206e+05  0.000000e+00  0.000000e+00  0.000000e+00  0.000000e+00  0.000000e+00  0.000000e+00  0.000000e+00  0.000000e+00  0.000000e+00  0.000000e+00  0.000000e+00  0.000000e+00  0.000000e+00  0.000000e+00  0.000000e+00  0.000000e+00
3.764603e+05  0.000000e+00  0.000000e+00  0.000000e+00  0.000000e+00  0.000000e+00  0.000000e+00  0.000000e+00  0.000000e+00  0.000000e+00  0.000000e+00  0.000000e+00  0.000000e+00  0.000000e+00  0.000000e+00  0.000000e+00  0.000000e+00
4.223954e+05  0.000000e+00  0.000000e+00  0.000000e+00  0.000000e+00  0.000000e+00  0.000000e+00  0.000000e+00  0.000000e+00  0.000000e+00  0.000000e+00  0.000000e+00  0.000000e+00  0.000000e+00  0.000000e+00  0.000000e+00  0.000000e+00
4.739354e+05  0.000000e+00  0.000000e+00  0.000000e+00  0.000000e+00  0.000000e+00  0.000000e+00  0.000000e+00  0.000000e+00  0.000000e+00  0.000000e+00  0.000000e+00  0.000000e+00  0.000000e+00  0.000000e+00  0.000000e+00  0.000000e+00
5.317643e+05  0.000000e+00  0.000000e+00  0.000000e+00  0.000000e+00  0.000000e+00  0.000000e+00  0.000000e+00  0.000000e+00  0.000000e+00  0.000000e+00  0.000000e+00  0.000000e+00  0.000000e+00  0.000000e+00  0.000000e+00  0.000000e+00
5.966493e+05  0.000000e+00  0.000000e+00  0.000000e+00  0.000000e+00  0.000000e+00  0.000000e+00  0.000000e+00  0.000000e+00  0.000000e+00  0.000000e+00  0.000000e+00  0.000000e+00  0.000000e+00  0.000000e+00  0.000000e+00  0.000000e+00
6.694516e+05  0.000000e+00  0.000000e+00  0.000000e+00  0.000000e+00  0.000000e+00  0.000000e+00  0.000000e+00  0.000000e+00  0.000000e+00  0.000000e+00  0.000000e+00  0.000000e+00  0.000000e+00  0.000000e+00  0.000000e+00  0.000000e+00
7.511370e+05  0.000000e+00  0.000000e+00  0.000000e+00  0.000000e+00  0.000000e+00  0.000000e+00  0.000000e+00  0.000000e+00  0.000000e+00  0.000000e+00  0.000000e+00  0.000000e+00  0.000000e+00  0.000000e+00  0.000000e+00  0.000000e+00
8.427896e+05  0.000000e+00  0.000000e+00  0.000000e+00  0.000000e+00  0.000000e+00  0.000000e+00  0.000000e+00  0.000000e+00  0.000000e+00  0.000000e+00  0.000000e+00  0.000000e+00  0.000000e+00  0.000000e+00  0.000000e+00  0.000000e+00
9.456255e+05  0.000000e+00  0.000000e+00  0.000000e+00  0.000000e+00  0.000000e+00  0.000000e+00  0.000000e+00  0.000000e+00  0.000000e+00  0.000000e+00  0.000000e+00  0.000000e+00  0.000000e+00  0.000000e+00  0.000000e+00  0.000000e+00
