# dR/dEr [1/keV/kg/Myr]
# Er [keV], S, F, Ne, Cl, Na, Si, O, P, N, C, Al, Mg, Be, B, Ar, Li
1.061009e+01  2.882092e+02  2.093738e+02  0.000000e+00  0.000000e+00  6.687376e+01  0.000000e+00  2.034616e+01  0.000000e+00  0.000000e+00  0.000000e+00  0.000000e+00  0.000000e+00  2.361266e-01  0.000000e+00  0.000000e+00  0.000000e+00
1.190472e+01  1.108329e+02  1.717149e+01  0.000000e+00  0.000000e+00  3.500052e+01  0.000000e+00  0.000000e+00  0.000000e+00  0.000000e+00  0.000000e+00  0.000000e+00  0.000000e+00  0.000000e+00  0.000000e+00  0.000000e+00  0.000000e+00
1.335731e+01  1.570787e+02  3.278074e+01  0.000000e+00  0.000000e+00  0.000000e+00  0.000000e+00  0.000000e+00  0.000000e+00  0.000000e+00  0.000000e+00  0.000000e+00  0.000000e+00  0.000000e+00  0.000000e+00  0.000000e+00  0.000000e+00
1.498715e+01  4.095632e+01  3.788557e+01  0.000000e+00  0.000000e+00  1.673213e+01  0.000000e+00  7.034971e+00  0.000000e+00  0.000000e+00  0.000000e+00  0.000000e+00  0.000000e+00  0.000000e+00  0.000000e+00  0.000000e+00  0.000000e+00
1.681586e+01  1.009098e+02  3.653075e+01  1.473137e+01  0.000000e+00  2.805674e+01  6.269925e+00  0.000000e+00  0.000000e+00  0.000000e+00  0.000000e+00  0.000000e+00  0.000000e+00  0.000000e+00  0.000000e+00  0.000000e+00  0.000000e+00
1.886771e+01  6.949260e+01  4.539314e+01  0.000000e+00  0.000000e+00  1.312934e+01  0.000000e+00  0.000000e+00  0.000000e+00  0.000000e+00  0.000000e+00  0.000000e+00  0.000000e+00  0.000000e+00  0.000000e+00  0.000000e+00  0.000000e+00
2.116992e+01  6.929431e+01  5.218386e+01  0.000000e+00  0.000000e+00  1.409046e+01  0.000000e+00  6.285246e+00  0.000000e+00  0.000000e+00  0.000000e+00  1.341423e+00  0.000000e+00  0.000000e+00  0.000000e+00  0.000000e+00  0.000000e+00
2.375304e+01  1.275772e+02  2.527267e+01  9.586106e+00  0.000000e+00  2.707696e+01  0.000000e+00  1.042901e+01  0.000000e+00  0.000000e+00  0.000000e+00  0.000000e+00  0.000000e+00  0.000000e+00  0.000000e+00  0.000000e+00  0.000000e+00
2.665135e+01  1.101404e+02  4.220235e+01  4.992549e+00  1.143066e-01  8.087508e+00  0.000000e+00  0.000000e+00  5.027808e+00  0.000000e+00  0.000000e+00  0.000000e+00  0.000000e+00  0.000000e+00  0.000000e+00  0.000000e+00  0.000000e+00
2.990330e+01  1.225547e+02  5.519318e+01  6.284223e+00  0.000000e+00  4.744406e+00  0.000000e+00  7.975451e+00  0.000000e+00  0.000000e+00  0.000000e+00  3.496814e-01  0.000000e+00  2.295423e+00  0.000000e+00  0.000000e+00  0.000000e+00
3.355206e+01  1.571163e+02  3.966244e+01  5.994516e+00  0.000000e+00  1.285620e+01  0.000000e+00  1.167369e+01  0.000000e+00  0.000000e+00  0.000000e+00  2.069774e+00  0.000000e+00  2.023944e+00  0.000000e+00  0.000000e+00  0.000000e+00
3.764603e+01  1.722888e+02  2.672504e+01  1.372073e-02  3.534454e+00  1.562657e+01  0.000000e+00  1.241069e-01  0.000000e+00  0.000000e+00  0.000000e+00  0.000000e+00  0.000000e+00  2.136899e-02  0.000000e+00  0.000000e+00  0.000000e+00
4.223954e+01  1.607273e+02  8.129271e+01  9.277091e-01  0.000000e+00  3.566426e+01  0.000000e+00  5.011249e+00  0.000000e+00  0.000000e+00  0.000000e+00  5.888963e-01  0.000000e+00  1.588743e+01  0.000000e+00  0.000000e+00  0.000000e+00
4.739354e+01  2.256173e+02  8.739695e+01  2.807516e+00  7.051308e+00  1.080756e+01  0.000000e+00  1.016042e+01  0.000000e+00  0.000000e+00  0.000000e+00  0.000000e+00  0.000000e+00  6.240864e+00  0.000000e+00  0.000000e+00  0.000000e+00
5.317643e+01  1.966003e+02  5.075566e+01  6.987127e+00  0.000000e+00  2.498482e+01  0.000000e+00  1.354268e+01  0.000000e+00  0.000000e+00  0.000000e+00  5.340303e-01  0.000000e+00  0.000000e+00  0.000000e+00  0.000000e+00  0.000000e+00
5.966493e+01  2.635622e+02  9.288869e+01  7.764420e+00  3.997194e+00  1.575688e+01  0.000000e+00  1.162329e+01  0.000000e+00  0.000000e+00  0.000000e+00  8.807703e-01  0.000000e+00  2.406898e-01  0.000000e+00  0.000000e+00  0.000000e+00
6.694516e+01  2.857544e+02  7.809844e+01  1.293644e+01  0.000000e+00  3.525442e+01  0.000000e+00  3.745858e+00  0.000000e+00  3.017780e-01  0.000000e+00  2.846328e+00  0.000000e+00  4.406930e+01  0.000000e+00  0.000000e+00  0.000000e+00
7.511370e+01  2.993265e+02  1.041784e+02  1.026104e+01  4.081313e+00  2.069641e+01  0.000000e+00  9.326536e+00  0.000000e+00  0.000000e+00  0.000000e+00  5.216892e-01  0.000000e+00  1.350438e+04  0.000000e+00  0.000000e+00  0.000000e+00
8.427896e+01  3.807707e+02  1.207575e+02  7.132759e+00  9.486628e+00  2.986994e+01  0.000000e+00  1.552236e+01  0.000000e+00  0.000000e+00  0.000000e+00  0.000000e+00  0.000000e+00  1.642943e+04  0.000000e+00  0.000000e+00  0.000000e+00
9.456255e+01  3.801782e+02  9.399608e+01  8.886078e+00  4.901832e+00  2.571514e+01  0.000000e+00  4.755090e+00  0.000000e+00  2.158944e-01  0.000000e+00  2.251977e-03  0.000000e+00  1.241654e+04  0.000000e+00  0.000000e+00  0.000000e+00
1.061009e+02  4.491704e+02  1.228374e+02  7.402379e+00  1.773142e+00  3.716226e+01  0.000000e+00  8.403620e+00  0.000000e+00  0.000000e+00  4.952935e-01  3.290365e+00  0.000000e+00  9.538768e+03  0.000000e+00  0.000000e+00  0.000000e+00
1.190472e+02  4.818523e+02  1.559393e+02  1.631305e+01  2.544924e+00  3.282452e+01  0.000000e+00  4.702562e+00  0.000000e+00  8.856504e-01  1.600608e+00  8.453473e+03  0.000000e+00  6.979616e+03  0.000000e+00  2.413285e-01  0.000000e+00
1.335731e+02  5.435262e+02  1.710358e+02  1.133019e+01  3.867027e-03  4.178929e+01  0.000000e+00  6.080119e+00  0.000000e+00  0.000000e+00  0.000000e+00  7.020589e+03  0.000000e+00  5.121725e+03  0.000000e+00  0.000000e+00  0.000000e+00
1.498715e+02  1.335086e+03  1.967964e+02  8.899576e+00  2.694689e+00  2.520375e+01  0.000000e+00  9.826650e+00  0.000000e+00  1.438168e+00  9.024430e-01  5.253770e+03  0.000000e+00  3.833147e+03  0.000000e+00  0.000000e+00  0.000000e+00
1.681586e+02  1.923086e+03  1.981376e+02  1.125893e+01  2.805674e+00  2.103417e+01  1.266379e-03  1.303902e+01  0.000000e+00  6.629212e-01  0.000000e+00  3.880311e+03  0.000000e+00  2.803701e+03  0.000000e+00  0.000000e+00  0.000000e+00
1.886771e+02  1.116102e+03  2.357956e+02  8.237506e+00  2.845000e+00  4.545348e+01  1.264024e+00  1.203938e+01  8.757597e-01  8.757597e-01  0.000000e+00  2.914083e+03  0.000000e+00  2.075803e+03  0.000000e+00  0.000000e+00  0.000000e+00
2.116992e+02  4.850892e+02  2.917724e+02  1.069288e+01  6.582613e+00  1.865734e+01  7.805216e-01  1.086268e+01  0.000000e+00  0.000000e+00  1.005921e-03  2.281603e+03  0.000000e+00  1.375675e+03  0.000000e+00  2.439929e-03  0.000000e+00
2.375304e+02  3.504828e+02  1.516107e+03  1.677007e+01  5.894284e+00  2.779974e+01  3.472602e-01  1.147854e+01  1.410308e+00  0.000000e+00  4.438767e-01  1.697912e+03  0.000000e+00  1.001199e+03  0.000000e+00  1.152343e+00  0.000000e+00
2.665135e+02  2.879423e+02  1.262533e+03  1.726043e+01  3.880376e+00  3.965096e+01  7.546648e-01  8.922905e+00  0.000000e+00  6.199904e-01  4.135748e-01  1.250482e+03  0.000000e+00  7.142526e+02  0.000000e+00  0.000000e+00  0.000000e+00
2.990330e+02  1.744717e+02  1.902925e+02  9.468057e+00  3.450165e+00  3.116853e+01  3.324080e-02  1.669621e+01  1.109100e-03  2.690196e-03  6.827181e-02  9.454454e+02  0.000000e+00  5.354956e+02  0.000000e+00  0.000000e+00  0.000000e+00
3.355206e+02  1.524377e+02  1.685665e+02  1.107293e+01  4.523687e+00  3.294011e+01  4.924759e-01  1.226128e+01  4.916828e-01  3.965722e-01  5.769967e-01  7.016984e+02  4.280138e-02  3.626468e+02  0.000000e+00  0.000000e+00  5.832414e-03
3.764603e+02  1.018861e+02  1.253211e+02  1.369518e+01  3.555706e+00  3.712739e+01  1.436459e-01  8.785618e+00  0.000000e+00  5.342618e-01  0.000000e+00  4.671006e+02  0.000000e+00  2.659858e+02  0.000000e+00  0.000000e+00  0.000000e+00
4.223954e+02  6.568255e+01  1.036562e+02  8.820852e+00  4.166131e+00  3.131147e+01  3.157937e-01  1.272462e+01  9.114199e-01  3.919727e-01  4.523354e-01  3.579015e+02  0.000000e+00  1.468510e+02  0.000000e+00  1.222861e-03  0.000000e+00
4.739354e+02  5.115810e+01  8.380569e+01  1.246914e+01  7.487459e+00  2.641863e+01  3.916340e-01  1.154767e+01  7.744101e-01  2.827344e-01  0.000000e+00  2.190106e+02  0.000000e+00  9.839505e+01  2.827344e-01  0.000000e+00  0.000000e+00
5.317643e+02  3.928825e+01  5.454471e+01  1.287611e+01  3.510942e+00  2.844056e+01  8.882445e-01  1.053131e+01  1.001654e+00  9.680542e-01  3.698632e-01  1.806264e+02  0.000000e+00  7.739878e+01  4.004644e-04  5.147326e-01  0.000000e+00
5.966493e+02  3.503385e+01  4.689148e+01  1.314281e+01  5.872704e+00  2.782338e+01  7.586185e-01  1.011691e+01  1.005573e+00  5.589849e-01  1.150437e-01  1.321129e+02  0.000000e+00  5.130717e+01  0.000000e+00  1.348292e-03  0.000000e+00
6.694516e+02  2.664115e+01  3.934451e+01  1.616855e+01  8.807320e+00  2.656633e+01  8.064908e-01  1.302905e+01  7.809208e-01  6.704726e-01  1.876712e-01  9.188441e+01  0.000000e+00  2.819260e+01  0.000000e+00  0.000000e+00  0.000000e+00
7.511370e+02  2.163365e+01  3.059772e+01  1.126456e+01  7.134015e+00  1.780760e+01  2.380705e-01  9.705471e+00  9.592956e-01  6.144407e-01  1.289320e-01  5.822068e+01  0.000000e+00  1.980145e+01  0.000000e+00  0.000000e+00  0.000000e+00
8.427896e+02  1.343738e+01  2.513396e+01  9.526159e+00  8.119330e+00  1.951750e+01  5.769091e-01  1.103792e+01  3.965242e-01  1.706270e-01  2.471307e-01  3.129192e+01  0.000000e+00  9.725045e+00  0.000000e+00  2.515923e-01  0.000000e+00
9.456255e+02  1.300854e+01  2.106262e+01  1.269951e+01  5.212851e+00  1.636801e+01  6.761259e-01  1.130681e+01  1.164162e+00  0.000000e+00  5.200459e-01  2.531574e+01  3.221598e-03  7.733756e+00  0.000000e+00  0.000000e+00  0.000000e+00
1.061009e+03  1.191984e+01  1.475700e+01  1.186421e+01  8.129537e+00  1.302591e+01  8.933267e-01  1.064627e+01  8.647532e-01  1.130437e+00  1.060422e-01  1.842169e+01  0.000000e+00  2.695627e+00  2.191216e-02  1.353498e-02  0.000000e+00
1.190472e+03  7.932989e+00  1.278732e+01  1.089023e+01  8.237065e+00  9.979483e+00  8.169282e-01  6.399599e+00  1.029110e+00  4.583851e-01  2.531869e-01  1.118393e+01  0.000000e+00  3.291594e+00  0.000000e+00  0.000000e+00  0.000000e+00
1.335731e+03  7.825970e+00  1.110985e+01  8.879576e+00  6.342631e+00  8.162146e+00  3.858199e-01  8.476198e+00  4.143058e-01  7.679282e-01  1.323992e-01  5.572664e+00  0.000000e+00  1.020903e+00  1.587440e-01  0.000000e+00  0.000000e+00
1.498715e+03  4.959738e+00  8.287957e+00  7.324059e+00  6.712936e+00  5.584434e+00  1.151556e+00  7.309067e+00  1.310186e+00  1.072840e+00  2.132880e-01  3.475565e+00  3.117424e-03  1.759833e+00  0.000000e+00  0.000000e+00  7.169176e-03
1.681586e+03  2.032721e+00  7.672981e+00  5.618717e+00  5.861185e+00  6.530266e+00  6.437374e-01  5.642787e+00  8.389444e-01  7.521096e-01  4.245928e-01  3.184867e+00  0.000000e+00  1.090364e+00  9.913050e-02  0.000000e+00  1.163720e-03
1.886771e+03  2.710972e+00  4.697912e+00  5.704837e+00  7.633254e+00  5.209516e+00  6.765181e-01  5.028806e+00  8.565648e-01  6.047098e-01  4.226179e-01  1.647223e+00  1.069016e-01  1.065992e-01  7.184368e-02  6.639187e-04  0.000000e+00
2.116992e+03  2.193656e+00  4.870946e+00  3.750428e+00  4.613282e+00  2.131622e+00  6.010211e-01  3.712418e+00  7.631802e-01  1.886757e-01  3.357210e-01  7.466990e-01  5.237747e-02  2.913639e-01  2.439929e-04  0.000000e+00  2.439929e-04
2.375304e+03  8.500032e-01  2.893287e+00  3.315454e+00  6.512458e+00  2.098019e+00  9.734779e-01  3.353491e+00  7.213352e-01  4.603479e-01  1.120929e-01  9.876590e-01  1.396274e-04  0.000000e+00  1.195545e-02  0.000000e+00  2.221360e-02
2.665135e+03  9.280407e-01  2.031656e+00  2.652233e+00  5.367736e+00  1.024434e+00  6.737941e-01  2.100143e+00  1.221369e+00  2.680183e-01  5.319030e-01  4.849671e-01  1.518288e-01  9.693094e-02  2.575507e-02  0.000000e+00  7.324958e-02
2.990330e+03  1.855196e-01  1.436863e+00  1.666135e+00  4.091225e+00  8.854802e-01  8.343232e-01  1.486238e+00  7.911026e-01  1.957917e-01  1.638544e-01  3.853352e-01  2.287907e-02  0.000000e+00  2.322325e-02  0.000000e+00  1.008503e-01
3.355206e+03  1.875656e-01  1.662497e+00  1.500308e+00  4.207331e+00  2.861718e-01  8.537499e-01  9.721581e-01  5.130122e-01  1.907412e-01  2.101397e-01  7.489849e-02  8.364731e-02  7.081442e-02  3.116538e-03  0.000000e+00  2.174185e-04
3.764603e+03  7.162931e-02  6.295186e-01  1.065910e+00  2.603093e+00  2.395414e-01  6.307636e-01  5.670383e-01  3.826169e-01  1.097664e-01  2.124196e-01  1.511296e-01  8.870422e-03  5.656709e-05  6.162621e-02  0.000000e+00  4.836437e-02
4.223954e+03  6.124406e-03  4.965328e-01  3.792280e-01  2.101563e+00  8.877199e-02  3.320247e-01  5.191737e-01  4.320039e-01  1.660699e-01  1.362118e-01  1.245752e-01  1.977333e-02  0.000000e+00  6.420133e-02  0.000000e+00  2.692422e-02
4.739354e+03  8.268216e-03  3.156128e-01  5.434855e-01  1.904721e+00  1.084481e-01  3.816632e-01  1.137476e-01  2.939075e-01  6.865209e-02  8.351499e-02  8.710374e-02  3.654412e-02  2.643108e-04  1.566076e-03  0.000000e+00  7.548796e-03
5.317643e+03  5.572275e-02  2.746089e-01  3.188265e-01  1.181128e+00  8.390742e-03  2.657494e-01  3.619807e-02  5.255389e-01  1.846541e-01  1.070149e-01  2.936214e-02  5.610317e-02  0.000000e+00  3.797046e-02  0.000000e+00  6.862681e-02
5.966493e+03  1.500154e-02  1.211400e-01  1.374627e-01  6.519119e-01  4.592733e-02  3.468733e-01  3.230488e-02  1.874372e-01  7.195205e-02  1.534450e-01  1.665986e-03  5.575489e-03  0.000000e+00  9.017652e-03  0.000000e+00  1.901999e-02
6.694516e+03  4.954166e-05  8.119420e-02  1.121943e-01  4.627517e-01  6.584428e-03  4.791723e-01  7.901914e-03  1.112460e-01  7.713512e-02  1.285737e-01  5.714661e-02  9.269625e-02  0.000000e+00  6.195304e-03  0.000000e+00  2.923131e-04
7.511370e+03  2.533875e-03  6.201080e-02  1.182380e-01  2.969212e-01  2.955246e-02  2.272318e-01  2.978598e-02  8.047579e-02  2.208546e-02  7.342024e-02  2.131599e-03  1.699349e-02  0.000000e+00  7.574572e-04  0.000000e+00  6.577231e-02
8.427896e+03  6.235376e-03  4.214455e-02  6.028165e-02  5.599248e-02  7.414804e-03  2.842522e-01  6.023704e-02  2.040732e-01  2.628053e-02  1.990395e-02  4.521837e-02  3.869068e-02  0.000000e+00  4.569210e-04  0.000000e+00  9.783606e-03
9.456255e+03  0.000000e+00  1.250743e-02  6.081710e-02  1.539843e-01  9.451880e-03  1.906642e-01  5.462321e-05  6.690459e-02  3.857986e-02  2.189397e-02  8.115020e-02  4.762150e-02  0.000000e+00  2.070116e-02  0.000000e+00  1.105790e-03
1.061009e+04  0.000000e+00  4.738961e-02  2.550588e-02  9.054165e-02  2.725175e-03  1.251807e-01  1.181810e-02  5.081121e-02  1.061356e-03  3.184242e-02  2.900185e-02  3.359442e-02  0.000000e+00  3.125867e-05  0.000000e+00  1.814227e-02
1.190472e+04  0.000000e+00  1.764721e-04  1.643798e-04  4.581960e-02  0.000000e+00  3.794203e-02  1.788809e-05  2.346123e-03  5.571865e-05  3.116202e-02  8.933527e-02  1.914468e-02  0.000000e+00  3.394045e-03  0.000000e+00  6.152391e-03
1.335731e+04  0.000000e+00  7.588685e-03  3.040093e-02  5.832845e-02  0.000000e+00  4.697808e-02  6.022599e-05  8.459891e-03  7.601115e-04  2.310144e-02  1.120935e-02  3.299312e-03  0.000000e+00  0.000000e+00  0.000000e+00  6.893956e-03
1.498715e+04  0.000000e+00  1.108316e-02  3.117424e-04  3.067498e-03  0.000000e+00  2.085927e-02  0.000000e+00  3.443911e-02  9.582034e-04  3.589992e-03  6.892984e-05  3.159341e-02  0.000000e+00  5.659437e-05  0.000000e+00  1.725477e-02
1.681586e+04  0.000000e+00  7.368451e-04  1.972289e-05  1.841801e-03  0.000000e+00  3.894598e-02  1.266379e-05  2.585957e-03  0.000000e+00  2.778407e-04  1.811638e-04  1.642112e-04  0.000000e+00  8.964756e-03  0.000000e+00  1.260995e-02
1.886771e+04  0.000000e+00  1.651455e-03  0.000000e+00  7.155891e-03  0.000000e+00  2.546142e-02  0.000000e+00  1.851922e-02  0.000000e+00  0.000000e+00  5.636872e-03  7.367172e-03  0.000000e+00  1.409347e-02  0.000000e+00  8.702408e-03
2.116992e+04  0.000000e+00  1.005921e-05  0.000000e+00  4.390266e-03  0.000000e+00  4.805924e-05  0.000000e+00  2.482348e-03  0.000000e+00  0.000000e+00  0.000000e+00  6.329636e-03  0.000000e+00  2.293302e-02  0.000000e+00  2.482348e-03
2.375304e+04  0.000000e+00  0.000000e+00  0.000000e+00  8.965280e-06  0.000000e+00  2.664739e-03  8.238503e-05  4.184768e-04  0.000000e+00  6.045855e-04  2.889766e-03  2.792547e-05  0.000000e+00  0.000000e+00  0.000000e+00  8.967676e-03
2.665135e+04  0.000000e+00  7.342574e-05  0.000000e+00  6.236972e-03  0.000000e+00  0.000000e+00  0.000000e+00  0.000000e+00  0.000000e+00  4.700184e-05  0.000000e+00  0.000000e+00  0.000000e+00  0.000000e+00  0.000000e+00  7.342574e-05
2.990330e+04  0.000000e+00  0.000000e+00  0.000000e+00  6.755968e-04  0.000000e+00  0.000000e+00  0.000000e+00  0.000000e+00  0.000000e+00  0.000000e+00  0.000000e+00  1.008005e-03  0.000000e+00  2.627831e-03  0.000000e+00  1.328636e-03
3.355206e+04  0.000000e+00  0.000000e+00  0.000000e+00  0.000000e+00  0.000000e+00  0.000000e+00  0.000000e+00  0.000000e+00  0.000000e+00  0.000000e+00  0.000000e+00  1.539491e-05  0.000000e+00  8.157962e-03  0.000000e+00  7.466978e-05
3.764603e+04  0.000000e+00  0.000000e+00  0.000000e+00  1.241069e-04  0.000000e+00  0.000000e+00  0.000000e+00  0.000000e+00  0.000000e+00  0.000000e+00  0.000000e+00  5.366456e-04  0.000000e+00  1.241069e-04  0.000000e+00  5.656709e-06
4.223954e+04  0.000000e+00  0.000000e+00  0.000000e+00  7.212259e-05  0.000000e+00  0.000000e+00  0.000000e+00  5.183430e-03  0.000000e+00  0.000000e+00  0.000000e+00  5.967481e-04  0.000000e+00  0.000000e+00  0.000000e+00  0.000000e+00
4.739354e+04  0.000000e+00  0.000000e+00  0.000000e+00  0.000000e+00  0.000000e+00  0.000000e+00  0.000000e+00  4.493284e-06  0.000000e+00  0.000000e+00  0.000000e+00  6.877261e-05  0.000000e+00  4.262727e-04  0.000000e+00  0.000000e+00
5.317643e+04  0.000000e+00  0.000000e+00  0.000000e+00  0.000000e+00  0.000000e+00  0.000000e+00  0.000000e+00  0.000000e+00  0.000000e+00  0.000000e+00  0.000000e+00  0.000000e+00  0.000000e+00  0.000000e+00  0.000000e+00  0.000000e+00
5.966493e+04  0.000000e+00  0.000000e+00  0.000000e+00  0.000000e+00  0.000000e+00  0.000000e+00  0.000000e+00  0.000000e+00  0.000000e+00  0.000000e+00  0.000000e+00  0.000000e+00  0.000000e+00  0.000000e+00  0.000000e+00  0.000000e+00
6.694516e+04  0.000000e+00  0.000000e+00  0.000000e+00  0.000000e+00  0.000000e+00  0.000000e+00  0.000000e+00  0.000000e+00  0.000000e+00  0.000000e+00  0.000000e+00  0.000000e+00  0.000000e+00  0.000000e+00  0.000000e+00  1.516622e-04
7.511370e+04  0.000000e+00  0.000000e+00  0.000000e+00  0.000000e+00  0.000000e+00  0.000000e+00  0.000000e+00  0.000000e+00  0.000000e+00  0.000000e+00  0.000000e+00  0.000000e+00  0.000000e+00  0.000000e+00  0.000000e+00  2.208546e-03
8.427896e+04  0.000000e+00  0.000000e+00  0.000000e+00  0.000000e+00  0.000000e+00  0.000000e+00  0.000000e+00  0.000000e+00  0.000000e+00  0.000000e+00  0.000000e+00  0.000000e+00  0.000000e+00  0.000000e+00  0.000000e+00  0.000000e+00
9.456255e+04  0.000000e+00  0.000000e+00  0.000000e+00  0.000000e+00  0.000000e+00  0.000000e+00  0.000000e+00  0.000000e+00  0.000000e+00  0.000000e+00  0.000000e+00  0.000000e+00  0.000000e+00  0.000000e+00  0.000000e+00  0.000000e+00
1.061009e+05  0.000000e+00  0.000000e+00  0.000000e+00  0.000000e+00  0.000000e+00  0.000000e+00  0.000000e+00  0.000000e+00  0.000000e+00  0.000000e+00  0.000000e+00  0.000000e+00  0.000000e+00  0.000000e+00  0.000000e+00  0.000000e+00
1.190472e+05  0.000000e+00  0.000000e+00  0.000000e+00  0.000000e+00  0.000000e+00  0.000000e+00  0.000000e+00  0.000000e+00  0.000000e+00  0.000000e+00  0.000000e+00  0.000000e+00  0.000000e+00  0.000000e+00  0.000000e+00  0.000000e+00
1.335731e+05  0.000000e+00  0.000000e+00  0.000000e+00  0.000000e+00  0.000000e+00  0.000000e+00  0.000000e+00  0.000000e+00  0.000000e+00  0.000000e+00  0.000000e+00  0.000000e+00  0.000000e+00  0.000000e+00  0.000000e+00  0.000000e+00
1.498715e+05  0.000000e+00  0.000000e+00  0.000000e+00  0.000000e+00  0.000000e+00  0.000000e+00  0.000000e+00  0.000000e+00  0.000000e+00  0.000000e+00  0.000000e+00  0.000000e+00  0.000000e+00  0.000000e+00  0.000000e+00  0.000000e+00
1.681586e+05  0.000000e+00  0.000000e+00  0.000000e+00  0.000000e+00  0.000000e+00  0.000000e+00  0.000000e+00  0.000000e+00  0.000000e+00  0.000000e+00  0.000000e+00  0.000000e+00  0.000000e+00  0.000000e+00  0.000000e+00  0.000000e+00
1.886771e+05  0.000000e+00  0.000000e+00  0.000000e+00  0.000000e+00  0.000000e+00  0.000000e+00  0.000000e+00  0.000000e+00  0.000000e+00  0.000000e+00  0.000000e+00  0.000000e+00  0.000000e+00  0.000000e+00  0.000000e+00  0.000000e+00
2.116992e+05  0.000000e+00  0.000000e+00  0.000000e+00  0.000000e+00  0.000000e+00  0.000000e+00  0.000000e+00  0.000000e+00  0.000000e+00  0.000000e+00  0.000000e+00  0.000000e+00  0.000000e+00  0.000000e+00  0.000000e+00  0.000000e+00
2.375304e+05  0.000000e+00  0.000000e+00  0.000000e+00  0.000000e+00  0.000000e+00  0.000000e+00  0.000000e+00  0.000000e+00  0.000000e+00  0.000000e+00  0.000000e+00  0.000000e+00  0.000000e+00  0.000000e+00  0.000000e+00  0.000000e+00
2.665135e+05  0.000000e+00  0.000000e+00  0.000000e+00  0.000000e+00  0.000000e+00  0.000000e+00  0.000000e+00  0.000000e+00  0.000000e+00  0.000000e+00  0.000000e+00  0.000000e+00  0.000000e+00  0.000000e+00  0.000000e+00  0.000000e+00
2.990330e+05  0.000000e+00  0.000000e+00  0.000000e+00  0.000000e+00  0.000000e+00  0.000000e+00  0.000000e+00  0.000000e+00  0.000000e+00  0.000000e+00  0.000000e+00  0.000000e+00  0.000000e+00  0.000000e+00  0.000000e+00  0.000000e+00
3.355206e+05  0.000000e+00  0.000000e+00  0.000000e+00  0.000000e+00  0.000000e+00  0.000000e+00  0.000000e+00  0.000000e+00  0.000000e+00  0.000000e+00  0.000000e+00  0.000000e+00  0.000000e+00  0.000000e+00  0.000000e+00  0.000000e+00
3.764603e+05  0.000000e+00  0.000000e+00  0.000000e+00  0.000000e+00  0.000000e+00  0.000000e+00  0.000000e+00  0.000000e+00  0.000000e+00  0.000000e+00  0.000000e+00  0.000000e+00  0.000000e+00  0.000000e+00  0.000000e+00  0.000000e+00
4.223954e+05  0.000000e+00  0.000000e+00  0.000000e+00  0.000000e+00  0.000000e+00  0.000000e+00  0.000000e+00  0.000000e+00  0.000000e+00  0.000000e+00  0.000000e+00  0.000000e+00  0.000000e+00  0.000000e+00  0.000000e+00  0.000000e+00
4.739354e+05  0.000000e+00  0.000000e+00  0.000000e+00  0.000000e+00  0.000000e+00  0.000000e+00  0.000000e+00  0.000000e+00  0.000000e+00  0.000000e+00  0.000000e+00  0.000000e+00  0.000000e+00  0.000000e+00  0.000000e+00  0.000000e+00
5.317643e+05  0.000000e+00  0.000000e+00  0.000000e+00  0.000000e+00  0.000000e+00  0.000000e+00  0.000000e+00  0.000000e+00  0.000000e+00  0.000000e+00  0.000000e+00  0.000000e+00  0.000000e+00  0.000000e+00  0.000000e+00  0.000000e+00
5.966493e+05  0.000000e+00  0.000000e+00  0.000000e+00  0.000000e+00  0.000000e+00  0.000000e+00  0.000000e+00  0.000000e+00  0.000000e+00  0.000000e+00  0.000000e+00  0.000000e+00  0.000000e+00  0.000000e+00  0.000000e+00  0.000000e+00
6.694516e+05  0.000000e+00  0.000000e+00  0.000000e+00  0.000000e+00  0.000000e+00  0.000000e+00  0.000000e+00  0.000000e+00  0.000000e+00  0.000000e+00  0.000000e+00  0.000000e+00  0.000000e+00  0.000000e+00  0.000000e+00  0.000000e+00
7.511370e+05  0.000000e+00  0.000000e+00  0.000000e+00  0.000000e+00  0.000000e+00  0.000000e+00  0.000000e+00  0.000000e+00  0.000000e+00  0.000000e+00  0.000000e+00  0.000000e+00  0.000000e+00  0.000000e+00  0.000000e+00  0.000000e+00
8.427896e+05  0.000000e+00  0.000000e+00  0.000000e+00  0.000000e+00  0.000000e+00  0.000000e+00  0.000000e+00  0.000000e+00  0.000000e+00  0.000000e+00  0.000000e+00  0.000000e+00  0.000000e+00  0.000000e+00  0.000000e+00  0.000000e+00
9.456255e+05  0.000000e+00  0.000000e+00  0.000000e+00  0.000000e+00  0.000000e+00  0.000000e+00  0.000000e+00  0.000000e+00  0.000000e+00  0.000000e+00  0.000000e+00  0.000000e+00  0.000000e+00  0.000000e+00  0.000000e+00  0.000000e+00
