# dR/dEr [1/keV/kg/Myr]
# Er [keV], S, F, Ne, Cl, Na, Si, O, P, N, C, Al, Mg, Be, B, Ar, Li
1.061009e+01  7.358911e-01  7.143990e-01  0.000000e+00  0.000000e+00  5.110110e-01  0.000000e+00  5.399366e-02  0.000000e+00  0.000000e+00  0.000000e+00  0.000000e+00  0.000000e+00  8.206269e-02  0.000000e+00  0.000000e+00  0.000000e+00
1.190472e+01  1.632768e-01  2.068434e-01  0.000000e+00  0.000000e+00  5.255973e-02  0.000000e+00  0.000000e+00  0.000000e+00  0.000000e+00  0.000000e+00  0.000000e+00  0.000000e+00  0.000000e+00  0.000000e+00  0.000000e+00  0.000000e+00
1.335731e+01  2.630162e-01  9.213193e-02  0.000000e+00  0.000000e+00  0.000000e+00  0.000000e+00  0.000000e+00  0.000000e+00  0.000000e+00  0.000000e+00  0.000000e+00  0.000000e+00  0.000000e+00  0.000000e+00  0.000000e+00  0.000000e+00
1.498715e+01  6.015837e-02  1.977880e-01  0.000000e+00  0.000000e+00  7.619353e-02  0.000000e+00  9.521669e-03  0.000000e+00  0.000000e+00  0.000000e+00  0.000000e+00  0.000000e+00  0.000000e+00  0.000000e+00  0.000000e+00  0.000000e+00
1.681586e+01  1.488370e-01  1.186613e-01  2.124970e-02  0.000000e+00  4.291286e-02  8.486196e-03  0.000000e+00  0.000000e+00  0.000000e+00  0.000000e+00  0.000000e+00  0.000000e+00  0.000000e+00  0.000000e+00  0.000000e+00  0.000000e+00
1.886771e+01  1.012676e-01  1.104568e-01  0.000000e+00  0.000000e+00  1.893881e-02  0.000000e+00  0.000000e+00  0.000000e+00  0.000000e+00  0.000000e+00  0.000000e+00  0.000000e+00  0.000000e+00  0.000000e+00  0.000000e+00  0.000000e+00
2.116992e+01  1.250355e-01  1.827953e-01  0.000000e+00  0.000000e+00  2.072611e-02  0.000000e+00  8.927810e-03  0.000000e+00  0.000000e+00  0.000000e+00  9.920466e-02  0.000000e+00  0.000000e+00  0.000000e+00  0.000000e+00  0.000000e+00
2.375304e+01  2.301597e-01  3.772772e-02  4.823630e-02  0.000000e+00  1.086322e-01  0.000000e+00  1.504363e-02  0.000000e+00  0.000000e+00  0.000000e+00  0.000000e+00  0.000000e+00  0.000000e+00  0.000000e+00  0.000000e+00  0.000000e+00
2.665135e+01  2.444329e-01  2.187138e-01  7.091611e-03  2.943912e-02  1.112754e-02  0.000000e+00  0.000000e+00  6.964640e-02  0.000000e+00  0.000000e+00  0.000000e+00  0.000000e+00  0.000000e+00  0.000000e+00  0.000000e+00  0.000000e+00
2.990330e+01  2.575091e-01  9.441514e-02  8.369162e-03  0.000000e+00  1.420753e-01  0.000000e+00  1.109254e-02  0.000000e+00  0.000000e+00  0.000000e+00  6.028582e-02  0.000000e+00  7.460739e-02  0.000000e+00  0.000000e+00  0.000000e+00
3.355206e+01  2.990650e-01  1.120448e-01  9.809978e-03  0.000000e+00  1.871036e-02  0.000000e+00  5.572270e-02  0.000000e+00  0.000000e+00  0.000000e+00  7.735395e-02  0.000000e+00  1.682719e-01  0.000000e+00  0.000000e+00  0.000000e+00
3.764603e+01  4.355261e-01  2.386524e-01  8.428642e-03  5.020476e-03  1.249693e-01  0.000000e+00  2.718841e-02  0.000000e+00  0.000000e+00  0.000000e+00  0.000000e+00  0.000000e+00  9.679026e-03  0.000000e+00  0.000000e+00  0.000000e+00
4.223954e+01  3.799315e-01  1.861838e-01  5.238324e-02  0.000000e+00  7.338359e-02  0.000000e+00  1.538327e-02  0.000000e+00  0.000000e+00  0.000000e+00  6.988355e-02  0.000000e+00  1.699604e-01  0.000000e+00  0.000000e+00  0.000000e+00
4.739354e+01  4.216672e-01  1.552797e-01  3.987906e-03  1.093284e-02  3.183488e-02  0.000000e+00  1.430316e-02  0.000000e+00  0.000000e+00  0.000000e+00  0.000000e+00  0.000000e+00  1.311101e-01  0.000000e+00  0.000000e+00  0.000000e+00
5.317643e+01  4.174103e-01  7.958231e-02  9.792021e-03  0.000000e+00  1.371168e-01  0.000000e+00  1.892323e-02  0.000000e+00  0.000000e+00  0.000000e+00  3.949409e-02  0.000000e+00  0.000000e+00  0.000000e+00  0.000000e+00  0.000000e+00
5.966493e+01  4.658817e-01  2.355592e-01  1.095947e-02  5.559441e-03  1.046200e-01  0.000000e+00  8.847292e-02  0.000000e+00  0.000000e+00  0.000000e+00  3.778395e-02  0.000000e+00  2.877086e-02  0.000000e+00  0.000000e+00  0.000000e+00
6.694516e+01  5.629698e-01  2.093637e-01  1.856472e-02  0.000000e+00  7.255560e-02  0.000000e+00  1.705761e-02  0.000000e+00  2.880437e-02  0.000000e+00  2.301087e-02  0.000000e+00  4.432634e-01  0.000000e+00  0.000000e+00  0.000000e+00
7.511370e+01  6.024458e-01  2.380668e-01  4.469401e-02  6.281779e-03  5.790533e-02  0.000000e+00  1.460532e-02  0.000000e+00  0.000000e+00  0.000000e+00  2.945726e-02  0.000000e+00  1.418820e+02  0.000000e+00  0.000000e+00  0.000000e+00
8.427896e+01  7.098825e-01  2.271084e-01  1.058402e-02  3.695262e-02  6.759613e-02  0.000000e+00  5.355436e-02  0.000000e+00  0.000000e+00  0.000000e+00  0.000000e+00  0.000000e+00  1.690319e+02  0.000000e+00  0.000000e+00  0.000000e+00
9.456255e+01  6.939381e-01  1.881661e-01  2.878472e-02  7.281310e-03  1.262102e-01  0.000000e+00  1.111279e-02  0.000000e+00  2.293647e-02  0.000000e+00  2.544541e-03  0.000000e+00  1.302036e+02  0.000000e+00  0.000000e+00  0.000000e+00
1.061009e+02  7.539917e-01  2.810617e-01  3.949756e-02  4.626575e-03  8.631580e-02  0.000000e+00  1.719362e-02  0.000000e+00  0.000000e+00  2.124748e-02  2.610956e-02  0.000000e+00  9.637889e+01  0.000000e+00  0.000000e+00  0.000000e+00
1.190472e+02  7.915792e-01  3.567521e-01  2.868549e-02  1.228341e-02  1.562672e-01  0.000000e+00  1.550536e-02  0.000000e+00  1.198707e-03  1.293996e-02  8.298178e+01  0.000000e+00  7.224466e+01  0.000000e+00  1.996240e-02  0.000000e+00
1.335731e+02  9.297649e-01  3.424166e-01  4.282221e-02  2.375514e-03  1.024400e-01  0.000000e+00  1.418414e-02  0.000000e+00  0.000000e+00  0.000000e+00  7.077919e+01  0.000000e+00  5.400087e+01  0.000000e+00  0.000000e+00  0.000000e+00
1.498715e+02  2.124760e+00  3.945742e-01  1.512809e-02  6.435513e-03  5.162724e-02  0.000000e+00  6.791319e-02  0.000000e+00  8.733753e-03  1.528987e-02  5.307929e+01  0.000000e+00  4.057768e+01  0.000000e+00  0.000000e+00  0.000000e+00
1.681586e+02  2.979094e+00  4.702116e-01  2.740960e-02  4.291286e-03  7.713627e-02  1.430901e-03  5.299679e-02  0.000000e+00  1.460656e-02  0.000000e+00  4.154178e+01  0.000000e+00  2.927134e+01  0.000000e+00  0.000000e+00  0.000000e+00
1.886771e+02  1.849707e+00  4.365556e-01  2.455372e-02  4.083558e-03  1.032385e-01  1.758050e-03  5.875407e-02  1.323792e-03  1.323792e-03  0.000000e+00  2.995241e+01  0.000000e+00  2.080797e+01  0.000000e+00  0.000000e+00  0.000000e+00
2.116992e+02  8.790658e-01  5.863345e-01  2.690429e-02  1.963913e-02  7.298995e-02  1.179830e-03  2.916198e-02  0.000000e+00  0.000000e+00  1.136605e-03  2.408652e+01  0.000000e+00  1.480122e+01  0.000000e+00  1.498848e-03  0.000000e+00
2.375304e+02  6.493341e-01  2.344057e+00  3.943065e-02  1.644617e-02  9.095373e-02  4.528384e-04  5.675835e-02  3.715410e-03  0.000000e+00  6.007767e-04  1.791094e+01  0.000000e+00  1.122044e+01  0.000000e+00  2.375620e-03  0.000000e+00
2.665135e+02  5.508251e-01  1.977535e+00  3.693242e-02  1.899021e-02  1.248155e-01  1.235003e-03  3.915607e-02  0.000000e+00  9.371726e-04  7.582632e-03  1.278943e+01  0.000000e+00  7.331107e+00  0.000000e+00  0.000000e+00  0.000000e+00
2.990330e+02  4.092248e-01  3.731249e-01  1.856311e-02  8.583944e-03  9.668166e-02  4.967479e-03  5.500454e-02  9.240246e-04  1.218517e-03  7.253150e-03  9.938439e+00  0.000000e+00  5.380163e+00  0.000000e+00  0.000000e+00  0.000000e+00
3.355206e+02  3.754273e-01  3.721509e-01  2.298269e-02  1.446008e-02  8.944425e-02  7.444227e-04  3.543486e-02  6.411701e-04  5.633067e-04  6.929704e-03  7.350363e+00  5.116263e-03  3.928555e+00  0.000000e+00  0.000000e+00  1.753675e-03
3.764603e+02  2.653830e-01  2.697450e-01  4.290192e-02  1.966654e-02  8.405996e-02  1.438765e-02  3.020882e-02  0.000000e+00  8.743152e-04  0.000000e+00  4.786509e+00  0.000000e+00  2.725379e+00  0.000000e+00  0.000000e+00  0.000000e+00
4.223954e+02  1.717262e-01  2.694785e-01  1.788174e-02  1.681778e-02  8.616987e-02  1.101610e-03  3.244693e-02  7.912751e-03  1.245475e-03  4.398181e-03  3.529008e+00  0.000000e+00  1.447378e+00  0.000000e+00  7.512035e-04  0.000000e+00
4.739354e+02  1.607429e-01  2.316848e-01  2.814933e-02  1.773108e-02  7.314848e-02  5.155508e-03  5.817785e-02  4.382784e-03  3.916505e-03  0.000000e+00  2.411813e+00  0.000000e+00  1.063869e+00  3.916505e-03  0.000000e+00  0.000000e+00
5.317643e+02  1.456981e-01  1.953320e-01  4.615858e-02  9.805818e-03  5.823390e-02  1.977098e-03  2.550426e-02  6.495443e-03  4.517985e-03  5.894558e-03  2.059823e+00  0.000000e+00  7.516335e-01  4.524905e-04  1.061151e-03  0.000000e+00
5.966493e+02  1.364630e-01  1.777989e-01  4.087040e-02  3.289087e-02  5.919994e-02  6.057846e-03  4.350880e-02  5.070059e-03  2.152236e-03  3.739227e-03  1.347740e+00  0.000000e+00  5.184314e-01  0.000000e+00  6.107052e-04  0.000000e+00
6.694516e+02  1.138260e-01  1.684242e-01  4.987079e-02  3.409454e-02  6.192578e-02  4.158003e-03  3.830041e-02  1.842037e-03  1.025432e-03  3.093601e-03  9.171035e-01  0.000000e+00  3.321748e-01  0.000000e+00  0.000000e+00  0.000000e+00
7.511370e+02  8.910957e-02  1.187490e-01  3.376159e-02  2.514907e-02  4.067793e-02  3.830665e-03  2.866735e-02  3.747751e-03  3.257842e-03  2.428551e-03  6.291543e-01  0.000000e+00  2.375416e-01  0.000000e+00  0.000000e+00  0.000000e+00
8.427896e+02  7.264151e-02  1.153189e-01  3.291629e-02  1.618520e-02  5.011993e-02  8.175655e-04  2.964665e-02  6.147987e-04  2.419131e-03  8.254766e-03  3.483099e-01  0.000000e+00  1.344245e-01  0.000000e+00  1.586520e-03  0.000000e+00
9.456255e+02  6.494119e-02  8.462125e-02  3.976540e-02  1.798633e-02  4.340538e-02  4.147510e-03  2.913559e-02  2.437280e-03  0.000000e+00  5.865885e-03  3.009144e-01  8.297070e-04  8.294709e-02  0.000000e+00  0.000000e+00  0.000000e+00
1.061009e+03  5.773494e-02  5.674487e-02  4.112612e-02  2.588396e-02  3.984646e-02  2.789890e-03  2.698801e-02  2.889701e-03  6.395453e-03  2.719657e-03  2.078828e-01  0.000000e+00  3.874693e-02  2.556910e-03  1.617905e-03  0.000000e+00
1.190472e+03  4.293840e-02  4.964232e-02  3.482512e-02  2.620135e-02  1.935767e-02  2.952950e-03  1.897026e-02  8.040108e-03  2.108955e-03  1.131778e-02  1.383071e-01  0.000000e+00  2.514897e-02  0.000000e+00  0.000000e+00  0.000000e+00
1.335731e+03  3.912633e-02  5.519535e-02  3.251166e-02  1.944837e-02  1.742975e-02  5.045420e-03  1.773390e-02  2.460225e-03  4.899177e-03  3.474034e-03  6.371881e-02  0.000000e+00  1.608843e-02  1.001026e-03  0.000000e+00  0.000000e+00
1.498715e+03  2.347479e-02  4.185011e-02  2.575768e-02  2.535789e-02  2.176577e-02  1.095391e-02  2.215918e-02  5.947902e-03  6.296795e-03  5.310848e-03  3.003175e-02  6.829419e-04  1.527700e-02  0.000000e+00  0.000000e+00  1.234269e-03
1.681586e+03  1.703105e-02  3.811984e-02  2.400005e-02  1.719801e-02  2.040469e-02  4.204101e-03  1.220563e-02  6.730989e-03  4.581109e-03  4.251243e-03  3.469975e-02  0.000000e+00  7.399766e-03  1.256188e-03  0.000000e+00  3.499043e-04
1.886771e+03  1.977791e-02  3.154268e-02  2.499321e-02  1.790318e-02  1.934459e-02  5.518362e-03  1.231353e-02  5.583210e-03  2.512608e-03  5.567719e-03  1.678891e-02  1.282619e-03  1.744488e-04  3.287095e-03  2.307362e-04  0.000000e+00
2.116992e+03  1.136778e-02  2.877219e-02  1.388754e-02  1.385142e-02  1.120898e-02  2.921315e-03  1.087131e-02  4.565456e-03  2.606656e-03  3.887104e-03  1.171674e-02  1.042856e-03  3.808495e-03  1.498848e-04  0.000000e+00  1.498848e-04
2.375304e+03  1.067304e-02  1.594555e-02  1.741937e-02  2.242686e-02  1.219855e-02  8.114620e-03  9.612103e-03  2.727363e-03  1.229227e-03  2.649700e-03  1.158581e-02  1.163278e-04  0.000000e+00  8.841624e-04  0.000000e+00  1.050390e-03
2.665135e+03  6.279256e-03  1.495320e-02  1.207775e-02  2.278853e-02  7.217494e-03  2.626233e-03  7.125238e-03  5.760212e-03  1.837863e-03  2.850764e-03  8.212843e-03  1.379777e-03  1.367239e-03  8.371087e-04  0.000000e+00  9.620534e-04
2.990330e+03  4.623149e-03  9.802402e-03  9.567607e-03  1.469935e-02  5.323253e-03  5.887094e-03  5.286539e-03  4.847478e-03  4.915286e-03  5.194888e-03  5.377841e-03  1.738503e-03  0.000000e+00  8.679256e-04  0.000000e+00  1.312804e-03
3.355206e+03  2.311180e-03  1.213464e-02  1.204875e-02  1.941016e-02  3.265161e-03  6.035137e-03  1.752300e-03  4.458028e-03  1.940212e-03  3.393822e-03  2.721943e-03  9.743714e-04  2.894774e-04  5.372980e-04  0.000000e+00  1.662858e-04
3.764603e+03  1.614130e-03  6.190975e-03  1.000811e-02  1.176988e-02  2.219872e-03  6.704085e-03  1.256501e-03  2.312372e-03  3.601696e-03  4.162662e-03  3.546105e-03  1.183859e-03  6.391598e-05  6.284055e-04  0.000000e+00  2.327535e-03
4.223954e+03  9.123980e-04  2.551420e-03  5.083618e-03  9.362636e-03  1.868291e-03  2.408452e-03  2.138718e-03  3.943704e-03  2.541560e-03  4.068939e-03  2.072991e-03  1.467064e-03  0.000000e+00  1.044578e-03  0.000000e+00  1.595510e-03
4.739354e+03  4.668661e-04  3.963705e-03  5.311783e-03  1.019359e-02  1.563374e-03  4.233243e-03  6.586832e-04  2.719748e-03  1.719833e-03  2.247401e-03  1.805878e-03  6.956513e-04  9.185774e-05  3.343540e-04  0.000000e+00  1.166064e-03
5.317643e+03  3.684871e-04  3.845212e-03  5.239559e-03  5.738666e-03  1.003806e-03  4.168765e-03  4.786959e-04  3.745868e-03  2.004981e-03  3.276583e-03  2.343202e-03  8.980960e-04  0.000000e+00  1.212056e-03  0.000000e+00  1.027026e-03
5.966493e+03  7.897350e-04  2.243892e-03  3.282986e-03  5.037847e-03  7.860052e-04  2.573746e-03  1.117630e-03  2.974375e-03  1.743738e-03  1.821446e-03  2.489637e-04  6.459604e-04  0.000000e+00  4.508047e-04  0.000000e+00  5.105317e-04
6.694516e+03  4.127466e-05  1.949987e-03  2.573749e-03  3.737336e-03  6.719602e-04  5.445359e-03  7.839859e-04  2.705983e-03  1.625850e-03  1.689223e-03  1.620907e-03  5.671427e-04  0.000000e+00  4.596825e-04  0.000000e+00  8.789198e-05
7.511370e+03  3.647999e-04  1.715966e-03  1.691152e-03  2.062622e-03  3.757693e-04  3.630945e-03  6.303555e-04  2.771075e-03  2.327154e-04  1.248147e-03  4.890294e-04  6.175793e-04  0.000000e+00  2.168087e-04  0.000000e+00  1.293542e-03
8.427896e+03  2.674899e-04  1.664593e-03  8.332187e-04  2.284171e-03  4.437427e-04  3.927012e-03  4.174676e-04  3.069524e-03  5.679924e-04  8.043651e-04  3.655637e-04  9.864036e-04  0.000000e+00  1.363293e-04  0.000000e+00  9.642425e-04
9.456255e+03  0.000000e+00  4.341375e-04  6.508569e-04  2.670947e-03  2.733911e-04  2.364825e-03  3.355503e-05  1.571608e-03  7.025133e-04  4.810625e-04  1.059493e-03  1.515021e-03  0.000000e+00  4.784273e-04  0.000000e+00  1.906405e-04
1.061009e+04  0.000000e+00  6.928402e-04  3.469520e-04  1.619782e-03  2.278453e-04  2.018417e-03  8.132241e-04  6.966518e-04  2.042510e-04  7.889815e-04  8.372797e-04  3.099387e-04  0.000000e+00  2.604255e-05  0.000000e+00  5.736731e-04
1.190472e+04  0.000000e+00  8.643338e-05  4.942529e-05  9.855935e-04  0.000000e+00  1.047358e-03  2.021201e-05  4.307921e-04  4.642090e-05  7.572761e-04  5.507212e-04  1.164561e-04  0.000000e+00  3.239578e-04  0.000000e+00  6.481183e-04
1.335731e+04  0.000000e+00  4.883813e-04  3.442703e-04  9.270660e-04  0.000000e+00  6.496365e-04  2.727920e-05  3.819449e-04  1.292220e-04  4.635405e-04  5.104430e-04  2.991786e-04  0.000000e+00  0.000000e+00  0.000000e+00  4.991026e-04
1.498715e+04  0.000000e+00  1.326890e-04  6.829419e-05  3.610315e-04  0.000000e+00  4.862823e-04  0.000000e+00  2.541220e-04  1.145389e-04  1.794686e-04  4.234358e-05  1.338020e-04  0.000000e+00  3.960851e-05  0.000000e+00  4.848946e-04
1.681586e+04  0.000000e+00  1.683924e-04  1.643174e-05  1.913183e-04  0.000000e+00  7.093165e-04  1.430901e-05  2.041276e-04  0.000000e+00  6.086726e-05  4.665785e-05  5.665907e-05  0.000000e+00  4.590595e-04  0.000000e+00  3.760191e-04
1.886771e+04  0.000000e+00  1.618069e-04  0.000000e+00  1.304433e-04  0.000000e+00  4.323018e-04  0.000000e+00  2.254740e-04  0.000000e+00  0.000000e+00  2.620403e-04  1.672710e-04  0.000000e+00  2.264801e-04  0.000000e+00  5.978073e-04
2.116992e+04  0.000000e+00  1.136605e-05  0.000000e+00  2.566406e-04  0.000000e+00  2.857806e-05  0.000000e+00  1.064896e-04  0.000000e+00  0.000000e+00  0.000000e+00  8.767962e-05  0.000000e+00  2.480637e-04  0.000000e+00  1.064896e-04
2.375304e+04  0.000000e+00  0.000000e+00  0.000000e+00  1.013000e-05  0.000000e+00  1.727861e-04  2.477132e-05  6.253686e-05  0.000000e+00  7.226914e-05  9.392514e-05  2.326556e-05  0.000000e+00  0.000000e+00  0.000000e+00  2.529950e-04
2.665135e+04  0.000000e+00  2.207747e-05  0.000000e+00  7.595583e-05  0.000000e+00  0.000000e+00  0.000000e+00  0.000000e+00  0.000000e+00  1.633487e-05  0.000000e+00  0.000000e+00  0.000000e+00  0.000000e+00  0.000000e+00  2.207747e-05
2.990330e+04  0.000000e+00  0.000000e+00  0.000000e+00  6.448496e-05  0.000000e+00  0.000000e+00  0.000000e+00  0.000000e+00  0.000000e+00  0.000000e+00  0.000000e+00  1.141597e-04  0.000000e+00  1.242822e-04  0.000000e+00  9.128008e-05
3.355206e+04  0.000000e+00  0.000000e+00  0.000000e+00  0.000000e+00  0.000000e+00  0.000000e+00  0.000000e+00  0.000000e+00  0.000000e+00  0.000000e+00  0.000000e+00  9.457091e-06  0.000000e+00  1.681810e-05  0.000000e+00  2.595050e-05
3.764603e+04  0.000000e+00  0.000000e+00  0.000000e+00  2.718841e-05  0.000000e+00  0.000000e+00  0.000000e+00  0.000000e+00  0.000000e+00  0.000000e+00  0.000000e+00  5.122222e-05  0.000000e+00  2.718841e-05  0.000000e+00  6.391598e-06
4.223954e+04  0.000000e+00  0.000000e+00  0.000000e+00  1.857483e-05  0.000000e+00  0.000000e+00  0.000000e+00  8.618988e-05  0.000000e+00  0.000000e+00  0.000000e+00  7.642514e-05  0.000000e+00  0.000000e+00  0.000000e+00  0.000000e+00
4.739354e+04  0.000000e+00  0.000000e+00  0.000000e+00  0.000000e+00  0.000000e+00  0.000000e+00  0.000000e+00  5.077027e-06  0.000000e+00  0.000000e+00  0.000000e+00  2.163186e-05  0.000000e+00  4.068726e-05  0.000000e+00  0.000000e+00
5.317643e+04  0.000000e+00  0.000000e+00  0.000000e+00  0.000000e+00  0.000000e+00  0.000000e+00  0.000000e+00  0.000000e+00  0.000000e+00  0.000000e+00  0.000000e+00  0.000000e+00  0.000000e+00  0.000000e+00  0.000000e+00  0.000000e+00
5.966493e+04  0.000000e+00  0.000000e+00  0.000000e+00  0.000000e+00  0.000000e+00  0.000000e+00  0.000000e+00  0.000000e+00  0.000000e+00  0.000000e+00  0.000000e+00  0.000000e+00  0.000000e+00  0.000000e+00  0.000000e+00  0.000000e+00
6.694516e+04  0.000000e+00  0.000000e+00  0.000000e+00  0.000000e+00  0.000000e+00  0.000000e+00  0.000000e+00  0.000000e+00  0.000000e+00  0.000000e+00  0.000000e+00  0.000000e+00  0.000000e+00  0.000000e+00  0.000000e+00  2.578317e-05
7.511370e+04  0.000000e+00  0.000000e+00  0.000000e+00  0.000000e+00  0.000000e+00  0.000000e+00  0.000000e+00  0.000000e+00  0.000000e+00  0.000000e+00  0.000000e+00  0.000000e+00  0.000000e+00  0.000000e+00  0.000000e+00  2.327154e-05
8.427896e+04  0.000000e+00  0.000000e+00  0.000000e+00  0.000000e+00  0.000000e+00  0.000000e+00  0.000000e+00  0.000000e+00  0.000000e+00  0.000000e+00  0.000000e+00  0.000000e+00  0.000000e+00  0.000000e+00  0.000000e+00  0.000000e+00
9.456255e+04  0.000000e+00  0.000000e+00  0.000000e+00  0.000000e+00  0.000000e+00  0.000000e+00  0.000000e+00  0.000000e+00  0.000000e+00  0.000000e+00  0.000000e+00  0.000000e+00  0.000000e+00  0.000000e+00  0.000000e+00  0.000000e+00
1.061009e+05  0.000000e+00  0.000000e+00  0.000000e+00  0.000000e+00  0.000000e+00  0.000000e+00  0.000000e+00  0.000000e+00  0.000000e+00  0.000000e+00  0.000000e+00  0.000000e+00  0.000000e+00  0.000000e+00  0.000000e+00  0.000000e+00
1.190472e+05  0.000000e+00  0.000000e+00  0.000000e+00  0.000000e+00  0.000000e+00  0.000000e+00  0.000000e+00  0.000000e+00  0.000000e+00  0.000000e+00  0.000000e+00  0.000000e+00  0.000000e+00  0.000000e+00  0.000000e+00  0.000000e+00
1.335731e+05  0.000000e+00  0.000000e+00  0.000000e+00  0.000000e+00  0.000000e+00  0.000000e+00  0.000000e+00  0.000000e+00  0.000000e+00  0.000000e+00  0.000000e+00  0.000000e+00  0.000000e+00  0.000000e+00  0.000000e+00  0.000000e+00
1.498715e+05  0.000000e+00  0.000000e+00  0.000000e+00  0.000000e+00  0.000000e+00  0.000000e+00  0.000000e+00  0.000000e+00  0.000000e+00  0.000000e+00  0.000000e+00  0.000000e+00  0.000000e+00  0.000000e+00  0.000000e+00  0.000000e+00
1.681586e+05  0.000000e+00  0.000000e+00  0.000000e+00  0.000000e+00  0.000000e+00  0.000000e+00  0.000000e+00  0.000000e+00  0.000000e+00  0.000000e+00  0.000000e+00  0.000000e+00  0.000000e+00  0.000000e+00  0.000000e+00  0.000000e+00
1.886771e+05  0.000000e+00  0.000000e+00  0.000000e+00  0.000000e+00  0.000000e+00  0.000000e+00  0.000000e+00  0.000000e+00  0.000000e+00  0.000000e+00  0.000000e+00  0.000000e+00  0.000000e+00  0.000000e+00  0.000000e+00  0.000000e+00
2.116992e+05  0.000000e+00  0.000000e+00  0.000000e+00  0.000000e+00  0.000000e+00  0.000000e+00  0.000000e+00  0.000000e+00  0.000000e+00  0.000000e+00  0.000000e+00  0.000000e+00  0.000000e+00  0.000000e+00  0.000000e+00  0.000000e+00
2.375304e+05  0.000000e+00  0.000000e+00  0.000000e+00  0.000000e+00  0.000000e+00  0.000000e+00  0.000000e+00  0.000000e+00  0.000000e+00  0.000000e+00  0.000000e+00  0.000000e+00  0.000000e+00  0.000000e+00  0.000000e+00  0.000000e+00
2.665135e+05  0.000000e+00  0.000000e+00  0.000000e+00  0.000000e+00  0.000000e+00  0.000000e+00  0.000000e+00  0.000000e+00  0.000000e+00  0.000000e+00  0.000000e+00  0.000000e+00  0.000000e+00  0.000000e+00  0.000000e+00  0.000000e+00
2.990330e+05  0.000000e+00  0.000000e+00  0.000000e+00  0.000000e+00  0.000000e+00  0.000000e+00  0.000000e+00  0.000000e+00  0.000000e+00  0.000000e+00  0.000000e+00  0.000000e+00  0.000000e+00  0.000000e+00  0.000000e+00  0.000000e+00
3.355206e+05  0.000000e+00  0.000000e+00  0.000000e+00  0.000000e+00  0.000000e+00  0.000000e+00  0.000000e+00  0.000000e+00  0.000000e+00  0.000000e+00  0.000000e+00  0.000000e+00  0.000000e+00  0.000000e+00  0.000000e+00  0.000000e+00
3.764603e+05  0.000000e+00  0.000000e+00  0.000000e+00  0.000000e+00  0.000000e+00  0.000000e+00  0.000000e+00  0.000000e+00  0.000000e+00  0.000000e+00  0.000000e+00  0.000000e+00  0.000000e+00  0.000000e+00  0.000000e+00  0.000000e+00
4.223954e+05  0.000000e+00  0.000000e+00  0.000000e+00  0.000000e+00  0.000000e+00  0.000000e+00  0.000000e+00  0.000000e+00  0.000000e+00  0.000000e+00  0.000000e+00  0.000000e+00  0.000000e+00  0.000000e+00  0.000000e+00  0.000000e+00
4.739354e+05  0.000000e+00  0.000000e+00  0.000000e+00  0.000000e+00  0.000000e+00  0.000000e+00  0.000000e+00  0.000000e+00  0.000000e+00  0.000000e+00  0.000000e+00  0.000000e+00  0.000000e+00  0.000000e+00  0.000000e+00  0.000000e+00
5.317643e+05  0.000000e+00  0.000000e+00  0.000000e+00  0.000000e+00  0.000000e+00  0.000000e+00  0.000000e+00  0.000000e+00  0.000000e+00  0.000000e+00  0.000000e+00  0.000000e+00  0.000000e+00  0.000000e+00  0.000000e+00  0.000000e+00
5.966493e+05  0.000000e+00  0.000000e+00  0.000000e+00  0.000000e+00  0.000000e+00  0.000000e+00  0.000000e+00  0.000000e+00  0.000000e+00  0.000000e+00  0.000000e+00  0.000000e+00  0.000000e+00  0.000000e+00  0.000000e+00  0.000000e+00
6.694516e+05  0.000000e+00  0.000000e+00  0.000000e+00  0.000000e+00  0.000000e+00  0.000000e+00  0.000000e+00  0.000000e+00  0.000000e+00  0.000000e+00  0.000000e+00  0.000000e+00  0.000000e+00  0.000000e+00  0.000000e+00  0.000000e+00
7.511370e+05  0.000000e+00  0.000000e+00  0.000000e+00  0.000000e+00  0.000000e+00  0.000000e+00  0.000000e+00  0.000000e+00  0.000000e+00  0.000000e+00  0.000000e+00  0.000000e+00  0.000000e+00  0.000000e+00  0.000000e+00  0.000000e+00
8.427896e+05  0.000000e+00  0.000000e+00  0.000000e+00  0.000000e+00  0.000000e+00  0.000000e+00  0.000000e+00  0.000000e+00  0.000000e+00  0.000000e+00  0.000000e+00  0.000000e+00  0.000000e+00  0.000000e+00  0.000000e+00  0.000000e+00
9.456255e+05  0.000000e+00  0.000000e+00  0.000000e+00  0.000000e+00  0.000000e+00  0.000000e+00  0.000000e+00  0.000000e+00  0.000000e+00  0.000000e+00  0.000000e+00  0.000000e+00  0.000000e+00  0.000000e+00  0.000000e+00  0.000000e+00
