# dR/dEr [1/keV/kg/Myr]
# Er [keV], S, F, Ne, Cl, Na, Si, O, P, N, C, Al, Mg, Be, B, Ar, Li
1.061009e+01  1.571818e+05  1.134313e+05  0.000000e+00  0.000000e+00  3.330774e+04  0.000000e+00  1.142898e+04  0.000000e+00  0.000000e+00  0.000000e+00  0.000000e+00  0.000000e+00  6.710549e+01  0.000000e+00  0.000000e+00  0.000000e+00
1.190472e+01  6.109655e+04  8.269047e+03  0.000000e+00  0.000000e+00  1.915419e+04  0.000000e+00  0.000000e+00  0.000000e+00  0.000000e+00  0.000000e+00  0.000000e+00  0.000000e+00  0.000000e+00  0.000000e+00  0.000000e+00  0.000000e+00
1.335731e+01  8.485391e+04  1.801971e+04  0.000000e+00  0.000000e+00  0.000000e+00  0.000000e+00  0.000000e+00  0.000000e+00  0.000000e+00  0.000000e+00  0.000000e+00  0.000000e+00  0.000000e+00  0.000000e+00  0.000000e+00  0.000000e+00
1.498715e+01  2.254587e+04  1.925151e+04  0.000000e+00  0.000000e+00  9.198228e+03  0.000000e+00  3.993723e+03  0.000000e+00  0.000000e+00  0.000000e+00  0.000000e+00  0.000000e+00  0.000000e+00  0.000000e+00  0.000000e+00  0.000000e+00
1.681586e+01  5.554165e+04  1.677626e+04  8.153747e+03  0.000000e+00  1.527395e+04  3.559409e+03  0.000000e+00  0.000000e+00  0.000000e+00  0.000000e+00  0.000000e+00  0.000000e+00  0.000000e+00  0.000000e+00  0.000000e+00  0.000000e+00
1.886771e+01  3.842475e+04  2.240330e+04  0.000000e+00  0.000000e+00  7.267035e+03  0.000000e+00  0.000000e+00  0.000000e+00  0.000000e+00  0.000000e+00  0.000000e+00  0.000000e+00  0.000000e+00  0.000000e+00  0.000000e+00  0.000000e+00
2.116992e+01  3.788041e+04  2.702503e+04  0.000000e+00  0.000000e+00  7.763443e+03  0.000000e+00  3.505378e+03  0.000000e+00  0.000000e+00  0.000000e+00  3.087745e+02  0.000000e+00  0.000000e+00  0.000000e+00  0.000000e+00  0.000000e+00
2.375304e+01  6.952665e+04  1.387077e+04  3.286393e+03  0.000000e+00  1.385036e+04  0.000000e+00  5.772411e+03  0.000000e+00  0.000000e+00  0.000000e+00  0.000000e+00  0.000000e+00  0.000000e+00  0.000000e+00  0.000000e+00  0.000000e+00
2.665135e+01  6.000547e+04  1.990901e+04  2.784421e+03  2.787680e+01  4.546786e+03  0.000000e+00  0.000000e+00  1.685753e+03  0.000000e+00  0.000000e+00  0.000000e+00  0.000000e+00  0.000000e+00  0.000000e+00  0.000000e+00  0.000000e+00
2.990330e+01  6.545073e+04  2.913520e+04  3.572313e+03  0.000000e+00  2.012442e+03  0.000000e+00  4.483220e+03  0.000000e+00  0.000000e+00  0.000000e+00  7.260441e+01  0.000000e+00  4.524830e+02  0.000000e+00  0.000000e+00  0.000000e+00
3.355206e+01  8.448847e+04  2.096261e+04  3.184522e+03  0.000000e+00  7.110145e+03  0.000000e+00  4.995922e+03  0.000000e+00  0.000000e+00  0.000000e+00  4.098486e+02  0.000000e+00  4.500512e+02  0.000000e+00  0.000000e+00  0.000000e+00
3.764603e+01  9.232390e+04  1.354433e+04  3.628189e+00  1.971219e+03  7.046630e+03  0.000000e+00  2.666728e+01  0.000000e+00  0.000000e+00  0.000000e+00  0.000000e+00  0.000000e+00  5.857868e+00  0.000000e+00  0.000000e+00  0.000000e+00
4.223954e+01  8.774172e+04  4.434199e+04  1.964463e+02  0.000000e+00  1.831237e+04  0.000000e+00  2.839273e+03  0.000000e+00  0.000000e+00  0.000000e+00  1.400435e+02  0.000000e+00  5.585447e+03  0.000000e+00  0.000000e+00  0.000000e+00
4.739354e+01  1.233176e+05  4.720301e+04  1.565795e+03  3.820264e+03  6.009331e+03  0.000000e+00  5.690786e+03  0.000000e+00  0.000000e+00  0.000000e+00  0.000000e+00  0.000000e+00  2.424915e+03  0.000000e+00  0.000000e+00  0.000000e+00
5.317643e+01  1.068768e+05  2.792410e+04  3.916616e+03  0.000000e+00  1.328511e+04  0.000000e+00  7.590923e+03  0.000000e+00  0.000000e+00  0.000000e+00  1.229253e+02  0.000000e+00  0.000000e+00  0.000000e+00  0.000000e+00  0.000000e+00
5.966493e+01  1.433061e+05  5.053250e+04  4.329013e+03  2.246933e+03  7.847307e+03  0.000000e+00  5.857457e+03  0.000000e+00  0.000000e+00  0.000000e+00  1.714211e+02  0.000000e+00  5.700453e+01  0.000000e+00  0.000000e+00  0.000000e+00
6.694516e+01  1.550676e+05  4.241254e+04  7.196897e+03  0.000000e+00  1.875417e+04  0.000000e+00  2.059227e+03  0.000000e+00  7.336538e+01  0.000000e+00  9.078504e+02  0.000000e+00  1.783852e+04  0.000000e+00  0.000000e+00  0.000000e+00
7.511370e+01  1.626000e+05  5.486189e+04  5.374840e+03  2.219326e+03  1.087774e+04  0.000000e+00  5.032983e+03  0.000000e+00  0.000000e+00  0.000000e+00  1.104699e+02  0.000000e+00  5.472329e+06  0.000000e+00  0.000000e+00  0.000000e+00
8.427896e+01  2.067466e+05  6.563966e+04  3.918928e+03  5.092099e+03  1.600220e+04  0.000000e+00  7.821005e+03  0.000000e+00  0.000000e+00  0.000000e+00  0.000000e+00  0.000000e+00  6.639641e+06  0.000000e+00  0.000000e+00  0.000000e+00
9.456255e+01  2.069549e+05  5.145309e+04  4.519514e+03  2.691280e+03  1.365138e+04  0.000000e+00  2.582207e+03  0.000000e+00  5.249281e+01  0.000000e+00  5.541029e-01  0.000000e+00  5.008815e+06  0.000000e+00  0.000000e+00  0.000000e+00
1.061009e+02  2.456101e+05  6.653005e+04  4.025725e+03  1.007308e+03  1.966171e+04  0.000000e+00  4.709968e+03  0.000000e+00  0.000000e+00  9.639716e+01  1.536352e+03  0.000000e+00  3.867497e+06  0.000000e+00  0.000000e+00  0.000000e+00
1.190472e+02  2.626789e+05  8.452177e+04  8.787584e+03  1.388990e+03  1.676749e+04  0.000000e+00  2.259430e+03  0.000000e+00  5.027799e+02  5.105218e+02  3.440175e+06  0.000000e+00  2.824919e+06  0.000000e+00  5.561936e+01  0.000000e+00
1.335731e+02  2.972393e+05  9.367507e+04  5.956087e+03  1.022562e+00  2.249273e+04  0.000000e+00  3.121329e+03  0.000000e+00  0.000000e+00  0.000000e+00  2.837018e+06  0.000000e+00  2.070449e+06  0.000000e+00  0.000000e+00  0.000000e+00
1.498715e+02  7.322088e+05  1.072252e+05  4.918869e+03  1.448656e+03  1.373645e+04  0.000000e+00  4.858507e+03  0.000000e+00  8.054431e+02  3.021494e+02  2.124796e+06  0.000000e+00  1.556123e+06  0.000000e+00  0.000000e+00  0.000000e+00
1.681586e+02  1.056271e+06  1.073990e+05  5.980207e+03  1.527395e+03  1.127411e+04  3.115950e-01  6.610195e+03  0.000000e+00  2.390061e+02  0.000000e+00  1.565561e+06  0.000000e+00  1.129786e+06  0.000000e+00  0.000000e+00  0.000000e+00
1.886771e+02  6.116631e+05  1.287609e+05  4.393088e+03  1.581615e+03  2.417633e+04  7.105425e+02  6.121933e+03  4.777627e+02  4.777627e+02  0.000000e+00  1.185392e+06  0.000000e+00  8.431045e+05  0.000000e+00  0.000000e+00  0.000000e+00
2.116992e+02  2.654912e+05  1.586582e+05  5.640194e+03  3.472544e+03  9.836476e+03  4.258065e+02  5.896569e+03  0.000000e+00  0.000000e+00  2.475087e-01  9.185286e+05  0.000000e+00  5.479246e+05  0.000000e+00  6.451933e-01  0.000000e+00
2.375304e+02  1.912447e+05  8.333773e+05  9.132326e+03  3.251114e+03  1.470117e+04  1.977407e+02  6.007202e+03  7.631713e+02  0.000000e+00  2.519869e+02  6.797336e+05  0.000000e+00  3.979005e+05  0.000000e+00  5.762856e+02  0.000000e+00
2.665135e+02  1.568810e+05  6.929341e+05  9.424507e+03  1.943458e+03  2.087327e+04  4.009076e+02  4.633566e+03  0.000000e+00  3.382301e+02  1.494669e+02  5.057456e+05  0.000000e+00  2.919815e+05  0.000000e+00  0.000000e+00  0.000000e+00
2.990330e+02  9.445051e+04  1.039226e+05  5.126140e+03  1.880600e+03  1.678273e+04  6.803679e+00  8.595268e+03  2.829047e-01  7.374619e-01  1.659968e+01  3.851627e+05  0.000000e+00  2.185744e+05  0.000000e+00  0.000000e+00  0.000000e+00
3.355206e+02  8.199901e+04  9.134097e+04  6.016351e+03  2.418732e+03  1.766135e+04  2.686657e+02  6.311323e+03  2.799794e+02  2.211744e+02  1.833543e+02  2.821669e+05  1.013700e+01  1.436896e+05  0.000000e+00  0.000000e+00  1.652914e+00
3.764603e+02  5.501877e+04  6.797118e+04  7.358747e+03  1.644206e+03  1.996494e+04  3.366259e+01  4.645688e+03  0.000000e+00  2.838209e+02  0.000000e+00  1.929473e+05  0.000000e+00  1.052670e+05  0.000000e+00  0.000000e+00  0.000000e+00
4.223954e+02  3.534346e+04  5.554115e+04  4.727278e+03  2.224377e+03  1.666065e+04  1.758853e+02  6.867459e+03  4.523444e+02  2.136091e+02  1.442079e+02  1.460356e+05  0.000000e+00  5.968649e+04  0.000000e+00  3.233627e-01  0.000000e+00
4.739354e+02  2.696475e+04  4.460427e+04  6.761297e+03  4.112663e+03  1.396185e+04  1.781601e+02  5.993100e+03  3.376424e+02  9.479688e+01  0.000000e+00  8.756203e+04  0.000000e+00  4.049587e+04  9.479688e+01  0.000000e+00  0.000000e+00
5.317643e+02  2.050202e+04  2.909895e+04  6.824655e+03  1.853521e+03  1.529417e+04  4.905579e+02  5.720743e+03  4.713960e+02  4.818835e+02  1.832063e+02  7.178839e+04  0.000000e+00  3.186352e+04  9.853498e-02  2.574173e+02  0.000000e+00
5.966493e+02  1.823990e+04  2.452531e+04  7.000961e+03  2.997569e+03  1.510391e+04  3.373668e+02  5.288485e+03  5.102825e+02  3.034089e+02  2.267787e+01  5.392629e+04  0.000000e+00  2.068595e+04  0.000000e+00  3.696065e-01  0.000000e+00
6.694516e+02  1.373456e+04  2.051166e+04  8.622078e+03  4.657021e+03  1.431148e+04  3.829285e+02  7.014401e+03  4.138822e+02  3.644171e+02  9.674485e+01  3.708468e+04  0.000000e+00  1.076970e+04  0.000000e+00  0.000000e+00  0.000000e+00
7.511370e+02  1.112267e+04  1.594212e+04  6.120684e+03  3.761386e+03  9.626828e+03  1.292474e+02  5.255264e+03  5.232426e+02  2.742744e+02  6.705912e+01  2.294168e+04  0.000000e+00  7.934493e+03  0.000000e+00  0.000000e+00  0.000000e+00
8.427896e+02  6.927656e+03  1.292043e+04  5.071517e+03  4.401304e+03  1.036289e+04  3.217593e+02  5.919138e+03  2.148292e+02  9.072681e+01  7.140018e+01  1.264734e+04  0.000000e+00  3.849383e+03  0.000000e+00  8.117417e+01  0.000000e+00
9.456255e+02  6.602784e+03  1.107905e+04  6.740115e+03  2.679636e+03  8.847512e+03  3.275105e+02  6.004647e+03  6.355336e+02  0.000000e+00  2.665868e+02  9.850961e+03  7.856750e-01  3.139314e+03  0.000000e+00  0.000000e+00  0.000000e+00
1.061009e+03  6.022166e+03  7.639091e+03  6.224927e+03  4.305035e+03  6.957112e+03  4.468964e+02  5.757270e+03  4.701240e+02  5.344514e+02  3.814681e+01  7.517370e+03  0.000000e+00  9.733947e+02  5.329276e+00  3.205600e+00  0.000000e+00
1.190472e+03  4.038592e+03  6.698029e+03  5.759251e+03  4.391602e+03  5.496066e+03  3.718291e+02  3.407175e+03  5.557589e+02  2.472382e+02  7.461238e+01  4.515504e+03  0.000000e+00  1.332093e+03  0.000000e+00  0.000000e+00  0.000000e+00
1.335731e+03  3.890485e+03  5.742606e+03  4.687827e+03  3.415395e+03  4.445243e+03  1.941733e+02  4.600651e+03  1.948731e+02  3.860769e+02  6.320105e+01  2.203827e+03  0.000000e+00  3.881527e+02  5.121744e+01  0.000000e+00  0.000000e+00
1.498715e+03  2.493218e+03  4.335632e+03  3.942749e+03  3.502261e+03  2.986856e+03  5.474467e+02  3.857399e+03  6.308589e+02  5.069359e+02  8.972758e+01  1.502236e+03  6.698518e-01  7.396963e+02  0.000000e+00  0.000000e+00  1.504655e+00
1.681586e+03  9.790204e+02  3.807084e+03  2.942203e+03  3.095664e+03  3.404876e+03  3.346047e+02  3.068768e+03  4.174195e+02  3.606679e+02  1.567767e+02  1.194002e+03  0.000000e+00  5.365499e+02  3.175211e+01  0.000000e+00  3.297998e-01
1.886771e+03  1.257292e+03  2.359865e+03  2.975766e+03  4.101218e+03  2.733972e+03  3.224466e+02  2.751581e+03  4.221977e+02  2.859829e+02  1.696392e+02  6.532050e+02  4.650236e+01  5.662971e+01  1.439482e+01  1.886810e-01  0.000000e+00
2.116992e+03  1.098984e+03  2.427820e+03  1.963626e+03  2.483890e+03  1.123144e+03  2.769670e+02  1.985086e+03  3.872098e+02  9.552223e+01  1.392432e+02  2.520050e+02  2.527461e+01  9.610618e+01  6.451933e-02  0.000000e+00  6.451933e-02
2.375304e+03  4.138045e+02  1.461613e+03  1.707785e+03  3.417653e+03  1.066219e+03  4.347322e+02  1.783243e+03  3.640107e+02  2.400145e+02  5.050449e+01  4.336210e+02  3.561559e-02  0.000000e+00  2.751956e+00  0.000000e+00  4.327962e+00
2.665135e+03  4.233397e+02  9.647326e+02  1.361850e+03  2.766057e+03  5.248447e+02  3.361257e+02  1.122033e+03  6.123960e+02  1.166814e+02  2.289592e+02  1.639989e+02  4.869002e+01  3.744339e+01  5.076943e+00  0.000000e+00  2.318086e+01
2.990330e+03  6.758368e+01  6.646262e+02  8.357747e+02  2.085788e+03  4.515628e+02  4.052173e+02  7.813557e+02  4.233291e+02  6.424760e+01  5.851042e+01  1.232459e+02  4.555439e+00  0.000000e+00  4.598576e+00  0.000000e+00  3.371923e+01
3.355206e+03  7.979720e+01  7.531691e+02  6.675384e+02  2.158471e+03  1.304871e+02  4.276619e+02  5.307830e+02  2.704296e+02  8.257797e+01  8.574241e+01  2.564571e+01  3.098955e+01  2.610578e+01  6.470875e-01  0.000000e+00  5.632569e-02
3.764603e+03  3.205660e+01  2.962795e+02  4.773127e+02  1.348014e+03  9.556313e+01  2.838407e+02  2.928091e+02  1.970983e+02  4.532935e+01  7.584011e+01  4.726363e+01  2.073595e+00  1.391844e-02  2.102766e+01  0.000000e+00  1.512445e+01
4.223954e+03  1.510005e+00  2.474601e+02  1.541878e+02  1.098461e+03  2.839983e+01  1.542225e+02  2.832123e+02  2.084011e+02  6.299997e+01  4.696825e+01  4.163189e+01  3.980509e+00  0.000000e+00  2.255411e+01  0.000000e+00  5.277968e+00
4.739354e+03  1.750830e+00  1.406779e+02  2.447720e+02  9.746918e+02  3.886008e+01  1.859282e+02  5.294210e+01  1.263758e+02  2.081716e+01  2.877256e+01  2.587448e+01  1.153206e+01  7.511524e-02  3.193107e-01  0.000000e+00  1.786244e+00
5.317643e+03  2.270091e+01  1.095337e+02  1.385108e+02  5.983281e+02  1.883583e+00  1.221095e+02  1.152801e+01  2.390996e+02  7.896123e+01  3.409911e+01  6.324823e+00  2.014457e+01  0.000000e+00  1.125437e+01  0.000000e+00  2.903865e+01
5.966493e+03  3.119318e+00  4.864644e+01  4.275460e+01  2.985142e+02  1.845630e+01  1.611931e+02  1.154109e+01  6.994687e+01  3.035540e+01  5.840461e+01  3.409917e-01  1.302798e+00  0.000000e+00  1.773877e+00  0.000000e+00  6.809743e+00
6.694516e+03  1.263689e-02  3.128307e+01  4.004135e+01  2.052476e+02  1.537828e+00  2.169593e+02  1.874241e+00  5.000804e+01  2.426002e+01  4.904047e+01  1.682337e+01  4.071977e+01  0.000000e+00  1.334971e+00  0.000000e+00  8.284196e-02
7.511370e+03  5.864561e-01  1.878577e+01  4.426837e+01  1.535545e+02  9.378751e+00  9.865093e+01  9.506127e+00  3.179775e+01  7.079054e+00  2.655995e+01  4.981991e-01  4.582091e+00  0.000000e+00  1.699876e-01  0.000000e+00  2.072423e+01
8.427896e+03  1.213568e+00  1.192382e+01  2.471696e+01  1.949562e+01  1.454972e+00  1.130714e+02  2.570045e+01  7.164742e+01  7.610936e+00  6.300194e+00  1.442262e+01  1.256227e+01  0.000000e+00  1.143203e-01  0.000000e+00  1.960599e+00
9.456255e+03  0.000000e+00  4.406227e+00  2.447830e+01  5.998567e+01  2.790892e+00  8.110458e+01  1.444408e-02  2.745324e+01  1.208466e+01  6.559233e+00  3.012671e+01  1.427134e+01  0.000000e+00  6.357540e+00  0.000000e+00  2.295953e-01
1.061009e+04  0.000000e+00  1.643812e+01  1.230310e+01  3.332185e+01  6.289594e-01  4.695767e+01  2.548645e+00  1.783543e+01  2.254115e-01  1.185769e+01  9.150753e+00  1.073973e+01  0.000000e+00  7.973338e-03  0.000000e+00  5.610841e+00
1.190472e+04  0.000000e+00  4.848350e-02  4.658546e-02  1.722982e+01  0.000000e+00  1.296290e+01  4.401396e-03  5.132036e-01  1.421249e-02  9.758267e+00  4.079216e+01  6.561618e+00  0.000000e+00  8.251277e-01  0.000000e+00  1.393428e+00
1.335731e+04  0.000000e+00  1.626705e+00  1.273384e+01  1.992684e+01  0.000000e+00  2.270083e+01  1.650971e-02  2.392005e+00  1.562381e-01  7.913661e+00  2.231586e+00  7.138003e-01  0.000000e+00  0.000000e+00  0.000000e+00  1.425178e+00
1.498715e+04  0.000000e+00  3.551427e+00  6.698518e-02  6.763779e-01  0.000000e+00  6.400688e+00  0.000000e+00  1.398088e+01  2.269391e-01  7.061931e-01  1.822720e-02  1.546659e+01  0.000000e+00  1.475829e-02  0.000000e+00  5.293628e+00
1.681586e+04  0.000000e+00  1.635830e-01  5.030836e-03  4.311310e-01  0.000000e+00  1.331233e+01  3.115950e-03  5.588029e-01  0.000000e+00  5.970061e-02  4.418175e-02  4.609411e-02  0.000000e+00  2.387366e+00  0.000000e+00  3.757089e+00
1.886771e+04  0.000000e+00  3.875321e-01  0.000000e+00  2.395655e+00  0.000000e+00  9.245481e+00  0.000000e+00  6.050968e+00  0.000000e+00  0.000000e+00  1.103030e+00  2.438882e+00  0.000000e+00  4.186925e+00  0.000000e+00  1.756686e+00
2.116992e+04  0.000000e+00  2.475087e-03  0.000000e+00  8.959144e-01  0.000000e+00  1.289201e-02  0.000000e+00  4.831302e-01  0.000000e+00  0.000000e+00  0.000000e+00  2.122238e+00  0.000000e+00  7.885494e+00  0.000000e+00  4.831302e-01
2.375304e+04  0.000000e+00  0.000000e+00  0.000000e+00  2.205924e-03  0.000000e+00  5.255276e-01  2.334804e-02  8.565324e-02  0.000000e+00  1.431889e-01  5.696424e-01  7.123118e-03  0.000000e+00  0.000000e+00  0.000000e+00  2.663679e+00
2.665135e+04  0.000000e+00  2.080896e-02  0.000000e+00  1.998323e+00  0.000000e+00  0.000000e+00  0.000000e+00  0.000000e+00  0.000000e+00  1.335759e-02  0.000000e+00  0.000000e+00  0.000000e+00  0.000000e+00  0.000000e+00  2.080896e-02
2.990330e+04  0.000000e+00  0.000000e+00  0.000000e+00  1.642446e-01  0.000000e+00  0.000000e+00  0.000000e+00  0.000000e+00  0.000000e+00  0.000000e+00  0.000000e+00  2.322814e-01  0.000000e+00  5.205198e-01  0.000000e+00  2.820691e-01
3.355206e+04  0.000000e+00  0.000000e+00  0.000000e+00  0.000000e+00  0.000000e+00  0.000000e+00  0.000000e+00  0.000000e+00  0.000000e+00  0.000000e+00  0.000000e+00  4.070895e-03  0.000000e+00  4.079790e+00  0.000000e+00  2.122062e-02
3.764603e+04  0.000000e+00  0.000000e+00  0.000000e+00  2.666728e-02  0.000000e+00  0.000000e+00  0.000000e+00  0.000000e+00  0.000000e+00  0.000000e+00  0.000000e+00  1.304641e-01  0.000000e+00  2.666728e-02  0.000000e+00  1.391844e-03
4.223954e+04  0.000000e+00  0.000000e+00  0.000000e+00  1.758907e-02  0.000000e+00  0.000000e+00  0.000000e+00  1.593600e+00  0.000000e+00  0.000000e+00  0.000000e+00  1.420463e-01  0.000000e+00  0.000000e+00  0.000000e+00  0.000000e+00
4.739354e+04  0.000000e+00  0.000000e+00  0.000000e+00  0.000000e+00  0.000000e+00  0.000000e+00  0.000000e+00  1.105581e-03  0.000000e+00  0.000000e+00  0.000000e+00  1.678186e-02  0.000000e+00  1.036313e-01  0.000000e+00  0.000000e+00
5.317643e+04  0.000000e+00  0.000000e+00  0.000000e+00  0.000000e+00  0.000000e+00  0.000000e+00  0.000000e+00  0.000000e+00  0.000000e+00  0.000000e+00  0.000000e+00  0.000000e+00  0.000000e+00  0.000000e+00  0.000000e+00  0.000000e+00
5.966493e+04  0.000000e+00  0.000000e+00  0.000000e+00  0.000000e+00  0.000000e+00  0.000000e+00  0.000000e+00  0.000000e+00  0.000000e+00  0.000000e+00  0.000000e+00  0.000000e+00  0.000000e+00  0.000000e+00  0.000000e+00  0.000000e+00
6.694516e+04  0.000000e+00  0.000000e+00  0.000000e+00  0.000000e+00  0.000000e+00  0.000000e+00  0.000000e+00  0.000000e+00  0.000000e+00  0.000000e+00  0.000000e+00  0.000000e+00  0.000000e+00  0.000000e+00  0.000000e+00  3.117361e-02
7.511370e+04  0.000000e+00  0.000000e+00  0.000000e+00  0.000000e+00  0.000000e+00  0.000000e+00  0.000000e+00  0.000000e+00  0.000000e+00  0.000000e+00  0.000000e+00  0.000000e+00  0.000000e+00  0.000000e+00  0.000000e+00  7.079054e-01
8.427896e+04  0.000000e+00  0.000000e+00  0.000000e+00  0.000000e+00  0.000000e+00  0.000000e+00  0.000000e+00  0.000000e+00  0.000000e+00  0.000000e+00  0.000000e+00  0.000000e+00  0.000000e+00  0.000000e+00  0.000000e+00  0.000000e+00
9.456255e+04  0.000000e+00  0.000000e+00  0.000000e+00  0.000000e+00  0.000000e+00  0.000000e+00  0.000000e+00  0.000000e+00  0.000000e+00  0.000000e+00  0.000000e+00  0.000000e+00  0.000000e+00  0.000000e+00  0.000000e+00  0.000000e+00
1.061009e+05  0.000000e+00  0.000000e+00  0.000000e+00  0.000000e+00  0.000000e+00  0.000000e+00  0.000000e+00  0.000000e+00  0.000000e+00  0.000000e+00  0.000000e+00  0.000000e+00  0.000000e+00  0.000000e+00  0.000000e+00  0.000000e+00
1.190472e+05  0.000000e+00  0.000000e+00  0.000000e+00  0.000000e+00  0.000000e+00  0.000000e+00  0.000000e+00  0.000000e+00  0.000000e+00  0.000000e+00  0.000000e+00  0.000000e+00  0.000000e+00  0.000000e+00  0.000000e+00  0.000000e+00
1.335731e+05  0.000000e+00  0.000000e+00  0.000000e+00  0.000000e+00  0.000000e+00  0.000000e+00  0.000000e+00  0.000000e+00  0.000000e+00  0.000000e+00  0.000000e+00  0.000000e+00  0.000000e+00  0.000000e+00  0.000000e+00  0.000000e+00
1.498715e+05  0.000000e+00  0.000000e+00  0.000000e+00  0.000000e+00  0.000000e+00  0.000000e+00  0.000000e+00  0.000000e+00  0.000000e+00  0.000000e+00  0.000000e+00  0.000000e+00  0.000000e+00  0.000000e+00  0.000000e+00  0.000000e+00
1.681586e+05  0.000000e+00  0.000000e+00  0.000000e+00  0.000000e+00  0.000000e+00  0.000000e+00  0.000000e+00  0.000000e+00  0.000000e+00  0.000000e+00  0.000000e+00  0.000000e+00  0.000000e+00  0.000000e+00  0.000000e+00  0.000000e+00
1.886771e+05  0.000000e+00  0.000000e+00  0.000000e+00  0.000000e+00  0.000000e+00  0.000000e+00  0.000000e+00  0.000000e+00  0.000000e+00  0.000000e+00  0.000000e+00  0.000000e+00  0.000000e+00  0.000000e+00  0.000000e+00  0.000000e+00
2.116992e+05  0.000000e+00  0.000000e+00  0.000000e+00  0.000000e+00  0.000000e+00  0.000000e+00  0.000000e+00  0.000000e+00  0.000000e+00  0.000000e+00  0.000000e+00  0.000000e+00  0.000000e+00  0.000000e+00  0.000000e+00  0.000000e+00
2.375304e+05  0.000000e+00  0.000000e+00  0.000000e+00  0.000000e+00  0.000000e+00  0.000000e+00  0.000000e+00  0.000000e+00  0.000000e+00  0.000000e+00  0.000000e+00  0.000000e+00  0.000000e+00  0.000000e+00  0.000000e+00  0.000000e+00
2.665135e+05  0.000000e+00  0.000000e+00  0.000000e+00  0.000000e+00  0.000000e+00  0.000000e+00  0.000000e+00  0.000000e+00  0.000000e+00  0.000000e+00  0.000000e+00  0.000000e+00  0.000000e+00  0.000000e+00  0.000000e+00  0.000000e+00
2.990330e+05  0.000000e+00  0.000000e+00  0.000000e+00  0.000000e+00  0.000000e+00  0.000000e+00  0.000000e+00  0.000000e+00  0.000000e+00  0.000000e+00  0.000000e+00  0.000000e+00  0.000000e+00  0.000000e+00  0.000000e+00  0.000000e+00
3.355206e+05  0.000000e+00  0.000000e+00  0.000000e+00  0.000000e+00  0.000000e+00  0.000000e+00  0.000000e+00  0.000000e+00  0.000000e+00  0.000000e+00  0.000000e+00  0.000000e+00  0.000000e+00  0.000000e+00  0.000000e+00  0.000000e+00
3.764603e+05  0.000000e+00  0.000000e+00  0.000000e+00  0.000000e+00  0.000000e+00  0.000000e+00  0.000000e+00  0.000000e+00  0.000000e+00  0.000000e+00  0.000000e+00  0.000000e+00  0.000000e+00  0.000000e+00  0.000000e+00  0.000000e+00
4.223954e+05  0.000000e+00  0.000000e+00  0.000000e+00  0.000000e+00  0.000000e+00  0.000000e+00  0.000000e+00  0.000000e+00  0.000000e+00  0.000000e+00  0.000000e+00  0.000000e+00  0.000000e+00  0.000000e+00  0.000000e+00  0.000000e+00
4.739354e+05  0.000000e+00  0.000000e+00  0.000000e+00  0.000000e+00  0.000000e+00  0.000000e+00  0.000000e+00  0.000000e+00  0.000000e+00  0.000000e+00  0.000000e+00  0.000000e+00  0.000000e+00  0.000000e+00  0.000000e+00  0.000000e+00
5.317643e+05  0.000000e+00  0.000000e+00  0.000000e+00  0.000000e+00  0.000000e+00  0.000000e+00  0.000000e+00  0.000000e+00  0.000000e+00  0.000000e+00  0.000000e+00  0.000000e+00  0.000000e+00  0.000000e+00  0.000000e+00  0.000000e+00
5.966493e+05  0.000000e+00  0.000000e+00  0.000000e+00  0.000000e+00  0.000000e+00  0.000000e+00  0.000000e+00  0.000000e+00  0.000000e+00  0.000000e+00  0.000000e+00  0.000000e+00  0.000000e+00  0.000000e+00  0.000000e+00  0.000000e+00
6.694516e+05  0.000000e+00  0.000000e+00  0.000000e+00  0.000000e+00  0.000000e+00  0.000000e+00  0.000000e+00  0.000000e+00  0.000000e+00  0.000000e+00  0.000000e+00  0.000000e+00  0.000000e+00  0.000000e+00  0.000000e+00  0.000000e+00
7.511370e+05  0.000000e+00  0.000000e+00  0.000000e+00  0.000000e+00  0.000000e+00  0.000000e+00  0.000000e+00  0.000000e+00  0.000000e+00  0.000000e+00  0.000000e+00  0.000000e+00  0.000000e+00  0.000000e+00  0.000000e+00  0.000000e+00
8.427896e+05  0.000000e+00  0.000000e+00  0.000000e+00  0.000000e+00  0.000000e+00  0.000000e+00  0.000000e+00  0.000000e+00  0.000000e+00  0.000000e+00  0.000000e+00  0.000000e+00  0.000000e+00  0.000000e+00  0.000000e+00  0.000000e+00
9.456255e+05  0.000000e+00  0.000000e+00  0.000000e+00  0.000000e+00  0.000000e+00  0.000000e+00  0.000000e+00  0.000000e+00  0.000000e+00  0.000000e+00  0.000000e+00  0.000000e+00  0.000000e+00  0.000000e+00  0.000000e+00  0.000000e+00
