# dR/dEr [1/keV/kg/Myr]
# Er [keV], S, F, Ne, Cl, Na, Si, O, P, N, C, Al, Mg, Be, B, Ar, Li
1.061009e+01  2.345045e+04  1.675873e+04  0.000000e+00  0.000000e+00  4.461325e+03  0.000000e+00  1.877836e+03  0.000000e+00  0.000000e+00  0.000000e+00  0.000000e+00  0.000000e+00  4.672242e-01  0.000000e+00  0.000000e+00  0.000000e+00
1.190472e+01  9.192991e+03  1.080917e+03  0.000000e+00  0.000000e+00  2.804475e+03  0.000000e+00  0.000000e+00  0.000000e+00  0.000000e+00  0.000000e+00  0.000000e+00  0.000000e+00  0.000000e+00  0.000000e+00  0.000000e+00  0.000000e+00
1.335731e+01  1.150816e+04  2.653253e+03  0.000000e+00  0.000000e+00  0.000000e+00  0.000000e+00  0.000000e+00  0.000000e+00  0.000000e+00  0.000000e+00  0.000000e+00  0.000000e+00  0.000000e+00  0.000000e+00  0.000000e+00  0.000000e+00
1.498715e+01  3.427062e+03  2.817435e+03  0.000000e+00  0.000000e+00  1.407187e+03  0.000000e+00  6.730567e+02  0.000000e+00  0.000000e+00  0.000000e+00  0.000000e+00  0.000000e+00  0.000000e+00  0.000000e+00  0.000000e+00  0.000000e+00
1.681586e+01  8.223479e+03  1.798436e+03  1.253734e+03  0.000000e+00  2.154193e+03  5.998624e+02  0.000000e+00  0.000000e+00  0.000000e+00  0.000000e+00  0.000000e+00  0.000000e+00  0.000000e+00  0.000000e+00  0.000000e+00  0.000000e+00
1.886771e+01  5.834288e+03  2.853090e+03  0.000000e+00  0.000000e+00  1.117392e+03  0.000000e+00  0.000000e+00  0.000000e+00  0.000000e+00  0.000000e+00  0.000000e+00  0.000000e+00  0.000000e+00  0.000000e+00  0.000000e+00  0.000000e+00
2.116992e+01  5.475950e+03  3.585931e+03  0.000000e+00  0.000000e+00  1.142651e+03  0.000000e+00  5.439498e+02  0.000000e+00  0.000000e+00  0.000000e+00  5.837540e+00  0.000000e+00  0.000000e+00  0.000000e+00  0.000000e+00  0.000000e+00
2.375304e+01  9.908040e+03  2.021176e+03  1.807141e+02  0.000000e+00  1.921361e+03  0.000000e+00  8.875758e+02  0.000000e+00  0.000000e+00  0.000000e+00  0.000000e+00  0.000000e+00  0.000000e+00  0.000000e+00  0.000000e+00  0.000000e+00
2.665135e+01  8.836796e+03  2.249883e+03  4.320747e+02  2.664802e-01  7.475620e+02  0.000000e+00  0.000000e+00  4.779962e+01  0.000000e+00  0.000000e+00  0.000000e+00  0.000000e+00  0.000000e+00  0.000000e+00  0.000000e+00  0.000000e+00
2.990330e+01  9.005453e+03  3.905777e+03  6.185057e+02  0.000000e+00  2.902884e+02  0.000000e+00  7.224144e+02  0.000000e+00  0.000000e+00  0.000000e+00  1.073856e+00  0.000000e+00  1.440241e+01  0.000000e+00  0.000000e+00  0.000000e+00
3.355206e+01  1.272891e+04  3.139656e+03  4.012558e+02  0.000000e+00  1.064173e+03  0.000000e+00  4.757860e+02  0.000000e+00  0.000000e+00  0.000000e+00  1.287898e+01  0.000000e+00  8.769272e+00  0.000000e+00  0.000000e+00  0.000000e+00
3.764603e+01  1.343277e+04  1.833756e+03  2.210052e-02  3.058855e+02  9.160322e+02  0.000000e+00  3.219103e-01  0.000000e+00  0.000000e+00  0.000000e+00  0.000000e+00  0.000000e+00  3.815997e-02  0.000000e+00  0.000000e+00  0.000000e+00
4.223954e+01  1.301656e+04  6.559912e+03  4.582189e+00  0.000000e+00  2.411006e+03  0.000000e+00  4.776531e+02  0.000000e+00  0.000000e+00  0.000000e+00  2.154177e+00  0.000000e+00  2.496929e+02  0.000000e+00  0.000000e+00  0.000000e+00
4.739354e+01  1.834537e+04  6.909686e+03  2.429735e+02  5.270408e+02  9.362319e+02  0.000000e+00  9.059478e+02  0.000000e+00  0.000000e+00  0.000000e+00  0.000000e+00  0.000000e+00  1.678967e+02  0.000000e+00  0.000000e+00  0.000000e+00
5.317643e+01  1.604828e+04  4.165110e+03  6.227938e+02  0.000000e+00  1.950910e+03  0.000000e+00  1.214013e+03  0.000000e+00  0.000000e+00  0.000000e+00  2.323966e+00  0.000000e+00  0.000000e+00  0.000000e+00  0.000000e+00  0.000000e+00
5.966493e+01  2.088923e+04  7.652341e+03  6.872739e+02  3.620649e+02  1.115866e+03  0.000000e+00  7.743061e+02  0.000000e+00  0.000000e+00  0.000000e+00  4.895170e+00  0.000000e+00  8.436912e-01  0.000000e+00  0.000000e+00  0.000000e+00
6.694516e+01  2.287520e+04  6.198959e+03  1.122762e+03  0.000000e+00  2.719196e+03  0.000000e+00  3.150299e+02  0.000000e+00  1.178170e+00  0.000000e+00  3.735362e+01  0.000000e+00  1.398290e+03  0.000000e+00  0.000000e+00  0.000000e+00
7.511370e+01  2.370471e+04  7.834642e+03  7.405524e+02  3.135268e+02  1.460423e+03  0.000000e+00  6.805116e+02  0.000000e+00  0.000000e+00  0.000000e+00  2.576755e+00  0.000000e+00  4.487864e+05  0.000000e+00  0.000000e+00  0.000000e+00
8.427896e+01  2.992916e+04  9.521140e+03  5.708493e+02  7.116055e+02  2.313746e+03  0.000000e+00  1.075253e+03  0.000000e+00  0.000000e+00  0.000000e+00  0.000000e+00  0.000000e+00  5.429896e+05  0.000000e+00  0.000000e+00  0.000000e+00
9.456255e+01  3.053430e+04  7.742240e+03  6.226993e+02  3.898403e+02  2.092230e+03  0.000000e+00  3.653351e+02  0.000000e+00  8.370318e-01  0.000000e+00  2.951152e-03  0.000000e+00  4.058162e+05  0.000000e+00  0.000000e+00  0.000000e+00
1.061009e+02  3.613399e+04  9.689502e+03  6.206510e+02  1.743212e+02  2.762840e+03  0.000000e+00  7.644449e+02  0.000000e+00  0.000000e+00  2.752756e+00  1.370922e+02  0.000000e+00  3.150415e+05  0.000000e+00  0.000000e+00  0.000000e+00
1.190472e+02  3.831785e+04  1.236969e+04  1.197134e+03  2.032971e+02  2.321907e+03  0.000000e+00  2.976460e+02  0.000000e+00  8.473282e+01  2.100548e+01  2.832934e+05  0.000000e+00  2.301597e+05  0.000000e+00  1.042125e+00  0.000000e+00
1.335731e+02  4.366682e+04  1.387728e+04  9.093543e+02  6.228773e-03  3.222665e+03  0.000000e+00  4.066334e+02  0.000000e+00  0.000000e+00  0.000000e+00  2.300542e+05  0.000000e+00  1.684558e+05  0.000000e+00  0.000000e+00  0.000000e+00
1.498715e+02  1.081994e+05  1.587318e+04  7.450248e+02  2.032255e+02  1.960762e+03  0.000000e+00  6.599026e+02  0.000000e+00  1.346922e+02  8.516646e+00  1.728491e+05  0.000000e+00  1.269849e+05  0.000000e+00  0.000000e+00  0.000000e+00
1.681586e+02  1.569131e+05  1.569986e+04  8.634263e+02  2.154193e+02  1.686446e+03  1.659555e-03  8.543676e+02  0.000000e+00  5.391861e+00  0.000000e+00  1.280904e+05  0.000000e+00  9.030166e+04  0.000000e+00  0.000000e+00  0.000000e+00
1.886771e+02  9.047394e+04  1.900091e+04  6.103051e+02  2.427026e+02  3.389869e+03  1.144950e+02  8.047085e+02  6.717541e+01  6.717541e+01  0.000000e+00  9.822232e+04  0.000000e+00  6.880417e+04  0.000000e+00  0.000000e+00  0.000000e+00
2.116992e+02  3.938557e+04  2.338221e+04  7.872796e+02  4.699224e+02  1.461029e+03  5.987015e+01  8.613924e+02  0.000000e+00  0.000000e+00  1.318231e-03  7.333990e+04  0.000000e+00  4.318856e+04  0.000000e+00  3.930090e-03  0.000000e+00
2.375304e+02  2.827605e+04  1.240503e+05  1.342471e+03  5.024861e+02  2.121776e+03  3.539825e+01  8.746266e+02  1.051645e+02  0.000000e+00  4.246701e+01  5.465903e+04  0.000000e+00  3.106355e+04  0.000000e+00  5.476798e+01  0.000000e+00
2.665135e+02  2.309502e+04  1.026576e+05  1.357886e+03  2.687185e+02  2.910869e+03  5.051511e+01  6.345945e+02  0.000000e+00  4.755655e+01  3.392734e+00  4.147384e+04  0.000000e+00  2.406513e+04  0.000000e+00  0.000000e+00  0.000000e+00
2.990330e+02  1.378236e+04  1.539136e+04  7.692276e+02  2.708371e+02  2.385051e+03  1.046033e-01  1.183535e+03  1.611377e-03  4.804055e-03  2.646927e-01  3.145037e+04  0.000000e+00  1.780461e+04  0.000000e+00  0.000000e+00  0.000000e+00
3.355206e+02  1.182471e+04  1.326384e+04  9.264738e+02  3.293289e+02  2.512617e+03  3.777551e+01  8.494482e+02  5.012009e+01  3.432091e+01  7.474193e+00  2.270544e+04  1.500319e-01  1.109171e+04  0.000000e+00  0.000000e+00  1.255734e-02
3.764603e+02  7.974177e+03  9.993701e+03  1.057830e+03  1.747868e+02  2.893291e+03  5.737876e-01  6.457327e+02  0.000000e+00  3.576196e+01  0.000000e+00  1.629617e+04  0.000000e+00  8.018789e+03  0.000000e+00  0.000000e+00  0.000000e+00
4.223954e+02  5.146342e+03  8.009071e+03  6.930661e+02  3.326250e+02  2.342150e+03  2.726321e+01  9.952562e+02  6.071374e+01  3.000729e+01  5.922119e+00  1.202823e+04  0.000000e+00  4.865751e+03  0.000000e+00  1.969711e-03  0.000000e+00
4.739354e+02  3.849777e+03  6.417239e+03  1.009272e+03  6.181297e+02  2.003941e+03  2.491361e+01  8.364322e+02  3.230036e+01  2.687970e+00  0.000000e+00  7.123433e+03  0.000000e+00  3.486943e+03  2.687970e+00  0.000000e+00  0.000000e+00
5.317643e+02  2.883533e+03  4.257580e+03  9.624993e+02  2.706292e+02  2.209962e+03  7.591318e+01  8.660090e+02  5.536768e+01  6.369724e+01  2.408049e+01  5.664131e+03  0.000000e+00  2.731927e+03  5.247972e-04  2.446396e+01  0.000000e+00
5.966493e+02  2.580709e+03  3.451936e+03  9.967337e+02  3.946491e+02  2.217142e+03  3.961054e+01  7.384113e+02  7.271343e+01  4.249736e+01  7.218305e-01  4.503044e+03  0.000000e+00  1.704611e+03  0.000000e+00  2.407731e-03  0.000000e+00
6.694516e+02  1.922378e+03  2.830783e+03  1.232013e+03  6.708542e+02  2.069879e+03  5.069910e+01  1.017068e+03  5.304808e+01  5.160280e+01  1.518568e+01  2.937352e+03  0.000000e+00  7.895269e+02  0.000000e+00  0.000000e+00  0.000000e+00
7.511370e+02  1.488262e+03  2.207746e+03  9.111291e+02  5.465096e+02  1.379365e+03  2.244068e+01  7.821734e+02  7.702850e+01  3.248711e+01  1.126093e+01  1.802370e+03  0.000000e+00  6.288502e+02  0.000000e+00  0.000000e+00  0.000000e+00
8.427896e+02  9.521931e+02  1.775407e+03  7.323220e+02  6.337577e+02  1.470188e+03  5.064751e+01  8.572700e+02  2.963768e+01  1.370222e+01  1.732562e+00  1.046710e+03  0.000000e+00  3.525828e+02  0.000000e+00  3.934959e+00  0.000000e+00
9.456255e+02  8.858201e+02  1.549211e+03  9.482718e+02  3.699130e+02  1.300752e+03  4.096855e+01  8.360717e+02  9.058955e+01  0.000000e+00  3.732572e+01  7.543743e+02  7.510434e-03  2.627063e+02  0.000000e+00  0.000000e+00  0.000000e+00
1.061009e+03  7.994820e+02  1.046861e+03  8.660073e+02  6.128960e+02  9.989875e+02  5.383380e+01  8.325679e+02  6.784123e+01  6.371673e+01  8.566414e-01  6.271691e+02  0.000000e+00  5.895741e+01  8.103120e-02  4.744424e-02  0.000000e+00
1.190472e+03  5.405159e+02  9.310767e+02  8.068262e+02  6.357365e+02  8.265827e+02  4.319794e+01  4.945449e+02  8.793631e+01  3.612355e+01  1.655657e+00  3.682888e+02  0.000000e+00  1.014564e+02  0.000000e+00  0.000000e+00  0.000000e+00
1.335731e+03  5.070287e+02  7.979403e+02  6.617372e+02  4.925969e+02  6.536275e+02  2.949331e+01  6.795830e+02  2.568883e+01  5.530724e+01  8.752475e+00  1.695067e+02  0.000000e+00  2.887857e+01  2.482791e+00  0.000000e+00  0.000000e+00
1.498715e+03  3.376286e+02  6.136591e+02  5.718316e+02  4.837333e+02  4.301881e+02  6.614861e+01  5.445855e+02  7.271343e+01  5.526623e+01  1.281533e+01  1.378472e+02  8.086020e-03  5.880433e+01  0.000000e+00  0.000000e+00  2.182963e-02
1.681586e+03  1.279729e+02  5.006438e+02  4.136646e+02  4.474887e+02  4.849074e+02  4.832937e+01  4.496824e+02  5.314374e+01  4.737791e+01  1.164542e+01  8.647924e+01  0.000000e+00  5.742610e+01  1.098228e+00  0.000000e+00  2.505518e-03
1.886771e+03  1.431139e+02  3.143910e+02  4.201735e+02  5.909031e+02  3.941249e+02  3.951262e+01  4.123095e+02  5.710019e+01  3.552897e+01  1.609741e+01  5.152568e+01  6.331480e+00  7.135449e+00  4.097416e-01  1.313697e-03  0.000000e+00
2.116992e+03  1.431838e+02  3.228129e+02  2.664282e+02  3.695337e+02  1.592778e+02  2.954263e+01  2.868155e+02  5.073879e+01  1.605098e+01  1.234045e+01  1.304424e+01  4.030125e+00  5.532262e+00  3.930090e-04  0.000000e+00  3.930090e-04
2.375304e+03  5.777303e+01  1.903727e+02  2.340630e+02  4.706766e+02  1.471166e+02  4.669582e+01  2.531533e+02  4.649177e+01  3.604747e+01  5.803615e+00  3.931231e+01  2.028603e-04  0.000000e+00  5.202713e-02  0.000000e+00  1.230786e-01
2.665135e+03  4.782371e+01  1.198294e+02  1.903175e+02  3.689180e+02  7.563796e+01  4.482847e+01  1.592620e+02  7.737200e+01  1.087200e+01  2.025209e+01  9.139842e+00  2.184093e+00  2.497719e+00  1.615977e-01  0.000000e+00  9.428275e-01
2.990330e+03  5.941706e+00  7.748781e+01  1.099424e+02  2.807934e+02  5.800239e+01  5.097933e+01  1.112311e+02  6.247814e+01  3.037020e+00  4.248835e+00  5.721393e+00  1.130133e-01  0.000000e+00  1.445045e-01  0.000000e+00  1.139101e+00
3.355206e+03  7.314269e+00  8.392017e+01  7.402609e+01  2.951013e+02  1.660830e+01  5.596970e+01  7.693979e+01  3.941115e+01  8.622892e+00  8.891771e+00  5.674532e-01  2.025215e+00  1.615610e+00  9.570749e-03  0.000000e+00  3.311467e-04
3.764603e+03  3.665536e+00  3.425425e+01  5.477274e+01  1.893827e+02  6.521296e+00  3.374512e+01  4.085223e+01  2.747322e+01  5.586815e+00  5.692854e+00  2.325317e+00  2.996231e-02  7.412958e-05  1.142774e+00  0.000000e+00  3.168029e-01
4.223954e+03  2.157974e-02  3.161149e+01  1.740676e+01  1.564362e+02  1.108428e+00  1.838200e+01  4.296870e+01  2.670707e+01  5.467572e+00  3.848386e+00  1.683153e+00  1.109466e-01  0.000000e+00  1.315648e+00  0.000000e+00  1.437076e-01
4.739354e+03  4.083881e-02  1.621414e+01  2.686779e+01  1.343422e+02  2.332599e+00  2.424793e+01  5.697945e+00  1.285568e+01  1.017493e+00  2.232414e+00  8.762113e-01  3.937107e-01  5.229924e-04  4.390608e-03  0.000000e+00  2.480667e-02
5.317643e+03  2.367276e+00  8.960452e+00  1.306937e+01  8.195810e+01  3.194119e-02  1.634765e+01  4.708851e-01  2.749930e+01  7.557112e+00  2.497379e+00  1.421695e-01  1.297984e+00  0.000000e+00  2.992935e-01  0.000000e+00  2.279413e+00
5.966493e+03  8.556386e-02  4.849518e+00  1.588272e+00  3.463923e+01  1.317962e+00  1.994757e+01  1.508871e+00  5.271673e+00  2.494564e+00  3.676782e+00  5.242583e-03  2.243101e-02  0.000000e+00  4.936713e-02  0.000000e+00  1.527850e-01
6.694516e+03  7.197755e-05  2.205575e+00  3.085854e+00  2.197432e+01  2.631820e-02  2.432256e+01  3.167275e-02  6.416647e+00  9.744775e-01  3.480323e+00  4.710985e-01  4.243830e+00  0.000000e+00  2.961300e-02  0.000000e+00  6.293577e-04
7.511370e+03  8.315051e-03  7.337001e-01  2.820411e+00  2.094041e+01  4.456740e-01  1.089641e+01  2.533808e-01  3.342483e+00  2.456713e-01  1.640965e+00  5.767725e-03  1.092305e-01  0.000000e+00  1.841779e-03  0.000000e+00  9.503481e-01
8.427896e+03  3.465515e-02  2.971228e-01  1.859899e+00  1.632458e+00  3.836661e-02  1.043854e+01  2.054530e+00  4.112621e+00  2.544526e-01  1.367460e-01  5.934206e-01  4.129822e-01  0.000000e+00  1.013139e-03  0.000000e+00  4.510194e-02
9.456255e+03  0.000000e+00  9.770379e-02  1.522696e+00  4.663341e+00  6.650818e-02  8.447361e+00  8.798376e-05  2.461491e+00  4.197898e-01  2.160571e-01  1.669941e+00  4.990857e-01  0.000000e+00  2.085039e-01  0.000000e+00  3.395830e-03
1.061009e+04  0.000000e+00  9.290438e-01  1.298074e+00  2.085979e+00  1.172584e-02  3.616930e+00  6.138043e-02  1.057066e+00  3.161933e-03  9.840674e-01  2.108959e-01  4.096074e-01  0.000000e+00  4.541476e-05  0.000000e+00  1.827389e-01
1.190472e+04  0.000000e+00  3.185709e-04  3.539139e-04  1.341924e+00  0.000000e+00  7.558119e-01  2.344183e-05  6.802095e-03  8.095190e-05  3.130825e-01  3.497727e+00  3.605954e-01  0.000000e+00  1.325068e-02  0.000000e+00  2.558852e-02
1.335731e+04  0.000000e+00  3.704353e-02  9.374073e-01  9.278556e-01  0.000000e+00  2.728544e+00  1.075494e-04  5.371072e-02  2.362668e-03  1.822865e-01  6.719888e-02  1.525398e-02  0.000000e+00  0.000000e+00  0.000000e+00  3.761123e-02
1.498715e+04  0.000000e+00  1.231460e-01  8.086020e-04  1.173991e-02  0.000000e+00  3.146372e-01  0.000000e+00  1.237170e+00  3.358795e-03  1.965341e-02  1.110280e-04  1.636805e+00  0.000000e+00  8.766519e-05  0.000000e+00  2.322488e-01
1.681586e+04  0.000000e+00  1.863677e-03  2.865478e-05  7.631333e-03  0.000000e+00  6.820558e-01  1.659555e-05  1.207968e-02  0.000000e+00  7.206673e-04  4.223427e-04  3.359814e-04  0.000000e+00  5.381409e-02  0.000000e+00  1.221659e-01
1.886771e+04  0.000000e+00  6.849271e-03  0.000000e+00  6.760968e-02  0.000000e+00  5.524754e-01  0.000000e+00  2.436889e-01  0.000000e+00  0.000000e+00  3.109114e-02  6.818659e-02  0.000000e+00  1.913683e-01  0.000000e+00  4.410256e-02
2.116992e+04  0.000000e+00  1.318231e-05  0.000000e+00  2.419935e-02  0.000000e+00  8.104140e-05  0.000000e+00  1.379646e-02  0.000000e+00  0.000000e+00  0.000000e+00  6.017615e-02  0.000000e+00  4.438286e-01  0.000000e+00  1.379646e-02
2.375304e+04  0.000000e+00  0.000000e+00  0.000000e+00  1.174875e-05  0.000000e+00  1.367347e-02  1.773771e-04  1.316877e-03  0.000000e+00  2.119257e-03  1.813156e-02  4.057206e-05  0.000000e+00  0.000000e+00  0.000000e+00  8.665745e-02
2.665135e+04  0.000000e+00  1.580875e-04  0.000000e+00  6.925767e-02  0.000000e+00  0.000000e+00  0.000000e+00  0.000000e+00  0.000000e+00  9.300266e-05  0.000000e+00  0.000000e+00  0.000000e+00  0.000000e+00  0.000000e+00  1.580875e-04
2.990330e+04  0.000000e+00  0.000000e+00  0.000000e+00  2.637595e-03  0.000000e+00  0.000000e+00  0.000000e+00  0.000000e+00  0.000000e+00  0.000000e+00  0.000000e+00  3.683628e-03  0.000000e+00  1.544845e-02  0.000000e+00  6.497961e-03
3.355206e+04  0.000000e+00  0.000000e+00  0.000000e+00  0.000000e+00  0.000000e+00  0.000000e+00  0.000000e+00  0.000000e+00  0.000000e+00  0.000000e+00  0.000000e+00  2.479719e-05  0.000000e+00  3.877276e-01  0.000000e+00  1.477493e-04
3.764603e+04  0.000000e+00  0.000000e+00  0.000000e+00  3.219103e-04  0.000000e+00  0.000000e+00  0.000000e+00  0.000000e+00  0.000000e+00  0.000000e+00  0.000000e+00  2.095116e-03  0.000000e+00  3.219103e-04  0.000000e+00  7.412958e-06
4.223954e+04  0.000000e+00  0.000000e+00  0.000000e+00  1.681377e-04  0.000000e+00  0.000000e+00  0.000000e+00  6.212719e-02  0.000000e+00  0.000000e+00  0.000000e+00  2.165585e-03  0.000000e+00  0.000000e+00  0.000000e+00  0.000000e+00
4.739354e+04  0.000000e+00  0.000000e+00  0.000000e+00  0.000000e+00  0.000000e+00  0.000000e+00  0.000000e+00  5.888322e-06  0.000000e+00  0.000000e+00  0.000000e+00  1.557412e-04  0.000000e+00  1.664210e-03  0.000000e+00  0.000000e+00
5.317643e+04  0.000000e+00  0.000000e+00  0.000000e+00  0.000000e+00  0.000000e+00  0.000000e+00  0.000000e+00  0.000000e+00  0.000000e+00  0.000000e+00  0.000000e+00  0.000000e+00  0.000000e+00  0.000000e+00  0.000000e+00  0.000000e+00
5.966493e+04  0.000000e+00  0.000000e+00  0.000000e+00  0.000000e+00  0.000000e+00  0.000000e+00  0.000000e+00  0.000000e+00  0.000000e+00  0.000000e+00  0.000000e+00  0.000000e+00  0.000000e+00  0.000000e+00  0.000000e+00  0.000000e+00
6.694516e+04  0.000000e+00  0.000000e+00  0.000000e+00  0.000000e+00  0.000000e+00  0.000000e+00  0.000000e+00  0.000000e+00  0.000000e+00  0.000000e+00  0.000000e+00  0.000000e+00  0.000000e+00  0.000000e+00  0.000000e+00  4.714143e-04
7.511370e+04  0.000000e+00  0.000000e+00  0.000000e+00  0.000000e+00  0.000000e+00  0.000000e+00  0.000000e+00  0.000000e+00  0.000000e+00  0.000000e+00  0.000000e+00  0.000000e+00  0.000000e+00  0.000000e+00  0.000000e+00  2.456713e-02
8.427896e+04  0.000000e+00  0.000000e+00  0.000000e+00  0.000000e+00  0.000000e+00  0.000000e+00  0.000000e+00  0.000000e+00  0.000000e+00  0.000000e+00  0.000000e+00  0.000000e+00  0.000000e+00  0.000000e+00  0.000000e+00  0.000000e+00
9.456255e+04  0.000000e+00  0.000000e+00  0.000000e+00  0.000000e+00  0.000000e+00  0.000000e+00  0.000000e+00  0.000000e+00  0.000000e+00  0.000000e+00  0.000000e+00  0.000000e+00  0.000000e+00  0.000000e+00  0.000000e+00  0.000000e+00
1.061009e+05  0.000000e+00  0.000000e+00  0.000000e+00  0.000000e+00  0.000000e+00  0.000000e+00  0.000000e+00  0.000000e+00  0.000000e+00  0.000000e+00  0.000000e+00  0.000000e+00  0.000000e+00  0.000000e+00  0.000000e+00  0.000000e+00
1.190472e+05  0.000000e+00  0.000000e+00  0.000000e+00  0.000000e+00  0.000000e+00  0.000000e+00  0.000000e+00  0.000000e+00  0.000000e+00  0.000000e+00  0.000000e+00  0.000000e+00  0.000000e+00  0.000000e+00  0.000000e+00  0.000000e+00
1.335731e+05  0.000000e+00  0.000000e+00  0.000000e+00  0.000000e+00  0.000000e+00  0.000000e+00  0.000000e+00  0.000000e+00  0.000000e+00  0.000000e+00  0.000000e+00  0.000000e+00  0.000000e+00  0.000000e+00  0.000000e+00  0.000000e+00
1.498715e+05  0.000000e+00  0.000000e+00  0.000000e+00  0.000000e+00  0.000000e+00  0.000000e+00  0.000000e+00  0.000000e+00  0.000000e+00  0.000000e+00  0.000000e+00  0.000000e+00  0.000000e+00  0.000000e+00  0.000000e+00  0.000000e+00
1.681586e+05  0.000000e+00  0.000000e+00  0.000000e+00  0.000000e+00  0.000000e+00  0.000000e+00  0.000000e+00  0.000000e+00  0.000000e+00  0.000000e+00  0.000000e+00  0.000000e+00  0.000000e+00  0.000000e+00  0.000000e+00  0.000000e+00
1.886771e+05  0.000000e+00  0.000000e+00  0.000000e+00  0.000000e+00  0.000000e+00  0.000000e+00  0.000000e+00  0.000000e+00  0.000000e+00  0.000000e+00  0.000000e+00  0.000000e+00  0.000000e+00  0.000000e+00  0.000000e+00  0.000000e+00
2.116992e+05  0.000000e+00  0.000000e+00  0.000000e+00  0.000000e+00  0.000000e+00  0.000000e+00  0.000000e+00  0.000000e+00  0.000000e+00  0.000000e+00  0.000000e+00  0.000000e+00  0.000000e+00  0.000000e+00  0.000000e+00  0.000000e+00
2.375304e+05  0.000000e+00  0.000000e+00  0.000000e+00  0.000000e+00  0.000000e+00  0.000000e+00  0.000000e+00  0.000000e+00  0.000000e+00  0.000000e+00  0.000000e+00  0.000000e+00  0.000000e+00  0.000000e+00  0.000000e+00  0.000000e+00
2.665135e+05  0.000000e+00  0.000000e+00  0.000000e+00  0.000000e+00  0.000000e+00  0.000000e+00  0.000000e+00  0.000000e+00  0.000000e+00  0.000000e+00  0.000000e+00  0.000000e+00  0.000000e+00  0.000000e+00  0.000000e+00  0.000000e+00
2.990330e+05  0.000000e+00  0.000000e+00  0.000000e+00  0.000000e+00  0.000000e+00  0.000000e+00  0.000000e+00  0.000000e+00  0.000000e+00  0.000000e+00  0.000000e+00  0.000000e+00  0.000000e+00  0.000000e+00  0.000000e+00  0.000000e+00
3.355206e+05  0.000000e+00  0.000000e+00  0.000000e+00  0.000000e+00  0.000000e+00  0.000000e+00  0.000000e+00  0.000000e+00  0.000000e+00  0.000000e+00  0.000000e+00  0.000000e+00  0.000000e+00  0.000000e+00  0.000000e+00  0.000000e+00
3.764603e+05  0.000000e+00  0.000000e+00  0.000000e+00  0.000000e+00  0.000000e+00  0.000000e+00  0.000000e+00  0.000000e+00  0.000000e+00  0.000000e+00  0.000000e+00  0.000000e+00  0.000000e+00  0.000000e+00  0.000000e+00  0.000000e+00
4.223954e+05  0.000000e+00  0.000000e+00  0.000000e+00  0.000000e+00  0.000000e+00  0.000000e+00  0.000000e+00  0.000000e+00  0.000000e+00  0.000000e+00  0.000000e+00  0.000000e+00  0.000000e+00  0.000000e+00  0.000000e+00  0.000000e+00
4.739354e+05  0.000000e+00  0.000000e+00  0.000000e+00  0.000000e+00  0.000000e+00  0.000000e+00  0.000000e+00  0.000000e+00  0.000000e+00  0.000000e+00  0.000000e+00  0.000000e+00  0.000000e+00  0.000000e+00  0.000000e+00  0.000000e+00
5.317643e+05  0.000000e+00  0.000000e+00  0.000000e+00  0.000000e+00  0.000000e+00  0.000000e+00  0.000000e+00  0.000000e+00  0.000000e+00  0.000000e+00  0.000000e+00  0.000000e+00  0.000000e+00  0.000000e+00  0.000000e+00  0.000000e+00
5.966493e+05  0.000000e+00  0.000000e+00  0.000000e+00  0.000000e+00  0.000000e+00  0.000000e+00  0.000000e+00  0.000000e+00  0.000000e+00  0.000000e+00  0.000000e+00  0.000000e+00  0.000000e+00  0.000000e+00  0.000000e+00  0.000000e+00
6.694516e+05  0.000000e+00  0.000000e+00  0.000000e+00  0.000000e+00  0.000000e+00  0.000000e+00  0.000000e+00  0.000000e+00  0.000000e+00  0.000000e+00  0.000000e+00  0.000000e+00  0.000000e+00  0.000000e+00  0.000000e+00  0.000000e+00
7.511370e+05  0.000000e+00  0.000000e+00  0.000000e+00  0.000000e+00  0.000000e+00  0.000000e+00  0.000000e+00  0.000000e+00  0.000000e+00  0.000000e+00  0.000000e+00  0.000000e+00  0.000000e+00  0.000000e+00  0.000000e+00  0.000000e+00
8.427896e+05  0.000000e+00  0.000000e+00  0.000000e+00  0.000000e+00  0.000000e+00  0.000000e+00  0.000000e+00  0.000000e+00  0.000000e+00  0.000000e+00  0.000000e+00  0.000000e+00  0.000000e+00  0.000000e+00  0.000000e+00  0.000000e+00
9.456255e+05  0.000000e+00  0.000000e+00  0.000000e+00  0.000000e+00  0.000000e+00  0.000000e+00  0.000000e+00  0.000000e+00  0.000000e+00  0.000000e+00  0.000000e+00  0.000000e+00  0.000000e+00  0.000000e+00  0.000000e+00  0.000000e+00
